ParticipantNo: 11010
Controller type: Gamepad
Training Level:
0.04:  82.7,18.5,270
0.08:  82.7,18.5,270
0.1:  82.7,18.5,270
0.13:  82.7,18.5,270
0.15:  82.7,18.5,270
0.17:  82.7,18.5,270
0.18:  82.7,18.5,270
0.2:  82.7,18.5,270
0.22:  82.7,18.5,270
0.23:  82.7,18.5,270
0.25:  82.7,18.5,270
0.27:  82.7,18.5,270
0.28:  82.7,18.5,270
0.3:  82.7,18.5,270
0.32:  82.7,18.5,270
0.33:  82.7,18.5,270
0.35:  82.7,18.5,270
0.37:  82.7,18.5,270
0.38:  82.7,18.5,270
0.4:  82.7,18.5,270
0.42:  82.7,18.5,270
0.43:  82.7,18.5,270
0.45:  82.7,18.5,270
0.47:  82.7,18.5,270
0.48:  82.7,18.5,270
0.5:  82.7,18.5,270
0.52:  82.7,18.5,270
0.53:  82.7,18.5,270
0.55:  82.7,18.5,270
0.57:  82.7,18.5,270
0.58:  82.7,18.5,270
0.6:  82.7,18.5,270
0.62:  82.7,18.5,270
0.63:  82.7,18.5,270
0.65:  82.7,18.5,270
0.67:  82.7,18.5,270
0.68:  82.7,18.5,270
0.7:  82.7,18.5,270
0.72:  82.7,18.5,270
0.73:  82.7,18.5,270
0.75:  82.7,18.5,270
0.77:  82.7,18.5,270
0.78:  82.7,18.5,270
0.8:  82.7,18.5,270
0.82:  82.7,18.5,270
0.83:  82.7,18.5,270
0.85:  82.7,18.5,270
0.87:  82.7,18.5,270
0.88:  82.7,18.5,270
0.9:  82.7,18.5,270
0.92:  82.7,18.5,270
0.93:  82.7,18.5,270
0.95:  82.7,18.5,270
0.97:  82.7,18.5,270
0.98:  82.7,18.5,270
1:  82.7,18.5,270
1.02:  82.7,18.5,270
1.03:  82.7,18.5,270
1.05:  82.7,18.5,270
1.07:  82.7,18.5,270
1.08:  82.7,18.5,270
1.1:  82.7,18.5,270
1.12:  82.7,18.5,270
1.13:  82.7,18.5,270
1.15:  82.7,18.5,270
1.17:  82.7,18.5,270
1.18:  82.7,18.5,270
1.2:  82.7,18.5,270
1.22:  82.7,18.5,270
1.23:  82.7,18.5,270
1.25:  82.7,18.5,270
1.27:  82.7,18.5,270
1.28:  82.7,18.5,270
1.3:  82.7,18.5,270
1.32:  82.7,18.5,270
1.33:  82.7,18.5,270
1.35:  82.7,18.5,270
1.37:  82.7,18.5,270
1.38:  82.7,18.5,270
1.4:  82.7,18.5,270
1.42:  82.7,18.5,270
1.43:  82.7,18.5,270
1.45:  82.7,18.5,270
1.47:  82.7,18.5,270
1.48:  82.7,18.5,270
1.5:  82.7,18.5,270
1.52:  82.7,18.5,270
1.53:  82.7,18.5,270
1.55:  82.7,18.5,270
1.57:  82.7,18.5,270
1.58:  82.7,18.5,270
1.6:  82.7,18.5,270
1.62:  82.7,18.5,270
1.63:  82.7,18.5,270
1.65:  82.7,18.5,270
1.67:  82.7,18.5,270
1.68:  82.7,18.5,270
1.7:  82.7,18.5,270
1.72:  82.7,18.5,270
1.73:  82.7,18.5,270
1.75:  82.7,18.5,270
1.77:  82.7,18.5,270
1.78:  82.7,18.5,270
1.8:  82.7,18.5,270
1.82:  82.7,18.5,270
1.83:  82.7,18.5,270
1.85:  82.7,18.5,270
1.87:  82.7,18.5,270
1.88:  82.7,18.5,270
1.9:  82.7,18.5,270
1.92:  82.7,18.5,270
1.93:  82.7,18.5,270
1.95:  82.7,18.5,270
1.97:  82.7,18.5,270
1.98:  82.7,18.5,270
2:  82.7,18.5,270
2.02:  82.7,18.5,270
2.03:  82.7,18.5,270
2.05:  82.7,18.5,270
2.07:  82.7,18.5,270
2.08:  82.7,18.5,270
2.1:  82.7,18.5,270
2.12:  82.7,18.5,270
2.13:  82.7,18.5,270
2.15:  82.7,18.5,270
2.17:  82.7,18.5,270
2.18:  82.7,18.5,270
2.2:  82.7,18.5,270
2.22:  82.7,18.5,270
2.23:  82.7,18.5,270
2.25:  82.7,18.5,270
2.27:  82.7,18.5,270
2.28:  82.7,18.5,270
2.3:  82.7,18.5,270
2.32:  82.7,18.5,270
2.33:  82.7,18.5,270
2.35:  82.7,18.5,270
2.37:  82.7,18.5,270
2.38:  82.7,18.5,270
2.4:  82.7,18.5,270
2.42:  82.7,18.5,270
2.43:  82.7,18.5,270
2.45:  82.7,18.5,270
2.47:  82.7,18.5,270
2.48:  82.7,18.5,270
2.5:  82.7,18.5,270
2.52:  82.7,18.5,270
2.53:  82.7,18.5,270
2.55:  82.7,18.5,270
2.57:  82.7,18.5,270
2.58:  82.7,18.5,270
2.6:  82.7,18.5,270
2.62:  82.7,18.5,270
2.63:  82.7,18.5,270
2.65:  82.7,18.5,270
2.67:  82.7,18.5,270
2.68:  82.7,18.5,270
2.7:  82.7,18.5,270
2.72:  82.7,18.5,270
2.73:  82.7,18.5,270
2.75:  82.7,18.5,270
2.77:  82.7,18.5,270
2.78:  82.7,18.5,270
2.8:  82.7,18.5,270
2.82:  82.7,18.5,270
2.83:  82.7,18.5,270
2.85:  82.7,18.5,270
2.87:  82.7,18.5,270
2.88:  82.7,18.5,270
2.9:  82.7,18.5,270
2.92:  82.7,18.5,270
2.93:  82.7,18.5,270
2.95:  82.7,18.5,270
2.97:  82.7,18.5,270
2.98:  82.7,18.5,270
3:  82.7,18.5,270
3.02:  82.7,18.5,270
3.03:  82.7,18.5,270
3.05:  82.7,18.5,270
3.07:  82.7,18.5,270
3.08:  82.7,18.5,270
3.1:  82.7,18.5,270
3.12:  82.7,18.5,270
3.13:  82.7,18.5,270
3.15:  82.7,18.5,270
3.17:  82.7,18.5,270
3.18:  82.7,18.5,270
3.2:  82.7,18.5,270
3.22:  82.7,18.5,270
3.23:  82.7,18.5,270
3.25:  82.7,18.5,270
3.27:  82.7,18.5,270
3.28:  82.7,18.5,270
3.3:  82.7,18.5,270
3.32:  82.7,18.5,270
3.33:  82.7,18.5,270
3.35:  82.7,18.5,270
3.37:  82.7,18.5,270
3.38:  82.7,18.5,270
3.4:  82.7,18.5,270
3.42:  82.7,18.5,269.8903
3.43:  82.7,18.5,269.7172
3.45:  82.7,18.5,269.4553
3.47:  82.7,18.5,269.0351
3.48:  82.7,18.5,268.5007
3.5:  82.7,18.5,267.9473
3.52:  82.7,18.5,267.3179
3.53:  82.7,18.5,266.6251
3.55:  82.7,18.5,265.9069
3.57:  82.7,18.5,265.1824
3.58:  82.7,18.5,264.4516
3.6:  82.7,18.5,263.7207
3.62:  82.7,18.5,262.9899
3.63:  82.7,18.5,262.2654
3.65:  82.7,18.5,261.5409
3.67:  82.7,18.5,260.8164
3.68:  82.7,18.5,260.0856
3.7:  82.7,18.5,259.3611
3.72:  82.7,18.5,258.6239
3.73:  82.7,18.5,257.8423
3.75:  82.7,18.5,257.0544
3.77:  82.7,18.5,256.2666
3.78:  82.7,18.5,255.4787
3.8:  82.7,18.5,254.6908
3.82:  82.7,18.5,253.9156
3.83:  82.7,18.5,253.1785
3.85:  82.7,18.5,252.473
3.87:  82.7,18.5,251.7928
3.88:  82.7,18.5,251.1381
3.9:  82.7,18.5,250.4896
3.92:  82.7,18.5,249.8475
3.93:  82.7,18.5,249.2054
3.95:  82.7,18.5,248.5633
3.97:  82.7,18.5,247.9212
3.98:  82.7,18.5,247.2791
4:  82.7,18.5,246.637
4.02:  82.7,18.5,245.9949
4.03:  82.7,18.5,245.3528
4.05:  82.7,18.5,244.7043
4.07:  82.7,18.5,244.0622
4.08:  82.7,18.5,243.4201
4.1:  82.7,18.5,242.7653
4.12:  82.7,18.5,242.0852
4.13:  82.7,18.5,241.386
4.15:  82.7,18.5,240.6805
4.17:  82.7,18.5,239.9497
4.18:  82.7,18.5,239.2062
4.2:  82.7,18.5,238.4563
4.22:  82.7,18.5,237.6875
4.23:  82.7,18.5,236.9059
4.25:  82.7,18.5,236.1244
4.27:  82.7,18.5,235.3365
4.28:  82.7,18.5,234.5486
4.3:  82.7,18.5,233.7671
4.32:  82.7,18.5,232.9792
4.33:  82.7,18.5,232.1913
4.35:  82.7,18.5,231.4098
4.37:  82.7,18.5,230.6219
4.38:  82.7,18.5,229.834
4.4:  82.7,18.5,229.0462
4.42:  82.7,18.5,228.2583
4.43:  82.7,18.5,227.4704
4.45:  82.7,18.5,226.6825
4.47:  82.7,18.5,225.8946
4.48:  82.7,18.5,225.1131
4.5:  82.7,18.5,224.3316
4.52:  82.7,18.5,223.55
4.53:  82.7,18.5,222.7685
4.55:  82.7,18.5,221.9869
4.57:  82.7,18.5,221.2054
4.58:  82.7,18.5,220.4239
4.6:  82.7,18.5,219.6423
4.62:  82.7,18.5,218.8608
4.63:  82.7,18.5,218.0792
4.65:  82.7,18.5,217.2977
4.67:  82.7,18.5,216.5098
4.68:  82.7,18.5,215.7219
4.7:  82.7,18.5,214.9341
4.72:  82.7,18.5,214.1462
4.73:  82.7,18.5,213.3583
4.75:  82.7,18.5,212.5704
4.77:  82.7,18.5,211.7825
4.78:  82.7,18.5,211.001
4.8:  82.7,18.5,210.2195
4.82:  82.7,18.5,209.4316
4.83:  82.7,18.5,208.6501
4.85:  82.7,18.5,207.8685
4.87:  82.7,18.5,207.087
4.88:  82.69347,18.4868,206.3054
4.9:  82.66914,18.43585,205.5239
4.92:  82.62196,18.33348,204.7423
4.93:  82.54501,18.16032,203.9608
4.95:  82.44949,17.93714,203.1729
4.97:  82.34983,17.69518,202.3851
4.98:  82.26102,17.47085,201.5972
5:  82.1721,17.23688,200.8093
5.02:  82.08362,16.99464,200.0658
5.03:  82.00163,16.76146,199.373
5.05:  81.92216,16.52719,198.7372
5.07:  81.84434,16.28965,198.1395
5.08:  81.76968,16.05483,197.6368
5.1:  81.695,15.81418,197.2419
5.12:  81.62193,15.57618,197.0687
5.13:  81.54808,15.33568,197.0687
5.15:  81.47822,15.09995,197.0687
5.17:  81.414,14.84782,197.0961
5.18:  81.36182,14.60428,197.1361
5.2:  81.32269,14.3535,197.2331
5.22:  81.29716,14.09844,197.3492
5.23:  81.27805,13.8434,197.5286
5.25:  81.26555,13.58956,197.7841
5.27:  81.25454,13.33727,198.141
5.28:  81.24767,13.08616,198.5867
5.3:  81.25867,12.83349,199.102
5.32:  81.2726,12.58081,199.6807
5.33:  81.29395,12.32617,200.2912
5.35:  81.31303,12.07732,200.9333
5.37:  81.33272,11.8259,201.588
5.38:  81.35352,11.57875,202.2618
5.4:  81.37563,11.33346,202.9547
5.42:  81.39885,11.0898,203.6665
5.43:  81.42604,10.83902,204.391
5.45:  81.45169,10.59263,205.1155
5.47:  81.47476,10.34011,205.84
5.48:  81.49441,10.09017,206.5645
5.5:  81.50876,9.840544,207.289
5.52:  81.52248,9.582635,208.0135
5.53:  81.53266,9.331567,208.738
5.55:  81.53967,9.081254,209.4562
5.57:  81.54367,8.831257,210.1426
5.58:  81.54491,8.578957,210.7784
5.6:  81.54367,8.330021,211.3444
5.62:  81.55055,8.081527,211.7901
5.63:  81.56808,7.835526,211.9949
5.65:  81.5932,7.597794,211.9949
5.67:  81.62229,7.355468,211.9949
5.68:  81.65257,7.116189,211.9949
5.7:  81.68248,6.87988,211.9949
5.72:  81.71371,6.635845,211.9949
5.73:  81.74281,6.393547,211.9949
5.75:  81.77357,6.150498,211.9949
5.77:  81.80379,5.911644,211.9949
5.78:  81.83228,5.674395,211.9949
5.8:  81.86107,5.434536,211.9949
5.82:  81.88961,5.196818,211.9949
5.83:  81.91873,4.954223,211.9949
5.85:  81.94722,4.716939,211.9949
5.87:  81.97637,4.47415,211.9949
5.88:  82.00525,4.233599,211.9949
5.9:  82.03415,3.99291,211.9949
5.92:  82.06311,3.75169,211.9949
5.93:  82.09165,3.513927,211.9949
5.95:  82.1216,3.264493,211.9949
5.97:  82.14971,3.030352,211.9949
5.98:  82.1785,2.790568,211.9949
6:  82.20742,2.549637,211.9949
6.02:  82.23622,2.30973,211.9949
6.03:  82.26527,2.067843,211.9949
6.05:  82.2937,1.830976,211.9949
6.07:  82.32291,1.587619,211.9949
6.08:  82.34716,1.343854,211.9949
6.1:  82.37003,1.098735,211.9949
6.12:  82.39079,0.855388,211.9949
6.13:  82.41048,0.6070109,211.9949
6.15:  82.42635,0.3643327,211.9949
6.17:  82.44064,0.1146795,211.9949
6.18:  82.44991,-0.1305782,211.9949
6.2:  82.4581,-0.383944,211.9949
6.22:  82.46301,-0.6457227,211.9949
6.23:  82.45903,-0.8897881,211.9949
6.25:  82.45273,-1.144867,211.9949
6.27:  82.44468,-1.387377,211.9949
6.28:  82.43021,-1.632098,211.9949
6.3:  82.41565,-1.878251,211.9949
6.32:  82.39915,-2.121066,211.9949
6.33:  82.38119,-2.368109,211.9949
6.35:  82.36354,-2.610952,211.9949
6.37:  82.34632,-2.864233,211.9949
6.38:  82.3289,-3.103976,211.9949
6.4:  82.31064,-3.355285,211.9949
6.42:  82.29301,-3.597721,211.9949
6.43:  82.27522,-3.842604,211.9949
6.45:  82.25764,-4.084417,211.9949
6.47:  82.23957,-4.333168,211.9949
6.48:  82.21959,-4.578099,211.9949
6.5:  82.20161,-4.825417,211.9949
6.52:  82.18391,-5.069042,211.9949
6.53:  82.16586,-5.317486,211.9949
6.55:  82.14763,-5.568301,211.9949
6.57:  82.12982,-5.813282,211.9949
6.58:  82.11195,-6.059193,211.9949
6.6:  82.0944,-6.300715,211.9949
6.62:  82.07792,-6.543133,211.9949
6.63:  82.05994,-6.790496,211.9949
6.65:  82.04225,-7.033894,211.9949
6.67:  82.02544,-7.281204,211.9949
6.68:  82.00567,-7.523615,211.9949
6.7:  81.98761,-7.772082,211.9949
6.72:  81.96979,-8.017373,211.9949
6.73:  81.95134,-8.271186,211.9949
6.75:  81.93421,-8.506898,211.9949
6.77:  81.91608,-8.756326,211.9949
6.78:  81.89827,-9.001355,211.9949
6.8:  81.88048,-9.246184,211.9949
6.82:  81.86255,-9.492933,211.9949
6.83:  81.84462,-9.739618,211.9949
6.85:  81.82693,-9.983074,211.9949
6.87:  81.80888,-10.23134,211.9949
6.88:  81.79224,-10.47614,211.9949
6.9:  81.77511,-10.72821,211.9949
6.92:  81.76297,-10.96903,211.9949
6.93:  81.75888,-11.21946,211.9949
6.95:  81.76477,-11.46341,211.9949
6.97:  81.77904,-11.7125,211.9949
6.98:  81.79655,-11.95837,211.9949
7:  81.81941,-12.2034,211.9949
7.02:  81.84168,-12.44705,211.9949
7.03:  81.86716,-12.68821,211.9949
7.05:  81.89555,-12.92463,211.9949
7.07:  81.92445,-13.17891,211.9949
7.08:  81.95215,-13.40958,211.9949
7.1:  81.98328,-13.65275,211.9949
7.12:  82.01224,-13.89398,211.9949
7.13:  82.04322,-14.13603,211.9949
7.15:  82.07172,-14.37338,211.9949
7.17:  82.10084,-14.61597,211.9949
7.18:  82.12987,-14.85773,211.9949
7.2:  82.16182,-15.09529,211.9949
7.22:  82.20048,-15.34,211.9949
7.23:  82.24848,-15.57875,211.9949
7.25:  82.29697,-15.8115,211.9949
7.27:  82.3534,-16.04802,211.9949
7.28:  82.4147,-16.28268,211.9949
7.3:  82.47841,-16.51983,211.9949
7.32:  82.53972,-16.7545,211.9949
7.33:  82.60329,-16.99114,211.9949
7.35:  82.66591,-17.22426,211.9949
7.37:  82.72997,-17.46272,211.9949
7.38:  82.79345,-17.69906,211.9949
7.4:  82.86033,-17.93467,211.9949
7.42:  82.92835,-18.16767,211.9949
7.43:  83.0002,-18.40132,211.9949
7.45:  83.07321,-18.62637,211.9949
7.47:  83.15353,-18.85749,211.9949
7.48:  83.23457,-19.08482,211.9949
7.5:  83.31657,-19.30919,211.9949
7.52:  83.39874,-19.53395,211.9949
7.53:  83.48044,-19.75747,211.9949
7.55:  83.56297,-19.98325,211.9949
7.57:  83.64296,-20.20768,211.9949
7.58:  83.72576,-20.4342,211.9949
7.6:  83.80823,-20.65982,211.9949
7.62:  83.89015,-20.88393,211.9949
7.63:  83.97287,-21.11023,211.9949
7.65:  84.05354,-21.33092,211.9949
7.67:  84.13582,-21.55604,211.9949
7.68:  84.2187,-21.78278,211.9949
7.7:  84.3001,-22.00548,211.9949
7.72:  84.38321,-22.23284,211.9949
7.73:  84.46494,-22.45644,211.9949
7.75:  84.54639,-22.67924,211.9949
7.77:  84.62964,-22.90701,211.9949
7.78:  84.71174,-23.13163,211.9949
7.8:  84.7928,-23.35338,211.9949
7.82:  84.87847,-23.58776,211.9949
7.83:  84.95824,-23.80601,211.9949
7.85:  85.04018,-24.03018,211.9949
7.87:  85.12249,-24.25534,211.9949
7.88:  85.2046,-24.47998,211.9949
7.9:  85.28659,-24.70428,211.9949
7.92:  85.36862,-24.92871,211.9949
7.93:  85.45023,-25.15198,211.9949
7.95:  85.53229,-25.37647,211.9949
7.97:  85.61516,-25.60318,211.9949
7.98:  85.69736,-25.82805,211.9949
8:  85.77965,-26.05319,211.9949
8.02:  85.86146,-26.277,211.9949
8.03:  85.94398,-26.50277,211.9949
8.05:  86.02524,-26.72507,211.9949
8.07:  86.10781,-26.95098,211.9949
8.08:  86.19023,-27.17646,211.9949
8.1:  86.27251,-27.40158,211.9949
8.12:  86.3544,-27.62559,211.9949
8.13:  86.42339,-27.86258,211.9949
8.15:  86.48809,-28.0971,211.9949
8.17:  86.52268,-28.34,211.9949
8.18:  86.53676,-28.5857,211.9949
8.2:  86.52843,-28.83668,211.9949
8.22:  86.51082,-29.07895,211.9949
8.23:  86.49046,-29.3287,211.9949
8.25:  86.47085,-29.56909,211.9949
8.27:  86.45295,-29.81537,211.9949
8.28:  86.43279,-30.06262,211.9949
8.3:  86.41297,-30.30555,211.9949
8.32:  86.39634,-30.55018,211.9949
8.33:  86.37634,-30.79544,211.9949
8.35:  86.35662,-31.03725,211.9949
8.37:  86.33296,-31.2861,211.9949
8.38:  86.30492,-31.53477,211.9949
8.4:  86.27556,-31.78561,211.9949
8.42:  86.24511,-32.03687,211.9949
8.43:  86.21221,-32.28967,211.9949
8.45:  86.18004,-32.53698,211.9949
8.47:  86.1461,-32.79776,211.9949
8.48:  86.1147,-33.0391,211.9949
8.5:  86.07939,-33.29296,211.9949
8.52:  86.04687,-33.5429,211.9949
8.53:  86.01409,-33.79478,211.9949
8.55:  85.98514,-34.04221,211.9949
8.57:  85.96022,-34.2926,211.9949
8.58:  85.9437,-34.53572,211.9949
8.6:  85.94714,-34.79092,211.9949
8.62:  85.95526,-35.04227,211.9949
8.63:  85.96597,-35.28895,211.9949
8.65:  85.97773,-35.5286,211.9949
8.67:  85.99023,-35.78328,211.9949
8.68:  86.00082,-36.02748,211.9949
8.7:  86.01138,-36.27104,211.9949
8.72:  86.02204,-36.51654,211.9949
8.73:  86.0341,-36.7624,211.9949
8.75:  86.04459,-37.00407,211.9949
8.77:  86.02991,-37.2523,211.9949
8.78:  85.99986,-37.499,211.9949
8.8:  85.94775,-37.7449,211.9949
8.82:  85.87437,-37.98668,211.9949
8.83:  85.78486,-38.22785,211.9949
8.85:  85.68943,-38.45788,211.9949
8.87:  85.58924,-38.69299,211.9949
8.88:  85.48995,-38.92598,211.9949
8.9:  85.39077,-39.15874,211.9949
8.92:  85.29179,-39.39102,211.9949
8.93:  85.1917,-39.61982,211.9949
8.95:  85.10125,-39.86353,211.9949
8.97:  85.0196,-40.10576,211.9949
8.98:  84.94838,-40.34847,211.9949
9:  84.89651,-40.59323,211.9949
9.02:  84.86267,-40.84548,211.9949
9.03:  84.8449,-41.08997,211.9949
9.05:  84.83664,-41.33904,211.9949
9.07:  84.8448,-41.59173,211.9949
9.08:  84.85892,-41.83827,211.9949
9.1:  84.87852,-42.0855,211.9949
9.12:  84.90726,-42.32479,211.9949
9.13:  84.95046,-42.56581,211.9949
9.15:  84.99566,-42.79958,211.9968
9.17:  85.04198,-43.0392,211.9988
9.18:  85.0898,-43.28591,212.0008
9.2:  85.13715,-43.52159,212.0028
9.22:  85.18455,-43.75755,212.0048
9.23:  85.23202,-43.9939,212.0067
9.25:  85.27879,-44.23609,212.0087
9.27:  85.3233,-44.46655,212.0107
9.28:  85.36399,-44.71276,212.0127
9.3:  85.397,-44.95676,212.0273
9.32:  85.42758,-45.19785,212.061
9.33:  85.45447,-45.4425,212.2088
9.35:  85.481,-45.68036,212.4769
9.37:  85.50452,-45.92183,212.9162
9.38:  85.52702,-46.16494,213.552
9.4:  85.54486,-46.40793,214.2828
9.42:  85.55951,-46.65115,215.0327
9.43:  85.57249,-46.89502,215.7952
9.45:  85.58194,-47.13276,216.5641
9.47:  85.58863,-47.38595,217.3266
9.48:  85.58837,-47.62507,218.0891
9.5:  85.58491,-47.86586,218.8517
9.52:  85.5801,-48.1075,219.6205
9.53:  85.57008,-48.35122,220.3831
9.55:  85.55891,-48.5911,221.1456
9.57:  85.54413,-48.83783,221.9081
9.58:  85.5263,-49.08118,222.6706
9.6:  85.50456,-49.33197,223.4332
9.62:  85.48203,-49.5721,224.202
9.63:  85.45496,-49.81007,224.9709
9.65:  85.42636,-50.04636,225.7398
9.67:  85.39236,-50.28746,226.5086
9.68:  85.35266,-50.53119,227.2775
9.7:  85.31207,-50.77203,228.0464
9.72:  85.26831,-51.012,228.8152
9.73:  85.22123,-51.25189,229.5841
9.75:  85.17163,-51.48781,230.353
9.77:  85.11758,-51.72699,231.1218
9.78:  85.06146,-51.96235,231.8907
9.8:  85.00153,-52.1979,232.6596
9.82:  84.93772,-52.42966,233.4221
9.83:  84.86897,-52.67409,234.1909
9.85:  84.80126,-52.90296,234.9598
9.87:  84.72886,-53.13616,235.7287
9.88:  84.65586,-53.36548,236.4975
9.9:  84.57764,-53.59541,237.2664
9.92:  84.49707,-53.82109,238.0353
9.93:  84.4128,-54.04746,238.8041
9.95:  84.32814,-54.27114,239.573
9.97:  84.23444,-54.50467,240.3419
9.98:  84.14106,-54.72765,241.1107
10:  84.04603,-54.94628,241.8796
10.02:  83.94603,-55.16447,242.6485
10.03:  83.84092,-55.39053,243.4173
10.05:  83.73999,-55.59933,244.1862
10.07:  83.63166,-55.82031,244.955
10.08:  83.5188,-56.03531,245.7239
10.1:  83.40308,-56.24875,246.4928
10.13:  83.28535,-56.46305,247.2617
10.15:  83.16665,-56.67243,248.0305
10.17:  83.04372,-56.88263,248.7994
10.18:  82.91752,-57.09195,249.5682
10.2:  82.78823,-57.29924,250.3371
10.22:  82.65654,-57.50496,251.106
10.23:  82.52499,-57.70811,251.7671
10.25:  82.39289,-57.90765,252.2571
10.27:  82.26979,-58.10368,252.4682
10.28:  82.15296,-58.3048,252.4682
10.3:  82.05914,-58.48896,252.4702
10.32:  81.97709,-58.66154,252.4722
10.33:  81.90987,-58.8207,252.4722
10.35:  81.84868,-58.95345,252.4722
10.37:  81.80032,-59.06498,252.4722
10.38:  81.75295,-59.14471,252.4722
10.4:  81.7121,-59.1705,252.4722
10.42:  81.70274,-59.17346,252.4722
10.43:  81.70274,-59.17346,252.4742
10.45:  81.70274,-59.17346,252.4762
10.47:  81.70274,-59.17346,252.4762
10.48:  81.70274,-59.17346,252.4762
10.5:  81.70274,-59.17346,252.4781
10.52:  81.70274,-59.17346,252.4801
10.53:  81.70274,-59.17346,252.4821
10.55:  81.70274,-59.17346,252.4821
10.57:  81.70274,-59.17346,252.4841
10.58:  81.70274,-59.17346,252.4861
10.6:  81.70274,-59.17346,252.4861
10.62:  81.70274,-59.17346,252.4861
10.63:  81.70274,-59.17346,252.4861
10.65:  81.70274,-59.17346,252.4861
10.67:  81.70274,-59.17346,252.4861
10.68:  81.70274,-59.17346,252.4861
10.7:  81.70274,-59.17346,252.4861
10.72:  81.70274,-59.17346,252.488
10.73:  81.70274,-59.17346,252.49
10.75:  81.70274,-59.17346,252.492
10.77:  81.70274,-59.17346,252.494
10.78:  81.70274,-59.17346,252.494
10.8:  81.70274,-59.17346,252.496
10.82:  81.70274,-59.17346,252.4979
10.83:  81.70274,-59.17346,252.4999
10.85:  81.70274,-59.17346,252.5019
10.87:  81.70274,-59.17346,252.5039
10.88:  81.70274,-59.17346,252.5059
10.9:  81.70274,-59.17346,252.5059
10.92:  81.70274,-59.17346,252.5059
10.93:  81.70274,-59.17346,252.5059
10.95:  81.70274,-59.17346,252.5059
10.97:  81.70274,-59.17346,252.5059
10.98:  81.70274,-59.17346,252.5059
11:  81.70274,-59.17346,252.5059
11.02:  81.70274,-59.17346,252.5078
11.03:  81.70274,-59.17346,252.5288
11.05:  81.70274,-59.17346,252.5688
11.07:  81.70274,-59.17346,252.6849
11.08:  81.70274,-59.17346,252.8834
11.1:  81.70274,-59.17346,253.1959
11.12:  81.70274,-59.17346,253.5655
11.13:  81.70274,-59.17346,254.0111
11.15:  81.70274,-59.17346,254.5201
11.17:  81.70274,-59.17346,255.0545
11.18:  81.70274,-59.17346,255.5889
11.2:  81.70274,-59.17346,256.1232
11.22:  81.70274,-59.17346,256.6576
11.23:  81.70274,-59.17346,257.192
11.25:  81.70274,-59.17346,257.6946
11.27:  81.70274,-59.17346,258.1276
11.28:  81.70274,-59.17346,258.4591
11.3:  81.70274,-59.17346,258.6259
11.32:  81.70274,-59.17346,258.6406
11.33:  81.70274,-59.17346,258.6425
11.35:  81.70274,-59.17346,258.6425
11.37:  81.70274,-59.17346,258.6425
11.38:  81.70274,-59.17346,258.6425
11.4:  81.70274,-59.17346,258.6425
11.42:  81.70274,-59.17346,258.6425
11.43:  81.70274,-59.17346,258.6425
11.45:  81.70274,-59.17346,258.6425
11.47:  81.70274,-59.17346,258.6425
11.48:  81.70274,-59.17346,258.6445
11.5:  81.70274,-59.17346,258.6655
11.52:  81.70274,-59.17346,258.7499
11.53:  81.70274,-59.17346,258.9357
11.55:  81.70274,-59.17346,259.2482
11.57:  81.70274,-59.17346,259.6368
11.58:  81.70274,-59.17346,260.1014
11.6:  81.70274,-59.17346,260.6358
11.62:  81.70274,-59.17346,261.2462
11.63:  81.70274,-59.17346,261.901
11.65:  81.70274,-59.17346,262.5938
11.67:  81.70274,-59.17346,263.312
11.68:  81.70274,-59.17346,264.0682
11.7:  81.70274,-59.17346,264.8434
11.72:  81.70274,-59.17346,265.6312
11.73:  81.70274,-59.17346,266.4191
11.75:  81.70274,-59.17346,267.207
11.77:  81.70274,-59.17346,267.9949
11.78:  81.70274,-59.17346,268.7828
11.8:  81.70274,-59.17346,269.5706
11.82:  81.70274,-59.17346,270.3585
11.83:  81.70274,-59.17346,271.1464
11.85:  81.70274,-59.17346,271.9343
11.87:  81.70274,-59.17346,272.7222
11.88:  81.70274,-59.17346,273.51
11.9:  81.70274,-59.17346,274.2979
11.92:  81.70274,-59.17346,275.0668
11.93:  81.70274,-59.17346,275.7849
11.95:  81.70274,-59.17346,276.4714
11.97:  81.70274,-59.17346,277.1072
11.98:  81.70274,-59.17346,277.7239
12:  81.70274,-59.17346,278.328
12.02:  81.70274,-59.17346,278.9067
12.03:  81.70274,-59.17346,279.4665
12.05:  81.70274,-59.17346,280.0262
12.07:  81.70274,-59.17346,280.5859
12.08:  81.70274,-59.17346,281.1456
12.1:  81.70274,-59.17346,281.7053
12.12:  81.70274,-59.17346,282.3284
12.13:  81.70274,-59.17346,283.0022
12.15:  81.70274,-59.17346,283.733
12.17:  81.70274,-59.17346,284.5146
12.18:  81.70274,-59.17346,285.3025
12.2:  81.70274,-59.17346,286.0903
12.22:  81.70274,-59.17346,286.8782
12.23:  81.70274,-59.17346,287.6661
12.25:  81.70274,-59.17346,288.454
12.27:  81.70274,-59.17346,289.2419
12.28:  81.70274,-59.17346,290.0297
12.3:  81.70274,-59.17346,290.8176
12.32:  81.70274,-59.17346,291.6055
12.33:  81.70274,-59.17346,292.3934
12.35:  81.70274,-59.17346,293.1812
12.37:  81.70274,-59.17346,293.9691
12.38:  81.70274,-59.17346,294.757
12.4:  81.70274,-59.17346,295.5449
12.42:  81.70274,-59.17346,296.3327
12.43:  81.70274,-59.17346,297.1206
12.45:  81.70274,-59.17346,297.9085
12.47:  81.70274,-59.17346,298.6964
12.48:  81.70274,-59.17346,299.4843
12.5:  81.70274,-59.17346,300.2722
12.52:  81.70274,-59.17346,301.06
12.53:  81.70274,-59.17346,301.8479
12.55:  81.70274,-59.17346,302.6358
12.57:  81.70274,-59.17346,303.4236
12.58:  81.70274,-59.17346,304.2115
12.6:  81.70274,-59.17346,304.9994
12.62:  81.70274,-59.17346,305.7873
12.63:  81.70274,-59.17346,306.5752
12.65:  81.70274,-59.17346,307.363
12.67:  81.70274,-59.17346,308.1382
12.68:  81.70274,-59.17346,308.8691
12.7:  81.70274,-59.17346,309.5682
12.72:  81.70274,-59.17346,310.204
12.73:  81.70274,-59.17346,310.8018
12.75:  81.70274,-59.17346,311.3171
12.77:  81.70274,-59.17346,311.7627
12.78:  81.70274,-59.17346,312.145
12.8:  81.70274,-59.17346,312.4575
12.82:  81.70274,-59.17346,312.6877
12.83:  81.70274,-59.17346,312.8608
12.85:  81.70274,-59.17346,312.9515
12.87:  81.70274,-59.17346,312.9788
12.88:  81.70274,-59.17346,312.9935
12.9:  81.70274,-59.17346,313.0145
12.92:  81.70274,-59.17346,313.0355
12.93:  81.70274,-59.17346,313.0565
12.95:  81.70274,-59.17346,313.0775
12.97:  81.70274,-59.17346,313.1111
12.98:  81.70274,-59.17346,313.1891
13:  81.70274,-59.17346,313.3306
13.02:  81.70274,-59.17346,313.5037
13.03:  81.70274,-59.17346,313.7211
13.05:  81.70274,-59.17346,313.9576
13.07:  81.70274,-59.17346,314.2131
13.08:  81.70274,-59.17346,314.4623
13.1:  81.70274,-59.17346,314.7114
13.12:  81.70274,-59.17346,314.9669
13.13:  81.70274,-59.17346,315.2224
13.15:  81.70274,-59.17346,315.4716
13.17:  81.70274,-59.17346,315.7208
13.18:  81.70274,-59.17346,315.9763
13.2:  81.70274,-59.17346,316.2254
13.22:  81.70274,-59.17346,316.4112
13.23:  81.70274,-59.17346,316.5399
13.25:  81.70274,-59.17346,316.618
13.27:  81.70274,-59.17346,316.696
13.28:  81.70274,-59.17346,316.774
13.3:  81.70274,-59.17346,316.8457
13.32:  81.70274,-59.17346,316.9174
13.33:  81.70274,-59.17346,316.9891
13.35:  81.70274,-59.17346,317.0798
13.37:  81.70274,-59.17346,317.1895
13.38:  81.70274,-59.17346,317.2929
13.4:  81.70274,-59.17346,317.3963
13.42:  81.70274,-59.17346,317.506
13.43:  81.70274,-59.17346,317.6158
13.45:  81.71359,-59.16359,317.7191
13.47:  81.74599,-59.13099,317.8289
13.48:  81.80093,-59.05136,317.9323
13.5:  81.86942,-58.9371,318.042
13.52:  81.95313,-58.77935,318.139
13.53:  82.04879,-58.58884,318.2171
13.55:  82.15095,-58.36726,318.2507
13.57:  82.25533,-58.14333,318.2654
13.58:  82.36362,-57.91101,318.2654
13.6:  82.46796,-57.68692,318.2381
13.62:  82.57452,-57.45723,318.16
13.63:  82.67409,-57.2357,317.9933
13.65:  82.77668,-57.01008,317.7251
13.67:  82.87384,-56.78744,317.3682
13.68:  82.97337,-56.55482,316.9543
13.7:  83.0681,-56.32813,316.4706
13.72:  83.16309,-56.09479,315.9426
13.73:  83.25457,-55.86374,315.3892
13.75:  83.3437,-55.63118,314.7598
13.77:  83.43063,-55.40261,314.0986
13.78:  83.51662,-55.16824,313.4185
13.8:  83.60236,-54.92537,312.7194
13.82:  83.67929,-54.69136,311.9885
13.83:  83.75502,-54.458,311.2513
13.85:  83.82835,-54.22143,310.4951
13.87:  83.90002,-53.97874,309.7263
13.88:  83.96551,-53.74554,308.9574
13.9:  84.02941,-53.50551,308.1822
13.92:  84.08758,-53.26538,307.407
13.93:  84.14568,-53.02059,306.6255
13.95:  84.19732,-52.77879,305.8439
13.97:  84.2455,-52.53704,305.0624
13.98:  84.29335,-52.29103,304.2809
14:  84.33523,-52.04628,303.4993
14.02:  84.37424,-51.79794,302.7178
14.03:  84.4116,-51.55291,301.9426
14.05:  84.44684,-51.29874,301.1674
14.07:  84.4769,-51.05789,300.3858
14.08:  84.5128,-50.8125,299.6043
14.1:  84.56055,-50.56914,298.8227
14.12:  84.61292,-50.32487,298.0475
14.13:  84.66748,-50.0798,297.266
14.15:  84.71888,-49.83323,296.4908
14.17:  84.76373,-49.59002,295.7029
14.18:  84.80882,-49.33976,294.9277
14.2:  84.84634,-49.09576,294.1461
14.22:  84.88557,-48.838,293.3709
14.23:  84.91592,-48.5973,292.5894
14.25:  84.94338,-48.35267,291.8079
14.27:  84.97099,-48.10313,291.0263
14.28:  84.99248,-47.84936,290.2448
14.3:  85.01241,-47.60189,289.4633
14.32:  85.02882,-47.35675,288.688
14.33:  85.04192,-47.11072,287.9065
14.35:  85.05168,-46.86393,287.125
14.37:  85.05814,-46.61608,286.3498
14.38:  85.06126,-46.36587,285.5746
14.4:  85.06183,-46.11276,284.8437
14.42:  85.0595,-45.86486,284.1763
14.43:  85.05448,-45.6132,283.5722
14.45:  85.04705,-45.36327,283.0125
14.47:  85.03722,-45.11385,282.4591
14.48:  85.0248,-44.86061,281.9057
14.5:  85.01006,-44.60969,281.3523
14.52:  84.99292,-44.35938,280.799
14.53:  84.97334,-44.10894,280.2456
14.55:  84.95117,-43.85667,279.6922
14.57:  84.92609,-43.60602,279.1451
14.58:  84.89975,-43.36048,278.5918
14.6:  84.8698,-43.10484,278.032
14.62:  84.83909,-42.86281,277.485
14.63:  84.80539,-42.61602,276.938
14.65:  84.76875,-42.37011,276.3846
14.67:  84.73042,-42.12494,275.8312
14.68:  84.69637,-41.8762,275.2842
14.7:  84.66939,-41.6158,274.7372
14.72:  84.64162,-41.37091,274.1838
14.73:  84.61349,-41.1228,273.6367
14.75:  84.59032,-40.87219,273.0834
14.77:  84.56656,-40.61538,272.53
14.78:  84.54366,-40.36785,271.9766
14.8:  84.51841,-40.12106,271.4232
14.82:  84.49263,-39.869,270.8699
14.83:  84.46954,-39.61927,270.3165
14.85:  84.44648,-39.36969,269.7631
14.87:  84.42379,-39.12397,269.2097
14.88:  84.39798,-38.87107,268.6563
14.9:  84.37006,-38.62128,268.1093
14.92:  84.34232,-38.37247,267.5623
14.93:  84.31244,-38.12435,267.0596
14.95:  84.2803,-37.87447,266.5949
14.97:  84.24684,-37.62991,266.1366
14.98:  84.21046,-37.37869,265.6847
15:  84.17276,-37.132,265.239
15.02:  84.13287,-36.8837,264.7997
15.03:  84.09174,-36.63931,264.3731
15.05:  84.04783,-36.38939,263.9592
15.07:  84.00329,-36.14624,263.5452
15.08:  83.95607,-35.89861,263.1313
15.1:  83.90704,-35.651,262.7237
15.12:  83.85663,-35.40566,262.3161
15.13:  83.80479,-35.16216,261.9085
15.15:  83.7504,-34.91504,261.5135
15.17:  83.69563,-34.67418,261.1123
15.18:  83.63812,-34.42931,260.711
15.2:  83.5773,-34.17823,260.3098
15.22:  83.51675,-33.93566,259.9085
15.23:  83.45261,-33.69579,259.5135
15.25:  83.38775,-33.4599,259.1123
15.27:  83.32196,-33.21788,258.7173
15.28:  83.25353,-32.97288,258.3224
15.3:  83.18217,-32.73292,257.9211
15.32:  83.10909,-32.49317,257.5326
15.33:  83.03249,-32.256,257.144
15.35:  82.95062,-32.01569,256.7871
15.37:  82.85796,-31.78531,256.4555
15.38:  82.74648,-31.55121,256.1683
15.4:  82.62434,-31.32508,255.9255
15.42:  82.49414,-31.1021,255.7397
15.43:  82.35869,-30.88785,255.611
15.45:  82.21028,-30.67698,255.5456
15.47:  82.0603,-30.47501,255.512
15.48:  81.90256,-30.27735,255.4846
15.5:  81.73418,-30.08086,255.4827
15.52:  81.56908,-29.89314,255.4827
15.53:  81.40319,-29.70782,255.4827
15.55:  81.22907,-29.52164,255.4846
15.57:  81.05272,-29.34662,255.5563
15.58:  80.86632,-29.17482,255.7358
15.6:  80.67554,-29.01147,255.9786
15.62:  80.48671,-28.84788,256.3102
15.63:  80.29855,-28.6853,256.6924
15.65:  80.10071,-28.5216,257.138
15.67:  79.90987,-28.36094,257.628
15.68:  79.71496,-28.19632,258.1561
15.7:  79.51757,-28.02371,258.7031
15.72:  79.33315,-27.85913,259.2818
15.73:  79.14549,-27.68814,259.8732
15.75:  78.9569,-27.5153,260.4773
15.77:  78.77637,-27.34366,261.0877
15.78:  78.59099,-27.16634,261.6981
15.8:  78.4072,-26.98677,262.3085
15.82:  78.22112,-26.81773,262.9126
15.83:  78.03114,-26.66221,263.4977
15.85:  77.83891,-26.50661,263.9877
15.87:  77.63981,-26.35878,264.3573
15.88:  77.4334,-26.22225,264.5557
15.9:  77.22397,-26.08726,264.5831
15.92:  77.00838,-25.95423,264.585
15.93:  76.78811,-25.83267,264.585
15.95:  76.55933,-25.72519,264.585
15.97:  76.33446,-25.62318,264.585
15.98:  76.10339,-25.52546,264.585
16:  75.87068,-25.43191,264.585
16.02:  75.63619,-25.34934,264.585
16.03:  75.392,-25.27513,264.585
16.05:  75.15205,-25.20694,264.585
16.07:  74.91245,-25.14444,264.587
16.08:  74.6649,-25.09356,264.5953
16.1:  74.41509,-25.04288,264.61
16.12:  74.16468,-24.99743,264.6437
16.13:  73.91356,-24.95706,264.6964
16.15:  73.65832,-24.93077,264.787
16.17:  73.4096,-24.907,264.9095
16.18:  73.1448,-24.88592,265.0889
16.2:  72.9008,-24.87037,265.281
16.22:  72.65163,-24.86306,265.5238
16.23:  72.39803,-24.8569,265.792
16.25:  72.14758,-24.8543,266.1109
16.27:  71.90101,-24.85995,266.4424
16.28:  71.64978,-24.87405,266.7867
16.3:  71.40131,-24.88642,267.1499
16.32:  71.14775,-24.89726,267.5512
16.33:  70.90056,-24.90591,267.9968
16.35:  70.64784,-24.9125,268.5058
16.37:  70.40173,-24.91646,269.0782
16.38:  70.15022,-24.91783,269.6886
16.4:  69.89842,-24.9164,270.3244
16.42:  69.65179,-24.91211,270.9982
16.43:  69.3988,-24.90469,271.6783
16.45:  69.14919,-24.89438,272.3648
16.47:  68.90203,-24.88606,273.0513
16.48:  68.64574,-24.87688,273.7377
16.5:  68.39832,-24.87231,274.4242
16.52:  68.14799,-24.86957,275.1107
16.53:  67.89832,-24.86871,275.7971
16.55:  67.64397,-24.87214,276.49
16.57:  67.39549,-24.8773,277.1765
16.58:  67.14113,-24.88441,277.8629
16.6:  66.88523,-24.89361,278.4923
16.62:  66.63089,-24.90282,279.0204
16.63:  66.37734,-24.90785,279.4153
16.65:  66.11353,-24.91698,279.6518
16.67:  65.86146,-24.92485,279.8439
16.68:  65.60954,-24.93193,280.0233
16.7:  65.35452,-24.94125,280.1964
16.72:  65.10136,-24.95212,280.3695
16.73:  64.84981,-24.96692,280.5363
16.75:  64.5966,-24.98411,280.6904
16.77:  64.33331,-25.00317,280.8255
16.78:  64.08775,-25.02123,280.9035
16.8:  63.83364,-25.03991,280.9055
16.82:  63.58279,-25.05899,280.9055
16.83:  63.33361,-25.07794,280.9055
16.85:  63.08335,-25.10001,280.9055
16.87:  62.83663,-25.12177,280.9055
16.88:  62.5867,-25.14381,280.9055
16.9:  62.33683,-25.16585,280.9055
16.92:  62.08751,-25.18784,280.9055
16.93:  61.84,-25.20967,280.9055
16.95:  61.59053,-25.23167,280.9055
16.97:  61.34486,-25.25333,280.9055
16.98:  61.09434,-25.27542,280.9055
17:  60.84436,-25.29747,280.9055
17.02:  60.59554,-25.31705,280.9055
17.03:  60.3381,-25.33113,280.9055
17.05:  60.08388,-25.32472,280.9055
17.07:  59.84092,-25.29738,280.9055
17.08:  59.58925,-25.25399,280.9055
17.1:  59.34485,-25.2069,280.9055
17.12:  59.10425,-25.16054,280.9075
17.13:  58.8569,-25.11283,280.9158
17.15:  58.61259,-25.06562,280.9368
17.17:  58.37022,-25.0187,280.9578
17.18:  58.1227,-24.97062,280.9915
17.2:  57.86852,-24.92104,281.0378
17.22:  57.62971,-24.87415,281.1095
17.23:  57.38645,-24.82601,281.1938
17.25:  57.14001,-24.77669,281.3163
17.27:  56.90025,-24.72804,281.4704
17.28:  56.65027,-24.6765,281.6498
17.3:  56.40606,-24.62532,281.8356
17.32:  56.1633,-24.5736,282.0277
17.33:  55.91976,-24.52069,282.2578
17.35:  55.67389,-24.46615,282.507
17.37:  55.43242,-24.41145,282.7625
17.38:  55.18641,-24.35449,283.037
17.4:  54.94331,-24.29694,283.3179
17.42:  54.69956,-24.23795,283.605
17.43:  54.45785,-24.18318,283.8922
17.45:  54.20391,-24.1321,284.1794
17.47:  53.96767,-24.08577,284.4603
17.48:  53.71229,-24.04216,284.7347
17.5:  53.46863,-24.00186,284.9903
17.52:  53.21388,-23.96121,285.2204
17.53:  52.97313,-23.92197,285.4125
17.55:  52.72323,-23.88303,285.5666
17.57:  52.47723,-23.84413,285.6953
17.58:  52.22771,-23.80433,285.7734
17.6:  51.97847,-23.76439,285.8134
17.62:  51.72863,-23.72432,285.8217
17.63:  51.48283,-23.68486,285.83
17.65:  51.23296,-23.64474,285.832
17.67:  50.98746,-23.60531,285.834
17.68:  50.73677,-23.56505,285.834
17.7:  50.48619,-23.52974,285.836
17.72:  50.2362,-23.49451,285.836
17.73:  49.98545,-23.46164,285.836
17.75:  49.73269,-23.43584,285.836
17.77:  49.47221,-23.41175,285.836
17.78:  49.22851,-23.38921,285.836
17.8:  48.97133,-23.37031,285.836
17.82:  48.71669,-23.3516,285.836
17.83:  48.46361,-23.33539,285.836
17.85:  48.20734,-23.31898,285.836
17.87:  47.95536,-23.30284,285.836
17.88:  47.69653,-23.28869,285.836
17.9:  47.44214,-23.27772,285.836
17.92:  47.18521,-23.27143,285.838
17.93:  46.93485,-23.2659,285.8399
17.95:  46.68017,-23.26202,285.8399
17.97:  46.42595,-23.25877,285.8419
17.98:  46.17372,-23.25922,285.8439
18:  45.92231,-23.26199,285.8522
18.02:  45.67778,-23.27065,285.8669
18.03:  45.42801,-23.28413,285.8815
18.05:  45.18097,-23.3051,285.9025
18.07:  44.93201,-23.33068,285.9362
18.08:  44.68038,-23.35865,285.9762
18.1:  44.43041,-23.38936,286.0479
18.12:  44.18274,-23.41936,286.1449
18.13:  43.9358,-23.45194,286.2737
18.15:  43.68555,-23.48648,286.4468
18.17:  43.44271,-23.51919,286.6326
18.18:  43.1932,-23.55198,286.8183
18.2:  42.94769,-23.58437,287.0231
18.22:  42.6912,-23.61712,287.2596
18.23:  42.45336,-23.6465,287.4961
18.25:  42.20636,-23.67595,287.7389
18.27:  41.9646,-23.7059,287.9881
18.28:  41.71486,-23.73555,288.2816
18.3:  41.4665,-23.76363,288.6005
18.32:  41.22079,-23.79101,288.932
18.33:  40.97867,-23.81973,289.2889
18.35:  40.73304,-23.85283,289.6585
18.37:  40.49523,-23.88653,290.0408
18.38:  40.24589,-23.92111,290.442
18.4:  40.0029,-23.9542,290.856
18.42:  39.75601,-23.98694,291.2826
18.43:  39.51155,-24.01864,291.7219
18.45:  39.26677,-24.05396,292.1675
18.47:  39.02588,-24.09008,292.6321
18.48:  38.77893,-24.1306,293.1095
18.5:  38.53693,-24.17163,293.5931
18.52:  38.29515,-24.2139,294.0895
18.53:  38.05339,-24.25604,294.5921
18.55:  37.81068,-24.30095,295.1202
18.57:  37.57441,-24.34778,295.6609
18.58:  37.32453,-24.39849,296.2016
18.6:  37.09316,-24.4446,296.7549
18.62:  36.85603,-24.49291,297.3273
18.63:  36.62154,-24.54166,297.9124
18.65:  36.38319,-24.59577,298.5038
18.67:  36.15453,-24.65379,299.1015
18.68:  35.92093,-24.71587,299.7056
18.7:  35.69098,-24.77971,300.316
18.72:  35.45482,-24.84613,300.9265
18.73:  35.22245,-24.91237,301.5432
18.75:  34.98619,-24.98061,302.1599
18.77:  34.75951,-25.0488,302.7831
18.78:  34.52428,-25.12658,303.4125
18.8:  34.3,-25.19959,304.0419
18.82:  34.07493,-25.2737,304.6713
18.83:  33.84896,-25.34893,305.3008
18.85:  33.624,-25.42521,305.9365
18.87:  33.40107,-25.5052,306.5723
18.88:  33.16585,-25.58965,307.2017
18.9:  32.93884,-25.67326,307.8375
18.92:  32.70751,-25.75914,308.4733
18.93:  32.48217,-25.85147,309.109
18.95:  32.25407,-25.94793,309.7448
18.97:  32.0298,-26.04104,310.3806
18.98:  31.79674,-26.13478,311.0164
19:  31.56837,-26.22602,311.6584
19.02:  31.34053,-26.31412,312.2942
19.03:  31.11257,-26.40055,312.93
19.05:  30.88439,-26.48655,313.5594
19.07:  30.65935,-26.57198,314.1952
19.08:  30.43248,-26.66001,314.831
19.1:  30.20658,-26.74479,315.4667
19.12:  29.9786,-26.82989,316.1025
19.13:  29.74474,-26.91634,316.7383
19.15:  29.52349,-27.00334,317.3741
19.17:  29.3011,-27.09524,318.0098
19.18:  29.07762,-27.19058,318.6456
19.2:  28.85344,-27.28582,319.2813
19.22:  28.63252,-27.38186,319.9171
19.23:  28.41074,-27.47939,320.5529
19.25:  28.18673,-27.58014,321.1887
19.27:  27.96557,-27.68053,321.8244
19.28:  27.7382,-27.78929,322.4602
19.3:  27.51454,-27.89908,323.096
19.32:  27.28272,-28.01247,323.7317
19.33:  27.06894,-28.11926,324.3675
19.35:  26.84762,-28.16435,325.0033
19.37:  26.61647,-28.16435,325.639
19.38:  26.39427,-28.16513,326.2685
19.4:  26.17348,-28.16523,326.8979
19.42:  25.94699,-28.16602,327.5273
19.43:  25.7199,-28.16603,328.1568
19.45:  25.49114,-28.16689,328.7735
19.47:  25.26533,-28.16758,329.3776
19.48:  25.03146,-28.16833,329.9627
19.5:  24.79945,-28.16904,330.5161
19.52:  24.56771,-28.16983,331.0631
19.53:  24.3366,-28.16983,331.5911
19.55:  24.10459,-28.16983,332.0874
19.57:  23.87542,-28.17034,332.5775
19.58:  23.64069,-28.17161,333.0548
19.6:  23.40476,-28.17161,333.5258
19.62:  23.1718,-28.17215,333.9714
19.63:  22.9378,-28.17266,334.4107
19.65:  22.70032,-28.17329,334.8373
19.67:  22.46909,-28.17382,335.2386
19.68:  22.2295,-28.17427,335.6335
19.7:  21.98297,-28.17477,336.0157
19.72:  21.74639,-28.17528,336.398
19.73:  21.51156,-28.17578,336.7739
19.75:  21.27096,-28.17628,337.1498
19.77:  21.03623,-28.17628,337.5258
19.78:  20.78515,-28.17728,337.8953
19.8:  20.54717,-28.17778,338.2712
19.82:  20.30832,-28.17778,338.6535
19.83:  20.0682,-28.1788,339.0294
19.85:  19.8244,-28.1788,339.4053
19.87:  19.58535,-28.17981,339.7813
19.88:  19.34159,-28.17981,340.1572
19.9:  19.09626,-28.18008,340.5394
19.92:  18.85272,-28.1806,340.9217
19.93:  18.61008,-28.18112,341.3039
19.95:  18.36477,-28.18164,341.6862
19.97:  18.12329,-28.18217,342.0748
19.98:  17.87033,-28.18217,342.4697
20:  17.62959,-28.18325,342.871
20.02:  17.38223,-28.18381,343.2786
20.03:  17.13992,-28.18381,343.6989
20.05:  16.88592,-28.18497,344.1255
20.07:  16.64193,-28.18497,344.5584
20.08:  16.40091,-28.18539,344.9914
20.1:  16.15342,-28.186,345.4307
20.12:  15.9054,-28.18661,345.8763
20.13:  15.65918,-28.18661,346.3283
20.15:  15.41096,-28.18709,346.7802
20.17:  15.16718,-28.18771,347.2322
20.18:  14.91701,-28.18833,347.6842
20.2:  14.66248,-28.18896,348.1362
20.22:  14.41898,-28.18896,348.5881
20.23:  14.16793,-28.18896,349.0338
20.25:  13.92648,-28.18896,349.4857
20.27:  13.67185,-28.18896,349.9377
20.28:  13.42882,-28.18896,350.396
20.3:  13.18166,-28.18896,350.8607
20.32:  12.9367,-28.18896,351.338
20.33:  12.6923,-28.18896,351.8153
20.35:  12.44529,-28.18928,352.299
20.37:  12.20184,-28.18996,352.789
20.38:  11.95148,-28.19064,353.279
20.4:  11.70195,-28.19132,353.769
20.42:  11.45234,-28.19201,354.2653
20.43:  11.20538,-28.1996,354.768
20.45:  10.95489,-28.2203,355.277
20.47:  10.70827,-28.23836,355.8113
20.48:  10.4497,-28.25482,356.3584
20.5:  10.2004,-28.26824,356.9181
20.52:  9.951314,-28.27916,357.4905
20.53:  9.704403,-28.28751,358.0629
20.55:  9.454013,-28.29344,358.6416
20.57:  9.208733,-28.29675,359.2267
20.58:  8.95692,-28.29753,359.8244
20.6:  8.706853,-28.29566,0.4285034
20.62:  8.457479,-28.29113,1.038921
20.63:  8.208139,-28.28395,1.649339
20.65:  7.957246,-28.27405,2.259757
20.67:  7.710763,-28.2617,2.870175
20.68:  7.459519,-28.24639,3.486931
20.7:  7.210854,-28.22846,4.122701
20.72:  6.954201,-28.20713,4.752132
20.73:  6.710887,-28.18407,5.413253
20.75:  6.460205,-28.15737,6.080712
20.78:  6.216178,-28.12844,6.760847
20.8:  5.959895,-28.09488,7.459994
20.82:  5.720396,-28.06051,8.165481
20.83:  5.463001,-28.02031,8.877305
20.85:  5.221424,-27.97947,9.595467
20.87:  4.976795,-27.93479,10.35166
20.88:  4.734607,-27.88721,11.11418
20.9:  4.48968,-27.83564,11.88939
20.92:  4.244582,-27.78051,12.67727
20.93:  4.002871,-27.72264,13.46514
20.95:  3.761125,-27.66123,14.25302
20.97:  3.510489,-27.59388,15.0409
20.98:  3.273941,-27.52681,15.82878
21:  3.037441,-27.45623,16.61666
21.02:  2.795614,-27.38043,17.40454
21.03:  2.56031,-27.3031,18.19242
21.05:  2.331694,-27.20386,18.9803
21.07:  2.108405,-27.0817,19.76817
21.08:  1.904356,-26.94098,20.55605
21.1:  1.702517,-26.77714,21.34393
21.12:  1.53097,-26.6094,22.13181
21.13:  1.373199,-26.42309,22.91969
21.15:  1.232727,-26.21982,23.70757
21.17:  1.122805,-26.00937,24.49545
21.18:  1.037253,-25.78595,25.28332
21.2:  0.9863561,-25.54559,26.0712
21.22:  0.968895,-25.29637,26.85908
21.23:  0.9758555,-25.04616,27.64696
21.25:  0.9924898,-24.79919,28.43484
21.27:  1.027371,-24.5492,29.22272
21.28:  1.081446,-24.31166,30.0106
21.3:  1.149799,-24.06591,30.79848
21.32:  1.22501,-23.8222,31.58636
21.33:  1.308198,-23.5807,32.37424
21.35:  1.396712,-23.34339,33.16212
21.37:  1.500541,-23.10955,33.95
21.38:  1.613558,-22.87601,34.73788
21.4:  1.725647,-22.65753,35.52576
21.42:  1.850547,-22.4377,36.31364
21.43:  1.985627,-22.22662,37.10152
21.45:  2.129715,-22.02568,37.8894
21.47:  2.290548,-21.82476,38.67728
21.48:  2.444649,-21.63759,39.46515
21.5:  2.607998,-21.44466,40.25303
21.52:  2.77793,-21.24945,41.04091
21.53:  2.941341,-21.06687,41.82879
21.55:  3.108172,-20.88555,42.61667
21.57:  3.280149,-20.70372,43.40456
21.58:  3.45177,-20.52719,44.19243
21.6:  3.635412,-20.34342,44.98031
21.62:  3.819257,-20.18116,45.76186
21.63:  4.012687,-20.02468,46.54339
21.65:  4.213299,-19.87616,47.33127
21.67:  4.430278,-19.74125,48.11915
21.68:  4.647828,-19.61616,48.90069
21.7:  4.873226,-19.49891,49.68857
21.72:  5.113196,-19.38995,50.47011
21.73:  5.341596,-19.29321,51.25165
21.75:  5.573175,-19.19883,52.03319
21.77:  5.807006,-19.10794,52.81473
21.78:  6.037279,-19.0245,53.59627
21.8:  6.276811,-18.94134,54.37147
21.82:  6.513026,-18.86043,55.14668
21.83:  6.752593,-18.78447,55.92188
21.85:  6.990387,-18.71575,56.69708
21.87:  7.231667,-18.65199,57.47229
21.88:  7.472598,-18.59495,58.24749
21.9:  7.729247,-18.54775,59.0227
21.92:  7.968408,-18.5102,59.7979
21.93:  8.216603,-18.47464,60.56676
21.95:  8.458659,-18.44418,61.34197
21.97:  8.706345,-18.41633,62.09816
21.98:  8.95077,-18.39202,62.83534
22:  9.207972,-18.37213,63.56617
22.02:  9.44969,-18.35874,64.297
22.03:  9.696843,-18.34916,65.02785
22.05:  9.944336,-18.34497,65.75868
22.07:  10.19367,-18.34164,66.48318
22.08:  10.44043,-18.34368,67.20135
22.1:  10.68789,-18.34883,67.9195
22.12:  10.93641,-18.35707,68.62498
22.13:  11.18424,-18.36825,69.31146
22.15:  11.42938,-18.37994,69.97892
22.17:  11.6778,-18.39682,70.6147
22.18:  11.92297,-18.41614,71.23145
22.2:  12.17144,-18.43824,71.81018
22.22:  12.41978,-18.46597,72.35088
22.23:  12.66272,-18.49837,72.82187
22.25:  12.90625,-18.5447,73.19778
22.27:  13.15008,-18.5955,73.42793
22.28:  13.38837,-18.65108,73.52499
22.3:  13.64206,-18.70889,73.51033
22.32:  13.88017,-18.76475,73.38792
22.33:  14.12239,-18.82204,73.21482
22.35:  14.36434,-18.87828,72.99101
22.37:  14.60887,-18.93601,72.70383
22.38:  14.84977,-18.98927,72.37228
22.4:  15.09554,-19.04418,72.01537
22.42:  15.33613,-19.10435,71.61411
22.43:  15.57127,-19.17385,71.19382
22.45:  15.8031,-19.24588,70.72917
22.47:  16.03747,-19.31593,70.23284
22.48:  16.27182,-19.38568,69.70481
22.5:  16.50828,-19.45352,69.13876
22.52:  16.74114,-19.5192,68.53468
22.53:  16.97664,-19.59048,67.91159
22.55:  17.21183,-19.66438,67.27581
22.57:  17.45089,-19.74215,66.62103
22.58:  17.68446,-19.8187,65.94724
22.6:  17.91934,-19.89609,65.26711
22.62:  18.15333,-19.97375,64.58064
22.63:  18.38221,-20.05028,63.89417
22.65:  18.61338,-20.12629,63.20136
22.67:  18.84534,-20.20312,62.50854
22.68:  19.08192,-20.28206,61.81573
22.7:  19.31414,-20.35821,61.12292
22.72:  19.54192,-20.42986,60.43012
22.73:  19.7781,-20.5045,59.7373
22.75:  20.01374,-20.57946,59.04449
22.77:  20.25034,-20.65689,58.35802
22.78:  20.49006,-20.7338,57.66521
22.8:  20.72929,-20.81135,56.9724
22.82:  20.96801,-20.88556,56.27959
22.83:  21.20481,-20.958,55.58044
22.85:  21.43871,-21.02842,54.88129
22.87:  21.67297,-21.10348,54.17581
22.88:  21.9006,-21.17887,53.45765
22.9:  22.12953,-21.26083,52.74583
22.92:  22.36218,-21.34224,52.02132
22.93:  22.59477,-21.42393,51.29682
22.95:  22.82574,-21.50662,50.56598
22.97:  23.05924,-21.59137,49.83515
22.98:  23.28802,-21.67461,49.10431
23:  23.52367,-21.76054,48.37347
23.02:  23.75754,-21.84598,47.64263
23.03:  23.99285,-21.93207,46.9118
23.05:  24.22878,-22.0173,46.18096
23.07:  24.46682,-22.10695,45.45012
23.08:  24.69856,-22.1934,44.76365
23.1:  24.93436,-22.27864,44.17858
23.12:  25.1737,-22.36432,43.77098
23.13:  25.41047,-22.44818,43.57887
23.15:  25.64955,-22.5327,43.54519
23.17:  25.88447,-22.61574,43.54519
23.18:  26.12906,-22.69174,43.57886
23.2:  26.37119,-22.76435,43.75196
23.22:  26.62944,-22.80507,44.04548
23.23:  26.86437,-22.81457,44.47211
23.25:  27.10695,-22.79042,45.02548
23.27:  27.34469,-22.72592,45.71195
23.28:  27.58125,-22.63267,46.47448
23.3:  27.8005,-22.52196,47.26236
23.32:  28.01824,-22.39242,48.05024
23.33:  28.23115,-22.25523,48.83812
23.35:  28.43456,-22.11104,49.626
23.37:  28.63918,-21.96422,50.41388
23.38:  28.84119,-21.82049,51.20176
23.4:  29.04802,-21.67758,51.98964
23.42:  29.25695,-21.53741,52.77751
23.43:  29.46714,-21.40056,53.56539
23.45:  29.67749,-21.26768,54.35327
23.47:  29.8922,-21.1303,55.14115
23.48:  30.09423,-20.99366,55.92903
23.5:  30.30241,-20.857,56.7169
23.52:  30.51686,-20.72041,57.50478
23.53:  30.72947,-20.58906,58.29267
23.55:  30.94127,-20.4622,59.08054
23.57:  31.15887,-20.3359,59.86842
23.58:  31.36842,-20.2181,60.6563
23.6:  31.56113,-20.11323,61.44418
23.62:  31.73587,-20.02122,62.23206
23.63:  31.8873,-19.94413,63.01994
23.65:  32.01737,-19.88015,63.80782
23.67:  32.12038,-19.83123,64.5957
23.68:  32.18839,-19.80006,65.38357
23.7:  32.22223,-19.78512,66.17146
23.72:  32.22223,-19.78512,66.95933
23.73:  32.22223,-19.78512,67.74722
23.75:  32.22223,-19.78512,68.5351
23.77:  32.22223,-19.78512,69.32298
23.78:  32.22223,-19.78512,70.11086
23.8:  32.22223,-19.78512,70.89873
23.82:  32.22223,-19.78512,71.68661
23.83:  32.22223,-19.78512,72.47448
23.85:  32.22223,-19.78512,73.26237
23.87:  32.22223,-19.78512,74.05024
23.88:  32.22223,-19.78512,74.83813
23.9:  32.22223,-19.78512,75.626
23.92:  32.22223,-19.78512,76.41388
23.93:  32.22223,-19.78512,77.20176
23.95:  32.22223,-19.78512,77.98964
23.97:  32.22223,-19.78512,78.77752
23.98:  32.22223,-19.78512,79.56539
24:  32.22223,-19.78512,80.35328
24.02:  32.22223,-19.78512,81.14115
24.03:  32.22223,-19.78512,81.92903
24.05:  32.23189,-19.78389,82.7169
24.07:  32.25327,-19.77395,83.50478
24.08:  32.2805,-19.75675,84.29266
24.1:  32.31995,-19.72873,85.08054
24.12:  32.36477,-19.69568,85.86842
24.13:  32.41652,-19.65578,86.6563
24.15:  32.47786,-19.61165,87.44418
24.17:  32.5481,-19.56247,88.23205
24.18:  32.62231,-19.51277,89.01993
24.2:  32.70301,-19.45942,89.8078
24.22:  32.78664,-19.40896,90.59568
24.23:  32.875,-19.36024,91.38356
24.25:  32.96896,-19.31287,92.17144
24.27:  33.06743,-19.26624,92.95932
24.28:  33.16626,-19.22109,93.7472
24.3:  33.26487,-19.17767,94.53508
24.32:  33.36591,-19.13482,95.32296
24.33:  33.46553,-19.09419,96.11085
24.35:  33.56944,-19.05346,96.89872
24.37:  33.66583,-19.01473,97.6866
24.38:  33.75222,-18.97627,98.47447
24.4:  33.8399,-18.93867,99.26235
24.42:  33.92333,-18.90364,100.0502
24.43:  34.00745,-18.86745,100.8381
24.45:  34.09208,-18.83242,101.626
24.47:  34.17622,-18.80111,102.4139
24.48:  34.25903,-18.77016,103.2017
24.5:  34.33963,-18.73986,103.9896
24.52:  34.41579,-18.71377,104.7775
24.53:  34.48857,-18.69066,105.5654
24.55:  34.56321,-18.66949,106.3533
24.57:  34.63477,-18.6475,107.1411
24.58:  34.70639,-18.63007,107.929
24.6:  34.7826,-18.61181,108.7169
24.62:  34.85709,-18.59368,109.5048
24.63:  34.93137,-18.57669,110.2926
24.65:  35.00509,-18.56089,111.0805
24.67:  35.08048,-18.54581,111.8684
24.68:  35.15674,-18.53165,112.6563
24.7:  35.23075,-18.51693,113.4442
24.72:  35.31215,-18.49763,114.2321
24.73:  35.3903,-18.47827,115.0199
24.75:  35.46982,-18.45974,115.8078
24.77:  35.55033,-18.44214,116.5957
24.78:  35.63245,-18.41964,117.3836
24.8:  35.722,-18.3907,118.1715
24.82:  35.81161,-18.35785,118.9593
24.83:  35.91027,-18.31307,119.7472
24.85:  36.01451,-18.26123,120.5351
24.87:  36.12476,-18.20379,121.323
24.88:  36.24024,-18.14236,122.1108
24.9:  36.3649,-18.06755,122.8987
24.92:  36.50109,-17.98582,123.6866
24.93:  36.63512,-17.90549,124.4745
24.95:  36.77234,-17.8209,125.2624
24.97:  36.91501,-17.73828,126.0502
24.98:  37.05634,-17.6579,126.8381
25:  37.20244,-17.57372,127.626
25.02:  37.35221,-17.488,128.4139
25.03:  37.50576,-17.40081,129.2018
25.05:  37.66488,-17.3123,129.9896
25.07:  37.81889,-17.22938,130.7775
25.08:  37.97846,-17.14529,131.5654
25.1:  38.14417,-17.0615,132.3533
25.12:  38.31271,-16.97724,133.1412
25.13:  38.4896,-16.89345,133.929
25.15:  38.67419,-16.81071,134.7169
25.17:  38.85051,-16.73364,135.5048
25.18:  39.04382,-16.65388,136.2927
25.2:  39.23076,-16.58216,137.0806
25.22:  39.4253,-16.50863,137.8684
25.23:  39.62444,-16.44034,138.6563
25.25:  39.83637,-16.37745,139.4442
25.27:  40.05802,-16.31862,140.2321
25.28:  40.27884,-16.26447,141.0199
25.3:  40.51134,-16.22224,141.8078
25.32:  40.74942,-16.18341,142.5957
25.33:  40.98249,-16.14868,143.3836
25.35:  41.2239,-16.11712,144.1714
25.37:  41.46918,-16.09067,144.9593
25.38:  41.70671,-16.06624,145.7472
25.4:  41.95095,-16.0445,146.5351
25.42:  42.19312,-16.0263,147.323
25.43:  42.43315,-16.01158,148.1108
25.45:  42.67673,-16.00216,148.8987
25.47:  42.92032,-15.99393,149.6866
25.48:  43.16045,-15.99125,150.4745
25.5:  43.40421,-15.98973,151.2624
25.52:  43.64848,-15.99156,152.0502
25.53:  43.89207,-15.99889,152.8381
25.55:  44.13264,-16.00732,153.626
25.57:  44.37682,-16.02137,154.4075
25.58:  44.61633,-16.03612,155.1447
25.6:  44.85814,-16.05408,155.8692
25.62:  45.10201,-16.07528,156.5874
25.63:  45.34338,-16.09928,157.2992
25.65:  45.58227,-16.12598,157.9983
25.67:  45.82624,-16.15629,158.7038
25.68:  46.06171,-16.18636,159.4093
25.7:  46.30403,-16.21915,160.1085
25.72:  46.54876,-16.25415,160.8076
25.73:  46.79222,-16.28646,161.5068
25.75:  47.02956,-16.31211,162.2059
25.77:  47.27227,-16.34132,162.8987
25.78:  47.509,-16.36948,163.5852
25.8:  47.74999,-16.40092,164.2336
25.82:  48.00014,-16.42824,164.8631
25.83:  48.23458,-16.45177,165.4481
25.85:  48.47306,-16.47481,165.9825
25.87:  48.71659,-16.49475,166.4281
25.88:  48.95446,-16.51569,166.7787
25.9:  49.20478,-16.53376,166.9835
25.92:  49.44083,-16.54559,167.0045
25.93:  49.68447,-16.55714,167.0045
25.95:  49.92525,-16.56621,167.0045
25.97:  50.17192,-16.57551,167.0045
25.98:  50.41239,-16.58162,167.0045
26:  50.66045,-16.58014,167.0045
26.02:  50.90941,-16.5733,167.0045
26.03:  51.1556,-16.56173,167.0045
26.05:  51.40182,-16.54972,167.0045
26.07:  51.65068,-16.53273,167.0045
26.08:  51.90708,-16.51523,167.0045
26.1:  52.15462,-16.49555,167.0065
26.12:  52.40162,-16.47592,167.0084
26.13:  52.65054,-16.45617,167.0168
26.15:  52.89751,-16.43667,167.0378
26.17:  53.14753,-16.41464,167.0714
26.18:  53.39384,-16.39564,167.1431
26.2:  53.6514,-16.37379,167.2592
26.22:  53.89591,-16.35615,167.4259
26.23:  54.14777,-16.33637,167.6181
26.25:  54.39277,-16.31818,167.8609
26.27:  54.64402,-16.30092,168.1798
26.28:  54.88885,-16.28325,168.5367
26.3:  55.13743,-16.26454,168.9189
26.32:  55.39614,-16.2495,169.3392
26.33:  55.63586,-16.23506,169.7785
26.35:  55.88559,-16.21707,170.2241
26.37:  56.13561,-16.20106,170.6824
26.38:  56.38078,-16.18733,171.1407
26.4:  56.6301,-16.17537,171.599
26.42:  56.8807,-16.16536,172.0574
26.43:  57.13103,-16.15709,172.5093
26.45:  57.37669,-16.14872,172.955
26.47:  57.63047,-16.14162,173.3562
26.48:  57.87817,-16.13627,173.7195
26.5:  58.12926,-16.13218,174.0257
26.52:  58.3805,-16.12908,174.2495
26.53:  58.63479,-16.12665,174.4099
26.55:  58.88338,-16.12475,174.5196
26.57:  59.13766,-16.12313,174.5913
26.58:  59.38521,-16.12177,174.644
26.6:  59.63726,-16.12054,174.6777
26.62:  59.88969,-16.11943,174.705
26.63:  60.13947,-16.11844,174.7323
26.65:  60.38919,-16.11761,174.766
26.67:  60.64228,-16.11691,174.7997
26.68:  60.89019,-16.11637,174.8334
26.7:  61.14321,-16.11598,174.867
26.72:  61.39413,-16.11328,174.9007
26.73:  61.64589,-16.11318,174.9344
26.75:  61.89561,-16.11323,174.968
26.77:  62.14632,-16.11101,175.0081
26.78:  62.39517,-16.10903,175.0607
26.8:  62.65133,-16.1074,175.1514
26.82:  62.9004,-16.10638,175.2802
26.83:  63.15097,-16.106,175.4279
26.85:  63.40054,-16.10883,175.6074
26.87:  63.65382,-16.11269,175.8312
26.88:  63.90033,-16.11753,176.0803
26.9:  64.1524,-16.12376,176.3739
26.92:  64.40533,-16.13148,176.7054
26.93:  64.65542,-16.14069,177.0686
26.95:  64.90505,-16.14919,177.4636
26.97:  65.15393,-16.15953,177.8965
26.98:  65.40644,-16.17206,178.3548
27:  65.65664,-16.18906,178.8448
27.02:  65.90826,-16.20597,179.3602
27.03:  66.15852,-16.22516,179.9009
27.05:  66.40643,-16.24667,180.4733
27.07:  66.65887,-16.27119,181.0647
27.08:  66.90364,-16.29758,181.6688
27.1:  67.15455,-16.32982,182.2792
27.12:  67.40456,-16.36471,182.9023
27.13:  67.65275,-16.39975,183.5507
27.15:  67.89912,-16.43987,184.2055
27.17:  68.14869,-16.48343,184.8603
27.18:  68.39122,-16.52867,185.5214
27.2:  68.63867,-16.57527,186.1825
27.22:  68.88658,-16.62494,186.8437
27.23:  69.13144,-16.67691,187.4984
27.25:  69.37462,-16.73146,188.1596
27.27:  69.62045,-16.7896,188.8207
27.28:  69.86221,-16.84723,189.4818
27.3:  70.10352,-16.90523,190.1493
27.32:  70.35178,-16.96036,190.8357
27.33:  70.59727,-17.01298,191.5349
27.35:  70.83837,-17.06531,192.2467
27.37:  71.08549,-17.1222,192.9649
27.38:  71.32404,-17.18042,193.7147
27.4:  71.56649,-17.24305,194.4836
27.42:  71.80675,-17.30865,195.2715
27.43:  72.05437,-17.37993,196.0593
27.45:  72.28863,-17.45086,196.8472
27.47:  72.53302,-17.51302,197.6351
27.48:  72.77956,-17.55431,198.423
27.5:  73.03751,-17.57409,199.2109
27.52:  73.29667,-17.57881,199.9987
27.53:  73.55022,-17.55426,200.7866
27.55:  73.79821,-17.51744,201.5745
27.57:  74.05305,-17.45511,202.3624
27.58:  74.29098,-17.37451,203.1503
27.6:  74.52893,-17.28101,203.9381
27.62:  74.76267,-17.18002,204.726
27.63:  74.99744,-17.0749,205.5139
27.65:  75.22939,-16.96697,206.3018
27.67:  75.46115,-16.86088,207.0896
27.68:  75.6917,-16.76122,207.8775
27.7:  75.92847,-16.66271,208.6654
27.72:  76.16612,-16.56766,209.4533
27.73:  76.40398,-16.4763,210.2412
27.75:  76.64083,-16.38903,211.0291
27.77:  76.88393,-16.30325,211.8169
27.78:  77.12856,-16.22068,212.6048
27.8:  77.36395,-16.14483,213.3927
27.82:  77.60592,-16.07051,214.1806
27.83:  77.85509,-15.99772,214.9684
27.85:  78.09875,-15.92858,215.7563
27.87:  78.34421,-15.84982,216.5442
27.88:  78.58566,-15.76892,217.3321
27.9:  78.83141,-15.68673,218.12
27.92:  79.07838,-15.60789,218.9079
27.93:  79.325,-15.52935,219.6957
27.95:  79.57047,-15.44208,220.4836
27.97:  79.81582,-15.34334,221.2715
27.98:  80.0499,-15.24593,222.0594
28:  80.29974,-15.14114,222.8472
28.02:  80.53674,-15.04109,223.6351
28.03:  80.77597,-14.93322,224.423
28.05:  81.00932,-14.82192,225.2109
28.07:  81.24158,-14.70389,225.9987
28.08:  81.46792,-14.58424,226.7866
28.1:  81.6955,-14.46259,227.5745
28.12:  81.92371,-14.33922,228.3624
28.13:  82.14806,-14.21096,229.1503
28.15:  82.36133,-14.08207,229.9382
28.17:  82.57581,-13.94799,230.726
28.18:  82.77686,-13.80362,231.5139
28.2:  82.97513,-13.6504,232.3018
28.22:  83.17648,-13.49917,233.0897
28.23:  83.37698,-13.35283,233.8775
28.25:  83.57403,-13.1981,234.6654
28.27:  83.75027,-13.01372,235.4533
28.28:  83.8983,-12.8105,236.2412
28.3:  84.03395,-12.58888,237.0291
28.32:  84.15065,-12.36681,237.8169
28.33:  84.26204,-12.15058,238.6048
28.35:  84.37716,-11.93005,239.3927
28.37:  84.49581,-11.70577,240.1806
28.38:  84.61524,-11.48733,240.9685
28.4:  84.73978,-11.26683,241.7563
28.42:  84.86962,-11.04673,242.5442
28.43:  85,-10.83002,243.3321
28.45:  85.13205,-10.61721,244.12
28.47:  85.26719,-10.40595,244.9079
28.48:  85.40787,-10.19257,245.6957
28.5:  85.54859,-9.985365,246.4836
28.52:  85.69411,-9.777322,247.2715
28.53:  85.84219,-9.5717,248.0594
28.55:  85.99094,-9.371009,248.8473
28.57:  86.14355,-9.170933,249.6351
28.58:  86.29871,-8.973218,250.423
28.6:  86.45716,-8.776916,251.2109
28.62:  86.62479,-8.575005,251.9988
28.63:  86.78448,-8.387939,252.7867
28.65:  86.94067,-8.194719,253.5745
28.67:  87.08609,-7.989715,254.3624
28.68:  87.22413,-7.786,255.1503
28.7:  87.35108,-7.560205,255.9382
28.72:  87.45655,-7.340609,256.7261
28.73:  87.55078,-7.112665,257.5139
28.75:  87.62894,-6.881513,258.3018
28.77:  87.69422,-6.636321,259.0897
28.78:  87.74273,-6.390382,259.8776
28.8:  87.78618,-6.148128,260.6655
28.82:  87.82359,-5.90191,261.4533
28.83:  87.85739,-5.65501,262.2412
28.85:  87.89112,-5.411541,263.0291
28.87:  87.92882,-5.160248,263.817
28.88:  87.96894,-4.915789,264.6049
28.9:  88.01316,-4.671273,265.3927
28.92:  88.06065,-4.427874,266.1806
28.93:  88.11203,-4.179398,266.9685
28.95:  88.16579,-3.939194,267.7563
28.97:  88.22422,-3.693954,268.5443
28.98:  88.28419,-3.454286,269.3321
29:  88.35088,-3.202495,270.12
29.02:  88.42007,-2.966067,270.9079
29.03:  88.49344,-2.727561,271.6957
29.05:  88.5779,-2.493866,272.4836
29.07:  88.68807,-2.259462,273.2715
29.08:  88.81379,-2.034277,274.0594
29.1:  88.87838,-1.815269,274.8473
29.12:  88.87838,-1.597429,275.6351
29.13:  88.87838,-1.387292,276.423
29.15:  88.87838,-1.176535,277.2109
29.17:  88.87838,-0.9691919,277.9988
29.18:  88.87838,-0.7518611,278.7867
29.2:  88.88733,-0.5252646,279.5745
29.22:  88.9053,-0.2789605,280.3624
29.23:  88.90585,-0.03382222,281.0806
29.25:  88.91656,0.2156111,281.71
29.27:  88.85339,0.4662601,282.1747
29.28:  88.74757,0.6926453,282.4808
29.3:  88.6012,0.9066856,282.6096
29.32:  88.44214,1.099597,282.6179
29.33:  88.26492,1.276313,282.6179
29.35:  88.07863,1.439297,282.6159
29.37:  87.87014,1.58485,282.6013
29.38:  87.6647,1.724344,282.5803
29.4:  87.44269,1.852177,282.5466
29.42:  87.20938,1.972766,282.5066
29.43:  86.97956,2.080689,282.4476
29.45:  86.7475,2.178816,282.3696
29.47:  86.50747,2.268888,282.2028
29.48:  86.27261,2.345664,281.9473
29.5:  86.0324,2.420062,281.6094
29.52:  85.78798,2.488672,281.1955
29.55:  85.54772,2.551424,280.7118
29.57:  85.29644,2.606924,280.2091
29.58:  85.05377,2.648432,279.7064
29.6:  84.81094,2.687778,279.2038
29.62:  84.56172,2.725891,278.6948
29.63:  84.3133,2.761766,278.2174
29.65:  84.0663,2.795644,277.8098
29.67:  83.82036,2.8279,277.4719
29.68:  83.57802,2.858667,277.2354
29.7:  83.38213,2.882871,277.0433
29.72:  83.23916,2.90008,276.8639
29.73:  83.17264,2.907876,276.6844
29.75:  83.17264,2.907876,276.505
29.77:  83.17264,2.907876,276.3192
29.78:  83.17369,2.917773,276.0764
29.8:  83.17825,2.963323,275.7132
29.82:  83.18991,3.09058,275.2358
29.83:  83.24575,3.319911,274.6191
29.85:  83.30904,3.563877,273.8882
29.87:  83.36847,3.806684,273.1004
29.88:  83.42553,4.054494,272.3125
29.9:  83.4779,4.297129,271.5246
29.92:  83.52763,4.543988,270.7367
29.93:  83.57449,4.794303,269.9489
29.95:  83.61757,5.043341,269.1609
29.97:  83.65661,5.291916,268.3731
29.98:  83.69314,5.544211,267.5852
30:  83.7253,5.790112,266.7973
30.02:  83.75468,6.041669,266.0095
30.03:  83.78303,6.293449,265.2216
30.05:  83.80549,6.545774,264.4337
30.07:  83.82751,6.805418,263.6458
30.08:  83.84508,7.053047,262.8579
30.1:  83.85934,7.302729,262.0701
30.12:  83.87048,7.559468,261.2822
30.13:  83.87788,7.809329,260.4943
30.15:  83.88182,8.05827,259.7064
30.17:  83.88245,8.308042,258.9439
30.18:  83.88001,8.560047,258.2448
30.2:  83.8746,8.812206,257.571
30.22:  83.86639,9.063884,256.9288
30.23:  83.85532,9.318007,256.3058
30.25:  83.84181,9.568583,255.7144
30.27:  83.82581,9.819338,255.1483
30.28:  83.80668,10.07578,254.6393
30.3:  83.78405,10.32434,254.143
30.32:  83.76085,10.58511,253.7163
30.33:  83.7348,10.83352,253.3594
30.35:  83.70799,11.07962,253.1293
30.37:  83.67261,11.28739,253.0449
30.38:  83.66097,11.32547,253.0176
30.4:  83.66097,11.32547,253.0093
30.42:  83.66097,11.32547,253.0073
30.43:  83.66097,11.32547,253.0053
30.45:  83.66097,11.32547,253.0033
30.47:  83.66097,11.32547,253.0014
30.48:  83.66097,11.32547,252.9994
30.5:  83.66097,11.32547,252.9974
30.52:  83.66097,11.32547,252.9954
30.53:  83.66097,11.32547,252.9934
30.55:  83.66097,11.32547,252.9915
30.57:  83.66097,11.32547,252.9895
30.58:  83.6559,11.34206,252.9812
30.6:  83.61206,11.42734,252.9729
30.62:  83.51588,11.57432,252.9645
30.63:  83.37135,11.75676,252.9562
30.65:  83.20587,11.94478,252.9543
30.67:  83.04031,12.12954,252.9523
30.68:  82.86324,12.31696,252.9439
30.7:  82.68777,12.49478,252.9356
30.72:  82.49796,12.66033,252.921
30.73:  82.29783,12.81573,252.9127
30.75:  82.08362,12.95876,252.9043
30.77:  81.87363,13.08341,252.8897
30.78:  81.65381,13.20168,252.8813
30.8:  81.43262,13.31472,252.8667
30.82:  81.20098,13.42501,252.8457
30.83:  80.97745,13.5295,252.8184
30.85:  80.74137,13.63972,252.791
30.87:  80.5182,13.74008,252.7637
30.88:  80.28567,13.84243,252.73
30.9:  80.05876,13.93843,252.6964
30.92:  79.83093,14.03466,252.6627
30.93:  79.59942,14.13028,252.6354
30.95:  79.37161,14.22421,252.6017
30.97:  79.13969,14.31967,252.568
30.98:  78.90887,14.41456,252.5407
31:  78.68137,14.50795,252.5134
31.02:  78.44345,14.60549,252.486
31.03:  78.2134,14.69967,252.4587
31.05:  77.98234,14.79414,252.4314
31.07:  77.75779,14.88579,252.3977
31.08:  77.52586,14.98033,252.3704
31.1:  77.29855,15.07286,252.343
31.12:  77.06814,15.16648,252.3094
31.13:  76.83517,15.26103,252.282
31.15:  76.60653,15.35368,252.2547
31.17:  76.37634,15.44678,252.2147
31.18:  76.14251,15.54122,252.1874
31.2:  75.91405,15.63336,252.16
31.22:  75.68227,15.72669,252.1264
31.23:  75.45344,15.81867,252.0927
31.25:  75.21935,15.9126,252.059
31.27:  74.99073,16.00419,252.0254
31.28:  74.75693,16.09766,251.9853
31.3:  74.52876,16.18872,251.9517
31.32:  74.29749,16.28086,251.918
31.33:  74.06384,16.3738,251.8843
31.35:  73.83537,16.46452,251.8506
31.37:  73.60365,16.55634,251.8106
31.38:  73.36842,16.64939,251.777
31.4:  73.14217,16.73873,251.7433
31.42:  72.90924,16.83053,251.7033
31.43:  72.67547,16.92247,251.6633
31.45:  72.44354,17.01349,251.6233
31.47:  72.21491,17.10304,251.5833
31.48:  71.98189,17.19412,251.5433
31.5:  71.75163,17.28397,251.5096
31.52:  71.51833,17.37484,251.4759
31.53:  71.28774,17.4645,251.4423
31.55:  71.05531,17.55469,251.4023
31.57:  70.82481,17.64194,251.3622
31.58:  70.59334,17.73141,251.3286
31.6:  70.36021,17.82137,251.2949
31.62:  70.12969,17.91014,251.2549
31.63:  69.8839,18.00459,251.2149
31.65:  69.65781,18.09294,251.1749
31.67:  69.42952,18.18033,251.1412
31.68:  69.19602,18.27123,251.1012
31.7:  68.96899,18.35943,251.0612
31.72:  68.73745,18.45267,251.0212
31.73:  68.52809,18.54711,250.9875
31.75:  68.32068,18.64412,250.9475
31.77:  68.14069,18.73898,250.9138
31.78:  67.97435,18.83515,250.8738
31.8:  67.84128,18.91888,250.8402
31.82:  67.73415,18.99035,250.8002
31.83:  67.66752,19.03984,250.7665
31.85:  67.63626,19.07021,250.7328
31.87:  67.63309,19.07927,250.6992
31.88:  67.63309,19.07927,250.6655
31.9:  67.63309,19.07927,250.6255
31.92:  67.63309,19.07927,250.5981
31.93:  67.63309,19.07927,250.5582
31.95:  67.63309,19.07927,250.5245
31.97:  67.63309,19.07927,250.4845
31.98:  67.63309,19.07927,250.4508
32:  67.63309,19.07927,250.4171
32.02:  67.63309,19.07927,250.3835
32.03:  67.63309,19.07927,250.3498
32.05:  67.63309,19.07927,250.3161
32.07:  67.63309,19.07927,250.2824
32.08:  67.63309,19.07927,250.2488
32.1:  67.63309,19.07927,250.2151
32.12:  67.63309,19.07927,250.1814
32.13:  67.63309,19.07927,250.1541
32.15:  67.63309,19.07927,250.1268
32.17:  67.63309,19.07927,250.0931
32.18:  67.63309,19.07927,250.0658
32.2:  67.63309,19.07927,250.0321
32.22:  67.63309,19.07927,249.9921
32.23:  67.63309,19.07927,249.9584
32.25:  67.63309,19.07927,249.9184
32.27:  67.63309,19.07927,249.8848
32.28:  67.63309,19.07927,249.8511
32.3:  67.63309,19.07927,249.8174
32.32:  67.63309,19.07927,249.7838
32.33:  67.63309,19.07927,249.7501
32.35:  67.63309,19.07927,249.7164
32.37:  67.63309,19.07927,249.6827
32.38:  67.63309,19.07927,249.6491
32.4:  67.63309,19.07927,249.6217
32.42:  67.63309,19.07927,249.5881
32.43:  67.63309,19.07927,249.5544
32.45:  67.63309,19.07927,249.5271
32.47:  67.63309,19.07927,249.4934
32.48:  67.63309,19.07927,249.4597
32.5:  67.63309,19.07927,249.4261
32.52:  67.63309,19.07927,249.3987
32.53:  67.63309,19.07927,249.3651
32.55:  67.63309,19.07927,249.3314
32.57:  67.63309,19.07927,249.2977
32.58:  67.63309,19.07927,249.2641
32.6:  67.63309,19.07927,249.2304
32.62:  67.63309,19.07927,249.1967
32.63:  67.63309,19.07927,249.1694
32.65:  67.63309,19.07927,249.142
32.67:  67.63309,19.07927,249.1147
