ParticipantNo: 12013
Controller type: Gamepad
Training Level:
0.02:  82.7,18.5,270
0.04:  82.7,18.5,270
0.06:  82.7,18.5,270
0.08:  82.7,18.5,270
0.1:  82.7,18.5,270
0.11:  82.7,18.5,270
0.13:  82.7,18.5,270
0.15:  82.7,18.5,270
0.16:  82.7,18.5,270
0.18:  82.7,18.5,270
0.2:  82.7,18.5,270
0.21:  82.7,18.5,270
0.23:  82.7,18.5,270
0.25:  82.7,18.5,270
0.26:  82.7,18.5,270
0.28:  82.7,18.5,270
0.3:  82.7,18.5,270
0.31:  82.7,18.5,270
0.33:  82.7,18.5,270
0.35:  82.7,18.5,270
0.36:  82.7,18.5,270
0.38:  82.7,18.5,270
0.4:  82.7,18.5,270
0.41:  82.7,18.5,270
0.43:  82.7,18.5,270
0.45:  82.7,18.5,270
0.46:  82.7,18.5,270
0.48:  82.7,18.5,270
0.5:  82.7,18.5,270
0.51:  82.7,18.5,270
0.53:  82.7,18.5,270
0.55:  82.7,18.5,270
0.56:  82.7,18.5,270
0.58:  82.7,18.5,270
0.6:  82.7,18.5,270
0.61:  82.7,18.5,270
0.63:  82.7,18.5,270
0.65:  82.7,18.5,270
0.66:  82.7,18.5,270
0.68:  82.7,18.5,270
0.7:  82.7,18.5,270
0.71:  82.7,18.5,270
0.73:  82.7,18.5,270
0.75:  82.7,18.5,270
0.76:  82.7,18.5,270
0.78:  82.7,18.5,270
0.8:  82.7,18.5,270
0.81:  82.7,18.5,270
0.83:  82.7,18.5,270
0.85:  82.7,18.5,270
0.86:  82.7,18.5,270
0.88:  82.7,18.5,270
0.9:  82.7,18.5,270
0.91:  82.7,18.5,270
0.93:  82.7,18.5,270
0.95:  82.7,18.5,270
0.96:  82.7,18.5,270
0.98:  82.7,18.5,270
1:  82.7,18.5,270
1.01:  82.7,18.5,270
1.03:  82.7,18.5,270
1.05:  82.7,18.5,270
1.06:  82.7,18.5,270
1.08:  82.7,18.5,270
1.1:  82.7,18.5,270
1.11:  82.7,18.5,270
1.13:  82.7,18.5,270
1.15:  82.7,18.5,270
1.16:  82.7,18.5,270
1.18:  82.7,18.5,270
1.2:  82.7,18.5,270
1.21:  82.7,18.5,270
1.23:  82.7,18.5,270
1.25:  82.7,18.5,270
1.26:  82.7,18.5,270
1.28:  82.7,18.5,270
1.3:  82.7,18.5,270
1.31:  82.7,18.5,270
1.33:  82.7,18.5,270
1.35:  82.7,18.5,270
1.36:  82.7,18.5,270
1.38:  82.7,18.5,270
1.4:  82.7,18.5,270
1.41:  82.7,18.5,270
1.43:  82.7,18.5,270
1.45:  82.7,18.5,270
1.46:  82.7,18.5,270
1.48:  82.7,18.5,270
1.5:  82.7,18.5,270
1.51:  82.7,18.5,270
1.53:  82.7,18.5,270
1.55:  82.7,18.5,270
1.56:  82.7,18.5,270
1.58:  82.7,18.5,270
1.6:  82.7,18.5,270
1.61:  82.7,18.5,270
1.63:  82.7,18.5,270
1.65:  82.7,18.5,270
1.66:  82.7,18.5,270
1.68:  82.7,18.5,270
1.7:  82.7,18.5,270
1.71:  82.7,18.5,270
1.73:  82.7,18.5,270
1.75:  82.7,18.5,270
1.76:  82.7,18.5,270
1.78:  82.7,18.5,270
1.8:  82.7,18.5,270
1.81:  82.7,18.5,270
1.83:  82.7,18.5,270
1.85:  82.7,18.5,270
1.86:  82.7,18.5,270
1.88:  82.7,18.5,270
1.9:  82.7,18.5,270
1.91:  82.7,18.5,270
1.93:  82.7,18.5,270
1.95:  82.7,18.5,270
1.97:  82.7,18.5,270
1.98:  82.7,18.5,270
2:  82.7,18.5,270
2.01:  82.7,18.5,270
2.03:  82.7,18.5,270
2.05:  82.7,18.5,270
2.06:  82.7,18.5,270
2.08:  82.7,18.5,270
2.1:  82.7,18.5,270
2.11:  82.7,18.5,270
2.13:  82.7,18.5,270
2.15:  82.7,18.5,270
2.16:  82.7,18.5,270
2.18:  82.7,18.5,270
2.2:  82.7,18.5,270
2.21:  82.7,18.5,270
2.23:  82.7,18.5,270
2.25:  82.7,18.5,270
2.26:  82.7,18.5,270
2.28:  82.7,18.5,270
2.3:  82.7,18.5,270
2.31:  82.7,18.5,269.998
2.33:  82.7,18.5,269.9897
2.35:  82.7,18.5,269.937
2.36:  82.7,18.5,269.7069
2.38:  82.7,18.5,269.2549
2.4:  82.7,18.5,268.6191
2.41:  82.7,18.5,267.8693
2.43:  82.7,18.5,267.1194
2.45:  82.7,18.5,266.3696
2.46:  82.7,18.5,265.6197
2.48:  82.7,18.5,264.8699
2.5:  82.7,18.5,264.12
2.52:  82.7,18.5,263.3702
2.53:  82.7,18.5,262.6203
2.55:  82.7,18.5,261.8705
2.56:  82.7,18.5,261.1143
2.58:  82.7,18.5,260.3517
2.6:  82.7,18.5,259.5892
2.61:  82.7,18.5,258.8267
2.63:  82.7,18.5,258.0642
2.65:  82.7,18.5,257.3016
2.66:  82.7,18.5,256.5391
2.68:  82.7,18.5,255.7766
2.7:  82.7,18.5,255.0141
2.72:  82.7,18.5,254.2515
2.73:  82.7,18.5,253.4827
2.75:  82.7,18.5,252.7138
2.76:  82.7,18.5,251.9513
2.78:  82.7,18.5,251.1888
2.8:  82.7,18.5,250.4262
2.81:  82.7,18.5,249.6637
2.83:  82.7,18.5,248.9012
2.85:  82.7,18.5,248.1386
2.86:  82.7,18.5,247.3698
2.88:  82.7,18.5,246.6073
2.9:  82.7,18.5,245.8321
2.91:  82.7,18.5,245.0569
2.93:  82.7,18.5,244.269
2.95:  82.7,18.5,243.4938
2.96:  82.7,18.5,242.7122
2.98:  82.7,18.5,241.9307
3:  82.7,18.5,241.1428
3.01:  82.7,18.5,240.3613
3.03:  82.7,18.5,239.5734
3.05:  82.7,18.5,238.7855
3.06:  82.7,18.5,237.9976
3.08:  82.7,18.5,237.2097
3.1:  82.7,18.5,236.4219
3.11:  82.7,18.5,235.634
3.13:  82.7,18.5,234.8461
3.15:  82.7,18.5,234.0582
3.16:  82.7,18.5,233.2704
3.18:  82.7,18.5,232.4825
3.2:  82.7,18.5,231.6946
3.21:  82.7,18.5,230.9067
3.23:  82.7,18.5,230.1188
3.25:  82.7,18.5,229.331
3.26:  82.7,18.5,228.5431
3.28:  82.7,18.5,227.7552
3.3:  82.7,18.5,226.9673
3.31:  82.7,18.5,226.1794
3.33:  82.7,18.5,225.3916
3.35:  82.7,18.5,224.6037
3.36:  82.7,18.5,223.8158
3.38:  82.7,18.5,223.0279
3.4:  82.7,18.5,222.2401
3.41:  82.7,18.5,221.4522
3.43:  82.7,18.5,220.6643
3.45:  82.7,18.5,219.8764
3.46:  82.7,18.5,219.0885
3.48:  82.7,18.5,218.3007
3.5:  82.7,18.5,217.5128
3.51:  82.7,18.5,216.7249
3.53:  82.7,18.5,215.937
3.55:  82.7,18.5,215.1491
3.56:  82.7,18.5,214.3613
3.58:  82.7,18.5,213.5734
3.6:  82.7,18.5,212.7855
3.61:  82.7,18.5,211.9976
3.63:  82.7,18.5,211.2097
3.65:  82.7,18.5,210.4219
3.66:  82.7,18.5,209.634
3.68:  82.7,18.5,208.8461
3.7:  82.7,18.5,208.0582
3.71:  82.7,18.5,207.2704
3.73:  82.66858,18.43694,206.4825
3.75:  82.62704,18.22992,205.6946
3.76:  82.58048,17.97999,204.9891
3.78:  82.53577,17.72678,204.4484
3.8:  82.49308,17.46302,204.1612
3.81:  82.45965,17.23225,204.1086
3.83:  82.43515,17.09366,204.0622
3.85:  82.43515,17.09366,204.0222
3.86:  82.43515,17.09366,203.9885
3.88:  82.43515,17.09366,203.9612
3.9:  82.43515,17.09366,203.9339
3.91:  82.43515,17.09366,203.9065
3.93:  82.43515,17.09366,203.8792
3.95:  82.43515,17.09366,203.8582
3.96:  82.43515,17.09366,203.8245
3.98:  82.43515,17.09366,203.7972
4:  82.43515,17.09366,203.7699
4.01:  82.43515,17.09366,203.7489
4.03:  82.43515,17.09366,203.7279
4.05:  82.43515,17.09366,203.7069
4.06:  82.43515,17.09366,203.6859
4.08:  82.43515,17.09366,203.6649
4.1:  82.43515,17.09366,203.6502
4.12:  82.43515,17.09366,203.6292
4.13:  82.43515,17.09366,203.6083
4.15:  82.43515,17.09366,203.5936
4.16:  82.43515,17.09366,203.5726
4.18:  82.43515,17.09366,203.5516
4.2:  82.43515,17.09366,203.5369
4.21:  82.43515,17.09366,203.5223
4.23:  82.43515,17.09366,203.5076
4.25:  82.43515,17.09366,203.493
4.26:  82.43515,17.09366,203.472
4.28:  82.43515,17.09366,203.451
4.3:  82.43515,17.09366,203.4237
4.31:  82.44584,17.11837,203.3963
4.33:  82.49194,17.22505,203.369
4.35:  82.58136,17.43247,203.3226
4.36:  82.67835,17.658,203.27
4.38:  82.77641,17.8868,203.1983
4.4:  82.8754,18.11879,203.1076
4.41:  82.95251,18.33218,202.9471
4.43:  82.99606,18.4679,202.717
4.45:  82.99606,18.4679,202.3474
4.46:  82.99606,18.4679,201.8574
4.48:  82.99606,18.4679,201.19
4.5:  82.99606,18.4679,200.4021
4.51:  82.99606,18.4679,199.6142
4.53:  82.99606,18.4679,198.8263
4.55:  82.99606,18.4679,198.0384
4.56:  82.99606,18.4679,197.2506
4.58:  82.99606,18.4679,196.4627
4.6:  83.00343,18.49414,195.6748
4.61:  83.03048,18.59591,194.8869
4.63:  83.07175,18.76021,194.099
4.65:  83.11635,18.94874,193.3112
4.66:  83.15778,19.13523,192.5233
4.68:  83.19757,19.32681,191.7354
4.7:  83.22987,19.49234,191.0426
4.71:  83.24211,19.55748,190.635
4.73:  83.24211,19.55748,190.6203
4.75:  83.24211,19.55748,190.6057
4.76:  83.24211,19.55748,190.591
4.78:  83.24211,19.55748,190.5764
4.8:  83.24211,19.55748,190.5617
4.81:  83.24211,19.55748,190.547
4.83:  83.24211,19.55748,190.5324
4.85:  83.24211,19.55748,190.5177
4.86:  83.24211,19.55748,190.5031
4.88:  83.24211,19.55748,190.4884
4.9:  83.24211,19.55748,190.4738
4.92:  83.24211,19.55748,190.4591
4.93:  83.24211,19.55748,190.4445
4.95:  83.24211,19.55748,190.4298
4.96:  83.24211,19.55748,190.4151
4.98:  83.24211,19.55748,190.4005
5:  83.24211,19.55748,190.3922
5.01:  83.24211,19.55748,190.3775
5.03:  83.24211,19.55748,190.3565
5.05:  83.24211,19.55748,190.3419
5.06:  83.24211,19.55748,190.3272
5.08:  83.24211,19.55748,190.3189
5.1:  83.24211,19.55748,190.3042
5.11:  83.24211,19.55748,190.2896
5.13:  83.24211,19.55748,190.2749
5.15:  83.24211,19.55748,190.2603
5.16:  83.24211,19.55748,190.2519
5.18:  83.24211,19.55748,190.2309
5.2:  83.24211,19.55748,190.2163
5.21:  83.24211,19.55748,190.2016
5.23:  83.24211,19.55748,190.1806
5.25:  83.24211,19.55748,190.166
5.26:  83.24211,19.55748,190.1513
5.28:  83.24211,19.55748,190.1367
5.3:  83.24211,19.55748,190.122
5.31:  83.24211,19.55748,190.1074
5.33:  83.24211,19.55748,190.0927
5.35:  83.24211,19.55748,190.078
5.36:  83.24211,19.55748,190.0697
5.38:  83.24211,19.55748,190.0614
5.4:  83.24211,19.55748,190.0531
5.41:  83.24211,19.55748,190.0384
5.43:  83.24211,19.55748,190.0238
5.45:  83.24211,19.55748,190.0155
5.46:  83.24211,19.55748,190.0135
5.48:  83.24211,19.55748,190.0115
5.5:  83.24211,19.55748,190.0095
5.51:  83.24211,19.55748,190.0075
5.53:  83.24211,19.55748,190.0056
5.55:  83.24211,19.55748,190.0036
5.56:  83.24211,19.55748,190.0036
5.58:  83.24211,19.55748,190.0016
5.6:  83.24211,19.55748,190.0016
5.61:  83.24211,19.55748,189.9996
5.63:  83.24211,19.55748,189.9996
5.65:  83.24211,19.55748,189.9976
5.66:  83.24211,19.55748,189.9957
5.68:  83.24211,19.55748,189.9937
5.7:  83.24211,19.55748,189.9917
5.71:  83.24211,19.55748,189.9897
5.73:  83.24211,19.55748,189.9877
5.75:  83.24211,19.55748,189.9858
5.76:  83.24211,19.55748,189.9838
5.78:  83.24211,19.55748,189.9818
5.8:  83.24211,19.55748,189.9798
5.81:  83.24211,19.55748,189.9778
5.83:  83.2289,19.48237,189.9759
5.85:  83.19219,19.27352,189.9675
5.86:  83.14944,19.03008,189.9592
5.88:  83.10575,18.78102,189.9509
5.9:  83.06247,18.53395,189.9362
5.91:  83.01945,18.28817,189.9279
5.93:  82.97638,18.04187,189.9196
5.95:  82.93349,17.7964,189.9113
5.96:  82.89068,17.55121,189.903
5.98:  82.84742,17.30319,189.8947
6:  82.80412,17.05477,189.8863
6.01:  82.76155,16.81029,189.878
6.03:  82.71868,16.5639,189.8697
6.05:  82.67445,16.30948,189.8614
6.06:  82.63345,16.07336,189.8531
6.08:  82.59036,15.82523,189.8511
6.1:  82.5463,15.57146,189.8491
6.11:  82.50388,15.32711,189.8471
6.13:  82.46167,15.0837,189.8388
6.15:  82.41949,14.84025,189.8305
6.17:  82.37726,14.59647,189.8285
6.18:  82.33269,14.33917,189.8265
6.2:  82.29097,14.09826,189.8245
6.21:  82.24854,13.85318,189.8226
6.23:  82.20611,13.6079,189.8142
6.25:  82.16336,13.36058,189.8059
6.26:  82.12154,13.11855,189.8039
6.28:  82.07835,12.86841,189.7956
6.3:  82.03583,12.62187,189.7873
6.32:  81.99343,12.3761,189.7873
6.33:  81.94915,12.11942,189.7873
6.35:  81.90749,11.87789,189.7873
6.36:  81.86596,11.63752,189.802
6.38:  81.82297,11.3918,189.9244
6.4:  81.77832,11.143,190.1735
6.41:  81.73304,10.89986,190.5494
6.43:  81.69503,10.65292,190.9951
6.45:  81.67367,10.40088,191.5548
6.46:  81.66175,10.15067,192.1906
6.48:  81.6562,9.892283,192.8643
6.5:  81.65,9.637387,193.5635
6.51:  81.65253,9.378008,194.269
6.53:  81.66493,9.120477,194.9872
6.55:  81.69405,8.85997,195.7307
6.56:  81.72874,8.61588,196.4932
6.58:  81.76761,8.371891,197.2621
6.6:  81.81674,8.125494,198.0499
6.61:  81.88575,7.876156,198.8378
6.63:  81.95865,7.647727,199.6257
6.65:  82.04481,7.418072,200.4072
6.66:  82.15,7.200871,201.1888
6.68:  82.2674,6.978774,201.9703
6.7:  82.39307,6.77212,202.7519
6.71:  82.53888,6.566964,203.5397
6.73:  82.69354,6.373224,204.3276
6.75:  82.8513,6.185948,205.1155
6.76:  83.00793,6.001691,205.9034
6.78:  83.1644,5.812423,206.6913
6.8:  83.31969,5.620808,207.4791
6.81:  83.47159,5.428017,208.267
6.83:  83.61873,5.234285,209.0549
6.85:  83.76598,5.036473,209.8364
6.86:  83.89961,4.831251,210.618
6.88:  84.03124,4.616636,211.4059
6.9:  84.15037,4.397046,212.1937
6.91:  84.26322,4.166219,212.9816
6.93:  84.37095,3.935013,213.7695
6.95:  84.47283,3.7,214.5574
6.96:  84.56599,3.468106,215.3452
6.98:  84.66071,3.222606,216.1331
7:  84.74818,2.98626,216.921
7.01:  84.83141,2.751534,217.7089
7.03:  84.91259,2.512188,218.4967
7.05:  84.99104,2.269976,219.2847
7.06:  85.06419,2.03308,220.0725
7.08:  85.13709,1.784891,220.8604
7.1:  85.20722,1.533428,221.6483
7.11:  85.27091,1.292317,222.4362
7.13:  85.3328,1.044227,223.224
7.15:  85.38952,0.8027776,224.0119
7.16:  85.44357,0.5575974,224.7998
7.18:  85.49542,0.3059478,225.5877
7.2:  85.54392,0.05303219,226.3756
7.21:  85.58733,-0.1914584,227.1634
7.23:  85.62827,-0.4419932,227.9513
7.25:  85.66556,-0.6917099,228.7392
7.26:  85.69939,-0.941541,229.5207
7.28:  85.73026,-1.195865,230.3086
7.3:  85.75729,-1.447253,231.0965
7.32:  85.78104,-1.700983,231.8844
7.33:  85.80182,-1.961619,232.6722
7.35:  85.81998,-2.206666,233.4601
7.36:  85.83879,-2.450985,234.248
7.38:  85.86368,-2.70313,235.0359
7.4:  85.8908,-2.947047,235.8174
7.41:  85.91611,-3.195363,236.6053
7.43:  85.94211,-3.44101,237.3932
7.45:  85.97742,-3.682441,238.1811
7.46:  86.01163,-3.92385,238.9626
7.48:  86.04628,-4.169682,239.7505
7.5:  86.08495,-4.412766,240.5384
7.51:  86.12299,-4.653437,241.3262
7.53:  86.15894,-4.903027,242.1141
7.55:  86.1925,-5.149537,242.902
7.56:  86.22112,-5.383832,243.6899
7.58:  86.26649,-5.63432,244.4778
7.6:  86.34801,-5.869241,245.2656
7.61:  86.45029,-6.099561,246.0535
7.63:  86.54861,-6.329415,246.8414
7.65:  86.6476,-6.569922,247.6293
7.66:  86.73555,-6.792253,248.4171
7.68:  86.8239,-7.024897,249.205
7.7:  86.90998,-7.26132,249.9929
7.72:  86.99255,-7.498174,250.7808
7.73:  87.07423,-7.743268,251.5687
7.75:  87.1489,-7.978028,252.3566
7.76:  87.21905,-8.209566,253.1444
7.78:  87.28905,-8.452577,253.9323
7.8:  87.35484,-8.693435,254.7202
7.81:  87.41775,-8.936577,255.4954
7.83:  87.47713,-9.178727,256.2199
7.85:  87.53498,-9.426302,256.8493
7.86:  87.58807,-9.663726,257.3964
7.88:  87.64072,-9.908765,257.8737
7.9:  87.69153,-10.15444,258.313
7.92:  87.74062,-10.40102,258.7396
7.93:  87.78937,-10.6548,259.1282
7.95:  87.8345,-10.89829,259.4978
7.96:  87.8775,-11.13735,259.804
7.98:  87.92105,-11.38438,260.0024
8:  87.96407,-11.6312,260.1122
8.01:  88.00665,-11.87744,260.1902
8.03:  88.05003,-12.13023,260.2619
8.05:  88.0917,-12.37483,260.3336
8.06:  88.13223,-12.61459,260.4053
8.08:  88.17398,-12.86349,260.477
8.1:  88.21503,-13.11008,260.5487
8.11:  88.25537,-13.3543,260.6204
8.13:  88.2959,-13.60157,260.6921
8.15:  88.33658,-13.85176,260.7638
8.16:  88.37712,-14.10305,260.8355
8.18:  88.41616,-14.34596,260.8691
8.2:  88.45533,-14.59023,260.8901
8.21:  88.49496,-14.83738,260.8921
8.23:  88.53394,-15.08052,260.8921
8.25:  88.57145,-15.3302,260.8921
8.26:  88.60349,-15.57584,260.8838
8.28:  88.62387,-15.82619,260.8628
8.3:  88.6423,-16.07924,260.7911
8.31:  88.65405,-16.33152,260.6243
8.33:  88.66213,-16.5838,260.3498
8.35:  88.66232,-16.83854,259.9486
8.36:  88.65695,-17.08739,259.4903
8.38:  88.64154,-17.34506,258.9876
8.4:  88.61857,-17.60111,258.4279
8.41:  88.5909,-17.85437,257.7985
8.43:  88.5533,-18.10548,257.1247
8.45:  88.50902,-18.35115,256.4255
8.46:  88.45601,-18.59549,255.6757
8.48:  88.40166,-18.84131,254.8941
8.5:  88.33882,-19.08599,254.1062
8.51:  88.27621,-19.33192,253.3184
8.53:  88.20596,-19.58082,252.5305
8.55:  88.13033,-19.81915,251.7426
8.56:  88.05779,-20.05425,250.9547
8.58:  87.98606,-20.29342,250.1668
8.6:  87.91513,-20.52975,249.379
8.62:  87.83968,-20.76756,248.5911
8.63:  87.75718,-21.01465,247.8032
8.65:  87.68268,-21.24927,247.0153
8.66:  87.61366,-21.48282,246.2274
8.68:  87.54338,-21.72627,245.4396
8.7:  87.47773,-21.96703,244.6517
8.72:  87.41244,-22.20631,243.8638
8.73:  87.34472,-22.45429,243.0759
8.75:  87.28288,-22.68724,242.288
8.76:  87.21361,-22.92108,241.5002
8.78:  87.13435,-23.15827,240.7123
8.8:  87.05116,-23.39555,239.9244
8.81:  86.96412,-23.62754,239.1365
8.83:  86.87169,-23.85975,238.3487
8.85:  86.76625,-24.09296,237.5608
8.86:  86.65872,-24.32296,236.7729
8.88:  86.5333,-24.54535,235.985
8.9:  86.40341,-24.76723,235.1971
8.91:  86.27776,-24.98879,234.4093
8.93:  86.15393,-25.21432,233.6214
8.95:  86.03429,-25.43951,232.8335
8.96:  85.91713,-25.66753,232.0456
8.98:  85.80237,-25.89866,231.2578
9:  85.69113,-26.13064,230.4699
9.01:  85.58485,-26.36281,229.682
9.03:  85.48399,-26.59393,228.8941
9.05:  85.38696,-26.82492,228.1062
9.06:  85.30106,-27.05463,227.3184
9.08:  85.2224,-27.29724,226.5305
9.1:  85.15669,-27.54301,225.7426
9.12:  85.0999,-27.79347,224.9547
9.13:  85.05338,-28.0528,224.1668
9.15:  85.02306,-28.29321,223.379
9.16:  85.00253,-28.53698,222.5911
9.18:  84.99197,-28.78546,221.8032
9.2:  84.99202,-29.03729,221.0153
9.21:  84.99735,-29.28747,220.2274
9.23:  85.00617,-29.53899,219.4396
9.25:  85.01845,-29.79035,218.6517
9.26:  85.03405,-30.03937,217.8638
9.28:  85.05322,-30.29304,217.1266
9.3:  85.06207,-30.54115,216.5289
9.31:  85.0602,-30.78729,216.172
9.33:  85.0438,-31.0439,216.1256
9.35:  84.99982,-31.29183,216.1256
9.36:  84.95202,-31.53677,216.1256
9.38:  84.90095,-31.79201,216.1656
9.4:  84.85067,-32.04111,216.2627
9.41:  84.79862,-32.29518,216.4295
9.43:  84.74638,-32.54634,216.6026
9.45:  84.69324,-32.79782,216.782
9.46:  84.64026,-33.04475,216.9615
9.48:  84.58503,-33.29829,217.1409
9.5:  84.53465,-33.54588,217.3203
9.51:  84.4993,-33.79873,217.4998
9.53:  84.47649,-34.05718,217.6792
9.55:  84.46396,-34.30359,217.8587
9.56:  84.4594,-34.55101,218.0381
9.58:  84.46091,-34.8,218.2239
9.6:  84.46694,-35.04654,218.4033
9.61:  84.47393,-35.3008,218.5955
9.63:  84.48328,-35.54532,218.8383
9.65:  84.4917,-35.79562,219.1001
9.66:  84.50278,-36.05463,219.4126
9.68:  84.51689,-36.30061,219.7442
9.7:  84.54148,-36.54703,220.1074
9.71:  84.57111,-36.79061,220.4834
9.73:  84.60257,-37.03477,220.8846
9.75:  84.63538,-37.27731,221.3239
9.76:  84.66802,-37.52142,221.7822
9.78:  84.70094,-37.76936,222.2659
9.8:  84.73391,-38.01933,222.7559
9.81:  84.76311,-38.25683,223.2586
9.83:  84.79094,-38.50133,223.7739
9.85:  84.81696,-38.7503,224.3019
9.86:  84.83935,-38.98581,224.8363
9.88:  84.86059,-39.23373,225.3707
9.9:  84.87916,-39.47748,225.9114
9.91:  84.89555,-39.72316,226.4521
9.93:  84.9095,-39.96711,226.9928
9.95:  84.92149,-40.21933,227.5461
9.96:  84.93063,-40.46156,228.1059
9.98:  84.93742,-40.70388,228.6656
10:  84.94375,-40.94808,229.2253
10.01:  84.94578,-41.19286,229.7913
10.03:  84.94542,-41.43912,230.351
10.05:  84.94452,-41.69036,230.9171
10.06:  84.94279,-41.93117,231.4831
10.08:  84.93713,-42.17333,232.0492
10.1:  84.92904,-42.41666,232.6153
10.11:  84.91854,-42.65997,233.1813
10.13:  84.91105,-42.90182,233.7474
10.15:  84.90798,-43.14479,234.3134
10.16:  84.90877,-43.40019,234.8795
10.18:  84.91584,-43.64603,235.4455
10.2:  84.92511,-43.89167,236.0116
10.21:  84.94138,-44.1496,236.5776
10.23:  84.96404,-44.39466,237.1437
10.25:  84.99792,-44.63467,237.7097
10.26:  85.035,-44.8755,238.2758
10.28:  85.07664,-45.11985,238.8418
10.3:  85.1181,-45.36401,239.4079
10.31:  85.15858,-45.60331,239.9739
10.33:  85.19484,-45.84559,240.5337
10.35:  85.23182,-46.09369,241.0997
10.36:  85.26503,-46.33264,241.6658
10.38:  85.29689,-46.57977,242.2318
10.4:  85.326,-46.82483,242.8042
10.41:  85.35234,-47.06754,243.3829
10.43:  85.37643,-47.31311,243.9743
10.45:  85.39774,-47.55701,244.5848
10.46:  85.41628,-47.7996,245.2079
10.48:  85.43253,-48.0473,245.8246
10.5:  85.44595,-48.29222,246.4414
10.51:  85.45679,-48.53856,247.0581
10.53:  85.4671,-48.78124,247.6812
10.55:  85.47493,-49.02885,248.3043
10.56:  85.47993,-49.27053,248.9274
10.58:  85.48238,-49.51854,249.5505
10.6:  85.47987,-49.7623,250.1673
10.61:  85.47449,-50.01656,250.7903
10.63:  85.46974,-50.26246,251.4135
10.65:  85.46159,-50.50568,252.0365
10.66:  85.45084,-50.74741,252.6596
10.68:  85.43726,-50.99226,253.2891
10.7:  85.42093,-51.23791,253.9185
10.71:  85.40222,-51.4796,254.5416
10.73:  85.38055,-51.72454,255.171
10.75:  85.35577,-51.97375,255.7941
10.76:  85.32974,-52.2091,256.4235
10.78:  85.30011,-52.45265,257.053
10.8:  85.26742,-52.69892,257.6761
10.81:  85.23268,-52.94044,258.2992
10.83:  85.19279,-53.18288,258.9222
10.85:  85.15024,-53.42481,259.5517
10.86:  85.1078,-53.66386,260.1811
10.88:  85.05949,-53.9071,260.8105
10.9:  85.00892,-54.1479,261.44
10.91:  84.95332,-54.38824,262.0694
10.93:  84.88747,-54.62648,262.6989
10.95:  84.80121,-54.86157,263.3346
10.96:  84.6963,-55.0892,263.9704
10.98:  84.56958,-55.29997,264.6061
11:  84.42055,-55.5003,265.2483
11.01:  84.263,-55.6875,265.8904
11.03:  84.08658,-55.86306,266.5388
11.05:  83.89644,-56.02585,267.2063
11.06:  83.70489,-56.1772,267.8801
11.1:  83.49775,-56.32378,268.5602
11.11:  83.27979,-56.47072,269.2467
11.13:  83.07176,-56.60581,269.9332
11.15:  82.85138,-56.73381,270.6259
11.16:  82.62984,-56.85161,271.3251
11.18:  82.40845,-56.95982,272.0243
11.2:  82.18091,-57.06521,272.7234
11.21:  81.95339,-57.16723,273.4225
11.23:  81.72295,-57.26597,274.1217
11.25:  81.49526,-57.36146,274.8209
11.26:  81.25971,-57.45565,275.52
11.28:  81.02945,-57.54568,276.2191
11.3:  80.79807,-57.6411,276.9183
11.31:  80.56786,-57.74319,277.6174
11.33:  80.33288,-57.85086,278.3166
11.35:  80.1106,-57.96118,279.0094
11.36:  79.88972,-58.07674,279.7086
11.38:  79.67402,-58.19827,280.4077
11.4:  79.45832,-58.33066,281.1068
11.41:  79.25314,-58.46489,281.806
11.43:  79.04674,-58.60468,282.5051
11.45:  78.84481,-58.74397,283.2043
11.46:  78.63969,-58.89029,283.8971
11.48:  78.4428,-59.03162,284.5963
11.5:  78.24361,-59.17562,285.2954
11.51:  78.04224,-59.3218,285.9945
11.53:  77.84956,-59.45813,286.6937
11.55:  77.65017,-59.59374,287.3928
11.56:  77.45026,-59.72798,288.092
11.58:  77.24923,-59.85764,288.7911
11.6:  77.04568,-59.98544,289.4903
11.62:  76.83092,-60.11433,290.1894
11.63:  76.61636,-60.23298,290.8886
11.65:  76.39375,-60.3465,291.5814
11.66:  76.17081,-60.44539,292.2805
11.68:  75.93812,-60.51579,292.9733
11.7:  75.69002,-60.56735,293.6661
11.71:  75.44211,-60.60397,294.3653
11.73:  75.18533,-60.63735,295.0645
11.75:  74.9295,-60.66612,295.7636
11.76:  74.67145,-60.69195,296.4627
11.78:  74.41882,-60.71412,297.1619
11.8:  74.16093,-60.73359,297.8611
11.81:  73.89791,-60.74809,298.5602
11.83:  73.64629,-60.76092,299.2593
11.85:  73.3873,-60.77096,299.9585
11.86:  73.12984,-60.78119,300.6576
11.88:  72.88027,-60.78936,301.3568
11.9:  72.62457,-60.79597,302.0559
11.91:  72.37538,-60.81097,302.7487
11.93:  72.12939,-60.83109,303.4479
11.95:  71.88122,-60.86104,304.147
11.96:  71.63657,-60.90138,304.8398
11.98:  71.39355,-60.95424,305.5327
12:  71.15981,-61.02015,306.2255
12.01:  70.92351,-61.10257,306.9246
12.03:  70.6856,-61.19323,307.6047
12.05:  70.45219,-61.28716,308.2659
12.06:  70.21993,-61.38348,308.908
12.08:  69.99089,-61.47551,309.5438
12.1:  69.75362,-61.5678,310.1795
12.11:  69.51944,-61.65592,310.8153
12.13:  69.28262,-61.74203,311.451
12.15:  69.04556,-61.8253,312.0805
12.16:  68.80754,-61.90595,312.7162
12.18:  68.56511,-61.9851,313.3521
12.2:  68.32554,-62.06042,313.9815
12.21:  68.08868,-62.13201,314.6172
12.23:  67.85088,-62.20101,315.253
12.25:  67.60561,-62.26924,315.8888
12.26:  67.35499,-62.33597,316.5245
12.28:  67.12195,-62.39529,317.154
12.3:  66.875,-62.45523,317.7897
12.31:  66.62999,-62.51184,318.4255
12.33:  66.38538,-62.56549,319.0613
12.35:  66.13833,-62.61683,319.6971
12.36:  65.89153,-62.66525,320.3328
12.38:  65.6471,-62.70825,320.9686
12.4:  65.39782,-62.75144,321.6044
12.41:  65.15014,-62.79153,322.2401
12.43:  64.90082,-62.82905,322.8759
12.45:  64.6518,-62.8637,323.5117
12.46:  64.40707,-62.895,324.1474
12.48:  64.15765,-62.92408,324.7832
12.5:  63.89724,-62.95152,325.419
12.51:  63.64751,-62.97506,326.0484
12.53:  63.40008,-62.99562,326.6842
12.55:  63.15052,-63.01358,327.3199
12.56:  62.90242,-63.02868,327.9494
12.58:  62.65364,-63.04107,328.5851
12.6:  62.4007,-63.05084,329.2209
12.61:  62.1488,-63.05778,329.8567
12.63:  61.89782,-63.0619,330.4925
12.65:  61.64697,-63.06324,331.1282
12.67:  61.39854,-63.06611,331.764
12.68:  61.14443,-63.06851,332.3871
12.7:  60.90475,-63.07786,332.9911
12.71:  60.65898,-63.09271,333.5699
12.73:  60.41607,-63.105,334.1296
12.75:  60.16852,-63.1161,334.683
12.76:  59.92074,-63.12481,335.2364
12.78:  59.67666,-63.13102,335.7897
12.8:  59.42968,-63.1349,336.3495
12.81:  59.18119,-63.13638,336.9092
12.83:  58.93282,-63.13542,337.4689
12.85:  58.6876,-63.13892,338.0222
12.86:  58.44353,-63.15396,338.5756
12.88:  58.19587,-63.18065,339.1353
12.9:  57.94347,-63.2211,339.6951
12.91:  57.69688,-63.27319,340.2548
12.93:  57.45291,-63.33215,340.8145
12.95:  57.21126,-63.38806,341.3742
12.96:  56.96534,-63.44243,341.9339
12.98:  56.71965,-63.49426,342.4873
13:  56.46987,-63.54442,343.047
13.01:  56.22211,-63.59168,343.6004
13.03:  55.97543,-63.63628,344.1538
13.05:  55.72832,-63.67846,344.7135
13.06:  55.48107,-63.71821,345.2668
13.08:  55.23499,-63.75534,345.8203
13.1:  54.97585,-63.79189,346.3736
13.11:  54.73343,-63.82369,346.927
13.13:  54.48417,-63.85391,347.4867
13.15:  54.23287,-63.8819,348.0464
13.17:  53.98734,-63.90681,348.6061
13.18:  53.73043,-63.93035,349.1659
13.2:  53.48529,-63.9528,349.7256
13.22:  53.23751,-63.97305,350.2853
13.23:  52.97694,-63.99179,350.845
13.25:  52.7361,-64.00896,351.392
13.26:  52.48608,-64.02753,351.825
13.28:  52.24151,-64.0517,352.1122
13.3:  51.9897,-64.07816,352.317
13.31:  51.74065,-64.10598,352.5027
13.33:  51.49272,-64.13284,352.6949
13.35:  51.24364,-64.15897,352.887
13.36:  50.99587,-64.18167,353.0791
13.38:  50.74575,-64.20389,353.2395
13.4:  50.49635,-64.22808,353.3366
13.41:  50.24885,-64.2518,353.4019
13.43:  49.99947,-64.27553,353.442
13.45:  49.75,-64.29909,353.482
13.46:  49.50093,-64.32246,353.5156
13.48:  49.25514,-64.34535,353.5556
13.5:  49.00264,-64.36872,353.5893
13.51:  48.7528,-64.39169,353.623
13.53:  48.50578,-64.41429,353.6503
13.55:  48.2562,-64.43706,353.6649
13.56:  48.00745,-64.45974,353.6649
13.58:  47.76112,-64.48221,353.6649
13.6:  47.50956,-64.5052,353.6566
13.62:  47.25874,-64.52818,353.642
13.63:  47.0029,-64.55168,353.6273
13.65:  46.76207,-64.5739,353.6063
13.67:  46.51138,-64.59714,353.579
13.68:  46.25858,-64.6207,353.5517
13.7:  46.01439,-64.64359,353.5244
13.71:  45.7671,-64.66684,353.5034
13.73:  45.51794,-64.69037,353.4824
13.75:  45.25787,-64.71502,353.4614
13.76:  45.01601,-64.73804,353.4404
13.78:  44.77223,-64.76136,353.413
13.8:  44.5208,-64.78553,353.3857
13.82:  44.27205,-64.80956,353.3584
13.83:  44.01538,-64.83448,353.331
13.85:  43.77416,-64.85802,353.3037
13.86:  43.52461,-64.88246,353.2827
13.88:  43.28012,-64.90649,353.2617
13.9:  43.02863,-64.92886,353.2344
13.91:  42.78197,-64.9485,353.2007
13.93:  42.52901,-64.96137,353.1607
13.95:  42.2774,-64.97192,353.1143
13.96:  42.02722,-64.98018,353.068
13.98:  41.77835,-64.98381,353.009
14:  41.52394,-64.98286,352.95
14.01:  41.26892,-64.97244,352.8783
14.03:  41.01693,-64.95979,352.7686
14.05:  40.76789,-64.94563,352.6018
14.06:  40.51412,-64.93028,352.3653
14.08:  40.26279,-64.91167,352.0654
14.1:  39.99546,-64.89102,351.7085
14.12:  39.74915,-64.8663,351.2946
14.13:  39.48584,-64.83949,350.849
14.15:  39.23947,-64.81359,350.3589
14.16:  38.98525,-64.7821,349.8373
14.18:  38.73531,-64.74361,349.2839
14.2:  38.48836,-64.69125,348.6988
14.21:  38.2476,-64.62377,348.0821
14.23:  38.00443,-64.5428,347.4526
14.25:  37.75708,-64.45843,346.8296
14.26:  37.52131,-64.37875,346.2001
14.28:  37.28195,-64.30076,345.577
14.3:  37.03826,-64.2251,344.9476
14.31:  36.79799,-64.15121,344.3245
14.33:  36.5527,-64.08087,343.7014
14.35:  36.30689,-64.0125,343.072
14.36:  36.06313,-63.94619,342.4489
14.38:  35.82035,-63.88298,341.8258
14.4:  35.571,-63.82098,341.1964
14.41:  35.32386,-63.76452,340.5669
14.43:  35.07778,-63.70904,339.9375
14.45:  34.82985,-63.65811,339.308
14.46:  34.58349,-63.61031,338.6786
14.48:  34.33496,-63.56416,338.0492
14.5:  34.0809,-63.51986,337.4198
14.51:  33.83003,-63.47761,336.7903
14.53:  33.58003,-63.43833,336.1609
14.55:  33.31577,-63.40109,335.5505
14.56:  33.07021,-63.36733,335.0605
14.58:  32.8237,-63.33525,334.6465
14.6:  32.56686,-63.30494,334.2579
14.61:  32.30903,-63.27615,333.901
14.63:  32.06354,-63.25074,333.6075
14.65:  31.81081,-63.22347,333.39
14.66:  31.55878,-63.19685,333.2613
14.68:  31.31082,-63.17114,333.1516
14.7:  31.05212,-63.14614,333.0482
14.71:  30.8002,-63.12094,332.9448
14.73:  30.54785,-63.09615,332.8414
14.75:  30.28543,-63.07085,332.738
14.76:  30.04149,-63.04778,332.6346
14.78:  29.79236,-63.02467,332.5313
14.8:  29.54028,-63.00174,332.4279
14.81:  29.28347,-62.98017,332.3308
14.83:  29.03089,-62.95803,332.2401
14.85:  28.7774,-62.9362,332.1557
14.86:  28.52607,-62.91489,332.0777
14.88:  28.27635,-62.89405,331.9997
14.9:  28.01639,-62.87408,331.9216
14.91:  27.76579,-62.85384,331.8499
14.93:  27.51378,-62.8338,331.7783
14.95:  27.25855,-62.8138,331.7129
14.96:  27.00753,-62.79441,331.6475
14.98:  26.75741,-62.77541,331.5758
15:  26.49369,-62.75571,331.5041
15.01:  26.24606,-62.73752,331.4324
15.03:  25.99272,-62.71923,331.3607
15.05:  25.73957,-62.70259,331.289
15.06:  25.4871,-62.685,331.2173
15.08:  25.23313,-62.66895,331.1456
15.1:  24.97895,-62.65185,331.0803
15.11:  24.72343,-62.63628,331.0149
15.13:  24.46887,-62.61767,330.9496
15.15:  24.21426,-62.59389,330.8842
15.16:  23.97057,-62.56102,330.8125
15.18:  23.73155,-62.51307,330.7408
15.2:  23.49048,-62.45087,330.6691
15.21:  23.24479,-62.3635,330.6038
15.23:  23.02309,-62.27048,330.5384
15.25:  22.7949,-62.16971,330.473
15.26:  22.56977,-62.06629,330.4077
15.28:  22.34792,-61.9557,330.3423
15.3:  22.11971,-61.84075,330.2706
15.31:  21.89111,-61.72292,330.1989
15.33:  21.6688,-61.5979,330.1272
15.35:  21.45781,-61.46223,330.0555
15.36:  21.24924,-61.32589,329.9902
15.38:  21.04125,-61.18902,329.9121
15.4:  20.82766,-61.04885,329.8404
15.41:  20.61588,-60.91025,329.7687
15.43:  20.40681,-60.77506,329.7034
15.45:  20.19411,-60.63654,329.638
15.46:  19.98372,-60.50118,329.5727
15.48:  19.77799,-60.36919,329.5009
15.5:  19.5664,-60.23113,329.4356
15.51:  19.35636,-60.09704,329.3702
15.53:  19.14519,-59.9626,329.2985
15.55:  18.93297,-59.8266,329.2205
15.56:  18.72494,-59.69103,329.1552
15.58:  18.51557,-59.55106,329.0834
15.6:  18.30364,-59.4098,329.0054
15.62:  18.08885,-59.26701,328.9337
15.63:  17.8769,-59.13434,328.862
15.65:  17.65972,-59.01025,328.7967
15.66:  17.43972,-58.88733,328.7313
15.68:  17.2232,-58.76669,328.6659
15.7:  16.98921,-58.63921,328.6006
15.72:  16.7707,-58.51947,328.5352
15.73:  16.54781,-58.3986,328.4889
15.75:  16.32407,-58.27741,328.4615
15.76:  16.10498,-58.16011,328.4595
15.78:  15.8848,-58.04224,328.4595
15.8:  15.66196,-57.92294,328.4595
15.81:  15.42546,-57.80115,328.4932
15.83:  15.20127,-57.68971,328.6093
15.85:  14.97009,-57.57764,328.7951
15.86:  14.74164,-57.46845,329.0822
15.88:  14.51893,-57.37064,329.4455
15.9:  14.28705,-57.27808,329.8848
15.91:  14.0483,-57.19604,330.4128
15.93:  13.80778,-57.11614,331.0232
15.95:  13.57138,-57.03801,331.697
15.96:  13.3364,-56.96252,332.4088
15.98:  13.10573,-56.88879,333.1334
16:  12.8625,-56.80946,333.8705
16.01:  12.62712,-56.73832,334.6204
16.03:  12.3912,-56.66914,335.3702
16.05:  12.15622,-56.59855,336.1201
16.06:  11.91907,-56.52586,336.8699
16.08:  11.68787,-56.45168,337.6198
16.1:  11.45142,-56.37239,338.3696
16.11:  11.21765,-56.2906,339.1132
16.13:  10.98607,-56.20049,339.863
16.15:  10.75965,-56.09773,340.6129
16.16:  10.53918,-55.96872,341.3627
16.18:  10.33209,-55.84389,342.1062
16.2:  10.11037,-55.70461,342.799
16.21:  9.901722,-55.57196,343.4728
16.23:  9.694869,-55.43705,344.1403
16.25:  9.486941,-55.29796,344.8077
16.26:  9.281901,-55.15732,345.4752
16.28:  9.080265,-55.01539,346.168
16.3:  8.874225,-54.86657,346.8672
16.31:  8.675358,-54.71687,347.5726
16.33:  8.486997,-54.55595,348.2845
16.35:  8.309786,-54.37788,348.9836
16.36:  8.154946,-54.1824,349.6891
16.38:  8.011978,-53.9777,350.3882
16.4:  7.866402,-53.76773,351.0874
16.41:  7.724837,-53.55827,351.7675
16.43:  7.584857,-53.34581,352.4413
16.45:  7.450745,-53.13294,353.1088
16.46:  7.31672,-52.91883,353.7762
16.48:  7.186666,-52.70557,354.4437
16.5:  7.057527,-52.48165,355.1112
16.51:  6.933172,-52.25804,355.7723
16.53:  6.811196,-52.0325,356.4461
16.55:  6.694004,-51.80479,357.1199
16.56:  6.579788,-51.57411,357.7874
16.58:  6.46684,-51.34425,358.4548
16.6:  6.354288,-51.11069,359.1223
16.61:  6.244481,-50.87073,359.7644
16.63:  6.140857,-50.64277,0.4064745
16.65:  6.036972,-50.40989,1.042244
16.66:  5.91962,-50.18782,1.684351
16.68:  5.792283,-49.96601,2.320121
16.7:  5.662832,-49.74158,2.955891
16.71:  5.537196,-49.52348,3.59166
16.73:  5.406527,-49.31032,4.227429
16.75:  5.274779,-49.10045,4.863199
16.76:  5.142784,-48.88866,5.498969
16.78:  5.014382,-48.68023,6.141076
16.8:  4.879435,-48.46548,6.783184
16.81:  4.733813,-48.25311,7.42529
16.83:  4.589335,-48.05804,8.073736
16.85:  4.439024,-47.86485,8.728519
16.86:  4.284153,-47.67238,9.402315
16.88:  4.134497,-47.48466,10.08879
16.9:  3.980609,-47.28939,10.78794
16.91:  3.831538,-47.09536,11.49342
16.93:  3.67992,-46.89561,12.19891
16.95:  3.531414,-46.69492,12.89806
16.96:  3.386837,-46.49438,13.60988
16.98:  3.244587,-46.29181,14.32171
17:  3.103369,-46.08529,15.03353
17.02:  2.962218,-45.87322,15.75169
17.03:  2.827127,-45.66468,16.46352
17.05:  2.697017,-45.45821,17.18168
17.06:  2.567737,-45.24723,17.89984
17.08:  2.442794,-45.03748,18.618
17.1:  2.31623,-44.81881,19.33617
17.11:  2.195383,-44.60386,20.05433
17.13:  2.075427,-44.38414,20.76615
17.15:  1.958989,-44.16442,21.47798
17.16:  1.841665,-43.93622,22.1898
17.18:  1.732823,-43.71783,22.90797
17.2:  1.627043,-43.49874,23.62613
17.21:  1.522128,-43.27437,24.33795
17.23:  1.418562,-43.04552,25.04978
17.25:  1.320042,-42.82042,25.7616
17.27:  1.219595,-42.58284,26.47976
17.28:  1.126228,-42.35413,27.19158
17.3:  1.036308,-42.1258,27.90341
17.31:  0.9484318,-41.89419,28.62157
17.33:  0.8634253,-41.66138,29.33974
17.35:  0.7811789,-41.42706,30.0579
17.36:  0.7016383,-41.19102,30.77606
17.38:  0.6265225,-40.95852,31.49422
17.4:  0.5526856,-40.71979,32.21238
17.41:  0.4817718,-40.4798,32.93688
17.43:  0.4142212,-40.24018,33.65505
17.45:  0.3498223,-40.00027,34.37321
17.46:  0.2883023,-39.75893,35.09771
17.48:  0.2309227,-39.52144,35.81587
17.5:  0.1747856,-39.27564,36.53403
17.51:  0.1205953,-39.02386,37.2522
17.53:  0.07296054,-38.78809,37.9767
17.55:  0.02676415,-38.54354,38.7012
17.56:  -0.01619894,-38.29921,39.4257
17.58:  -0.05570601,-38.05676,40.14386
17.6:  -0.09282999,-37.80925,40.86836
17.61:  -0.1275829,-37.55553,41.5992
17.63:  -0.1590398,-37.31661,42.33003
17.65:  -0.1982637,-37.07891,43.06087
17.66:  -0.2447727,-36.83821,43.79171
17.68:  -0.2963979,-36.59739,44.52255
17.7:  -0.3514993,-36.35132,45.25338
17.71:  -0.4028296,-36.10754,45.98423
17.73:  -0.4529344,-35.86033,46.71506
17.75:  -0.4996939,-35.61349,47.4459
17.76:  -0.542789,-35.36898,48.17674
17.78:  -0.5829107,-35.12304,48.90758
17.8:  -0.6206415,-34.8716,49.63842
17.81:  -0.6558105,-34.61497,50.36926
17.83:  -0.6861699,-34.37027,51.10009
17.85:  -0.7136759,-34.12277,51.83094
17.86:  -0.7381634,-33.87351,52.56178
17.88:  -0.7591616,-33.62756,53.29261
17.9:  -0.7795808,-33.37526,54.02345
17.92:  -0.7943218,-33.12847,54.75428
17.93:  -0.8065433,-32.8681,55.48512
17.95:  -0.8149044,-32.62336,56.21595
17.96:  -0.8202685,-32.37266,56.94679
17.98:  -0.8223876,-32.12416,57.68397
18:  -0.8212848,-31.86998,58.42113
18.01:  -0.8169672,-31.61906,59.15832
18.03:  -0.8094468,-31.36812,59.88916
18.05:  -0.7987993,-31.11901,60.62
18.07:  -0.7844327,-30.86028,61.35083
18.08:  -0.7673909,-30.61089,62.08167
18.1:  -0.7473339,-30.36376,62.8125
18.12:  -0.7242162,-30.11786,63.54334
18.13:  -0.6966811,-29.86028,64.27418
18.15:  -0.6677083,-29.61847,65.00501
18.18:  -0.6366955,-29.36897,65.73585
18.2:  -0.6033098,-29.12576,66.46669
18.22:  -0.5690504,-28.87491,67.19753
18.23:  -0.5367607,-28.62128,67.92836
18.25:  -0.5052804,-28.37296,68.6592
18.26:  -0.4732051,-28.12809,69.39003
18.28:  -0.4399709,-27.88214,70.12087
18.3:  -0.404278,-27.64119,70.85172
18.31:  -0.3664804,-27.39287,71.58255
18.33:  -0.3258718,-27.14718,72.31338
18.35:  -0.2823057,-26.90316,73.05055
18.36:  -0.2334644,-26.66011,73.78773
18.38:  -0.1834231,-26.42164,74.51857
18.4:  -0.1303039,-26.18376,75.25575
18.41:  -0.07287275,-25.94129,75.99293
18.43:  -0.01364406,-25.7002,76.7301
18.45:  0.04876036,-25.45958,77.46727
18.46:  0.114311,-25.2237,78.19811
18.48:  0.1823977,-24.98627,78.92895
18.5:  0.2529366,-24.75162,79.65979
18.51:  0.3231896,-24.5136,80.39063
18.53:  0.3927107,-24.27759,81.12146
18.55:  0.4573245,-24.04233,81.85863
18.56:  0.526156,-23.80367,82.58948
18.58:  0.5941013,-23.57121,83.32031
18.6:  0.6635745,-23.33658,84.05115
18.61:  0.7338905,-23.09894,84.78832
18.63:  0.8040681,-22.86483,85.5255
18.65:  0.8771415,-22.63191,86.25634
18.66:  0.9505802,-22.40064,86.99352
18.68:  1.020055,-22.16655,87.73069
18.7:  1.086619,-21.93166,88.46787
18.72:  1.152138,-21.68028,89.20505
18.73:  1.212545,-21.44005,89.94223
18.75:  1.263855,-21.19575,90.66039
18.76:  1.309338,-20.9442,91.33418
18.78:  1.341884,-20.69928,91.96995
18.8:  1.372297,-20.45456,92.59938
18.82:  1.38897,-20.20332,93.23515
18.83:  1.406402,-19.94526,93.86458
18.85:  1.425449,-19.70293,94.49402
18.86:  1.447384,-19.45767,95.11077
18.88:  1.472672,-19.20526,95.72119
18.9:  1.501017,-18.95006,96.33794
18.92:  1.531283,-18.70172,96.94836
18.93:  1.563675,-18.45678,97.53343
18.95:  1.598559,-18.21146,98.09314
18.96:  1.63586,-17.9647,98.59581
18.98:  1.675042,-17.71829,99.03511
19:  1.715865,-17.47334,99.46172
19.02:  1.76004,-17.22009,99.89468
19.03:  1.804804,-16.97428,100.3213
19.05:  1.850733,-16.73232,100.7479
19.06:  1.898958,-16.4882,101.1745
19.08:  1.949047,-16.24421,101.6011
19.1:  2.000473,-16.00271,102.0214
19.12:  2.054768,-15.75662,102.4417
19.13:  2.111892,-15.50644,102.862
19.15:  2.167361,-15.27123,103.2696
19.16:  2.227004,-15.02614,103.6772
19.18:  2.288122,-14.78232,104.0721
19.2:  2.34966,-14.5438,104.4671
19.21:  2.414113,-14.30038,104.8303
19.23:  2.479312,-14.05935,105.1365
19.25:  2.545705,-13.81766,105.3603
19.26:  2.612156,-13.57869,105.5397
19.28:  2.680006,-13.337,105.6812
19.3:  2.749821,-13.0895,105.7529
19.31:  2.817159,-12.85122,105.7802
19.33:  2.884422,-12.61324,105.7822
19.35:  2.954016,-12.36701,105.7822
19.37:  3.021678,-12.12761,105.7822
19.38:  3.089219,-11.88864,105.7822
19.4:  3.1564,-11.65081,105.7739
19.41:  3.224092,-11.41104,105.7655
19.43:  3.291094,-11.17359,105.7572
19.45:  3.359812,-10.92992,105.7489
19.46:  3.42765,-10.68913,105.7342
19.48:  3.495469,-10.44807,105.7132
19.5:  3.562203,-10.21053,105.6923
19.51:  3.630407,-9.967316,105.6649
19.53:  3.697574,-9.727356,105.6376
19.55:  3.764907,-9.486156,105.5976
19.56:  3.831979,-9.24514,105.5512
19.58:  3.898673,-9.004728,105.5049
19.6:  3.96447,-8.766703,105.4522
19.61:  4.031746,-8.522449,105.3995
19.63:  4.097959,-8.281086,105.3405
19.65:  4.16403,-8.03916,105.2751
19.66:  4.229663,-7.79754,105.1971
19.68:  4.294189,-7.557129,105.024
19.7:  4.357026,-7.318451,104.7495
19.71:  4.419758,-7.073318,104.3546
19.73:  4.479589,-6.831025,103.8709
19.75:  4.537428,-6.586922,103.3302
19.77:  4.59395,-6.337544,102.7705
19.78:  4.646266,-6.095406,102.1917
19.8:  4.6954,-5.856184,101.6067
19.81:  4.743114,-5.61034,100.9836
19.83:  4.788477,-5.361121,100.3161
19.85:  4.829739,-5.11761,99.61697
19.86:  4.8687,-4.868413,98.88613
19.88:  4.90403,-4.6209,98.1236
19.9:  4.935483,-4.37701,97.3484
19.91:  4.964406,-4.126008,96.5732
19.93:  4.989696,-3.876673,95.79166
19.95:  5.011518,-3.627749,95.01012
19.97:  5.030683,-3.368538,94.22858
19.98:  5.045495,-3.123092,93.45338
20:  5.056842,-2.879928,92.67183
20.01:  5.065162,-2.628702,91.89662
20.03:  5.070044,-2.37927,91.12142
20.05:  5.071548,-2.130345,90.34621
20.06:  5.069667,-1.879091,89.57101
20.08:  5.064392,-1.628109,88.79581
20.1:  5.055923,-1.383066,88.02061
20.12:  5.043727,-1.129586,87.24541
20.13:  5.027863,-0.8724033,86.47021
20.15:  5.00967,-0.631084,85.68867
20.17:  4.987755,-0.3848769,84.91347
20.18:  4.961025,-0.1245209,84.13826
20.2:  4.932663,0.1192286,83.36306
20.22:  4.900973,0.3628279,82.58785
20.23:  4.864168,0.6184319,81.80631
20.25:  4.825326,0.864534,81.03111
20.26:  4.784251,1.103725,80.25591
20.28:  4.738686,1.349111,79.48071
20.3:  4.689847,1.594357,78.73719
20.31:  4.638075,1.839794,78.08875
20.33:  4.586275,2.084736,77.49734
20.35:  4.531908,2.330082,76.94397
20.36:  4.475892,2.57253,76.42862
20.38:  4.417458,2.815575,75.9196
20.4:  4.357766,3.054608,75.41693
20.41:  4.29432,3.299509,74.91426
20.43:  4.241542,3.543167,74.41158
20.45:  4.18847,3.789226,73.90257
20.46:  4.133575,4.033703,73.41891
20.48:  4.082504,4.27668,73.08736
20.5:  4.030533,4.522143,73.00299
20.51:  3.982532,4.772281,72.982
20.53:  3.944584,5.021664,72.982
20.55:  3.916589,5.272665,72.982
20.56:  3.897587,5.524744,72.982
20.58:  3.888478,5.784142,73.022
20.6:  3.883021,6.035203,73.11272
20.62:  3.880289,6.293823,73.22244
20.63:  3.878248,6.552886,73.37653
20.65:  3.877053,6.804676,73.55597
20.66:  3.879013,7.059246,73.74175
20.68:  3.882024,7.316267,73.9719
20.7:  3.886092,7.567822,74.22739
20.71:  3.891673,7.827135,74.53359
20.73:  3.899303,8.079789,74.87148
20.75:  3.908555,8.333703,75.22839
20.76:  3.919344,8.585197,75.59796
20.78:  3.931978,8.840587,75.97388
20.8:  3.945403,9.092619,76.34978
20.81:  3.960965,9.351207,76.74472
20.83:  3.978184,9.606964,77.15233
20.85:  3.997781,9.859865,77.5726
20.86:  4.018769,10.11488,78.00556
20.88:  4.044674,10.36658,78.48922
20.9:  4.07515,10.61779,79.00457
20.91:  4.11912,10.86955,79.54527
20.93:  4.173391,11.11576,80.11132
20.95:  4.230468,11.3589,80.67738
20.97:  4.290115,11.60205,81.24977
20.98:  4.354155,11.85217,81.8285
21:  4.419532,12.08868,82.40089
21.01:  4.491118,12.32292,82.97328
21.03:  4.577222,12.55491,83.54567
21.05:  4.672203,12.79368,84.11806
21.06:  4.765745,13.01647,84.70313
21.08:  4.87204,13.24343,85.28185
21.1:  4.984773,13.47092,85.86692
21.11:  5.102639,13.7028,86.45199
21.13:  5.220284,13.92843,87.0434
21.15:  5.341186,14.15448,87.64747
21.16:  5.464219,14.37872,88.25789
21.18:  5.589435,14.60095,88.90633
21.2:  5.716424,14.82031,89.57379
21.21:  5.848836,15.04284,90.26027
21.23:  5.982856,15.25955,90.95941
21.25:  6.119369,15.47663,91.67124
21.26:  6.257782,15.68834,92.40208
21.28:  6.399568,15.89898,93.17094
21.3:  6.542192,16.10692,93.95248
21.31:  6.69179,16.31659,94.73403
21.33:  6.842634,16.52202,95.51556
21.35:  6.997749,16.72384,96.2971
21.36:  7.154029,16.92698,97.07864
21.38:  7.311653,17.12419,97.86018
21.4:  7.474309,17.32077,98.64172
21.41:  7.642859,17.51891,99.42326
21.43:  7.811824,17.71213,100.2048
21.45:  7.983924,17.90167,100.9927
21.47:  8.154734,18.08776,101.7742
21.48:  8.334854,18.27866,102.5621
21.5:  8.511953,18.45831,103.3436
21.51:  8.688611,18.63555,104.1315
21.53:  8.873067,18.81268,104.9131
21.55:  9.051533,18.98796,105.7009
21.56:  9.228804,19.16324,106.4888
21.58:  9.403248,19.33699,107.2767
21.6:  9.580463,19.50573,108.0646
21.62:  9.771177,19.68404,108.8525
21.63:  9.953048,19.84795,109.634
21.65:  10.13744,20.01112,110.4219
21.66:  10.3258,20.17175,111.2034
21.68:  10.51562,20.33071,111.985
21.7:  10.70882,20.48802,112.7728
21.71:  10.90751,20.64531,113.5607
21.73:  11.10587,20.79799,114.3423
21.75:  11.30361,20.9486,115.1301
21.77:  11.50364,21.09665,115.918
21.78:  11.70908,21.2417,116.7059
21.8:  11.90698,21.37856,117.4938
21.82:  12.11532,21.51986,118.2817
21.83:  12.33204,21.65983,119.0695
21.85:  12.54518,21.79338,119.8574
21.86:  12.75547,21.92114,120.6453
21.88:  12.96544,22.04727,121.4332
21.9:  13.17502,22.17175,122.221
21.92:  13.3951,22.29584,123.0089
21.93:  13.61325,22.41741,123.7968
21.95:  13.83219,22.53304,124.5847
21.96:  14.05095,22.64719,125.3726
21.98:  14.26972,22.75755,126.1604
22:  14.49365,22.86425,126.9483
22.02:  14.72034,22.97088,127.7362
22.03:  14.9486,23.07444,128.5241
22.05:  15.18014,23.17567,129.312
22.07:  15.40842,23.26941,130.0998
22.08:  15.63496,23.36113,130.8877
22.1:  15.86096,23.44903,131.6756
22.11:  16.09629,23.53685,132.4635
22.13:  16.32661,23.62151,133.2514
22.15:  16.55676,23.70834,134.0392
22.17:  16.79272,23.80211,134.8271
22.18:  17.0212,23.89374,135.615
22.2:  17.24664,23.98533,136.4029
22.22:  17.48046,24.08865,137.1908
22.23:  17.71092,24.19352,137.9786
22.25:  17.93938,24.30294,138.7665
22.26:  18.1625,24.41047,139.5544
22.28:  18.38665,24.5265,140.3423
22.3:  18.61032,24.64108,141.1301
22.31:  18.83844,24.75671,141.918
22.33:  19.06419,24.86463,142.7059
22.35:  19.29325,24.97028,143.4938
22.36:  19.52221,25.07471,144.2816
22.38:  19.75279,25.17606,145.0695
22.4:  19.9824,25.27326,145.8574
22.41:  20.21954,25.3698,146.6453
22.43:  20.45417,25.46419,147.4332
22.45:  20.68806,25.56019,148.221
22.46:  20.91677,25.65811,149.0089
22.48:  21.15428,25.75328,149.7968
22.5:  21.38497,25.8472,150.5847
22.51:  21.6228,25.94023,151.3726
22.53:  21.85628,26.03046,152.1604
22.55:  22.09331,26.12096,152.9483
22.56:  22.32786,26.20942,153.7362
22.58:  22.56292,26.2944,154.5241
22.6:  22.80807,26.38192,155.312
22.61:  23.03917,26.46085,156.0998
22.63:  23.27442,26.53509,156.8877
22.65:  23.52321,26.61249,157.6756
22.67:  23.76335,26.68106,158.4635
22.68:  24.00466,26.74892,159.2513
22.7:  24.23895,26.77943,160.0392
22.72:  24.4871,26.78125,160.8271
22.73:  24.73269,26.78156,161.615
22.75:  24.9734,26.78263,162.4029
22.76:  25.22121,26.78371,163.1907
22.78:  25.46702,26.78479,163.9786
22.8:  25.71209,26.78587,164.7665
22.81:  25.96981,26.78695,165.5544
22.83:  26.21115,26.78804,166.3423
22.85:  26.46615,26.78913,167.1301
22.86:  26.70769,26.79022,167.918
22.88:  26.95928,26.79131,168.7059
22.9:  27.20549,26.7924,169.4938
22.91:  27.4571,26.79272,170.2816
22.93:  27.70622,26.79382,171.0695
22.95:  27.95537,26.79492,171.8574
22.96:  28.20762,26.79602,172.6453
22.98:  28.45515,26.79718,173.4332
23:  28.70369,26.79821,174.221
23.02:  28.95696,26.79853,175.0089
23.03:  29.21528,26.79963,175.7968
23.05:  29.46378,26.79963,176.5847
23.06:  29.70931,26.79963,177.3662
23.08:  29.95737,26.79963,178.059
23.1:  30.2046,26.79963,178.6885
23.11:  30.45819,26.79963,179.2989
23.13:  30.70633,26.79985,179.8776
23.15:  30.95448,26.79793,180.4436
23.17:  31.20901,26.7935,180.997
23.18:  31.45943,26.78683,181.5251
23.2:  31.70551,26.77823,182.0024
23.22:  31.95944,26.76737,182.448
23.23:  32.20984,26.75474,182.8873
23.25:  32.45766,26.74034,183.3266
23.27:  32.70535,26.72404,183.7659
23.28:  32.95802,26.70549,184.1989
23.3:  33.20188,26.68576,184.6255
23.31:  33.45394,26.66347,185.0521
23.33:  33.70104,26.6398,185.4724
23.35:  33.95042,26.61412,185.88
23.36:  34.20007,26.58667,186.2749
23.38:  34.44689,26.55786,186.6572
23.4:  34.69273,26.52767,187.0014
23.41:  34.94344,26.49563,187.2822
23.43:  35.19294,26.46312,187.4236
23.45:  35.43927,26.43093,187.4446
23.46:  35.68363,26.399,187.4446
23.48:  35.93453,26.36622,187.4446
23.5:  36.18052,26.33407,187.4446
23.52:  36.4279,26.30175,187.4446
23.53:  36.68633,26.26798,187.4446
23.55:  36.93053,26.23607,187.4446
23.57:  37.17665,26.20391,187.4446
23.58:  37.42589,26.17134,187.4446
23.6:  37.67147,26.13925,187.4446
23.61:  37.91927,26.10687,187.4446
23.63:  38.16727,26.07447,187.4446
23.65:  38.4155,26.04204,187.4427
23.66:  38.66328,26.00968,187.4407
23.68:  38.90977,25.97752,187.4324
23.7:  39.15587,25.94548,187.4177
23.71:  39.41381,25.91197,187.403
23.73:  39.65448,25.88079,187.382
23.75:  39.89954,25.84916,187.3547
23.76:  40.15025,25.81692,187.3274
23.78:  40.39785,25.78517,187.3064
23.8:  40.64316,25.75384,187.2791
23.81:  40.8933,25.72201,187.2517
23.83:  41.13939,25.69081,187.2244
23.85:  41.39034,25.6591,187.2034
23.86:  41.63743,25.62799,187.1761
23.88:  41.88491,25.59695,187.1487
23.9:  42.13113,25.56618,187.1214
23.91:  42.38224,25.53493,187.0941
23.93:  42.62878,25.50445,187.0477
23.95:  42.87767,25.47397,186.9824
23.96:  43.12579,25.44395,186.898
23.98:  43.37601,25.4142,186.7819
24:  43.61971,25.38574,186.6595
24.01:  43.87134,25.35688,186.5435
24.03:  44.11836,25.32908,186.4211
24.05:  44.36848,25.30147,186.2987
24.06:  44.61731,25.27452,186.1826
24.08:  44.86429,25.24827,186.0665
24.1:  45.11155,25.22253,185.9441
24.11:  45.36269,25.19692,185.8217
24.13:  45.6108,25.17213,185.7057
24.15:  45.86861,25.14681,185.6086
24.16:  46.10971,25.12344,185.5369
24.18:  46.35862,25.09951,185.4906
24.2:  46.60452,25.07605,185.4506
24.22:  46.86354,25.05143,185.4296
24.23:  47.10946,25.02812,185.4149
24.25:  47.35493,25.00489,185.4066
24.26:  47.60336,24.98141,185.3983
24.28:  47.85291,24.95787,185.39
24.3:  48.09675,24.9349,185.3817
24.31:  48.34936,24.91111,185.3797
24.33:  48.59911,24.8876,185.3777
24.35:  48.84572,24.86439,185.3757
24.36:  49.0961,24.84084,185.3737
24.38:  49.34552,24.81739,185.3717
24.4:  49.59951,24.79351,185.3698
24.42:  49.84742,24.77022,185.3678
24.43:  50.09382,24.74707,185.3658
24.45:  50.34019,24.72394,185.3638
24.46:  50.58981,24.70052,185.3618
24.48:  50.8396,24.67708,185.3599
24.5:  51.08449,24.65411,185.3579
24.52:  51.33667,24.63047,185.3559
24.53:  51.5869,24.60701,185.3559
24.55:  51.8347,24.58379,185.3539
24.56:  52.0823,24.56059,185.3519
24.58:  52.33074,24.53733,185.35
24.6:  52.57756,24.51422,185.348
24.61:  52.8293,24.49066,185.346
24.63:  53.07721,24.46746,185.346
24.65:  53.32752,24.44405,185.344
24.66:  53.57583,24.42082,185.344
24.68:  53.8246,24.39756,185.342
24.7:  54.07128,24.3745,185.3401
24.71:  54.32184,24.35109,185.3381
24.73:  54.57229,24.3277,185.3361
24.75:  54.82228,24.30436,185.3341
24.77:  55.07625,24.28065,185.3321
24.78:  55.32356,24.25758,185.3302
24.8:  55.56762,24.23482,185.3282
24.82:  55.81681,24.21159,185.3262
24.83:  56.0671,24.18825,185.3262
24.85:  56.31228,24.1654,185.3262
24.86:  56.56368,24.14196,185.3262
24.88:  56.81255,24.11876,185.3262
24.9:  57.05858,24.09582,185.3262
24.91:  57.3097,24.07241,185.3262
24.93:  57.55812,24.04925,185.3262
24.95:  57.80892,24.02587,185.3262
24.96:  58.05601,24.00284,185.3242
24.98:  58.30535,23.97961,185.3222
25:  58.55253,23.95659,185.3203
25.01:  58.80349,23.93323,185.3183
25.03:  59.05382,23.90994,185.3163
25.05:  59.30217,23.88684,185.3143
25.06:  59.55079,23.86371,185.3143
25.08:  59.80056,23.84048,185.3143
25.1:  60.04503,23.81774,185.3143
25.11:  60.29696,23.7943,185.3143
25.13:  60.5458,23.77115,185.3143
25.15:  60.79292,23.74818,185.3123
25.16:  61.0438,23.72485,185.3123
25.18:  61.29292,23.70168,185.3123
25.2:  61.53992,23.67873,185.3103
25.21:  61.79038,23.65545,185.3084
25.23:  62.03953,23.6323,185.3084
25.25:  62.28967,23.60907,185.3064
25.27:  62.53431,23.58636,185.3044
25.28:  62.79334,23.56231,185.3044
25.3:  63.04038,23.53938,185.3024
25.31:  63.2872,23.51648,185.3004
25.33:  63.53391,23.4936,185.2985
25.35:  63.79119,23.4672,185.2965
25.37:  64.03178,23.44014,185.2945
25.38:  64.28074,23.40967,185.2925
25.4:  64.52734,23.37458,185.2925
25.42:  64.77637,23.33667,185.2905
25.43:  65.02415,23.29895,185.2886
25.45:  65.27274,23.25862,185.2886
25.46:  65.51759,23.21646,185.2866
25.48:  65.76443,23.17395,185.2846
25.5:  66.00711,23.13218,185.2826
25.51:  66.25713,23.07908,185.2806
25.53:  66.50196,23.00966,185.2787
25.55:  66.74216,22.92362,185.2703
25.56:  66.97918,22.82802,185.2684
25.58:  67.21194,22.73097,185.2474
25.6:  67.45296,22.63073,185.1947
25.61:  67.68524,22.53447,185.123
25.63:  67.91874,22.43811,185.0386
25.65:  68.15266,22.34219,184.9099
25.66:  68.3897,22.24585,184.7304
25.68:  68.62621,22.15098,184.4686
25.7:  68.85941,22.0565,184.1434
25.71:  69.10535,21.95593,183.8055
25.73:  69.33668,21.86296,183.4613
25.75:  69.57475,21.7689,183.1234
25.77:  69.82084,21.67077,182.7855
25.78:  70.05069,21.57985,182.4476
25.8:  70.28478,21.48885,182.1097
25.82:  70.52316,21.39534,181.7655
25.83:  70.76849,21.30077,181.4276
25.85:  71.00289,21.21199,181.0897
25.87:  71.23967,21.1239,180.7518
25.88:  71.48037,21.03597,180.4139
25.9:  71.7151,20.94942,180.0697
25.92:  71.95646,20.85865,179.7318
25.93:  72.19491,20.76474,179.3876
25.95:  72.4205,20.66868,179.0434
25.96:  72.64522,20.56381,178.7055
25.98:  72.86994,20.45691,178.3676
26:  73.09031,20.35371,178.0234
26.01:  73.31785,20.24877,177.6855
26.03:  73.54436,20.14352,177.3476
26.05:  73.76983,20.04275,177.0097
26.06:  73.99715,19.94278,176.6655
26.08:  74.22076,19.84245,176.3276
26.1:  74.45388,19.73461,175.9897
26.11:  74.67615,19.62418,175.6455
26.13:  74.901,19.51039,175.3076
26.15:  75.11575,19.38683,174.9697
26.16:  75.32061,19.25536,174.6635
26.18:  75.51915,19.10987,174.4587
26.2:  75.71555,18.96662,174.33
26.21:  75.91776,18.81939,174.2836
26.23:  76.11628,18.67509,174.2373
26.25:  76.31743,18.52912,174.1909
26.26:  76.51667,18.38476,174.1509
26.28:  76.71561,18.24082,174.1109
26.3:  76.91329,18.09801,174.0709
26.31:  77.12124,17.94799,174.0309
26.33:  77.31385,17.80925,173.9909
26.35:  77.51335,17.66575,173.9509
26.36:  77.71436,17.5171,173.9045
26.38:  77.90938,17.36883,173.8582
26.4:  78.10136,17.21881,173.8118
26.41:  78.29556,17.06509,173.7718
26.43:  78.48608,16.91448,173.7318
26.45:  78.67918,16.76206,173.6918
26.46:  78.87405,16.61069,173.6455
26.48:  79.06467,16.46072,173.5991
26.5:  79.25516,16.31108,173.5591
26.51:  79.45203,16.15886,173.5191
26.53:  79.64169,16.00593,173.4728
26.55:  79.82675,15.8391,173.4328
26.56:  79.9982,15.66115,173.3927
26.58:  80.15847,15.46407,173.3527
26.6:  80.29037,15.255,173.3127
26.61:  80.4052,15.02536,173.2727
26.63:  80.49943,14.79069,173.2327
26.65:  80.59678,14.54704,173.1864
26.67:  80.69231,14.30853,173.14
26.68:  80.7871,14.07233,173.1
26.7:  80.88021,13.84086,173.0537
26.72:  80.97871,13.58815,173.0073
26.73:  81.0623,13.35526,172.961
26.75:  81.14162,13.11371,172.9146
26.76:  81.2044,12.869,172.8746
26.78:  81.23534,12.62291,172.8346
26.8:  81.26664,12.37556,172.7883
26.81:  81.29831,12.12668,172.7483
26.83:  81.31551,11.87594,172.7083
26.85:  81.30369,11.623,172.6682
26.86:  81.28737,11.37207,172.6282
26.88:  81.27084,11.11533,172.5882
26.9:  81.25724,10.8641,172.5482
26.91:  81.24104,10.60712,172.5146
26.93:  81.22511,10.353,172.4936
26.95:  81.21171,10.10105,172.4916
26.97:  81.1975,9.833853,172.4916
26.98:  81.18209,9.587927,172.4916
27:  81.16872,9.33923,172.5252
27.01:  81.15218,9.082315,172.5906
27.03:  81.13538,8.828625,172.694
27.05:  81.11781,8.573117,172.8417
27.07:  81.09952,8.318938,173.0212
27.08:  81.10212,8.0599,173.2703
27.1:  81.12236,7.814696,173.5956
27.11:  81.14832,7.569452,173.9588
27.13:  81.17288,7.320675,174.3601
27.15:  81.19531,7.074893,174.7867
27.16:  81.21672,6.816088,175.2703
27.2:  81.23466,6.572723,175.7857
27.21:  81.25033,6.326946,176.3517
27.23:  81.27116,6.074821,176.9622
27.25:  81.29382,5.825879,177.6043
27.26:  81.32587,5.576357,178.2781
27.28:  81.36455,5.327661,178.9772
27.3:  81.41225,5.078913,179.6954
27.31:  81.46657,4.828881,180.4516
27.33:  81.52808,4.577304,181.2268
27.35:  81.593,4.32956,182.0146
27.37:  81.66939,4.091073,182.7962
27.38:  81.76307,3.844137,183.5777
27.4:  81.85048,3.618791,184.3593
27.41:  81.94435,3.394278,185.1471
27.43:  82.05514,3.163114,185.9287
27.45:  82.16941,2.943125,186.7102
27.46:  82.28489,2.72691,187.4981
27.48:  82.40495,2.513739,188.286
27.5:  82.52716,2.30388,189.0739
27.51:  82.65396,2.096902,189.8554
27.53:  82.78938,1.892608,190.6433
27.55:  82.92301,1.691225,191.4312
27.56:  83.05502,1.486234,192.219
27.58:  83.18431,1.282555,193.0069
27.6:  83.3132,1.079785,193.7948
27.61:  83.43822,0.8736408,194.5827
27.63:  83.56306,0.6647679,195.3706
27.65:  83.68378,0.4563374,196.1584
27.66:  83.80373,0.2459423,196.9463
27.68:  83.92159,0.03247428,197.7342
27.7:  84.03458,-0.1790038,198.5221
27.71:  84.14523,-0.3931516,199.31
27.73:  84.25477,-0.6124762,200.0978
27.75:  84.36295,-0.8367534,200.8857
27.76:  84.46351,-1.052769,201.6736
27.78:  84.56339,-1.270944,202.4615
27.8:  84.66047,-1.495416,203.2494
27.82:  84.75227,-1.715943,204.0372
27.83:  84.84641,-1.951174,204.8251
27.85:  84.93079,-2.170731,205.613
27.86:  85.01743,-2.405757,206.4009
27.88:  85.09588,-2.62793,207.1888
27.9:  85.17368,-2.858337,207.9766
27.91:  85.24701,-3.085733,208.7645
27.93:  85.31889,-3.319598,209.5524
27.95:  85.38683,-3.551993,210.3403
27.96:  85.45219,-3.787539,211.1281
27.98:  85.51301,-4.019049,211.916
28:  85.57194,-4.256585,212.7039
28.01:  85.62663,-4.490758,213.4918
28.03:  85.67911,-4.730319,214.2797
28.05:  85.72768,-4.967631,215.0675
28.06:  85.77091,-5.203578,215.8554
28.08:  85.81498,-5.443317,216.6433
28.1:  85.85506,-5.679525,217.4312
28.12:  85.89156,-5.914223,218.2191
28.13:  85.92702,-6.164818,219.0069
28.15:  85.95811,-6.396071,219.7948
28.16:  85.98828,-6.646405,220.5827
28.18:  86.01517,-6.883386,221.3706
28.2:  86.03754,-7.124822,222.1585
28.21:  86.05807,-7.364494,222.9463
28.23:  86.07625,-7.617509,223.7342
28.25:  86.09185,-7.855696,224.5221
28.26:  86.10609,-8.099514,225.31
28.28:  86.12051,-8.340372,226.0979
28.3:  86.13346,-8.580761,226.8857
28.31:  86.14293,-8.816748,227.6736
28.33:  86.14929,-9.058634,228.4615
28.35:  86.15417,-9.297254,229.2494
28.36:  86.15578,-9.537261,230.0372
28.38:  86.1541,-9.775599,230.8251
28.4:  86.15108,-10.01083,231.613
28.41:  86.1463,-10.2483,232.4009
28.43:  86.13813,-10.48931,233.1888
28.45:  86.12823,-10.72933,233.9766
28.46:  86.11494,-10.97071,234.7645
28.48:  86.10046,-11.20886,235.5524
28.5:  86.08213,-11.45454,236.3403
28.51:  86.06132,-11.68988,237.1281
28.53:  86.03907,-11.92626,237.916
28.55:  86.01505,-12.16236,238.7039
28.56:  85.98757,-12.40001,239.4918
28.58:  85.9569,-12.63672,240.2797
28.6:  85.9229,-12.8735,241.0676
28.61:  85.88573,-13.10925,241.8554
28.63:  85.84519,-13.34775,242.5419
28.65:  85.8027,-13.58303,243.1333
28.66:  85.75615,-13.82711,243.693
28.68:  85.71064,-14.05371,244.2527
28.7:  85.66087,-14.28951,244.8125
28.71:  85.60957,-14.5215,245.3658
28.73:  85.55544,-14.75553,245.9192
28.75:  85.49914,-14.98867,246.4726
28.76:  85.44041,-15.22184,247.0323
28.78:  85.37916,-15.45548,247.5857
28.8:  85.3172,-15.68395,248.0694
28.82:  85.25353,-15.91364,248.3882
28.83:  85.18678,-16.15392,248.4219
28.85:  85.12383,-16.38047,248.4239
28.86:  85.06098,-16.60666,248.4239
28.88:  84.9957,-16.84162,248.4239
28.9:  84.93143,-17.0729,248.4239
28.91:  84.86864,-17.29891,248.4239
28.93:  84.80375,-17.53245,248.4239
28.95:  84.73965,-17.76316,248.4239
28.96:  84.67597,-17.99234,248.4239
28.98:  84.61105,-18.22599,248.4239
29:  84.54736,-18.45523,248.4239
29.01:  84.48365,-18.68452,248.4219
29.03:  84.41863,-18.91858,248.4199
29.05:  84.35483,-19.14841,248.4116
29.06:  84.29034,-19.38083,248.4033
29.08:  84.22637,-19.6115,248.395
29.1:  84.16479,-19.84101,248.3866
29.11:  84.10404,-20.06781,248.3593
29.13:  84.03952,-20.30239,248.2749
29.15:  83.97931,-20.53255,248.0258
29.16:  83.91682,-20.7708,247.5928
29.18:  83.86129,-21.00029,246.9697
29.2:  83.80679,-21.23099,246.1882
29.22:  83.75569,-21.46137,245.4003
29.23:  83.70501,-21.70573,244.6124
29.25:  83.65798,-21.93912,243.8246
29.26:  83.61439,-22.17194,243.0367
29.28:  83.57172,-22.40733,242.2488
29.3:  83.52998,-22.64775,241.4609
29.31:  83.49236,-22.88367,240.673
29.33:  83.45873,-23.12564,239.8852
29.35:  83.42852,-23.36734,239.0973
29.36:  83.40046,-23.60639,238.3094
29.38:  83.37769,-23.84506,237.5215
29.4:  83.35612,-24.08586,236.7336
29.41:  83.3382,-24.32237,235.9458
29.43:  83.32526,-24.56259,235.1579
29.45:  83.31514,-24.80419,234.37
29.46:  83.30283,-25.0496,233.5821
29.48:  83.28662,-25.29592,232.7943
29.5:  83.26981,-25.54284,232.1205
29.51:  83.2506,-25.78151,231.6305
29.53:  83.22492,-26.0277,231.3623
29.55:  83.18103,-26.26998,231.2399
29.56:  83.12376,-26.50897,231.1492
29.58:  83.05999,-26.74912,231.0648
29.6:  82.98971,-26.98858,230.9804
29.61:  82.91842,-27.22781,230.9024
29.63:  82.84712,-27.47547,230.8244
29.65:  82.7754,-27.71846,230.7527
29.66:  82.70287,-27.96057,230.6746
29.68:  82.63018,-28.20428,230.6029
29.7:  82.55576,-28.4477,230.5376
29.71:  82.48363,-28.68427,230.4912
29.73:  82.40917,-28.9291,230.4512
29.75:  82.33591,-29.1706,230.4112
29.76:  82.26271,-29.41234,230.3839
29.78:  82.18922,-29.65522,230.3692
29.8:  82.11564,-29.89845,230.3692
29.81:  82.0507,-30.1338,230.3692
29.83:  81.99092,-30.37646,230.3692
29.85:  81.93307,-30.61953,230.3692
29.86:  81.88087,-30.85929,230.4092
29.88:  81.83123,-31.1005,230.557
29.9:  81.78932,-31.34226,230.8061
29.92:  81.75623,-31.58461,231.163
29.93:  81.72533,-31.83653,231.5833
29.95:  81.69782,-32.07281,232.048
29.96:  81.67075,-32.31706,232.5443
29.98:  81.64511,-32.55956,233.066
30:  81.61829,-32.80694,233.6067
30.01:  81.59205,-33.04378,234.1664
30.03:  81.56374,-33.29098,234.7578
30.05:  81.5331,-33.53559,235.3619
30.06:  81.49979,-33.78024,235.9786
30.08:  81.46597,-34.02267,236.5954
30.1:  81.43163,-34.26293,237.2185
30.11:  81.39391,-34.50623,237.8416
30.13:  81.35326,-34.75095,238.4583
30.15:  81.31049,-34.99236,239.0751
30.16:  81.26663,-35.23535,239.6919
30.18:  81.21827,-35.47768,240.3149
30.2:  81.16797,-35.71632,240.9317
30.22:  81.11468,-35.95629,241.5485
30.23:  81.05837,-36.20605,242.1652
30.25:  81.00244,-36.44228,242.782
30.26:  80.94242,-36.67652,243.3987
30.28:  80.8786,-36.91523,243.9965
30.3:  80.81513,-37.15231,244.4484
30.31:  80.75214,-37.38418,244.6596
30.33:  80.68912,-37.62339,244.6596
30.35:  80.62961,-37.85656,244.6596
30.36:  80.57358,-38.09009,244.6513
30.38:  80.51632,-38.32888,244.6429
30.4:  80.46239,-38.56219,244.6283
30.41:  80.4098,-38.79671,244.6136
30.43:  80.35515,-39.03368,244.599
30.45:  80.30107,-39.26846,244.5843
30.46:  80.24692,-39.50384,244.5697
30.48:  80.19418,-39.74012,244.555
30.5:  80.14079,-39.97284,244.534
30.51:  80.08801,-40.21001,244.5194
30.53:  80.03355,-40.44796,244.5047
30.55:  79.98013,-40.68169,244.4901
30.56:  79.9264,-40.91699,244.4754
30.58:  79.87302,-41.15102,244.4607
30.6:  79.81965,-41.38532,244.4461
30.61:  79.76655,-41.61871,244.4314
30.63:  79.71294,-41.85462,244.4168
30.65:  79.66289,-42.09069,244.4021
30.66:  79.60936,-42.32679,244.3875
30.68:  79.55627,-42.56124,244.3728
30.7:  79.50339,-42.79505,244.3582
30.72:  79.45084,-43.02762,244.3435
30.73:  79.39568,-43.27211,244.3288
30.75:  79.34377,-43.50934,244.3142
30.76:  79.2923,-43.73798,244.2995
30.78:  79.23923,-43.97416,244.2785
30.8:  79.18899,-44.20659,244.2702
30.81:  79.13689,-44.43861,244.2702
30.83:  79.0835,-44.6763,244.2722
30.85:  79.03084,-44.91073,244.2742
30.86:  78.9779,-45.14638,244.2762
30.88:  78.92506,-45.38136,244.2845
30.9:  78.8721,-45.61532,244.3689
30.91:  78.81649,-45.85746,244.5483
30.93:  78.76276,-46.08534,244.8799
30.95:  78.70464,-46.32355,245.3255
30.96:  78.64652,-46.55225,245.8725
30.98:  78.58561,-46.78728,246.502
31:  78.52124,-47.01851,247.1694
31.01:  78.45542,-47.24971,247.8622
31.03:  78.38557,-47.48432,248.555
31.05:  78.31216,-47.71524,249.2479
31.06:  78.23664,-47.94331,249.9343
31.08:  78.15849,-48.17083,250.5701
31.1:  78.07843,-48.39766,251.0538
31.11:  77.99848,-48.6214,251.2776
31.13:  77.91888,-48.8499,251.2795
31.15:  77.84039,-49.07524,251.2795
31.16:  77.7588,-49.30351,251.2795
31.18:  77.67802,-49.52954,251.2795
31.2:  77.5994,-49.75522,251.2795
31.22:  77.51907,-49.98,251.2795
31.23:  77.43447,-50.21673,251.2795
31.25:  77.35757,-50.44198,251.2795
31.26:  77.27715,-50.66702,251.2795
31.28:  77.19692,-50.89151,251.2795
31.3:  77.11974,-51.11761,251.2795
31.31:  77.03918,-51.34303,251.2795
31.33:  76.95708,-51.57274,251.2795
31.35:  76.87646,-51.79834,251.2795
31.36:  76.79578,-52.02864,251.2795
31.38:  76.70471,-52.2561,251.2795
31.4:  76.60771,-52.47986,251.2795
31.41:  76.51141,-52.702,251.2795
31.43:  76.41427,-52.92607,251.2795
31.45:  76.31553,-53.15384,251.2795
31.46:  76.21808,-53.37863,251.2795
31.48:  76.12082,-53.603,251.2795
31.5:  76.02366,-53.82712,251.2795
31.51:  75.9241,-54.04813,251.2795
31.53:  75.82029,-54.27418,251.2795
31.55:  75.71019,-54.49323,251.2795
31.56:  75.59315,-54.71075,251.2795
31.58:  75.47302,-54.9305,251.2795
31.6:  75.35377,-55.14863,251.2795
31.61:  75.23518,-55.36554,251.2795
31.63:  75.1142,-55.58683,251.2795
31.65:  74.99456,-55.80567,251.2795
31.66:  74.87313,-56.02778,251.2795
31.68:  74.75826,-56.24127,251.2795
31.7:  74.6672,-56.41783,251.2795
31.71:  74.61457,-56.53609,251.2795
31.73:  74.60938,-56.58988,251.2795
31.75:  74.60938,-56.58988,251.2795
31.76:  74.60938,-56.58988,251.2795
31.78:  74.60938,-56.58988,251.2795
31.8:  74.60938,-56.58988,251.2795
31.81:  74.60938,-56.58988,251.2795
31.83:  74.60938,-56.58988,251.2795
31.85:  74.60938,-56.58988,251.2795
31.86:  74.60938,-56.58988,251.2795
31.88:  74.60938,-56.58988,251.2795
31.9:  74.60938,-56.58988,251.2795
31.91:  74.60938,-56.58988,251.2795
31.93:  74.60938,-56.58988,251.2795
31.95:  74.60938,-56.58988,251.2795
31.96:  74.60938,-56.58988,251.2795
31.98:  74.60938,-56.58988,251.2795
32:  74.60938,-56.58988,251.2795
32.01:  74.60938,-56.58988,251.2795
32.03:  74.60938,-56.58988,251.2795
32.05:  74.60938,-56.58988,251.2795
32.06:  74.60938,-56.58988,251.2795
32.08:  74.60938,-56.58988,251.2795
32.1:  74.60938,-56.58988,251.2795
32.11:  74.60938,-56.58988,251.2795
32.13:  74.60938,-56.58988,251.2795
32.15:  74.60938,-56.58988,251.2795
32.16:  74.60938,-56.58988,251.2795
32.18:  74.60938,-56.58988,251.2795
32.2:  74.60938,-56.58988,251.2795
32.21:  74.60938,-56.58988,251.2795
32.23:  74.60938,-56.58988,251.2795
32.25:  74.60938,-56.58988,251.2795
32.26:  74.60938,-56.58988,251.2795
32.28:  74.60938,-56.58988,251.2795
32.3:  74.60938,-56.58988,251.2795
32.31:  74.60938,-56.58988,251.2795
32.33:  74.60938,-56.58988,251.2795
