ParticipantNo: 11008
Controller type: Keyboard and Mouse
Training Level:
0.02:  82.7,18.5,270
0.04:  82.7,18.5,270
0.06:  82.7,18.5,270
0.09:  82.7,18.5,270
0.11:  82.7,18.5,270
0.13:  82.7,18.5,270
0.14:  82.7,18.5,270
0.16:  82.7,18.5,270
0.18:  82.7,18.5,270
0.19:  82.7,18.5,270
0.21:  82.7,18.5,270
0.23:  82.7,18.5,270
0.24:  82.7,18.5,270
0.26:  82.7,18.5,270
0.28:  82.7,18.5,270
0.29:  82.7,18.5,270
0.31:  82.7,18.5,270
0.33:  82.7,18.5,270
0.34:  82.7,18.5,270
0.36:  82.7,18.5,270
0.38:  82.7,18.5,270
0.39:  82.7,18.5,270
0.41:  82.7,18.5,270
0.43:  82.7,18.5,270
0.44:  82.7,18.5,270
0.46:  82.7,18.5,270
0.48:  82.7,18.5,270
0.49:  82.7,18.5,270
0.51:  82.7,18.5,270
0.53:  82.7,18.5,270
0.54:  82.7,18.5,270
0.56:  82.7,18.5,270
0.58:  82.7,18.5,270
0.59:  82.7,18.5,270
0.61:  82.7,18.5,270
0.63:  82.7,18.5,270
0.64:  82.7,18.5,270
0.66:  82.7,18.5,270
0.68:  82.7,18.5,270
0.69:  82.7,18.5,270
0.71:  82.7,18.5,270
0.73:  82.7,18.5,270
0.74:  82.7,18.5,270
0.76:  82.7,18.5,270
0.78:  82.7,18.5,270
0.79:  82.7,18.5,270
0.81:  82.7,18.5,270
0.83:  82.7,18.5,270
0.84:  82.7,18.5,270
0.86:  82.7,18.5,270
0.88:  82.7,18.5,270
0.89:  82.7,18.5,270
0.91:  82.7,18.5,270
0.93:  82.7,18.5,270
0.94:  82.7,18.5,270
0.96:  82.7,18.5,270
0.98:  82.7,18.5,270
0.99:  82.7,18.5,270
1.01:  82.7,18.5,270
1.03:  82.7,18.5,270
1.04:  82.7,18.5,270
1.06:  82.7,18.5,270
1.08:  82.7,18.5,270
1.09:  82.7,18.5,270
1.11:  82.7,18.5,270
1.13:  82.7,18.5,270
1.14:  82.7,18.5,270
1.16:  82.7,18.5,270
1.18:  82.7,18.5,270
1.19:  82.7,18.5,270
1.21:  82.7,18.5,270
1.23:  82.7,18.5,270
1.24:  82.7,18.5,270
1.26:  82.7,18.5,270
1.28:  82.7,18.5,270
1.29:  82.7,18.5,270
1.31:  82.7,18.5,270
1.33:  82.7,18.5,270
1.34:  82.7,18.5,270
1.36:  82.7,18.5,270
1.38:  82.7,18.5,270
1.39:  82.7,18.5,270
1.41:  82.7,18.5,270
1.43:  82.7,18.5,270
1.44:  82.7,18.5,270
1.46:  82.7,18.5,270
1.48:  82.7,18.5,270
1.49:  82.7,18.5,270
1.51:  82.7,18.5,270
1.53:  82.7,18.5,270
1.54:  82.7,18.5,270
1.56:  82.7,18.5,270
1.58:  82.7,18.5,270
1.59:  82.7,18.5,270
1.61:  82.7,18.5,270
1.63:  82.7,18.5,270
1.64:  82.7,18.5,270
1.66:  82.7,18.5,270
1.68:  82.7,18.5,270
1.69:  82.7,18.5,270
1.71:  82.7,18.5,270
1.73:  82.7,18.5,270
1.74:  82.7,18.5,270
1.76:  82.7,18.5,270
1.78:  82.7,18.5,270
1.79:  82.7,18.5,270
1.81:  82.7,18.5,270
1.83:  82.7,18.5,270
1.84:  82.7,18.5,270
1.86:  82.7,18.5,270
1.88:  82.7,18.5,270
1.89:  82.7,18.5,270
1.91:  82.7,18.5,270
1.93:  82.7,18.5,270
1.94:  82.7,18.5,270
1.96:  82.7,18.5,270
1.98:  82.7,18.5,270
1.99:  82.7,18.5,270
2.01:  82.7,18.5,270
2.03:  82.7,18.5,270
2.04:  82.7,18.5,270
2.06:  82.7,18.5,270
2.08:  82.7,18.5,270
2.09:  82.7,18.5,270
2.11:  82.7,18.5,270
2.13:  82.7,18.5,270
2.14:  82.7,18.5,270
2.16:  82.7,18.5,270
2.18:  82.7,18.5,270
2.19:  82.7,18.5,270
2.21:  82.7,18.5,270
2.23:  82.7,18.5,270
2.24:  82.7,18.5,270
2.26:  82.7,18.5,270
2.28:  82.7,18.5,270
2.29:  82.7,18.5,270
2.31:  82.7,18.5,270
2.33:  82.7,18.5,270
2.34:  82.7,18.5,270
2.36:  82.7,18.5,270
2.38:  82.7,18.5,270
2.39:  82.7,18.5,270
2.41:  82.7,18.5,270
2.43:  82.7,18.5,270
2.44:  82.7,18.5,270
2.46:  82.7,18.5,270
2.48:  82.7,18.5,270
2.49:  82.7,18.5,270
2.51:  82.7,18.5,270
2.53:  82.7,18.5,270
2.54:  82.7,18.5,270
2.56:  82.7,18.5,270
2.58:  82.7,18.5,270
2.59:  82.7,18.5,270
2.61:  82.7,18.5,270
2.63:  82.7,18.5,270
2.64:  82.7,18.5,270
2.66:  82.7,18.5,270
2.68:  82.7,18.5,270
2.69:  82.7,18.5,270
2.71:  82.7,18.5,270
2.73:  82.7,18.5,270
2.74:  82.7,18.5,270
2.76:  82.7,18.5,270
2.78:  82.7,18.5,270
2.79:  82.7,18.5,270
2.81:  82.7,18.5,270
2.83:  82.7,18.5,270
2.84:  82.7,18.5,270
2.86:  82.7,18.5,270
2.88:  82.7,18.5,270
2.89:  82.7,18.5,270
2.91:  82.7,18.5,270
2.93:  82.7,18.5,270
2.94:  82.7,18.5,270
2.96:  82.7,18.5,270
2.98:  82.7,18.5,270
2.99:  82.7,18.5,270
3.01:  82.7,18.5,270
3.03:  82.7,18.5,270
3.04:  82.7,18.5,270
3.06:  82.7,18.5,270
3.08:  82.7,18.5,270
3.09:  82.7,18.5,270
3.11:  82.7,18.5,270
3.13:  82.7,18.5,270
3.14:  82.7,18.5,270
3.16:  82.7,18.5,270
3.18:  82.7,18.5,270
3.19:  82.7,18.5,270
3.21:  82.7,18.5,270
3.23:  82.7,18.5,270
3.24:  82.7,18.5,270
3.26:  82.7,18.5,270
3.28:  82.7,18.5,270
3.29:  82.7,18.5,270
3.31:  82.7,18.5,270
3.33:  82.7,18.5,270
3.34:  82.7,18.5,270
3.36:  82.7,18.5,270
3.38:  82.7,18.5,270
3.39:  82.7,18.5,270
3.41:  82.7,18.5,270
3.43:  82.68724,18.5,270
3.44:  82.66245,18.5,270
3.46:  82.62502,18.5,270
3.48:  82.5752,18.5,270
3.49:  82.51272,18.5,270
3.51:  82.43765,18.5,270
3.53:  82.35004,18.5,270
3.54:  82.24983,18.5,270
3.56:  82.1375,18.5,270
3.58:  82.01236,18.5,270
3.59:  81.87472,18.5,270
3.61:  81.72433,18.5,270
3.63:  81.56266,18.5,270
3.64:  81.38783,18.5,270
3.66:  81.20015,18.5,270
3.68:  80.99991,18.5,270
3.69:  80.78867,18.5,270
3.71:  80.55395,18.5,270
3.73:  80.325,18.5,270
3.74:  80.07587,18.5,270
3.76:  79.82513,18.5,270
3.78:  79.57461,18.5,270
3.79:  79.32423,18.5,270
3.81:  79.07379,18.5,270
3.83:  78.82384,18.5,270
3.84:  78.57385,18.5,270
3.86:  78.32391,18.5,270
3.88:  78.07438,18.5,270
3.89:  77.82753,18.5,270
3.91:  77.57394,18.5,270
3.93:  77.32236,18.5,270
3.94:  77.07292,18.5,270
3.96:  76.82377,18.5,270
3.98:  76.57448,18.5,270
3.99:  76.3244,18.5,270
4.01:  76.07384,18.5,270
4.03:  75.82427,18.5,270
4.04:  75.5751,18.5,270
4.06:  75.32507,18.5,270
4.08:  75.07455,18.5,270
4.09:  74.82487,18.5,270
4.11:  74.57317,18.5,270
4.13:  74.32491,18.5,270
4.14:  74.07377,18.5,270
4.16:  73.82559,18.5,270
4.18:  73.57767,18.5,270
4.19:  73.32561,18.5,270
4.21:  73.07387,18.5,270
4.23:  72.82561,18.5,270
4.24:  72.57338,18.5,270
4.26:  72.32437,18.5,270
4.28:  72.07355,18.5,270
4.29:  71.82372,18.5,270
4.31:  71.57372,18.5,270
4.33:  71.32537,18.5,270
4.34:  71.07585,18.5,270
4.36:  70.8236,18.5,270
4.38:  70.57528,18.5,270
4.39:  70.324,18.51219,269.9
4.41:  70.06302,18.53523,269.2
4.43:  69.81934,18.56377,268.1
4.44:  69.5669,18.60042,266.9
4.46:  69.31467,18.64429,265.8
4.48:  69.05836,18.69519,264.5
4.49:  68.79978,18.7555,263.8
4.51:  68.5417,18.82426,263.1
4.53:  68.28143,18.90296,262.6
4.54:  68.01402,18.99234,261.9
4.56:  67.74619,19.08888,261
4.58:  67.47433,19.19362,260.1
4.59:  67.19861,19.30518,259
4.61:  66.91685,19.42419,257.9
4.63:  66.63036,19.55043,256.9
4.64:  66.34064,19.68097,255.6
4.66:  66.04066,19.81877,254.3
4.68:  65.74065,19.95912,253.1
4.69:  65.42971,20.10819,252.1
4.71:  65.1097,20.26914,251.7
4.73:  64.79638,20.42468,251.4
4.74:  64.47427,20.58039,250.8
4.76:  64.15228,20.72985,249.9
4.78:  63.82993,20.87135,248.7
4.79:  63.5021,21.00714,247.5
4.81:  63.17376,21.13648,246.5
4.83:  62.84392,21.26243,245.9
4.84:  62.51217,21.38581,245.4
4.86:  62.17945,21.5056,244.8
4.88:  61.84019,21.62175,243.9
4.89:  61.51224,21.72958,243.2
4.91:  61.17296,21.8359,242.4
4.93:  60.83296,21.93533,241.3
4.94:  60.49072,22.02703,240
4.96:  60.1471,22.11079,238.7
4.98:  59.80108,22.1875,237.5
4.99:  59.45227,22.25784,236.4
5.01:  59.10637,22.32257,235.6
5.03:  58.75756,22.38407,235
5.04:  58.41288,22.44299,234.7
5.06:  58.06356,22.50208,234.6
5.08:  57.71553,22.56094,234.6
5.09:  57.36602,22.62006,234.6
5.11:  57.0186,22.67882,234.6
5.13:  56.65849,22.73973,234.6
5.14:  56.32031,22.79692,234.6
5.16:  55.97268,22.85572,234.6
5.18:  55.62486,22.91455,234.6
5.19:  55.27479,22.97376,234.6
5.21:  54.9276,23.03248,234.6
5.23:  54.57657,23.09186,234.6
5.24:  54.22992,23.15049,234.6
5.26:  53.88007,23.20966,234.6
5.28:  53.53047,23.26879,234.6
5.29:  53.18369,23.32744,234.6
5.31:  52.83298,23.38676,234.6
5.33:  52.48579,23.44548,234.6
5.34:  52.1373,23.50443,234.6
5.36:  51.78901,23.56334,234.6
5.38:  51.44122,23.62216,234.6
5.39:  51.09233,23.68117,234.6
5.41:  50.7484,23.73934,234.6
5.43:  50.38148,23.8014,234.6
5.44:  50.03947,23.85925,234.6
5.46:  49.69503,23.91751,234.6
5.48:  49.35096,23.9757,234.6
5.49:  49.00362,24.03383,234.5
5.51:  48.65064,24.09163,234.3
5.53:  48.30047,24.14709,234
5.54:  47.9518,24.19734,233.2
5.56:  47.59856,24.23758,231.5
5.58:  47.24783,24.26395,229.3
5.59:  46.89647,24.27438,226.7
5.61:  46.54021,24.27065,224.4
5.63:  46.17945,24.25616,222.7
5.64:  45.83366,24.23622,221.7
5.66:  45.47192,24.21283,221.3
5.68:  45.11018,24.18753,221
5.69:  44.77217,24.16271,220.8
5.71:  44.42186,24.13514,220.5
5.73:  44.07217,24.10332,219.8
5.74:  43.7056,24.06479,219
5.76:  43.35998,24.02358,218.2
5.78:  43.01839,23.978,217.4
5.79:  42.66834,23.92693,216.7
5.81:  42.31776,23.87141,216
5.83:  41.9674,23.81215,215.4
5.84:  41.62378,23.75094,214.9
5.86:  41.27718,23.6867,214.5
5.88:  40.91604,23.61716,214.1
5.89:  40.57287,23.54983,213.9
5.91:  40.22856,23.48103,213.7
5.93:  39.88475,23.41171,213.6
5.94:  39.53935,23.34018,213.3
5.96:  39.19628,23.26663,212.9
5.98:  38.85088,23.19006,212.5
5.99:  38.50693,23.11191,212.2
6.01:  38.16164,23.03346,212.2
6.03:  37.81789,22.95537,212.2
6.04:  37.46666,22.87557,212.2
6.06:  37.12757,22.79853,212.2
6.08:  36.78793,22.72136,212.2
6.09:  36.43719,22.64168,212.2
6.11:  36.09699,22.56439,212.2
6.13:  35.75043,22.48565,212.2
6.14:  35.40501,22.40718,212.2
6.16:  35.05528,22.33092,212.7
6.18:  34.70888,22.26609,214.4
6.19:  34.35787,22.21864,217.3
6.21:  34.0054,22.19275,220.8
6.23:  33.65281,22.18906,224.4
6.24:  33.29796,22.20393,227.4
6.26:  32.94609,22.22854,229
6.28:  32.59217,22.25764,229.7
6.29:  32.24682,22.28603,229.7
6.31:  31.89024,22.31534,229.7
6.33:  31.53963,22.34417,229.7
6.34:  31.18566,22.37327,229.7
6.36:  30.83558,22.40205,229.7
6.38:  30.47997,22.43129,229.7
6.39:  30.12822,22.46021,229.7
6.41:  29.77576,22.48919,229.7
6.43:  29.42553,22.51798,229.7
6.44:  29.07156,22.54708,229.7
6.46:  28.71838,22.57612,229.7
6.48:  28.37313,22.6045,229.7
6.49:  28.01396,22.63403,229.7
6.51:  27.66414,22.66279,229.7
6.53:  27.31065,22.69185,229.7
6.54:  26.95932,22.72074,229.7
6.56:  26.60571,22.74981,229.7
6.58:  26.2528,22.77635,229.3
6.59:  25.89722,22.79498,228
6.61:  25.54543,22.80112,226
6.63:  25.19217,22.79249,223.6
6.64:  24.84027,22.76912,221.2
6.66:  24.4875,22.73328,219.2
6.68:  24.13556,22.68507,217.2
6.69:  23.79233,22.63316,216.4
6.71:  23.43656,22.57554,215.8
6.73:  23.09083,22.51582,215.2
6.74:  22.72244,22.44821,214.6
6.76:  22.39444,22.38446,214
6.78:  22.05268,22.31492,213.5
6.79:  21.70208,22.23976,212.9
6.81:  21.35839,22.16231,212.3
6.83:  21.01466,22.08105,211.7
6.84:  20.6715,21.9974,211.3
6.86:  20.32627,21.91196,211.1
6.88:  19.98404,21.82664,211
6.89:  19.63925,21.74003,210.9
6.91:  19.30017,21.65486,210.9
6.93:  18.9585,21.56904,210.9
6.94:  18.61458,21.48265,210.9
6.96:  18.25613,21.39262,210.9
6.98:  17.92746,21.31006,210.9
6.99:  17.58592,21.22427,210.9
7.01:  17.24162,21.13779,210.9
7.03:  16.90034,21.05207,210.9
7.04:  16.56112,20.96686,210.9
7.06:  16.21781,20.88062,210.9
7.08:  15.86888,20.79298,210.9
7.09:  15.52871,20.70753,210.9
7.11:  15.18719,20.62175,210.9
7.13:  14.8415,20.53492,210.9
7.14:  14.50051,20.44927,210.9
7.16:  14.15598,20.36273,210.9
7.18:  13.81446,20.27695,210.9
7.19:  13.46963,20.19033,210.9
7.21:  13.1279,20.1045,210.9
7.23:  12.78402,20.01812,210.9
7.24:  12.44126,19.93202,210.9
7.26:  12.09792,19.84578,210.9
7.28:  11.75552,19.75978,210.9
7.29:  11.41683,19.6747,210.9
7.31:  11.05553,19.58395,210.9
7.33:  10.72232,19.50025,210.9
7.34:  10.37365,19.41267,210.9
7.36:  10.03922,19.32805,210.8
7.38:  9.699136,19.23693,210
7.39:  9.360278,19.13719,208.6
7.41:  9.024211,19.02148,206
7.43:  8.700736,18.88683,202.4
7.44:  8.383437,18.72794,198.4
7.46:  8.080095,18.54567,194
7.48:  7.800004,18.32997,187.4
7.49:  7.539212,18.09843,183.4
7.51:  7.284962,17.84418,180
7.53:  7.04944,17.58261,177
7.54:  6.825882,17.31141,174.5
7.56:  6.610258,17.02733,172.2
7.58:  6.409553,16.73856,169.8
7.59:  6.218313,16.44067,167.7
7.61:  6.036685,16.13719,165.9
7.63:  5.855873,15.82275,164.9
7.64:  5.680103,15.51459,164.7
7.66:  5.505859,15.21401,165.1
7.68:  5.323999,14.91254,166.1
7.69:  5.142658,14.61192,166.1
7.71:  4.959979,14.30909,166.1
7.73:  4.777997,14.00742,166.1
7.74:  4.594837,13.70379,166.1
7.76:  4.412676,13.40182,166.1
7.78:  4.22924,13.09773,166.1
7.79:  4.048852,12.7987,166.1
7.81:  3.858175,12.48261,166.1
7.83:  3.677032,12.18233,166.1
7.84:  3.497731,11.8851,166.1
7.86:  3.314161,11.58079,166.1
7.88:  3.134258,11.28256,166.1
7.89:  2.950833,10.97849,166.1
7.91:  2.769444,10.6778,166.1
7.93:  2.585826,10.37341,166.1
7.94:  2.403226,10.07072,166.1
7.96:  2.219466,9.766094,166.1
7.98:  2.036952,9.463537,166.1
7.99:  1.856558,9.164495,166.1
8.01:  1.673355,8.860796,166.1
8.03:  1.490787,8.558149,166.1
8.04:  1.308092,8.255293,166.1
8.06:  1.125646,7.952849,166.1
8.08:  0.9418905,7.648234,166.1
8.09:  0.7598038,7.346385,166.1
8.11:  0.5769445,7.043256,166.1
8.13:  0.3947657,6.741255,166.1
8.14:  0.2122582,6.438709,166.1
8.16:  0.04165941,6.138769,166.1
8.18:  -0.1165209,5.842373,166.1
8.19:  -0.2631618,5.547743,166.1
8.21:  -0.3981488,5.254823,166.1
8.23:  -0.5195489,4.968241,166.1
8.24:  -0.62932,4.683452,166.1
8.26:  -0.7271207,4.40111,166.1
8.28:  -0.8119236,4.124819,166.1
8.29:  -0.8857939,3.847067,166.1
8.31:  -0.9467785,3.575496,166.1
8.33:  -0.9953602,3.309548,166.1
8.34:  -1.03278,3.039844,166.1
8.36:  -1.057656,2.776008,166.1
8.38:  -1.070383,2.515867,166.1
8.39:  -1.070966,2.257337,166.1
8.41:  -1.059376,2.002269,166.1
8.43:  -1.035767,1.751265,166.1
8.44:  -0.9999057,1.502304,166.1
8.46:  -0.9520853,1.257172,166.1
8.48:  -0.8919947,1.014357,166.1
8.49:  -0.8327854,0.7751034,166.1
8.51:  -0.7723967,0.5273788,166.3
8.53:  -0.7139737,0.2858869,166.4
8.54:  -0.6558119,0.04362521,166.5
8.56:  -0.5962843,-0.2005669,166.3
8.58:  -0.5346931,-0.4421992,165.7
8.59:  -0.4791531,-0.6883614,164.4
8.61:  -0.4271171,-0.9310815,162.2
8.63:  -0.3740302,-1.179397,159.4
8.64:  -0.3197512,-1.425967,156.3
8.66:  -0.2612814,-1.680124,153
8.68:  -0.1929113,-1.931863,148.1
8.69:  -0.123347,-2.185821,145.4
8.71:  -0.05390003,-2.446833,143.3
8.73:  0.01338571,-2.713402,141.6
8.74:  0.07795779,-2.986053,140.1
8.76:  0.1392684,-3.265547,138.8
8.78:  0.1950378,-3.548723,137.9
8.79:  0.2459133,-3.844177,137.2
8.81:  0.2906792,-4.147586,136.6
8.83:  0.3283756,-4.452579,136.1
8.84:  0.3601899,-4.775068,135.7
8.86:  0.3836729,-5.099005,135.5
8.88:  0.3997116,-5.437971,135.3
8.89:  0.4067238,-5.782836,135.3
8.91:  0.4048767,-6.13559,135.3
8.93:  0.4030266,-6.488918,135.3
8.94:  0.4011867,-6.840289,135.3
8.96:  0.3993215,-7.196492,135.3
8.98:  0.3974729,-7.549526,135.3
8.99:  0.3956218,-7.903048,135.3
9.01:  0.393791,-8.252689,135.3
9.03:  0.3919145,-8.611039,135.3
9.04:  0.3900797,-8.961452,135.3
9.06:  0.3882082,-9.318861,135.3
9.08:  0.3863683,-9.670244,135.3
9.09:  0.3845168,-10.02383,135.3
9.11:  0.3826782,-10.37497,135.3
9.13:  0.3764308,-10.73287,136
9.14:  0.3640545,-11.08728,137
9.16:  0.3486297,-11.44057,137.5
9.18:  0.3277853,-11.79142,138.4
9.19:  0.299253,-12.14604,139.6
9.21:  0.261155,-12.49673,141.2
9.23:  0.211851,-12.84755,143
9.24:  0.1542484,-13.1955,144.4
9.26:  0.09036226,-13.54358,145.4
9.28:  0.02174626,-13.89012,146.2
9.29:  -0.04687182,-14.23667,146.2
9.31:  -0.1154499,-14.58301,146.2
9.33:  -0.1829481,-14.9239,146.2
9.34:  -0.252979,-15.27758,146.2
9.36:  -0.3213799,-15.62303,146.2
9.38:  -0.3904125,-15.97167,146.2
9.39:  -0.4588212,-16.31716,146.2
9.41:  -0.527586,-16.66445,146.2
9.43:  -0.5974929,-17.0175,146.2
9.44:  -0.665785,-17.3624,146.2
9.46:  -0.7349066,-17.71149,146.2
9.48:  -0.8025976,-18.05336,146.2
9.49:  -0.8708214,-18.39791,146.2
9.51:  -0.9393755,-18.74413,146.2
9.53:  -1.008441,-19.09294,146.2
9.54:  -1.0767,-19.43767,146.2
9.56:  -1.145742,-19.78636,146.2
9.58:  -1.213303,-20.12757,146.2
9.59:  -1.282927,-20.47919,146.2
9.61:  -1.350541,-20.82704,146
9.63:  -1.414535,-21.17571,145.4
9.64:  -1.4729,-21.52449,144.5
9.66:  -1.523678,-21.87256,143.3
9.68:  -1.563151,-22.22446,141.4
9.69:  -1.595187,-22.56981,140.3
9.71:  -1.622862,-22.92947,139.4
9.73:  -1.645637,-23.28166,138.7
9.74:  -1.665057,-23.6522,138
9.76:  -1.678382,-23.99906,137.2
9.78:  -1.687149,-24.35779,136.4
9.79:  -1.690131,-24.69951,135.5
9.81:  -1.687048,-25.05287,134.5
9.83:  -1.67848,-25.40346,133.6
9.84:  -1.663863,-25.75219,132.6
9.86:  -1.64319,-26.11074,131.7
9.88:  -1.614394,-26.46099,130.3
9.89:  -1.581078,-26.80699,129.5
9.91:  -1.542862,-27.16459,128.9
9.93:  -1.501442,-27.51718,128.3
9.94:  -1.457297,-27.86663,127.8
9.96:  -1.410493,-28.21741,127.4
9.98:  -1.36273,-28.56609,127.2
9.99:  -1.311489,-28.93069,127
10.01:  -1.263332,-29.26906,126.9
10.03:  -1.213253,-29.61658,126.8
10.04:  -1.162107,-29.96717,126.7
10.06:  -1.110932,-30.31797,126.7
10.08:  -1.059649,-30.66526,126.6
10.09:  -1.008157,-31.01396,126.6
10.11:  -0.9564318,-31.36424,126.6
10.13:  -0.9047862,-31.71399,126.6
10.14:  -0.8531443,-32.06371,126.6
10.16:  -0.8013214,-32.41465,126.6
10.18:  -0.749774,-32.76373,126.6
10.19:  -0.6986081,-33.11023,126.6
10.21:  -0.6465134,-33.46302,126.6
10.23:  -0.5946196,-33.81444,126.6
10.24:  -0.5430905,-34.16339,126.6
10.26:  -0.4913265,-34.51394,126.6
10.28:  -0.439991,-34.86159,126.6
10.29:  -0.3879782,-35.21382,126.6
10.31:  -0.3365668,-35.56198,126.6
10.33:  -0.2851329,-35.91029,126.6
10.34:  -0.2332074,-36.26193,126.6
10.36:  -0.1820006,-36.6087,126.6
10.38:  -0.1298898,-36.96159,126.6
10.39:  -0.07840469,-37.31025,126.6
10.41:  -0.02629174,-37.66316,126.6
10.43:  0.02493584,-38.01007,126.6
10.44:  0.07637354,-38.35841,126.6
10.46:  0.1283538,-38.71042,126.6
10.48:  0.1796973,-39.05812,126.6
10.49:  0.2315159,-39.40903,126.6
10.51:  0.2831875,-39.75896,126.6
10.53:  0.336893,-40.12265,126.6
10.54:  0.3873629,-40.46444,126.6
10.56:  0.4390212,-40.81427,126.6
10.58:  0.4895934,-41.15674,126.6
10.59:  0.5414039,-41.5076,126.6
10.61:  0.5935209,-41.86054,126.6
10.63:  0.6443332,-42.20464,126.6
10.64:  0.6956817,-42.55237,126.6
10.66:  0.7496873,-42.90947,126.4
10.68:  0.804317,-43.25833,126.1
10.69:  0.8598878,-43.60143,125.8
10.71:  0.9185889,-43.95602,125.6
10.73:  0.9773432,-44.30339,125.4
10.74:  1.038223,-44.65222,125.1
10.76:  1.102578,-45.00286,124.6
10.78:  1.169325,-45.34624,124
10.79:  1.240914,-45.69194,123.3
10.81:  1.31993,-46.03973,122.2
10.83:  1.409312,-46.38287,120.4
10.84:  1.513577,-46.71763,117.7
10.86:  1.635471,-47.04715,114.7
10.88:  1.783905,-47.36839,110.2
10.89:  1.948326,-47.68157,107.3
10.91:  2.130358,-47.98937,104.4
10.93:  2.320546,-48.28223,102
10.94:  2.52218,-48.56913,99.90002
10.96:  2.738949,-48.85679,98.00002
10.98:  2.959022,-49.13445,96.60003
10.99:  3.18227,-49.40528,95.50002
11.01:  3.412149,-49.67634,94.70003
11.03:  3.63897,-49.9438,94.70003
11.04:  3.86811,-50.21399,94.70003
11.06:  4.095766,-50.48243,94.70003
11.08:  4.32453,-50.75219,94.70003
11.09:  4.54962,-51.0176,94.70003
11.11:  4.779491,-51.28866,94.70003
11.13:  5.011063,-51.56172,94.70003
11.14:  5.239727,-51.83135,94.70003
11.16:  5.468389,-52.10098,94.70003
11.18:  5.696295,-52.36972,94.70003
11.19:  5.925954,-52.64052,94.70003
11.21:  6.153923,-52.90933,94.70003
11.23:  6.383778,-53.18037,94.70003
11.24:  6.612428,-53.44998,94.70003
11.26:  6.840027,-53.71836,94.70003
11.28:  7.068853,-53.98818,94.70003
11.29:  7.295959,-54.25503,94.60003
11.31:  7.530888,-54.5272,94.20003
11.33:  7.765989,-54.78739,92.90002
11.34:  8.010983,-55.03933,90.80003
11.36:  8.269052,-55.28594,88.70003
11.38:  8.533504,-55.51991,86.50003
11.39:  8.806602,-55.74503,84.50003
11.41:  9.08638,-55.96205,82.80003
11.43:  9.36826,-56.17292,81.80003
11.44:  9.64925,-56.37858,81.20003
11.46:  9.938251,-56.58778,80.90003
11.48:  10.22826,-56.79464,80.50004
11.49:  10.51414,-56.99557,80.10004
11.51:  10.82428,-57.20871,79.50005
11.53:  11.11347,-57.40231,78.80004
11.54:  11.4028,-57.59237,78.30004
11.56:  11.69948,-57.78283,77.70004
11.58:  11.99699,-57.97019,77.20004
11.59:  12.29582,-58.15546,76.80003
11.61:  12.59476,-58.33866,76.50004
11.63:  12.91379,-58.53339,76.40005
11.64:  13.20414,-58.71062,76.40005
11.66:  13.50964,-58.89637,76.30005
11.68:  13.81202,-59.07806,76.00005
11.69:  14.11108,-59.25634,75.80006
11.71:  14.42093,-59.43958,75.60005
11.73:  14.72231,-59.6164,75.40005
11.74:  15.02689,-59.79438,75.30006
11.76:  15.33111,-59.97074,75.10005
11.78:  15.63878,-60.14766,74.90006
11.79:  15.94382,-60.32165,74.70006
11.81:  16.2539,-60.49708,74.50005
11.83:  16.56079,-60.6693,74.30006
11.84:  16.86953,-60.84044,74.00006
11.86:  17.17989,-61.00895,73.50005
11.88:  17.49711,-61.17268,72.30006
11.89:  17.8069,-61.32445,71.10005
11.91:  18.13393,-61.47348,69.50006
11.93:  18.4536,-61.60655,67.60006
11.94:  18.79,-61.73232,65.50006
11.96:  19.12629,-61.84224,63.10006
11.98:  19.46334,-61.93319,60.10006
11.99:  19.81495,-62.00536,56.60006
12.01:  20.16134,-62.05589,53.30006
12.03:  20.51715,-62.09203,50.80006
12.04:  20.86479,-62.11634,49.00006
12.06:  21.25435,-62.13608,47.90005
12.08:  21.56952,-62.15149,47.80006
12.09:  21.92259,-62.16938,47.90005
12.11:  22.28036,-62.18938,48.20005
12.13:  22.64289,-62.21156,48.50006
12.14:  22.98335,-62.23417,48.80006
12.16:  23.33831,-62.25775,48.80006
12.18:  23.68802,-62.28098,48.80006
12.19:  24.03869,-62.30426,48.80006
12.21:  24.39814,-62.32814,48.80006
12.23:  24.74798,-62.35138,48.80006
12.24:  25.09919,-62.37471,48.80006
12.26:  25.45343,-62.39824,48.80006
12.28:  25.80299,-62.42145,48.80006
12.29:  26.17566,-62.44621,48.80006
12.31:  26.51514,-62.46875,48.80006
12.33:  26.86229,-62.49181,48.80006
12.34:  27.21797,-62.51544,48.80006
12.36:  27.57192,-62.53895,48.80006
12.38:  27.9273,-62.56318,48.90005
12.39:  28.27251,-62.58913,49.30006
12.41:  28.63315,-62.62005,49.90005
12.43:  28.98063,-62.65351,50.50006
12.44:  29.33631,-62.69152,51.10006
12.46:  29.6816,-62.7333,51.90006
12.48:  30.03702,-62.78516,53.30006
12.49:  30.37952,-62.84124,54.30006
12.51:  30.73145,-62.9052,55.30006
12.53:  31.0795,-62.97223,55.90005
12.54:  31.42514,-63.03878,55.90005
12.56:  31.77196,-63.10557,55.90005
12.58:  32.11945,-63.17249,55.90005
12.59:  32.46791,-63.23959,55.90005
12.61:  32.8097,-63.30541,55.90005
12.63:  33.16129,-63.37312,55.90005
12.64:  33.50735,-63.43976,55.90005
12.66:  33.85709,-63.50711,55.90005
12.68:  34.2018,-63.57349,55.90005
12.69:  34.55208,-63.64094,55.90005
12.71:  34.8968,-63.70732,55.90005
12.73:  35.24514,-63.7744,55.90005
12.74:  35.59283,-63.84136,55.90005
12.76:  35.93779,-63.90779,55.90005
12.78:  36.28456,-63.97456,55.90005
12.79:  36.63184,-64.04144,55.90005
12.81:  36.98051,-64.10859,55.90005
12.83:  37.32335,-64.17461,55.90005
12.84:  37.6717,-64.24168,55.90005
12.86:  38.02046,-64.30885,55.90005
12.88:  38.36843,-64.37585,55.90005
12.89:  38.71751,-64.44308,55.90005
12.91:  39.06286,-64.50958,55.90005
12.93:  39.41083,-64.57659,55.90005
12.94:  39.75725,-64.6433,55.90005
12.96:  40.10701,-64.71002,55.80005
12.98:  40.45355,-64.77238,55.20006
12.99:  40.80525,-64.8306,54.40005
13.01:  41.15497,-64.88349,53.60005
13.03:  41.50322,-64.9312,52.80005
13.04:  41.85221,-64.97343,51.90005
13.06:  42.20549,-65.01056,51.00006
13.08:  42.55763,-65.04075,49.90005
13.09:  42.9051,-65.06749,49.40006
13.11:  43.26352,-65.09318,49.10006
13.13:  43.6137,-65.11767,49.00005
13.14:  43.96826,-65.14122,48.80006
13.16:  44.31902,-65.16451,48.80006
13.18:  44.67499,-65.18753,48.70005
13.19:  45.02691,-65.20968,48.60006
13.21:  45.38145,-65.23136,48.50006
13.23:  45.73225,-65.2522,48.40005
13.24:  46.08202,-65.27298,48.40005
13.26:  46.43853,-65.29417,48.40005
13.28:  46.79072,-65.31447,48.30006
13.29:  47.14315,-65.33479,48.30006
13.31:  47.49581,-65.35513,48.30006
13.33:  47.84457,-65.37524,48.30006
13.34:  48.2016,-65.39582,48.30006
13.36:  48.5575,-65.41573,48.20006
13.38:  48.90838,-65.43534,48.20006
13.39:  49.2621,-65.45512,48.20006
13.41:  49.61572,-65.47488,48.20006
13.43:  49.96279,-65.49429,48.20006
13.44:  50.32127,-65.51434,48.20006
13.46:  50.67234,-65.53396,48.20006
13.48:  51.0257,-65.55372,48.20006
13.49:  51.37914,-65.57348,48.20006
13.51:  51.72923,-65.59306,48.20006
13.53:  52.09333,-65.61341,48.20006
13.54:  52.44809,-65.63324,48.20006
13.56:  52.79562,-65.65267,48.20006
13.58:  53.14402,-65.67215,48.20006
13.59:  53.49718,-65.69128,48.10006
13.61:  53.85006,-65.71039,48.10006
13.63:  54.20332,-65.72952,48.10006
13.64:  54.55696,-65.74867,48.10006
13.66:  54.91079,-65.76784,48.10006
13.68:  55.26152,-65.78683,48.10006
13.69:  55.61465,-65.80596,48.10006
13.71:  55.96893,-65.82515,48.10006
13.73:  56.3198,-65.84415,48.10006
13.74:  56.6751,-65.8634,48.10006
13.76:  57.02608,-65.8824,48.10006
13.78:  57.37743,-65.90143,48.10006
13.79:  57.73101,-65.92058,48.10006
13.81:  58.08636,-65.93983,48.10006
13.83:  58.43699,-65.95882,48.10006
13.84:  58.79074,-65.97797,48.10006
13.86:  59.14634,-65.99723,48.10006
13.88:  59.4981,-66.01628,48.10006
13.89:  59.85172,-66.03544,48.10006
13.91:  60.19843,-66.04526,48.10006
13.93:  60.5304,-66.04582,48.10006
13.94:  60.86155,-66.03693,48.10006
13.96:  61.18217,-66.02153,48.60006
13.98:  61.49212,-66.00351,49.80006
13.99:  61.79797,-65.98473,51.50005
14.01:  62.09465,-65.96827,53.80005
14.03:  62.38203,-65.95619,56.60005
14.04:  62.67157,-65.94612,59.20005
14.06:  62.94879,-65.93489,61.10005
14.08:  63.22499,-65.91761,62.20005
14.09:  63.48878,-65.89143,62.50005
14.11:  63.75499,-65.85394,62.70005
14.13:  64.01041,-65.80756,63.00005
14.14:  64.26302,-65.75171,63.50005
14.16:  64.51034,-65.68729,64.10005
14.18:  64.75809,-65.61227,64.70005
14.19:  64.99124,-65.53145,65.20006
14.21:  65.222,-65.43894,65.30006
14.23:  65.44812,-65.33495,65.30006
14.24:  65.67457,-65.2308,65.30006
14.26:  65.90157,-65.12639,65.30006
14.28:  66.12941,-65.0216,65.30006
14.29:  66.35368,-64.91844,65.30006
14.31:  66.58405,-64.81248,65.30006
14.33:  66.81032,-64.70841,65.30006
14.34:  67.03772,-64.60382,65.30006
14.36:  67.26488,-64.49934,65.30006
14.38:  67.48928,-64.39613,65.30006
14.39:  67.71973,-64.29013,65.30006
14.41:  67.94626,-64.18594,65.30006
14.43:  68.17393,-64.08123,65.30006
14.44:  68.40063,-63.97695,65.30006
14.46:  68.62872,-63.87205,65.30006
14.48:  68.85262,-63.76906,65.30006
14.49:  69.08133,-63.66387,65.30006
14.51:  69.30889,-63.5592,65.30006
14.53:  69.536,-63.45474,65.30006
14.54:  69.76075,-63.35137,65.30006
14.56:  69.99065,-63.24563,65.30006
14.58:  70.218,-63.14106,65.30006
14.59:  70.44488,-63.03671,65.30006
14.61:  70.67204,-62.93223,65.30006
14.63:  70.89867,-62.82846,65.40005
14.64:  71.12785,-62.72402,65.50006
14.66:  71.35613,-62.62143,65.80006
14.68:  71.58369,-62.52154,66.30006
14.69:  71.81083,-62.42466,66.90006
14.71:  72.04523,-62.329,67.80006
14.73:  72.27801,-62.23825,68.70007
14.74:  72.51103,-62.15158,69.60007
14.76:  72.74661,-62.06816,70.50008
14.78:  72.98557,-61.98681,71.20007
14.79:  73.22258,-61.90889,71.80007
14.81:  73.46136,-61.83268,72.30008
14.83:  73.69995,-61.75974,73.00008
14.84:  73.94016,-61.68995,73.80008
14.86:  74.17769,-61.62542,74.80008
14.88:  74.42252,-61.56483,76.10007
14.89:  74.66373,-61.50914,77.00008
14.91:  74.91146,-61.45558,77.80008
14.93:  75.15673,-61.40657,78.70008
14.94:  75.40229,-61.36106,79.50008
14.96:  75.64913,-61.31798,80.10008
14.98:  75.89571,-61.27628,80.40009
14.99:  76.14054,-61.23618,80.70009
15.01:  76.39726,-61.1946,80.80009
15.03:  76.63293,-61.15685,80.90009
15.06:  76.88157,-61.11747,81.00009
15.08:  77.13218,-61.07823,81.10009
15.09:  77.37709,-61.04119,81.4001
15.11:  77.62179,-61.00506,81.6001
15.13:  77.87301,-60.96841,81.7001
15.14:  78.12015,-60.93236,81.7001
15.16:  78.36674,-60.89682,81.80009
15.18:  78.6131,-60.86132,81.80009
15.19:  78.86172,-60.8255,81.80009
15.21:  79.10906,-60.78985,81.80009
15.23:  79.35561,-60.75433,81.80009
15.24:  79.60313,-60.71866,81.80009
15.26:  79.85008,-60.68307,81.80009
15.28:  80.09951,-60.64713,81.80009
15.29:  80.34494,-60.61176,81.80009
15.31:  80.59248,-60.57609,81.80009
15.33:  80.8399,-60.54044,81.80009
15.34:  81.08694,-60.50484,81.80009
15.36:  81.33557,-60.46901,81.80009
15.38:  81.57128,-60.43505,81.80009
15.39:  81.79351,-60.40302,81.80009
15.41:  82.00394,-60.3727,81.80009
15.43:  82.2025,-60.34373,81.7001
15.44:  82.38776,-60.31505,81.2001
15.46:  82.55971,-60.28505,80.10011
15.48:  82.71864,-60.25097,77.9001
15.49:  82.8617,-60.20614,72.60011
15.51:  82.98744,-60.15534,68.00009
15.53:  83.09863,-60.09771,62.6001
15.54:  83.19336,-60.03571,56.80009
15.56:  83.27127,-59.97218,50.80009
15.58:  83.33327,-59.91039,45.10009
15.59:  83.38158,-59.85281,40.0001
15.61:  83.41739,-59.80148,34.9001
15.63:  83.44248,-59.75838,30.2001
15.64:  83.45907,-59.72482,26.3001
15.66:  83.46899,-59.7021,23.6001
15.68:  83.47367,-59.69039,21.8001
15.69:  83.47367,-59.69039,20.3001
15.71:  83.47367,-59.69039,19.70009
15.73:  83.47367,-59.69039,19.3001
15.74:  83.47367,-59.69039,18.8001
15.76:  83.47367,-59.69039,18.3001
15.78:  83.47367,-59.69039,17.7001
15.79:  83.47367,-59.69039,17.2001
15.81:  83.47367,-59.69039,16.6001
15.83:  83.47714,-59.67836,16.1001
15.84:  83.48386,-59.65434,15.6001
15.86:  83.49364,-59.61782,15.0001
15.88:  83.50613,-59.5695,14.5001
15.89:  83.52113,-59.50894,13.9001
15.91:  83.53839,-59.437,13.5001
15.93:  83.55895,-59.35071,13.4001
15.94:  83.58183,-59.25394,13.3001
15.96:  83.60779,-59.14413,13.3001
15.98:  83.6363,-59.02257,13.2001
15.99:  83.66733,-58.89027,13.2001
16.01:  83.70128,-58.74322,13.0001
16.03:  83.73788,-58.58342,12.9001
16.04:  83.77559,-58.41471,12.6001
16.06:  83.81551,-58.22851,12.1001
16.08:  83.85534,-58.03273,11.5001
16.09:  83.8929,-57.82397,10.2001
16.11:  83.92733,-57.60658,9.0001
16.13:  83.96023,-57.36644,7.8001
16.14:  83.98949,-57.10962,6.5001
16.16:  84.01269,-56.86424,5.4001
16.18:  84.03032,-56.61827,4.1001
16.19:  84.04196,-56.37133,2.700099
16.21:  84.04678,-56.12075,1.100099
16.23:  84.04504,-55.87148,359.6001
16.24:  84.03687,-55.62522,358.1001
16.26:  84.02274,-55.37247,356.8001
16.28:  84.00462,-55.12581,355.8001
16.29:  83.98124,-54.87375,354.7001
16.31:  83.95754,-54.62762,354.5001
16.33:  83.93358,-54.37413,354.6001
16.34:  83.9127,-54.12543,355.2001
16.36:  83.89498,-53.87833,355.9001
16.38:  83.87697,-53.62704,355.9001
16.39:  83.85918,-53.37881,355.9001
16.41:  83.84128,-53.12907,355.9001
16.43:  83.82352,-52.88133,355.9001
16.44:  83.80556,-52.63078,355.9001
16.46:  83.78771,-52.38181,355.9001
16.48:  83.76994,-52.13394,355.9001
16.49:  83.76481,-51.87469,355.9001
16.51:  83.77166,-51.63202,355.9001
16.53:  83.79122,-51.3799,355.9001
16.54:  83.82339,-51.12612,355.9001
16.56:  83.8675,-50.87424,355.9001
16.58:  83.92525,-50.61639,355.9001
16.59:  83.99419,-50.36265,355.9001
16.61:  84.07652,-50.10498,355.9001
16.63:  84.17092,-49.84763,355.9001
16.64:  84.27785,-49.58925,355.9001
16.66:  84.39698,-49.33053,355.9001
16.68:  84.52932,-49.06949,355.9001
16.69:  84.67297,-48.80962,355.9001
16.71:  84.83002,-48.54726,355.9001
16.73:  84.99841,-48.28572,355.9001
16.74:  85.17728,-48.02303,355.6001
16.76:  85.36295,-47.75341,354.2001
16.78:  85.55358,-47.46973,351.9001
16.79:  85.73986,-47.18004,349.2001
16.81:  85.91953,-46.87623,345.6001
16.83:  86.08083,-46.56102,342.1001
16.84:  86.22771,-46.24023,339.6001
16.86:  86.36829,-45.91381,338.3001
16.88:  86.50733,-45.58783,338.1001
16.89:  86.63418,-45.26802,338.1001
16.91:  86.74918,-44.95374,338.1001
16.93:  86.85325,-44.64229,338.1001
16.94:  86.94546,-44.33641,338.1001
16.96:  87.02725,-44.03273,338.2001
16.98:  87.09903,-43.73597,338.6001
16.99:  87.16412,-43.44835,339.7001
17.01:  87.22616,-43.16079,341.2001
17.03:  87.28457,-42.88179,343.0001
17.04:  87.33976,-42.60746,344.8001
17.06:  87.38944,-42.33781,346.2001
17.08:  87.43297,-42.07253,347.5001
17.09:  87.47298,-41.81153,349.4001
17.11:  87.50469,-41.55515,350.3001
17.13:  87.52731,-41.2934,350.9001
17.14:  87.53982,-41.04029,351.5001
17.16:  87.54134,-40.78685,351.8001
17.18:  87.53217,-40.54008,352.1001
17.19:  87.51136,-40.28757,352.4001
17.21:  87.47993,-40.03833,352.8001
17.23:  87.45031,-39.78996,353.2001
17.24:  87.42262,-39.54303,353.6001
17.26:  87.3958,-39.29209,353.9001
17.28:  87.37018,-39.04419,354.1001
17.29:  87.34536,-38.79553,354.3001
17.31:  87.32078,-38.54922,354.3001
17.33:  87.29581,-38.29901,354.3001
17.34:  87.27091,-38.04963,354.3001
17.36:  87.24608,-37.80081,354.3001
17.38:  87.2213,-37.55253,354.3001
17.39:  87.19645,-37.3036,354.3001
17.41:  87.15894,-37.05486,354.3001
17.43:  87.10949,-36.80985,354.3001
17.44:  87.04769,-36.56443,354.4001
17.46:  86.97408,-36.32205,354.4001
17.48:  86.87817,-36.05417,354.6001
17.49:  86.78938,-35.83455,354.7001
17.51:  86.68146,-35.59732,354.8001
17.53:  86.55833,-35.35367,355.0001
17.54:  86.42831,-35.11714,355.4001
17.56:  86.28423,-34.87411,355.9001
17.58:  86.13043,-34.63281,356.3001
17.59:  85.96625,-34.39097,356.8001
17.61:  85.79166,-34.14747,357.4001
17.63:  85.60989,-33.90699,357.9001
17.64:  85.41544,-33.66138,358.5001
17.66:  85.21167,-33.41385,359.2001
17.68:  85.00012,-33.16661,359.8001
17.69:  84.77557,-32.91093,0.7000957
17.71:  84.5476,-32.65964,1.300096
17.73:  84.3074,-32.40361,1.800096
17.74:  84.06865,-32.14489,2.300096
17.76:  83.83103,-31.88283,2.800096
17.78:  83.60545,-31.6189,3.000096
17.79:  83.39502,-31.35696,3.200096
17.81:  83.1963,-31.09367,3.300096
17.83:  83.01144,-30.83299,3.300096
17.84:  82.83874,-30.57257,3.300096
17.86:  82.67457,-30.30703,3.200096
17.88:  82.52782,-30.05049,3.200096
17.89:  82.39274,-29.79337,3.200096
17.91:  82.27051,-29.53799,3.200096
17.93:  82.15941,-29.27888,3.300096
17.94:  82.06319,-29.02704,3.300096
17.96:  81.97681,-28.7663,3.400096
17.98:  81.90482,-28.51227,3.400096
17.99:  81.84526,-28.25915,3.400096
18.01:  81.79799,-28.00593,3.400096
18.03:  81.76324,-27.75413,3.400096
18.04:  81.74088,-27.50241,3.400096
18.06:  81.731,-27.25126,3.400096
18.08:  81.73367,-26.99984,3.400096
18.09:  81.74847,-26.75074,3.400096
18.11:  81.76321,-26.5025,3.400096
18.13:  81.77816,-26.25092,3.400096
18.14:  81.79292,-26.00237,3.400096
18.16:  81.80766,-25.75452,3.400096
18.18:  81.82258,-25.50325,3.400096
18.19:  81.83744,-25.25311,3.400096
18.21:  81.85229,-25.0033,3.400096
18.23:  81.86671,-24.7532,3.300096
18.24:  81.88105,-24.50444,3.300096
18.26:  81.89541,-24.25543,3.300096
18.28:  81.90897,-24.005,3.100096
18.29:  81.91772,-23.75427,2.000096
18.31:  81.93084,-23.50686,0.2000958
18.33:  81.94318,-23.25434,357.1001
18.34:  81.94852,-23.00238,352.7001
18.36:  81.94092,-22.74725,347.0001
18.38:  81.91534,-22.48936,340.3001
18.39:  81.86697,-22.2336,332.6001
18.41:  81.79116,-21.9795,324.1001
18.43:  81.69511,-21.72803,317.3001
18.44:  81.58069,-21.48023,311.0001
18.46:  81.45019,-21.23097,305.8001
18.48:  81.31265,-20.98175,302.3001
18.49:  81.16895,-20.72596,299.7001
18.51:  81.0314,-20.46613,299.1001
18.53:  80.89428,-20.18866,298.7001
18.54:  80.76459,-19.90715,298.4001
18.56:  80.63754,-19.61125,298.1001
18.58:  80.5182,-19.30902,298.1001
18.59:  80.4059,-18.99232,298.5001
18.61:  80.30076,-18.66873,298.5001
18.63:  80.19972,-18.32812,298.5001
18.64:  80.09841,-17.9861,298.5001
18.66:  79.99754,-17.64558,298.5001
18.68:  79.89812,-17.30991,298.5001
18.69:  79.79401,-16.95842,298.5001
18.71:  79.69691,-16.63067,298.5001
18.73:  79.59575,-16.28913,298.5001
18.74:  79.49607,-15.95263,298.5001
18.76:  79.39528,-15.61234,298.5001
18.78:  79.29533,-15.27272,298.6001
18.79:  79.20463,-14.93426,300.0001
18.81:  79.12135,-14.56771,302.2001
18.83:  79.05748,-14.23602,304.1001
18.84:  79.00393,-13.89008,306.2001
18.86:  78.96349,-13.54059,308.4001
18.88:  78.93727,-13.18355,310.8001
18.89:  78.92867,-12.83126,313.6001
18.91:  78.92442,-12.48428,314.3001
18.93:  78.92254,-12.12394,314.7001
18.94:  78.92377,-11.77245,315.2001
18.96:  78.93243,-11.41793,316.4001
18.98:  78.95088,-11.0659,318.0001
18.99:  78.97841,-10.71617,319.5001
19.01:  79.01449,-10.36095,320.8001
19.03:  79.05653,-10.00834,321.8001
19.04:  79.10142,-9.658012,322.3001
19.06:  79.14741,-9.308674,322.5001
19.08:  79.19438,-8.956598,322.6001
19.09:  79.2409,-8.612597,322.7001
19.11:  79.28883,-8.258065,322.7001
19.13:  79.33548,-7.913057,322.7001
19.14:  79.38364,-7.556889,322.7001
19.16:  79.43075,-7.208447,322.7001
19.18:  79.47858,-6.854673,322.7001
19.19:  79.52573,-6.505961,322.7001
19.21:  79.57328,-6.15426,322.7001
19.23:  79.62058,-5.804424,322.7001
19.24:  79.66567,-5.457235,322.4001
19.26:  79.70436,-5.101111,321.2001
19.28:  79.73138,-4.749877,319.4001
19.29:  79.73754,-4.397352,316.0001
19.31:  79.73205,-4.047749,314.1001
19.33:  79.71898,-3.691208,312.9001
19.34:  79.70057,-3.340015,312.0001
19.36:  79.67829,-2.985905,311.4001
19.38:  79.6505,-2.632694,310.5001
19.39:  79.61579,-2.278769,309.4001
19.41:  79.57272,-1.927909,308.0001
19.43:  79.52101,-1.577791,306.6001
19.44:  79.46333,-1.233047,305.5001
19.46:  79.40073,-0.8816612,304.9001
19.48:  79.33677,-0.5365406,304.5001
19.49:  79.2698,-0.1854585,304.2001
19.51:  79.20399,0.1595454,304.2001
19.53:  79.13757,0.5077061,304.2001
19.54:  79.0725,0.8487883,304.2001
19.56:  79.00597,1.197582,304.2001
19.58:  78.93898,1.548763,304.2001
19.59:  78.87308,1.894219,304.2001
19.61:  78.80656,2.242896,304.2001
19.63:  78.74103,2.586454,304.2001
19.64:  78.67408,2.937444,304.2001
19.66:  78.60831,3.282229,304.2001
19.68:  78.54123,3.630569,304.1001
19.69:  78.47377,3.977624,304.0001
19.71:  78.40595,4.323267,303.9001
19.73:  78.33699,4.674772,303.9001
19.74:  78.26792,5.020439,303.7001
19.76:  78.19759,5.366106,303.5001
19.78:  78.12441,5.713398,303.1001
19.79:  78.04913,6.055827,302.6001
19.81:  77.96809,6.401302,301.8001
19.83:  77.87928,6.744722,300.5001
19.84:  77.78023,7.083453,298.7001
19.86:  77.66704,7.419799,296.4001
19.88:  77.53951,7.746894,293.7001
19.89:  77.38479,8.066945,289.2001
19.91:  77.21575,8.370648,285.9001
19.93:  77.02325,8.673971,282.6001
19.94:  76.81889,8.960478,279.5001
19.96:  76.59809,9.238071,276.5001
19.98:  76.36424,9.505197,273.8001
19.99:  76.12134,9.760265,271.4001
20.01:  75.86657,10.00716,269.1001
20.03:  75.59221,10.25506,267.1001
20.04:  75.33487,10.47253,265.2001
20.06:  75.04967,10.70431,264.1001
20.08:  74.78557,10.91893,264.1001
20.09:  74.51282,11.1406,264.1001
20.11:  74.2379,11.36401,264.1001
20.13:  73.96429,11.58637,264.1001
20.14:  73.68882,11.81024,264.1001
20.16:  73.41927,12.0293,264.1001
20.18:  73.14089,12.25553,264.1001
20.19:  72.86582,12.47908,264.1001
20.21:  72.5928,12.70096,264.1001
20.23:  72.31686,12.9252,264.1001
20.24:  72.0436,13.14728,264.1001
20.26:  71.76735,13.37179,264.1001
20.28:  71.49518,13.59297,264.1001
20.29:  71.22305,13.8173,264.5001
20.31:  70.95392,14.04153,264.8001
20.33:  70.67769,14.27332,265.0001
20.34:  70.4075,14.50003,265.0001
20.36:  70.13599,14.72624,264.8001
20.38:  69.86195,14.94975,264.2001
20.39:  69.58478,15.16943,263.4001
20.41:  69.29992,15.38331,261.9001
20.43:  69.01299,15.58497,260.1001
20.44:  68.7173,15.7792,258.3001
20.46:  68.41512,15.96511,256.6001
20.48:  68.11016,16.1426,255.2001
20.49:  67.79826,16.31336,253.7001
20.51:  67.4928,16.47578,253.0001
20.53:  67.17445,16.64221,252.6001
20.54:  66.86379,16.80255,252.3001
20.56:  66.52864,16.97184,251.8001
20.58:  66.22088,17.12395,251.3001
20.59:  65.90656,17.27455,250.6001
20.61:  65.58487,17.42319,249.8001
20.63:  65.26331,17.56703,249.1001
20.64:  64.94065,17.70867,248.7001
20.66:  64.61742,17.84855,248.4001
20.68:  64.29212,17.98797,248.2001
20.69:  63.97225,18.12375,248.0001
20.71:  63.646,18.26156,247.9001
20.73:  63.31653,18.40006,247.8001
20.74:  62.98973,18.53676,247.7001
20.76:  62.66236,18.67303,247.6001
20.78:  62.33583,18.80762,247.4001
20.79:  61.99975,18.94341,247.0001
20.81:  61.67862,19.0699,246.5001
20.83:  61.34909,19.1964,246.0001
20.84:  61.0173,19.31979,245.4001
20.86:  60.68474,19.44018,244.9001
20.88:  60.35237,19.55657,244.3001
20.89:  60.0145,19.66832,243.3001
20.91:  59.6848,19.77164,242.4001
20.93:  59.33848,19.87225,241.2001
20.94:  58.98801,19.96616,240.0001
20.96:  58.64193,20.05181,238.9001
20.98:  58.30981,20.12788,237.9001
20.99:  57.96448,20.20128,237.0001
21.01:  57.61604,20.27027,236.2001
21.03:  57.27012,20.33438,235.5001
21.04:  56.91589,20.39621,234.9001
21.06:  56.57047,20.45339,234.4001
21.08:  56.22241,20.50977,234.2001
21.09:  55.87427,20.56429,233.9001
21.11:  55.52968,20.61702,233.7001
21.13:  55.17475,20.66943,233.4001
21.14:  54.82328,20.71882,233.0001
21.16:  54.47552,20.76523,232.6001
21.18:  54.13031,20.80884,232.2001
21.19:  53.77303,20.85207,231.9001
21.21:  53.42099,20.89281,231.6001
21.23:  53.05019,20.93374,231.3001
21.24:  52.71026,20.96947,231.0001
21.26:  52.3592,21.00389,230.6001
21.28:  52.00808,21.03585,230.2001
21.29:  51.66001,21.06386,229.6001
21.31:  51.31416,21.09047,229.4001
21.33:  50.95786,21.11663,229.2001
21.34:  50.60466,21.14319,229.3001
21.36:  50.25801,21.17169,229.7001
21.38:  49.90013,21.20679,230.6001
21.39:  49.55051,21.24786,231.7001
21.41:  49.19654,21.29572,232.7001
21.43:  48.8484,21.34279,232.7001
21.44:  48.49806,21.39015,232.7001
21.46:  48.1508,21.43711,232.7001
21.48:  47.79834,21.48476,232.7001
21.49:  47.44851,21.53206,232.7001
21.51:  47.09798,21.57946,232.7001
21.53:  46.74657,21.62697,232.7001
21.54:  46.39839,21.67405,232.7001
21.56:  46.04715,21.72154,232.7001
21.58:  45.69846,21.76868,232.7001
21.59:  45.34693,21.81621,232.7001
21.61:  44.99673,21.86356,232.7001
21.63:  44.64361,21.91131,232.7001
21.64:  44.29907,21.95789,232.7001
21.66:  43.94494,22.00577,232.7001
21.68:  43.59417,22.0532,232.7001
21.69:  43.24314,22.10066,232.7001
21.71:  42.89348,22.14794,232.7001
21.73:  42.54497,22.19506,232.7001
21.74:  42.19185,22.2428,232.7001
21.76:  41.84223,22.29007,232.7001
21.78:  41.49031,22.33766,232.7001
21.79:  41.14474,22.38438,232.7001
21.81:  40.79253,22.432,232.7001
21.83:  40.44131,22.47949,232.7001
21.84:  40.09155,22.52678,232.7001
21.86:  39.73976,22.57434,232.7001
21.88:  39.39038,22.62158,232.7001
21.89:  39.03913,22.66907,232.7001
21.91:  38.68885,22.71643,232.7001
21.93:  38.33714,22.76461,232.8001
21.94:  37.98867,22.81111,232.6001
21.96:  37.63693,22.85555,232.2001
21.98:  37.28483,22.89753,231.8001
21.99:  36.93658,22.93536,231.2001
22.01:  36.58227,22.96886,230.4001
22.03:  36.2281,22.99487,229.2001
22.04:  35.87621,23.00961,227.4001
22.06:  35.52106,23.01209,225.4001
22.08:  35.16442,23.00276,223.5001
22.09:  34.81455,22.97829,221.0001
22.11:  34.46902,22.94624,219.7001
22.13:  34.10748,22.9076,218.9001
22.14:  33.76196,22.8664,218.2001
22.16:  33.40873,22.8199,217.5001
22.18:  33.05889,22.77011,216.9001
22.19:  32.7112,22.71753,216.4001
22.21:  32.36318,22.66241,216.0001
22.23:  32.0126,22.60374,215.5001
22.24:  31.66643,22.54333,215.1001
22.26:  31.31657,22.48038,214.8001
22.28:  30.96927,22.41726,214.7001
22.29:  30.62857,22.35535,214.7001
22.31:  30.27636,22.29134,214.7001
22.33:  29.9267,22.2278,214.7001
22.34:  29.57795,22.16442,214.7001
22.36:  29.23148,22.10146,214.7001
22.38:  28.88254,22.03804,214.7001
22.39:  28.5365,21.97516,214.7001
22.41:  28.18484,21.91125,214.7001
22.43:  27.83997,21.84858,214.7001
22.44:  27.4911,21.78518,214.7001
22.46:  27.1449,21.72227,214.7001
22.48:  26.79567,21.6588,214.7001
22.49:  26.44764,21.59555,214.7001
22.51:  26.10038,21.53245,214.7001
22.53:  25.75247,21.46922,214.7001
22.54:  25.40935,21.40687,214.7001
22.56:  25.059,21.3432,214.7001
22.58:  24.71296,21.28031,214.7001
22.59:  24.36081,21.21632,214.7001
22.61:  24.01389,21.15327,214.7001
22.63:  23.66575,21.09,214.7001
22.64:  23.31643,21.02778,214.9001
22.66:  22.96928,20.96782,215.2001
22.68:  22.61948,20.90803,215.3001
22.69:  22.2735,20.84889,215.3001
22.71:  21.92757,20.78914,215.2001
22.73:  21.57482,20.72567,214.8001
22.74:  21.22681,20.65928,214.2001
22.76:  20.87967,20.58866,213.5001
22.78:  20.53782,20.51412,212.7001
22.79:  20.19591,20.4333,211.7001
22.81:  19.85671,20.34684,210.7001
22.83:  19.50756,20.25328,210.0001
22.84:  19.17345,20.16063,209.5001
22.86:  18.8248,20.06197,209.2001
22.88:  18.48972,19.96652,209.1001
22.89:  18.14642,19.86873,209.1001
22.91:  17.81255,19.77362,209.1001
22.93:  17.46552,19.67477,209.1001
22.94:  17.1304,19.57931,209.1001
22.96:  16.78563,19.4811,209.1001
22.98:  16.45185,19.38602,209.1001
22.99:  16.10829,19.28816,209.1001
23.01:  15.76754,19.19109,209.1001
23.03:  15.42832,19.09447,209.1001
23.04:  15.09064,18.99828,209.1001
23.06:  14.74857,18.90084,209.1001
23.08:  14.40735,18.80364,209.1001
23.09:  14.07018,18.70696,209.0001
23.11:  13.73004,18.60814,208.8001
23.13:  13.38565,18.50482,208.3001
23.14:  13.05405,18.39963,207.4001
23.16:  12.71547,18.28568,206.4001
23.18:  12.38408,18.16572,205.1001
23.19:  12.05328,18.03675,203.7001
23.21:  11.72747,17.89979,202.2001
23.23:  11.40347,17.75282,200.6001
23.24:  11.08639,17.59885,199.1001
23.26:  10.77464,17.43518,197.3001
23.28:  10.46709,17.25976,195.3001
23.29:  10.17276,17.06935,192.1001
23.31:  9.883402,16.86749,190.1001
23.33:  9.59766,16.65451,188.3001
23.34:  9.319858,16.4359,186.8001
23.36:  9.047195,16.21194,185.6001
23.38:  8.777123,15.9829,184.7001
23.39:  8.513587,15.753,183.9001
23.41:  8.246053,15.51464,183.3001
23.43:  7.984431,15.27575,182.6001
23.44:  7.725387,15.03418,182.0001
23.46:  7.469806,14.7908,181.4001
23.48:  7.217444,14.54624,180.9001
23.49:  6.967618,14.29816,180.2001
23.51:  6.721406,14.04761,179.5001
23.53:  6.474068,13.78788,178.6001
23.54:  6.236574,13.52779,177.4001
23.56:  6.003534,13.2616,176.2001
23.58:  5.775955,12.98942,174.9001
23.59:  5.556665,12.71472,173.6001
23.61:  5.340502,12.42993,172.2001
23.63:  5.134177,12.14386,170.8001
23.64:  4.93708,11.85601,169.4001
23.66:  4.74141,11.55699,168.2001
23.68:  4.551604,11.25791,167.4001
23.69:  4.364541,10.95971,167.1001
23.71:  4.176952,10.66066,167.1001
23.73:  3.989268,10.36147,167.1001
23.74:  3.802976,10.0645,167.1001
23.76:  3.613691,9.762753,167.1001
23.78:  3.425762,9.463172,167.1001
23.79:  3.237113,9.160095,166.9001
23.81:  3.051066,8.85886,166.7001
23.83:  2.86754,8.557015,166.3001
23.84:  2.687571,8.25631,165.9001
23.86:  2.507438,7.948051,165.3001
23.88:  2.332974,7.642185,164.7001
23.89:  2.162716,7.332489,163.8001
23.91:  1.997498,7.024361,163.2001
23.93:  1.830382,6.706053,162.7001
23.94:  1.668953,6.393291,162.3001
23.96:  1.511364,6.079962,161.7001
23.98:  1.354325,5.76222,161.3001
23.99:  1.200936,5.444921,160.8001
24.01:  1.047336,5.124334,160.6001
24.03:  0.8965783,4.805406,160.3001
24.04:  0.7461844,4.484351,160.1001
24.06:  0.5959907,4.162261,160.0001
24.08:  0.4479775,3.841933,159.8001
24.09:  0.3031197,3.521111,159.3001
24.11:  0.1612794,3.202534,159.0001
24.13:  0.01765549,2.873794,158.6001
24.14:  -0.1217778,2.551584,158.4001
24.16:  -0.2619617,2.224513,158.2001
24.18:  -0.3997688,1.899861,158.0001
24.19:  -0.5373518,1.572566,157.8001
24.21:  -0.6713442,1.250672,157.6001
24.23:  -0.8085144,0.9178742,157.4001
24.24:  -0.9400151,0.5956436,157.2001
24.26:  -1.070397,0.2680104,156.7001
24.28:  -1.207685,-0.09150988,155.9001
24.29:  -1.323877,-0.4056138,155.3001
24.31:  -1.440633,-0.733502,154.6001
24.33:  -1.554073,-1.066728,153.8001
24.34:  -1.662537,-1.400542,153.0001
24.36:  -1.76646,-1.738347,152.1001
24.38:  -1.86608,-2.081238,151.2001
24.39:  -1.958578,-2.419353,150.3001
24.41:  -2.04618,-2.760538,149.4001
24.43:  -2.130679,-3.107164,148.7001
24.44:  -2.209382,-3.448058,148.0001
24.46:  -2.285918,-3.796159,147.4001
24.48:  -2.357381,-4.141241,146.7001
24.49:  -2.425172,-4.496607,145.8001
24.51:  -2.485416,-4.831427,145.2001
24.53:  -2.54536,-5.185834,144.6001
24.54:  -2.600592,-5.534551,144.0001
24.56:  -2.652413,-5.885477,143.4001
24.58:  -2.700423,-6.235951,142.8001
24.59:  -2.743935,-6.585285,142.1001
24.61:  -2.782956,-6.933157,141.4001
24.63:  -2.818533,-7.289588,140.7001
24.64:  -2.848795,-7.64257,139.9001
24.66:  -2.873962,-7.993652,139.1001
24.68:  -2.895159,-8.385031,138.1001
24.69:  -2.908798,-8.697413,137.5001
24.71:  -2.919841,-9.048758,136.8001
24.73:  -2.926715,-9.406769,136.1001
24.74:  -2.929193,-9.761625,135.4001
24.76:  -2.927355,-10.11287,134.7001
24.78:  -2.921786,-10.46746,134.1001
24.79:  -2.912511,-10.82167,133.5001
24.81:  -2.90085,-11.17319,133.1001
24.83:  -2.885318,-11.52895,132.5001
24.84:  -2.866277,-11.88056,131.9001
24.86:  -2.842874,-12.23291,131.2001
24.88:  -2.814861,-12.58886,130.5001
24.89:  -2.7836,-12.93914,129.9001
24.91:  -2.751107,-13.2894,129.7001
24.93:  -2.717071,-13.64289,129.5001
24.94:  -2.681943,-13.99484,129.3001
24.96:  -2.645201,-14.34442,129.0001
24.98:  -2.606195,-14.69774,128.7001
24.99:  -2.566412,-15.04692,128.5001
25.01:  -2.524275,-15.40029,128.2001
25.03:  -2.481322,-15.75012,128.0001
25.04:  -2.436845,-16.1022,127.8001
25.06:  -2.391727,-16.4544,127.7001
25.08:  -2.34645,-16.80302,127.6001
25.09:  -2.298926,-17.15452,127.3001
25.11:  -2.251946,-17.49749,127.2001
25.13:  -2.201675,-17.85518,127.0001
25.14:  -2.152364,-18.20167,126.9001
25.16:  -2.101079,-18.55322,126.7001
25.18:  -2.048942,-18.90208,126.5001
25.19:  -1.994831,-19.24763,126.1001
25.21:  -1.931989,-19.61918,125.4001
25.23:  -1.86515,-19.97981,124.5001
25.24:  -1.794584,-20.32978,123.6001
25.26:  -1.726818,-20.64058,122.7001
25.28:  -1.648182,-20.97851,121.9001
25.31:  -1.554745,-21.34242,120.6001
25.33:  -1.466085,-21.6643,119.6001
25.34:  -1.364969,-22.00787,118.6001
25.36:  -1.258592,-22.34525,117.5001
25.38:  -1.147177,-22.67824,116.5001
25.39:  -1.029636,-23.01578,115.8001
25.41:  -0.9117081,-23.34333,115.2001
25.43:  -0.7877688,-23.68019,114.8001
25.44:  -0.6649814,-24.01036,114.6001
25.46:  -0.5422147,-24.33698,114.4001
25.48:  -0.4159057,-24.66949,114.2001
25.49:  -0.289365,-24.99914,114.0001
25.51:  -0.1623529,-25.33002,114.0001
25.53:  -0.03766182,-25.65485,114.0001
25.54:  0.0910508,-25.99016,114.0001
25.56:  0.2175459,-26.3197,114.0001
25.58:  0.3439589,-26.65248,114.2001
25.59:  0.4597649,-26.98691,115.9001
25.61:  0.5558251,-27.32639,119.2001
25.63:  0.626866,-27.67247,123.4001
25.64:  0.6700415,-28.02411,128.0001
25.66:  0.6798446,-28.37509,133.4001
25.68:  0.6590444,-28.72519,138.4001
25.69:  0.6134888,-29.0808,142.3001
25.71:  0.5462301,-29.42681,146.0001
25.73:  0.4736891,-29.76809,147.0001
25.74:  0.3972545,-30.11864,147.3001
25.76:  0.3223785,-30.46205,147.3001
25.78:  0.2469983,-30.80778,147.3001
25.79:  0.1730374,-31.14699,147.3001
25.81:  0.09643921,-31.49829,147.3001
25.83:  0.02049222,-31.84662,147.3001
25.84:  -0.05427302,-32.18952,147.3001
25.86:  -0.1301605,-32.53467,147.4001
25.88:  -0.206898,-32.88369,147.4001
25.89:  -0.2819897,-33.22522,147.4001
25.91:  -0.3613993,-33.5864,147.4001
25.93:  -0.4364313,-33.92766,147.4001
25.94:  -0.5105978,-34.26498,147.4001
25.96:  -0.5871112,-34.61298,147.4001
25.98:  -0.6622188,-34.95459,147.4001
25.99:  -0.7383117,-35.30068,147.4001
26.01:  -0.8135679,-35.64296,147.4001
26.03:  -0.8903217,-35.99205,147.4001
26.04:  -0.9657114,-36.33494,147.4001
26.06:  -1.041577,-36.68,147.4001
26.08:  -1.117202,-37.02395,147.4001
26.09:  -1.192939,-37.36842,147.4001
26.11:  -1.269055,-37.71461,147.4001
26.13:  -1.344921,-38.05967,147.4001
26.14:  -1.421376,-38.40741,147.4001
26.16:  -1.497069,-38.75168,147.4001
26.18:  -1.572865,-39.09641,147.4001
26.19:  -1.647755,-39.43703,147.4001
26.21:  -1.724926,-39.78802,147.4001
26.23:  -1.800634,-40.13235,147.4001
26.24:  -1.87657,-40.47773,147.4001
26.26:  -1.952494,-40.82305,147.4001
26.28:  -2.02937,-41.16981,147.5001
26.29:  -2.105773,-41.51444,147.5001
26.31:  -2.172607,-41.8615,145.9001
26.33:  -2.224278,-42.20724,143.5001
26.34:  -2.257819,-42.56205,140.4001
26.36:  -2.266472,-42.91608,136.4001
26.38:  -2.247407,-43.2681,131.9001
26.39:  -2.199718,-43.62082,127.3001
26.41:  -2.126156,-43.96396,122.9001
26.43:  -2.027776,-44.30259,118.8001
26.44:  -1.907772,-44.6323,115.0001
26.46:  -1.764836,-44.96103,111.5001
26.48:  -1.604915,-45.27762,108.2001
26.49:  -1.428899,-45.58372,105.1001
26.51:  -1.23519,-45.87974,101.8001
26.53:  -1.039604,-46.16754,100.8001
26.54:  -0.8381,-46.46516,100.9001
26.56:  -0.6432365,-46.75406,101.0001
26.58:  -0.4432569,-47.05054,101.0001
26.59:  -0.2455405,-47.34367,101.0001
26.61:  -0.05031052,-47.63311,101.0001
26.63:  0.1499621,-47.93003,101.0001
26.64:  0.3464614,-48.22135,101.0001
26.66:  0.54144,-48.51042,101.0001
26.68:  0.7416521,-48.80725,101.0001
26.69:  0.9410684,-49.1029,101.0001
26.71:  1.138095,-49.395,101.0001
26.73:  1.33366,-49.68494,101.0001
26.74:  1.533432,-49.98111,101.0001
26.76:  1.730742,-50.27364,101.0001
26.78:  1.929032,-50.56762,101.0001
26.79:  2.125898,-50.85949,101.0001
26.81:  2.32401,-51.1532,101.0001
26.83:  2.521636,-51.44619,101.0001
26.84:  2.719858,-51.74007,101.0001
26.86:  2.9174,-52.03404,101.1001
26.88:  3.11652,-52.33037,101.1001
26.89:  3.314851,-52.6222,100.8001
26.91:  3.527234,-52.90201,97.80008
26.93:  3.751998,-53.16798,94.80008
26.94:  3.999003,-53.42646,91.30008
26.96:  4.262056,-53.6675,87.50008
26.98:  4.536605,-53.88433,83.30008
26.99:  4.831642,-54.08408,79.10008
27.01:  5.134353,-54.26097,75.30008
27.03:  5.453469,-54.42217,71.80008
27.04:  5.775814,-54.56569,69.00008
27.06:  6.101944,-54.69812,67.10007
27.08:  6.432666,-54.82441,65.90008
27.09:  6.763025,-54.9453,65.10007
27.11:  7.095088,-55.06094,64.20007
27.13:  7.425457,-55.17599,64.20007
27.14:  7.764263,-55.29397,64.20007
27.16:  8.096994,-55.40984,64.20007
27.18:  8.434683,-55.52744,64.20007
27.19:  8.766829,-55.6431,64.20007
27.21:  9.096345,-55.75785,64.20007
27.23:  9.433973,-55.87543,64.20007
27.24:  9.766995,-55.9914,64.20007
27.26:  10.10236,-56.10819,64.20007
27.28:  10.43507,-56.22405,64.20007
27.29:  10.77117,-56.34109,64.20007
27.31:  11.09823,-56.45499,64.20007
27.33:  11.43908,-56.57369,64.20007
27.34:  11.77093,-56.68925,64.20007
27.36:  12.10656,-56.80613,64.20007
27.38:  12.43953,-56.92208,64.20007
27.39:  12.7731,-57.03824,64.20007
27.41:  13.1006,-57.15229,64.20007
27.43:  13.43973,-57.27039,64.20007
27.44:  13.77535,-57.38726,64.20007
27.46:  14.10759,-57.50296,64.20007
27.48:  14.44325,-57.61985,64.20007
27.49:  14.77629,-57.73583,64.20007
27.51:  15.10561,-57.85051,64.20007
27.53:  15.44338,-57.96814,64.20007
27.54:  15.77887,-58.08628,64.40008
27.56:  16.11178,-58.20483,64.60008
27.58:  16.43944,-58.32279,64.80008
27.59:  16.77738,-58.44513,64.90008
27.61:  17.11014,-58.56427,64.70007
27.63:  17.44421,-58.68192,64.40008
27.64:  17.7771,-58.79524,63.80008
27.66:  18.11458,-58.90359,62.80007
27.68:  18.45125,-59.00332,61.50008
27.69:  18.79326,-59.09433,59.90007
27.71:  19.13893,-59.16969,57.30008
27.73:  19.48301,-59.23347,55.50007
27.74:  19.83772,-59.28901,53.90007
27.76:  20.18756,-59.33631,52.70007
27.78:  20.53981,-59.37831,51.80007
27.79:  20.89113,-59.41648,51.20007
27.81:  21.24069,-59.45261,50.90007
27.83:  21.59421,-59.48727,50.60006
27.84:  21.9484,-59.52013,50.30007
27.86:  22.29467,-59.55042,50.00007
27.88:  22.65066,-59.58031,49.80007
27.89:  22.99795,-59.60826,49.60006
27.91:  23.3486,-59.63647,49.60006
27.93:  23.70661,-59.66528,49.60006
27.94:  24.0615,-59.69383,49.60006
27.96:  24.41212,-59.72204,49.60006
27.98:  24.7634,-59.75031,49.60006
27.99:  25.11734,-59.77878,49.60006
28.01:  25.46789,-59.80699,49.60006
28.03:  25.81828,-59.83518,49.60006
28.04:  26.18579,-59.86475,49.60006
28.06:  26.52572,-59.8921,49.60006
28.08:  26.88062,-59.92065,49.60006
28.09:  27.23027,-59.94879,49.60006
28.11:  27.58286,-59.97716,49.60006
28.13:  27.93265,-60.00346,49.30007
28.14:  28.29193,-60.02606,48.60006
28.16:  28.64188,-60.04256,47.70007
28.18:  28.99819,-60.0519,46.50006
28.19:  29.3488,-60.05496,45.50006
28.21:  29.70453,-60.05371,44.80006
28.23:  30.0526,-60.05068,44.50006
28.24:  30.40882,-60.04757,44.50006
28.26:  30.76337,-60.04448,44.50006
28.28:  31.1162,-60.0414,44.50006
28.29:  31.47176,-60.0383,44.50006
28.31:  31.82282,-60.03523,44.50006
28.33:  32.17924,-60.03212,44.50006
28.34:  32.53046,-60.02906,44.50006
28.36:  32.89601,-60.02587,44.50006
28.38:  33.25059,-60.02277,44.50006
28.39:  33.58631,-60.01984,44.50006
28.41:  33.94484,-60.01672,44.50006
28.43:  34.29534,-60.01366,44.50006
28.44:  34.653,-60.01054,44.50006
28.46:  35.00393,-60.00747,44.50006
28.48:  35.36128,-60.00436,44.50006
28.49:  35.7118,-60.0013,44.50006
28.51:  36.06408,-59.99822,44.50006
28.53:  36.42244,-59.9951,44.50006
28.54:  36.77154,-59.99205,44.50006
28.56:  37.12717,-59.98895,44.50006
28.58:  37.47609,-59.9859,44.50006
28.59:  37.83048,-59.98281,44.50006
28.61:  38.19756,-59.97961,44.50006
28.63:  38.5416,-59.9766,44.50006
28.64:  38.89487,-59.97475,44.70007
28.66:  39.25018,-59.97662,45.30006
28.68:  39.59998,-59.98577,46.50006
28.69:  39.95533,-60.00502,48.10006
28.71:  40.3061,-60.03942,50.60006
28.73:  40.6542,-60.08278,52.10006
28.74:  41.00904,-60.13327,53.10006
28.76:  41.3569,-60.1865,53.70007
28.78:  41.70791,-60.24147,53.90006
28.79:  42.0542,-60.29632,54.00006
28.81:  42.40428,-60.35177,54.00006
28.83:  42.75298,-60.407,54.00006
28.84:  43.1146,-60.46427,54.00006
28.86:  43.45218,-60.51774,54.00006
28.88:  43.80133,-60.57304,54.00006
28.89:  44.14693,-60.62778,54.00006
28.91:  44.49969,-60.68365,54.00006
28.93:  44.84856,-60.73891,54.00006
28.94:  45.19768,-60.7942,54.00006
28.96:  45.54773,-60.84964,54.00006
28.98:  45.89665,-60.90491,54.00006
28.99:  46.24693,-60.96039,54.00006
29.01:  46.59381,-61.01533,54.00006
29.03:  46.94625,-61.07115,54.00006
29.04:  47.29467,-61.12634,54.00006
29.06:  47.64297,-61.1815,54.00006
29.08:  47.98738,-61.23605,54.00006
29.09:  48.33459,-61.29105,54.00006
29.11:  48.70349,-61.34947,54.00006
29.13:  49.0381,-61.40247,54.00006
29.14:  49.38978,-61.45817,54.00006
29.16:  49.7359,-61.51299,54.00006
29.18:  50.08849,-61.56884,54.00006
29.19:  50.43439,-61.62362,54.00006
29.21:  50.78533,-61.67921,54.00006
29.23:  51.13314,-61.73429,54.00006
29.24:  51.48253,-61.78963,54.00006
29.26:  51.82852,-61.84443,54.00006
29.28:  52.18218,-61.90045,54.00006
29.29:  52.53202,-61.95586,54.00006
29.31:  52.87852,-62.01074,54.00006
29.33:  53.22969,-62.06636,54.00006
29.34:  53.57518,-62.12108,54.00006
29.36:  53.92994,-62.17727,54.00006
29.38:  54.27846,-62.23247,54.00006
29.39:  54.6291,-62.28675,53.80006
29.41:  54.9726,-62.3338,52.80006
29.43:  55.32966,-62.37259,51.20006
29.44:  55.68249,-62.39788,49.10006
29.46:  56.03542,-62.40897,46.80006
29.48:  56.39069,-62.41146,45.40005
29.49:  56.74286,-62.40838,44.50006
29.51:  57.10031,-62.40215,44.00006
29.53:  57.4443,-62.39434,43.70006
29.54:  57.80328,-62.38243,43.10006
29.56:  58.15523,-62.36645,42.40006
29.58:  58.50532,-62.34626,41.70005
29.59:  58.86338,-62.32248,41.20005
29.61:  59.21302,-62.29803,41.00005
29.63:  59.56922,-62.27312,41.00005
29.64:  59.91989,-62.2486,41.00005
29.66:  60.27343,-62.22388,41.00005
29.68:  60.62349,-62.1994,41.00005
29.69:  60.9779,-62.17462,41.00005
29.71:  61.3289,-62.15008,41.00005
29.73:  61.68454,-62.12521,41.00005
29.74:  62.0359,-62.10064,41.00005
29.76:  62.38694,-62.07609,41.00005
29.78:  62.74106,-62.05133,41.00005
29.79:  63.092,-62.02679,41.00005
29.81:  63.44505,-62.0021,41.00005
29.83:  63.7964,-61.97754,41.00005
29.84:  64.15234,-61.95264,41.00005
29.86:  64.5022,-61.92818,41.00005
29.88:  64.85661,-61.9034,41.00005
29.89:  65.20979,-61.8787,41.00005
29.91:  65.56158,-61.8541,41.00005
29.93:  65.91457,-61.82942,41.00005
29.94:  66.2695,-61.8046,41.00005
29.96:  66.62082,-61.78003,41.00005
29.98:  66.97179,-61.75549,41.00005
29.99:  67.32723,-61.72752,40.50005
30.01:  67.67716,-61.69197,39.20005
30.03:  68.02918,-61.64376,37.20005
30.04:  68.39277,-61.57505,34.30006
30.06:  68.73155,-61.48744,30.50005
30.08:  69.07484,-61.35704,24.20005
30.09:  69.3685,-61.23117,21.80005
30.11:  69.67203,-61.04371,13.30005
30.13:  69.95242,-60.83166,7.900052
30.14:  70.23581,-60.58181,3.600052
30.16:  70.47955,-60.34312,0.6000521
30.18:  70.72549,-60.08933,359.1001
30.19:  70.96509,-59.83948,358.8
30.21:  71.21253,-59.58414,359.1001
30.23:  71.45694,-59.33193,359.1001
30.24:  71.70098,-59.0801,359.1001
30.26:  71.94986,-58.82328,359.1001
30.28:  72.19203,-58.57338,359.1001
30.29:  72.44189,-58.31555,359.1001
30.31:  72.68561,-58.06404,359.1001
30.33:  72.93439,-57.80732,359.1001
30.34:  73.17915,-57.55475,359.1001
30.36:  73.42643,-57.29958,359.1001
30.38:  73.67172,-57.04646,359.1001
30.39:  73.91962,-56.79066,359.1001
30.41:  74.16208,-56.54045,359.1001
30.43:  74.41042,-56.28418,359.1001
30.44:  74.65334,-56.03352,359.1001
30.46:  74.9015,-55.77744,359.1001
30.48:  75.14819,-55.52286,359.1001
30.49:  75.39345,-55.26978,359.1001
30.51:  75.63769,-55.01775,359.1001
30.53:  75.88598,-54.76153,359.1001
30.54:  76.13262,-54.50701,359.1001
30.56:  76.37519,-54.2567,359.1001
30.58:  76.6316,-53.99211,359.1001
30.59:  76.88118,-53.73457,359.1001
30.61:  77.118,-53.49018,359.1001
30.63:  77.36629,-53.23397,359.1001
30.64:  77.61555,-52.97676,359.1001
30.66:  77.8567,-52.7279,359.1001
30.68:  78.10126,-52.47553,359.1001
30.69:  78.35062,-52.21822,359.1001
30.71:  78.59205,-51.96909,359.1001
30.73:  78.83927,-51.71397,359.1001
30.74:  79.08501,-51.46039,359.1001
30.76:  79.33108,-51.20647,359.1001
30.78:  79.5941,-50.93505,359.1001
30.79:  79.82458,-50.69302,358.6
30.81:  80.06567,-50.43084,357.6
30.83:  80.29944,-50.16568,356.4001
30.84:  80.5155,-49.89427,355.0001
30.86:  80.70938,-49.62648,353.9001
30.88:  80.88885,-49.35639,353.2
30.89:  81.07001,-49.05896,352.8
30.91:  81.21461,-48.80401,352.7
30.93:  81.35451,-48.53769,352.7
30.94:  81.48251,-48.27256,352.7
30.96:  81.60004,-48.00494,352.7
30.98:  81.70502,-47.73919,352.7
30.99:  81.79742,-47.47552,352.7
31.01:  81.87766,-47.21263,352.7
31.03:  81.94502,-46.95329,352.7
31.04:  82.00045,-46.69353,352.7
31.06:  82.04327,-46.43661,352.7
31.08:  82.07375,-46.18144,352.7
31.09:  82.09193,-45.92645,352.7
31.11:  82.09764,-45.67286,352.7
31.13:  82.09092,-45.42142,352.7
31.14:  82.07193,-45.17282,352.7
31.16:  82.04245,-44.93935,352.7
31.18:  82.01363,-44.71432,352.7
31.19:  81.98653,-44.50285,352.7
31.21:  81.9612,-44.30513,352.7
31.23:  81.93725,-44.11809,352.7
31.24:  81.91505,-43.94482,352.7
31.26:  81.89443,-43.78388,352.7
31.28:  81.8754,-43.63534,352.7
31.29:  81.85799,-43.49934,352.7
31.31:  81.84209,-43.37526,352.7
31.33:  81.82787,-43.26422,352.7
31.34:  81.81502,-43.16394,352.7
31.36:  81.8039,-43.07719,352.7
