ParticipantNo: 11010
Controller type: Gamepad
Training Level:
0.02:  82.7,18.5,270
0.04:  82.7,18.5,270
0.06:  82.7,18.5,269.9727
0.08:  82.7,18.5,269.9517
0.1:  82.7,18.5,269.9243
0.11:  82.7,18.5,269.897
0.13:  82.7,18.5,269.8697
0.15:  82.7,18.5,269.8487
0.16:  82.7,18.5,269.8214
0.18:  82.7,18.5,269.8004
0.2:  82.7,18.5,269.7794
0.21:  82.7,18.5,269.7584
0.23:  82.7,18.5,269.731
0.25:  82.7,18.5,269.7037
0.26:  82.7,18.5,269.6764
0.28:  82.7,18.5,269.649
0.3:  82.7,18.5,269.6217
0.31:  82.7,18.5,269.6007
0.33:  82.7,18.5,269.5734
0.35:  82.7,18.5,269.5524
0.36:  82.7,18.5,269.5251
0.38:  82.7,18.5,269.4977
0.4:  82.7,18.5,269.4767
0.41:  82.7,18.5,269.4557
0.43:  82.7,18.5,269.4347
0.45:  82.7,18.5,269.4137
0.46:  82.7,18.5,269.3864
0.48:  82.7,18.5,269.3654
0.5:  82.7,18.5,269.3444
0.51:  82.7,18.5,269.3234
0.53:  82.7,18.5,269.3024
0.55:  82.7,18.5,269.2814
0.56:  82.7,18.5,269.2541
0.58:  82.7,18.5,269.2267
0.6:  82.7,18.5,269.2058
0.61:  82.7,18.5,269.1848
0.63:  82.7,18.5,269.1638
0.65:  82.7,18.5,269.1428
0.66:  82.7,18.5,269.1218
0.68:  82.7,18.5,269.1008
0.7:  82.7,18.5,269.0798
0.71:  82.7,18.5,269.0525
0.73:  82.7,18.5,269.0315
0.75:  82.7,18.5,269.0105
0.76:  82.7,18.5,268.9895
0.78:  82.7,18.5,268.9622
0.8:  82.7,18.5,268.9348
0.81:  82.7,18.5,268.9075
0.83:  82.7,18.5,268.8802
0.85:  82.7,18.5,268.8592
0.86:  82.7,18.5,268.8382
0.88:  82.7,18.5,268.8172
0.9:  82.7,18.5,268.7962
0.91:  82.7,18.5,268.7689
0.93:  82.7,18.5,268.7415
0.95:  82.7,18.5,268.7205
0.96:  82.7,18.5,268.6995
0.98:  82.7,18.5,268.6722
1:  82.7,18.5,268.6449
1.01:  82.7,18.5,268.6176
1.03:  82.7,18.5,268.5966
1.05:  82.7,18.5,268.5756
1.06:  82.7,18.5,268.5482
1.08:  82.7,18.5,268.5272
1.1:  82.7,18.5,268.5062
1.11:  82.7,18.5,268.4789
1.13:  82.7,18.5,268.4516
1.15:  82.7,18.5,268.4306
1.16:  82.7,18.5,268.4032
1.18:  82.7,18.5,268.3759
1.2:  82.7,18.5,268.3549
1.21:  82.7,18.5,268.3276
1.23:  82.7,18.5,268.3066
1.25:  82.7,18.5,268.2792
1.26:  82.7,18.5,268.2582
1.28:  82.7,18.5,268.2372
1.3:  82.7,18.5,268.2099
1.31:  82.7,18.5,268.1889
1.33:  82.7,18.5,268.1616
1.35:  82.7,18.5,268.1406
1.36:  82.7,18.5,268.1133
1.38:  82.7,18.5,268.0796
1.4:  82.7,18.5,268.0523
1.41:  82.7,18.5,268.0313
1.43:  82.7,18.5,268.0103
1.45:  82.7,18.5,267.9893
1.46:  82.7,18.5,267.9683
1.48:  82.7,18.5,267.941
1.5:  82.7,18.5,267.92
1.51:  82.7,18.5,267.8926
1.53:  82.7,18.5,267.8716
1.55:  82.7,18.5,267.8506
1.56:  82.7,18.5,267.8233
1.58:  82.7,18.5,267.796
1.6:  82.7,18.5,267.7687
1.61:  82.7,18.5,267.7413
1.63:  82.7,18.5,267.714
1.65:  82.7,18.5,267.6867
1.66:  82.7,18.5,267.6593
1.68:  82.7,18.5,267.6383
1.7:  82.7,18.5,267.611
1.71:  82.7,18.5,267.59
1.73:  82.7,18.5,267.5627
1.75:  82.7,18.5,267.5417
1.76:  82.7,18.5,267.5207
1.78:  82.7,18.5,267.4997
1.8:  82.7,18.5,267.4787
1.81:  82.7,18.5,267.4514
1.83:  82.7,18.5,267.424
1.85:  82.7,18.5,267.3967
1.86:  82.7,18.5,267.3757
1.88:  82.7,18.5,267.3484
1.9:  82.7,18.5,267.321
1.91:  82.7,18.5,267.3
1.93:  82.7,18.5,267.2727
1.95:  82.7,18.5,267.2454
1.96:  82.7,18.5,267.2181
1.98:  82.7,18.5,267.1907
2:  82.7,18.5,267.1697
2.01:  82.7,18.5,267.1487
2.03:  82.7,18.5,267.1277
2.05:  82.7,18.5,267.1068
2.06:  82.7,18.5,267.0794
2.08:  82.7,18.5,267.0521
2.1:  82.7,18.5,267.0311
2.11:  82.7,18.5,267.0038
2.13:  82.7,18.5,266.9828
2.15:  82.7,18.5,266.9618
2.16:  82.7,18.5,266.9344
2.18:  82.7,18.5,266.9071
2.2:  82.7,18.5,266.8861
2.21:  82.7,18.5,266.8588
2.23:  82.7,18.5,266.8315
2.25:  82.7,18.5,266.8041
2.26:  82.7,18.5,266.7831
2.28:  82.7,18.5,266.7621
2.3:  82.7,18.5,266.7411
2.31:  82.7,18.5,266.7202
2.33:  82.7,18.5,266.6992
2.35:  82.7,18.5,266.6718
2.36:  82.7,18.5,266.6508
2.38:  82.7,18.5,266.6298
2.4:  82.7,18.5,266.6088
2.41:  82.7,18.5,266.5815
2.43:  82.7,18.5,266.5542
2.45:  82.7,18.5,266.5269
2.46:  82.7,18.5,266.4995
2.48:  82.7,18.5,266.4722
2.5:  82.7,18.5,266.4448
2.51:  82.7,18.5,266.4238
2.53:  82.7,18.5,266.4029
2.55:  82.7,18.5,266.3755
2.56:  82.7,18.5,266.3545
2.58:  82.7,18.5,266.3335
2.6:  82.7,18.5,266.3062
2.61:  82.7,18.5,266.2789
2.63:  82.7,18.5,266.2515
2.65:  82.7,18.5,266.2242
2.66:  82.7,18.5,266.1969
2.68:  82.7,18.5,266.1696
2.7:  82.7,18.5,266.1422
2.71:  82.7,18.5,266.1149
2.73:  82.7,18.5,266.0939
2.75:  82.7,18.5,266.0665
2.76:  82.7,18.5,266.0392
2.78:  82.7,18.5,266.0182
2.8:  82.7,18.5,265.9909
2.81:  82.7,18.5,265.9636
2.83:  82.7,18.5,265.9362
2.85:  82.7,18.5,265.9152
2.86:  82.7,18.5,265.8879
2.88:  82.7,18.5,265.8606
2.9:  82.7,18.5,265.8332
2.91:  82.7,18.5,265.8059
2.93:  82.7,18.5,265.7786
2.95:  82.7,18.5,265.7576
2.96:  82.7,18.5,265.7366
2.98:  82.7,18.5,265.7092
3:  82.7,18.5,265.6819
3.01:  82.7,18.5,265.6546
3.03:  82.7,18.5,265.6273
3.05:  82.7,18.5,265.5999
3.06:  82.7,18.5,265.5789
3.08:  82.7,18.5,265.5579
3.1:  82.7,18.5,265.5306
3.11:  82.7,18.5,265.5096
3.13:  82.7,18.5,265.4886
3.15:  82.7,18.5,265.4613
3.16:  82.7,18.5,265.4339
3.18:  82.7,18.5,265.4066
3.2:  82.7,18.5,265.3793
3.21:  82.7,18.5,265.3583
3.23:  82.7,18.5,265.3373
3.25:  82.7,18.5,265.3163
3.26:  82.7,18.5,265.2889
3.28:  82.7,18.5,265.2616
3.3:  82.7,18.5,265.2343
3.31:  82.7,18.5,265.2133
3.33:  82.7,18.5,265.186
3.35:  82.7,18.5,265.165
3.36:  82.7,18.5,265.144
3.38:  82.7,18.5,265.1166
3.4:  82.7,18.5,265.0956
3.41:  82.7,18.5,265.0683
3.43:  82.7,18.5,265.041
3.45:  82.7,18.5,265.0136
3.46:  82.7,18.5,264.9927
3.48:  82.7,18.5,264.9717
3.5:  82.7,18.5,264.9507
3.51:  82.7,18.5,264.9233
3.53:  82.7,18.5,264.896
3.55:  82.7,18.5,264.8687
3.56:  82.7,18.5,264.8413
3.58:  82.7,18.5,264.8203
3.6:  82.7,18.5,264.7993
3.61:  82.7,18.5,264.7784
3.63:  82.7,18.5,264.7574
3.65:  82.7,18.5,264.73
3.66:  82.7,18.5,264.709
3.68:  82.7,18.5,264.6817
3.7:  82.7,18.5,264.6544
3.71:  82.7,18.5,264.6334
3.73:  82.7,18.5,264.606
3.75:  82.7,18.5,264.5851
3.76:  82.7,18.5,264.5641
3.78:  82.7,18.5,264.5367
3.8:  82.7,18.5,264.5157
3.81:  82.7,18.5,264.4948
3.83:  82.7,18.5,264.4738
3.85:  82.7,18.5,264.4528
3.86:  82.7,18.5,264.4254
3.88:  82.7,18.5,264.4044
3.9:  82.7,18.5,264.3771
3.91:  82.7,18.5,264.3561
3.93:  82.7,18.5,264.3288
3.95:  82.7,18.5,264.3078
3.96:  82.7,18.5,264.2868
3.98:  82.7,18.5,264.2595
4:  82.7,18.5,264.2385
4.01:  82.7,18.5,264.2175
4.03:  82.7,18.5,264.1901
4.05:  82.7,18.5,264.1628
4.06:  82.7,18.5,264.1355
4.08:  82.7,18.5,264.1082
4.1:  82.7,18.5,264.0808
4.11:  82.7,18.5,264.0535
4.13:  82.7,18.5,264.0325
4.15:  82.7,18.5,264.0115
4.16:  82.7,18.5,263.9905
4.18:  82.7,18.5,263.9695
4.2:  82.7,18.5,263.9422
4.21:  82.7,18.5,263.9149
4.23:  82.7,18.5,263.8938
4.25:  82.7,18.5,263.8665
4.26:  82.7,18.5,263.8455
4.28:  82.7,18.5,263.8245
4.3:  82.7,18.5,263.8035
4.31:  82.7,18.5,263.7825
4.33:  82.7,18.5,263.7552
4.35:  82.7,18.5,263.7342
4.36:  82.7,18.5,263.7068
4.38:  82.7,18.5,263.6859
4.4:  82.7,18.5,263.6585
4.41:  82.7,18.5,263.6312
4.43:  82.7,18.5,263.6039
4.45:  82.7,18.5,263.5829
4.46:  82.7,18.5,263.5619
4.48:  82.7,18.5,263.5409
4.5:  82.7,18.5,263.5199
4.51:  82.7,18.5,263.4989
4.53:  82.7,18.5,263.4779
4.55:  82.7,18.5,263.4569
4.56:  82.7,18.5,263.4359
4.58:  82.7,18.5,263.4086
4.6:  82.7,18.5,263.3813
4.61:  82.7,18.5,263.3539
4.63:  82.7,18.5,263.3266
4.65:  82.7,18.5,263.2993
4.66:  82.7,18.5,263.2783
4.68:  82.7,18.5,263.2509
4.7:  82.7,18.5,263.2236
4.71:  82.7,18.5,263.2026
4.73:  82.7,18.5,263.1816
4.75:  82.7,18.5,263.1606
4.76:  82.7,18.5,263.1333
4.78:  82.7,18.5,263.106
4.8:  82.7,18.5,263.0786
4.81:  82.7,18.5,263.0513
4.83:  82.7,18.5,263.024
4.85:  82.7,18.5,262.9966
4.86:  82.7,18.5,262.9693
4.88:  82.7,18.5,262.9483
4.9:  82.7,18.5,262.921
4.91:  82.7,18.5,262.9
4.93:  82.7,18.5,262.8727
4.95:  82.7,18.5,262.8453
4.96:  82.7,18.5,262.818
4.98:  82.7,18.5,262.7906
5:  82.7,18.5,262.7697
5.01:  82.7,18.5,262.7487
5.03:  82.7,18.5,262.7277
5.05:  82.7,18.5,262.7067
5.06:  82.7,18.5,262.6857
5.08:  82.7,18.5,262.6647
5.1:  82.7,18.5,262.6373
5.11:  82.7,18.5,262.61
5.13:  82.7,18.5,262.589
5.15:  82.7,18.5,262.568
5.16:  82.7,18.5,262.5407
5.18:  82.7,18.5,262.5197
5.2:  82.7,18.5,262.4987
5.21:  82.7,18.5,262.4777
5.23:  82.7,18.5,262.4504
5.25:  82.7,18.5,262.4231
5.26:  82.7,18.5,262.4021
5.28:  82.7,18.5,262.3811
5.3:  82.7,18.5,262.3601
5.31:  82.7,18.5,262.3264
5.33:  82.7,18.5,262.3054
5.35:  82.7,18.5,262.2844
5.36:  82.7,18.5,262.2571
5.38:  82.7,18.5,262.2297
5.4:  82.7,18.5,262.2024
5.41:  82.7,18.5,262.1751
5.43:  82.7,18.5,262.1478
5.45:  82.7,18.5,262.1268
5.46:  82.7,18.5,262.0994
5.48:  82.7,18.5,262.0784
5.5:  82.7,18.5,262.0574
5.51:  82.7,18.5,262.0364
5.53:  82.7,18.5,262.0154
5.55:  82.7,18.5,261.9881
5.56:  82.7,18.5,261.9608
5.58:  82.7,18.5,261.9398
5.6:  82.7,18.5,261.9125
5.61:  82.7,18.5,261.8915
5.63:  82.7,18.5,261.8705
5.65:  82.7,18.5,261.8495
5.66:  82.7,18.5,261.8285
5.68:  82.7,18.5,261.8075
5.7:  82.7,18.5,261.7865
5.71:  82.7,18.5,261.7655
5.73:  82.7,18.5,261.7382
5.75:  82.7,18.5,261.7109
5.76:  82.7,18.5,261.6835
5.78:  82.7,18.5,261.6562
5.8:  82.7,18.5,261.6352
5.81:  82.7,18.5,261.6079
5.83:  82.7,18.5,261.5869
5.85:  82.7,18.5,261.5659
5.86:  82.7,18.5,261.5449
5.88:  82.7,18.5,261.5239
5.9:  82.7,18.5,261.4966
5.91:  82.7,18.5,261.4692
5.93:  82.7,18.5,261.4419
5.95:  82.7,18.5,261.4146
5.96:  82.7,18.5,261.3873
5.98:  82.7,18.5,261.3663
6:  82.7,18.5,261.3453
6.01:  82.7,18.5,261.3243
6.03:  82.7,18.5,261.3033
6.05:  82.7,18.5,261.2823
6.06:  82.7,18.5,261.2549
6.08:  82.7,18.5,261.2339
6.1:  82.7,18.5,261.213
6.11:  82.7,18.5,261.1856
6.13:  82.7,18.5,261.1646
6.15:  82.7,18.5,261.1436
6.16:  82.7,18.5,261.1227
6.18:  82.7,18.5,261.1017
6.2:  82.7,18.5,261.0743
6.21:  82.7,18.5,261.047
6.23:  82.7,18.5,261.026
6.25:  82.7,18.5,261.005
6.26:  82.7,18.5,260.984
6.28:  82.7,18.5,260.9567
6.3:  82.7,18.5,260.9294
6.31:  82.7,18.5,260.9084
6.33:  82.7,18.5,260.8874
6.35:  82.7,18.5,260.8664
6.36:  82.7,18.5,260.8454
6.38:  82.7,18.5,260.8244
6.4:  82.7,18.5,260.7971
6.41:  82.7,18.5,260.7761
6.43:  82.7,18.5,260.7487
6.45:  82.7,18.5,260.7214
6.46:  82.7,18.5,260.6941
6.48:  82.7,18.5,260.6667
6.5:  82.7,18.5,260.6394
6.51:  82.7,18.5,260.6121
6.53:  82.7,18.5,260.5847
6.55:  82.7,18.5,260.5638
6.56:  82.7,18.5,260.5428
6.58:  82.7,18.5,260.5154
6.6:  82.7,18.5,260.4944
6.61:  82.7,18.5,260.4734
6.63:  82.7,18.5,260.4525
6.65:  82.7,18.5,260.4251
6.66:  82.7,18.5,260.3978
6.68:  82.7,18.5,260.3768
6.7:  82.7,18.5,260.3495
6.71:  82.7,18.5,260.3221
6.73:  82.7,18.5,260.3011
6.75:  82.7,18.5,260.2738
6.76:  82.7,18.5,260.2465
6.78:  82.7,18.5,260.2191
6.8:  82.7,18.5,260.1918
6.81:  82.7,18.5,260.1708
6.83:  82.7,18.5,260.1498
6.85:  82.7,18.5,260.1288
6.86:  82.7,18.5,260.1078
6.88:  82.7,18.5,260.0932
6.9:  82.7,18.5,260.0785
6.91:  82.7,18.5,260.0575
6.93:  82.7,18.5,260.0429
6.95:  82.7,18.5,260.0282
6.96:  82.7,18.5,260.0199
6.98:  82.7,18.5,260.0116
7:  82.7,18.5,260.0033
7.01:  82.7,18.5,259.9949
7.03:  82.7,18.5,259.9866
7.05:  82.7,18.5,259.9783
7.06:  82.7,18.5,259.97
7.08:  82.7,18.5,259.9617
7.1:  82.7,18.5,259.9534
7.11:  82.7,18.5,259.945
7.13:  82.7,18.5,259.9367
7.15:  82.7,18.5,259.9284
7.16:  82.7,18.5,259.9201
7.18:  82.7,18.5,259.9118
7.2:  82.7,18.5,259.8971
7.21:  82.7,18.5,259.8888
7.23:  82.7,18.5,259.8741
7.25:  82.7,18.5,259.8658
7.26:  82.7,18.5,259.8575
7.28:  82.7,18.5,259.8428
7.3:  82.7,18.5,259.8282
7.31:  82.7,18.5,259.8199
7.33:  82.7,18.5,259.8052
7.35:  82.7,18.5,259.7969
7.36:  82.7,18.5,259.7886
7.38:  82.7,18.5,259.7739
7.4:  82.7,18.5,259.7656
7.41:  82.7,18.5,259.7573
7.43:  82.7,18.5,259.749
7.45:  82.7,18.5,259.7407
7.46:  82.7,18.5,259.726
7.48:  82.7,18.5,259.7177
7.5:  82.7,18.5,259.7094
7.51:  82.7,18.5,259.6947
7.53:  82.7,18.5,259.6801
7.55:  82.7,18.5,259.6717
7.56:  82.7,18.5,259.6634
7.58:  82.7,18.5,259.6551
7.6:  82.7,18.5,259.6468
7.61:  82.7,18.5,259.6321
7.63:  82.7,18.5,259.6238
7.65:  82.7,18.5,259.6155
7.66:  82.7,18.5,259.6008
7.68:  82.7,18.5,259.5925
7.7:  82.7,18.5,259.5842
7.71:  82.7,18.5,259.5759
7.73:  82.7,18.5,259.5676
7.75:  82.7,18.5,259.5592
7.76:  82.7,18.5,259.5509
7.78:  82.7,18.5,259.5426
7.8:  82.7,18.5,259.5343
7.81:  82.7,18.5,259.5196
7.83:  82.7,18.5,259.5113
7.85:  82.7,18.5,259.503
7.86:  82.7,18.5,259.4947
7.88:  82.7,18.5,259.4864
7.9:  82.7,18.5,259.478
7.91:  82.7,18.5,259.4697
7.93:  82.7,18.5,259.4614
7.95:  82.7,18.5,259.4531
7.96:  82.7,18.5,259.4384
7.98:  82.7,18.5,259.4238
8:  82.7,18.5,259.4155
8.01:  82.7,18.5,259.4071
8.03:  82.7,18.5,259.3988
8.05:  82.7,18.5,259.3905
8.06:  82.7,18.5,259.3822
8.08:  82.7,18.5,259.3739
8.1:  82.7,18.5,259.3655
8.11:  82.7,18.5,259.3572
8.13:  82.7,18.5,259.3489
8.15:  82.7,18.5,259.3406
8.16:  82.7,18.5,259.3323
8.18:  82.7,18.5,259.3239
8.2:  82.7,18.5,259.3156
8.21:  82.7,18.5,259.3073
8.23:  82.7,18.5,259.299
8.25:  82.7,18.5,259.2907
8.26:  82.7,18.5,259.2823
8.28:  82.7,18.5,259.274
8.3:  82.7,18.5,259.2594
8.31:  82.7,18.5,259.2511
8.33:  82.7,18.5,259.2427
8.35:  82.7,18.5,259.2344
8.36:  82.7,18.5,259.2261
8.38:  82.7,18.5,259.2178
8.4:  82.7,18.5,259.2095
8.41:  82.7,18.5,259.2075
8.43:  82.7,18.5,259.2075
8.45:  82.7,18.5,259.2075
8.46:  82.7,18.5,259.2075
8.48:  82.7,18.5,259.2075
8.5:  82.7,18.5,259.2075
8.51:  82.7,18.5,259.2075
8.53:  82.7,18.5,259.1992
8.55:  82.7,18.5,259.1909
8.56:  82.7,18.5,259.1826
8.58:  82.7,18.5,259.1743
8.6:  82.7,18.5,259.1659
8.61:  82.7,18.5,259.1576
8.63:  82.7,18.5,259.1493
8.65:  82.7,18.5,259.141
8.66:  82.7,18.5,259.1326
8.68:  82.7,18.5,259.118
8.7:  82.7,18.5,259.1033
8.71:  82.7,18.5,259.095
8.73:  82.7,18.5,259.0867
8.75:  82.7,18.5,259.0784
8.76:  82.7,18.5,259.0701
8.78:  82.7,18.5,259.0554
8.8:  82.7,18.5,259.0471
8.81:  82.7,18.5,259.0388
8.83:  82.7,18.5,259.0241
8.85:  82.7,18.5,259.0158
8.86:  82.7,18.5,259.0075
8.88:  82.7,18.5,258.9991
8.9:  82.7,18.5,258.9845
8.91:  82.7,18.5,258.9762
8.93:  82.7,18.5,258.9679
8.95:  82.7,18.5,258.9595
8.96:  82.7,18.5,258.9512
8.98:  82.7,18.5,258.9366
9:  82.7,18.5,258.9219
9.01:  82.7,18.5,258.9136
9.03:  82.7,18.5,258.9053
9.05:  82.7,18.5,258.897
9.06:  82.7,18.5,258.8823
9.08:  82.7,18.5,258.874
9.1:  82.7,18.5,258.8657
9.11:  82.7,18.5,258.8574
9.13:  82.7,18.5,258.849
9.15:  82.7,18.5,258.8407
9.16:  82.7,18.5,258.826
9.18:  82.7,18.5,258.8177
9.2:  82.7,18.5,258.8094
9.21:  82.7,18.5,258.8011
9.23:  82.7,18.5,258.7928
9.25:  82.7,18.5,258.7845
9.26:  82.7,18.5,258.7761
9.28:  82.7,18.5,258.7678
9.3:  82.7,18.5,258.7595
9.31:  82.7,18.5,258.7448
9.33:  82.7,18.5,258.7365
9.35:  82.7,18.5,258.7282
9.36:  82.7,18.5,258.7199
9.38:  82.7,18.5,258.7052
9.4:  82.7,18.5,258.6969
9.41:  82.7,18.5,258.6886
9.43:  82.7,18.5,258.6803
9.45:  82.7,18.5,258.672
9.46:  82.7,18.5,258.6636
9.48:  82.7,18.5,258.649
9.5:  82.7,18.5,258.6407
9.51:  82.7,18.5,258.6324
9.53:  82.7,18.5,258.624
9.55:  82.7,18.5,258.6157
9.56:  82.7,18.5,258.6074
9.58:  82.7,18.5,258.5991
9.6:  82.7,18.5,258.5844
9.61:  82.7,18.5,258.5761
9.63:  82.7,18.5,258.5615
9.65:  82.7,18.5,258.5468
9.66:  82.7,18.5,258.5385
9.68:  82.7,18.5,258.5238
9.7:  82.7,18.5,258.5092
9.71:  82.7,18.5,258.5009
9.73:  82.7,18.5,258.4925
9.75:  82.7,18.5,258.4779
9.76:  82.7,18.5,258.4695
9.78:  82.7,18.5,258.4612
9.8:  82.7,18.5,258.4529
9.81:  82.7,18.5,258.4446
9.83:  82.7,18.5,258.4299
9.85:  82.7,18.5,258.4216
9.86:  82.7,18.5,258.407
9.88:  82.7,18.5,258.3923
9.9:  82.7,18.5,258.3777
9.91:  82.7,18.5,258.3693
9.93:  82.7,18.5,258.3547
9.95:  82.7,18.5,258.3464
9.96:  82.7,18.5,258.338
9.98:  82.7,18.5,258.3297
10:  82.7,18.5,258.3214
10.01:  82.7,18.5,258.3131
10.03:  82.7,18.5,258.3048
10.05:  82.7,18.5,258.2838
10.06:  82.7,18.5,258.2565
10.08:  82.7,18.5,258.2291
10.1:  82.7,18.5,258.1955
10.11:  82.7,18.5,258.1555
10.13:  82.7,18.5,258.1091
10.15:  82.7,18.5,258.0247
10.16:  82.7,18.5,257.896
10.18:  82.7,18.5,257.7166
10.2:  82.7,18.5,257.5181
10.21:  82.7,18.5,257.3196
10.23:  82.7,18.5,257.1212
10.25:  82.7,18.5,256.9227
10.26:  82.7,18.5,256.7243
10.28:  82.7,18.5,256.5258
10.3:  82.7,18.5,256.3274
10.31:  82.7,18.5,256.1289
10.33:  82.7,18.5,255.9241
10.35:  82.7,18.5,255.7257
10.36:  82.7,18.5,255.5209
10.38:  82.7,18.5,255.3161
10.4:  82.7,18.5,255.1049
10.41:  82.7,18.5,254.8748
10.43:  82.7,18.5,254.632
10.45:  82.7,18.5,254.3765
10.46:  82.7,18.5,254.1147
10.48:  82.7,18.5,253.8528
10.5:  82.7,18.5,253.5783
10.51:  82.7,18.5,253.2911
10.53:  82.7,18.5,252.9913
10.55:  82.7,18.5,252.6661
10.56:  82.7,18.5,252.3282
10.58:  82.7,18.5,251.9839
10.6:  82.7,18.5,251.6397
10.61:  82.7,18.5,251.2955
10.63:  82.7,18.5,250.9386
10.65:  82.7,18.5,250.531
10.66:  82.7,18.5,250.0854
10.68:  82.7,18.5,249.5891
10.7:  82.7,18.5,249.0483
10.71:  82.7,18.5,248.4633
10.73:  82.7,18.5,247.8402
10.75:  82.7,18.5,247.1854
10.76:  82.7,18.5,246.5052
10.78:  82.7,18.5,245.7871
10.8:  82.7,18.5,245.0626
10.81:  82.7,18.5,244.3381
10.83:  82.7,18.5,243.6073
10.85:  82.7,18.5,242.8637
10.86:  82.7,18.5,242.1139
10.88:  82.7,18.5,241.3577
10.9:  82.7,18.5,240.5888
10.91:  82.7,18.5,239.8073
10.93:  82.7,18.5,239.0258
10.95:  82.7,18.5,238.2442
10.96:  82.7,18.5,237.4627
10.98:  82.7,18.5,236.6811
11:  82.7,18.5,235.8996
11.01:  82.7,18.5,235.1244
11.03:  82.7,18.5,234.3429
11.05:  82.7,18.5,233.5677
11.06:  82.7,18.5,232.7861
11.08:  82.7,18.5,232.0046
11.1:  82.7,18.5,231.223
11.11:  82.7,18.5,230.4415
11.13:  82.7,18.5,229.6599
11.15:  82.7,18.5,228.8784
11.16:  82.7,18.5,228.0969
11.18:  82.7,18.5,227.3153
11.2:  82.7,18.5,226.5338
11.21:  82.7,18.5,225.7522
11.23:  82.7,18.5,224.9707
11.25:  82.7,18.5,224.1892
11.26:  82.7,18.5,223.4076
11.28:  82.7,18.5,222.6324
11.3:  82.7,18.5,221.8889
11.31:  82.7,18.5,221.1581
11.33:  82.7,18.5,220.4462
11.35:  82.7,18.5,219.7661
11.36:  82.7,18.5,219.124
11.38:  82.7,18.5,218.4946
11.4:  82.7,18.5,217.8841
11.41:  82.7,18.5,217.2801
11.43:  82.7,18.5,216.7077
11.45:  82.7,18.5,216.205
11.46:  82.7,18.5,215.715
11.48:  82.7,18.5,215.244
11.5:  82.7,18.5,214.773
11.51:  82.7,18.5,214.302
11.53:  82.7,18.5,213.8374
11.55:  82.7,18.5,213.3728
11.56:  82.7,18.5,212.8701
11.58:  82.7,18.5,212.323
11.6:  82.7,18.5,211.6873
11.61:  82.7,18.5,210.9565
11.63:  82.7,18.5,210.1876
11.65:  82.7,18.5,209.406
11.66:  82.7,18.5,208.6245
11.68:  82.7,18.5,207.843
11.7:  82.7,18.5,207.0614
11.71:  82.7,18.5,206.2799
11.73:  82.7,18.5,205.4983
11.75:  82.7,18.5,204.7231
11.76:  82.7,18.5,203.9416
11.78:  82.7,18.5,203.1664
11.8:  82.7,18.5,202.3848
11.81:  82.7,18.5,201.6096
11.83:  82.69385,18.48385,200.8344
11.85:  82.67113,18.4219,200.1353
11.86:  82.63126,18.31003,199.6199
11.88:  82.55779,18.124,199.4278
11.9:  82.46392,17.89404,199.4005
11.91:  82.36851,17.66007,199.3795
11.93:  82.27364,17.42721,199.3585
11.95:  82.17954,17.19598,199.3375
11.96:  82.08531,16.96425,199.3229
11.98:  81.99162,16.73369,199.3082
12:  81.89712,16.50088,199.2872
12.01:  81.80292,16.26858,199.2662
12.03:  81.70872,16.03597,199.2389
12.05:  81.61735,15.80341,199.2052
12.06:  81.53541,15.56758,199.1589
12.08:  81.45354,15.3309,199.0808
12.1:  81.37334,15.097,198.9267
12.11:  81.29351,14.86086,198.6776
12.13:  81.21405,14.62061,198.3017
12.15:  81.13774,14.38293,197.799
12.16:  81.06403,14.14361,197.1189
12.18:  80.99375,13.90376,196.331
12.2:  80.92764,13.66604,195.5431
12.21:  80.86295,13.42041,194.7552
12.23:  80.80291,13.17903,193.9673
12.25:  80.7457,12.9347,193.1795
12.26:  80.69264,12.69326,192.3916
12.28:  80.64176,12.44544,191.6037
12.3:  80.59495,12.20041,190.8158
12.31:  80.55005,11.94649,190.028
12.33:  80.51105,11.70676,189.2401
12.35:  80.47411,11.45989,188.5092
12.36:  80.43974,11.21218,187.8988
12.38:  80.4073,10.96518,187.4849
12.4:  80.37543,10.71624,187.2928
12.41:  80.34401,10.46911,187.2464
12.43:  80.31257,10.22047,187.2064
12.45:  80.28178,9.975562,187.1664
12.46:  80.25034,9.724498,187.1391
12.48:  80.21961,9.478271,187.1117
12.5:  80.18861,9.228839,187.0844
12.51:  80.15784,8.98032,187.0571
12.53:  80.12722,8.73197,187.0297
12.55:  80.09665,8.482824,186.9961
12.56:  80.06679,8.238544,186.9687
12.58:  80.03547,7.981285,186.9414
12.6:  80.00615,7.739279,186.9077
12.61:  79.97625,7.491042,186.8677
12.63:  79.94662,7.243034,186.815
12.65:  79.91731,6.995919,186.7624
12.66:  79.88828,6.748139,186.6843
12.68:  79.85959,6.49856,186.5556
12.7:  79.83186,6.249602,186.3571
12.71:  79.80538,6.000612,186.0699
12.73:  79.78062,5.751525,185.675
12.75:  79.75809,5.502847,185.1787
12.76:  79.7381,5.255458,184.619
12.78:  79.7206,5.005241,184.0022
12.8:  79.70541,4.748656,183.3854
12.81:  79.69362,4.50527,182.775
12.83:  79.68421,4.255604,182.1583
12.85:  79.67729,3.999701,181.5479
12.86:  79.67281,3.754052,181.0452
12.88:  79.66991,3.507283,180.6756
12.9:  79.66767,3.2557,180.5088
12.91:  79.66582,3.006087,180.4245
12.93:  79.66419,2.755693,180.3718
12.95:  79.66279,2.508686,180.3254
12.96:  79.66154,2.257391,180.2854
12.98:  79.66046,2.005362,180.2454
13:  79.65956,1.746816,180.1991
13.01:  79.65888,1.50176,180.1591
13.03:  79.65837,1.254928,180.1191
13.05:  79.65806,1.007658,180.0727
13.06:  79.65791,0.7561094,180.0327
13.08:  79.65794,0.5063594,179.9927
13.1:  79.66063,0.2559533,179.9464
13.11:  79.66594,0.006261066,179.9064
13.13:  79.67387,-0.2436361,179.8663
13.15:  79.68189,-0.49099,179.8263
13.16:  79.69016,-0.7402504,179.7863
13.18:  79.69875,-0.9943388,179.7463
13.2:  79.7073,-1.241705,179.7063
13.21:  79.71642,-1.502046,179.679
13.23:  79.72501,-1.745419,179.6643
13.25:  79.7338,-1.994905,179.6643
13.26:  79.74256,-2.243101,179.6643
13.28:  79.75127,-2.493496,179.6917
13.3:  79.75725,-2.743793,179.757
13.31:  79.75771,-2.993775,179.8921
13.33:  79.75738,-3.244131,180.0779
13.35:  79.75591,-3.490545,180.3397
13.36:  79.75269,-3.742604,180.7346
13.38:  79.74738,-3.993424,181.2119
13.4:  79.73969,-4.243844,181.759
13.41:  79.72941,-4.493537,182.3567
13.43:  79.71648,-4.742542,182.9735
13.45:  79.70061,-4.99316,183.6219
13.46:  79.68224,-5.238533,184.2831
13.48:  79.66027,-5.492099,184.9505
13.5:  79.63611,-5.737988,185.6116
13.51:  79.60854,-5.988535,186.2791
13.53:  79.57831,-6.236696,186.9465
13.55:  79.55035,-6.482721,187.6077
13.56:  79.52666,-6.733334,188.2054
13.58:  79.50765,-6.988356,188.7461
13.6:  79.49452,-7.232298,189.2361
13.61:  79.48119,-7.486997,189.7071
13.63:  79.47102,-7.738214,190.1337
13.65:  79.46871,-7.992339,190.5286
13.66:  79.46717,-8.246219,190.8982
13.68:  79.46898,-8.502197,191.2298
13.7:  79.46944,-8.757093,191.5296
13.71:  79.46877,-9.011311,191.7851
13.73:  79.46703,-9.26861,192.0216
13.75:  79.46438,-9.518904,192.2391
13.76:  79.46567,-9.779485,192.4249
13.78:  79.46904,-10.03327,192.6043
13.8:  79.47923,-10.2976,192.7584
13.81:  79.48834,-10.54999,192.8998
13.83:  79.49694,-10.80234,193.0159
13.85:  79.50624,-11.05165,193.1193
13.86:  79.52589,-11.29989,193.1973
13.88:  79.55565,-11.55089,193.269
13.9:  79.59499,-11.79969,193.3344
13.91:  79.63598,-12.04588,193.3807
13.93:  79.67973,-12.30357,193.4144
13.95:  79.72894,-12.54322,193.448
13.96:  79.77911,-12.78313,193.4817
13.98:  79.83244,-13.02285,193.509
14:  79.89362,-13.25823,193.5364
14.01:  79.95528,-13.49589,193.5637
14.03:  80.01865,-13.73208,193.591
14.05:  80.08372,-13.96687,193.6184
14.06:  80.1524,-14.20694,193.6394
14.08:  80.22304,-14.44218,193.6667
14.1:  80.29545,-14.67931,193.6877
14.11:  80.36815,-14.91057,193.7087
14.13:  80.44068,-15.14872,193.7297
14.15:  80.5133,-15.38746,193.7507
14.16:  80.58321,-15.61761,193.7717
14.18:  80.65435,-15.8521,193.7927
14.2:  80.72758,-16.08667,193.82
14.21:  80.79858,-16.32139,193.841
14.23:  80.87174,-16.55642,193.8683
14.25:  80.94486,-16.79179,193.902
14.26:  81.01755,-17.02628,193.9357
14.28:  81.09305,-17.27043,193.9757
14.3:  81.16328,-17.49807,194.0157
14.31:  81.23273,-17.73106,194.0684
14.33:  81.30479,-17.96617,194.121
14.35:  81.37418,-18.20072,194.1864
14.36:  81.44337,-18.43564,194.2581
14.38:  81.51495,-18.68009,194.3488
14.4:  81.58257,-18.91287,194.4712
14.41:  81.64977,-19.14648,194.619
14.43:  81.71651,-19.3811,194.7921
14.45:  81.7826,-19.61629,194.9715
14.46:  81.8502,-19.85217,195.17
14.48:  81.91734,-20.0901,195.4001
14.5:  81.98307,-20.32676,195.6366
14.51:  82.04813,-20.56503,195.8857
14.53:  82.11366,-20.80914,196.1349
14.55:  82.17175,-21.0376,196.4031
14.56:  82.23156,-21.27833,196.7156
14.58:  82.29185,-21.51804,197.0408
14.6:  82.34779,-21.75487,197.3787
14.61:  82.40289,-21.99456,197.7229
14.63:  82.45621,-22.23346,198.0862
14.65:  82.51024,-22.47322,198.4621
14.66:  82.56279,-22.71381,198.838
14.68:  82.61133,-22.9539,199.2393
14.7:  82.66068,-23.19606,199.6405
14.71:  82.70817,-23.43773,200.0418
14.73:  82.75385,-23.67924,200.4494
14.75:  82.79572,-23.92135,200.857
14.76:  82.83775,-24.16228,201.2646
14.78:  82.87868,-24.40727,201.6722
14.8:  82.91737,-24.64932,202.0798
14.81:  82.95233,-24.89256,202.4874
14.83:  82.98553,-25.13592,202.9014
14.85:  83.01675,-25.37783,203.3153
14.86:  83.04824,-25.61929,203.7293
14.88:  83.0787,-25.86675,204.1432
14.9:  83.10484,-26.11065,204.5508
14.91:  83.12917,-26.35432,204.9648
14.93:  83.15408,-26.60009,205.3724
14.95:  83.17474,-26.84164,205.78
14.96:  83.19629,-27.08931,206.1876
14.98:  83.2159,-27.33505,206.5952
15:  83.23347,-27.57674,207.0028
15.01:  83.24976,-27.82572,207.4167
15.03:  83.26193,-28.07068,207.8243
15.05:  83.2723,-28.31439,208.2319
15.06:  83.2831,-28.56042,208.6459
15.08:  83.29216,-28.80824,209.0662
15.1:  83.29932,-29.05462,209.4928
15.11:  83.30456,-29.29738,209.9257
15.13:  83.31263,-29.54275,210.3651
15.15:  83.32421,-29.78591,210.8043
15.16:  83.3374,-30.03107,211.25
15.18:  83.34853,-30.27282,211.6956
15.2:  83.35786,-30.51693,212.1412
15.21:  83.36527,-30.76074,212.5869
15.23:  83.37076,-31.00267,213.0325
15.25:  83.37638,-31.2457,213.4781
15.26:  83.38013,-31.49185,213.9301
15.28:  83.37994,-31.73681,214.3757
15.3:  83.37984,-31.98138,214.8277
15.31:  83.38123,-32.2252,215.2797
15.33:  83.38267,-32.47011,215.7316
15.35:  83.38365,-32.71447,216.1773
15.36:  83.38614,-32.9567,216.6293
15.38:  83.38671,-33.20145,217.0812
15.4:  83.38538,-33.44328,217.5332
15.41:  83.38213,-33.68498,217.9852
15.43:  83.37691,-33.93038,218.4371
15.45:  83.36978,-34.17335,218.8954
15.46:  83.36077,-34.4148,219.3538
15.48:  83.34975,-34.65786,219.8121
15.5:  83.33681,-34.90081,220.264
15.51:  83.32521,-35.14737,220.7224
15.53:  83.31207,-35.38645,221.1743
15.55:  83.29698,-35.62579,221.6326
15.56:  83.27958,-35.87045,222.0973
15.58:  83.26194,-36.11166,222.5683
15.6:  83.24087,-36.35193,223.0392
15.61:  83.21684,-36.60194,223.5166
15.63:  83.19395,-36.83505,223.9939
15.65:  83.16848,-37.07379,224.4776
15.66:  83.1412,-37.31042,224.9612
15.68:  83.1113,-37.55173,225.4512
15.7:  83.0788,-37.79684,225.9412
15.71:  83.04707,-38.03466,226.4375
15.73:  83.01996,-38.27155,226.9402
15.75:  82.99992,-38.5034,227.4492
15.76:  82.98231,-38.74252,227.9583
15.78:  82.96449,-38.97828,228.4799
15.8:  82.94962,-39.21572,229.0016
15.81:  82.93581,-39.45565,229.5296
15.83:  82.92323,-39.696,230.0577
15.85:  82.91186,-39.93695,230.5857
15.86:  82.90554,-40.17452,231.1137
15.88:  82.90429,-40.40659,231.6481
15.9:  82.90274,-40.64481,232.1824
15.91:  82.90052,-40.87989,232.7168
15.93:  82.89756,-41.1185,233.2512
15.95:  82.89437,-41.35441,233.7855
15.96:  82.88898,-41.59019,234.3199
15.98:  82.88145,-41.82512,234.8479
16:  82.87368,-42.06102,235.3759
16.01:  82.86919,-42.29493,235.9103
16.03:  82.8639,-42.53116,236.4383
16.05:  82.85511,-42.76465,236.9664
16.06:  82.84553,-42.9991,237.4944
16.08:  82.83369,-43.23536,238.0224
16.1:  82.81985,-43.46857,238.5504
16.11:  82.80347,-43.70698,239.0848
16.13:  82.78454,-43.94946,239.6192
16.15:  82.7643,-44.18082,240.1535
16.16:  82.74178,-44.41293,240.6942
16.18:  82.71635,-44.65166,241.2349
16.2:  82.68961,-44.88209,241.7756
16.21:  82.65994,-45.11816,242.3163
16.23:  82.62755,-45.34713,242.8634
16.25:  82.59309,-45.57482,243.4167
16.26:  82.55648,-45.8109,243.9701
16.28:  82.51685,-46.04216,244.5362
16.3:  82.47626,-46.2734,245.1086
16.31:  82.43563,-46.5027,245.6936
16.33:  82.40396,-46.7413,246.2977
16.35:  82.38371,-46.98305,246.9208
16.36:  82.37275,-47.22639,247.5629
16.38:  82.36584,-47.46769,248.2114
16.4:  82.37253,-47.70957,248.8788
16.41:  82.38097,-47.95051,249.559
16.43:  82.39339,-48.18758,250.2454
16.45:  82.40839,-48.42603,250.9382
16.46:  82.42906,-48.66763,251.6374
16.48:  82.4567,-48.90773,252.3492
16.5:  82.48679,-49.14936,253.061
16.51:  82.52158,-49.39156,253.7792
16.53:  82.56586,-49.63398,254.5037
16.55:  82.62253,-49.87788,255.2346
16.56:  82.68272,-50.11864,255.9654
16.58:  82.74046,-50.36294,256.7026
16.6:  82.79498,-50.60752,257.4334
16.61:  82.84627,-50.85241,258.1706
16.63:  82.89685,-51.09753,258.9014
16.65:  82.98019,-51.33574,259.6323
16.66:  83.08579,-51.56793,260.3694
16.68:  83.20106,-51.80297,261.1003
16.7:  83.31789,-52.03107,261.8311
16.71:  83.43857,-52.25686,262.562
16.73:  83.55902,-52.48233,263.2801
16.75:  83.67629,-52.70855,263.9919
16.76:  83.79073,-52.93606,264.6911
16.78:  83.9028,-53.1657,265.3776
16.8:  84.01126,-53.39465,266.045
16.81:  84.11936,-53.62948,266.6744
16.83:  84.22367,-53.86257,267.2849
16.85:  84.32862,-54.09765,267.8446
16.86:  84.42758,-54.33055,268.3726
16.88:  84.52565,-54.56689,268.8563
16.9:  84.61166,-54.80571,269.3272
16.91:  84.69491,-55.04279,269.7856
16.93:  84.75951,-55.298,270.2312
16.95:  84.80972,-55.54448,270.6578
16.96:  84.84161,-55.79409,271.0844
16.98:  84.85957,-56.04539,271.511
17:  84.87535,-56.29189,271.9377
17.03:  84.88978,-56.54721,272.3643
17.05:  84.88496,-56.79694,272.7909
17.06:  84.87576,-57.04842,273.2175
17.08:  84.86731,-57.29561,273.6442
17.1:  84.84943,-57.54689,274.0708
17.11:  84.82985,-57.79576,274.4974
17.13:  84.80845,-58.04449,274.9177
17.15:  84.78522,-58.29279,275.3443
17.16:  84.76005,-58.54187,275.7709
17.18:  84.73309,-58.78909,276.2229
17.2:  84.70368,-59.03943,276.7002
17.21:  84.67247,-59.28663,277.1965
17.23:  84.63886,-59.53439,277.7245
17.25:  84.60437,-59.78896,278.278
17.26:  84.57629,-60.03074,278.8694
17.28:  84.55694,-60.28052,279.4734
17.3:  84.54207,-60.53276,280.0838
17.31:  84.53175,-60.78509,280.7069
17.33:  84.53062,-61.04013,281.3491
17.35:  84.54527,-61.28833,282.0228
17.36:  84.5675,-61.48715,282.7156
17.38:  84.60711,-61.60839,283.4401
17.4:  84.66057,-61.65738,284.2027
17.41:  84.66531,-61.65864,284.9905
17.43:  84.66531,-61.65864,285.7784
17.45:  84.66531,-61.65864,286.5663
17.46:  84.66531,-61.65864,287.3542
17.48:  84.66531,-61.65864,288.1421
17.5:  84.66531,-61.65864,288.9299
17.51:  84.66531,-61.65864,289.7178
17.53:  84.66531,-61.65864,290.5057
17.55:  84.66531,-61.65864,291.2936
17.56:  84.66531,-61.65864,292.0751
17.58:  84.66531,-61.65864,292.8567
17.6:  84.66531,-61.65864,293.6445
17.61:  84.66531,-61.65864,294.4324
17.63:  84.66531,-61.65864,295.2203
17.65:  84.66531,-61.65864,296.0082
17.66:  84.66531,-61.65864,296.7961
17.68:  84.66531,-61.65864,297.5839
17.7:  84.66531,-61.65864,298.3718
17.71:  84.66531,-61.65864,299.1597
17.73:  84.66531,-61.65864,299.9476
17.75:  84.66531,-61.65864,300.7354
17.76:  84.66531,-61.65864,301.5233
17.78:  84.66531,-61.65864,302.3112
17.8:  84.66531,-61.65864,303.0991
17.81:  84.66531,-61.65864,303.8869
17.83:  84.66531,-61.65864,304.6748
17.85:  84.66531,-61.65864,305.4627
17.86:  84.66531,-61.65864,306.2506
17.88:  84.66531,-61.65864,307.0385
17.9:  84.66531,-61.65864,307.8263
17.91:  84.66531,-61.65864,308.6142
17.93:  84.66531,-61.65864,309.4021
17.95:  84.66531,-61.65864,310.19
17.96:  84.66531,-61.65864,310.9778
17.98:  84.66531,-61.65864,311.7657
18:  84.66531,-61.65864,312.5536
18.01:  84.66531,-61.65864,313.3415
18.03:  84.66531,-61.65864,314.1294
18.05:  84.66531,-61.65864,314.9172
18.06:  84.66531,-61.65864,315.7051
18.08:  84.66531,-61.65864,316.493
18.1:  84.66531,-61.65864,317.2809
18.11:  84.66531,-61.65864,318.0688
18.13:  84.66531,-61.65864,318.8566
18.15:  84.66531,-61.65864,319.6445
18.16:  84.66531,-61.65864,320.4324
18.18:  84.66531,-61.65864,321.2203
18.2:  84.66531,-61.65864,322.0081
18.21:  84.6575,-61.66457,322.796
18.23:  84.63155,-61.68371,323.5839
18.25:  84.57004,-61.70687,324.3021
18.26:  84.47039,-61.73171,324.9632
18.28:  84.34049,-61.74413,325.5863
18.3:  84.17516,-61.75961,326.1777
18.31:  83.99722,-61.763,326.7374
18.33:  83.80663,-61.76807,327.2591
18.35:  83.59366,-61.76952,327.7427
18.36:  83.36279,-61.76541,328.1757
18.38:  83.12658,-61.75475,328.5643
18.4:  82.88965,-61.74604,328.9085
18.41:  82.65539,-61.73627,329.1894
18.43:  82.41444,-61.72536,329.3942
18.45:  82.17966,-61.71281,329.5356
18.46:  81.94207,-61.6991,329.6136
18.48:  81.70659,-61.68737,329.6536
18.5:  81.4674,-61.67328,329.681
18.51:  81.23311,-61.65804,329.702
18.53:  80.99551,-61.6425,329.7229
18.55:  80.7571,-61.6282,329.7439
18.56:  80.52103,-61.61258,329.7649
18.58:  80.28344,-61.59815,329.7859
18.6:  80.04542,-61.58566,329.8069
18.61:  79.80952,-61.57319,329.8279
18.63:  79.57056,-61.56044,329.8553
18.65:  79.33455,-61.54437,329.8763
18.66:  79.09857,-61.53159,329.9036
18.68:  78.86449,-61.51748,329.9246
18.7:  78.62843,-61.50449,329.9519
18.71:  78.39194,-61.49001,329.9792
18.73:  78.15632,-61.47343,330.0066
18.75:  77.92015,-61.45667,330.0402
18.76:  77.68456,-61.43576,330.0802
18.78:  77.44692,-61.41101,330.1329
18.8:  77.20805,-61.38239,330.1983
18.81:  76.97147,-61.35324,330.27
18.83:  76.72051,-61.32204,330.3353
18.85:  76.48467,-61.29241,330.407
18.86:  76.24461,-61.26194,330.4787
18.88:  76.01188,-61.23064,330.5568
18.9:  75.77341,-61.19823,330.6348
18.91:  75.53594,-61.16563,330.7128
18.93:  75.29815,-61.13268,330.7845
18.95:  75.06568,-61.09333,330.8562
18.96:  74.82185,-61.04743,330.9279
18.98:  74.58214,-60.99849,330.9996
19:  74.34155,-60.94906,331.0713
19.01:  74.10177,-60.89948,331.143
19.03:  73.86141,-60.84947,331.2147
19.05:  73.62233,-60.79941,331.2864
19.06:  73.38433,-60.7493,331.3518
19.08:  73.14269,-60.6981,331.4235
19.1:  72.90263,-60.64692,331.4952
19.11:  72.6628,-60.59548,331.5669
19.13:  72.42272,-60.54367,331.6385
19.15:  72.18341,-60.49171,331.7103
19.16:  71.94395,-60.43933,331.801
19.18:  71.70574,-60.38665,331.9297
19.2:  71.46713,-60.33322,332.0838
19.21:  71.22731,-60.27872,332.2632
19.23:  70.98714,-60.2233,332.4554
19.25:  70.74834,-60.16721,332.6792
19.26:  70.5108,-60.11035,332.922
19.28:  70.26473,-60.05032,333.1711
19.3:  70.03468,-59.995,333.4203
19.31:  69.79957,-59.94479,333.6695
19.33:  69.56715,-59.8945,333.9186
19.35:  69.33475,-59.84667,334.1678
19.36:  69.09779,-59.79988,334.4169
19.38:  68.86073,-59.75348,334.6661
19.4:  68.625,-59.70885,334.9089
19.41:  68.3919,-59.66717,335.1454
19.43:  68.15295,-59.62715,335.3312
19.45:  67.91416,-59.58784,335.498
19.46:  67.67346,-59.55125,335.595
19.48:  67.43435,-59.51468,335.6477
19.5:  67.19209,-59.47886,335.675
19.51:  66.95006,-59.44645,335.6833
19.53:  66.70433,-59.42034,335.6853
19.55:  66.46027,-59.40082,335.6853
19.56:  66.22202,-59.38389,335.6853
19.58:  65.97337,-59.37078,335.6853
19.6:  65.72747,-59.35783,335.6833
19.61:  65.48226,-59.34604,335.6813
19.63:  65.2327,-59.33407,335.673
19.65:  64.98678,-59.3245,335.6647
19.66:  64.73962,-59.31502,335.631
19.68:  64.49385,-59.30582,335.5784
19.7:  64.24626,-59.29684,335.513
19.71:  64.00019,-59.28827,335.4286
19.73:  63.75599,-59.27922,335.2999
19.75:  63.50969,-59.27189,335.1395
19.76:  63.26647,-59.26547,334.9473
19.78:  63.01815,-59.25978,334.7489
19.8:  62.7725,-59.25389,334.5504
19.81:  62.52514,-59.24996,334.3456
19.83:  62.28057,-59.24585,334.1408
19.85:  62.03656,-59.24259,333.9424
19.86:  61.78301,-59.24092,333.8137
19.88:  61.53894,-59.23835,333.78
19.9:  61.29908,-59.23697,333.7653
19.91:  61.04368,-59.2355,333.7633
19.93:  60.80262,-59.23412,333.7633
19.95:  60.55668,-59.23272,333.7633
19.96:  60.31165,-59.23131,333.7633
19.98:  60.06903,-59.22883,333.7633
20:  59.82364,-59.22742,333.7633
20.01:  59.57644,-59.22478,333.7907
20.03:  59.32981,-59.22292,333.8687
20.05:  59.08597,-59.21926,334.0355
20.06:  58.83942,-59.21564,334.2783
20.08:  58.59531,-59.21066,334.6035
20.1:  58.34872,-59.20512,334.9794
20.11:  58.10572,-59.19561,335.4187
20.13:  57.86071,-59.18385,335.9277
20.15:  57.61501,-59.17072,336.4938
20.16:  57.37103,-59.15397,337.1042
20.18:  57.12595,-59.13544,337.759
20.2:  56.88032,-59.11393,338.4391
20.21:  56.63678,-59.08961,339.1383
20.23:  56.39189,-59.06096,339.8501
20.25:  56.13968,-59.02937,340.5746
20.26:  55.9039,-58.99567,341.3118
20.28:  55.66205,-58.95901,342.0553
20.3:  55.4179,-58.91875,342.7988
20.31:  55.17701,-58.8758,343.5423
20.33:  54.9241,-58.82733,344.2858
20.35:  54.68755,-58.77882,345.023
20.36:  54.44686,-58.72527,345.7221
20.38:  54.21387,-58.67165,346.3959
20.4:  53.9708,-58.61288,347.0254
20.41:  53.73487,-58.55318,347.6358
20.43:  53.49589,-58.4891,348.1891
20.45:  53.26044,-58.42485,348.6982
20.46:  53.01991,-58.35705,349.1755
20.48:  52.78747,-58.28955,349.6275
20.5:  52.54945,-58.21738,350.0478
20.51:  52.31623,-58.14607,350.4363
20.53:  52.07805,-58.07153,350.8123
20.55:  51.84803,-57.99692,351.1501
20.56:  51.61435,-57.91982,351.4373
20.58:  51.38522,-57.84089,351.6738
20.6:  51.15422,-57.74031,351.8849
20.61:  50.94517,-57.6253,352.0644
20.63:  50.73989,-57.48903,352.2311
20.65:  50.54983,-57.34167,352.3726
20.66:  50.36847,-57.17402,352.4823
20.68:  50.19382,-57.00275,352.5667
20.7:  50.02719,-56.82881,352.6384
20.71:  49.86132,-56.64536,352.6847
20.73:  49.69472,-56.45247,352.7184
20.75:  49.54901,-56.25262,352.7394
20.76:  49.41324,-56.04211,352.7414
20.78:  49.28066,-55.8267,352.7414
20.8:  49.16387,-55.60532,352.7414
20.81:  49.0532,-55.37167,352.7394
20.83:  48.94746,-55.14843,352.7374
20.85:  48.83756,-54.91644,352.7354
20.86:  48.72998,-54.68944,352.7271
20.88:  48.62198,-54.46162,352.7188
20.9:  48.51293,-54.23162,352.7168
20.91:  48.40582,-54.00573,352.7148
20.93:  48.29684,-53.77604,352.7002
20.95:  48.18773,-53.54629,352.6792
20.96:  48.08084,-53.32145,352.6582
20.98:  47.98075,-53.08586,352.6245
21:  47.88737,-52.84494,352.5845
21.01:  47.8168,-52.6049,352.5318
21.03:  47.77137,-52.35609,352.4601
21.05:  47.73821,-52.10899,352.3567
21.06:  47.70404,-51.85983,352.1899
21.08:  47.66944,-51.61433,351.9788
21.1:  47.63339,-51.36689,351.7107
21.11:  47.59575,-51.11879,351.3728
21.13:  47.55688,-50.87435,350.9651
21.15:  47.51364,-50.61591,350.5005
21.16:  47.47093,-50.37486,349.9535
21.18:  47.4252,-50.13198,349.3367
21.2:  47.37641,-49.88821,348.6819
21.21:  47.32433,-49.64344,347.9891
21.23:  47.27393,-49.39843,347.252
21.25:  47.22978,-49.15168,346.4894
21.26:  47.19226,-48.90644,345.7015
21.28:  47.16714,-48.65137,344.9137
21.3:  47.15135,-48.39935,344.1258
21.31:  47.14211,-48.14597,343.3379
21.33:  47.1433,-47.89606,342.55
21.35:  47.15656,-47.64658,341.7621
21.36:  47.17493,-47.39917,340.9743
21.38:  47.20057,-47.15482,340.1864
21.4:  47.23189,-46.90818,339.3985
21.41:  47.26739,-46.65361,338.6106
21.43:  47.30679,-46.4096,337.8228
21.45:  47.35022,-46.16943,337.0349
21.46:  47.40457,-45.92972,336.247
21.48:  47.45778,-45.69317,335.4591
21.5:  47.52305,-45.45412,334.6712
21.51:  47.59769,-45.22527,333.8834
21.53:  47.68266,-44.99343,333.0955
21.55:  47.77917,-44.75964,332.3076
21.56:  47.87912,-44.53717,331.5197
21.58:  47.98215,-44.31279,330.7318
21.6:  48.0817,-44.08787,329.9439
21.61:  48.17839,-43.86103,329.1561
21.63:  48.27689,-43.63159,328.3682
21.65:  48.37022,-43.41436,327.5803
21.66:  48.46461,-43.19135,326.7924
21.68:  48.55762,-42.96653,326.0045
21.7:  48.65007,-42.73771,325.2167
21.71:  48.73643,-42.51154,324.4288
21.73:  48.82236,-42.28284,323.6409
21.75:  48.89371,-42.05303,322.853
21.76:  48.89516,-41.82325,322.0652
21.78:  48.8962,-41.59635,321.2773
21.8:  48.89747,-41.35798,320.4894
21.81:  48.89894,-41.12629,319.7015
21.83:  48.90001,-40.89124,318.9136
21.85:  48.90107,-40.65229,318.1258
21.86:  48.90213,-40.41784,317.3379
21.88:  48.9032,-40.17846,316.55
21.9:  48.90428,-39.93942,315.7621
21.91:  48.90622,-39.69444,314.9742
21.93:  48.90838,-39.45142,314.1864
21.95:  48.91166,-39.20396,313.3985
21.96:  48.91462,-38.95589,312.6106
21.98:  48.91753,-38.69957,311.8227
22:  48.91911,-38.44386,311.0349
22.01:  48.91382,-38.19155,310.2469
22.03:  48.89823,-37.94134,309.4591
22.05:  48.87253,-37.69407,308.6712
22.06:  48.83226,-37.44165,307.8833
22.08:  48.78686,-37.19079,307.0955
22.1:  48.73352,-36.94498,306.3076
22.11:  48.66966,-36.69991,305.5197
22.13:  48.59644,-36.46103,304.7382
22.15:  48.52026,-36.22344,304.001
22.16:  48.44123,-35.98615,303.3589
22.18:  48.35993,-35.75013,302.7738
22.2:  48.27708,-35.51595,302.2965
22.21:  48.18612,-35.27456,301.9206
22.23:  48.09525,-35.04055,301.6841
22.25:  47.98719,-34.81567,301.568
22.26:  47.86955,-34.60228,301.528
22.28:  47.73959,-34.38111,301.5197
22.3:  47.59451,-34.17104,301.5197
22.31:  47.44363,-33.96597,301.547
22.33:  47.2819,-33.77144,301.6504
22.35:  47.10728,-33.58195,301.8425
22.36:  46.9266,-33.4054,302.1677
22.38:  46.73854,-33.23238,302.607
22.4:  46.54192,-33.07462,303.1414
22.41:  46.34557,-32.91991,303.7518
22.43:  46.14703,-32.76595,304.4256
22.45:  45.94583,-32.61834,305.1438
22.46:  45.74316,-32.47149,305.9253
22.48:  45.54529,-32.32393,306.7132
22.5:  45.34457,-32.1699,307.5011
22.51:  45.14767,-32.01446,308.2889
22.53:  44.95573,-31.85861,309.0768
22.55:  44.76123,-31.69618,309.8647
22.56:  44.57234,-31.53399,310.6526
22.58:  44.38611,-31.36957,311.4405
22.6:  44.20033,-31.20094,312.2283
22.61:  44.01702,-31.02991,313.0162
22.63:  43.83591,-30.8562,313.8041
22.65:  43.65176,-30.68837,314.592
22.66:  43.46034,-30.52582,315.3799
22.68:  43.26825,-30.36456,316.1678
22.7:  43.06919,-30.20881,316.9556
22.71:  42.87043,-30.055,317.7435
22.73:  42.66915,-29.89476,318.5314
22.75:  42.47036,-29.73511,319.3193
22.76:  42.27479,-29.57394,320.0438
22.78:  42.08043,-29.41015,320.6732
22.8:  41.88744,-29.24467,321.1632
22.81:  41.69607,-29.07869,321.4884
22.83:  41.49848,-28.90688,321.5601
22.85:  41.31401,-28.74342,321.5518
22.86:  41.12266,-28.57429,321.4801
22.88:  40.93467,-28.40621,321.2626
22.9:  40.74736,-28.23464,320.855
22.91:  40.55783,-28.06788,320.2573
22.93:  40.366,-27.9034,319.5264
22.95:  40.17069,-27.74053,318.7386
22.96:  39.97496,-27.58184,317.9507
22.98:  39.77853,-27.427,317.1628
23:  39.57338,-27.27289,316.3749
23.01:  39.36808,-27.12305,315.587
23.03:  39.16145,-26.97655,314.7992
23.05:  38.94249,-26.82884,314.0113
23.06:  38.73307,-26.70062,313.2234
23.08:  38.5155,-26.57699,312.4355
23.1:  38.28962,-26.46153,311.6476
23.11:  38.06255,-26.35271,310.8598
23.13:  37.83675,-26.24901,310.0719
23.15:  37.60959,-26.15173,309.284
23.16:  37.38237,-26.06137,308.4961
23.18:  37.14485,-25.98567,307.7083
23.2:  36.89798,-25.92101,306.9964
23.21:  36.65465,-25.86319,306.4177
23.23:  36.4143,-25.81424,306.0481
23.25:  36.1688,-25.76826,305.9004
23.26:  35.92855,-25.7334,305.854
23.28:  35.68762,-25.70076,305.8203
23.3:  35.44611,-25.66598,305.793
23.31:  35.20371,-25.63552,305.772
23.33:  34.95963,-25.60614,305.751
23.35:  34.71753,-25.57703,305.7427
23.36:  34.47501,-25.55006,305.7344
23.38:  34.23512,-25.52129,305.7261
23.4:  33.99202,-25.49217,305.7178
23.41:  33.74057,-25.46211,305.7031
23.43:  33.50204,-25.43366,305.6884
23.45:  33.26123,-25.40714,305.6738
23.46:  33.02232,-25.37877,305.6591
23.48:  32.78155,-25.35021,305.6508
23.5:  32.53907,-25.32151,305.6362
23.51:  32.29807,-25.29302,305.6278
23.53:  32.05114,-25.26387,305.6195
23.55:  31.8067,-25.23722,305.6112
23.56:  31.56511,-25.21092,305.6029
23.58:  31.32811,-25.18304,305.5946
23.6:  31.08501,-25.15449,305.5862
23.61:  30.84252,-25.12604,305.5779
23.63:  30.60121,-25.09779,305.5633
23.65:  30.35917,-25.06949,305.555
23.66:  30.11655,-25.04116,305.5466
23.68:  29.87675,-25.01322,305.532
23.7:  29.62555,-24.98402,305.5173
23.71:  29.38655,-24.9563,305.5027
23.73:  29.14611,-24.92845,305.4944
23.75:  28.9055,-24.90277,305.4797
23.76:  28.66217,-24.87687,305.465
23.78:  28.4212,-24.85126,305.4567
23.8:  28.1776,-24.82543,305.442
23.81:  27.93387,-24.79962,305.4337
23.83:  27.68888,-24.77371,305.4254
23.85:  27.45055,-24.74643,305.4171
23.86:  27.20087,-24.71909,305.4151
23.88:  26.959,-24.69357,305.4131
23.9:  26.72175,-24.66972,305.4131
23.91:  26.4776,-24.64396,305.4131
23.93:  26.23895,-24.61784,305.4131
23.95:  25.99544,-24.59214,305.4131
23.96:  25.75584,-24.56592,305.4131
23.98:  25.51419,-24.54042,305.4131
24:  25.27279,-24.5128,305.4131
24.01:  25.02038,-24.48616,305.4131
24.03:  24.78028,-24.46083,305.4131
24.05:  24.53931,-24.43326,305.4131
24.06:  24.3031,-24.40952,305.4131
24.08:  24.06054,-24.39399,305.4214
24.1:  23.8208,-24.3819,305.4488
24.11:  23.57598,-24.3749,305.4888
24.13:  23.33232,-24.3698,305.5288
24.15:  23.09141,-24.36925,305.6005
24.16:  22.85022,-24.37367,305.7039
24.18:  22.60838,-24.37951,305.8326
24.2:  22.36927,-24.38753,306.0057
24.21:  22.13304,-24.39809,306.1915
24.23:  21.89077,-24.41151,306.409
24.25:  21.64963,-24.42709,306.6455
24.26:  21.4215,-24.44907,306.9326
24.28:  21.18823,-24.47557,307.2642
24.3:  20.95497,-24.50232,307.6148
24.31:  20.7217,-24.531,307.9907
24.33:  20.48551,-24.56001,308.4173
24.35:  20.25135,-24.58862,308.8756
24.36:  20.01498,-24.62226,309.391
24.38:  19.78261,-24.66014,309.9443
24.4:  19.55098,-24.70435,310.5357
24.41:  19.31927,-24.74952,311.1461
24.43:  19.08722,-24.79206,311.7883
24.45:  18.85502,-24.83533,312.4557
24.46:  18.62437,-24.881,313.1232
24.48:  18.38519,-24.92904,313.797
24.5:  18.15968,-24.97357,314.4771
24.51:  17.92987,-25.02093,315.1573
24.53:  17.69408,-25.07493,315.8374
24.55:  17.45926,-25.13139,316.5175
24.56:  17.23009,-25.18795,317.1977
24.58:  16.99949,-25.24533,317.8841
24.6:  16.76407,-25.30212,318.5706
24.61:  16.52825,-25.35603,319.2571
24.63:  16.29185,-25.40709,319.9435
24.65:  16.05602,-25.45509,320.63
24.66:  15.81666,-25.50204,321.3038
24.68:  15.57967,-25.54583,321.9333
24.7:  15.34068,-25.58972,322.512
24.71:  15.09971,-25.62945,323.04
24.73:  14.85825,-25.66936,323.53
24.75:  14.62151,-25.70647,324.0073
24.76:  14.37923,-25.74022,324.472
24.78:  14.14263,-25.77339,324.9366
24.8:  13.90119,-25.80524,325.4013
24.81:  13.65874,-25.83297,325.8786
24.83:  13.41745,-25.85955,326.3813
24.85:  13.16456,-25.88376,326.9346
24.86:  12.92718,-25.90393,327.545
24.88:  12.68928,-25.92356,328.1998
24.9:  12.44312,-25.93978,328.899
24.91:  12.19988,-25.95164,329.6108
24.93:  11.95736,-25.96031,330.3543
24.95:  11.71367,-25.96578,331.1169
24.96:  11.4713,-25.97006,331.9047
24.98:  11.22961,-25.96884,332.6926
25:  10.98655,-25.96645,333.4805
25.01:  10.74629,-25.96078,334.2684
25.03:  10.50076,-25.9494,335.0562
25.05:  10.2515,-25.93441,335.8441
25.06:  10.00815,-25.91641,336.632
25.08:  9.772439,-25.89572,337.4199
25.1:  9.531355,-25.87121,338.2078
25.11:  9.286196,-25.85177,338.9956
25.13:  9.044888,-25.83597,339.7835
25.15:  8.807207,-25.8293,340.5714
25.16:  8.568139,-25.85034,341.3593
25.18:  8.328345,-25.90713,342.1472
25.2:  8.090397,-25.98018,342.935
25.21:  7.847209,-26.05118,343.7229
25.23:  7.600158,-26.11965,344.5108
25.25:  7.364909,-26.18882,345.2987
25.26:  7.133799,-26.29663,346.0865
25.28:  6.912125,-26.43002,346.8744
25.3:  6.717758,-26.58002,347.6623
25.31:  6.530072,-26.7481,348.4502
25.35:  6.348925,-26.9335,349.2381
25.36:  6.186654,-27.12878,350.0259
25.38:  6.036016,-27.33163,350.8138
25.4:  5.886372,-27.54492,351.6017
25.41:  5.738519,-27.75245,352.3896
25.43:  5.586969,-27.95909,353.1775
25.45:  5.435096,-28.16326,353.9653
25.46:  5.278903,-28.36732,354.7532
25.48:  5.114893,-28.5756,355.5411
25.5:  4.957207,-28.77027,356.329
25.51:  4.792385,-28.96813,357.1169
25.53:  4.625031,-29.1635,357.9047
25.55:  4.455149,-29.35639,358.6926
25.56:  4.28284,-29.54669,359.4805
25.58:  4.108097,-29.73443,0.2683589
25.6:  3.917565,-29.89174,1.056238
25.61:  3.685129,-29.99512,1.844117
25.63:  3.43348,-30.03013,2.631995
25.65:  3.182618,-30.02253,3.419874
25.66:  2.934443,-30.00427,4.207753
25.68:  2.687879,-29.98272,4.995632
25.7:  2.438895,-29.9575,5.783512
25.71:  2.188109,-29.92861,6.571391
25.73:  1.939754,-29.89653,7.35927
25.75:  1.691662,-29.86102,8.14715
25.76:  1.445089,-29.82225,8.935027
25.78:  1.202055,-29.77568,9.722907
25.8:  0.9584987,-29.72554,10.51079
25.81:  0.7102585,-29.67086,11.29867
25.83:  0.4672703,-29.61382,12.08654
25.85:  0.2248288,-29.5559,12.87442
25.86:  -0.01808314,-29.49179,13.6623
25.88:  -0.2588678,-29.42468,14.45018
25.9:  -0.4961936,-29.35501,15.23806
25.91:  -0.7371076,-29.28066,16.02594
25.93:  -0.9725546,-29.20445,16.81382
25.95:  -1.219152,-29.11816,17.6017
25.96:  -1.447094,-29.03486,18.38958
25.98:  -1.676353,-28.93969,19.17746
26:  -1.902694,-28.83142,19.96533
26.01:  -2.121158,-28.69856,20.75321
26.03:  -2.326309,-28.54888,21.54109
26.05:  -2.517654,-28.38899,22.32897
26.06:  -2.699202,-28.21446,23.11685
26.08:  -2.867546,-28.03281,23.90473
26.1:  -3.025287,-27.83969,24.69261
26.11:  -3.173149,-27.63583,25.48049
26.13:  -3.300555,-27.42233,26.26837
26.15:  -3.403984,-27.20426,27.05625
26.16:  -3.492935,-26.97979,27.84413
26.18:  -3.576932,-26.7438,28.63201
26.2:  -3.655778,-26.51226,29.41989
26.21:  -3.732355,-26.27681,30.20777
26.23:  -3.805319,-26.04152,30.99565
26.25:  -3.87524,-25.80457,31.78352
26.26:  -3.940208,-25.56596,32.5714
26.28:  -4.001948,-25.32625,33.35928
26.3:  -4.060121,-25.08753,34.14716
26.31:  -4.115643,-24.84447,34.93504
26.33:  -4.167008,-24.60446,35.72292
26.35:  -4.215718,-24.36138,36.5108
26.36:  -4.25874,-24.12036,37.29868
26.38:  -4.298674,-23.87738,38.08656
26.4:  -4.334861,-23.63654,38.87444
26.41:  -4.370573,-23.38687,39.66232
26.43:  -4.403795,-23.14353,40.45019
26.45:  -4.433786,-22.89879,41.23807
26.46:  -4.463018,-22.64716,42.02595
26.48:  -4.492758,-22.40789,42.81382
26.5:  -4.527152,-22.17698,43.60171
26.51:  -4.560824,-21.94185,44.38958
26.53:  -4.598269,-21.71281,45.17746
26.55:  -4.648522,-21.49823,45.96534
26.56:  -4.706249,-21.29417,46.75322
26.58:  -4.765138,-21.09137,47.5411
26.6:  -4.827805,-20.90077,48.32898
26.61:  -4.892523,-20.70526,49.11686
26.63:  -4.953429,-20.51242,49.90474
26.65:  -5.012929,-20.31461,50.69262
26.66:  -5.069221,-20.11768,51.4805
26.68:  -5.122059,-19.92273,52.26837
26.7:  -5.174778,-19.71705,53.05626
26.71:  -5.222978,-19.52155,53.84413
26.73:  -5.268884,-19.32368,54.63201
26.75:  -5.313387,-19.11913,55.41989
26.76:  -5.354643,-18.91609,56.20777
26.78:  -5.393202,-18.71909,56.99564
26.8:  -5.431044,-18.51575,57.78352
26.81:  -5.466073,-18.31197,58.5714
26.83:  -5.498142,-18.10872,59.35928
26.85:  -5.527462,-17.9047,60.14717
26.86:  -5.552757,-17.70264,60.93504
26.88:  -5.575995,-17.50187,61.72292
26.9:  -5.598885,-17.28641,62.5108
26.91:  -5.625124,-17.0689,63.29868
26.93:  -5.650966,-16.84236,64.08656
26.95:  -5.67258,-16.61152,64.87445
26.96:  -5.688623,-16.37317,65.66232
26.98:  -5.698766,-16.13001,66.4502
27:  -5.707814,-15.8877,67.23808
27.01:  -5.71359,-15.64269,68.02596
27.03:  -5.713696,-15.39873,68.81384
27.05:  -5.710423,-15.15298,69.60172
27.06:  -5.703834,-14.9096,70.3896
27.08:  -5.693555,-14.65791,71.17747
27.1:  -5.680399,-14.41707,71.96535
27.11:  -5.663869,-14.1755,72.75323
27.13:  -5.64634,-13.93476,73.54112
27.15:  -5.622974,-13.69167,74.32899
27.16:  -5.596195,-13.44826,75.11687
27.18:  -5.565911,-13.20394,75.90475
27.2:  -5.53304,-12.96564,76.69263
27.21:  -5.49854,-12.72336,77.48051
27.23:  -5.458914,-12.48476,78.26839
27.25:  -5.415062,-12.24147,79.05627
27.26:  -5.368397,-12.00152,79.84415
27.28:  -5.318988,-11.76487,80.63203
27.3:  -5.265302,-11.52433,81.41991
27.31:  -5.208489,-11.28528,82.20779
27.33:  -5.148695,-11.04822,82.99567
27.35:  -5.088099,-10.81234,83.78355
27.36:  -5.02158,-10.57621,84.57143
27.38:  -4.953575,-10.3459,85.28958
27.4:  -4.881397,-10.10997,85.8493
27.41:  -4.810164,-9.875509,86.27592
27.43:  -4.743728,-9.64171,86.51874
27.45:  -4.678974,-9.406468,86.59044
27.46:  -4.611564,-9.170594,86.6051
27.48:  -4.544773,-8.937017,86.61341
27.5:  -4.480402,-8.703531,86.61341
27.51:  -4.415259,-8.467247,86.61341
27.53:  -4.351384,-8.23556,86.61341
27.55:  -4.285851,-7.997858,86.61341
27.56:  -4.218809,-7.763402,86.61341
27.58:  -4.151428,-7.527762,86.61341
27.6:  -4.087662,-7.29647,86.61341
27.61:  -4.019693,-7.058773,86.61341
27.63:  -3.952824,-6.824924,86.61341
27.65:  -3.888028,-6.589897,86.61341
27.66:  -3.821527,-6.357333,86.61341
27.68:  -3.756287,-6.120694,86.61341
27.7:  -3.692477,-5.889242,86.61341
27.71:  -3.626804,-5.651035,86.61341
27.73:  -3.560518,-5.419224,86.61341
27.75:  -3.495022,-5.181657,86.61341
27.76:  -3.430438,-4.947399,86.61341
27.78:  -3.365318,-4.711194,86.61341
27.8:  -3.303808,-4.479459,86.61341
27.81:  -3.238902,-4.244033,86.61341
27.83:  -3.174155,-4.009215,86.61539
27.85:  -3.111995,-3.775096,86.61737
27.86:  -3.049695,-3.540483,86.61935
27.88:  -2.987523,-3.306695,86.64036
27.9:  -2.925799,-3.074934,86.66135
27.91:  -2.85998,-2.837314,86.68233
27.93:  -2.797361,-2.602988,86.70968
27.95:  -2.731814,-2.367321,86.74334
27.96:  -2.668941,-2.13377,86.81504
27.98:  -2.605492,-1.899555,86.90575
28:  -2.542044,-1.667107,87.01547
28.01:  -2.477124,-1.431254,87.13787
28.03:  -2.412423,-1.198241,87.26662
28.05:  -2.344405,-0.964241,87.40803
28.06:  -2.278482,-0.7313948,87.55579
28.08:  -2.209928,-0.4917139,87.70988
28.1:  -2.145193,-0.2565273,87.86397
28.11:  -2.08848,-0.02150111,88.01172
28.13:  -2.032369,0.2210726,88.1658
28.15:  -1.982754,0.4641955,88.32623
28.16:  -1.940591,0.7085438,88.48032
28.18:  -1.902655,0.9551332,88.64074
28.2:  -1.871263,1.201944,88.80118
28.21:  -1.841042,1.452691,88.98062
28.23:  -1.807902,1.700189,89.17908
28.25:  -1.773502,1.948665,89.43457
28.26:  -1.736821,2.203181,89.75345
28.28:  -1.700306,2.445472,90.12302
28.3:  -1.661513,2.69118,90.52429
28.31:  -1.62063,2.938344,90.94456
28.33:  -1.578572,3.181362,91.37119
28.35:  -1.533494,3.430919,91.79147
28.36:  -1.487355,3.67591,92.21809
28.38:  -1.439758,3.918688,92.64471
28.4:  -1.389504,4.165277,93.07132
28.41:  -1.337136,4.412945,93.4916
28.43:  -1.28668,4.654255,93.91822
28.45:  -1.233074,4.901562,94.33851
28.46:  -1.176293,5.144615,94.70175
28.48:  -1.120737,5.387318,95.00161
28.5:  -1.061851,5.629373,95.2254
28.51:  -1.003844,5.874825,95.40485
28.53:  -0.9461179,6.116425,95.54626
28.55:  -0.8875597,6.359328,95.66233
28.56:  -0.825874,6.602984,95.75938
28.58:  -0.7639205,6.846192,95.84374
28.6:  -0.705063,7.08546,95.92812
28.61:  -0.6420874,7.32967,96.0125
28.63:  -0.5794548,7.571081,96.09686
28.65:  -0.5156602,7.815379,96.18758
28.66:  -0.4543101,8.05848,96.27196
28.68:  -0.3911816,8.297347,96.35633
28.7:  -0.3266397,8.540114,96.4407
28.71:  -0.2639695,8.783902,96.52507
28.73:  -0.198379,9.027719,96.60944
28.75:  -0.135846,9.268036,96.69382
28.76:  -0.06996082,9.509998,96.78452
28.78:  -0.007315412,9.747657,96.87524
28.8:  0.05725454,9.991053,96.96595
28.81:  0.1233646,10.22937,97.05666
28.83:  0.1934243,10.47132,97.14737
28.85:  0.2666509,10.71378,97.25076
28.86:  0.3424259,10.95452,97.36682
28.88:  0.4251093,11.19149,97.48922
28.9:  0.5140597,11.43015,97.61162
28.91:  0.6080864,11.66559,97.73402
28.93:  0.7020316,11.89937,97.85642
28.95:  0.7974231,12.1353,97.97883
28.96:  0.8949074,12.36855,98.10756
28.98:  0.9921495,12.59818,98.2363
29:  1.088424,12.81457,98.36504
29.01:  1.180256,12.99708,98.49378
29.03:  1.240083,13.11589,98.62251
29.05:  1.240083,13.11589,98.75125
29.06:  1.240083,13.11589,98.87999
29.08:  1.221082,12.99596,99.00239
29.1:  1.103493,12.77058,99.11845
29.11:  0.9841264,12.54256,99.19649
29.13:  0.8627456,12.3164,99.26818
29.15:  0.7407043,12.08963,99.33354
29.16:  0.6189824,11.86383,99.37355
29.18:  0.4973811,11.64019,99.40088
29.2:  0.3766913,11.41675,99.42187
29.21:  0.2543496,11.19034,99.43018
29.23:  0.1323082,10.9663,99.44485
29.25:  0.009373806,10.73907,99.4595
29.26:  -0.1115338,10.51572,99.47415
29.28:  -0.2318201,10.2953,99.48881
29.3:  -0.3477655,10.06661,99.49712
29.31:  -0.4610386,9.83812,99.51178
29.33:  -0.5674438,9.604492,99.5201
29.35:  -0.6738263,9.371005,99.52843
29.36:  -0.7771126,9.138722,99.53674
29.38:  -0.8741701,8.901508,99.54507
29.4:  -0.9632747,8.66496,99.54704
29.41:  -1.048784,8.424334,99.55537
29.43:  -1.123598,8.185203,99.55733
29.45:  -1.192357,7.940928,99.56566
29.46:  -1.253455,7.696939,99.57397
29.48:  -1.299712,7.45226,99.58229
29.5:  -1.341249,7.206431,99.5906
29.51:  -1.382972,6.959727,99.59892
29.53:  -1.424835,6.712574,99.61358
29.55:  -1.466699,6.465794,99.62823
29.56:  -1.508491,6.219826,99.64289
29.58:  -1.550305,5.974439,99.67022
29.6:  -1.59227,5.729362,99.71656
29.61:  -1.635284,5.480361,99.80093
29.63:  -1.67836,5.234296,99.92967
29.65:  -1.72168,4.991167,100.1028
29.66:  -1.766977,4.741946,100.3012
29.68:  -1.812867,4.495704,100.5567
29.7:  -1.859594,4.251769,100.8439
29.71:  -1.908092,4.006002,101.1628
29.73:  -1.957513,3.762965,101.4943
29.75:  -2.008737,3.518322,101.8259
29.76:  -2.061954,3.271293,102.1574
29.78:  -2.115699,3.0289,102.5017
29.8:  -2.171199,2.785394,102.8395
29.81:  -2.228623,2.540009,103.1711
29.83:  -2.2863,2.298405,103.4266
29.85:  -2.345532,2.053797,103.6124
29.86:  -2.405057,1.810144,103.7284
29.88:  -2.464602,1.566911,103.7558
29.9:  -2.523139,1.327942,103.7641
29.91:  -2.583034,1.083469,103.7661
29.93:  -2.642773,0.8396329,103.7661
29.95:  -2.702602,0.5954266,103.7661
29.96:  -2.762186,0.3522255,103.7661
29.98:  -2.821303,0.1109272,103.7661
30:  -2.880341,-0.1300492,103.7661
30.01:  -2.940099,-0.3739982,103.7641
30.03:  -2.999435,-0.6162666,103.7621
30.05:  -3.059105,-0.8600472,103.7538
30.06:  -3.118414,-1.102506,103.7455
30.08:  -3.17731,-1.343429,103.7371
30.1:  -3.236493,-1.585792,103.7225
30.11:  -3.296557,-1.832275,103.6952
30.13:  -3.355366,-2.074224,103.6615
30.15:  -3.414324,-2.317766,103.6088
30.16:  -3.472835,-2.560787,103.5371
30.18:  -3.530358,-2.802087,103.4084
30.2:  -3.587532,-3.045056,103.2416
30.21:  -3.644338,-3.290637,103.0241
30.23:  -3.699644,-3.534687,102.7686
30.25:  -3.753393,-3.778143,102.4498
30.26:  -3.805573,-4.021688,102.0929
30.28:  -3.856583,-4.268325,101.6853
30.3:  -3.904572,-4.509673,101.246
30.31:  -3.951936,-4.758554,100.775
30.33:  -3.99775,-5.011024,100.285
30.35:  -4.039824,-5.25522,99.77596
30.36:  -4.079749,-5.500593,99.24161
30.38:  -4.117333,-5.746185,98.7009
30.4:  -4.15238,-5.990588,98.1602
30.41:  -4.185732,-6.239908,97.61951
30.43:  -4.216579,-6.488534,97.07246
30.45:  -4.245068,-6.737112,96.53809
30.46:  -4.271441,-6.98498,96.07345
30.48:  -4.296293,-7.232409,95.73556
30.5:  -4.320171,-7.480723,95.49274
30.51:  -4.343464,-7.73178,95.30063
30.53:  -4.365618,-7.97806,95.1402
30.55:  -4.387701,-8.230208,95.00512
30.56:  -4.409001,-8.479224,94.88905
30.58:  -4.429892,-8.72809,94.79834
30.6:  -4.450377,-8.97652,94.71397
30.61:  -4.470608,-9.22601,94.63593
30.63:  -4.490446,-9.474848,94.55791
30.65:  -4.509981,-9.724543,94.47353
30.66:  -4.529169,-9.974536,94.38915
30.68:  -4.547678,-10.22041,94.30478
30.7:  -4.566139,-10.47022,94.22675
30.71:  -4.584388,-10.72219,94.14237
30.73:  -4.602009,-10.97096,94.05165
30.75:  -4.619332,-11.22074,93.96729
30.76:  -4.636196,-11.47002,93.87023
30.78:  -4.652401,-11.71699,93.75417
30.8:  -4.668211,-11.9665,93.62543
30.81:  -4.683478,-12.21819,93.47134
30.83:  -4.697919,-12.46781,93.31091
30.85:  -4.711735,-12.71933,93.14414
30.86:  -4.724624,-12.96714,92.97738
30.88:  -4.736786,-13.21544,92.80428
30.9:  -4.748577,-13.47201,92.63117
30.91:  -4.759263,-13.72158,92.45173
30.93:  -4.76903,-13.96772,92.27229
30.95:  -4.778229,-14.21945,92.09284
30.96:  -4.786522,-14.46771,91.9134
30.98:  -4.794074,-14.71714,91.73396
31:  -4.800765,-14.96372,91.55452
31.01:  -4.806808,-15.21548,91.37507
31.03:  -4.812027,-15.4655,91.19563
31.05:  -4.816474,-15.71624,91.01619
31.06:  -4.820099,-15.96635,90.83042
31.08:  -4.822897,-16.21255,90.65098
31.1:  -4.824941,-16.46436,90.46519
31.11:  -4.826191,-16.71502,90.28576
31.13:  -4.826656,-16.9656,90.10632
31.15:  -4.82631,-17.21569,89.92054
31.16:  -4.825154,-17.4654,89.73476
31.18:  -4.823211,-17.71568,89.55532
31.2:  -4.820526,-17.96224,89.37589
31.21:  -4.816979,-18.21505,89.19643
31.23:  -4.81269,-18.46504,89.01699
31.25:  -4.807549,-18.71569,88.82487
31.26:  -4.801503,-18.96551,88.61375
31.28:  -4.794495,-19.21288,88.37726
31.3:  -4.786302,-19.46273,88.12177
31.31:  -4.776805,-19.71463,87.84091
31.33:  -4.766027,-19.96496,87.53471
31.35:  -4.753863,-20.21452,87.2095
31.36:  -4.740223,-20.4646,86.87794
31.38:  -4.72529,-20.71158,86.54005
31.4:  -4.708736,-20.96054,86.19582
31.41:  -4.690463,-21.21248,85.8516
31.43:  -4.670881,-21.4617,85.50737
31.45:  -4.649715,-21.71183,85.16315
31.46:  -4.627238,-21.96002,84.82526
31.48:  -4.603457,-22.20614,84.48103
31.5:  -4.577801,-22.45625,84.14314
31.51:  -4.550711,-22.70583,83.80524
31.53:  -4.522391,-22.95387,83.48637
31.55:  -4.4927,-23.20401,83.23087
31.56:  -4.462411,-23.4514,83.01974
31.58:  -4.431496,-23.6984,82.86565
31.6:  -4.400276,-23.94401,82.75594
31.61:  -4.367999,-24.19498,82.67156
31.63:  -4.335763,-24.44361,82.61253
31.65:  -4.303452,-24.69124,82.56618
31.66:  -4.270836,-24.94008,82.53252
31.68:  -4.238313,-25.1875,82.51152
31.7:  -4.206057,-25.43199,82.48419
31.71:  -4.173111,-25.68143,82.47588
31.73:  -4.140495,-25.9283,82.4739
31.75:  -4.107507,-26.17799,82.4739
31.76:  -4.074728,-26.4261,82.4739
31.78:  -4.042294,-26.6716,82.4739
31.8:  -4.009626,-26.91886,82.4739
31.81:  -3.976566,-27.1691,82.4739
31.83:  -3.943947,-27.41669,82.49489
31.85:  -3.911367,-27.66512,82.52856
31.86:  -3.879318,-27.91232,82.61294
31.88:  -3.847736,-28.16051,82.74801
31.9:  -3.817128,-28.40698,82.92111
31.91:  -3.786775,-28.65782,83.10056
31.93:  -3.753077,-28.90285,83.29267
31.95:  -3.716946,-29.15398,83.49747
31.96:  -3.681336,-29.40793,83.70226
31.98:  -3.645541,-29.65214,83.90704
32:  -3.613349,-29.89448,84.11818
32.01:  -3.578792,-30.143,84.32932
32.03:  -3.545135,-30.39155,84.5341
32.05:  -3.512404,-30.63931,84.71988
32.06:  -3.480459,-30.88708,84.89932
32.08:  -3.448963,-31.13556,85.02172
32.1:  -3.418142,-31.38162,85.10609
32.11:  -3.387145,-31.63139,85.17146
32.13:  -3.356602,-31.87825,85.19245
32.15:  -3.324358,-32.13916,85.20077
32.16:  -3.294283,-32.38252,85.20077
32.18:  -3.26396,-32.62789,85.20077
32.2:  -3.233296,-32.87602,85.20077
32.21:  -3.202911,-33.12189,85.20077
32.23:  -3.172181,-33.37056,85.20077
32.25:  -3.141501,-33.61874,85.1988
32.26:  -3.111073,-33.86482,85.19682
32.28:  -3.080234,-34.11393,85.1885
32.3:  -3.052105,-34.36088,85.18652
32.31:  -3.023474,-34.61192,85.17821
32.33:  -2.995199,-34.85952,85.16988
32.35:  -2.965716,-35.11736,85.16157
32.36:  -2.942273,-35.36497,85.15324
32.38:  -2.919001,-35.61039,85.14493
32.4:  -2.898257,-35.8542,85.13661
32.41:  -2.87673,-36.10677,85.12829
32.43:  -2.855489,-36.35555,85.11996
32.45:  -2.834249,-36.6039,85.11165
32.46:  -2.812915,-36.85259,85.09699
32.48:  -2.791517,-37.1016,85.08868
32.5:  -2.770299,-37.34811,85.08035
32.51:  -2.748538,-37.60017,85.0657
32.53:  -2.727202,-37.84689,85.05739
32.55:  -2.704702,-38.10663,85.04906
32.56:  -2.683818,-38.3473,85.04075
32.58:  -2.662235,-38.5953,85.02609
32.6:  -2.640555,-38.84335,85.0051
32.61:  -2.61858,-39.09373,84.9841
32.63:  -2.596583,-39.34299,84.95677
32.65:  -2.574438,-39.59257,84.92944
32.66:  -2.552251,-39.84127,84.9021
32.68:  -2.5299,-40.09048,84.87476
32.7:  -2.507661,-40.33679,84.84109
32.71:  -2.484803,-40.58832,84.80742
32.73:  -2.462078,-40.83707,84.78008
32.75:  -2.439213,-41.08574,84.74641
32.76:  -2.416076,-41.33545,84.70641
32.78:  -2.392898,-41.58372,84.6664
32.8:  -2.369726,-41.83006,84.6264
32.81:  -2.345904,-42.08144,84.58639
32.83:  -2.322128,-42.33047,84.54638
32.85:  -2.298126,-42.57945,84.49369
32.86:  -2.273824,-42.82915,84.44102
32.88:  -2.249595,-43.07545,84.38199
32.9:  -2.224884,-43.32432,84.32931
32.91:  -2.199702,-43.5753,84.27029
32.93:  -2.174509,-43.8238,84.21127
32.95:  -2.144194,-44.07173,84.15224
32.96:  -2.111116,-44.31971,84.08689
32.98:  -2.071692,-44.57482,84.02153
33:  -2.026503,-44.81797,83.95618
33.01:  -1.978751,-45.06006,83.88448
33.03:  -1.929925,-45.30613,83.81911
33.05:  -1.875834,-45.55199,83.74741
33.06:  -1.819045,-45.79718,83.66938
33.08:  -1.759944,-46.04014,83.59135
33.1:  -1.7001,-46.2847,83.51331
33.11:  -1.63453,-46.5306,83.43528
33.13:  -1.564726,-46.77226,83.35091
33.15:  -1.490867,-47.0176,83.25385
33.16:  -1.417399,-47.26016,83.1568
33.18:  -1.343282,-47.50328,83.05341
33.2:  -1.265016,-47.74202,82.9437
33.21:  -1.174604,-47.98513,82.84031
33.23:  -1.081923,-48.22606,82.73058
33.25:  -0.9900972,-48.46333,82.61452
33.26:  -0.8958862,-48.7053,82.49846
33.28:  -0.7918489,-48.9447,82.38239
33.3:  -0.6864539,-49.18013,82.27267
33.31:  -0.5784291,-49.42012,82.15661
33.33:  -0.472526,-49.65414,82.04054
33.35:  -0.3611147,-49.89327,81.92448
33.36:  -0.2449346,-50.13022,81.80842
33.38:  -0.1285902,-50.36623,81.68602
33.4:  -0.01335656,-50.59866,81.55728
33.41:  0.1097631,-50.83501,81.42221
33.43:  0.2420101,-51.06568,81.28713
33.45:  0.3744959,-51.29545,81.14571
33.46:  0.5094631,-51.52177,80.99163
33.48:  0.6605844,-51.745,80.82487
33.5:  0.8116017,-51.95908,80.65176
33.51:  0.962333,-52.17336,80.47866
33.53:  1.113389,-52.38281,80.28654
33.55:  1.271655,-52.59501,80.08809
33.56:  1.440435,-52.79934,79.85794
33.58:  1.611268,-52.99912,79.60879
33.6:  1.785686,-53.19103,79.34061
33.61:  1.969939,-53.37662,79.04709
33.63:  2.153652,-53.55769,78.72822
33.65:  2.340382,-53.73481,78.39033
33.66:  2.527992,-53.91248,78.03342
33.68:  2.717438,-54.08748,77.63215
33.7:  2.913306,-54.25324,77.21822
33.71:  3.118175,-54.4214,76.78526
33.73:  3.322614,-54.58645,76.32061
33.75:  3.528282,-54.74965,75.83696
33.76:  3.732811,-54.90914,75.35329
33.78:  3.94359,-55.07063,74.8633
33.8:  4.153208,-55.22593,74.36062
33.81:  4.368482,-55.3825,73.85794
33.83:  4.583508,-55.53603,73.35527
33.85:  4.7992,-55.68723,72.85893
33.86:  5.017367,-55.83733,72.35626
33.88:  5.234831,-55.98418,71.85992
33.9:  5.4599,-56.13335,71.36359
33.91:  5.674269,-56.27507,70.8736
33.93:  5.893451,-56.41726,70.37726
33.95:  6.124423,-56.56427,69.88092
33.96:  6.337538,-56.69733,69.38459
33.98:  6.558723,-56.83278,68.88826
34:  6.783673,-56.96787,68.39192
34.01:  7.009818,-57.10103,67.89558
34.03:  7.238182,-57.23284,67.39925
34.05:  7.471186,-57.36236,66.89658
34.06:  7.699868,-57.48909,66.40025
34.08:  7.928571,-57.61323,65.89758
34.1:  8.161315,-57.7348,65.40757
34.11:  8.397811,-57.85573,64.91124
34.13:  8.632088,-57.97518,64.42124
34.15:  8.865101,-58.09149,63.93125
34.16:  9.102242,-58.20734,63.44125
34.18:  9.338731,-58.32034,62.94491
34.2:  9.574589,-58.43056,62.45491
34.21:  9.816628,-58.53899,61.95858
34.23:  10.05825,-58.64469,61.45591
34.25:  10.29977,-58.75001,60.96591
34.26:  10.53856,-58.85168,60.46958
34.28:  10.78164,-58.95271,59.97324
34.3:  11.03268,-59.05453,59.48324
34.31:  11.27254,-59.14941,58.98691
34.33:  11.51686,-59.24361,58.49057
34.35:  11.76342,-59.33416,57.99424
34.36:  12.00926,-59.42409,57.4979
34.38:  12.25364,-59.5111,57.00156
34.4:  12.50074,-59.59666,56.50522
34.41:  12.75127,-59.68096,56.00255
34.43:  12.99831,-59.76171,55.50621
34.45:  13.2526,-59.8424,55.00988
34.46:  13.50038,-59.91866,54.51354
34.48:  13.75118,-59.99553,54.0172
34.5:  13.99887,-60.0691,53.52087
34.51:  14.25234,-60.14198,53.0182
34.53:  14.49922,-60.21468,52.51552
34.55:  14.73989,-60.29084,52.01285
34.56:  14.98488,-60.37173,51.50383
34.58:  15.22327,-60.45599,51.00116
34.6:  15.46182,-60.54284,50.49849
34.61:  15.70457,-60.6324,49.99582
34.63:  15.94108,-60.72174,49.48046
34.65:  16.18252,-60.81768,48.97145
34.66:  16.41752,-60.90973,48.44976
34.68:  16.65146,-61.00233,47.9154
34.7:  16.88533,-61.10061,47.3747
34.71:  17.11884,-61.19854,46.82766
34.73:  17.35335,-61.29424,46.27428
34.75:  17.58429,-61.3907,45.72091
34.76:  17.81795,-61.48666,45.16119
34.78:  18.05264,-61.5838,44.59514
34.8:  18.28506,-61.68309,44.01007
34.81:  18.51766,-61.78463,43.425
34.83:  18.75241,-61.88515,42.8336
34.85:  18.99257,-61.98763,42.2422
34.86:  19.21876,-62.083,41.65079
34.88:  19.45279,-62.17964,41.04671
34.9:  19.68241,-62.27655,40.43629
34.91:  19.9278,-62.37785,39.81954
34.93:  20.16055,-62.47677,39.19645
34.95:  20.38731,-62.5727,38.57336
34.96:  20.62567,-62.6679,37.94392
34.98:  20.86409,-62.76007,37.30816
35:  21.09992,-62.84821,36.66605
35.01:  21.34124,-62.93781,36.01126
35.03:  21.58126,-63.02379,35.35014
35.05:  21.82254,-63.10709,34.68902
35.06:  22.06362,-63.18719,34.02156
35.08:  22.30597,-63.26459,33.35411
35.1:  22.54727,-63.33854,32.68031
35.11:  22.79322,-63.41076,32.00651
35.13:  23.03667,-63.47915,31.33272
35.15:  23.28219,-63.54498,30.65258
35.16:  23.53121,-63.60859,29.97245
35.18:  23.77788,-63.6685,29.29231
35.2:  24.0233,-63.72743,28.61218
35.21:  24.28202,-63.78379,27.93204
35.23:  24.52732,-63.83657,27.25191
35.25:  24.77382,-63.88655,26.57178
35.26:  25.02082,-63.93356,25.8853
35.28:  25.27333,-63.97917,25.20517
35.3:  25.52124,-64.02028,24.52503
35.31:  25.77259,-64.06131,23.8449
35.33:  26.02553,-64.10014,23.16476
35.35:  26.27756,-64.13818,22.48463
35.36:  26.52915,-64.1755,21.8045
35.38:  26.77983,-64.21204,21.12436
35.4:  27.02912,-64.24538,20.44422
35.41:  27.28425,-64.27638,19.75775
35.43:  27.53613,-64.30634,19.07128
35.45:  27.78803,-64.33327,18.39114
35.46:  28.03954,-64.35715,17.71101
35.48:  28.29534,-64.38129,17.02454
35.5:  28.54449,-64.40418,16.3444
35.51:  28.80056,-64.42709,15.66427
35.53:  29.05407,-64.44675,14.98413
35.55:  29.30882,-64.46588,14.304
35.56:  29.5618,-64.4819,13.6302
35.58:  29.81105,-64.49474,12.95641
35.6:  30.06625,-64.50488,12.28261
35.61:  30.32159,-64.51201,11.60881
35.63:  30.57492,-64.51608,10.92868
35.65:  30.82942,-64.51717,10.25488
35.66:  31.08333,-64.51528,9.581084
35.68:  31.33665,-64.51283,8.907288
35.7:  31.587,-64.51225,8.233491
35.71:  31.84233,-64.50863,7.553356
35.73:  32.0956,-64.50203,6.873221
35.75:  32.34818,-64.49248,6.199424
35.76:  32.59925,-64.47999,5.519289
35.78:  32.85283,-64.46436,4.839155
35.8:  33.10168,-64.44606,4.15902
35.81:  33.35598,-64.4268,3.485223
35.83:  33.60733,-64.40968,2.811426
35.85:  33.85759,-64.39697,2.13763
35.86:  34.10807,-64.38373,1.457495
35.88:  34.35841,-64.36999,0.783698
35.9:  34.60606,-64.3583,0.1035633
35.91:  34.85823,-64.35084,359.4298
35.93:  35.10803,-64.34052,358.756
35.95:  35.35802,-64.33215,358.0822
35.96:  35.60906,-64.32078,357.4084
35.98:  35.85771,-64.30659,356.7346
36:  36.10406,-64.28966,356.0671
36.01:  36.35699,-64.2693,355.3997
36.03:  36.60199,-64.24672,354.7322
36.05:  36.86134,-64.21976,354.0648
36.06:  37.1059,-64.19144,353.3973
36.08:  37.35321,-64.1599,352.7298
36.1:  37.59566,-64.12609,352.0624
36.11:  37.84414,-64.08852,351.4012
36.13:  38.0912,-64.04821,350.7338
36.15:  38.33749,-64.00507,350.0663
36.16:  38.58395,-63.95897,349.4052
36.18:  38.83509,-63.90905,348.7568
36.2:  39.07006,-63.85968,348.1337
36.21:  39.31771,-63.805,347.5486
36.23:  39.56043,-63.74916,347.0459
36.25:  39.8035,-63.69114,346.575
36.26:  40.04871,-63.63074,346.161
36.28:  40.28656,-63.57051,345.7914
36.3:  40.52804,-63.50785,345.4535
36.31:  40.77985,-63.44105,345.141
36.33:  41.01881,-63.37639,344.8601
36.35:  41.25776,-63.31057,344.5983
36.36:  41.49767,-63.24332,344.3428
36.38:  41.73668,-63.17519,344.0873
36.4:  41.97639,-63.10571,343.8382
36.41:  42.21557,-63.03527,343.589
36.43:  42.45601,-62.96332,343.3398
36.45:  42.69571,-62.89045,343.0907
36.46:  42.93434,-62.81677,342.8415
36.48:  43.17239,-62.74213,342.5924
36.5:  43.40764,-62.66725,342.3432
36.51:  43.64787,-62.5896,342.0877
36.53:  43.88261,-62.51254,341.8259
36.55:  44.12292,-62.43243,341.5641
36.56:  44.36049,-62.35203,341.3022
36.58:  44.59617,-62.27106,341.0404
36.6:  44.83092,-62.18922,340.7786
36.61:  45.06795,-62.10536,340.5167
36.63:  45.30332,-62.02087,340.2549
36.65:  45.53831,-61.93531,339.993
36.66:  45.7737,-61.84842,339.7375
36.68:  46.00692,-61.76114,339.4821
36.7:  46.23783,-61.67352,339.2202
36.71:  46.47463,-61.58245,338.9647
36.73:  46.70715,-61.49181,338.7029
36.75:  46.93961,-61.39996,338.441
36.76:  47.17106,-61.30732,338.1855
36.78:  47.40111,-61.21407,337.9364
36.8:  47.63162,-61.11963,337.7189
36.81:  47.86507,-61.02309,337.5331
36.83:  48.09646,-60.92664,337.3727
36.85:  48.32716,-60.82975,337.2186
36.86:  48.55699,-60.73259,337.0836
36.88:  48.78749,-60.63456,336.9612
36.9:  49.01497,-60.5373,336.8514
36.91:  49.2454,-60.44102,336.7607
36.93:  49.48572,-60.34019,336.6763
36.95:  49.71075,-60.24796,336.592
36.96:  49.94264,-60.15518,336.5076
36.98:  50.17512,-60.06176,336.4232
37:  50.40368,-59.96955,336.3452
37.01:  50.63854,-59.87447,336.2735
37.03:  50.86973,-59.78049,336.1955
37.05:  51.10115,-59.6861,336.1237
37.06:  51.33252,-59.59138,336.0521
37.08:  51.56394,-59.49633,335.9867
37.1:  51.79255,-59.40213,335.9214
37.11:  52.02611,-59.30561,335.8623
37.13:  52.25742,-59.2098,335.816
37.15:  52.48859,-59.11383,335.7696
37.16:  52.72386,-59.01594,335.7233
37.18:  52.95065,-58.92135,335.6769
37.2:  53.18044,-58.8253,335.6306
37.21:  53.41144,-58.72853,335.5843
37.23:  53.64027,-58.63244,335.5379
37.25:  53.87291,-58.53453,335.4915
37.26:  54.10514,-58.43655,335.4389
37.28:  54.33108,-58.341,335.3925
37.3:  54.56089,-58.2436,335.3462
37.31:  54.79438,-58.14439,335.2935
37.33:  55.02377,-58.04667,335.2408
37.35:  55.25483,-57.94798,335.1881
37.36:  55.48441,-57.84967,335.1354
37.38:  55.71387,-57.75117,335.0828
37.4:  55.94178,-57.65312,335.0364
37.41:  56.17397,-57.55301,334.9901
37.43:  56.40258,-57.45424,334.9501
37.45:  56.63264,-57.35466,334.9101
37.46:  56.86162,-57.25536,334.8701
37.48:  57.08924,-57.15648,334.8364
37.5:  57.31783,-57.05703,334.8027
37.51:  57.55009,-56.95581,334.769
37.53:  57.77773,-56.85646,334.7354
37.55:  58.00896,-56.75534,334.6954
37.56:  58.23755,-56.65522,334.6617
37.58:  58.46625,-56.55489,334.628
37.6:  58.69426,-56.4547,334.5944
37.61:  58.9248,-56.35326,334.567
37.63:  59.15364,-56.25245,334.5397
37.65:  59.38227,-56.1516,334.5124
37.66:  59.6102,-56.0509,334.4787
37.68:  59.84006,-55.94921,334.4514
37.7:  60.06573,-55.84924,334.424
37.71:  60.29645,-55.74691,334.3967
37.73:  60.5261,-55.64493,334.3694
37.75:  60.75367,-55.5437,334.3357
37.76:  60.9833,-55.44143,334.3083
37.78:  61.21082,-55.33997,334.281
37.8:  61.43678,-55.23904,334.2473
37.81:  61.66744,-55.13586,334.2137
37.83:  61.89486,-55.03396,334.18
37.85:  62.1325,-54.92735,334.1527
37.86:  62.35334,-54.82812,334.119
37.88:  62.58144,-54.72549,334.0917
37.9:  62.80607,-54.62427,334.058
37.91:  63.04244,-54.51759,334.0244
37.93:  63.2653,-54.41687,333.997
37.95:  63.49318,-54.31374,333.9633
37.96:  63.7247,-54.20878,333.9297
37.98:  63.94764,-54.10759,333.9023
38:  64.17267,-54.00532,333.875
38.01:  64.40279,-53.90061,333.8477
38.03:  64.63092,-53.79667,333.8203
38.05:  64.85881,-53.69267,333.7867
38.06:  65.08687,-53.58847,333.7593
38.08:  65.31312,-53.48494,333.7257
38.1:  65.53829,-53.38173,333.692
38.11:  65.76711,-53.27673,333.6647
38.13:  65.9944,-53.23343,333.631
38.15:  66.22225,-53.23343,333.5973
38.16:  66.44891,-53.23343,333.5637
38.18:  66.68401,-53.23343,333.5363
38.2:  66.90681,-53.23343,333.5027
38.21:  67.13143,-53.23343,333.469
38.23:  67.35849,-53.23343,333.4417
38.25:  67.5827,-53.23343,333.4143
38.26:  67.81123,-53.23343,333.3806
38.28:  68.03712,-53.23343,333.347
38.3:  68.26151,-53.23343,333.307
38.31:  68.49054,-53.23343,333.2733
38.33:  68.71803,-53.23343,333.227
38.35:  68.94354,-53.23343,333.1806
38.36:  69.17083,-53.23343,333.1279
38.38:  69.39632,-53.23343,333.0816
38.4:  69.61929,-53.23343,333.0352
38.41:  69.84768,-53.23343,332.9889
38.43:  70.07475,-53.23343,332.9362
38.45:  70.29826,-53.23343,332.8835
38.46:  70.52679,-53.23343,332.8245
38.48:  70.75221,-53.23343,332.7655
38.5:  70.97475,-53.23343,332.7065
38.51:  71.20259,-53.23343,332.6474
38.53:  71.4278,-53.23343,332.5821
38.55:  71.65665,-53.22626,332.5167
38.56:  71.89073,-53.18432,332.4514
38.58:  72.12657,-53.12017,332.3797
38.6:  72.35587,-53.03046,332.308
38.61:  72.58198,-52.91976,332.2299
38.63:  72.80779,-52.80879,332.1456
38.65:  73.02856,-52.69991,332.0612
38.66:  73.25487,-52.58787,331.9768
38.68:  73.47959,-52.47617,331.8861
38.7:  73.69967,-52.36361,331.7891
38.71:  73.93269,-52.24677,331.6857
38.73:  74.15189,-52.13634,331.5759
38.75:  74.37354,-52.02407,331.4536
38.76:  74.5961,-51.91075,331.3311
38.78:  74.8188,-51.79654,331.1644
38.8:  75.03818,-51.6831,330.9723
38.81:  75.2598,-51.56462,330.7484
38.83:  75.4774,-51.44141,330.4803
38.85:  75.69482,-51.3167,330.1614
38.86:  75.91109,-51.19085,329.8045
38.88:  76.1229,-51.06564,329.4096
38.9:  76.33738,-50.93671,328.9893
38.91:  76.5606,-50.80009,328.531
38.93:  76.76575,-50.67216,328.0536
38.95:  76.97693,-50.53792,327.5573
38.96:  77.18827,-50.40093,327.0483
38.98:  77.39378,-50.26511,326.5393
39:  77.5997,-50.12637,326.0303
39.01:  77.80842,-49.98304,325.5213
39.03:  78.01349,-49.83954,325.0186
39.05:  78.217,-49.69471,324.5603
39.06:  78.4203,-49.54802,324.1907
39.08:  78.62205,-49.40161,324.0303
39.1:  78.82151,-49.25661,323.9839
39.11:  79.02652,-49.10735,323.9439
39.13:  79.22768,-48.96075,323.9166
39.15:  79.42997,-48.81318,323.8893
39.16:  79.63226,-48.6655,323.8683
39.18:  79.83206,-48.51952,323.8473
39.2:  80.034,-48.37187,323.8263
39.21:  80.23795,-48.22263,323.8053
39.23:  80.43917,-48.07527,323.7843
39.25:  80.64167,-47.92683,323.757
39.26:  80.84216,-47.77967,323.7233
39.28:  81.04468,-47.63089,323.696
39.3:  81.2433,-47.48479,323.6623
39.31:  81.44641,-47.33516,323.6223
39.33:  81.645,-47.18866,323.5823
39.35:  81.84961,-47.03749,323.5423
39.36:  82.05017,-46.8891,323.5023
39.38:  82.25048,-46.74063,323.4559
39.4:  82.44901,-46.59321,323.4032
39.41:  82.65257,-46.44172,323.3442
39.43:  82.85287,-46.29224,323.2662
39.45:  83.05302,-46.14234,323.1691
39.46:  83.25263,-45.99218,323.0467
39.48:  83.45128,-45.84194,322.899
39.5:  83.64867,-45.69157,322.7005
39.51:  83.84798,-45.53851,322.4767
39.53:  84.04609,-45.38495,322.2212
39.55:  84.24284,-45.23083,321.9277
39.56:  84.44466,-45.07089,321.6025
39.58:  84.63808,-44.91556,321.2329
39.6:  84.83087,-44.75853,320.838
39.61:  85.02108,-44.60135,320.4304
39.63:  85.21209,-44.4412,320.0228
39.65:  85.40242,-44.27927,319.6088
39.66:  85.59168,-44.11583,319.1885
39.68:  85.77897,-43.95169,318.7682
39.7:  85.96379,-43.7873,318.348
39.71:  86.15173,-43.61765,317.9277
39.73:  86.33646,-43.44843,317.5074
39.75:  86.51797,-43.27974,317.0998
39.76:  86.70114,-43.10736,316.7365
39.78:  86.88273,-42.935,316.4937
39.8:  87.06123,-42.76466,316.3397
39.81:  87.24478,-42.58897,316.2553
39.83:  87.42428,-42.4169,316.2089
39.85:  87.60572,-42.24275,316.1753
39.86:  87.78587,-42.06964,316.1416
39.88:  87.95376,-41.88441,316.1143
39.9:  88.12198,-41.69124,316.0933
39.91:  88.28188,-41.50011,316.0723
39.93:  88.4385,-41.3052,316.0449
39.95:  88.59261,-41.10544,316.0176
39.96:  88.7381,-40.89692,315.9966
39.98:  88.87067,-40.67752,315.9693
40:  88.88176,-40.45137,315.9483
40.01:  88.8828,-40.22453,315.9273
40.03:  88.88348,-39.99948,315.9
40.05:  88.88415,-39.76858,315.8726
40.06:  88.88609,-39.5336,315.8516
40.08:  88.88802,-39.29475,315.8243
40.1:  88.88857,-39.06052,315.797
40.11:  88.8886,-38.82164,315.7696
40.13:  88.88863,-38.58667,315.7423
40.15:  88.88868,-38.3504,315.7086
40.16:  88.88873,-38.11273,315.6686
40.18:  88.88879,-37.87769,315.6159
40.2:  88.88889,-37.64285,315.5443
40.21:  88.88904,-37.39799,315.4218
40.23:  88.88929,-37.16807,315.2297
40.25:  88.88964,-36.92979,314.9552
40.26:  88.89011,-36.6922,314.592
40.28:  88.89069,-36.45478,314.1337
40.3:  88.89112,-36.21422,313.6057
40.31:  88.8919,-35.9691,313.0079
40.33:  88.89298,-35.72745,312.3721
40.35:  88.89387,-35.48337,311.6983
40.36:  88.89478,-35.24054,311.0055
40.38:  88.89573,-34.99423,310.2874
40.4:  88.89671,-34.75211,309.5502
40.41:  88.8977,-34.50155,308.8067
40.43:  88.8987,-34.24709,308.0568
40.45:  88.8997,-34.00327,307.3069
40.46:  88.90072,-33.753,306.5508
40.48:  88.90174,-33.50406,305.7946
40.5:  88.90277,-33.25551,305.0384
40.51:  88.90277,-33.00374,304.2822
40.53:  88.90277,-32.75723,303.526
40.55:  88.90277,-32.51287,302.7888
40.56:  88.90277,-32.26968,302.0517
40.58:  88.90277,-32.02626,301.3271
40.6:  88.90277,-31.78623,300.6027
40.61:  88.90277,-31.54221,299.8782
40.63:  88.90277,-31.30154,299.1537
40.65:  88.90277,-31.06117,298.4292
40.66:  88.90277,-30.82301,297.7047
40.68:  88.90277,-30.58802,296.9802
40.7:  88.90277,-30.35483,296.2557
40.71:  88.90277,-30.11806,295.5312
40.73:  88.90277,-29.8856,294.8193
40.75:  88.90277,-29.64615,294.1265
40.76:  88.90277,-29.41192,293.4401
40.78:  88.90277,-29.1757,292.7789
40.8:  88.90277,-28.94672,292.1495
40.81:  88.90277,-28.71124,291.5645
40.83:  88.90277,-28.47796,291.0554
40.85:  88.90277,-28.24382,290.6098
40.86:  88.90277,-28.00848,290.2466
40.88:  88.90277,-27.77304,290.0101
40.9:  88.90277,-27.54105,289.856
40.91:  88.90277,-27.30306,289.7399
40.93:  88.90277,-27.06784,289.6492
40.95:  88.90277,-26.83276,289.5712
40.96:  88.90277,-26.59687,289.5185
40.98:  88.90277,-26.35606,289.4911
41:  88.90277,-26.12899,289.4702
41.01:  88.90277,-25.88939,289.4682
41.03:  88.90277,-25.65467,289.4682
41.05:  88.90277,-25.41885,289.4682
41.06:  88.90277,-25.18328,289.5082
41.08:  88.90277,-24.94739,289.6116
41.1:  88.90277,-24.71485,289.7847
41.11:  88.90277,-24.47761,289.9831
41.13:  88.90277,-24.2439,290.2323
41.15:  88.90277,-24.00177,290.5385
41.16:  88.90277,-23.77045,290.889
41.18:  88.90277,-23.53961,291.2903
41.2:  88.90277,-23.31102,291.7233
41.21:  88.90277,-23.07918,292.1626
41.23:  88.90277,-22.84785,292.6082
41.25:  88.90277,-22.61808,293.0538
41.26:  88.90277,-22.38769,293.4931
41.28:  88.90277,-22.16134,293.9324
41.3:  88.90277,-21.93377,294.3083
41.31:  88.90277,-21.70482,294.5575
41.33:  88.90277,-21.47734,294.6989
41.35:  88.90277,-21.24941,294.7389
41.36:  88.90277,-21.02164,294.7536
41.38:  88.90277,-20.78554,294.7556
41.4:  88.90277,-20.55861,294.7556
41.41:  88.90277,-20.32789,294.7556
41.43:  88.90277,-20.0924,294.7556
41.45:  88.90277,-19.85141,294.7556
41.46:  88.90277,-19.60638,294.7556
41.48:  88.90743,-19.35237,294.7556
41.5:  88.91146,-19.09981,294.7556
41.51:  88.9136,-18.8387,294.7556
41.53:  88.91528,-18.57937,294.7556
41.55:  88.91528,-18.32191,294.7556
41.56:  88.91528,-18.06276,294.7556
41.58:  88.91528,-17.80522,294.7556
41.6:  88.91528,-17.54935,294.7556
41.61:  88.91528,-17.28779,294.7556
41.63:  88.91528,-17.02928,294.7556
41.65:  88.91528,-16.77015,294.7556
41.66:  88.91528,-16.51159,294.7556
41.68:  88.91528,-16.25494,294.7556
41.7:  88.91528,-15.99846,294.7556
41.71:  88.91528,-15.73728,294.7556
41.73:  88.91528,-15.48034,294.7556
41.75:  88.91528,-15.2213,294.7556
41.76:  88.91528,-14.96274,294.7556
41.78:  88.91528,-14.70562,294.7556
