ParticipantNo: 12012
Controller type: Gamepad
Training Level:
0.02:  82.7,18.5,270
0.04:  82.7,18.5,270
0.06:  82.7,18.5,269.9473
0.08:  82.7,18.5,269.8946
0.09:  82.7,18.5,269.8356
0.11:  82.7,18.5,269.7829
0.13:  82.7,18.5,269.7239
0.14:  82.7,18.5,269.6649
0.16:  82.7,18.5,269.6122
0.17:  82.7,18.5,269.5595
0.19:  82.7,18.5,269.5068
0.21:  82.7,18.5,269.4542
0.23:  82.7,18.5,269.3951
0.24:  82.7,18.5,269.3424
0.26:  82.7,18.5,269.2898
0.28:  82.7,18.5,269.2371
0.29:  82.7,18.5,269.178
0.31:  82.7,18.5,269.119
0.33:  82.7,18.5,269.06
0.34:  82.7,18.5,269.0073
0.36:  82.7,18.5,268.9483
0.38:  82.7,18.5,268.8893
0.39:  82.7,18.5,268.8303
0.41:  82.7,18.5,268.7776
0.43:  82.7,18.5,268.7249
0.44:  82.7,18.5,268.6722
0.46:  82.7,18.5,268.6195
0.48:  82.7,18.5,268.5668
0.49:  82.7,18.5,268.5142
0.51:  82.7,18.5,268.4615
0.53:  82.7,18.5,268.4088
0.54:  82.7,18.5,268.3498
0.56:  82.7,18.5,268.2971
0.58:  82.7,18.5,268.2444
0.59:  82.7,18.5,268.1917
0.61:  82.7,18.5,268.1327
0.63:  82.7,18.5,268.0737
0.64:  82.7,18.5,268.021
0.66:  82.7,18.5,267.962
0.68:  82.7,18.5,267.903
0.69:  82.7,18.5,267.8439
0.71:  82.7,18.5,267.7913
0.73:  82.7,18.5,267.7386
0.74:  82.7,18.5,267.6859
0.76:  82.7,18.5,267.6332
0.77:  82.7,18.5,267.5805
0.79:  82.7,18.5,267.5278
0.81:  82.7,18.5,267.4752
0.83:  82.7,18.5,267.4161
0.84:  82.7,18.5,267.3571
0.86:  82.7,18.5,267.3044
0.88:  82.7,18.5,267.2517
0.89:  82.7,18.5,267.1991
0.91:  82.7,18.5,267.14
0.93:  82.7,18.5,267.081
0.94:  82.7,18.5,267.0283
0.96:  82.7,18.5,266.9756
0.98:  82.7,18.5,266.923
0.99:  82.7,18.5,266.864
1.01:  82.7,18.5,266.8113
1.03:  82.7,18.5,266.7586
1.04:  82.7,18.5,266.7059
1.06:  82.7,18.5,266.6532
1.08:  82.7,18.5,266.6005
1.09:  82.7,18.5,266.5479
1.11:  82.7,18.5,266.4888
1.13:  82.7,18.5,266.4362
1.14:  82.7,18.5,266.3835
1.16:  82.7,18.5,266.3244
1.18:  82.7,18.5,266.2654
1.19:  82.7,18.5,266.2064
1.21:  82.7,18.5,266.1537
1.23:  82.7,18.5,266.101
1.24:  82.7,18.5,266.0483
1.26:  82.7,18.5,265.9893
1.27:  82.7,18.5,265.9366
1.29:  82.7,18.5,265.8839
1.31:  82.7,18.5,265.8313
1.33:  82.7,18.5,265.7786
1.34:  82.7,18.5,265.7259
1.36:  82.7,18.5,265.6669
1.37:  82.7,18.5,265.6078
1.39:  82.7,18.5,265.5552
1.41:  82.7,18.5,265.4962
1.43:  82.7,18.5,265.4435
1.44:  82.7,18.5,265.3908
1.46:  82.7,18.5,265.3318
1.48:  82.7,18.5,265.2791
1.49:  82.7,18.5,265.2201
1.51:  82.7,18.5,265.1674
1.53:  82.7,18.5,265.1147
1.54:  82.7,18.5,265.062
1.56:  82.7,18.5,265.0093
1.58:  82.7,18.5,264.9566
1.59:  82.7,18.5,264.904
1.61:  82.7,18.5,264.8513
1.63:  82.7,18.5,264.7986
1.64:  82.7,18.5,264.7459
1.66:  82.7,18.5,264.6932
1.68:  82.7,18.5,264.6342
1.69:  82.7,18.5,264.5752
1.71:  82.7,18.5,264.5225
1.73:  82.7,18.5,264.4635
1.74:  82.7,18.5,264.4108
1.76:  82.7,18.5,264.3581
1.78:  82.7,18.5,264.3054
1.79:  82.7,18.5,264.2527
1.81:  82.7,18.5,264.2
1.83:  82.7,18.5,264.1474
1.84:  82.7,18.5,264.0947
1.86:  82.7,18.5,264.042
1.88:  82.7,18.5,263.9893
1.89:  82.7,18.5,263.9366
1.91:  82.7,18.5,263.8776
1.93:  82.7,18.5,263.8249
1.94:  82.7,18.5,263.7722
1.96:  82.7,18.5,263.7132
1.98:  82.7,18.5,263.6542
1.99:  82.7,18.5,263.6015
2.01:  82.7,18.5,263.5488
2.03:  82.7,18.5,263.4898
2.04:  82.7,18.5,263.4308
2.06:  82.7,18.5,263.3781
2.08:  82.7,18.5,263.3254
2.09:  82.7,18.5,263.2664
2.11:  82.7,18.5,263.2137
2.13:  82.7,18.5,263.161
2.14:  82.7,18.5,263.1083
2.16:  82.7,18.5,263.0557
2.18:  82.7,18.5,263.003
2.19:  82.7,18.5,262.944
2.21:  82.7,18.5,262.8849
2.23:  82.7,18.5,262.8259
2.24:  82.7,18.5,262.7669
2.26:  82.7,18.5,262.7142
2.28:  82.7,18.5,262.6552
2.29:  82.7,18.5,262.5962
2.31:  82.7,18.5,262.5372
2.33:  82.7,18.5,262.4845
2.34:  82.7,18.5,262.4318
2.36:  82.7,18.5,262.3791
2.38:  82.7,18.5,262.3264
2.39:  82.7,18.5,262.2737
2.41:  82.7,18.5,262.221
2.43:  82.7,18.5,262.1684
2.44:  82.7,18.5,262.1157
2.46:  82.7,18.5,262.063
2.48:  82.7,18.5,262.004
2.49:  82.7,18.5,261.9513
2.51:  82.7,18.5,261.8986
2.53:  82.7,18.5,261.8396
2.54:  82.7,18.5,261.7806
2.56:  82.7,18.5,261.7216
2.57:  82.7,18.5,261.6625
2.59:  82.7,18.5,261.6035
2.61:  82.7,18.5,261.5508
2.63:  82.7,18.5,261.4981
2.64:  82.7,18.5,261.4454
2.66:  82.7,18.5,261.3864
2.68:  82.7,18.5,261.3337
2.69:  82.7,18.5,261.2811
2.71:  82.7,18.5,261.2284
2.73:  82.7,18.5,261.1757
2.74:  82.7,18.5,261.1167
2.76:  82.7,18.5,261.064
2.78:  82.7,18.5,261.0113
2.79:  82.7,18.5,260.9523
2.81:  82.7,18.5,260.8932
2.83:  82.7,18.5,260.8406
2.84:  82.7,18.5,260.7879
2.86:  82.7,18.5,260.7352
2.88:  82.7,18.5,260.6762
2.89:  82.7,18.5,260.6172
2.91:  82.7,18.5,260.5645
2.93:  82.7,18.5,260.5118
2.94:  82.7,18.5,260.4591
2.96:  82.7,18.5,260.4064
2.98:  82.7,18.5,260.3538
2.99:  82.7,18.5,260.3011
3.01:  82.7,18.5,260.242
3.03:  82.7,18.5,260.183
3.04:  82.7,18.5,260.124
3.06:  82.7,18.5,260.0713
3.08:  82.7,18.5,260.0123
3.09:  82.7,18.5,259.9533
3.11:  82.7,18.5,259.8943
3.13:  82.7,18.5,259.8416
3.14:  82.7,18.5,259.7889
3.16:  82.7,18.5,259.7362
3.18:  82.7,18.5,259.6835
3.19:  82.7,18.5,259.6308
3.21:  82.7,18.5,259.5782
3.23:  82.7,18.5,259.5255
3.24:  82.7,18.5,259.4728
3.26:  82.7,18.5,259.4201
3.28:  82.7,18.5,259.3611
3.29:  82.7,18.5,259.3084
3.31:  82.7,18.5,259.2494
3.33:  82.7,18.5,259.1904
3.34:  82.7,18.5,259.1313
3.36:  82.7,18.5,259.0723
3.38:  82.7,18.5,259.0196
3.39:  82.7,18.5,258.9669
3.41:  82.7,18.5,258.9142
3.43:  82.7,18.5,258.8616
3.44:  82.7,18.5,258.8089
3.46:  82.7,18.5,258.7562
3.48:  82.7,18.5,258.7035
3.49:  82.7,18.5,258.6508
3.51:  82.7,18.5,258.5981
3.53:  82.7,18.5,258.5455
3.54:  82.7,18.5,258.4865
3.56:  82.7,18.5,258.4338
3.58:  82.7,18.5,258.3811
3.59:  82.7,18.5,258.3284
3.61:  82.7,18.5,258.2694
3.63:  82.7,18.5,258.2167
3.64:  82.7,18.5,258.164
3.66:  82.7,18.5,258.1113
3.68:  82.7,18.5,258.0523
3.69:  82.7,18.5,257.9933
3.71:  82.7,18.5,257.9406
3.73:  82.7,18.5,257.8879
3.74:  82.7,18.5,257.8352
3.76:  82.7,18.5,257.7825
3.78:  82.7,18.5,257.7299
3.79:  82.7,18.5,257.6708
3.81:  82.7,18.5,257.6182
3.82:  82.7,18.5,257.5591
3.84:  82.7,18.5,257.5001
3.86:  82.7,18.5,257.4474
3.88:  82.7,18.5,257.3947
3.89:  82.7,18.5,257.3421
3.91:  82.7,18.5,257.2894
3.93:  82.7,18.5,257.2367
3.94:  82.7,18.5,257.184
3.96:  82.7,18.5,257.1313
3.98:  82.7,18.5,257.0786
3.99:  82.7,18.5,257.026
4.01:  82.7,18.5,256.9733
4.03:  82.7,18.5,256.9142
4.04:  82.7,18.5,256.8552
4.06:  82.7,18.5,256.7962
4.08:  82.7,18.5,256.7372
4.09:  82.7,18.5,256.6782
4.11:  82.7,18.5,256.6191
4.13:  82.7,18.5,256.5601
4.14:  82.7,18.5,256.5011
4.16:  82.7,18.5,256.4484
4.18:  82.7,18.5,256.3894
4.19:  82.7,18.5,256.3367
4.21:  82.7,18.5,256.284
4.23:  82.7,18.5,256.225
4.24:  82.7,18.5,256.166
4.26:  82.7,18.5,256.1133
4.28:  82.7,18.5,256.0606
4.29:  82.7,18.5,256.0079
4.31:  82.7,18.5,255.9553
4.33:  82.7,18.5,255.9026
4.34:  82.7,18.5,255.8499
4.36:  82.7,18.5,255.7972
4.37:  82.7,18.5,255.7382
4.39:  82.7,18.5,255.6855
4.41:  82.7,18.5,255.6265
4.43:  82.7,18.5,255.5738
4.44:  82.7,18.5,255.5211
4.46:  82.7,18.5,255.4684
4.48:  82.7,18.5,255.4094
4.49:  82.7,18.5,255.3567
4.51:  82.7,18.5,255.304
4.53:  82.7,18.5,255.2514
4.54:  82.7,18.5,255.1924
4.56:  82.7,18.5,255.1333
4.58:  82.7,18.5,255.0743
4.59:  82.7,18.5,255.0216
4.61:  82.7,18.5,254.9689
4.63:  82.7,18.5,254.9163
4.64:  82.7,18.5,254.8636
4.66:  82.7,18.5,254.8109
4.68:  82.7,18.5,254.7582
4.69:  82.7,18.5,254.6992
4.71:  82.7,18.5,254.6465
4.73:  82.7,18.5,254.5875
4.74:  82.7,18.5,254.5284
4.76:  82.7,18.5,254.4758
4.78:  82.7,18.5,254.4167
4.79:  82.7,18.5,254.3577
4.81:  82.7,18.5,254.305
4.83:  82.7,18.5,254.246
4.84:  82.7,18.5,254.1933
4.86:  82.7,18.5,254.1407
4.88:  82.7,18.5,254.0816
4.89:  82.7,18.5,254.0289
4.91:  82.7,18.5,253.9699
4.93:  82.7,18.5,253.9109
4.94:  82.7,18.5,253.8519
4.96:  82.7,18.5,253.7929
4.97:  82.7,18.5,253.7339
4.99:  82.7,18.5,253.6812
5.01:  82.7,18.5,253.6221
5.03:  82.7,18.5,253.5631
5.04:  82.7,18.5,253.5104
5.06:  82.7,18.5,253.4514
5.08:  82.7,18.5,253.3924
5.09:  82.7,18.5,253.3334
5.11:  82.7,18.5,253.2807
5.13:  82.7,18.5,253.228
5.14:  82.7,18.5,253.1753
5.16:  82.7,18.5,253.1226
5.18:  82.7,18.5,253.0699
5.19:  82.7,18.5,253.0173
5.21:  82.7,18.5,252.9646
5.23:  82.7,18.5,252.9056
5.24:  82.7,18.5,252.8529
5.26:  82.7,18.5,252.8002
5.28:  82.7,18.5,252.7475
5.29:  82.7,18.5,252.6948
5.31:  82.7,18.5,252.6421
5.33:  82.7,18.5,252.5894
5.34:  82.7,18.5,252.5304
5.36:  82.7,18.5,252.4778
5.38:  82.7,18.5,252.4251
5.39:  82.7,18.5,252.3661
5.41:  82.7,18.5,252.3134
5.43:  82.7,18.5,252.2607
5.44:  82.7,18.5,252.2017
5.46:  82.7,18.5,252.149
5.48:  82.7,18.5,252.0963
5.49:  82.7,18.5,252.0436
5.51:  82.7,18.5,251.9846
5.53:  82.7,18.5,251.9256
5.54:  82.7,18.5,251.8665
5.56:  82.7,18.5,251.8139
5.58:  82.7,18.5,251.7549
5.59:  82.7,18.5,251.7022
5.61:  82.7,18.5,251.6495
5.63:  82.7,18.5,251.5905
5.64:  82.7,18.5,251.5378
5.66:  82.7,18.5,251.4788
5.68:  82.7,18.5,251.4261
5.69:  82.7,18.5,251.3734
5.71:  82.7,18.5,251.3144
5.73:  82.7,18.5,251.2617
5.74:  82.7,18.5,251.209
5.76:  82.7,18.5,251.1563
5.78:  82.7,18.5,251.1036
5.79:  82.7,18.5,251.0509
5.81:  82.7,18.5,250.9983
5.83:  82.7,18.5,250.9392
5.84:  82.7,18.5,250.8802
5.86:  82.7,18.5,250.8212
5.88:  82.7,18.5,250.7685
5.89:  82.67907,18.49268,250.7095
5.91:  82.63037,18.47558,250.6568
5.93:  82.53992,18.44373,250.6041
5.94:  82.40311,18.39542,250.5515
5.96:  82.19142,18.32046,250.4988
5.98:  81.95956,18.23811,250.4461
5.99:  81.72095,18.15311,250.3934
6.01:  81.48586,18.06909,250.3344
6.03:  81.24174,17.98157,250.2754
6.04:  81.01134,17.90124,250.2163
6.06:  80.77668,17.82684,250.1637
6.08:  80.53828,17.75102,250.111
6.09:  80.29221,17.67512,250.0519
6.11:  80.05532,17.60435,249.9993
6.13:  79.81767,17.5356,249.9402
6.14:  79.57677,17.46309,249.8812
6.16:  79.33644,17.3905,249.8285
6.17:  79.10107,17.31915,249.7695
6.19:  78.86069,17.24602,249.7105
6.21:  78.62105,17.17286,249.6578
6.23:  78.37898,17.09872,249.6051
6.24:  78.13894,17.02752,249.5524
6.26:  77.89774,16.9557,249.4934
6.28:  77.66169,16.88518,249.4407
6.29:  77.41958,16.81261,249.388
6.31:  77.17926,16.74033,249.3354
6.33:  76.93895,16.66779,249.2763
6.34:  76.69971,16.59533,249.2236
6.36:  76.4584,16.522,249.171
6.38:  76.23132,16.45346,249.1183
6.39:  76.021,16.39161,249.0656
6.41:  75.84472,16.33694,249.0066
6.43:  75.69118,16.28052,248.9539
6.44:  75.55674,16.22865,248.9012
6.46:  75.43285,16.18071,248.8485
6.48:  75.3111,16.13348,248.7958
6.49:  75.17679,16.08121,248.7368
6.51:  75.0155,16.02353,248.6841
6.53:  74.8068,15.96277,248.6314
6.54:  74.56039,15.91302,248.5788
6.56:  74.30642,15.87139,248.5197
6.58:  74.05972,15.84128,248.467
6.59:  73.80848,15.83764,248.4144
6.61:  73.5601,15.84472,248.3617
6.63:  73.30508,15.86647,248.309
6.64:  73.06132,15.8989,248.25
6.66:  72.81746,15.94331,248.1973
6.68:  72.58504,15.99673,248.1383
6.69:  72.33458,16.06203,248.0856
6.71:  72.10398,16.12139,248.0266
6.73:  71.8691,16.18364,247.9739
6.74:  71.63548,16.24332,247.9212
6.76:  71.39318,16.30549,247.8622
6.77:  71.16299,16.36379,247.8032
6.79:  70.92501,16.42584,247.7441
6.81:  70.68595,16.48589,247.6915
6.83:  70.44653,16.54429,247.6388
6.84:  70.20921,16.60547,247.5861
6.86:  69.97253,16.66626,247.5334
6.88:  69.73785,16.7263,247.4807
6.89:  69.4988,16.78518,247.4281
6.91:  69.26292,16.84506,247.3754
6.93:  69.02345,16.90355,247.3163
6.94:  68.78662,16.96318,247.2637
6.96:  68.54823,17.02303,247.2237
6.98:  68.3136,17.08179,247.19
6.99:  68.07331,17.14182,247.1563
7.01:  67.83412,17.19792,247.129
7.03:  67.5972,17.25336,247.1017
7.04:  67.35586,17.30974,247.0807
7.06:  67.11713,17.36898,247.066
7.08:  66.88354,17.42688,247.0514
7.09:  66.64147,17.48682,247.0367
7.11:  66.40506,17.54526,247.0157
7.13:  66.16629,17.60269,246.9947
7.14:  65.92632,17.66182,246.9737
7.16:  65.6852,17.71963,246.9527
7.18:  65.4488,17.77624,246.938
7.19:  65.20551,17.83441,246.9171
7.21:  64.96193,17.89107,246.9024
7.23:  64.71938,17.9474,246.8814
7.24:  64.47788,18.00136,246.8604
7.26:  64.23569,18.05745,246.8458
7.28:  63.99682,18.11067,246.8248
7.29:  63.75181,18.16725,246.8101
7.31:  63.50876,18.22331,246.7955
7.33:  63.26915,18.2765,246.7808
7.34:  63.01668,18.3346,246.7661
7.36:  62.77542,18.38803,246.7515
7.38:  62.54013,18.44202,246.7305
7.39:  62.30001,18.49504,246.7159
7.41:  62.05387,18.54224,246.6949
7.43:  61.80856,18.57891,246.6739
7.44:  61.55528,18.6132,246.6529
7.46:  61.30658,18.64467,246.6319
7.48:  61.06032,18.67784,246.6109
7.49:  60.80881,18.71162,246.5899
7.51:  60.55182,18.74603,246.5689
7.53:  60.30842,18.7765,246.5542
7.54:  60.0611,18.80736,246.5332
7.56:  59.81189,18.83839,246.5186
7.58:  59.56709,18.86878,246.4976
7.59:  59.30962,18.90067,246.4829
7.61:  59.06164,18.93133,246.4683
7.63:  58.81694,18.96152,246.4536
7.64:  58.56366,18.9927,246.439
7.66:  58.31502,19.01988,246.4243
7.68:  58.06849,19.03378,246.4097
7.69:  57.81979,19.04226,246.395
7.71:  57.56921,19.03431,246.3803
7.73:  57.31782,19.02306,246.3593
7.74:  57.06835,19.01268,246.3383
7.76:  56.81744,19.00126,246.3174
7.78:  56.55788,18.98936,246.2964
7.79:  56.30947,18.97787,246.2754
7.81:  56.06166,18.96723,246.2607
7.83:  55.80878,18.9577,246.2461
7.84:  55.55169,18.94558,246.2251
7.86:  55.30176,18.93372,246.2041
7.88:  55.05399,18.92186,246.1831
7.89:  54.8008,18.90968,246.1684
7.91:  54.54929,18.89752,246.1537
7.93:  54.29853,18.88532,246.1391
7.94:  54.04522,18.87524,246.1245
7.96:  53.79295,18.84341,246.1098
7.97:  53.54034,18.81144,246.0888
7.99:  53.28773,18.77938,246.0678
8.01:  53.03164,18.74679,246.0468
8.03:  52.77587,18.71414,246.0258
8.04:  52.52356,18.68183,246.0048
8.06:  52.26814,18.64904,245.9838
8.08:  52.0192,18.61468,245.9692
8.09:  51.76233,18.58153,245.9482
8.11:  51.50834,18.54866,245.9272
8.13:  51.25861,18.5146,245.9062
8.14:  51.00692,18.48258,245.8915
8.16:  50.75669,18.4514,245.8769
8.18:  50.5015,18.41951,245.8559
8.19:  50.25791,18.39278,245.8412
8.21:  50.0106,18.38793,245.8266
8.23:  49.7645,18.39265,245.8056
8.24:  49.5183,18.40278,245.7909
8.26:  49.27416,18.41383,245.7699
8.28:  49.02974,18.43343,245.7489
8.29:  48.77871,18.45686,245.7279
8.31:  48.53245,18.48524,245.7069
8.33:  48.28622,18.51691,245.686
8.34:  48.04344,18.55144,245.665
8.36:  47.79753,18.58631,245.644
8.38:  47.55761,18.62027,245.6293
8.39:  47.30984,18.65528,245.6147
8.41:  47.06464,18.68986,245.6
8.43:  46.8203,18.72423,245.579
8.44:  46.57866,18.75948,245.5643
8.46:  46.33662,18.79472,245.5497
8.48:  46.10059,18.83919,245.535
8.49:  45.85854,18.88676,245.514
8.51:  45.61228,18.94073,245.493
8.53:  45.37881,18.99526,245.472
8.54:  45.14262,19.05385,245.451
8.56:  44.90614,19.11245,245.4364
8.58:  44.66339,19.1725,245.4154
8.59:  44.4316,19.22975,245.3944
8.61:  44.19259,19.28869,245.3734
8.63:  43.9589,19.34624,245.3524
8.64:  43.72113,19.40469,245.3314
8.66:  43.48343,19.46303,245.3104
8.68:  43.24969,19.52034,245.2958
8.69:  43.00914,19.57923,245.2748
8.71:  42.7723,19.63714,245.2601
8.73:  42.53701,19.69461,245.2455
8.74:  42.29802,19.75291,245.2308
8.76:  42.05927,19.8111,245.2162
8.78:  41.82569,19.86796,245.2015
8.79:  41.58614,19.92618,245.1805
8.81:  41.34859,19.98385,245.1659
8.83:  41.11091,20.04147,245.1449
8.84:  40.87409,20.09881,245.1302
8.86:  40.63557,20.15646,245.1092
8.88:  40.40093,20.21503,245.0882
8.89:  40.16082,20.27289,245.0672
8.91:  39.92326,20.33004,245.0462
8.93:  39.6844,20.38938,245.0253
8.94:  39.44724,20.44628,245.0106
8.96:  39.21174,20.50269,244.9896
8.98:  38.97475,20.55939,244.9749
8.99:  38.73415,20.61689,244.9603
9.01:  38.4973,20.67343,244.9456
9.03:  38.25921,20.73019,244.931
9.04:  38.02219,20.78665,244.9163
9.06:  37.7839,20.84333,244.9017
9.08:  37.54091,20.90108,244.887
9.09:  37.30223,20.9577,244.866
9.11:  37.07108,21.01245,244.845
9.13:  36.83481,21.06832,244.824
9.14:  36.59778,21.12428,244.803
9.16:  36.35089,21.18247,244.782
9.18:  36.11889,21.23706,244.761
9.19:  35.88303,21.29244,244.7337
9.21:  35.64236,21.34729,244.7127
9.23:  35.40622,21.39362,244.6917
9.24:  35.17362,21.42082,244.6644
9.26:  35.01907,21.39657,244.6434
9.28:  34.94057,21.35934,244.6224
9.29:  34.94057,21.35934,244.6014
9.31:  34.94057,21.35934,244.5868
9.33:  34.94057,21.35934,244.5658
9.34:  34.94057,21.35934,244.5448
9.36:  34.94057,21.35934,244.5238
9.38:  34.94057,21.35934,244.5028
9.39:  34.94057,21.35934,244.4754
9.41:  34.94057,21.35934,244.4545
9.43:  34.94057,21.35934,244.4335
9.44:  34.94057,21.35934,244.4125
9.46:  34.94057,21.35934,244.3915
9.48:  34.94057,21.35934,244.3705
9.49:  34.94057,21.35934,244.3495
9.51:  34.94057,21.35934,244.3285
9.53:  34.94057,21.35934,244.3075
9.54:  34.88979,21.35128,244.2802
9.56:  34.68612,21.38934,244.2592
9.58:  34.45046,21.44797,244.2382
9.59:  34.20869,21.50998,244.2172
9.61:  33.96973,21.57311,244.1962
9.63:  33.72977,21.6364,244.1752
9.64:  33.49682,21.7118,244.1542
9.66:  33.26572,21.79753,244.1332
9.68:  33.04005,21.88292,244.1122
9.69:  32.80616,21.97132,244.0912
9.71:  32.57634,22.05806,244.0639
9.73:  32.34677,22.1428,244.0429
9.74:  32.11777,22.22724,244.0219
9.76:  31.88771,22.31195,243.9946
9.78:  31.66078,22.39541,243.9736
9.79:  31.43051,22.48,243.9526
9.81:  31.19967,22.56471,243.9316
9.83:  30.96998,22.6489,243.9106
9.84:  30.74092,22.73276,243.8896
9.86:  30.51389,22.81579,243.8686
9.88:  30.28309,22.9019,243.8476
9.89:  30.05113,22.98654,243.8266
9.91:  29.82301,23.07146,243.8056
9.93:  29.5892,23.1584,243.7846
9.94:  29.35948,23.24373,243.7636
9.96:  29.12883,23.32751,243.7426
9.98:  28.90211,23.40976,243.7216
9.99:  28.66804,23.49641,243.7007
10.01:  28.43754,23.58164,243.6797
10.03:  28.20802,23.66642,243.6587
10.04:  27.97667,23.74997,243.6377
10.06:  27.74477,23.83543,243.6167
10.08:  27.50816,23.92253,243.5957
10.09:  27.27968,24.00476,243.5747
10.11:  27.04968,24.08923,243.5537
10.13:  26.82096,24.17314,243.5327
10.14:  26.59154,24.25542,243.5117
10.16:  26.35917,24.33859,243.4907
10.18:  26.12985,24.42243,243.4697
10.19:  25.89706,24.50563,243.4487
10.21:  25.66534,24.58648,243.4277
10.23:  25.42627,24.6698,243.4068
10.24:  25.19675,24.75147,243.3858
10.26:  24.96541,24.83558,243.3648
10.28:  24.73836,24.91443,243.3438
10.29:  24.50072,24.99869,243.3228
10.31:  24.26835,25.07917,243.2955
10.33:  24.03573,25.15964,243.2745
10.34:  23.80232,25.24208,243.2535
10.36:  23.56918,25.32254,243.2325
10.38:  23.34018,25.4015,243.2178
10.39:  23.0969,25.48717,243.1968
10.41:  22.86806,25.56766,243.1758
10.43:  22.63395,25.6499,243.1548
10.44:  22.40189,25.73133,243.1338
10.46:  22.168,25.8115,243.1129
10.48:  21.93221,25.89219,243.0855
10.49:  21.69836,25.97199,243.0455
10.51:  21.45939,26.0534,243.0055
10.53:  21.23308,26.13024,242.9465
10.54:  21.00018,26.20901,242.8811
10.56:  20.76871,26.28874,242.8031
10.58:  20.5268,26.36986,242.7314
10.59:  20.29659,26.44485,242.6407
10.61:  20.06097,26.52072,242.4485
10.63:  19.82727,26.59628,242.1107
10.64:  19.59276,26.66992,241.627
10.66:  19.35637,26.74091,240.9088
10.68:  19.1228,26.77807,240.121
10.69:  18.88249,26.77913,239.3331
10.71:  18.64142,26.78074,238.5452
10.73:  18.40292,26.78074,237.7573
10.74:  18.16015,26.78179,236.9694
10.76:  17.91708,26.78287,236.1816
10.78:  17.67779,26.78394,235.3937
10.79:  17.43317,26.7856,234.6058
10.81:  17.1895,26.7872,233.8179
10.83:  16.94227,26.78829,233.03
10.84:  16.69841,26.78829,232.2422
10.86:  16.44357,26.78936,231.4543
10.88:  16.20955,26.79045,230.6664
10.89:  15.95879,26.79155,229.8785
10.91:  15.71398,26.79319,229.0907
10.93:  15.46847,26.79429,228.3028
10.94:  15.2172,26.79539,227.5149
10.96:  14.97166,26.79648,226.727
10.98:  14.72825,26.79703,225.9391
10.99:  14.48147,26.79813,225.1513
11.01:  14.22508,26.79708,224.3634
11.03:  13.98289,26.79613,223.5755
11.04:  13.73852,26.79014,222.7876
11.06:  13.4874,26.78225,221.9997
11.08:  13.24554,26.76794,221.2119
11.09:  12.99583,26.75144,220.424
11.11:  12.74881,26.72999,219.6361
11.13:  12.50202,26.70513,218.8482
11.14:  12.25607,26.67694,218.0603
11.16:  12.00966,26.64526,217.2725
11.18:  11.76543,26.61215,216.4846
11.19:  11.51886,26.57532,215.6967
11.21:  11.27639,26.53568,214.9088
11.23:  11.03344,26.49425,214.121
11.24:  10.7909,26.44772,213.3331
11.26:  10.54893,26.39784,212.5452
11.28:  10.30821,26.34649,211.7573
11.29:  10.06722,26.28986,210.9694
11.31:  9.826362,26.23152,210.1816
11.33:  9.586709,26.16997,209.3937
11.34:  9.347468,26.105,208.6058
11.36:  9.107192,26.03435,207.8179
11.38:  8.87382,25.96045,207.03
11.39:  8.634757,25.88482,206.2422
11.41:  8.400767,25.80359,205.4543
11.43:  8.165563,25.72013,204.6664
11.44:  7.932206,25.63368,203.8785
11.46:  7.691718,25.53891,203.0907
11.48:  7.471374,25.45038,202.3028
11.49:  7.244529,25.35369,201.5149
11.51:  7.017047,25.25302,200.727
11.53:  6.792628,25.15376,199.9391
11.54:  6.567983,25.04686,199.1513
11.56:  6.354666,24.91077,198.3697
11.58:  6.145463,24.77382,197.6959
11.59:  5.935276,24.63293,197.0728
11.61:  5.727376,24.48816,196.4878
11.63:  5.520118,24.34308,195.9154
11.64:  5.31471,24.19623,195.343
11.66:  5.114846,24.04806,194.7896
11.68:  4.913013,23.89785,194.2489
11.69:  4.709134,23.74322,193.7272
11.71:  4.509018,23.58862,193.2182
11.73:  4.310557,23.43257,192.7282
11.74:  4.113451,23.27491,192.2509
11.76:  3.916625,23.11285,191.7862
11.78:  3.725149,22.95474,191.3596
11.79:  3.528511,22.79005,190.9583
11.81:  3.335565,22.62639,190.6014
11.83:  3.145055,22.4633,190.3396
11.84:  2.952479,22.29765,190.2045
11.86:  2.760416,22.13206,190.1392
11.88:  2.574951,21.96931,190.0738
11.89:  2.381206,21.8015,190.0085
11.91:  2.190334,21.63375,189.9431
11.93:  1.998745,21.46704,189.8777
11.94:  1.811152,21.30091,189.8124
11.96:  1.620802,21.13455,189.7534
11.98:  1.4327,20.96981,189.6943
11.99:  1.243669,20.80136,189.6353
12.01:  1.054116,20.63469,189.5826
12.03:  0.8605733,20.46158,189.53
12.04:  0.6727291,20.29581,189.4773
12.06:  0.4885918,20.133,189.4246
12.08:  0.2999645,19.96592,189.3719
12.09:  0.1102416,19.79755,189.3192
12.11:  -0.07895447,19.6293,189.2602
12.13:  -0.2671899,19.4616,189.2075
12.14:  -0.4562216,19.29284,189.1485
12.16:  -0.6446353,19.12428,189.0895
12.17:  -0.8280587,18.95732,189.0304
12.19:  -1.015336,18.78908,188.9714
12.21:  -1.210599,18.6133,188.9124
12.23:  -1.392185,18.44699,188.8534
12.24:  -1.580144,18.27708,188.7944
12.26:  -1.76769,18.1072,188.7353
12.28:  -1.948009,17.94106,188.6826
12.29:  -2.137176,17.76903,188.6236
12.31:  -2.318304,17.60149,188.571
12.33:  -2.508664,17.42774,188.5183
12.34:  -2.694309,17.25798,188.4656
12.36:  -2.880854,17.08708,188.4129
12.38:  -3.064275,16.91874,188.3602
12.39:  -3.252942,16.74526,188.3075
12.41:  -3.438566,16.57426,188.2549
12.43:  -3.625289,16.4019,188.1958
12.44:  -3.807086,16.23116,188.1368
12.46:  -3.993818,16.05811,188.0841
12.48:  -4.176119,15.88882,188.0251
12.49:  -4.362635,15.71529,187.9724
12.51:  -4.547845,15.54266,187.9197
12.53:  -4.729113,15.36392,187.8671
12.54:  -4.907173,15.18106,187.808
12.56:  -5.087584,14.99545,187.7553
12.58:  -5.260865,14.81685,187.7027
12.59:  -5.441191,14.63064,187.65
12.61:  -5.617266,14.44849,187.5973
12.63:  -5.799578,14.26455,187.5446
12.64:  -5.97701,14.08031,187.4919
12.66:  -6.023331,13.89423,187.4392
12.68:  -6.023331,13.71018,187.3866
12.69:  -6.023437,13.52727,187.3339
12.71:  -6.023497,13.34357,187.2749
12.73:  -6.02355,13.15959,187.2222
12.74:  -6.02361,12.97453,187.1631
12.76:  -6.023669,12.78846,187.1041
12.78:  -6.023729,12.60627,187.0451
12.79:  -6.023783,12.41907,186.9924
12.81:  -6.023836,12.23083,186.9397
12.83:  -6.023889,12.04016,186.8871
12.84:  -6.023889,11.85763,186.8344
12.86:  -6.023996,11.67297,186.7817
12.88:  -6.023996,11.49223,186.729
12.89:  -6.024104,11.30315,186.6763
12.91:  -6.024164,11.11586,186.6173
12.93:  -6.024218,10.92627,186.5646
12.94:  -6.024271,10.74216,186.5119
12.96:  -6.024271,10.5517,186.4592
12.98:  -6.024379,10.37211,186.4066
12.99:  -6.024379,10.18365,186.3602
13.01:  -6.024379,9.997591,186.3012
13.03:  -6.024541,9.809873,186.2485
13.04:  -6.024596,9.620173,186.1958
13.06:  -6.024656,9.433871,186.1368
13.08:  -6.02471,9.244875,186.0841
13.09:  -6.024765,9.054091,186.0314
13.11:  -6.024819,8.865303,185.9788
13.13:  -6.028759,8.666718,185.9261
13.14:  -6.029142,8.462806,185.8734
13.16:  -6.0292,8.265247,185.8207
13.18:  -6.0292,8.068151,185.768
13.19:  -6.0292,7.864367,185.7153
13.21:  -6.029373,7.657096,185.6627
13.23:  -6.029373,7.463861,185.61
13.24:  -6.029489,7.260831,185.5573
13.26:  -6.029547,7.059372,185.5046
13.28:  -6.029604,6.86017,185.4519
13.29:  -6.029604,6.656865,185.3992
13.31:  -6.029721,6.454371,185.3466
13.33:  -6.029779,6.252699,185.2939
13.34:  -6.029844,6.050781,185.2348
13.36:  -6.029902,5.843821,185.1822
13.38:  -6.029961,5.644211,185.1295
13.39:  -6.030019,5.442241,185.0768
13.41:  -6.030077,5.239247,185.0241
13.43:  -6.030136,5.035963,184.9714
13.44:  -6.030194,4.833334,184.9187
13.46:  -6.030252,4.632977,184.8661
13.48:  -6.030311,4.429289,184.8134
13.49:  -6.03037,4.223277,184.7607
13.51:  -6.030428,4.019471,184.708
13.53:  -6.030494,3.815696,184.649
13.54:  -6.030552,3.612234,184.5963
13.56:  -6.030611,3.408092,184.5436
13.58:  -6.03067,3.205459,184.4909
13.59:  -6.030729,2.998575,184.4382
13.61:  -6.030787,2.794194,184.3856
13.63:  -6.030847,2.591026,184.3329
13.64:  -6.030905,2.38532,184.2802
13.66:  -6.030964,2.180032,184.2275
13.68:  -6.031024,1.977546,184.1748
13.69:  -6.031083,1.769997,184.1221
13.71:  -6.031141,1.563876,184.0695
13.73:  -6.031193,1.358678,184.0231
13.74:  -6.031253,1.152656,183.9704
13.76:  -6.031312,0.9460835,183.9178
13.78:  -6.031378,0.7442142,183.8587
13.79:  -6.031437,0.5354455,183.806
13.81:  -6.031504,0.3289273,183.747
13.83:  -6.031563,0.1238478,183.6944
13.84:  -6.031623,-0.08436608,183.6417
13.86:  -6.031682,-0.2914198,183.589
13.88:  -6.031749,-0.4946167,183.53
13.89:  -6.031815,-0.7044557,183.4709
13.91:  -6.031875,-0.9115825,183.4182
13.93:  -6.031935,-1.117494,183.3656
13.94:  -6.031994,-1.326434,183.3129
13.96:  -6.032047,-1.534921,183.2665
13.98:  -6.032106,-1.739098,183.2139
13.99:  -6.032166,-1.948362,183.1612
14.01:  -6.032226,-2.157846,183.1085
14.03:  -6.032227,-2.364251,183.0558
14.04:  -6.032346,-2.579831,183.0031
14.06:  -6.032406,-2.782848,182.9504
14.08:  -6.032406,-2.986351,182.8914
14.09:  -6.032406,-3.195802,182.8197
14.11:  -6.032643,-3.402489,182.7417
14.13:  -6.032732,-3.614773,182.6637
14.14:  -6.032822,-3.82426,182.5856
14.16:  -6.032911,-4.034696,182.5076
14.18:  -6.033,-4.240045,182.4295
14.19:  -6.033082,-4.452881,182.3578
14.21:  -6.033165,-4.665689,182.2861
14.23:  -6.033247,-4.871312,182.2144
14.24:  -6.033329,-5.08162,182.1427
14.26:  -6.033412,-5.294024,182.0711
14.28:  -6.034564,-5.50385,182.012
14.29:  -6.036316,-5.717169,181.9593
14.31:  -6.036378,-5.927577,181.9067
14.33:  -6.036448,-6.138951,181.8476
14.34:  -6.036511,-6.350362,181.795
14.36:  -6.036573,-6.56306,181.7423
14.38:  -6.036968,-6.77406,181.6896
14.39:  -6.036968,-6.988663,181.6369
14.41:  -6.036968,-7.1991,181.5842
14.43:  -6.037407,-7.412997,181.5315
14.44:  -6.037407,-7.625655,181.4789
14.46:  -6.037407,-7.839242,181.4262
14.48:  -6.037407,-8.0507,181.3735
14.49:  -6.037407,-8.266501,181.3208
14.51:  -6.037407,-8.479175,181.2681
14.53:  -6.037407,-8.692129,181.2154
14.54:  -6.037407,-8.905152,181.1691
14.56:  -6.037407,-9.116058,181.1164
14.58:  -6.037407,-9.328838,181.0637
14.59:  -6.037444,-9.545263,181.011
14.61:  -6.037507,-9.759508,180.9583
14.63:  -6.03757,-9.97278,180.9057
14.64:  -6.037633,-10.18514,180.853
14.66:  -6.037696,-10.39998,180.8003
14.68:  -6.037759,-10.61087,180.7476
14.69:  -6.037823,-10.82729,180.6949
14.71:  -6.037886,-11.03926,180.6422
14.73:  -6.037949,-11.25619,180.5896
14.74:  -6.03835,-11.4736,180.5369
14.76:  -6.03835,-11.69361,180.4842
14.78:  -6.038349,-11.90411,180.4315
14.79:  -6.039129,-12.12132,180.3788
14.81:  -6.039129,-12.33548,180.3261
14.83:  -6.039129,-12.55124,180.2798
14.84:  -6.039129,-12.766,180.2335
14.86:  -6.039129,-12.98227,180.1871
14.88:  -6.039426,-13.19635,180.1344
14.89:  -6.03949,-13.41675,180.0818
14.91:  -6.039554,-13.63441,180.0291
14.93:  -6.039554,-13.85021,179.9764
14.94:  -6.039682,-14.06831,179.9237
14.96:  -6.039746,-14.28717,179.871
14.98:  -6.041021,-14.50312,179.8183
14.99:  -6.041021,-14.71153,179.7657
15.01:  -6.041021,-14.8989,179.713
15.03:  -6.041021,-15.05846,179.6603
15.04:  -6.041021,-15.1919,179.6076
15.06:  -6.041021,-15.28189,179.5549
15.08:  -6.041021,-15.34114,179.5022
15.09:  -6.041021,-15.36413,179.4496
15.11:  -6.041021,-15.36413,179.3969
15.13:  -6.041021,-15.36413,179.3442
15.14:  -6.041021,-15.36413,179.2915
15.16:  -6.041021,-15.36413,179.2388
15.18:  -6.041021,-15.36413,179.1861
15.19:  -6.041021,-15.36413,179.1335
15.21:  -6.041021,-15.36413,179.0808
15.23:  -6.041021,-15.36413,179.0281
15.24:  -6.041021,-15.36217,178.9754
15.26:  -6.041021,-15.34056,178.9227
15.28:  -6.041591,-15.29741,178.87
15.29:  -6.053489,-15.22584,178.8174
15.31:  -6.062768,-15.11825,178.7647
15.33:  -6.064732,-14.97662,178.712
15.34:  -6.066423,-14.81076,178.6593
15.36:  -6.066544,-14.6214,178.6066
15.38:  -6.0666,-14.43431,178.5539
15.39:  -6.0666,-14.24107,178.5012
15.41:  -6.0666,-14.05453,178.4486
15.43:  -6.0666,-13.8718,178.3959
15.44:  -6.0666,-13.70178,178.3432
15.46:  -6.0666,-13.54111,178.2905
15.48:  -6.0666,-13.3931,178.2378
15.49:  -6.0666,-13.24581,178.1851
15.51:  -6.0666,-13.10039,178.1325
15.53:  -6.0666,-12.96014,178.0798
15.54:  -6.0666,-12.82348,178.0271
15.56:  -6.0666,-12.70801,177.9744
15.58:  -6.0666,-12.62333,177.9217
15.59:  -6.0666,-12.59152,177.869
15.61:  -6.0666,-12.59522,177.8164
15.63:  -6.0666,-12.60631,177.7637
15.64:  -6.0666,-12.68592,177.711
15.66:  -6.0666,-12.8598,177.6646
15.68:  -6.0666,-13.07736,177.6183
15.69:  -6.0666,-13.29832,177.5783
15.71:  -6.0666,-13.52397,177.5319
15.73:  -6.0666,-13.74201,177.4856
15.74:  -6.0666,-13.96121,177.4392
15.76:  -6.0666,-14.18174,177.3929
15.78:  -6.0666,-14.39971,177.3465
15.79:  -6.0666,-14.62673,177.3002
15.81:  -6.0666,-14.85446,177.2539
15.83:  -6.0666,-15.08298,177.2075
15.84:  -6.0666,-15.31952,177.1612
15.86:  -6.0666,-15.54248,177.1148
15.88:  -6.0666,-15.7676,177.0748
15.89:  -6.0666,-16.0058,177.0285
15.91:  -6.0666,-16.23592,176.9885
15.93:  -6.0666,-16.48415,176.9485
15.94:  -6.0666,-16.72095,176.8958
15.96:  -6.0666,-16.95848,176.8494
15.98:  -6.0666,-17.1915,176.8031
15.99:  -6.0666,-17.43325,176.7504
16.01:  -6.0666,-17.67195,176.704
16.03:  -6.0666,-17.90933,176.6577
16.04:  -6.066601,-18.1479,176.6114
16.06:  -6.066601,-18.3894,176.565
16.08:  -6.066601,-18.63296,176.5187
16.09:  -6.066601,-18.86678,176.4723
16.11:  -6.066601,-19.1026,176.426
16.13:  -6.066601,-19.34458,176.3796
16.14:  -6.066601,-19.58361,176.3396
16.16:  -6.066601,-19.82377,176.2996
16.18:  -6.066601,-20.0596,176.2469
16.19:  -6.066601,-20.3026,176.2069
16.21:  -6.066601,-20.54706,176.1669
16.23:  -6.066601,-20.78193,176.1206
16.24:  -6.066601,-21.02137,176.0742
16.26:  -6.066601,-21.26302,176.0279
16.28:  -6.066601,-21.49832,175.9815
16.29:  -6.066601,-21.74702,175.9352
16.31:  -6.066601,-21.98062,175.8888
16.33:  -6.066601,-22.22174,175.8425
16.34:  -6.066601,-22.4613,175.8025
16.36:  -6.066601,-22.70129,175.7561
16.37:  -6.066601,-22.93926,175.7098
16.39:  -6.066601,-23.1789,175.6635
16.41:  -6.066601,-23.42293,175.6171
16.43:  -6.066601,-23.66401,175.5708
16.44:  -6.066601,-23.90327,175.5244
16.46:  -6.066601,-24.14586,175.4781
16.48:  -6.066601,-24.38221,175.4317
16.49:  -6.066601,-24.62589,175.3854
16.51:  -6.066601,-24.86676,175.339
16.53:  -6.066601,-25.11575,175.2927
16.54:  -6.066601,-25.35114,175.2463
16.56:  -6.066601,-25.59301,175.2
16.58:  -6.066601,-25.83022,175.1536
16.59:  -6.0666,-26.07413,175.1073
16.61:  -6.0666,-26.32236,175.0609
16.63:  -6.0666,-26.55952,175.0146
16.64:  -6.0666,-26.80037,174.9683
16.66:  -6.0666,-27.04209,174.9219
16.68:  -6.0666,-27.2819,174.8756
16.69:  -6.0666,-27.52248,174.8292
16.71:  -6.0666,-27.7652,174.7829
16.72:  -6.0666,-28.00241,174.7365
16.74:  -6.0666,-28.24321,174.6902
16.76:  -6.0666,-28.48606,174.6438
16.77:  -6.0666,-28.72727,174.5975
16.79:  -6.0666,-28.96943,174.5511
16.81:  -6.0666,-29.2118,174.5048
16.82:  -6.0666,-29.45412,174.4585
16.84:  -6.0666,-29.69731,174.4121
16.86:  -6.0666,-29.9409,174.3721
16.88:  -6.066599,-30.18521,174.3258
16.89:  -6.066599,-30.42936,174.2794
16.91:  -6.066599,-30.67147,174.2331
16.93:  -6.066599,-30.91523,174.1867
16.94:  -6.066599,-31.15751,174.1404
16.96:  -6.066599,-31.40171,174.094
16.98:  -6.066599,-31.6485,174.0477
16.99:  -6.066599,-31.88935,174.0013
17.01:  -6.066599,-32.13173,173.9613
17.03:  -6.066599,-32.37283,173.9213
17.04:  -6.066599,-32.61525,173.875
17.06:  -6.066599,-32.85919,173.8223
17.08:  -6.066599,-33.09916,173.7759
17.09:  -6.066599,-33.34485,173.7296
17.11:  -6.066599,-33.58882,173.6833
17.13:  -6.066599,-33.84088,173.6432
17.14:  -6.066599,-34.07715,173.5969
17.16:  -6.066599,-34.32085,173.5506
17.18:  -6.066599,-34.5607,173.5042
17.19:  -6.066599,-34.80736,173.4579
17.21:  -6.066599,-35.0514,173.4115
17.23:  -6.066599,-35.29511,173.3652
17.24:  -6.066599,-35.53864,173.3188
17.26:  -6.0666,-35.78411,173.2725
17.28:  -6.0666,-36.02406,173.2261
17.29:  -6.0666,-36.27152,173.1798
17.31:  -6.0666,-36.51549,173.1398
17.33:  -6.0666,-36.75891,173.0934
17.34:  -6.0666,-37.00447,173.0534
17.36:  -6.0666,-37.24557,173.0071
17.38:  -6.0666,-37.48934,172.9607
17.39:  -6.0666,-37.73708,172.9081
17.41:  -6.0666,-37.98155,172.8554
17.43:  -6.0666,-38.22726,172.7963
17.44:  -6.0666,-38.47192,172.731
17.46:  -6.0666,-38.71759,172.6593
17.48:  -6.0666,-38.96867,172.5876
17.49:  -6.0666,-39.2087,172.5159
17.51:  -6.0666,-39.45281,172.4442
17.53:  -6.0666,-39.69598,172.3725
17.54:  -6.0666,-39.94263,172.3008
17.56:  -6.0666,-40.18672,172.2228
17.58:  -6.0666,-40.43015,172.1447
17.59:  -6.0666,-40.67591,172.054
17.61:  -6.0666,-40.92506,171.9633
17.63:  -6.0666,-41.16791,171.8472
17.64:  -6.0666,-41.41727,171.6805
17.66:  -6.0666,-41.66394,171.3933
17.68:  -6.0666,-41.9087,170.9794
17.69:  -6.0666,-42.1563,170.3563
17.71:  -6.0666,-42.40426,169.5684
17.73:  -6.0666,-42.65322,168.7805
17.74:  -6.0666,-42.90541,167.9926
17.76:  -6.0666,-43.16587,167.2047
17.78:  -6.0666,-43.41582,166.4169
17.79:  -6.0666,-43.66504,165.629
17.81:  -6.0666,-43.91801,164.8411
17.83:  -6.0666,-44.17089,164.0532
17.84:  -6.067477,-44.42551,163.2654
17.86:  -6.068567,-44.68021,162.4775
17.88:  -6.068974,-44.93244,161.6896
17.89:  -6.070753,-45.19074,160.9017
17.91:  -6.071848,-45.44758,160.1138
17.93:  -6.072257,-45.70455,159.326
17.94:  -6.073354,-45.96101,158.5381
17.96:  -6.074451,-46.21624,157.7502
17.98:  -6.07555,-46.47212,156.9623
17.99:  -6.077341,-46.73352,156.1744
18.01:  -6.078408,-46.99031,155.3866
18.03:  -6.075989,-47.24237,154.5987
18.04:  -6.069809,-47.50703,153.8108
18.06:  -6.060296,-47.76336,153.0229
18.08:  -6.047445,-48.01588,152.235
18.09:  -6.03095,-48.27086,151.4472
18.11:  -6.012613,-48.53345,150.6593
18.13:  -5.989398,-48.7848,149.8714
18.14:  -5.964453,-49.04058,149.0835
18.16:  -5.936296,-49.29326,148.2957
18.18:  -5.903142,-49.5577,147.5078
18.19:  -5.868117,-49.80902,146.7199
18.21:  -5.828877,-50.0648,145.932
18.23:  -5.786671,-50.31676,145.1441
18.24:  -5.738755,-50.56813,144.3562
18.26:  -5.687115,-50.82015,143.5684
18.28:  -5.635015,-51.06795,142.7805
18.29:  -5.575982,-51.32051,141.9926
18.31:  -5.514006,-51.57013,141.2047
18.33:  -5.447304,-51.82381,140.4169
18.34:  -5.380861,-52.06308,139.629
18.36:  -5.307926,-52.31239,138.8411
18.38:  -5.233469,-52.55449,138.0532
18.39:  -5.153805,-52.80157,137.278
18.41:  -5.071576,-53.05408,136.6169
18.43:  -4.991218,-53.29556,136.2473
18.44:  -4.911219,-53.53522,136.1946
18.46:  -4.830081,-53.77755,136.1419
18.47:  -4.746618,-54.01913,136.0893
18.49:  -4.664642,-54.26247,136.0366
18.51:  -4.58074,-54.51087,135.9902
18.53:  -4.496288,-54.75324,135.9376
18.54:  -4.411759,-54.99519,135.8912
18.56:  -4.328463,-55.23975,135.8448
18.58:  -4.244847,-55.47785,135.7985
18.59:  -4.158456,-55.72314,135.7458
18.61:  -4.073191,-55.9646,135.6995
18.63:  -3.987227,-56.20742,135.6531
18.64:  -3.901685,-56.44843,135.6068
18.66:  -3.815979,-56.68928,135.5604
18.68:  -3.73041,-56.92913,135.5141
18.69:  -3.643574,-57.17191,135.4678
18.71:  -3.558087,-57.41695,135.4214
18.73:  -3.473764,-57.65803,135.3751
18.74:  -3.385947,-57.90169,135.3287
18.76:  -3.298449,-58.14384,135.2824
18.78:  -3.212576,-58.38083,135.2297
18.79:  -3.125997,-58.62563,135.177
18.81:  -3.039534,-58.8694,135.1243
18.83:  -2.953574,-59.11103,135.0716
18.84:  -2.862138,-59.36016,134.9936
18.86:  -2.775872,-59.59373,134.8775
18.88:  -2.686765,-59.83213,134.6537
18.89:  -2.591791,-60.08048,134.2208
18.91:  -2.498003,-60.31711,133.528
18.93:  -2.404005,-60.55078,132.7401
18.94:  -2.302408,-60.78786,131.9522
18.96:  -2.197844,-61.0229,131.1643
18.98:  -2.093766,-61.25365,130.3764
18.99:  -1.981476,-61.48843,129.5886
19.01:  -1.86895,-61.72066,128.8007
19.03:  -1.753573,-61.95065,128.0128
19.04:  -1.6322,-62.18451,127.2249
19.06:  -1.509612,-62.40832,126.4371
19.08:  -1.387272,-62.62898,125.6492
19.09:  -1.258756,-62.85345,124.8613
19.11:  -1.123529,-63.08229,124.0734
19.13:  -0.9918603,-63.29413,123.2855
19.14:  -0.8531774,-63.51056,122.4977
19.16:  -0.7130296,-63.72683,121.7098
19.18:  -0.5712204,-63.93529,120.9219
19.19:  -0.4198443,-64.15538,120.134
19.21:  -0.2731211,-64.3588,119.3462
19.23:  -0.1209548,-64.5675,118.5583
19.24:  0.03372177,-64.77364,117.7704
19.26:  0.1916509,-64.97819,116.9825
19.28:  0.3499473,-65.17399,116.1946
19.29:  0.5157601,-65.37341,115.4067
19.31:  0.6812808,-65.57043,114.6189
19.33:  0.8500658,-65.76582,113.831
19.34:  1.021609,-65.95563,113.0431
19.36:  1.19462,-66.14185,112.2552
19.38:  1.371401,-66.32697,111.4674
19.39:  1.552884,-66.51185,110.6795
19.41:  1.735689,-66.69302,109.8916
19.43:  1.920335,-66.87121,109.1291
19.44:  2.106974,-67.04737,108.4933
19.46:  2.295774,-67.22276,108.0413
19.48:  2.488661,-67.38387,107.7605
19.49:  2.692027,-67.54185,107.6698
19.51:  2.897587,-67.69435,107.6171
19.53:  3.104723,-67.84773,107.5644
19.54:  3.317409,-68.00491,107.5117
19.56:  3.51699,-68.15213,107.459
19.58:  3.723294,-68.15261,107.4
19.59:  3.936141,-68.15266,107.3473
19.61:  4.142477,-68.15292,107.2946
19.63:  4.350807,-68.15298,107.242
19.64:  4.559301,-68.15305,107.1829
19.66:  4.766806,-68.15305,107.1302
19.68:  4.971138,-68.15305,107.0776
19.69:  5.180872,-68.15305,107.0249
19.71:  5.394551,-68.15309,106.9722
19.73:  5.6002,-68.15314,106.9195
19.74:  5.806076,-68.15379,106.8668
19.76:  6.014319,-68.15379,106.8141
19.78:  6.219102,-68.15379,106.7615
19.79:  6.430074,-68.15379,106.7088
19.81:  6.644111,-68.15379,106.6561
19.83:  6.850433,-68.15379,106.6034
19.84:  7.057436,-68.15379,106.5507
19.86:  7.26566,-68.15379,106.498
19.88:  7.472909,-68.15379,106.4454
19.89:  7.68333,-68.15379,106.3927
19.91:  7.893138,-68.1538,106.34
19.93:  8.105951,-68.15466,106.2873
19.94:  8.317338,-68.15466,106.2346
19.96:  8.526787,-68.15466,106.1819
19.98:  8.732985,-68.15466,106.1293
19.99:  8.947857,-68.1547,106.0766
20.01:  9.157144,-68.1547,106.0239
20.03:  9.374317,-68.1547,105.9712
20.04:  9.579055,-68.1547,105.9185
20.06:  9.789131,-68.1547,105.8658
20.08:  9.996465,-68.1547,105.8195
20.09:  10.21408,-68.1547,105.7858
20.11:  10.42052,-68.1547,105.7585
20.13:  10.63172,-68.1547,105.7312
20.14:  10.84286,-68.1547,105.7038
20.16:  11.05462,-68.15515,105.6892
20.18:  11.26393,-68.15515,105.6808
20.19:  11.4773,-68.15516,105.6789
20.21:  11.68851,-68.15516,105.6789
20.23:  11.89947,-68.15516,105.6789
20.24:  12.11129,-68.15516,105.6789
20.26:  12.32314,-68.15516,105.6789
20.28:  12.53074,-68.15516,105.6789
20.29:  12.74467,-68.15516,105.6789
20.31:  12.9552,-68.15516,105.6789
20.33:  13.16716,-68.15516,105.6789
20.34:  13.37828,-68.15516,105.6789
20.36:  13.58829,-68.15516,105.6789
20.38:  13.79876,-68.15516,105.6789
20.39:  14.00844,-68.15516,105.6789
20.41:  14.22238,-68.15516,105.6789
20.43:  14.43387,-68.15516,105.6789
20.44:  14.64446,-68.15516,105.6789
20.46:  14.85496,-68.15516,105.6789
20.48:  15.06426,-68.15516,105.6789
20.49:  15.27801,-68.15516,105.6789
20.51:  15.48974,-68.15516,105.6789
20.53:  15.70018,-68.15516,105.6935
20.54:  15.91064,-68.15516,105.7082
20.56:  16.12271,-68.15516,105.7165
20.58:  16.33066,-68.15516,105.7248
20.59:  16.54972,-68.15516,105.7395
20.61:  16.75241,-68.15516,105.7541
20.63:  16.96598,-68.15516,105.7688
20.64:  17.17727,-68.15516,105.7834
20.66:  17.38803,-68.15516,105.7918
20.68:  17.59506,-68.15516,105.7937
20.69:  17.8088,-68.15516,105.7937
20.71:  18.02041,-68.15516,105.7937
20.73:  18.23081,-68.15516,105.7937
20.74:  18.44177,-68.15516,105.7937
20.76:  18.65323,-68.15516,105.7918
20.78:  18.8604,-68.15516,105.7771
20.79:  19.07398,-68.15516,105.7498
20.81:  19.28537,-68.15516,105.7098
20.83:  19.496,-68.15516,105.6571
20.84:  19.70751,-68.15516,105.6044
20.86:  19.91872,-68.15531,105.5454
20.88:  20.12967,-68.15531,105.4864
20.89:  20.34267,-68.15531,105.421
20.91:  20.55539,-68.15531,105.362
20.93:  20.76763,-68.15531,105.3029
20.94:  20.97919,-68.15531,105.2439
20.96:  21.18871,-68.15531,105.1849
20.98:  21.40892,-68.15531,105.1259
20.99:  21.61881,-68.15531,105.0669
21.01:  21.8305,-68.15533,105.0205
21.03:  22.04385,-68.15593,105.0205
21.04:  22.25587,-68.15593,105.0225
21.06:  22.46954,-68.15593,105.0225
21.08:  22.67869,-68.15593,105.0205
21.09:  22.89992,-68.15593,105.0122
21.11:  23.11053,-68.15593,105.0102
21.13:  23.32075,-68.15593,105.0019
21.14:  23.53321,-68.15593,104.9936
21.16:  23.74557,-68.15593,104.9853
21.18:  23.9593,-68.15593,104.977
21.19:  24.17229,-68.15593,104.9686
21.21:  24.38621,-68.15593,104.9603
21.23:  24.59979,-68.15593,104.952
21.24:  24.81195,-68.15593,104.9437
21.26:  25.02529,-68.15593,104.929
21.28:  25.23512,-68.15593,104.9207
21.29:  25.45145,-68.15604,104.9124
21.31:  25.66509,-68.15607,104.8977
21.33:  25.88584,-68.15768,104.8894
21.34:  26.10271,-68.15813,104.8811
21.36:  26.32378,-68.15833,104.8664
21.38:  26.54145,-68.15834,104.8581
21.39:  26.77044,-68.15836,104.8498
21.41:  26.98287,-68.15836,104.8415
21.43:  27.20027,-68.15836,104.8331
21.44:  27.41868,-68.15836,104.8248
21.46:  27.63809,-68.15839,104.8165
21.48:  27.8625,-68.15839,104.8082
21.49:  28.08021,-68.15842,104.7935
21.51:  28.29687,-68.15842,104.7789
21.53:  28.51391,-68.15842,104.7706
21.54:  28.73212,-68.15842,104.7559
21.56:  28.94843,-68.15842,104.7412
21.58:  29.16995,-68.15849,104.7329
21.59:  29.39417,-68.15849,104.7183
21.61:  29.61142,-68.15852,104.7099
21.63:  29.83249,-68.15855,104.6953
21.64:  30.05231,-68.15855,104.6806
21.66:  30.2728,-68.15857,104.6723
21.68:  30.48842,-68.15857,104.664
21.69:  30.71282,-68.15984,104.6557
21.71:  30.94407,-68.16004,104.641
21.73:  31.16321,-68.16004,104.6327
21.74:  31.38434,-68.16004,104.6244
21.76:  31.61294,-68.16331,104.6161
21.78:  31.83831,-68.16466,104.6077
21.79:  32.07024,-68.16467,104.5994
21.81:  32.30326,-68.16468,104.5911
21.83:  32.52877,-68.16468,104.5828
21.84:  32.75806,-68.1647,104.5681
21.86:  32.9874,-68.16472,104.5598
21.88:  33.2127,-68.16473,104.5515
21.89:  33.44431,-68.16473,104.5432
21.91:  33.68134,-68.16475,104.5349
21.93:  33.90559,-68.16476,104.5265
21.94:  34.13196,-68.16476,104.5182
21.96:  34.35987,-68.16479,104.5036
21.98:  34.58729,-68.1648,104.4889
21.99:  34.8193,-68.16482,104.4742
22.01:  35.04864,-68.16484,104.4596
22.03:  35.27533,-68.16486,104.4449
22.04:  35.5068,-68.16487,104.4366
22.06:  35.73733,-68.16488,104.4283
22.08:  35.96362,-68.16489,104.42
22.09:  36.19345,-68.1649,104.4117
22.11:  36.4247,-68.16491,104.4033
22.13:  36.65316,-68.16492,104.395
22.14:  36.8827,-68.16494,104.3804
22.16:  37.11209,-68.16496,104.3657
22.18:  37.33981,-68.16566,104.3511
22.19:  37.57306,-68.16567,104.3427
22.21:  37.8025,-68.16567,104.3344
22.23:  38.0324,-68.16567,104.3198
22.24:  38.26082,-68.16567,104.3114
22.26:  38.48866,-68.16567,104.3031
22.28:  38.71767,-68.16567,104.2948
22.29:  38.95013,-68.16567,104.2865
22.31:  39.17965,-68.16567,104.2782
22.33:  39.40592,-68.16567,104.2635
22.34:  39.64639,-68.16567,104.2552
22.36:  39.87353,-68.16567,104.2405
22.38:  40.09526,-68.16567,104.2259
22.39:  40.3285,-68.16567,104.2112
22.41:  40.56438,-68.16567,104.1966
22.43:  40.78666,-68.16567,104.1819
22.44:  41.01721,-68.16567,104.1673
22.46:  41.24952,-68.16727,104.1589
22.48:  41.47919,-68.16798,104.1506
22.49:  41.71274,-68.16799,104.1423
22.51:  41.94545,-68.16801,104.134
22.53:  42.17604,-68.16801,104.1257
22.54:  42.41721,-68.16802,104.1173
22.56:  42.64645,-68.17088,104.1027
22.58:  42.87704,-68.17235,104.088
22.59:  43.11847,-68.17383,104.0734
22.61:  43.35656,-68.17606,104.065
22.63:  43.59753,-68.17758,104.0504
22.64:  43.83683,-68.17834,104.0421
22.66:  44.08184,-68.17988,104.0274
22.68:  44.31998,-68.18064,104.0191
22.69:  44.56377,-68.18066,104.0044
22.71:  44.81979,-68.18069,103.9898
22.73:  45.05138,-68.1807,103.9815
22.74:  45.29879,-68.18072,103.9731
22.76:  45.53489,-68.18073,103.9585
22.78:  45.7768,-68.18075,103.9438
22.79:  46.02061,-68.18076,103.9355
22.81:  46.26295,-68.18079,103.9209
22.83:  46.5056,-68.1808,103.9062
22.84:  46.7472,-68.18081,103.8979
22.86:  46.9917,-68.18082,103.8832
22.88:  47.23064,-68.18084,103.8749
22.89:  47.47622,-68.18085,103.8666
22.91:  47.72861,-68.18088,103.8519
22.93:  47.96566,-68.18089,103.8436
22.94:  48.20751,-68.1809,103.8353
22.96:  48.45035,-68.18092,103.8206
22.98:  48.68752,-68.18093,103.8123
22.99:  48.93327,-68.18094,103.804
23.01:  49.17236,-68.18095,103.7957
23.03:  49.41815,-68.18096,103.7874
23.04:  49.66066,-68.18097,103.779
23.06:  49.9045,-68.181,103.7644
23.08:  50.14354,-68.18101,103.7561
23.09:  50.39437,-68.18102,103.7477
23.11:  50.62914,-68.18104,103.7331
23.13:  50.87557,-68.18105,103.7248
23.14:  51.11883,-68.18105,103.7165
23.16:  51.35917,-68.18107,103.7081
23.18:  51.60993,-68.18108,103.6998
23.19:  51.84737,-68.18185,103.6915
23.21:  52.09145,-68.18263,103.6832
23.23:  52.33583,-68.18264,103.6749
23.24:  52.5799,-68.18266,103.6665
23.26:  52.82529,-68.18266,103.6582
23.28:  53.06495,-68.18269,103.6436
23.29:  53.31805,-68.18269,103.6352
23.31:  53.55994,-68.18271,103.6269
23.33:  53.80571,-68.18272,103.6123
23.34:  54.04753,-68.18275,103.5976
23.36:  54.29022,-68.18277,103.583
23.38:  54.52946,-68.18279,103.5683
23.39:  54.77663,-68.1828,103.56
23.41:  55.01849,-68.18282,103.5453
23.43:  55.2653,-68.18284,103.5307
23.44:  55.50921,-68.18286,103.516
23.46:  55.75047,-68.18287,103.5077
23.48:  55.99496,-68.18288,103.493
23.49:  56.2426,-68.18367,103.4784
23.51:  56.48893,-68.18523,103.4637
23.53:  56.73655,-68.18601,103.4554
23.54:  56.98256,-68.18833,103.4471
23.56:  57.23505,-68.19065,103.4388
23.58:  57.48176,-68.19144,103.4304
23.59:  57.73547,-68.19144,103.4221
23.61:  57.98582,-68.19146,103.4075
23.63:  58.23758,-68.19148,103.3928
23.64:  58.48692,-68.19226,103.3845
23.66:  58.73924,-68.19228,103.3762
23.68:  58.9866,-68.19305,103.3678
23.69:  59.24204,-68.19383,103.3595
23.71:  59.49386,-68.19384,103.3512
23.73:  59.74733,-68.19386,103.3365
23.74:  59.99962,-68.19387,103.3282
23.76:  60.25277,-68.19388,103.3199
23.78:  60.50109,-68.19391,103.3052
23.79:  60.75562,-68.19392,103.2969
23.81:  61.00961,-68.19393,103.2823
23.83:  61.26097,-68.19396,103.2676
23.84:  61.51071,-68.19398,103.253
23.86:  61.76679,-68.19399,103.2383
23.88:  62.01835,-68.19402,103.2236
23.89:  62.27,-68.19404,103.209
23.91:  62.52199,-68.19405,103.1943
23.93:  62.77528,-68.19407,103.186
23.94:  63.02713,-68.19408,103.1713
23.96:  63.27663,-68.1941,103.163
23.98:  63.52882,-68.19411,103.1547
23.99:  63.78466,-68.19412,103.1464
24.01:  64.03698,-68.19413,103.1381
24.03:  64.29108,-68.19415,103.1234
24.04:  64.54139,-68.19417,103.1151
24.06:  64.79458,-68.19419,103.1004
24.08:  65.04435,-68.19421,103.0858
24.09:  65.30414,-68.19423,103.0711
24.11:  65.54829,-68.19424,103.0565
24.13:  65.80117,-68.19428,103.0355
24.14:  66.05693,-68.19431,103.0081
24.16:  66.30739,-68.19437,102.9745
24.18:  66.55745,-68.1944,102.9408
24.19:  66.81235,-68.19448,102.8881
24.21:  67.06615,-68.19459,102.8164
24.23:  67.31843,-68.19476,102.694
24.24:  67.57001,-68.19516,102.4005
24.26:  67.82497,-68.19601,101.7901
24.28:  68.07347,-68.19711,101.0022
24.29:  68.32959,-68.19821,100.2143
24.31:  68.58265,-68.19932,99.42645
24.33:  68.8441,-68.19805,98.63857
24.34:  69.09415,-68.19341,97.85069
24.36:  69.34251,-68.18538,97.06281
24.38:  69.59378,-68.17379,96.27494
24.39:  69.84391,-68.15881,95.48705
24.41:  70.09927,-68.13998,94.69918
24.43:  70.35179,-68.11787,93.91131
24.44:  70.6031,-68.09238,93.12342
24.46:  70.85512,-68.06332,92.33555
24.48:  71.10257,-68.03133,91.54766
24.49:  71.35487,-67.99517,90.75979
24.51:  71.60627,-67.95561,89.9719
24.53:  71.85526,-67.91291,89.18403
24.54:  72.10323,-67.86687,88.39615
24.56:  72.34988,-67.81755,87.60828
24.58:  72.59692,-67.76462,86.8204
24.59:  72.84608,-67.70763,86.03252
24.61:  73.09153,-67.64793,85.24464
24.63:  73.33672,-67.58472,84.45676
24.64:  73.58052,-67.51826,83.66889
24.66:  73.82569,-67.44781,82.88101
24.68:  74.06423,-67.37569,82.09314
24.69:  74.30782,-67.29837,81.30525
24.71:  74.54842,-67.21835,80.51738
24.73:  74.78703,-67.13532,79.7295
24.74:  75.03145,-67.04649,78.94162
24.76:  75.26467,-66.95808,78.15374
24.78:  75.49724,-66.86623,77.36585
24.79:  75.73051,-66.77039,76.57799
24.81:  75.964,-66.67068,75.7901
24.83:  76.19576,-66.56792,75.00222
24.84:  76.42445,-66.46272,74.21434
24.86:  76.65442,-66.35309,73.42647
24.88:  76.87737,-66.24302,72.63859
24.89:  77.10621,-66.12609,71.85072
24.91:  77.32938,-66.00817,71.06284
24.93:  77.55242,-65.88636,70.27496
24.94:  77.77758,-65.75935,69.48708
24.96:  77.9917,-65.63465,68.6992
24.98:  78.20789,-65.50472,67.91133
25.01:  78.42908,-65.36762,67.12345
25.03:  78.63383,-65.23679,66.33557
25.04:  78.84758,-65.09602,65.54768
25.06:  79.05724,-64.95378,64.75981
25.08:  79.26402,-64.8093,63.97193
25.09:  79.46684,-64.66338,63.18405
25.11:  79.67268,-64.51097,62.39618
25.13:  79.87834,-64.35426,61.6083
25.14:  80.07426,-64.20067,60.82042
25.16:  80.27048,-64.04244,60.03255
25.18:  80.46626,-63.88008,59.24467
25.19:  80.65617,-63.71812,58.45679
25.21:  80.84789,-63.55,57.66891
25.23:  81.03685,-63.37966,56.88103
25.24:  81.22206,-63.20803,56.09315
25.26:  81.40468,-63.03406,55.30527
25.28:  81.58603,-62.85649,54.51739
25.29:  81.76202,-62.67936,53.72952
25.31:  81.93951,-62.49572,52.94164
25.33:  82.11328,-62.31093,52.15376
25.34:  82.28421,-62.12408,51.36588
25.36:  82.4522,-61.93528,50.578
25.38:  82.61873,-61.74287,49.79012
25.39:  82.77837,-61.55321,49.00224
25.41:  82.9416,-61.35377,48.21436
25.43:  83.09917,-61.15575,47.42649
25.44:  83.25419,-60.95536,46.63861
25.46:  83.40563,-60.75392,45.85073
25.48:  83.55566,-60.54855,45.06285
25.49:  83.7018,-60.3426,44.27497
25.51:  83.84482,-60.13507,43.4871
25.53:  83.98405,-59.92696,42.69922
25.54:  84.12386,-59.71164,41.91133
25.56:  84.25854,-59.49784,41.12346
25.58:  84.39022,-59.2823,40.33558
25.59:  84.51746,-59.06742,39.5477
25.61:  84.64474,-58.84557,38.75982
25.63:  84.76723,-58.62512,37.97194
25.64:  84.88824,-58.4001,37.18406
25.66:  85.00402,-58.1775,36.39618
25.68:  85.1188,-57.94923,35.6083
25.69:  85.22909,-57.72215,34.82043
25.71:  85.33654,-57.49295,34.03254
25.73:  85.44073,-57.2625,33.24467
25.74:  85.54097,-57.03244,32.45679
25.76:  85.63963,-56.7972,31.66891
25.78:  85.73419,-56.56275,30.88103
25.79:  85.82432,-56.33014,30.09315
25.81:  85.91356,-56.09005,29.30527
25.83:  85.99852,-55.85148,28.5174
25.84:  86.08037,-55.61126,27.72952
25.86:  86.1583,-55.37178,26.94164
25.88:  86.23341,-55.13122,26.25517
25.89:  86.30607,-54.89029,25.69545
25.91:  86.37978,-54.64866,25.33221
25.93:  86.4575,-54.40816,25.17178
25.94:  86.53785,-54.16639,25.09375
25.96:  86.62785,-53.93319,25.02839
25.98:  86.7305,-53.69474,24.9757
25.99:  86.83269,-53.47495,24.9357
26.01:  86.93674,-53.25074,24.89569
26.03:  87.0426,-53.02214,24.84934
26.04:  87.1471,-52.7961,24.80933
26.06:  87.25208,-52.5685,24.76299
26.08:  87.35593,-52.34291,24.71664
26.09:  87.45937,-52.11777,24.67663
26.11:  87.56512,-51.8871,24.63029
26.13:  87.66902,-51.66006,24.59028
26.14:  87.77312,-51.43217,24.55027
26.16:  87.87696,-51.20435,24.50392
26.18:  87.97905,-50.9799,24.45758
26.19:  88.0825,-50.75202,24.41757
26.21:  88.187,-50.52136,24.37122
26.23:  88.28964,-50.29435,24.33121
26.24:  88.39231,-50.06674,24.27853
26.26:  88.49505,-49.83849,24.23219
26.28:  88.59638,-49.61293,24.19218
26.29:  88.69852,-49.38507,24.14583
26.31:  88.80123,-49.15553,24.10583
26.33:  88.88861,-48.92567,24.05948
26.34:  88.88866,-48.69674,24.01947
26.36:  88.88872,-48.46965,23.97946
26.38:  88.88877,-48.241,23.93312
26.39:  88.88882,-48.01332,23.89311
26.41:  88.88887,-47.78623,23.8531
26.43:  88.88893,-47.54808,23.80676
26.44:  88.88899,-47.3232,23.76041
26.46:  88.88905,-47.09447,23.71406
26.48:  88.88911,-46.86674,23.67405
26.49:  88.88915,-46.63795,23.63404
26.51:  88.88921,-46.40826,23.5877
26.53:  88.88927,-46.17836,23.54135
26.54:  88.88934,-45.94854,23.48867
26.56:  88.8894,-45.72134,23.44866
26.58:  88.88944,-45.48895,23.40865
26.59:  88.8895,-45.26374,23.36864
26.61:  88.88955,-45.0344,23.3223
26.63:  88.8896,-44.80374,23.28229
26.64:  88.88966,-44.57691,23.24228
26.66:  88.88972,-44.33913,23.19594
26.68:  88.88978,-44.11435,23.14959
26.69:  88.88982,-43.8851,23.10959
26.71:  88.88988,-43.65413,23.06324
26.73:  88.88993,-43.4259,23.02323
26.74:  88.89,-43.19375,22.97689
26.76:  88.89005,-42.96406,22.93688
26.78:  88.8901,-42.73187,22.89687
26.79:  88.89016,-42.50624,22.85052
26.81:  88.89022,-42.27348,22.80418
26.83:  88.89027,-42.03487,22.76417
26.84:  88.89033,-41.81094,22.71782
26.86:  88.89038,-41.5793,22.67781
26.88:  88.89044,-41.35261,22.63147
26.89:  88.8905,-41.12177,22.58512
26.91:  88.89056,-40.889,22.54512
26.93:  88.89062,-40.66014,22.49877
26.94:  88.89066,-40.42593,22.45876
26.96:  88.89072,-40.19524,22.41876
26.98:  88.89078,-39.96292,22.37241
26.99:  88.89083,-39.73573,22.32606
27.01:  88.89089,-39.5016,22.28605
27.03:  88.89094,-39.27013,22.24605
27.04:  88.891,-39.03843,22.1997
27.06:  88.89106,-38.80721,22.15335
27.08:  88.89112,-38.57174,22.10701
27.09:  88.89117,-38.34369,22.06066
27.11:  88.89124,-38.11156,22.01432
27.13:  88.8913,-37.88095,21.96797
27.14:  88.89135,-37.64005,21.92796
27.16:  88.8914,-37.41582,21.88795
27.18:  88.89146,-37.18311,21.84161
27.19:  88.89153,-36.9455,21.79526
27.21:  88.89158,-36.71859,21.75526
27.23:  88.89164,-36.48725,21.70891
27.24:  88.89169,-36.25552,21.66256
27.26:  88.89175,-36.02278,21.61621
27.28:  88.89182,-35.78866,21.56987
27.29:  88.89187,-35.56195,21.52986
27.31:  88.89191,-35.3249,21.48985
27.33:  88.89198,-35.09254,21.44351
27.34:  88.89204,-34.85946,21.39716
27.36:  88.89211,-34.62682,21.35082
27.38:  88.89215,-34.39249,21.31081
27.39:  88.8922,-34.16368,21.2708
27.41:  88.89226,-33.93035,21.22446
27.43:  88.89232,-33.69523,21.17811
27.44:  88.89239,-33.46153,21.13177
27.46:  88.89244,-33.22892,21.08542
27.48:  88.8925,-32.99383,21.04541
27.49:  88.89256,-32.76453,21.00541
27.51:  88.89261,-32.52766,20.95906
27.53:  88.89267,-32.29395,20.91271
27.54:  88.89273,-32.06118,20.86637
27.56:  88.89278,-31.82929,20.82636
27.58:  88.89284,-31.59586,20.78635
27.59:  88.89289,-31.36343,20.74634
27.61:  88.89294,-31.1265,20.70634
27.63:  88.893,-30.8925,20.65999
27.64:  88.89307,-30.65844,20.61364
27.66:  88.89311,-30.42548,20.57364
27.68:  88.89317,-30.18907,20.53363
27.69:  88.89322,-29.95846,20.48728
27.71:  88.89329,-29.72196,20.44094
27.73:  88.89334,-29.48768,20.40093
27.74:  88.89339,-29.25333,20.35458
27.76:  88.89346,-29.01836,20.30824
27.78:  88.89352,-28.78573,20.26189
27.79:  88.89358,-28.54941,20.22189
27.81:  88.89364,-28.31527,20.17554
27.83:  88.89369,-28.07997,20.12919
27.84:  88.89375,-27.84554,20.08919
27.86:  88.89381,-27.61002,20.04284
27.88:  88.89386,-27.37475,20.00283
27.89:  88.89391,-27.14259,19.96282
27.91:  88.89397,-26.90586,19.92282
27.93:  88.89403,-26.67024,19.87647
27.94:  88.89409,-26.43633,19.83013
27.96:  88.89415,-26.20056,19.78378
27.98:  88.89421,-25.96404,19.73744
27.99:  88.89427,-25.73264,19.69109
28.01:  88.89433,-25.49425,19.65108
28.03:  88.89439,-25.25858,19.60474
28.04:  88.89444,-25.02272,19.56473
28.06:  88.89449,-24.7886,19.51838
28.08:  88.89456,-24.54344,19.47203
28.09:  88.89462,-24.31785,19.42569
28.11:  88.89468,-24.08072,19.38568
28.13:  88.89474,-23.84389,19.33934
28.14:  88.8948,-23.60724,19.29299
28.16:  88.89485,-23.37241,19.24664
28.18:  88.89492,-23.13501,19.2003
28.19:  88.89498,-22.90215,19.15395
28.21:  88.89504,-22.66444,19.10761
28.23:  88.8951,-22.42842,19.06126
28.24:  88.89516,-22.19085,19.01492
28.26:  88.89523,-21.95581,18.96857
28.28:  88.89527,-21.71782,18.92856
28.29:  88.89533,-21.48396,18.88222
28.31:  88.8954,-21.2389,18.83587
28.33:  88.89545,-21.00418,18.78953
28.34:  88.89551,-20.77002,18.74952
28.36:  88.89556,-20.53362,18.70951
28.38:  88.89562,-20.2965,18.6695
28.39:  88.89568,-20.06383,18.62316
28.41:  88.89573,-19.8241,18.58315
28.43:  88.89579,-19.57985,18.54314
28.44:  88.89584,-19.34901,18.50313
28.46:  88.89589,-19.11268,18.46313
28.48:  88.89594,-18.87508,18.42311
28.49:  88.896,-18.64145,18.37677
28.51:  88.89606,-18.40032,18.33043
28.53:  88.89612,-18.16296,18.29042
28.54:  88.89618,-17.92557,18.25041
28.56:  88.89622,-17.6833,18.2104
28.58:  88.89628,-17.45141,18.17039
28.59:  88.89634,-17.2154,18.12405
28.61:  88.8964,-16.97615,18.0777
28.63:  88.89646,-16.73846,18.03136
28.64:  88.89653,-16.50032,17.98501
28.66:  88.89659,-16.26268,17.93866
28.68:  88.89664,-16.01907,17.89866
28.69:  88.89669,-15.78329,17.85865
28.71:  88.89675,-15.54727,17.81864
28.73:  88.8968,-15.31013,17.77864
28.74:  88.89686,-15.07174,17.73863
28.76:  88.89691,-14.83412,17.69228
28.78:  88.89698,-14.59703,17.64594
28.79:  88.89703,-14.36041,17.59959
28.81:  88.89709,-14.11937,17.55325
28.83:  88.89716,-13.88073,17.5069
28.84:  88.89722,-13.64181,17.46689
28.86:  88.89727,-13.40359,17.42054
28.88:  88.89734,-13.1595,17.3742
28.89:  88.89738,-12.92891,17.33419
28.91:  88.89745,-12.6829,17.29418
28.93:  88.8975,-12.44395,17.25417
28.94:  88.89756,-12.2103,17.20783
28.96:  88.89761,-11.9711,17.16782
28.98:  88.89766,-11.73201,17.12781
28.99:  88.89773,-11.49632,17.08147
29.01:  88.89778,-11.2533,17.04146
29.03:  88.89784,-11.00865,16.99511
29.04:  88.8979,-10.77573,16.94877
29.06:  88.89796,-10.52791,16.90242
29.08:  88.89803,-10.29609,16.85608
29.09:  88.89808,-10.061,16.81607
29.11:  88.89814,-9.820122,16.76972
29.13:  88.89819,-9.580642,16.72972
29.14:  88.89825,-9.339898,16.68337
29.16:  88.89831,-9.101185,16.64336
29.18:  88.89837,-8.863606,16.60335
29.19:  88.89843,-8.624361,16.557
29.21:  88.89849,-8.382184,16.51066
29.23:  88.89854,-8.141861,16.47065
29.24:  88.89861,-7.9024,16.42431
29.26:  88.89867,-7.6633,16.37796
29.28:  88.89873,-7.417431,16.33162
29.29:  88.8988,-7.181268,16.28527
29.31:  88.89884,-6.940028,16.24526
29.33:  88.8989,-6.701574,16.20525
29.34:  88.89896,-6.456595,16.15891
29.36:  88.89902,-6.222421,16.11256
29.38:  88.89909,-5.981063,16.06622
29.39:  88.89915,-5.74282,16.01987
29.41:  88.89921,-5.501645,15.97352
29.43:  88.89928,-5.261158,15.92718
29.44:  88.89932,-5.019895,15.88717
29.46:  88.89939,-4.779368,15.84082
29.48:  88.89945,-4.537854,15.79448
29.49:  88.89951,-4.300654,15.75447
29.51:  88.89957,-4.056354,15.70812
29.53:  88.89963,-3.817752,15.66178
29.54:  88.89969,-3.576261,15.61543
29.56:  88.89975,-3.337825,15.56909
29.58:  88.89982,-3.097416,15.52274
29.59:  88.89988,-2.855566,15.47639
29.61:  88.89994,-2.612242,15.43005
29.63:  88.9,-2.371358,15.3837
29.64:  88.90007,-2.123599,15.33736
29.66:  88.90012,-1.888922,15.29101
29.68:  88.9002,-1.646982,15.23833
29.69:  88.90029,-1.409161,15.16663
29.71:  88.90041,-1.16524,15.08226
29.73:  88.90053,-0.9243066,14.99155
29.74:  88.9007,-0.6828123,14.86915
29.76:  88.90092,-0.4404694,14.70238
29.78:  88.90122,-0.1975793,14.47858
29.79:  88.90158,0.04085752,14.21674
29.81:  88.90198,0.2854128,13.92322
29.83:  88.90244,0.5288304,13.57899
29.84:  88.90302,0.7706892,13.15871
29.86:  88.90377,1.016251,12.599
29.88:  88.90482,1.267015,11.83013
29.89:  88.9059,1.507633,11.04225
29.91:  88.90698,1.753288,10.25437
29.93:  88.90807,1.999524,9.466492
29.94:  88.90916,2.246627,8.678614
29.96:  88.91024,2.493135,7.890735
29.98:  88.91134,2.742721,7.102856
29.99:  88.91243,2.988413,6.314977
30.01:  88.91352,3.238885,5.527099
30.03:  88.91461,3.488536,4.73922
30.04:  88.91572,3.74537,3.951341
30.06:  88.91681,3.99363,3.163462
30.08:  88.91791,4.238028,2.375583
30.09:  88.91901,4.483962,1.587704
30.11:  88.92011,4.743705,0.7998255
30.13:  88.92017,4.988028,0.01194666
30.14:  88.91679,5.237478,359.2241
30.16:  88.90996,5.487536,358.4362
30.18:  88.89966,5.738271,357.6483
30.19:  88.88618,5.984032,356.8604
30.21:  88.86882,6.236904,356.0725
30.23:  88.84846,6.483754,355.2847
30.24:  88.82482,6.729101,354.4968
30.26:  88.79746,6.977291,353.7089
30.28:  88.76669,7.225085,352.9211
30.29:  88.73239,7.473301,352.1331
30.31:  88.69447,7.722384,351.3453
30.33:  88.65293,7.972201,350.5574
30.34:  88.60856,8.218061,349.7695
30.36:  88.56073,8.463672,348.9816
30.38:  88.50946,8.708969,348.1938
30.39:  88.45592,8.948631,347.4059
30.41:  88.39745,9.194389,346.618
30.43:  88.33415,9.445083,345.8301
30.44:  88.27112,9.681036,345.0422
30.46:  88.20361,9.920462,344.2544
30.48:  88.13198,10.16176,343.4665
30.49:  88.05843,10.3976,342.6786
30.51:  87.98056,10.63572,341.8907
30.53:  87.90015,10.8706,341.1028
30.54:  87.81611,11.10552,340.315
30.56:  87.7253,11.34873,339.5271
30.58:  87.63689,11.57597,338.7392
30.59:  87.54438,11.80438,337.9513
30.61:  87.44628,12.03733,337.1635
30.63:  87.34631,12.26589,336.3756
30.64:  87.23967,12.50084,335.5877
30.66:  87.1363,12.72052,334.7998
30.68:  87.026,12.94678,334.0119
30.69:  86.91439,13.16796,333.2241
30.71:  86.79887,13.38928,332.4362
30.73:  86.67744,13.61429,331.6483
30.74:  86.55817,13.82825,330.8604
30.76:  86.43472,14.04271,330.0725
30.78:  86.30585,14.2596,329.2847
30.79:  86.17593,14.47159,328.4968
30.81:  86.04194,14.68361,327.7089
30.83:  85.90495,14.89391,326.921
30.84:  85.76566,15.10146,326.1331
30.86:  85.62391,15.30652,325.3453
30.88:  85.47807,15.51142,324.5574
30.89:  85.33286,15.7096,323.7695
30.91:  85.18084,15.9112,322.9816
30.93:  85.02695,16.10956,322.1938
30.94:  84.87129,16.30458,321.4059
30.96:  84.71214,16.49847,320.618
30.98:  84.5498,16.69077,319.8301
30.99:  84.38744,16.87782,319.0422
31.01:  84.22086,17.06448,318.2544
31.03:  84.05225,17.24829,317.4665
31.04:  83.88026,17.43066,316.6786
31.06:  83.70914,17.60718,315.8907
31.08:  83.52953,17.78743,315.1028
31.09:  83.35109,17.96166,314.315
31.11:  83.17039,18.13329,313.5271
31.13:  82.9864,18.30331,312.7392
31.14:  82.79941,18.47139,311.9514
31.16:  82.61177,18.63544,311.1635
31.18:  82.42077,18.79786,310.3756
31.19:  82.22363,18.96088,309.5877
31.21:  82.03068,19.11601,308.7998
31.23:  81.83537,19.26867,308.0119
31.24:  81.63563,19.42056,307.2494
31.26:  81.44012,19.56535,306.5249
31.28:  81.23477,19.7137,305.8448
31.29:  81.03334,19.85574,305.19
31.31:  80.82413,19.99989,304.5669
31.33:  80.61636,20.1399,303.9755
31.34:  80.40827,20.27746,303.4665
31.36:  80.19933,20.41326,303.0208
31.38:  79.98923,20.54798,302.6703
31.39:  79.7797,20.68103,302.4148
31.41:  79.5666,20.81544,302.2417
31.43:  79.3567,20.94734,302.1446
31.44:  79.13596,21.08563,302.0666
31.46:  78.92609,21.21668,301.9822
31.48:  78.71728,21.34668,301.9042
31.49:  78.50489,21.47853,301.8325
31.51:  78.29224,21.61018,301.7608
31.53:  78.08057,21.74085,301.6891
31.54:  77.86793,21.87176,301.6174
31.56:  77.65421,22.00296,301.5457
31.58:  77.44079,22.13361,301.474
31.59:  77.23023,22.26215,301.4023
31.61:  77.01362,22.39401,301.3306
31.63:  76.79358,22.52758,301.2589
31.64:  76.5842,22.65432,301.1872
31.66:  76.37079,22.78314,301.1155
31.68:  76.15825,22.91107,301.0438
31.69:  75.93845,23.04299,300.9721
31.71:  75.73033,23.16755,300.9005
31.73:  75.51514,23.29597,300.8287
31.74:  75.29993,23.42405,300.757
31.76:  75.08488,23.55166,300.6853
31.78:  74.8695,23.6791,300.6136
31.79:  74.65687,23.80456,300.5419
31.81:  74.43956,23.93241,300.4702
31.83:  74.22607,24.05766,300.3986
31.84:  74.00869,24.18483,300.3268
31.86:  73.79105,24.31174,300.2488
31.88:  73.57452,24.43765,300.1771
31.89:  73.36155,24.56113,300.1054
31.91:  73.14272,24.68764,300.0337
31.93:  72.92619,24.81247,299.962
31.94:  72.70544,24.93939,299.8967
31.96:  72.49285,25.06129,299.8313
31.98:  72.27721,25.18459,299.7596
31.99:  72.05827,25.30944,299.6942
32.01:  71.84041,25.43338,299.6352
32.03:  71.62004,25.55002,299.5762
32.04:  71.39539,25.66035,299.5235
32.06:  71.15663,25.76052,299.4708
32.08:  70.9293,25.84553,299.4182
32.09:  70.67922,25.9255,299.3654
32.11:  70.43715,25.99521,299.3064
32.13:  70.18096,26.05724,299.2538
32.14:  69.93974,26.10931,299.201
32.16:  69.69429,26.14096,299.1484
32.18:  69.44538,26.15739,299.0957
32.19:  69.19688,26.16924,299.043
32.21:  68.94737,26.17426,298.9903
32.23:  68.69801,26.1747,298.9377
32.24:  68.44868,26.16733,298.8849
32.26:  68.19637,26.14656,298.8323
32.28:  67.95387,26.12236,298.7796
32.29:  67.70699,26.09602,298.7142
32.31:  67.46488,26.06643,298.6362
32.33:  67.2251,26.03522,298.5265
32.34:  66.98413,25.9977,298.3661
32.36:  66.74635,25.95624,298.1359
32.38:  66.50676,25.91298,297.7917
32.39:  66.26842,25.86618,297.3714
32.41:  66.03052,25.81581,296.8877
32.43:  65.79251,25.76101,296.3217
32.44:  65.5572,25.70249,295.6923
32.46:  65.3233,25.6414,295.0185
32.48:  65.08926,25.5787,294.2939
32.49:  64.85715,25.51174,293.5631
32.51:  64.62373,25.44115,292.8323
32.53:  64.3914,25.36926,292.0951
32.54:  64.1594,25.29419,291.3579
32.56:  63.92888,25.21627,290.6144
32.58:  63.69708,25.1345,289.8582
32.59:  63.47309,25.05048,289.0957
32.61:  63.24601,24.96184,288.3332
32.63:  63.01943,24.87156,287.5643
32.64:  62.79481,24.7806,286.7954
32.66:  62.57207,24.6869,286.0266
32.68:  62.34682,24.59769,285.264
32.69:  62.11521,24.51218,284.5396
32.71:  61.88136,24.42594,283.9164
32.73:  61.64156,24.35198,283.4391
32.74:  61.39987,24.28968,283.1202
32.76:  61.15477,24.23826,282.9662
32.78:  60.90478,24.20229,282.8881
32.79:  60.65074,24.19214,282.8228
32.81:  60.39624,24.19722,282.7764
32.83:  60.14559,24.22121,282.7301
32.84:  59.89841,24.26179,282.6901
32.86:  59.6529,24.31191,282.6627
32.88:  59.41007,24.36635,282.6354
32.89:  59.16475,24.42122,282.6081
32.91:  58.92125,24.47556,282.5807
32.93:  58.67653,24.53006,282.5534
32.94:  58.42707,24.58548,282.5261
32.96:  58.18948,24.63815,282.4987
32.98:  57.94516,24.69218,282.4714
32.99:  57.6999,24.74625,282.4314
33.01:  57.45862,24.8068,282.4041
33.03:  57.21964,24.87417,282.3767
33.04:  56.97813,24.94724,282.3494
33.06:  56.73867,25.02209,282.3157
33.08:  56.49618,25.09518,282.2884
33.09:  56.25928,25.16646,282.261
33.11:  56.0178,25.24157,282.2337
33.13:  55.77737,25.31363,282.2
33.14:  55.53801,25.38776,282.1664
33.16:  55.29794,25.45941,282.1327
33.18:  55.05966,25.53037,282.0991
33.19:  54.81993,25.60161,282.0654
33.21:  54.57604,25.67393,282.0317
33.23:  54.3358,25.74501,281.998
33.24:  54.09549,25.81596,281.9644
33.26:  53.86275,25.8777,281.937
33.28:  53.67044,25.9308,281.9034
33.29:  53.51077,25.97181,281.876
33.31:  53.36787,26.00177,281.8423
33.33:  53.25775,26.02481,281.815
33.34:  53.25775,26.02481,281.7814
33.36:  53.25775,26.02481,281.754
33.38:  53.25775,26.02481,281.7267
33.39:  53.25775,26.02481,281.6993
33.41:  53.25775,26.02481,281.6657
33.43:  53.25775,26.02481,281.632
33.44:  53.25775,26.02481,281.5984
33.46:  53.25775,26.02481,281.571
33.48:  53.25775,26.02481,281.5374
33.49:  53.25775,26.02481,281.51
33.51:  53.25775,26.02481,281.4763
33.53:  53.25775,26.02481,281.449
33.54:  53.25775,26.02481,281.4153
33.56:  53.25775,26.02481,281.388
33.58:  53.25775,26.02481,281.3607
33.59:  53.25775,26.02481,281.327
33.61:  53.25775,26.02481,281.2997
33.63:  53.25775,26.02481,281.266
33.64:  53.25775,26.02481,281.2387
33.66:  53.25775,26.02481,281.205
33.68:  53.25775,26.02481,281.1713
33.69:  53.25775,26.02481,281.144
33.71:  53.25775,26.02481,281.1103
33.73:  53.25775,26.02481,281.0767
33.74:  53.25775,26.02481,281.043
33.76:  53.25775,26.02481,281.0093
33.78:  53.25291,26.02575,280.9756
33.79:  53.17939,26.03997,280.9483
33.81:  53.01444,26.07178,280.9146
33.83:  52.76971,26.12384,280.8873
33.84:  52.52598,26.18308,280.8536
33.86:  52.2831,26.24198,280.8263
33.88:  52.04293,26.30008,280.7927
33.89:  51.78991,26.36116,280.7653
33.91:  51.55196,26.41848,280.738
33.93:  51.30931,26.47681,280.7106
33.94:  51.06635,26.53507,280.677
33.96:  50.82367,26.59311,280.6433
33.98:  50.57935,26.65138,280.6096
33.99:  50.33882,26.70861,280.576
34.01:  50.09222,26.76712,280.5423
34.03:  49.85205,26.78159,280.515
34.04:  49.60517,26.78163,280.4813
34.06:  49.36172,26.78168,280.4476
34.08:  49.11794,26.78173,280.4139
34.09:  48.87761,26.78177,280.3803
34.11:  48.63041,26.78181,280.353
34.13:  48.38717,26.78185,280.3256
34.14:  48.14382,26.78188,280.2983
34.16:  47.89846,26.78192,280.2709
34.18:  47.65489,26.78196,280.2436
34.19:  47.41514,26.78199,280.2163
34.21:  47.16141,26.78204,280.1826
34.23:  46.92321,26.78285,280.1489
34.24:  46.67993,26.78285,280.1153
34.26:  46.43536,26.78285,280.0816
34.28:  46.19504,26.78285,280.0543
34.29:  45.94949,26.78285,280.0206
34.31:  45.70486,26.78285,279.9869
34.33:  45.45447,26.78312,279.9532
34.34:  45.21114,26.78312,279.9259
34.36:  44.96978,26.78319,279.8986
34.38:  44.72418,26.78319,279.8712
34.39:  44.48262,26.78327,279.8376
34.41:  44.23661,26.78327,279.8102
34.43:  43.9936,26.78327,279.7829
34.44:  43.74784,26.78327,279.7492
34.46:  43.50463,26.78327,279.7219
34.48:  43.25846,26.78327,279.6946
34.49:  43.01771,26.78327,279.6609
34.51:  42.77006,26.78356,279.6272
34.53:  42.52531,26.78361,279.5936
34.54:  42.27977,26.78442,279.5599
34.56:  42.03362,26.78523,279.5326
34.58:  41.78981,26.78605,279.4989
34.59:  41.54403,26.78609,279.4652
34.61:  41.2966,26.78614,279.4315
34.63:  41.04959,26.78618,279.4042
34.64:  40.80338,26.78699,279.3769
34.66:  40.55729,26.78699,279.3495
34.68:  40.3096,26.78707,279.3159
34.69:  40.06476,26.78711,279.2885
34.71:  39.81631,26.78716,279.2549
34.73:  39.56892,26.78719,279.2275
34.74:  39.32151,26.78723,279.2002
34.76:  39.0761,26.78728,279.1665
34.78:  38.82914,26.78732,279.1392
34.79:  38.58608,26.78736,279.1055
34.81:  38.33381,26.78741,279.0719
34.83:  38.08842,26.78745,279.0382
34.84:  37.84125,26.7875,279.0045
34.86:  37.59441,26.78755,278.9709
34.88:  37.34555,26.78758,278.9435
34.89:  37.10033,26.78763,278.9099
34.91:  36.85461,26.78767,278.8825
34.93:  36.60641,26.78772,278.8488
34.94:  36.35947,26.78777,278.8088
34.96:  36.11213,26.78782,278.7688
34.98:  35.8647,26.78788,278.7288
34.99:  35.62018,26.78794,278.6888
35.01:  35.37102,26.78799,278.6488
35.03:  35.12474,26.78806,278.6024
35.04:  34.87645,26.78814,278.5434
35.06:  34.63275,26.78822,278.4844
35.08:  34.37772,26.78831,278.4191
35.09:  34.13179,26.78842,278.341
35.11:  33.88699,26.78852,278.263
35.13:  33.64064,26.78864,278.1786
35.14:  33.39286,26.78877,278.0816
35.16:  33.14579,26.78894,277.9592
35.18:  32.89666,26.78918,277.7861
35.19:  32.65154,26.78949,277.5623
35.21:  32.40038,26.78988,277.2814
35.23:  32.15354,26.79034,276.9499
35.24:  31.90473,26.79085,276.5803
35.26:  31.65626,26.79141,276.179
35.28:  31.40973,26.792,275.7524
35.29:  31.15846,26.79265,275.2878
35.31:  30.91013,26.79332,274.8041
35.33:  30.66053,26.79405,274.2824
35.34:  30.41044,26.79479,273.748
35.36:  30.16027,26.79555,273.2073
35.38:  29.91112,26.79633,272.6476
35.39:  29.66444,26.79712,272.0752
35.41:  29.41205,26.79793,271.4965
35.43:  29.16143,26.79875,270.9114
35.44:  28.91162,26.79958,270.32
35.46:  28.66183,26.79839,269.7286
35.48:  28.41495,26.7947,269.1436
35.49:  28.16579,26.78843,268.5585
35.51:  27.91253,26.77947,267.9734
35.53:  27.663,26.76809,267.3884
35.54:  27.41307,26.75413,266.8033
35.56:  27.16616,26.73781,266.2182
35.58:  26.91666,26.71876,265.6331
35.59:  26.66444,26.69687,265.0417
35.61:  26.41594,26.6729,264.4884
35.63:  26.16742,26.64682,264.011
35.64:  25.91958,26.61915,263.6288
35.66:  25.67026,26.5903,263.3987
35.68:  25.42227,26.5612,263.308
35.69:  25.17659,26.53201,263.2236
35.71:  24.92583,26.50186,263.1455
35.73:  24.67735,26.47168,263.0739
35.74:  24.42931,26.44126,263.0085
35.76:  24.1811,26.41051,262.9368
35.78:  23.93171,26.37929,262.8651
35.79:  23.68769,26.34846,262.7997
35.81:  23.43724,26.3165,262.728
35.83:  23.19249,26.28493,262.65
35.84:  22.94112,26.25213,262.5656
35.86:  22.68774,26.21849,262.4369
35.88:  22.4445,26.18539,262.2511
35.89:  22.19773,26.15066,261.9893
35.91:  21.95098,26.11442,261.6451
35.93:  21.7041,26.07634,261.2311
35.94:  21.45752,26.03614,260.7411
35.96:  21.21179,25.99356,260.1687
35.98:  20.96822,25.94854,259.5266
35.99:  20.71958,25.89948,258.8401
36.01:  20.46911,25.84672,258.103
36.03:  20.22717,25.79237,257.3405
36.04:  19.98775,25.73512,256.5526
36.06:  19.7459,25.67377,255.7647
36.08:  19.50296,25.60857,254.9768
36.09:  19.26515,25.54122,254.1889
36.11:  19.02418,25.46939,253.4011
36.13:  18.78522,25.39457,252.6132
36.14:  18.54803,25.3167,251.8253
36.16:  18.31156,25.23545,251.0374
36.18:  18.07787,25.15154,250.2496
36.19:  17.84368,25.0638,249.4617
36.21:  17.60452,24.97043,248.6738
36.23:  17.37709,24.87802,247.8859
36.24:  17.14787,24.78119,247.098
36.26:  16.91817,24.6804,246.3102
36.28:  16.69042,24.57672,245.5223
36.29:  16.46614,24.47087,244.7344
36.31:  16.24074,24.36067,243.9465
36.33:  16.01104,24.24443,243.1586
36.34:  15.79257,24.13008,242.3708
36.36:  15.57451,24.01209,241.5829
36.38:  15.35718,23.8906,240.795
36.39:  15.13945,23.76493,240.0071
36.41:  14.92597,23.63777,239.2193
36.43:  14.71352,23.50723,238.4314
36.44:  14.50218,23.37333,237.6435
36.46:  14.29251,23.23642,236.8556
36.48:  14.08095,23.09408,236.0677
36.49:  13.87861,22.95387,235.2799
36.51:  13.67331,22.80739,234.492
36.53:  13.47444,22.66133,233.7041
36.54:  13.27467,22.51034,232.9162
36.56:  13.07817,22.35751,232.1284
36.58:  12.88163,22.20028,231.3405
36.59:  12.68984,22.04248,230.5526
36.61:  12.49913,21.88112,229.7647
36.63:  12.31032,21.71686,228.9768
36.64:  12.12346,21.54972,228.189
36.66:  11.9395,21.38056,227.4011
36.68:  11.75754,21.20858,226.6132
36.69:  11.57948,21.03557,225.8253
36.71:  11.40193,20.85825,225.0374
36.73:  11.22919,20.68092,224.2496
36.74:  11.0582,20.5005,223.4617
36.76:  10.88602,20.31378,222.6801
36.78:  10.71941,20.12845,221.9556
36.79:  10.55438,19.9404,221.2692
36.81:  10.39236,19.75133,220.5954
36.83:  10.22659,19.55323,219.9216
36.84:  10.07221,19.36427,219.2478
36.86:  9.916538,19.16908,218.574
36.88:  9.763317,18.97252,217.9382
36.89:  9.612694,18.775,217.3278
36.91:  9.462234,18.57355,216.7554
36.93:  9.314137,18.37159,216.2527
36.94:  9.167498,18.16833,215.8071
36.96:  9.022748,17.96493,215.4375
36.98:  8.878267,17.76026,215.2201
36.99:  8.736718,17.55917,215.142
37.01:  8.591398,17.35222,215.0767
37.03:  8.447874,17.14748,215.0303
37.04:  8.303918,16.94186,214.9967
37.06:  8.161119,16.73774,214.9757
37.08:  8.01671,16.53111,214.9483
37.09:  7.875692,16.32912,214.921
37.11:  7.73197,16.1231,214.9
37.13:  7.588494,15.91727,214.879
37.14:  7.445761,15.71235,214.858
37.16:  7.303131,15.50741,214.837
37.18:  7.161873,15.30429,214.816
37.19:  7.018073,15.09725,214.7823
37.21:  6.877056,14.89402,214.755
37.23:  6.732807,14.68591,214.7277
37.24:  6.591862,14.48231,214.694
37.26:  6.44802,14.27427,214.6604
37.28:  6.30578,14.06829,214.6267
37.29:  6.1637,13.86228,214.593
37.31:  6.022706,13.65759,214.5593
37.33:  5.880608,13.45103,214.5257
37.34:  5.738495,13.24424,214.4983
37.36:  5.599332,13.04149,214.4647
37.38:  5.455615,12.83184,214.431
37.39:  5.316139,12.62817,214.4037
37.41:  5.173971,12.4203,214.37
37.43:  5.028448,12.20732,214.3427
37.44:  4.89217,12.00766,214.3153
37.46:  4.7512,11.80081,214.2753
37.48:  4.611755,11.59589,214.2353
37.49:  4.471658,11.38951,214.17
37.51:  4.329521,11.17962,214.1046
37.53:  4.190022,10.97291,214.0139
37.54:  4.050484,10.76499,213.8661
37.56:  3.912096,10.55693,213.6297
37.58:  3.774188,10.34677,213.2728
37.59:  3.639171,10.13774,212.8588
37.61:  3.505668,9.92727,212.3878
37.63:  3.373457,9.714636,211.8725
37.64:  3.243681,9.501458,211.3318
37.66:  3.115908,9.28688,210.7721
37.68:  2.989991,9.070475,210.1933
37.69:  2.867533,8.855038,209.6146
37.71:  2.74523,8.634724,209.0359
37.73:  2.626825,8.416259,208.4572
37.74:  2.508807,8.193158,207.8784
37.76:  2.394136,7.970984,207.2997
37.78:  2.281399,7.747098,206.7273
37.79:  2.172267,7.525057,206.1739
37.81:  2.063257,7.297874,205.6332
37.83:  1.956995,7.071604,205.1559
37.84:  1.85237,6.844505,204.7356
37.86:  1.749337,6.617012,204.3661
37.88:  1.646892,6.387834,204.0852
37.89:  1.546656,6.161159,203.8551
37.91:  1.445994,5.931717,203.6883
37.93:  1.345769,5.702007,203.5722
37.94:  1.24748,5.475895,203.4942
37.96:  1.143349,5.235377,203.4098
37.98:  1.046504,5.010847,203.3318
37.99:  0.949061,4.784153,203.2601
38.01:  0.8509149,4.555102,203.1947
38.03:  0.751951,4.323485,203.1357
38.04:  0.6544046,4.094532,203.0767
38.06:  0.5568923,3.865004,203.0177
38.08:  0.4585096,3.632763,202.9586
38.09:  0.3616671,3.403359,202.8869
38.11:  0.2652618,3.17419,202.8152
38.13:  0.1686356,2.943189,202.6992
38.14:  0.07257088,2.711349,202.5071
38.16:  -0.02179218,2.480202,202.2072
38.18:  -0.1132833,2.25138,201.7933
38.19:  -0.2049427,2.016017,201.2779
38.21:  -0.2932839,1.782141,200.6928
38.23:  -0.3784526,1.548865,200.0571
38.24:  -0.4634276,1.307255,199.3769
38.26:  -0.5423213,1.073961,198.6841
38.28:  -0.6197237,0.8354383,197.9786
38.29:  -0.6932116,0.5990136,197.2668
38.31:  -0.7647922,0.3582103,196.555
38.33:  -0.8333467,0.1166388,195.8432
38.34:  -0.8984601,-0.1241584,195.1313
38.36:  -0.9606909,-0.366189,194.4195
38.38:  -1.020032,-0.6090062,193.733
38.39:  -1.076138,-0.8510099,193.0529
38.41:  -1.130115,-1.097068,192.3728
38.43:  -1.180297,-1.339681,191.6863
38.44:  -1.228344,-1.586571,191.0125
38.46:  -1.273318,-1.832023,190.3831
38.48:  -1.315718,-2.076737,189.8297
38.49:  -1.356475,-2.32387,189.3651
38.51:  -1.395845,-2.572208,189.0081
38.53:  -1.434338,-2.819317,188.8541
38.54:  -1.472649,-3.066931,188.795
38.56:  -1.510169,-3.310923,188.7424
38.58:  -1.548528,-3.561902,188.6897
38.59:  -1.586026,-3.808769,188.637
38.61:  -1.623223,-4.055176,188.5843
38.63:  -1.660315,-4.302431,188.5316
38.64:  -1.698426,-4.558085,188.4789
38.66:  -1.7341,-4.798903,188.4263
38.68:  -1.770589,-5.046604,188.3799
38.69:  -1.806365,-5.291027,188.3272
38.71:  -1.84238,-5.53867,188.2745
38.73:  -1.87822,-5.786713,188.2219
38.74:  -1.913906,-6.035111,188.1755
38.76:  -1.948906,-6.280142,188.1292
38.78:  -1.98436,-6.52999,188.0765
38.79:  -2.019099,-6.776225,188.0301
38.81:  -2.053956,-7.024755,187.9838
38.83:  -2.08845,-7.272159,187.9375
38.84:  -2.122812,-7.520073,187.8911
38.86:  -2.156764,-7.766695,187.8384
38.88:  -2.1903,-8.011768,187.7921
38.89:  -2.224385,-8.262569,187.7394
38.91:  -2.257914,-8.510783,187.693
38.93:  -2.291095,-8.758129,187.6404
38.94:  -2.325171,-9.013945,187.5877
38.96:  -2.357419,-9.257733,187.535
38.98:  -2.389715,-9.503639,187.4823
38.99:  -2.421749,-9.749077,187.436
39.01:  -2.453918,-9.997335,187.3833
39.03:  -2.485966,-10.24646,187.3306
39.04:  -2.517594,-10.49388,187.2842
39.06:  -2.549004,-10.74142,187.2316
39.08:  -2.580355,-10.99034,187.1789
39.09:  -2.61094,-11.23497,187.1262
39.11:  -2.642111,-11.48617,187.0735
39.13:  -2.672665,-11.73404,187.0272
39.14:  -2.702697,-11.97954,186.9745
39.16:  -2.732741,-12.22679,186.9281
39.18:  -2.763018,-12.47765,186.8818
39.19:  -2.792791,-12.72626,186.8291
39.21:  -2.822288,-12.9745,186.7764
39.23:  -2.851641,-13.22348,186.7237
39.24:  -2.880747,-13.47234,186.6711
39.26:  -2.909424,-13.71949,186.6184
39.28:  -2.939059,-13.97696,186.5657
39.29:  -2.966492,-14.21726,186.513
39.31:  -2.99455,-14.46529,186.454
39.33:  -3.022424,-14.7135,186.4076
39.34:  -3.050222,-14.96284,186.3613
39.36:  -3.077546,-15.21,186.3086
39.38:  -3.104513,-15.456,186.2559
39.39:  -3.131943,-15.70811,186.2096
39.41:  -3.158696,-15.95585,186.1632
39.43:  -3.185376,-16.20506,186.1105
39.44:  -3.21174,-16.45323,186.0642
39.46:  -3.237864,-16.70104,186.0179
39.48:  -3.263884,-16.94979,185.9715
39.49:  -3.290499,-17.20624,185.9252
39.51:  -3.315873,-17.45267,185.8788
39.53:  -3.340816,-17.69685,185.8325
39.54:  -3.366125,-17.94662,185.7861
39.56:  -3.390977,-18.19413,185.7334
39.58:  -3.415569,-18.44107,185.6871
39.59:  -3.440147,-18.6902,185.6344
39.61:  -3.464631,-18.94074,185.5817
39.63:  -3.48858,-19.18814,185.529
39.64:  -3.512557,-19.43822,185.4764
39.66:  -3.536129,-19.6865,185.4237
39.68:  -3.559677,-19.93697,185.371
39.69:  -3.582847,-20.18587,185.3183
39.71:  -3.605738,-20.43394,185.272
39.73:  -3.628414,-20.68218,185.2193
39.74:  -3.650983,-20.93178,185.1666
39.76:  -3.673214,-21.1802,185.1139
39.78:  -3.69543,-21.43104,185.0612
39.79:  -3.716974,-21.67686,185.0085
39.81:  -3.739248,-21.93374,184.9559
39.83:  -3.76049,-22.18135,184.9032
39.84:  -3.781277,-22.42631,184.8505
39.86:  -3.802192,-22.6755,184.7978
39.88:  -3.822922,-22.92523,184.7451
39.89:  -3.843336,-23.1736,184.6988
39.91:  -3.863547,-23.42195,184.6524
39.93:  -3.883391,-23.6686,184.5998
39.94:  -3.903516,-23.9213,184.5534
39.96:  -3.92311,-24.17022,184.5007
39.98:  -3.940653,-24.39543,184.4544
39.99:  -3.956092,-24.59599,184.4017
40.01:  -3.967167,-24.77381,184.349
40.03:  -3.967231,-24.93933,184.29
40.04:  -3.948381,-25.08295,184.2119
40.06:  -3.910254,-25.20106,184.1212
40.08:  -3.851418,-25.29728,183.9481
40.09:  -3.771671,-25.37187,183.6166
40.11:  -3.676355,-25.4287,183.1012
40.13:  -3.567021,-25.46463,182.4148
40.14:  -3.440315,-25.48821,181.6269
40.16:  -3.305885,-25.49263,180.839
40.18:  -3.165835,-25.49275,180.0511
40.19:  -3.02759,-25.49097,179.2632
40.21:  -2.886682,-25.48722,178.4754
40.24:  -2.759357,-25.48211,177.7002
40.26:  -2.646551,-25.4763,177.0517
40.28:  -2.544317,-25.47017,176.5681
40.29:  -2.475435,-25.46594,176.49
40.31:  -2.419456,-25.46247,176.45
40.33:  -2.382696,-25.46017,176.41
40.34:  -2.370593,-25.4594,176.37
40.36:  -2.370593,-25.4594,176.3237
40.38:  -2.370593,-25.4594,176.2837
40.39:  -2.370593,-25.4594,176.25
40.41:  -2.370593,-25.4594,176.2227
40.43:  -2.370593,-25.4594,176.1953
40.44:  -2.358366,-25.45858,176.1743
40.46:  -2.309567,-25.45284,176.1533
40.48:  -2.243286,-25.42399,176.1323
40.49:  -2.135187,-25.36943,176.1113
40.51:  -1.997008,-25.27926,176.0903
40.53:  -1.830501,-25.14065,176.063
40.54:  -1.652779,-24.97605,176.0357
40.56:  -1.472389,-24.80827,176.002
40.58:  -1.296707,-24.64518,175.9683
40.59:  -1.116919,-24.47811,175.941
40.61:  -0.9387649,-24.31448,175.9137
40.63:  -0.7597057,-24.14777,175.8864
40.64:  -0.5796663,-23.98466,175.8527
40.66:  -0.4047994,-23.82151,175.8253
40.68:  -0.2234314,-23.65421,175.7917
40.69:  -0.04494944,-23.49198,175.758
40.71:  0.1360434,-23.32468,175.7307
40.73:  0.3145435,-23.15688,175.697
40.74:  0.4931944,-22.98877,175.6697
40.76:  0.6684238,-22.80591,175.6423
40.78:  0.838067,-22.62136,175.615
40.79:  1.001094,-22.42027,175.5813
40.81:  1.154533,-22.21703,175.554
40.83:  1.302521,-22.00935,175.5267
40.84:  1.44591,-21.80139,175.493
40.86:  1.58749,-21.59243,175.4593
40.88:  1.724772,-21.38071,175.4257
40.89:  1.859782,-21.16039,175.392
40.91:  1.985867,-20.93761,175.3647
40.93:  2.108209,-20.71287,175.331
40.94:  2.230104,-20.48582,175.2973
40.96:  2.351629,-20.2592,175.27
40.98:  2.472594,-20.0333,175.2363
40.99:  2.59375,-19.80396,175.209
41.01:  2.711496,-19.57636,175.1753
41.03:  2.830424,-19.34157,175.148
41.04:  2.940224,-19.10681,175.1207
41.06:  3.037132,-18.8686,175.087
41.08:  3.126064,-18.62955,175.0596
41.09:  3.212864,-18.38341,175.026
41.11:  3.291511,-18.1339,174.9986
41.13:  3.355514,-17.8788,174.9713
41.14:  3.394058,-17.62737,174.944
41.16:  3.406221,-17.37188,174.9103
41.18:  3.386383,-17.12324,174.8766
41.19:  3.363844,-16.87351,174.843
41.21:  3.341482,-16.62734,174.8093
41.23:  3.318477,-16.37574,174.7756
41.24:  3.278754,-16.13005,174.742
41.26:  3.205971,-15.88583,174.7146
41.28:  3.096364,-15.66883,174.6873
41.29:  2.93066,-15.48399,174.6536
41.31:  2.737445,-15.33296,174.6263
41.33:  2.519745,-15.21352,174.5926
41.34:  2.268188,-15.15054,174.5526
41.36:  2.027943,-15.17359,174.519
41.38:  1.782454,-15.23682,174.4726
41.39:  1.573826,-15.38588,174.4009
41.41:  1.378708,-15.56051,174.2785
41.43:  1.190258,-15.73461,174.1371
41.44:  1.002138,-15.90961,173.9386
41.46:  0.8141147,-16.08859,173.7148
41.48:  0.6277528,-16.26466,173.4974
41.49:  0.4408923,-16.4453,173.2736
41.51:  0.2561111,-16.63073,173.0561
41.53:  0.07789904,-16.82071,172.8386
41.54:  -0.08984193,-17.01553,172.6338
41.56:  -0.2540128,-17.21283,172.4417
41.58:  -0.4186937,-17.40951,172.2496
41.59:  -0.5882599,-17.6161,172.0575
41.61:  -0.7489225,-17.81062,171.8653
41.63:  -0.911606,-18.00875,171.6986
41.64:  -1.074985,-18.21157,171.5635
41.66:  -1.238687,-18.41246,171.4855
41.68:  -1.401312,-18.61246,171.4265
41.69:  -1.564898,-18.8169,171.3738
41.71:  -1.725451,-19.01509,171.3211
41.73:  -1.888626,-19.21685,171.2747
41.74:  -2.050758,-19.42059,171.222
41.76:  -2.211465,-19.62004,171.1694
41.78:  -2.375036,-19.82637,171.1167
41.79:  -2.542564,-20.03808,171.064
41.81:  -2.696688,-20.23322,171.0113
41.83:  -2.858831,-20.43598,170.9586
41.84:  -3.020532,-20.63857,170.9059
41.86:  -3.18124,-20.84321,170.8533
41.88:  -3.338877,-21.047,170.8006
41.89:  -3.49789,-21.24731,170.7542
41.91:  -3.659162,-21.45378,170.7016
41.93:  -3.81172,-21.66351,170.6489
41.94:  -3.94978,-21.8802,170.5962
41.96:  -4.082666,-22.09907,170.5435
41.98:  -4.200621,-22.32067,170.4908
41.99:  -4.3204,-22.54942,170.4381
42.01:  -4.44074,-22.77975,170.3855
42.03:  -4.557922,-23.00774,170.3328
42.04:  -4.674325,-23.23472,170.2801
42.06:  -4.790703,-23.46217,170.2274
42.08:  -4.904265,-23.69538,170.1747
42.09:  -5.008567,-23.92999,170.1284
42.11:  -5.097712,-24.17005,170.0757
42.13:  -5.181863,-24.41047,170.023
42.14:  -5.257957,-24.65524,169.9703
42.16:  -5.333781,-24.90364,169.924
42.18:  -5.391183,-25.15232,169.8713
42.19:  -5.421918,-25.40699,169.8186
42.21:  -5.435934,-25.67385,169.7659
42.23:  -5.4324,-25.91944,169.7132
42.24:  -5.416437,-26.17109,169.6606
42.26:  -5.400257,-26.42293,169.6142
42.28:  -5.381547,-26.67311,169.5679
42.29:  -5.36272,-26.92214,169.5215
42.31:  -5.343385,-27.17482,169.4688
42.33:  -5.323969,-27.42551,169.4162
42.34:  -5.304341,-27.67595,169.3635
42.36:  -5.28447,-27.92653,169.3108
42.38:  -5.264374,-28.17703,169.2581
42.39:  -5.243636,-28.43292,169.2117
42.41:  -5.223417,-28.67961,169.1591
42.43:  -5.202746,-28.92899,169.1064
42.44:  -5.182043,-29.17598,169.0537
42.46:  -5.160496,-29.43025,169.001
42.48:  -5.139019,-29.68094,168.9483
42.49:  -5.119752,-29.93165,168.8956
42.51:  -5.09546,-30.18131,168.843
42.53:  -5.070898,-30.43134,168.7903
42.54:  -5.045991,-30.68251,168.7376
42.56:  -5.020988,-30.93231,168.6849
42.58:  -4.99582,-31.18146,168.6322
42.59:  -4.970177,-31.43299,168.5795
42.61:  -4.944622,-31.68139,168.5269
42.63:  -4.918649,-31.9316,168.4742
42.64:  -4.892477,-32.18148,168.4215
42.66:  -4.863763,-32.43008,168.3688
42.68:  -4.834942,-32.6776,168.3161
42.69:  -4.808221,-32.92611,168.2634
42.71:  -4.780711,-33.17976,168.2108
42.73:  -4.753448,-33.42899,168.1581
42.74:  -4.726269,-33.67561,168.1117
42.76:  -4.71308,-33.7871,168.0591
42.78:  -4.71308,-33.7871,168.0064
42.79:  -4.71308,-33.7871,167.9537
42.81:  -4.71308,-33.7871,167.901
42.83:  -4.71308,-33.7871,167.8483
42.84:  -4.71308,-33.7871,167.7956
42.86:  -4.71308,-33.7871,167.743
42.88:  -4.71308,-33.7871,167.6903
42.89:  -4.71308,-33.7871,167.6376
42.91:  -4.71308,-33.7871,167.5849
42.93:  -4.71308,-33.7871,167.5322
42.94:  -4.71308,-33.7871,167.4859
42.96:  -4.71308,-33.7871,167.4332
42.98:  -4.71308,-33.7871,167.3805
42.99:  -4.71308,-33.7871,167.3342
43.01:  -4.71308,-33.7871,167.2815
43.03:  -4.71308,-33.7871,167.2288
43.04:  -4.71308,-33.7871,167.1761
43.06:  -4.71308,-33.7871,167.1234
43.08:  -4.71308,-33.7871,167.0707
43.09:  -4.71308,-33.7871,167.0181
43.11:  -4.71308,-33.7871,166.9654
43.13:  -4.71308,-33.7871,166.9127
43.14:  -4.71308,-33.7871,166.86
43.16:  -4.71308,-33.7871,166.8073
43.18:  -4.71308,-33.7871,166.7546
43.19:  -4.71308,-33.7871,166.702
43.21:  -4.71308,-33.7871,166.6493
43.23:  -4.71308,-33.7871,166.5966
43.24:  -4.71308,-33.7871,166.5439
43.26:  -4.71308,-33.7871,166.4912
43.28:  -4.71308,-33.7871,166.4385
43.29:  -4.71308,-33.7871,166.3858
43.31:  -4.71308,-33.7871,166.3395
43.33:  -4.71308,-33.7871,166.2868
43.34:  -4.71308,-33.7871,166.2341
43.36:  -4.71308,-33.7871,166.1815
43.38:  -4.71308,-33.7871,166.1288
43.39:  -4.71308,-33.7871,166.0761
43.41:  -4.71308,-33.7871,166.0234
43.43:  -4.71308,-33.7871,165.9707
43.44:  -4.71308,-33.7871,165.918
43.46:  -4.71308,-33.7871,165.8654
43.48:  -4.71308,-33.7871,165.8127
43.49:  -4.71308,-33.7871,165.76
43.51:  -4.71308,-33.7871,165.7073
43.53:  -4.71308,-33.7871,165.6609
43.54:  -4.71308,-33.7871,165.6146
43.56:  -4.71308,-33.7871,165.5683
43.58:  -4.71308,-33.7871,165.5219
43.59:  -4.71308,-33.7871,165.4692
43.61:  -4.71308,-33.7871,165.4165
43.63:  -4.71308,-33.7871,165.3639
43.64:  -4.71308,-33.7871,165.3175
43.66:  -4.71308,-33.7871,165.2648
43.68:  -4.71308,-33.7871,165.2121
43.69:  -4.71308,-33.7871,165.1658
43.71:  -4.71308,-33.7871,165.1131
43.73:  -4.71308,-33.7871,165.0604
43.74:  -4.71308,-33.7871,165.0077
43.76:  -4.71308,-33.7871,164.9551
43.78:  -4.71308,-33.7871,164.9024
43.79:  -4.71308,-33.7871,164.856
43.81:  -4.71308,-33.7871,164.8034
43.83:  -4.71308,-33.7871,164.7507
43.84:  -4.71308,-33.7871,164.7043
43.86:  -4.71308,-33.7871,164.6516
43.88:  -4.71308,-33.7871,164.6053
43.89:  -4.71308,-33.7871,164.5526
43.91:  -4.71308,-33.7871,164.5063
43.93:  -4.71308,-33.7871,164.4472
43.94:  -4.71308,-33.7871,164.3946
43.96:  -4.71308,-33.7871,164.3355
43.98:  -4.71308,-33.7871,164.2829
43.99:  -4.71308,-33.7871,164.2302
44.01:  -4.71308,-33.7871,164.1775
44.03:  -4.71308,-33.7871,164.1248
44.04:  -4.71308,-33.7871,164.0721
44.06:  -4.71308,-33.7871,164.0258
44.08:  -4.71308,-33.7871,163.9794
44.09:  -4.71308,-33.7871,163.9331
44.11:  -4.71308,-33.7871,163.8867
44.13:  -4.71308,-33.7871,163.834
44.14:  -4.71308,-33.7871,163.7814
44.16:  -4.71308,-33.7871,163.7287
44.18:  -4.71308,-33.7871,163.6823
44.19:  -4.71308,-33.7871,163.6296
44.21:  -4.71308,-33.7871,163.577
44.23:  -4.71308,-33.7871,163.5306
44.24:  -4.71308,-33.7871,163.4779
44.26:  -4.71308,-33.7871,163.4253
44.28:  -4.71308,-33.7871,163.3726
44.29:  -4.71308,-33.7871,163.3199
44.31:  -4.71308,-33.7871,163.2672
44.33:  -4.71308,-33.7871,163.2209
44.34:  -4.71308,-33.7871,163.1745
44.36:  -4.71308,-33.7871,163.1282
44.38:  -4.71308,-33.7871,163.0755
44.39:  -4.71308,-33.7871,163.0291
44.41:  -4.71308,-33.7871,162.9764
44.43:  -4.71308,-33.7871,162.9301
44.44:  -4.71308,-33.7871,162.8838
44.46:  -4.71308,-33.7871,162.8311
44.48:  -4.71308,-33.7871,162.7784
44.49:  -4.71308,-33.7871,162.7257
44.51:  -4.71308,-33.7871,162.673
44.53:  -4.71308,-33.7871,162.6203
44.54:  -4.71308,-33.7871,162.5677
44.56:  -4.71308,-33.7871,162.515
44.58:  -4.71308,-33.7871,162.4623
44.59:  -4.71308,-33.7871,162.4096
44.61:  -4.71308,-33.7871,162.3569
44.63:  -4.71308,-33.7871,162.3042
44.64:  -4.71308,-33.7871,162.2579
44.66:  -4.71308,-33.7871,162.2052
44.68:  -4.71308,-33.7871,162.1589
44.69:  -4.71308,-33.7871,162.1062
44.71:  -4.71308,-33.7871,162.0535
44.73:  -4.71308,-33.7871,162.0008
44.74:  -4.71308,-33.7871,161.9481
44.76:  -4.71308,-33.7871,161.8954
44.78:  -4.71308,-33.7871,161.8428
44.79:  -4.71308,-33.7871,161.7901
44.81:  -4.71308,-33.7871,161.7437
44.83:  -4.71308,-33.7871,161.6847
44.84:  -4.71308,-33.7871,161.632
44.86:  -4.71308,-33.7871,161.5857
44.88:  -4.71308,-33.7871,161.533
44.89:  -4.71308,-33.7871,161.4803
44.91:  -4.71308,-33.7871,161.4276
44.93:  -4.71308,-33.7871,161.3749
44.94:  -4.71308,-33.7871,161.3223
44.96:  -4.71308,-33.7871,161.2696
44.98:  -4.71308,-33.7871,161.2169
44.99:  -4.71308,-33.7871,161.1642
45.01:  -4.71308,-33.7871,161.1115
45.03:  -4.71308,-33.7871,161.0588
45.04:  -4.71308,-33.7871,161.0061
45.06:  -4.71308,-33.7871,160.9535
45.08:  -4.71308,-33.7871,160.9008
45.09:  -4.71308,-33.7871,160.8418
45.11:  -4.71308,-33.7871,160.7954
45.13:  -4.71308,-33.7871,160.7364
45.14:  -4.71308,-33.7871,160.69
45.16:  -4.71308,-33.7871,160.6374
45.18:  -4.71308,-33.7871,160.5847
45.19:  -4.71308,-33.7871,160.5383
45.21:  -4.71308,-33.7871,160.4857
45.23:  -4.71308,-33.7871,160.4393
45.24:  -4.71308,-33.7871,160.3866
45.26:  -4.71308,-33.7871,160.3403
45.28:  -4.71308,-33.7871,160.2939
45.29:  -4.71308,-33.7871,160.2412
45.31:  -4.71308,-33.7871,160.1886
45.33:  -4.71308,-33.7871,160.1422
45.34:  -4.71308,-33.7871,160.0895
45.36:  -4.71308,-33.7871,160.0368
45.38:  -4.71308,-33.7871,159.9905
45.39:  -4.71308,-33.7871,159.9378
45.41:  -4.71308,-33.7871,159.8851
45.43:  -4.71308,-33.7871,159.8325
45.44:  -4.71308,-33.7871,159.7798
45.46:  -4.71308,-33.7871,159.7334
45.48:  -4.71308,-33.7871,159.6807
45.49:  -4.71308,-33.7871,159.6281
45.51:  -4.71308,-33.7871,159.5754
45.53:  -4.71308,-33.7871,159.529
45.54:  -4.71308,-33.7871,159.4763
45.56:  -4.71308,-33.7871,159.4236
45.58:  -4.71308,-33.7871,159.3773
45.59:  -4.71308,-33.7871,159.3246
45.61:  -4.71308,-33.7871,159.2783
45.63:  -4.71308,-33.7871,159.2256
45.64:  -4.71308,-33.7871,159.1793
45.66:  -4.71308,-33.7871,159.1266
45.68:  -4.71308,-33.7871,159.0739
45.69:  -4.71308,-33.7871,159.0212
