ParticipantNo: 11005
Controller type: Gamepad
Training Level:
0.02:  82.7,18.5,270
0.04:  82.7,18.5,270
0.06:  82.7,18.5,270
0.08:  82.7,18.5,270
0.1:  82.7,18.5,270
0.11:  82.7,18.5,270
0.13:  82.7,18.5,270
0.15:  82.7,18.5,270
0.16:  82.7,18.5,270
0.18:  82.7,18.5,270
0.2:  82.7,18.5,270
0.21:  82.7,18.5,270
0.23:  82.7,18.5,270
0.25:  82.7,18.5,270
0.26:  82.7,18.5,270
0.28:  82.7,18.5,270
0.3:  82.7,18.5,270
0.31:  82.7,18.5,270
0.33:  82.7,18.5,270
0.35:  82.7,18.5,270
0.36:  82.7,18.5,270
0.38:  82.7,18.5,270
0.4:  82.7,18.5,270
0.41:  82.7,18.5,270
0.43:  82.7,18.5,270
0.45:  82.7,18.5,270
0.46:  82.7,18.5,270
0.48:  82.7,18.5,269.998
0.5:  82.7,18.5,269.998
0.51:  82.7,18.5,269.998
0.53:  82.7,18.5,269.998
0.55:  82.7,18.5,269.998
0.56:  82.7,18.5,269.998
0.58:  82.7,18.5,269.998
0.6:  82.7,18.5,269.998
0.61:  82.7,18.5,269.998
0.63:  82.7,18.5,269.998
0.65:  82.7,18.5,269.998
0.66:  82.7,18.5,269.998
0.68:  82.7,18.5,269.998
0.7:  82.7,18.5,269.998
0.71:  82.7,18.5,269.998
0.73:  82.7,18.5,269.998
0.75:  82.7,18.5,269.998
0.76:  82.7,18.5,269.998
0.78:  82.7,18.5,269.998
0.8:  82.7,18.5,269.998
0.81:  82.7,18.5,269.998
0.83:  82.7,18.5,269.998
0.85:  82.7,18.5,269.998
0.86:  82.7,18.5,269.998
0.88:  82.7,18.5,269.998
0.9:  82.7,18.5,269.998
0.91:  82.7,18.5,269.998
0.93:  82.7,18.5,269.998
0.95:  82.7,18.5,269.998
0.96:  82.7,18.5,269.998
0.98:  82.7,18.5,269.998
1:  82.7,18.5,269.998
1.01:  82.7,18.5,269.998
1.03:  82.7,18.5,269.998
1.05:  82.7,18.5,269.998
1.06:  82.7,18.5,269.998
1.08:  82.7,18.5,269.998
1.1:  82.7,18.5,269.998
1.11:  82.7,18.5,269.998
1.13:  82.7,18.5,269.998
1.15:  82.7,18.5,269.998
1.16:  82.7,18.5,269.998
1.18:  82.7,18.5,269.998
1.2:  82.7,18.5,269.998
1.21:  82.7,18.5,269.998
1.23:  82.7,18.5,269.998
1.25:  82.7,18.5,269.998
1.26:  82.7,18.5,269.998
1.28:  82.7,18.5,269.998
1.3:  82.7,18.5,269.998
1.31:  82.7,18.5,269.998
1.33:  82.7,18.5,269.998
1.35:  82.7,18.5,269.998
1.36:  82.7,18.5,269.998
1.38:  82.7,18.5,269.998
1.4:  82.7,18.5,269.998
1.41:  82.7,18.5,269.998
1.43:  82.7,18.5,269.998
1.45:  82.7,18.5,269.998
1.46:  82.7,18.5,269.998
1.48:  82.7,18.5,269.998
1.5:  82.7,18.5,269.998
1.51:  82.7,18.5,269.998
1.53:  82.7,18.5,269.998
1.55:  82.7,18.5,269.998
1.56:  82.7,18.5,269.998
1.58:  82.7,18.5,269.998
1.6:  82.7,18.5,269.998
1.61:  82.7,18.5,269.998
1.63:  82.7,18.5,269.998
1.65:  82.7,18.5,269.998
1.66:  82.7,18.5,269.998
1.68:  82.7,18.5,269.998
1.7:  82.7,18.5,269.998
1.71:  82.7,18.5,269.998
1.73:  82.7,18.5,269.998
1.75:  82.7,18.5,269.996
1.76:  82.7,18.5,269.996
1.78:  82.7,18.5,269.996
1.8:  82.7,18.5,269.996
1.81:  82.7,18.5,269.996
1.83:  82.7,18.5,269.996
1.85:  82.7,18.5,269.996
1.86:  82.7,18.5,269.996
1.88:  82.7,18.5,269.996
1.9:  82.7,18.5,269.996
1.91:  82.7,18.5,269.996
1.93:  82.7,18.5,269.996
1.95:  82.7,18.5,269.996
1.96:  82.7,18.5,269.996
1.98:  82.7,18.5,269.996
2:  82.7,18.5,269.996
2.01:  82.7,18.5,269.996
2.03:  82.7,18.5,269.996
2.05:  82.7,18.5,269.996
2.06:  82.7,18.5,269.996
2.08:  82.7,18.5,269.996
2.1:  82.7,18.5,269.996
2.11:  82.7,18.5,269.996
2.13:  82.7,18.5,269.996
2.15:  82.7,18.5,269.996
2.16:  82.7,18.5,269.9624
2.18:  82.7,18.5,269.8146
2.2:  82.7,18.5,269.331
2.21:  82.7,18.5,268.5811
2.23:  82.7,18.5,267.7932
2.25:  82.7,18.5,267.0053
2.26:  82.7,18.5,266.2175
2.28:  82.7,18.5,265.4296
2.3:  82.7,18.5,264.6417
2.31:  82.7,18.5,263.8538
2.33:  82.7,18.5,263.0659
2.35:  82.7,18.5,262.2781
2.36:  82.7,18.5,261.4902
2.38:  82.7,18.5,260.7023
2.4:  82.7,18.5,259.9144
2.41:  82.7,18.5,259.1266
2.43:  82.7,18.5,258.3387
2.45:  82.7,18.5,257.5508
2.46:  82.68977,18.54349,256.7629
2.48:  82.65,18.69258,255.975
2.5:  82.53041,18.9158,255.1872
2.51:  82.39793,19.14492,254.3993
2.53:  82.27175,19.35639,253.6114
2.55:  82.13683,19.5756,252.8235
2.56:  82.00317,19.79061,252.0356
2.58:  81.867,20.00751,251.2478
2.6:  81.72941,20.22014,250.4599
2.61:  81.58966,20.42973,249.672
2.63:  81.44363,20.64234,248.8841
2.65:  81.2968,20.84994,248.0963
2.66:  81.14021,21.05286,247.3084
2.68:  80.97666,21.25125,246.5205
2.7:  80.79907,21.4484,245.7326
2.71:  80.62231,21.62181,244.9447
2.73:  80.42406,21.80191,244.1568
2.75:  80.21918,21.96211,243.369
2.76:  80.02085,22.10236,242.5811
2.78:  79.81134,22.241,241.7932
2.8:  79.58504,22.37436,241.0053
2.81:  79.36283,22.48829,240.2175
2.83:  79.132,22.59429,239.4296
2.85:  78.90302,22.69045,238.6417
2.86:  78.66276,22.77734,237.8538
2.88:  78.4205,22.85196,237.0659
2.9:  78.17834,22.91965,236.2781
2.91:  77.938,22.97976,235.4902
2.93:  77.691,23.03265,234.7023
2.95:  77.44406,23.07845,233.9144
2.96:  77.19688,23.12248,233.1266
2.98:  76.94804,23.16329,232.3387
3:  76.70003,23.19877,231.5508
3.01:  76.45698,23.23014,230.7629
3.03:  76.20556,23.25908,229.975
3.05:  75.95966,23.28397,229.1872
3.06:  75.70873,23.30757,228.3993
3.08:  75.46188,23.32571,227.6114
3.1:  75.21179,23.34595,226.8235
3.11:  74.96271,23.37124,226.0356
3.13:  74.70858,23.41174,225.2478
3.15:  74.47028,23.45168,224.4599
3.16:  74.22973,23.4995,223.672
3.18:  73.98609,23.56047,222.8841
3.2:  73.74732,23.6257,222.0963
3.21:  73.50456,23.68958,221.3084
3.23:  73.26257,23.75996,220.5205
3.25:  73.02037,23.83493,219.7326
3.26:  72.78268,23.9059,218.9447
3.28:  72.53899,23.976,218.1569
3.3:  72.29935,24.04841,217.369
3.31:  72.06359,24.12325,216.5811
3.33:  71.82314,24.19595,215.7932
3.35:  71.58464,24.26449,215.0053
3.36:  71.34109,24.33171,214.2175
3.38:  71.09857,24.39507,213.4296
3.4:  70.85557,24.45739,212.6417
3.41:  70.61617,24.51529,211.8538
3.43:  70.37017,24.57121,211.0659
3.45:  70.12515,24.62339,210.2781
3.46:  69.87913,24.67484,209.5345
3.48:  69.63281,24.72974,208.8924
3.5:  69.38955,24.78693,208.4848
3.51:  69.14269,24.84492,208.3308
3.53:  68.89608,24.9022,208.3308
3.55:  68.65523,24.9765,208.3454
3.56:  68.41376,25.05106,208.3601
3.58:  68.17231,25.12621,208.3811
3.6:  67.92496,25.2055,208.4274
3.61:  67.69096,25.27823,208.4674
3.63:  67.44954,25.35345,208.5074
3.65:  67.21086,25.42804,208.5538
3.66:  66.96633,25.50508,208.5811
3.68:  66.72131,25.57423,208.5894
3.7:  66.46527,25.62087,208.5874
3.71:  66.21571,25.61125,208.5664
3.73:  65.98222,25.5293,208.5011
3.75:  65.83855,25.36033,208.3216
3.76:  65.72794,25.15219,207.9901
3.78:  65.70533,24.90319,207.5064
3.8:  65.78073,24.6736,206.82
3.81:  65.90685,24.4656,206.0321
3.83:  66.07391,24.2801,205.2442
3.85:  66.26407,24.12357,204.4563
3.86:  66.47443,23.98579,203.6684
3.88:  66.69337,23.86424,202.8806
3.9:  66.91615,23.75007,202.0927
3.91:  67.13951,23.64215,201.3048
3.93:  67.36958,23.53486,200.5169
3.95:  67.59864,23.43185,199.729
3.96:  67.82899,23.33204,198.9412
3.98:  68.06067,23.23543,198.1533
4:  68.2935,23.14439,197.4288
4.01:  68.52589,23.05348,196.8817
4.03:  68.7582,22.96159,196.5375
4.05:  68.99378,22.86884,196.4468
4.06:  69.2252,22.77264,196.4195
4.08:  69.45612,22.66605,196.4112
4.1:  69.68225,22.55101,196.4112
4.11:  69.90664,22.43148,196.4112
4.13:  70.12914,22.30482,196.4112
4.15:  70.34489,22.17174,196.4112
4.16:  70.55824,22.03458,196.4112
4.18:  70.76591,21.89468,196.4112
4.2:  70.96618,21.74395,196.4112
4.21:  71.1591,21.58803,196.4112
4.23:  71.35944,21.42485,196.4112
4.25:  71.54165,21.27367,196.4112
4.26:  71.72914,21.10201,196.4112
4.28:  71.90846,20.93195,196.4112
4.3:  72.08395,20.75798,196.4112
4.31:  72.25591,20.57237,196.4112
4.33:  72.42873,20.38272,196.4112
4.35:  72.59647,20.19487,196.4092
4.36:  72.76176,20.00669,196.4072
4.38:  72.92892,19.8132,196.4052
4.4:  73.08813,19.61861,196.4032
4.41:  73.24094,19.42755,196.4013
4.43:  73.39554,19.22871,196.3993
4.45:  73.54487,19.03439,196.391
4.46:  73.69209,18.84048,196.3826
4.48:  73.83498,18.64674,196.3743
4.5:  73.9771,18.44828,196.366
4.51:  74.11692,18.24646,196.3577
4.53:  74.25352,18.03652,196.3494
4.55:  74.3856,17.82726,196.341
4.56:  74.51611,17.61757,196.3264
4.58:  74.64339,17.40663,196.3117
4.6:  74.76764,17.19411,196.3034
4.61:  74.88504,16.98327,196.2951
4.63:  75.00105,16.76423,196.2868
4.65:  75.11292,16.54206,196.2721
4.66:  75.22137,16.31523,196.2638
4.68:  75.32453,16.09177,196.2492
4.7:  75.43028,15.86282,196.2345
4.71:  75.5322,15.63797,196.2198
4.73:  75.6358,15.40945,196.2115
4.75:  75.73524,15.17713,196.1969
4.76:  75.82832,14.95513,196.1822
4.78:  75.92287,14.72576,196.1676
4.8:  76.01377,14.49636,196.1592
4.81:  76.10243,14.26757,196.1446
4.83:  76.19175,14.03309,196.1299
4.85:  76.2766,13.8051,196.1153
4.86:  76.36032,13.57036,196.1069
4.88:  76.44199,13.33559,196.0923
4.9:  76.5199,13.10576,196.0776
4.91:  76.59838,12.87004,196.063
4.93:  76.67648,12.63571,196.0483
4.95:  76.75679,12.39491,196.0337
4.96:  76.83224,12.16471,196.0127
4.98:  76.90933,11.92978,195.9917
5:  76.98773,11.69559,195.9707
5.01:  77.06518,11.46016,195.9497
5.03:  77.14596,11.21492,195.9287
5.05:  77.22156,10.9856,195.914
5.06:  77.30022,10.75167,195.8931
5.08:  77.37888,10.51795,195.8784
5.1:  77.45719,10.28548,195.8637
5.11:  77.53504,10.05031,195.8427
5.13:  77.61465,9.81446,195.8281
5.15:  77.69328,9.581772,195.8071
5.16:  77.77288,9.346514,195.7861
5.18:  77.85114,9.111194,195.7651
5.2:  77.92988,8.874708,195.7441
5.21:  78.00777,8.640979,195.7295
5.23:  78.08716,8.402933,195.7148
5.25:  78.16674,8.168957,195.6938
5.26:  78.2458,7.932504,195.6728
5.28:  78.325,7.695889,195.6518
5.3:  78.40374,7.460962,195.6308
5.31:  78.48431,7.220867,195.6098
5.33:  78.56154,6.990923,195.5952
5.35:  78.64126,6.753832,195.5742
5.36:  78.72102,6.521143,195.5595
5.38:  78.80174,6.285826,195.5449
5.4:  78.88058,6.052051,195.5239
5.41:  78.95992,5.81707,195.5029
5.43:  79.04029,5.579308,195.4819
5.45:  79.11909,5.346469,195.4609
5.46:  79.20055,5.110338,195.4462
5.48:  79.28126,4.876675,195.4252
5.5:  79.36134,4.644987,195.4106
5.51:  79.44427,4.405311,195.3959
5.53:  79.52227,4.175973,195.3749
5.55:  79.60266,3.939901,195.3539
5.56:  79.68298,3.704314,195.3329
5.58:  79.7635,3.46834,195.3183
5.6:  79.84345,3.234327,195.2973
5.61:  79.92359,3.000046,195.2763
5.63:  80.00461,2.767702,195.2553
5.65:  80.08709,2.531456,195.2343
5.66:  80.16789,2.295979,195.2197
5.68:  80.24952,2.062559,195.205
5.7:  80.33051,1.831151,195.1903
5.71:  80.41103,1.597104,195.1757
5.73:  80.4937,1.361336,195.1547
5.75:  80.57446,1.127129,195.1337
5.76:  80.65851,0.8836976,195.1127
5.78:  80.73869,0.6517043,195.0917
5.8:  80.81889,0.4199973,195.0707
5.81:  80.89915,0.1883281,195.0497
5.83:  80.98136,-0.04867399,195.0287
5.85:  81.05962,-0.2843471,195.0077
5.86:  81.1403,-0.5247527,194.9867
5.88:  81.22019,-0.7668146,194.9657
5.9:  81.29694,-1.009834,194.9447
5.91:  81.37372,-1.252663,194.9238
5.93:  81.45154,-1.498453,194.9028
5.95:  81.52648,-1.74169,194.8818
5.96:  81.59902,-1.983973,194.8671
5.98:  81.67165,-2.226255,194.8461
6:  81.74442,-2.46865,194.8251
6.01:  81.81621,-2.719614,194.8105
6.03:  81.8783,-2.963814,194.7895
6.05:  81.9319,-3.204783,194.7748
6.06:  81.98097,-3.450132,194.7538
6.08:  82.02703,-3.696397,194.7265
6.1:  82.07229,-3.949137,194.6991
6.11:  82.11478,-4.198194,194.6718
6.13:  82.15825,-4.452277,194.6445
6.15:  82.19851,-4.706126,194.6172
6.16:  82.23419,-4.959056,194.5898
6.18:  82.26966,-5.209613,194.5625
6.2:  82.30568,-5.463175,194.5352
6.21:  82.34164,-5.715521,194.5078
6.23:  82.37775,-5.967731,194.4742
6.25:  82.41486,-6.226129,194.4468
6.26:  82.44888,-6.47785,194.4131
6.28:  82.48223,-6.7236,194.3795
6.3:  82.51099,-6.974901,194.3521
6.31:  82.53715,-7.230165,194.3185
6.33:  82.56341,-7.485146,194.2912
6.35:  82.58984,-7.740414,194.2575
6.36:  82.61637,-7.995088,194.2238
6.38:  82.64307,-8.249907,194.1901
6.4:  82.66983,-8.503936,194.1565
6.41:  82.69904,-8.75784,194.1228
6.43:  82.73157,-9.011899,194.0955
6.45:  82.76645,-9.265367,194.0681
6.46:  82.80402,-9.520797,194.0408
6.48:  82.84216,-9.772519,194.0071
6.5:  82.88041,-10.02427,193.9798
6.51:  82.91811,-10.27161,193.9525
6.53:  82.95732,-10.52801,193.9251
6.55:  82.99599,-10.78011,193.8978
6.56:  83.03481,-11.03227,193.8705
6.58:  83.07327,-11.28143,193.8431
6.6:  83.11262,-11.53544,193.8158
6.61:  83.15157,-11.78619,193.7885
6.63:  83.19106,-12.03949,193.7611
6.65:  83.23008,-12.28891,193.7275
6.66:  83.27005,-12.54361,193.7001
6.68:  83.30979,-12.79583,193.6665
6.7:  83.34927,-13.04568,193.6391
6.71:  83.38908,-13.29654,193.6055
6.73:  83.42938,-13.54968,193.5718
6.75:  83.46959,-13.8014,193.5445
6.76:  83.51014,-14.05447,193.5171
6.78:  83.55009,-14.30286,193.4835
6.8:  83.59109,-14.55685,193.4498
6.81:  83.63153,-14.80663,193.4225
6.83:  83.67285,-15.06084,193.3888
6.85:  83.71383,-15.31224,193.3615
6.86:  83.7545,-15.56083,193.3278
6.88:  83.79337,-15.81752,193.2941
6.9:  83.82697,-16.0688,193.2605
6.91:  83.85515,-16.31918,193.2331
6.93:  83.88416,-16.57606,193.2121
6.95:  83.90509,-16.82988,193.1975
6.96:  83.92023,-17.08836,193.1892
6.98:  83.93292,-17.34489,193.1892
7:  83.94563,-17.60184,193.1892
7.01:  83.95539,-17.86046,193.1892
7.03:  83.96514,-18.12004,193.1975
7.05:  83.9724,-18.37856,193.2185
7.06:  83.97955,-18.63759,193.2458
7.08:  83.9865,-18.89576,193.2858
7.1:  83.99316,-19.15452,193.3512
7.11:  83.99944,-19.41179,193.4292
7.13:  84.00536,-19.6702,193.5136
7.15:  84.01084,-19.92983,193.617
7.16:  84.01571,-20.18668,193.7393
7.18:  84.02,-20.448,193.8871
7.2:  84.02349,-20.70282,194.0412
7.21:  84.02639,-20.97129,194.208
7.23:  84.02891,-21.22031,194.3874
7.25:  84.03007,-21.47682,194.5668
7.26:  84.0304,-21.73807,194.7526
7.28:  84.02994,-21.99287,194.9321
7.3:  84.02863,-22.24989,195.1179
7.31:  84.02647,-22.50834,195.3036
7.33:  84.02346,-22.76669,195.4958
7.35:  84.02025,-23.02409,195.6815
7.36:  84.01624,-23.27905,195.8673
7.38:  84.01073,-23.53773,196.0467
7.4:  84.00441,-23.79631,196.2262
7.41:  83.99966,-24.05709,196.393
7.43:  83.9949,-24.31766,196.5407
7.45:  83.9919,-24.57573,196.6885
7.46:  83.99296,-24.8361,196.8299
7.48:  84.00101,-25.09167,196.9713
7.5:  84.02255,-25.34866,197.1127
7.51:  84.0558,-25.60573,197.2541
7.53:  84.08881,-25.85799,197.3955
7.55:  84.12249,-26.11218,197.537
7.56:  84.15606,-26.36236,197.6784
7.58:  84.19411,-26.60971,197.8198
7.6:  84.2327,-26.85765,197.9675
7.61:  84.27245,-27.10303,198.1153
7.63:  84.31244,-27.35403,198.263
7.65:  84.3512,-27.60142,198.4108
7.66:  84.38961,-27.85057,198.5522
7.68:  84.42491,-28.09793,198.6936
7.7:  84.45959,-28.34524,198.835
7.71:  84.49574,-28.592,198.9828
7.73:  84.52933,-28.84095,199.1305
7.75:  84.56434,-29.08891,199.2783
7.76:  84.59635,-29.33551,199.4197
7.78:  84.62717,-29.5864,199.5611
7.8:  84.65424,-29.83907,199.7089
7.81:  84.67784,-30.08593,199.8566
7.83:  84.70055,-30.34136,200.0044
7.85:  84.72235,-30.59407,200.1521
7.86:  84.74292,-30.85246,200.2999
7.88:  84.76274,-31.10945,200.4413
7.9:  84.78172,-31.3641,200.589
7.91:  84.80011,-31.62013,200.7431
7.93:  84.8186,-31.873,200.9035
7.95:  84.83334,-32.13007,201.0703
7.96:  84.84954,-32.38741,201.2498
7.98:  84.86482,-32.64297,201.4292
8:  84.88027,-32.89692,201.6023
8.01:  84.89379,-33.1491,201.7818
8.03:  84.90691,-33.40817,201.9549
8.05:  84.91904,-33.66398,202.1343
8.06:  84.93047,-33.92126,202.3074
8.08:  84.94112,-34.17763,202.4742
8.1:  84.95099,-34.43114,202.6219
8.11:  84.9604,-34.68911,202.7633
8.13:  84.96912,-34.94504,202.8984
8.15:  84.97828,-35.20006,203.0271
8.16:  84.9869,-35.45524,203.1496
8.18:  84.99399,-35.71232,203.272
8.2:  85.00048,-35.96754,203.3943
8.21:  85.00642,-36.22215,203.5167
8.23:  85.01184,-36.4813,203.6518
8.25:  85.01662,-36.73721,203.7806
8.26:  85.02086,-36.99482,203.9093
8.28:  85.02449,-37.25014,204.038
8.3:  85.02754,-37.50576,204.1668
8.31:  85.03001,-37.76075,204.2955
8.33:  85.03193,-38.02037,204.4306
8.35:  85.03318,-38.27676,204.572
8.36:  85.03377,-38.53373,204.7198
8.38:  85.03364,-38.78799,204.8802
8.4:  85.0327,-39.04647,205.0596
8.41:  85.03089,-39.30957,205.2454
8.43:  85.02838,-39.55827,205.4312
8.45:  85.02602,-39.8112,205.617
8.46:  85.02174,-40.06892,205.8027
8.48:  85.01661,-40.32914,205.9822
8.5:  85.01079,-40.58368,206.1616
8.51:  85.00415,-40.83883,206.3411
8.53:  84.99754,-41.10154,206.5269
8.55:  84.98942,-41.35123,206.7126
8.56:  84.98135,-41.60666,206.8921
8.58:  84.97146,-41.86277,207.0652
8.6:  84.96088,-42.118,207.2256
8.61:  84.94973,-42.37293,207.3543
8.63:  84.93809,-42.63135,207.4324
8.65:  84.92629,-42.88836,207.4787
8.66:  84.9144,-43.14376,207.5187
8.68:  84.90222,-43.40123,207.5587
8.7:  84.88999,-43.65603,207.5987
8.71:  84.87866,-43.90939,207.6451
8.73:  84.86587,-44.16664,207.6978
8.75:  84.85402,-44.42111,207.7505
8.77:  84.83987,-44.69329,207.8285
8.78:  84.82507,-44.96717,207.9445
8.8:  84.81222,-45.19539,208.0733
8.81:  84.7972,-45.45045,208.221
8.83:  84.78165,-45.70175,208.3941
8.85:  84.76493,-45.95823,208.5799
8.86:  84.74725,-46.2149,208.7911
8.88:  84.72859,-46.47126,209.0149
8.9:  84.70895,-46.7255,209.2704
8.91:  84.68771,-46.98283,209.5702
8.93:  84.66524,-47.23709,209.9018
8.95:  84.641,-47.49349,210.2523
8.96:  84.61507,-47.74942,210.6346
8.98:  84.58738,-48.00426,211.0549
9:  84.55766,-48.25872,211.5132
9.01:  84.52628,-48.50904,211.9968
9.03:  84.49175,-48.76683,212.4805
9.05:  84.45729,-49.01557,212.9705
9.06:  84.41839,-49.27275,213.4542
9.08:  84.3777,-49.53376,213.9442
9.1:  84.33698,-49.77529,214.4215
9.11:  84.2924,-50.02766,214.8671
9.13:  84.24556,-50.28265,215.262
9.15:  84.19888,-50.53305,215.6443
9.16:  84.15225,-50.77977,216.0202
9.18:  84.10571,-51.02924,216.3898
9.2:  84.06139,-51.27566,216.7594
9.21:  84.01724,-51.52403,217.1416
9.23:  83.97419,-51.7752,217.5366
9.25:  83.93553,-52.02182,217.9632
9.26:  83.89951,-52.27378,218.4342
9.28:  83.86143,-52.52436,218.9368
9.3:  83.82467,-52.77732,219.5156
9.31:  83.78714,-53.02495,220.1513
9.33:  83.74422,-53.27866,220.8505
9.35:  83.70009,-53.52774,221.5813
9.36:  83.65436,-53.77794,222.3629
9.38:  83.60765,-54.0256,223.1507
9.4:  83.5578,-54.28191,223.9386
9.41:  83.50909,-54.52811,224.7265
9.43:  83.46031,-54.77102,225.5144
9.45:  83.41463,-55.01591,226.3023
9.46:  83.37487,-55.25833,227.0901
9.48:  83.34158,-55.5065,227.878
9.5:  83.32391,-55.75503,228.6659
9.51:  83.31667,-56.00585,229.4538
9.53:  83.3146,-56.25516,230.2417
9.56:  83.32396,-56.49706,231.0295
9.58:  83.34839,-56.747,231.8174
9.6:  83.37755,-56.99826,232.6053
9.61:  83.40719,-57.24706,233.3932
9.63:  83.43478,-57.4978,234.181
9.65:  83.45921,-57.7518,234.9689
9.66:  83.48042,-57.99841,235.7568
9.68:  83.49111,-58.25396,236.5447
9.7:  83.48727,-58.50668,237.3326
9.71:  83.45941,-58.74749,238.1204
9.73:  83.41688,-58.99171,238.9083
9.75:  83.36248,-59.23321,239.6962
9.76:  83.29468,-59.47146,240.4841
9.78:  83.21005,-59.70559,241.272
9.8:  83.11426,-59.92887,242.0598
9.81:  83.01284,-60.13146,242.8477
9.83:  82.90369,-60.28314,243.6356
9.85:  82.78453,-60.37317,244.4235
9.86:  82.71554,-60.40504,245.2113
9.88:  82.7095,-60.39161,245.8281
9.9:  82.68331,-60.33198,246.2801
9.91:  82.61639,-60.17732,246.6053
9.93:  82.52728,-59.96281,246.8418
9.95:  82.43747,-59.72525,247.0466
9.96:  82.34962,-59.49049,247.2387
9.98:  82.26501,-59.25499,247.4308
10:  82.18305,-59.01719,247.6166
10.01:  82.11156,-58.77703,247.8214
10.03:  82.0433,-58.53561,248.0579
10.05:  81.98534,-58.28985,248.3641
10.06:  81.9379,-58.03901,248.74
10.08:  81.89948,-57.78585,249.1983
10.1:  81.8728,-57.53057,249.7327
10.11:  81.85568,-57.27097,250.3558
10.13:  81.84862,-57.01033,251.0296
10.15:  81.84949,-56.74395,251.7541
10.16:  81.86423,-56.47696,252.5419
10.18:  81.8941,-56.21878,253.3298
10.2:  81.93447,-55.95057,254.1177
10.21:  81.98293,-55.6898,254.9056
10.23:  82.04078,-55.43383,255.6935
10.25:  82.10596,-55.17699,256.4813
10.26:  82.17525,-54.92712,257.2692
10.28:  82.25332,-54.6719,258.0571
10.3:  82.33691,-54.4224,258.845
10.31:  82.42388,-54.17422,259.6329
10.33:  82.51241,-53.9288,260.4207
10.35:  82.60697,-53.68099,261.2086
10.36:  82.70358,-53.43792,261.9965
10.38:  82.80244,-53.19883,262.7844
10.4:  82.90756,-52.95415,263.5722
10.41:  83.01421,-52.71506,264.3601
10.43:  83.12392,-52.4779,265.148
10.45:  83.23801,-52.23994,265.9359
10.46:  83.35471,-52.00486,266.7238
10.48:  83.47279,-51.77239,267.5116
10.5:  83.59603,-51.5378,268.2995
10.51:  83.72348,-51.30309,269.0874
10.53:  83.85198,-51.07401,269.8753
10.55:  83.98558,-50.84335,270.6631
10.56:  84.12143,-50.61842,271.451
10.58:  84.26016,-50.39568,272.2389
10.6:  84.4016,-50.17542,273.0268
10.61:  84.54602,-49.95716,273.8147
10.63:  84.69454,-49.73712,274.6025
10.65:  84.84505,-49.52272,275.3904
10.66:  84.99877,-49.31003,276.1783
10.68:  85.15548,-49.09936,276.9662
10.7:  85.32037,-48.88395,277.7541
10.71:  85.48,-48.67932,278.5419
10.73:  85.6471,-48.47303,279.3298
10.75:  85.81496,-48.26963,280.1177
10.76:  85.98196,-48.07286,280.9056
10.78:  86.14903,-47.87165,281.6934
10.8:  86.31007,-47.66615,282.4813
10.81:  86.44688,-47.44761,283.2692
10.83:  86.57093,-47.22273,284.0571
10.85:  86.68267,-46.99302,284.845
10.86:  86.77947,-46.75084,285.6328
10.88:  86.86167,-46.52237,286.4207
10.9:  86.93574,-46.28323,287.2086
10.91:  87.01312,-46.045,287.9965
10.93:  87.0933,-45.80928,288.7844
10.95:  87.1759,-45.57695,289.5722
10.96:  87.26384,-45.33998,290.3601
10.98:  87.35424,-45.10629,291.148
11:  87.44697,-44.87604,291.9359
11.01:  87.54427,-44.64368,292.7238
11.03:  87.63831,-44.41543,293.5116
11.05:  87.72392,-44.17666,294.2108
11.06:  87.80656,-43.93929,294.7958
11.08:  87.8848,-43.69882,295.2858
11.1:  87.9607,-43.46334,295.6808
11.11:  88.03767,-43.21989,295.9109
11.13:  88.11485,-42.9775,296.027
11.15:  88.18943,-42.73546,296.0416
11.16:  88.26372,-42.49441,296.0436
11.18:  88.33753,-42.25491,296.0436
11.2:  88.41323,-42.00928,296.0436
11.21:  88.48728,-41.769,296.0436
11.23:  88.56137,-41.52847,296.0353
11.25:  88.6364,-41.28467,296.0206
11.26:  88.71071,-41.043,296.006
11.28:  88.78437,-40.80302,295.9786
11.3:  88.86108,-40.56023,295.9006
11.31:  88.89732,-40.31944,295.7465
11.33:  88.89767,-40.07885,295.491
11.35:  88.89816,-39.83598,295.1278
11.36:  88.89951,-39.5905,294.6631
11.38:  88.90026,-39.34731,294.1097
11.4:  88.90113,-39.10223,293.4613
11.41:  88.90208,-38.85738,292.7621
11.43:  88.9031,-38.61096,292.0123
11.45:  88.90417,-38.36344,291.2308
11.46:  88.90524,-38.11867,290.4429
11.48:  88.90556,-37.86734,289.6613
11.5:  88.90738,-37.6172,288.8798
11.51:  88.90845,-37.36876,288.0983
11.53:  88.90954,-37.11983,287.3167
11.55:  88.90986,-36.86844,286.5352
11.56:  88.91094,-36.6178,285.7536
11.58:  88.91279,-36.35683,284.9721
11.6:  88.91385,-36.10994,284.2096
11.61:  88.91403,-35.86303,283.5294
11.63:  88.91565,-35.61078,282.9127
11.65:  88.91647,-35.35677,282.3276
11.66:  88.91647,-35.10523,281.7996
11.68:  88.91787,-34.85492,281.3159
11.7:  88.91853,-34.59826,280.8449
11.71:  88.91917,-34.34753,280.3866
11.73:  88.91982,-34.09529,279.9283
11.75:  88.92045,-33.8401,279.47
11.76:  88.92045,-33.59069,279.018
11.78:  88.92094,-33.33421,278.5661
11.8:  88.9174,-33.08001,278.1141
11.81:  88.91434,-32.82972,277.6685
11.83:  88.90702,-32.5778,277.2482
11.85:  88.89786,-32.32485,276.8406
11.86:  88.88932,-32.07115,276.4393
11.88:  88.87905,-31.81785,276.0444
11.9:  88.86704,-31.56478,275.6495
11.91:  88.85339,-31.31356,275.2545
11.93:  88.83797,-31.06148,274.8659
11.95:  88.8209,-30.81075,274.471
11.96:  88.80683,-30.5576,274.0824
11.98:  88.79368,-30.30946,273.6748
12:  88.78316,-30.05491,273.2355
12.01:  88.77322,-29.8049,272.7645
12.03:  88.76104,-29.55283,272.2745
12.05:  88.74924,-29.30263,271.7845
12.06:  88.73305,-29.0559,271.2882
12.08:  88.71416,-28.80183,270.7919
12.1:  88.69359,-28.55408,270.2955
12.11:  88.67315,-28.3043,269.8055
12.13:  88.65051,-28.05255,269.3472
12.15:  88.62888,-27.80465,268.9396
12.16:  88.60541,-27.55396,268.5764
12.18:  88.58096,-27.30703,268.2702
12.2:  88.5524,-27.05421,268.04
12.21:  88.52621,-26.80624,267.8986
12.23:  88.49988,-26.55974,267.8269
12.25:  88.47266,-26.30799,267.7552
12.26:  88.44542,-26.05842,267.6962
12.28:  88.41792,-25.8089,267.6372
12.3:  88.39056,-25.56267,267.5845
12.31:  88.35973,-25.30985,267.5318
12.33:  88.32928,-25.06217,267.4791
12.35:  88.28136,-24.81423,267.4265
12.36:  88.19427,-24.57076,267.3801
12.38:  88.06142,-24.35361,267.3274
12.4:  87.88545,-24.17483,267.2747
12.41:  87.66505,-24.06337,267.222
12.43:  87.42489,-23.99469,267.1694
12.45:  87.17105,-23.96297,267.1167
12.46:  86.91988,-23.95618,267.064
12.48:  86.6705,-23.96675,267.0113
12.5:  86.4246,-23.97981,266.9586
12.51:  86.17179,-23.99348,266.9059
12.53:  85.92226,-24.00719,266.8533
12.55:  85.67178,-24.0212,266.8006
12.56:  85.42196,-24.03539,266.7479
12.58:  85.17497,-24.04965,266.6952
12.6:  84.92252,-24.06446,266.6425
12.61:  84.66809,-24.07962,266.5898
12.63:  84.4232,-24.09444,266.5372
12.65:  84.17461,-24.10969,266.4908
12.66:  83.92915,-24.12497,266.4381
12.68:  83.67785,-24.14084,266.3854
12.7:  83.42612,-24.15697,266.3328
12.71:  83.17678,-24.17319,266.2801
12.73:  82.92655,-24.18966,266.2338
12.75:  82.68096,-24.20605,266.1811
12.76:  82.42886,-24.22309,266.1347
12.78:  82.17854,-24.2402,266.0884
12.8:  81.92083,-24.25797,266.0547
12.81:  81.67984,-24.27477,266.0147
12.83:  81.43005,-24.29234,265.9747
12.85:  81.1825,-24.30991,265.941
12.86:  80.93177,-24.32788,265.901
12.88:  80.67428,-24.34648,265.8673
12.9:  80.43336,-24.36403,265.8336
12.91:  80.18379,-24.38233,265.8063
12.93:  79.93494,-24.40073,265.7726
12.95:  79.68874,-24.41904,265.7453
12.96:  79.4356,-24.438,265.718
12.98:  79.18643,-24.45674,265.697
13:  78.93994,-24.47541,265.6696
13.01:  78.68826,-24.49459,265.6423
13.03:  78.43812,-24.5138,265.6086
13.05:  78.19016,-24.53299,265.575
13.06:  77.94054,-24.55245,265.5413
13.08:  77.69398,-24.57179,265.514
13.1:  77.44234,-24.59166,265.4867
13.11:  77.18656,-24.61191,265.472
13.13:  76.9437,-24.63121,265.4573
13.15:  76.69341,-24.65113,265.449
13.16:  76.44406,-24.66852,265.449
13.18:  76.19534,-24.68587,265.449
13.2:  75.94677,-24.70319,265.451
13.21:  75.69723,-24.71047,265.5227
13.23:  75.44475,-24.7173,265.6451
13.25:  75.19553,-24.72082,265.8245
13.26:  74.94738,-24.72346,266.023
13.28:  74.69514,-24.7276,266.2531
13.3:  74.44369,-24.7233,266.496
13.31:  74.19398,-24.71796,266.7388
13.33:  73.94417,-24.70914,266.9816
13.35:  73.69193,-24.70167,267.2117
13.36:  73.44103,-24.69339,267.4039
13.38:  73.19324,-24.68458,267.5516
13.4:  72.94048,-24.67531,267.617
13.41:  72.69038,-24.66609,267.6253
13.43:  72.43875,-24.65681,267.6273
13.45:  72.18808,-24.64756,267.6293
13.46:  71.9384,-24.63834,267.6312
13.48:  71.6871,-24.62905,267.6332
13.5:  71.43913,-24.61987,267.6352
13.51:  71.18577,-24.61048,267.6372
13.53:  70.93685,-24.60125,267.6392
13.55:  70.68456,-24.59186,267.6475
13.56:  70.43446,-24.58248,267.6621
13.58:  70.18397,-24.573,267.6831
13.6:  69.93478,-24.56326,267.7548
13.61:  69.67587,-24.55255,267.8836
13.63:  69.43004,-24.54175,268.0313
13.65:  69.17999,-24.53008,268.1854
13.66:  68.93079,-24.51774,268.3522
13.68:  68.67958,-24.50458,268.5126
13.7:  68.42927,-24.49075,268.6794
13.71:  68.18076,-24.47631,268.8398
13.73:  67.92233,-24.46058,269.0002
13.75:  67.67887,-24.44514,269.1416
13.76:  67.42789,-24.42887,269.226
13.78:  67.17776,-24.41245,269.2723
13.8:  66.92777,-24.39346,269.2997
13.81:  66.67849,-24.35982,269.3207
13.83:  66.42778,-24.32586,269.348
13.85:  66.17785,-24.29191,269.369
13.86:  65.92976,-24.25812,269.39
13.88:  65.67792,-24.22373,269.411
13.9:  65.4257,-24.18919,269.432
13.91:  65.17606,-24.15491,269.453
13.93:  64.92576,-24.12044,269.474
13.95:  64.67478,-24.08579,269.495
13.96:  64.42532,-24.05126,269.516
13.98:  64.17579,-24.01662,269.537
14:  63.92403,-23.98161,269.5516
14.01:  63.67258,-23.94663,269.5536
14.03:  63.42267,-23.91186,269.5536
14.05:  63.1764,-23.87761,269.5516
14.06:  62.92335,-23.84249,269.537
14.08:  62.67278,-23.80774,269.5287
14.1:  62.42248,-23.7731,269.514
14.11:  62.17122,-23.73842,269.493
14.13:  61.92097,-23.70397,269.472
14.15:  61.67113,-23.66964,269.4573
14.16:  61.42134,-23.63539,269.4427
14.18:  61.17144,-23.60118,269.428
14.2:  60.91981,-23.56678,269.4197
14.21:  60.67033,-23.53267,269.4177
14.23:  60.41861,-23.49827,269.4177
14.25:  60.16901,-23.46415,269.4177
14.26:  59.91916,-23.43,269.4177
14.28:  59.66869,-23.39576,269.4177
14.3:  59.41817,-23.36152,269.4177
14.31:  59.1686,-23.3274,269.4177
14.33:  58.91772,-23.29556,269.4177
14.35:  58.67066,-23.26179,269.4177
14.36:  58.41106,-23.22631,269.4177
14.38:  58.16919,-23.19324,269.4177
14.4:  57.91572,-23.16107,269.4177
14.41:  57.66637,-23.12943,269.4177
14.43:  57.41582,-23.09519,269.4157
14.45:  57.16747,-23.06129,269.4074
14.46:  56.91762,-23.02722,269.3991
14.48:  56.66382,-22.99268,269.3845
14.5:  56.4142,-22.96609,269.3698
14.51:  56.16338,-22.94189,269.3552
14.53:  55.91222,-22.91776,269.3342
14.55:  55.66316,-22.89632,269.3195
14.56:  55.41254,-22.87481,269.3048
14.58:  55.16299,-22.85347,269.2902
14.6:  54.91458,-22.82985,269.2755
14.61:  54.65448,-22.80774,269.2609
14.63:  54.40738,-22.78679,269.2462
14.65:  54.15939,-22.7634,269.2316
14.66:  53.91074,-22.74002,269.2169
14.68:  53.66357,-22.71682,269.2086
14.7:  53.41065,-22.69561,269.1939
14.71:  53.15929,-22.67214,269.1793
14.73:  52.90894,-22.65127,269.1646
14.75:  52.65929,-22.63056,269.1436
14.76:  52.4082,-22.60979,269.129
14.78:  52.15835,-22.58919,269.1143
14.8:  51.90933,-22.5687,269.106
14.81:  51.65912,-22.55058,269.0977
14.83:  51.40778,-22.5324,269.0957
14.85:  51.15678,-22.51427,269.0874
14.86:  50.90677,-22.49626,269.079
14.88:  50.65611,-22.47824,269.0707
14.9:  50.40605,-22.46029,269.0624
14.91:  50.1564,-22.44238,269.0604
14.93:  49.90588,-22.42445,269.0521
14.95:  49.65523,-22.40651,269.0501
14.96:  49.40522,-22.38866,269.0418
14.98:  49.15494,-22.3708,269.0398
15:  48.9038,-22.35291,269.0315
15.01:  48.6535,-22.33509,269.0295
15.03:  48.40356,-22.31734,269.0212
15.05:  48.15369,-22.30206,269.0129
15.06:  47.90514,-22.28448,269.0046
15.08:  47.65171,-22.26904,269.0026
15.1:  47.40215,-22.25139,269.0026
15.11:  47.15332,-22.23379,269.0026
15.13:  46.90483,-22.21865,269.0026
15.15:  46.65162,-22.20074,269.0026
15.16:  46.40136,-22.18304,269.0026
15.18:  46.15079,-22.16533,269.0026
15.2:  45.8998,-22.14758,269.0026
15.21:  45.65219,-22.13007,269.0026
15.23:  45.40326,-22.11246,269.0026
15.25:  45.14946,-22.09451,269.0026
15.26:  44.89929,-22.07683,269.0006
15.28:  44.64002,-22.05851,268.9987
15.3:  44.39758,-22.04139,268.9987
15.31:  44.14724,-22.02371,268.9966
15.33:  43.89684,-22.00603,268.9966
15.35:  43.64839,-21.98849,268.9947
15.36:  43.39689,-21.97075,268.9927
15.38:  43.14648,-21.95312,268.9844
15.4:  42.89812,-21.93567,268.9761
15.41:  42.64492,-21.91795,268.9614
15.43:  42.39692,-21.90314,268.9341
15.45:  42.14512,-21.88584,268.8877
15.46:  41.89538,-21.86899,268.816
15.48:  41.64425,-21.8526,268.6936
15.5:  41.39318,-21.83694,268.5269
15.51:  41.14328,-21.82236,268.2967
15.53:  40.89495,-21.80909,268.0159
15.55:  40.6416,-21.79943,267.697
15.56:  40.39085,-21.78889,267.3654
15.58:  40.13868,-21.77978,267.0276
15.6:  39.88923,-21.77223,266.6897
15.61:  39.63894,-21.76614,266.3518
15.63:  39.38063,-21.76135,266.0202
15.65:  39.1297,-21.75806,265.7077
15.66:  38.88754,-21.75613,265.4142
15.68:  38.63873,-21.7576,265.1777
15.7:  38.38412,-21.75751,264.9792
15.71:  38.13261,-21.75803,264.8378
15.73:  37.88366,-21.75905,264.7217
15.75:  37.62399,-21.76805,264.6501
15.76:  37.37497,-21.77937,264.591
15.78:  37.12975,-21.79309,264.551
15.8:  36.8808,-21.80714,264.5237
15.81:  36.63185,-21.82123,264.5154
15.83:  36.38245,-21.83535,264.5134
15.85:  36.13304,-21.84948,264.5134
15.86:  35.88337,-21.86361,264.5134
15.88:  35.63517,-21.87767,264.5134
15.9:  35.37561,-21.89236,264.5134
15.91:  35.13666,-21.9059,264.5134
15.93:  34.88288,-21.92026,264.5134
15.95:  34.63393,-21.93192,264.5134
15.96:  34.38429,-21.94605,264.5134
15.98:  34.13362,-21.95779,264.5134
16:  33.88444,-21.9719,264.5134
16.01:  33.63491,-21.98603,264.5134
16.03:  33.38578,-22.00014,264.5134
16.05:  33.13497,-22.01434,264.5134
16.06:  32.88561,-22.02845,264.5154
16.08:  32.6343,-22.04267,264.5154
16.1:  32.3851,-22.05676,264.5174
16.11:  32.13063,-22.07115,264.5193
16.13:  31.8806,-22.08528,264.5193
16.15:  31.6297,-22.09946,264.5193
16.16:  31.38338,-22.11338,264.5193
16.18:  31.13372,-22.12749,264.5193
16.2:  30.8862,-22.14148,264.5193
16.21:  30.63715,-22.15556,264.5193
16.23:  30.38853,-22.16961,264.5193
16.25:  30.13976,-22.18367,264.5193
16.26:  29.89064,-22.19775,264.5193
16.28:  29.63726,-22.21207,264.5193
16.3:  29.38801,-22.22619,264.511
16.31:  29.13904,-22.24034,264.5027
16.33:  28.88926,-22.2522,264.4754
16.35:  28.64036,-22.26661,264.4417
16.36:  28.39072,-22.27886,264.3827
16.38:  28.13858,-22.29159,264.3047
16.4:  27.88801,-22.30215,264.2203
16.41:  27.63177,-22.31352,264.0916
16.43:  27.38802,-22.32736,263.9438
16.45:  27.13801,-22.33986,263.7707
16.46:  26.8877,-22.35322,263.5786
16.48:  26.63737,-22.36745,263.3801
16.5:  26.38814,-22.38005,263.1816
16.51:  26.13794,-22.39601,262.9832
16.53:  25.88779,-22.41039,262.7847
16.55:  25.63733,-22.42565,262.5863
16.56:  25.38727,-22.43931,262.3878
16.58:  25.13647,-22.45389,262.1894
16.6:  24.88862,-22.46913,261.9973
16.61:  24.63529,-22.48064,261.7988
16.63:  24.38514,-22.49055,261.575
16.65:  24.1334,-22.50166,261.3195
16.66:  23.88178,-22.51413,261.007
16.68:  23.6284,-22.51842,260.6628
16.7:  23.37371,-22.51237,260.2678
16.71:  23.11799,-22.50341,259.8349
16.73:  22.86634,-22.49381,259.3575
16.75:  22.6101,-22.47919,258.8295
16.76:  22.35615,-22.46179,258.2762
16.78:  22.10467,-22.43885,257.6594
16.8:  21.856,-22.40805,257.03
16.81:  21.60855,-22.37487,256.3562
16.83:  21.36396,-22.34277,255.676
16.85:  21.11432,-22.30427,254.9769
16.86:  20.87106,-22.26434,254.2714
16.88:  20.62283,-22.22346,253.5469
16.9:  20.37775,-22.18636,252.8034
16.91:  20.13398,-22.15269,252.0599
16.93:  19.8806,-22.12103,251.3163
16.95:  19.64122,-22.09428,250.5728
16.96:  19.39487,-22.06997,249.8293
16.98:  19.14759,-22.04879,249.0922
17:  18.90054,-22.0153,248.393
17.01:  18.65228,-21.97909,247.7192
17.03:  18.39673,-21.94255,247.0771
17.05:  18.1538,-21.91046,246.4667
17.06:  17.90278,-21.8799,245.8816
17.08:  17.65534,-21.85233,245.2965
17.1:  17.40506,-21.82704,244.7115
17.11:  17.14772,-21.80366,244.1328
17.13:  16.89578,-21.78336,243.5477
17.15:  16.64842,-21.76802,242.969
17.16:  16.39699,-21.75286,242.3902
17.18:  16.14761,-21.74035,241.8115
17.2:  15.89675,-21.73029,241.2391
17.21:  15.64669,-21.72493,240.6477
17.23:  15.39437,-21.72007,240.0436
17.25:  15.14452,-21.71792,239.4332
17.26:  14.89245,-21.72055,238.8228
17.28:  14.64438,-21.72581,238.2061
17.3:  14.38991,-21.73185,237.5829
17.31:  14.13721,-21.74067,236.9408
17.33:  13.88578,-21.75235,236.2797
17.35:  13.63531,-21.76698,235.5996
17.36:  13.38328,-21.78469,234.9195
17.38:  13.12517,-21.80816,234.2266
17.4:  12.88431,-21.82972,233.5338
17.41:  12.63581,-21.85633,232.8283
17.43:  12.3859,-21.88621,232.1229
17.45:  12.13893,-21.90733,231.4237
17.46:  11.89602,-21.92773,230.7182
17.48:  11.64727,-21.95169,230.0191
17.5:  11.40283,-21.97685,229.3199
17.51:  11.16083,-22.00474,228.6208
17.53:  10.9161,-22.03742,227.9153
17.55:  10.67258,-22.07308,227.1908
17.56:  10.43293,-22.10993,226.4536
17.58:  10.18872,-22.15082,225.6911
17.6:  9.945917,-22.19634,224.9032
17.61:  9.705958,-22.24474,224.1153
17.63:  9.466125,-22.29657,223.3275
17.65:  9.222147,-22.35281,222.5396
17.66:  8.982396,-22.41156,221.7517
17.68:  8.743666,-22.47356,220.9638
17.7:  8.509396,-22.52595,220.1759
17.71:  8.26538,-22.5693,219.3881
17.73:  8.027382,-22.59599,218.6002
17.75:  7.775631,-22.60826,217.8123
17.76:  7.530642,-22.60418,217.0244
17.78:  7.286016,-22.58921,216.2366
17.8:  7.040959,-22.55646,215.4487
17.81:  6.795734,-22.51165,214.6608
17.83:  6.551597,-22.46269,213.8729
17.86:  6.306648,-22.4115,213.085
17.88:  6.062129,-22.36156,212.2972
17.9:  5.818696,-22.30741,211.5093
17.91:  5.58123,-22.25882,210.7214
17.93:  5.334353,-22.2086,209.9335
17.95:  5.092498,-22.16599,209.1456
17.96:  4.849345,-22.1266,208.3578
17.98:  4.603449,-22.08942,207.5699
18:  4.359674,-22.05597,206.782
18.01:  4.111599,-22.02622,205.9941
18.03:  3.864389,-22.00153,205.2063
18.05:  3.615197,-21.98787,204.4184
18.06:  3.362594,-21.98208,203.6305
18.08:  3.11112,-21.99736,202.8426
18.1:  2.851016,-22.02905,202.0547
18.11:  2.608083,-22.08326,201.2668
18.13:  2.373668,-22.16745,200.479
18.15:  2.157668,-22.2696,199.6911
18.16:  1.972486,-22.38363,198.9032
18.18:  1.829647,-22.50467,198.1153
18.2:  1.748288,-22.60034,197.3275
18.21:  1.727301,-22.6452,196.5396
18.23:  1.727301,-22.6452,195.7517
18.25:  1.727301,-22.6452,194.9638
18.26:  1.727301,-22.6452,194.1759
18.28:  1.734096,-22.61665,193.3881
18.3:  1.752264,-22.53537,192.6002
18.31:  1.781986,-22.39326,191.8123
18.33:  1.823732,-22.17898,191.0244
18.35:  1.882,-21.93818,190.2365
18.36:  1.947628,-21.69408,189.4487
18.38:  2.009546,-21.45045,188.6608
18.4:  2.067772,-21.20843,187.8729
18.41:  2.122432,-20.96558,187.085
18.43:  2.174765,-20.71716,186.2971
18.45:  2.222805,-20.4725,185.5093
18.46:  2.268044,-20.22408,184.7214
18.48:  2.309639,-19.97639,183.9335
18.5:  2.347905,-19.72762,183.1456
18.51:  2.382788,-19.47806,182.3578
18.53:  2.414001,-19.22991,181.5699
18.55:  2.441739,-18.9819,180.782
18.56:  2.466382,-18.73027,179.9941
18.58:  2.487889,-18.47445,179.2063
18.6:  2.50545,-18.22442,178.4184
18.61:  2.514531,-17.97854,177.6305
18.63:  2.517956,-17.72326,176.8426
18.65:  2.517874,-17.47996,176.0547
18.66:  2.511835,-17.22685,175.2669
18.68:  2.499662,-16.97012,174.479
18.7:  2.475315,-16.72821,173.6911
18.71:  2.444314,-16.47921,172.9032
18.73:  2.410249,-16.23323,172.1153
18.75:  2.372726,-15.98723,171.3275
18.76:  2.331413,-15.7393,170.5396
18.78:  2.286921,-15.49321,169.7517
18.8:  2.238979,-15.2474,168.9638
18.81:  2.18767,-15.00231,168.1759
18.83:  2.133443,-14.75995,167.3881
18.85:  2.075191,-14.51543,166.6002
18.86:  2.014308,-14.27461,165.8123
18.88:  1.94954,-14.03248,165.0244
18.9:  1.881425,-13.79118,164.2366
18.91:  1.810296,-13.55184,163.4487
18.93:  1.735793,-13.31321,162.6608
18.95:  1.658461,-13.07699,161.8729
18.96:  1.576992,-12.83924,161.085
18.98:  1.493014,-12.60474,160.2971
19:  1.404828,-12.36876,159.5093
19.01:  1.314266,-12.13622,158.7214
19.03:  1.220542,-11.90502,157.9335
19.05:  1.12406,-11.6761,157.1456
19.06:  1.022789,-11.44477,156.3578
19.08:  0.9197274,-11.21789,155.5699
19.1:  0.8125575,-10.99033,154.782
19.11:  0.7043384,-10.7685,153.9941
19.13:  0.5903611,-10.5428,153.2062
19.15:  0.4760983,-10.32407,152.4184
19.16:  0.3572441,-10.10397,151.6305
19.18:  0.234272,-9.883555,150.8426
19.2:  0.1089289,-9.665976,150.0547
19.21:  -0.0183638,-9.451873,149.2668
19.23:  -0.1518282,-9.234258,148.479
19.25:  -0.2812227,-9.029646,147.6911
19.26:  -0.4087412,-8.81134,146.9032
19.28:  -0.5262167,-8.593031,146.1153
19.3:  -0.6420519,-8.364285,145.3275
19.31:  -0.7477478,-8.135606,144.5396
19.33:  -0.8484403,-7.907746,143.7517
19.35:  -0.9482135,-7.678726,142.9638
19.36:  -1.053224,-7.44646,142.1759
19.38:  -1.160348,-7.217942,141.388
19.4:  -1.270565,-6.991002,140.6002
19.41:  -1.382558,-6.76825,139.8123
19.43:  -1.500032,-6.542391,139.0244
19.45:  -1.619126,-6.32091,138.2365
19.46:  -1.741583,-6.100496,137.4487
19.48:  -1.867257,-5.881444,136.6608
19.5:  -1.99587,-5.664242,135.8729
19.51:  -2.12504,-5.452787,135.085
19.53:  -2.261059,-5.236852,134.2971
19.55:  -2.398001,-5.025941,133.5093
19.56:  -2.537441,-4.817513,132.7214
19.58:  -2.68208,-4.607618,131.9335
19.6:  -2.827576,-4.402572,131.1456
19.61:  -2.977111,-4.197857,130.3577
19.63:  -3.126773,-3.998775,129.5699
19.65:  -3.280942,-3.799464,128.782
19.66:  -3.427291,-3.594453,127.9941
19.68:  -3.553489,-3.378148,127.2062
19.7:  -3.66153,-3.161433,126.4184
19.71:  -3.732608,-2.931152,125.6305
19.73:  -3.753127,-2.687531,124.8426
19.75:  -3.737317,-2.441424,124.0547
19.76:  -3.710598,-2.195261,123.2668
19.78:  -3.682398,-1.954906,122.479
19.8:  -3.639478,-1.719211,121.6911
19.81:  -3.593374,-1.47801,120.9032
19.83:  -3.534686,-1.240065,120.1153
19.85:  -3.473122,-1.001479,119.3274
19.86:  -3.40629,-0.7598401,118.5396
19.88:  -3.337679,-0.5256715,117.7517
19.9:  -3.266914,-0.2821901,116.9638
19.91:  -3.193986,-0.04492451,116.1759
19.93:  -3.116714,0.1921383,115.3881
19.95:  -3.03837,0.4278639,114.6002
19.96:  -2.960267,0.6660044,113.8123
19.98:  -2.88409,0.9013974,113.0244
20:  -2.809291,1.135667,112.2365
20.01:  -2.736393,1.375304,111.4487
20.03:  -2.664189,1.615439,110.6608
20.05:  -2.595206,1.856856,109.8729
20.06:  -2.522628,2.096652,109.085
20.08:  -2.451432,2.335285,108.2971
20.1:  -2.381594,2.572958,107.5093
20.11:  -2.311858,2.813623,106.7214
20.13:  -2.241696,3.059382,105.9335
20.15:  -2.177806,3.295423,105.1456
20.16:  -2.115887,3.537322,104.3577
20.18:  -2.057455,3.779407,103.5699
20.2:  -2.002159,4.023148,102.782
20.21:  -1.949872,4.269262,101.9941
20.23:  -1.901509,4.513375,101.2062
20.25:  -1.856181,4.759903,100.4184
20.26:  -1.814349,5.006433,99.63048
20.28:  -1.776003,5.252919,98.84261
20.3:  -1.740824,5.501509,98.05473
20.31:  -1.709133,5.750032,97.26684
20.33:  -1.681116,5.996746,96.47896
20.35:  -1.656505,6.2437,95.69108
20.36:  -1.634966,6.49478,94.90321
20.38:  -1.617087,6.743274,94.11533
20.4:  -1.602649,6.991599,93.32745
20.41:  -1.591527,7.24237,92.53957
20.43:  -1.583885,7.492253,91.75169
20.45:  -1.579749,7.738055,90.96381
20.46:  -1.578717,7.998948,90.22664
20.48:  -1.580419,8.244823,89.60354
20.5:  -1.584233,8.493126,89.11988
20.51:  -1.589574,8.741743,88.76931
20.53:  -1.595756,8.991724,88.58353
20.55:  -1.585262,9.241456,88.48013
20.56:  -1.562917,9.490317,88.42112
20.58:  -1.523002,9.73808,88.39379
20.6:  -1.473224,9.983339,88.39379
20.61:  -1.416116,10.22582,88.39379
20.63:  -1.356795,10.46738,88.39379
20.65:  -1.297947,10.70702,88.39379
20.66:  -1.238873,10.94758,88.39379
20.68:  -1.178873,11.19191,88.39379
20.7:  -1.119503,11.43367,88.39379
20.71:  -1.062374,11.67624,88.39379
20.73:  -1.003032,11.91789,88.39379
20.75:  -0.9434583,12.16033,88.40211
20.76:  -0.8845367,12.39894,88.46748
20.78:  -0.8238065,12.64287,88.57719
20.8:  -0.7575216,12.88614,88.75664
20.81:  -0.6979995,13.09079,89.01848
20.83:  -0.6991541,13.20734,89.43242
20.85:  -0.6991773,13.23637,89.95411
20.86:  -0.6991773,13.23637,90.5772
20.88:  -0.6991773,13.23637,91.27635
20.9:  -0.6995295,13.22657,92.05789
20.91:  -0.7027127,13.16253,92.84577
20.93:  -0.7113073,13.02719,93.63365
20.95:  -0.7260813,12.83613,94.42153
20.96:  -0.7474586,12.60166,95.20941
20.98:  -0.7736208,12.35263,95.99729
21:  -0.8031794,12.10419,96.78517
21.01:  -0.8356237,11.86016,97.57304
21.03:  -0.8725882,11.60865,98.36092
21.05:  -0.9122247,11.36253,99.1488
21.06:  -0.9564839,11.1099,99.93668
21.08:  -1.001251,10.87353,100.7246
21.1:  -1.051752,10.62558,101.5125
21.11:  -1.104915,10.38176,102.3003
21.13:  -1.158549,10.12867,103.0882
21.15:  -1.195642,9.889995,103.8761
21.16:  -1.21856,9.63825,104.664
21.18:  -1.230936,9.380092,105.4518
21.2:  -1.234965,9.120648,106.2397
21.21:  -1.234805,8.861227,107.0276
21.23:  -1.228869,8.599137,107.8155
21.25:  -1.223464,8.340161,108.6033
21.26:  -1.219353,8.08225,109.3912
21.28:  -1.218772,7.816803,110.1791
21.3:  -1.221742,7.559961,110.967
21.31:  -1.228488,7.293539,111.7549
21.33:  -1.238868,7.027973,112.5427
21.35:  -1.252245,6.774926,113.3306
21.36:  -1.265302,6.509159,114.1185
21.38:  -1.276429,6.253964,114.9064
21.4:  -1.27579,5.997014,115.6943
21.41:  -1.269893,5.742706,116.4821
21.43:  -1.252084,5.486549,117.27
21.45:  -1.222997,5.239209,118.0579
21.46:  -1.194303,4.98226,118.8458
21.48:  -1.166858,4.733373,119.5703
21.5:  -1.140222,4.484963,120.1934
21.51:  -1.115071,4.229259,120.696
21.53:  -1.090108,3.977753,121.091
21.55:  -1.066719,3.727075,121.4289
21.56:  -1.044109,3.470877,121.716
21.58:  -1.022519,3.212074,121.9905
21.6:  -1.002752,2.960581,122.265
21.61:  -0.9841809,2.7085,122.5459
21.63:  -0.9670983,2.459601,122.8331
21.65:  -0.948991,2.203726,123.152
21.66:  -0.9325739,1.950104,123.4962
21.68:  -0.9200357,1.699289,123.8975
21.7:  -0.9091604,1.442229,124.3368
21.71:  -0.900571,1.188499,124.8204
21.73:  -0.8922447,0.9335292,125.3294
21.75:  -0.8903247,0.6818956,125.8765
21.76:  -0.8908888,0.4311188,126.4425
21.78:  -0.8941565,0.1688902,127.0276
21.8:  -0.9017015,-0.07898736,127.6063
21.81:  -0.9116318,-0.3231964,128.1914
21.83:  -0.9245496,-0.5770053,128.7764
21.85:  -0.939724,-0.8256511,129.3552
21.86:  -0.9575464,-1.07606,129.9339
21.88:  -0.9796714,-1.325239,130.4809
21.9:  -1.002029,-1.576608,130.9456
21.91:  -1.025621,-1.823777,131.3152
21.93:  -1.050669,-2.075503,131.5453
21.95:  -1.076039,-2.325602,131.655
21.96:  -1.101201,-2.573297,131.6634
21.98:  -1.126741,-2.824708,131.6634
22:  -1.151888,-3.072615,131.655
22.01:  -1.177461,-3.325361,131.6404
22.03:  -1.202512,-3.574133,131.6131
22.05:  -1.227285,-3.822157,131.5667
22.06:  -1.252165,-4.074159,131.5013
22.08:  -1.27627,-4.323763,131.379
22.1:  -1.299396,-4.571924,131.1868
22.11:  -1.321639,-4.821462,130.9567
22.13:  -1.346285,-5.0749,130.6378
22.15:  -1.376096,-5.321588,130.2682
22.16:  -1.404218,-5.569809,129.8416
22.18:  -1.433717,-5.818521,129.3643
22.2:  -1.463874,-6.064491,128.8173
22.21:  -1.493332,-6.316074,128.2132
22.23:  -1.522292,-6.569054,127.5901
22.25:  -1.557147,-6.813379,126.9543
22.26:  -1.593218,-7.062472,126.3122
22.28:  -1.629238,-7.307746,125.6701
22.3:  -1.664832,-7.562083,125.028
22.31:  -1.699226,-7.81228,124.3922
22.33:  -1.733563,-8.065674,123.7818
22.35:  -1.770255,-8.313724,123.2284
22.36:  -1.811503,-8.556166,122.7067
22.38:  -1.853259,-8.800877,122.2167
22.4:  -1.892469,-9.051101,121.7394
22.41:  -1.92931,-9.299356,121.2748
22.43:  -1.96674,-9.549703,120.8228
22.45:  -2.003237,-9.807715,120.3708
22.46:  -2.033939,-10.05472,119.9188
22.48:  -2.064859,-10.3013,119.4669
22.5:  -2.09194,-10.55135,119.0149
22.51:  -2.119273,-10.80119,118.563
22.53:  -2.142518,-11.05284,118.111
22.55:  -2.163529,-11.30206,117.6527
22.56:  -2.185059,-11.5545,117.1944
22.58:  -2.202751,-11.81427,116.7297
22.6:  -2.219911,-12.06387,116.2524
22.61:  -2.234873,-12.31164,115.7751
22.63:  -2.245656,-12.56289,115.2914
22.65:  -2.257587,-12.81604,114.8077
22.66:  -2.26408,-13.06558,114.3241
22.68:  -2.270824,-13.31957,113.8404
22.7:  -2.273137,-13.57289,113.3568
22.71:  -2.275565,-13.8242,112.8731
22.73:  -2.273598,-14.07797,112.3894
22.75:  -2.269542,-14.33009,111.9121
22.76:  -2.263577,-14.58122,111.4728
22.78:  -2.255842,-14.83444,111.0842
22.8:  -2.249193,-15.08258,110.7844
22.81:  -2.241562,-15.33751,110.6049
22.83:  -2.233695,-15.58887,110.5269
22.85:  -2.225541,-15.84199,110.4742
22.86:  -2.220488,-16.0913,110.4342
22.88:  -2.215235,-16.34315,110.4005
22.9:  -2.209786,-16.59989,110.3795
22.91:  -2.206683,-16.85163,110.3712
22.93:  -2.203565,-17.10457,110.3712
22.95:  -2.199631,-17.35323,110.3732
22.96:  -2.196585,-17.60393,110.3815
22.98:  -2.193843,-17.85815,110.4595
23:  -2.190852,-18.1083,110.5946
23.01:  -2.189512,-18.36139,110.774
23.03:  -2.189303,-18.61173,111.0296
23.05:  -2.189658,-18.86142,111.3611
23.06:  -2.191717,-19.1124,111.7497
23.08:  -2.196529,-19.36473,112.17
23.1:  -2.204646,-19.61364,112.6219
23.11:  -2.212574,-19.86319,113.0993
23.13:  -2.222557,-20.11138,113.5829
23.15:  -2.234752,-20.36131,114.0729
23.16:  -2.249459,-20.61817,114.5566
23.18:  -2.265431,-20.86117,115.0402
23.2:  -2.283943,-21.11061,115.5239
23.21:  -2.304604,-21.36042,116.0076
23.23:  -2.328092,-21.61003,116.4532
23.25:  -2.35529,-21.85671,116.8481
23.26:  -2.381179,-22.10587,117.2114
23.28:  -2.409997,-22.36042,117.5366
23.3:  -2.439505,-22.60987,117.8238
23.31:  -2.472493,-22.85987,118.0729
23.33:  -2.503958,-23.10805,118.3031
23.35:  -2.535509,-23.35616,118.5269
23.36:  -2.568037,-23.60463,118.738
23.38:  -2.602479,-23.85394,118.9428
23.4:  -2.636716,-24.10169,119.1476
23.41:  -2.671351,-24.34608,119.346
23.43:  -2.705732,-24.59999,119.5128
23.45:  -2.737668,-24.84787,119.6606
23.46:  -2.77321,-25.0945,119.7956
23.48:  -2.806413,-25.34424,119.8927
23.5:  -2.841145,-25.5962,119.958
23.51:  -2.873606,-25.85491,119.9854
23.53:  -2.900478,-26.10458,119.9937
23.55:  -2.916735,-26.35707,120.002
23.56:  -2.934242,-26.61199,120.004
23.58:  -2.951103,-26.87374,120.004
23.6:  -2.968483,-27.12668,120.006
23.61:  -2.985975,-27.38126,120.006
23.63:  -3.002173,-27.63256,120.006
23.65:  -3.016499,-27.8892,120.006
23.66:  -3.030629,-28.14234,120.006
23.68:  -3.046054,-28.39902,120.004
23.7:  -3.060262,-28.65437,119.9957
23.71:  -3.076507,-28.90769,119.9874
23.73:  -3.092716,-29.1619,119.9664
23.75:  -3.106581,-29.41612,119.9327
23.76:  -3.120189,-29.66994,119.88
23.78:  -3.133681,-29.92705,119.8146
23.8:  -3.149935,-30.18195,119.7239
23.81:  -3.164531,-30.43637,119.6015
23.83:  -3.178459,-30.69009,119.4601
23.85:  -3.192755,-30.9464,119.268
23.86:  -3.202688,-31.2011,119.0442
23.88:  -3.214835,-31.45741,118.7887
23.9:  -3.222314,-31.71272,118.4888
23.91:  -3.230549,-31.9683,118.1636
23.93:  -3.236127,-32.22564,117.8067
23.95:  -3.242202,-32.48117,117.4371
23.96:  -3.24647,-32.73746,117.0295
23.98:  -3.245612,-32.98907,116.6156
24:  -3.242837,-33.25001,116.2017
24.01:  -3.239367,-33.50579,115.7877
24.03:  -3.235148,-33.76001,115.3674
24.05:  -3.226827,-34.01574,114.9471
24.06:  -3.219935,-34.27068,114.5269
24.08:  -3.211175,-34.52551,114.1066
24.1:  -3.20264,-34.78432,113.6926
24.11:  -3.192351,-35.03946,113.2724
24.13:  -3.1847,-35.29287,112.8521
24.15:  -3.177319,-35.55009,112.4318
24.16:  -3.172743,-35.80221,112.0115
24.18:  -3.16877,-36.04382,111.5912
24.2:  -3.163724,-36.29553,111.1709
24.21:  -3.15998,-36.54948,110.7507
24.23:  -3.158176,-36.79716,110.3367
24.25:  -3.155399,-37.0484,109.9228
24.26:  -3.158593,-37.30029,109.5152
24.28:  -3.159992,-37.55155,109.1076
24.3:  -3.165059,-37.80338,108.7063
24.31:  -3.167699,-38.04998,108.3367
24.33:  -3.1696,-38.30544,107.9798
24.35:  -3.172268,-38.55655,107.6292
24.36:  -3.173388,-38.80514,107.2787
24.38:  -3.172979,-39.05894,106.9281
24.4:  -3.171069,-39.30598,106.5776
24.41:  -3.167545,-39.55841,106.2206
24.43:  -3.162441,-39.81113,105.8637
24.45:  -3.155808,-40.06323,105.5132
24.46:  -3.147662,-40.3135,105.1563
24.48:  -3.137929,-40.56444,104.7994
24.5:  -3.126666,-40.81458,104.4425
24.51:  -3.114408,-41.06768,104.0856
24.53:  -3.100148,-41.32847,103.7287
24.55:  -3.084303,-41.57652,103.3654
24.56:  -3.064563,-41.8238,102.9895
24.58:  -3.042815,-42.07541,102.6136
24.6:  -3.019353,-42.32667,102.2187
24.61:  -2.994194,-42.57741,101.8237
24.63:  -2.964935,-42.82771,101.4161
24.65:  -2.933264,-43.08266,101.0022
24.66:  -2.900792,-43.32925,100.5819
24.68:  -2.863975,-43.57675,100.1489
24.7:  -2.826657,-43.83027,99.70963
24.71:  -2.784177,-44.08802,99.25133
24.73:  -2.742471,-44.32904,98.79302
24.75:  -2.697011,-44.5798,98.33471
24.76:  -2.650573,-44.82477,97.8764
24.78:  -2.603327,-45.07565,97.41809
24.8:  -2.551951,-45.32482,96.95979
24.81:  -2.49941,-45.58133,96.50781
24.83:  -2.447615,-45.82443,96.05584
24.85:  -2.390852,-46.06993,95.59119
24.86:  -2.33579,-46.30937,95.13287
24.88:  -2.273829,-46.55908,94.67457
24.9:  -2.214126,-46.80092,94.21626
24.91:  -2.150947,-47.04844,93.76428
24.93:  -2.086792,-47.29164,93.30598
24.95:  -2.015778,-47.54323,92.84767
24.96:  -1.947663,-47.77727,92.38303
24.98:  -1.876553,-48.02269,91.92471
25:  -1.801753,-48.26517,91.46641
25.01:  -1.725205,-48.50645,91.00809
25.03:  -1.646843,-48.74677,90.54979
25.05:  -1.564668,-48.98485,90.09148
25.06:  -1.479708,-49.22476,89.63317
25.08:  -1.384677,-49.4659,89.17487
25.1:  -1.284639,-49.70183,88.72289
25.11:  -1.178023,-49.93735,88.26458
25.13:  -1.066127,-50.16632,87.80627
25.15:  -0.9432129,-50.39529,87.3543
25.16:  -0.8178383,-50.6176,86.896
25.18:  -0.6899902,-50.82727,86.43769
25.2:  -0.5444902,-51.03886,85.97938
25.21:  -0.3960146,-51.24312,85.52107
25.23:  -0.2436034,-51.4458,85.06276
25.25:  -0.08875117,-51.64838,84.61079
25.26:  0.06636108,-51.84586,84.15248
25.28:  0.2226329,-52.04366,83.69418
25.3:  0.38455,-52.24526,83.23587
25.31:  0.5432593,-52.4397,82.78391
25.33:  0.7076133,-52.6379,82.33826
25.35:  0.8703648,-52.83118,81.9053
25.36:  1.034371,-53.02099,81.47235
25.38:  1.203061,-53.21528,81.0394
25.4:  1.371513,-53.40134,80.61278
25.41:  1.542456,-53.59048,80.1925
25.43:  1.71226,-53.77565,79.77855
25.45:  1.884519,-53.96087,79.37729
25.46:  2.058147,-54.14716,79.02038
25.48:  2.231701,-54.32933,78.68884
25.5:  2.407172,-54.51337,78.36996
25.51:  2.583379,-54.69434,78.06376
25.53:  2.760611,-54.87645,77.78291
25.55:  2.938855,-55.05801,77.53375
25.56:  3.116268,-55.23732,77.30995
25.58:  3.296302,-55.41605,77.09248
25.6:  3.476991,-55.59411,76.88136
25.61:  3.655223,-55.76851,76.67656
25.63:  3.838577,-55.94667,76.4781
25.65:  4.024179,-56.12574,76.2733
25.66:  4.201586,-56.29567,76.06851
25.68:  4.384572,-56.4697,75.86372
25.7:  4.568379,-56.64323,75.65259
25.71:  4.751923,-56.81516,75.42878
25.73:  4.936965,-56.98873,75.17328
25.75:  5.127631,-57.16397,74.88609
25.76:  5.314337,-57.33554,74.58624
25.78:  5.499809,-57.50231,74.26102
25.8:  5.686451,-57.66984,73.9168
25.81:  5.878321,-57.83999,73.57258
25.83:  6.072754,-58.00854,73.22202
25.85:  6.263645,-58.17366,72.86511
25.86:  6.45326,-58.33395,72.50821
25.88:  6.645014,-58.49568,72.15131
25.9:  6.84337,-58.66088,71.79441
25.91:  7.039682,-58.82232,71.43751
25.93:  7.238322,-58.9836,71.0806
25.95:  7.435933,-59.14202,70.7237
25.96:  7.631673,-59.29532,70.3668
25.98:  7.833307,-59.45125,70.01624
26:  8.034123,-59.60459,69.66567
26.01:  8.236326,-59.75701,69.30877
26.03:  8.438512,-59.90907,68.95187
26.05:  8.640874,-60.05772,68.6013
26.06:  8.847185,-60.20894,68.2444
26.08:  9.053366,-60.35812,67.89384
26.1:  9.259721,-60.50389,67.53694
26.11:  9.464257,-60.64804,67.18003
26.13:  9.672533,-60.79289,66.82314
26.15:  9.883235,-60.93749,66.46623
26.16:  10.09424,-61.07879,66.10933
26.18:  10.30693,-61.22089,65.75242
26.2:  10.51869,-61.35891,65.39552
26.21:  10.7309,-61.49538,65.04495
26.23:  10.94433,-61.63231,64.68805
26.25:  11.15857,-61.76637,64.33749
26.26:  11.37132,-61.89767,63.98058
26.28:  11.58825,-62.02968,63.62368
26.3:  11.8061,-62.16197,63.27312
26.31:  12.02458,-62.29282,62.92255
26.33:  12.24287,-62.42171,62.56565
26.35:  12.46169,-62.54758,62.20875
26.36:  12.67958,-62.6726,61.85184
26.38:  12.9033,-62.79909,61.4886
26.4:  13.12641,-62.92337,61.12537
26.41:  13.34805,-63.04352,60.76213
26.43:  13.57079,-63.16241,60.39256
26.45:  13.79452,-63.27999,60.02297
26.46:  14.01534,-63.39419,59.64706
26.48:  14.24076,-63.51037,59.27114
26.5:  14.47151,-63.62741,58.90157
26.51:  14.69895,-63.74094,58.53198
26.53:  14.92491,-63.85048,58.16241
26.55:  15.15233,-63.95892,57.79283
26.56:  15.38033,-64.06726,57.42325
26.58:  15.61134,-64.17378,57.05367
26.6:  15.84327,-64.28031,56.67775
26.61:  16.07521,-64.38503,56.30184
26.63:  16.31086,-64.48958,55.93226
26.65:  16.54075,-64.58978,55.55635
26.66:  16.77429,-64.68976,55.18043
26.68:  17.00849,-64.78821,54.80452
26.7:  17.24429,-64.88551,54.4286
26.71:  17.4789,-64.97912,54.05269
26.73:  17.71297,-65.07073,53.67677
26.75:  17.94666,-65.16045,53.30085
26.76:  18.18215,-65.24908,52.92494
26.78:  18.4196,-65.33887,52.54269
26.8:  18.65493,-65.42602,52.14775
26.81:  18.89143,-65.51529,51.74015
26.83:  19.12645,-65.6021,51.33254
26.85:  19.36079,-65.689,50.92494
26.86:  19.59613,-65.77434,50.51099
26.88:  19.83283,-65.85822,50.09071
26.9:  20.06763,-65.94166,49.65776
26.91:  20.30265,-66.02315,49.21846
26.93:  20.53744,-66.10477,48.77283
26.95:  20.77269,-66.18447,48.32087
26.96:  21.00682,-66.26171,47.86256
26.98:  21.24356,-66.33769,47.39791
27:  21.48288,-66.41367,46.9396
27.01:  21.71858,-66.48514,46.47495
27.03:  21.95605,-66.55506,46.01031
27.05:  22.19528,-66.62566,45.552
27.06:  22.43366,-66.69172,45.09369
27.08:  22.67027,-66.75526,44.63538
27.1:  22.91257,-66.82173,44.17707
27.11:  23.15314,-66.88443,43.71877
27.13:  23.38832,-66.94373,43.26046
27.15:  23.63326,-67.0034,42.80215
27.16:  23.87067,-67.06264,42.35018
27.18:  24.11569,-67.11947,41.89188
27.2:  24.35724,-67.17565,41.43357
27.21:  24.59625,-67.22923,40.97526
27.23:  24.84024,-67.28189,40.51695
27.25:  25.08298,-67.33224,40.05864
27.26:  25.32667,-67.38077,39.60033
27.28:  25.56819,-67.42905,39.14202
27.3:  25.81254,-67.477,38.67738
27.31:  26.05729,-67.52297,38.21273
27.33:  26.2969,-67.56817,37.75443
27.35:  26.5466,-67.61436,37.29612
27.36:  26.79021,-67.65628,36.83781
27.38:  27.03758,-67.69796,36.37951
27.4:  27.28387,-67.73743,35.9212
27.41:  27.5304,-67.77602,35.46289
27.43:  27.77962,-67.81413,35.00458
27.45:  28.02648,-67.85316,34.54627
27.46:  28.27345,-67.89349,34.08796
27.48:  28.52106,-67.93189,33.62965
27.5:  28.7654,-67.97226,33.17134
27.51:  29.02186,-68.0149,32.71304
27.53:  29.26107,-68.05268,32.24839
27.55:  29.50477,-68.08917,31.79008
27.56:  29.75066,-68.12396,31.32543
27.58:  29.99452,-68.15645,30.86079
27.6:  30.2414,-68.1873,30.39614
27.61:  30.49028,-68.19043,29.93783
27.63:  30.73736,-68.19107,29.47952
27.65:  30.9851,-68.19171,29.01488
27.66:  31.23234,-68.19171,28.55657
27.68:  31.48012,-68.19227,28.09826
27.7:  31.73196,-68.19291,27.63995
27.71:  31.97584,-68.19291,27.18164
27.73:  32.22672,-68.19346,26.72334
27.75:  32.47858,-68.19453,26.25869
27.76:  32.72869,-68.19453,25.79404
27.78:  32.97838,-68.1951,25.33574
27.8:  33.22532,-68.19573,24.87742
27.81:  33.48024,-68.19638,24.41278
27.83:  33.73258,-68.19674,23.94813
27.85:  33.98088,-68.19674,23.48348
27.86:  34.23495,-68.19759,23.02518
27.88:  34.48344,-68.19824,22.56053
27.9:  34.73111,-68.19888,22.10222
27.91:  34.98151,-68.19952,21.64391
27.93:  35.23392,-68.1991,21.1856
27.95:  35.48397,-68.19666,20.72096
27.96:  35.73278,-68.19222,20.25631
27.98:  35.98391,-68.1889,19.798
28:  36.23598,-68.18355,19.33969
28.01:  36.48443,-68.17542,18.88138
28.03:  36.73424,-68.16841,18.42308
28.05:  36.9845,-68.16169,17.96477
28.06:  37.23259,-68.15535,17.50646
28.08:  37.48465,-68.14767,17.04181
28.1:  37.73246,-68.13963,16.57717
28.11:  37.98098,-68.13267,16.11886
28.13:  38.23055,-68.12368,15.66055
28.15:  38.47776,-68.11304,15.25928
28.16:  38.72987,-68.10065,14.90872
28.18:  38.98005,-68.08994,14.57083
28.2:  39.23134,-68.08015,14.25195
28.21:  39.48011,-68.07213,13.94575
28.23:  39.7346,-68.06495,13.63955
28.25:  39.98225,-68.05666,13.33969
28.26:  40.23862,-68.0498,13.03983
28.28:  40.48836,-68.0418,12.73997
28.3:  40.74492,-68.0323,12.45278
28.31:  40.99856,-68.02168,12.17828
28.33:  41.25071,-68.00998,11.91644
28.35:  41.50379,-67.99718,11.67996
28.36:  41.75573,-67.98346,11.45615
28.38:  42.00956,-67.96878,11.26404
28.4:  42.26304,-67.95341,11.10361
28.41:  42.51814,-67.93795,10.96853
28.43:  42.77128,-67.92162,10.88416
28.45:  43.02285,-67.90511,10.8188
28.46:  43.27209,-67.88857,10.77879
28.48:  43.52784,-67.87146,10.74512
28.5:  43.78199,-67.85441,10.7368
28.51:  44.03436,-67.83749,10.7368
28.53:  44.28746,-67.8205,10.7368
28.55:  44.5386,-67.80366,10.7368
28.56:  44.78716,-67.78699,10.7368
28.58:  45.03893,-67.77013,10.74512
28.6:  45.29164,-67.75332,10.76612
28.61:  45.54528,-67.73669,10.82514
28.63:  45.79768,-67.72056,10.91585
28.65:  46.05121,-67.70498,11.05726
28.66:  46.30276,-67.69031,11.2367
28.68:  46.56055,-67.67622,11.44783
28.7:  46.81415,-67.66345,11.69065
28.71:  47.07548,-67.65178,12.01587
28.73:  47.31887,-67.64245,12.37911
28.75:  47.57323,-67.63457,12.79939
28.76:  47.82655,-67.62883,13.27671
28.78:  48.07924,-67.62543,13.80474
28.8:  48.33027,-67.62471,14.40882
28.81:  48.58642,-67.62704,15.09529
28.83:  48.83829,-67.6328,15.88317
28.85:  49.08932,-67.64198,16.67105
28.86:  49.34564,-67.6549,17.45893
28.88:  49.60608,-67.67162,18.24681
28.9:  49.84783,-67.69048,19.03469
28.91:  50.10294,-67.71391,19.82257
28.93:  50.35482,-67.74055,20.61045
28.95:  50.6067,-67.77069,21.39832
28.96:  50.85711,-67.80415,22.1862
28.98:  51.10788,-67.83879,22.97408
29:  51.36068,-67.87486,23.76196
29.01:  51.61403,-67.9118,24.46745
29.03:  51.86755,-67.94891,25.02716
29.05:  52.11926,-67.98767,25.45378
29.06:  52.37152,-68.02782,25.74097
29.08:  52.62342,-68.06564,25.92675
29.1:  52.87714,-68.09956,26.04915
29.11:  53.13187,-68.12926,26.12085
29.13:  53.39042,-68.14928,26.12916
29.15:  53.64943,-68.16752,26.13748
29.16:  53.89761,-68.17743,26.13748
29.18:  54.15208,-68.17884,26.13748
29.2:  54.40798,-68.17912,26.13748
29.21:  54.6621,-68.17831,26.13748
29.23:  54.91845,-68.1753,26.13748
29.25:  55.17015,-68.17342,26.13748
29.26:  55.42105,-68.16609,26.13748
29.28:  55.67559,-68.14882,26.1355
29.3:  55.93203,-68.12926,26.13352
29.31:  56.19085,-68.10476,26.1252
29.33:  56.43618,-68.07943,26.11054
29.35:  56.68711,-68.05553,26.09589
29.36:  56.93905,-68.0294,26.08123
29.38:  57.19302,-68.00294,26.06024
29.4:  57.44139,-67.97908,26.04558
29.41:  57.6966,-67.95448,26.03093
29.43:  57.94972,-67.93006,26.02261
29.45:  58.20125,-67.90569,26.00161
29.46:  58.45294,-67.88119,25.97428
29.48:  58.70273,-67.85465,25.94061
29.5:  58.9585,-67.82944,25.90694
29.51:  59.21165,-67.80213,25.84792
29.53:  59.46228,-67.77686,25.77622
29.55:  59.7155,-67.74879,25.67917
29.56:  59.96722,-67.7224,25.55044
29.58:  60.2192,-67.69521,25.37733
29.6:  60.47054,-67.66722,25.17888
29.61:  60.72178,-67.63821,24.94873
29.63:  60.96949,-67.60838,24.66788
29.65:  61.22495,-67.57407,24.35534
29.66:  61.47539,-67.54096,24.00478
29.68:  61.7271,-67.5039,23.62886
29.7:  61.9786,-67.46503,23.22126
29.71:  62.22681,-67.42685,22.7883
29.73:  62.47987,-67.38364,22.31732
29.75:  62.72961,-67.33884,21.83366
29.76:  62.9804,-67.29151,21.31831
29.78:  63.2281,-67.24445,20.77761
29.8:  63.47748,-67.19238,20.21155
29.81:  63.72447,-67.14021,19.60747
29.83:  63.97377,-67.08253,18.97804
29.85:  64.21995,-67.02477,18.3296
29.86:  64.46349,-66.96458,17.6558
29.88:  64.70961,-66.90063,16.96933
29.9:  64.95443,-66.83385,16.27652
29.91:  65.1976,-66.76429,15.57103
29.93:  65.43918,-66.69186,14.84653
29.95:  65.68062,-66.61612,14.11569
29.96:  65.92332,-66.53658,13.39119
29.98:  66.1679,-66.453,12.66669
30:  66.40022,-66.36815,11.94219
30.01:  66.63708,-66.28045,11.21769
30.03:  66.87244,-66.18991,10.49319
30.05:  67.1092,-66.09534,9.762356
30.06:  67.34203,-65.99889,9.031517
30.08:  67.57215,-65.90009,8.300679
30.1:  67.80695,-65.79576,7.576179
30.11:  68.04462,-65.68652,6.851679
30.13:  68.26987,-65.57954,6.12718
30.15:  68.48886,-65.47437,5.409017
30.16:  68.71535,-65.36217,4.70353
30.18:  68.94204,-65.24641,4.01072
30.2:  69.1657,-65.12878,3.317909
30.21:  69.38607,-65.00949,2.631437
30.23:  69.60622,-64.88689,1.944965
30.25:  69.82489,-64.76171,1.271167
30.26:  70.03867,-64.63598,0.5973707
30.28:  70.25735,-64.50639,359.9299
30.3:  70.46807,-64.37819,359.2625
30.31:  70.68353,-64.24364,358.595
30.33:  70.893,-64.10941,357.9275
30.35:  71.10365,-63.97351,357.2664
30.36:  71.31158,-63.83595,356.6053
30.38:  71.52318,-63.69241,355.9442
30.4:  71.72713,-63.5506,355.2831
30.41:  71.92656,-63.40856,354.6346
30.43:  72.12796,-63.26176,354.0052
30.45:  72.32745,-63.11306,353.3947
30.46:  72.52586,-62.96196,352.8033
30.48:  72.72153,-62.80977,352.2183
30.5:  72.91765,-62.65399,351.6332
30.51:  73.11055,-62.49756,351.0545
30.53:  73.30294,-62.33841,350.4948
30.55:  73.49196,-62.17901,349.9541
30.56:  73.68277,-62.01522,349.4514
30.58:  73.87106,-61.8508,348.9677
30.6:  74.05598,-61.68668,348.5031
30.61:  74.24021,-61.52073,348.0828
30.63:  74.42707,-61.3503,347.7259
30.65:  74.60964,-61.18223,347.4641
30.66:  74.79282,-61.01286,347.3353
30.68:  74.97389,-60.84519,347.2953
30.7:  75.15892,-60.67384,347.2933
30.71:  75.34142,-60.50484,347.2933
30.73:  75.52305,-60.33397,347.327
30.75:  75.70633,-60.15944,347.4621
30.76:  75.88803,-59.98182,347.6542
30.78:  76.06153,-59.79682,347.9287
30.8:  76.22669,-59.60519,348.292
30.81:  76.38182,-59.40709,348.7249
30.83:  76.52862,-59.20673,349.2276
30.85:  76.6678,-58.99737,349.8
30.86:  76.80431,-58.78424,350.4041
30.88:  76.93883,-58.57279,351.0145
30.9:  77.06886,-58.35698,351.6249
30.91:  77.19522,-58.1391,352.2353
30.93:  77.32312,-57.92386,352.8457
30.95:  77.4541,-57.70822,353.3991
30.96:  77.58267,-57.49097,353.8574
30.98:  77.71047,-57.26841,354.2017
31:  77.8392,-57.04614,354.4128
31.01:  77.96407,-56.82747,354.5098
31.03:  78.09203,-56.60345,354.5182
31.05:  78.22097,-56.38184,354.5265
31.06:  78.34994,-56.16019,354.5284
31.08:  78.47628,-55.9391,354.5284
31.1:  78.60483,-55.71818,354.5284
31.11:  78.71451,-55.48913,354.5284
31.13:  78.81809,-55.26312,354.5284
31.15:  78.92393,-55.02917,354.5284
31.16:  79.0238,-54.80557,354.5265
31.18:  79.12334,-54.57208,354.5245
31.2:  79.21998,-54.33986,354.5225
31.21:  79.31548,-54.11037,354.5205
31.23:  79.40595,-53.87264,354.5186
31.25:  79.48146,-53.63414,354.5166
31.26:  79.55691,-53.39264,354.5146
31.28:  79.63157,-53.15359,354.5126
31.3:  79.69494,-52.90934,354.5126
31.31:  79.71741,-52.6558,354.5126
31.33:  79.7179,-52.40305,354.5126
31.35:  79.70715,-52.16336,354.5126
31.36:  79.68665,-51.94985,354.5126
31.38:  79.66955,-51.77187,354.5126
31.4:  79.65584,-51.62918,354.5126
31.41:  79.64672,-51.53429,354.5126
31.43:  79.64369,-51.50271,354.5126
31.45:  79.64369,-51.50271,354.5126
31.46:  79.64369,-51.50271,354.5126
31.48:  79.64369,-51.50271,354.5126
31.5:  79.64369,-51.50271,354.5126
31.51:  79.64369,-51.50271,354.5126
31.53:  79.64369,-51.50271,354.5126
31.55:  79.64369,-51.50271,354.5126
31.56:  79.64369,-51.50271,354.5126
31.58:  79.64369,-51.50271,354.5126
31.6:  79.64369,-51.50271,354.5126
31.61:  79.64369,-51.50271,354.5126
31.63:  79.64369,-51.50271,354.5126
31.65:  79.64369,-51.50271,354.5126
31.66:  79.64369,-51.50271,354.5126
31.68:  79.64369,-51.50271,354.5126
31.7:  79.64369,-51.50271,354.5126
31.71:  79.64369,-51.50271,354.5126
31.73:  79.64369,-51.50271,354.5126
31.75:  79.64369,-51.50271,354.5126
31.76:  79.64369,-51.50271,354.5126
31.78:  79.64369,-51.50271,354.5126
31.8:  79.64369,-51.50271,354.5126
31.81:  79.64369,-51.50271,354.5126
31.83:  79.64369,-51.50271,354.5126
31.85:  79.64369,-51.50271,354.5126
31.86:  79.64369,-51.50271,354.5126
31.88:  79.64369,-51.50271,354.5126
31.9:  79.64369,-51.50271,354.5126
31.91:  79.64369,-51.50271,354.5126
31.93:  79.64369,-51.50271,354.5126
31.95:  79.64369,-51.50271,354.5126
31.96:  79.64369,-51.50271,354.5126
31.98:  79.64369,-51.50271,354.5126
32:  79.64369,-51.50271,354.5126
32.01:  79.64369,-51.50271,354.5126
32.03:  79.64369,-51.50271,354.5126
32.05:  79.64369,-51.50271,354.5126
32.06:  79.64369,-51.50271,354.5126
32.08:  79.64369,-51.50271,354.5126
32.1:  79.64369,-51.50271,354.5126
32.11:  79.64369,-51.50271,354.5126
32.13:  79.64369,-51.50271,354.5126
32.15:  79.64369,-51.50271,354.5126
32.16:  79.64369,-51.50271,354.5126
32.18:  79.64369,-51.50271,354.5126
