ParticipantNo: 12006
Controller type: Gamepad
Training Level:
0.02:  82.7,18.5,270
0.04:  82.7,18.5,270
0.06:  82.7,18.5,269.9663
0.08:  82.7,18.5,269.9327
0.1:  82.7,18.5,269.899
0.11:  82.7,18.5,269.859
0.13:  82.7,18.5,269.8253
0.15:  82.7,18.5,269.7916
0.16:  82.7,18.5,269.758
0.18:  82.7,18.5,269.7243
0.2:  82.7,18.5,269.6843
0.21:  82.7,18.5,269.6443
0.23:  82.7,18.5,269.6169
0.25:  82.7,18.5,269.5833
0.26:  82.7,18.5,269.5496
0.28:  82.7,18.5,269.5159
0.3:  82.7,18.5,269.4823
0.31:  82.7,18.5,269.455
0.33:  82.7,18.5,269.4149
0.35:  82.7,18.5,269.3813
0.36:  82.7,18.5,269.3476
0.38:  82.7,18.5,269.3076
0.4:  82.7,18.5,269.2739
0.41:  82.7,18.5,269.2403
0.43:  82.7,18.5,269.2066
0.45:  82.7,18.5,269.1729
0.46:  82.7,18.5,269.1392
0.48:  82.7,18.5,269.0992
0.5:  82.7,18.5,269.0656
0.51:  82.7,18.5,269.0319
0.53:  82.7,18.5,268.9982
0.55:  82.7,18.5,268.9645
0.56:  82.7,18.5,268.9309
0.58:  82.7,18.5,268.8972
0.6:  82.7,18.5,268.8635
0.61:  82.7,18.5,268.8299
0.63:  82.7,18.5,268.7962
0.65:  82.7,18.5,268.7625
0.66:  82.7,18.5,268.7289
0.68:  82.7,18.5,268.6952
0.7:  82.7,18.5,268.6615
0.71:  82.7,18.5,268.6215
0.73:  82.7,18.5,268.5815
0.75:  82.7,18.5,268.5415
0.76:  82.7,18.5,268.5015
0.78:  82.7,18.5,268.4678
0.8:  82.7,18.5,268.4341
0.81:  82.7,18.5,268.4005
0.83:  82.7,18.5,268.3605
0.85:  82.7,18.5,268.3268
0.86:  82.7,18.5,268.2931
0.88:  82.7,18.5,268.2595
0.9:  82.7,18.5,268.2258
0.91:  82.7,18.5,268.1921
0.93:  82.7,18.5,268.1521
0.95:  82.7,18.5,268.1184
0.96:  82.7,18.5,268.0848
0.98:  82.7,18.5,268.0511
1:  82.7,18.5,268.0174
1.01:  82.7,18.5,267.9774
1.03:  82.7,18.5,267.9438
1.05:  82.7,18.5,267.9037
1.06:  82.7,18.5,267.8701
1.08:  82.7,18.5,267.8301
1.1:  82.7,18.5,267.7964
1.11:  82.7,18.5,267.7627
1.13:  82.7,18.5,267.7291
1.15:  82.7,18.5,267.6891
1.16:  82.7,18.5,267.6554
1.18:  82.7,18.5,267.6281
1.2:  82.7,18.5,267.588
1.21:  82.7,18.5,267.548
1.23:  82.7,18.5,267.5143
1.25:  82.7,18.5,267.4744
1.26:  82.7,18.5,267.4344
1.28:  82.7,18.5,267.4007
1.3:  82.7,18.5,267.367
1.31:  82.7,18.5,267.3333
1.33:  82.7,18.5,267.2997
1.35:  82.7,18.5,267.266
1.36:  82.7,18.5,267.2323
1.38:  82.7,18.5,267.1923
1.4:  82.7,18.5,267.1586
1.41:  82.7,18.5,267.1187
1.43:  82.7,18.5,267.085
1.45:  82.7,18.5,267.0513
1.46:  82.7,18.5,267.0176
1.48:  82.7,18.5,266.9839
1.5:  82.7,18.5,266.9503
1.51:  82.7,18.5,266.9166
1.53:  82.7,18.5,266.8766
1.55:  82.7,18.5,266.8429
1.56:  82.7,18.5,266.8029
1.58:  82.7,18.5,266.7693
1.6:  82.7,18.5,266.7356
1.61:  82.7,18.5,266.7019
1.63:  82.7,18.5,266.6683
1.65:  82.7,18.5,266.6346
1.66:  82.7,18.5,266.6009
1.68:  82.7,18.5,266.5673
1.7:  82.7,18.5,266.5336
1.71:  82.7,18.5,266.4936
1.73:  82.7,18.5,266.4536
1.75:  82.7,18.5,266.4199
1.76:  82.7,18.5,266.3862
1.78:  82.7,18.5,266.3526
1.8:  82.7,18.5,266.3189
1.81:  82.7,18.5,266.2789
1.83:  82.7,18.5,266.2452
1.85:  82.7,18.5,266.2115
1.86:  82.7,18.5,266.1779
1.88:  82.7,18.5,266.1442
1.9:  82.7,18.5,266.1042
1.91:  82.7,18.5,266.0642
1.93:  82.7,18.5,266.0305
1.95:  82.7,18.5,265.9969
1.96:  82.7,18.5,265.9632
1.98:  82.7,18.5,265.9232
2:  82.7,18.5,265.8895
2.01:  82.7,18.5,265.8558
2.03:  82.7,18.5,265.8221
2.05:  82.7,18.5,265.7885
2.06:  82.7,18.5,265.7548
2.08:  82.7,18.5,265.7211
2.1:  82.7,18.5,265.6875
2.11:  82.7,18.5,265.6538
2.13:  82.7,18.5,265.6201
2.15:  82.7,18.5,265.5865
2.16:  82.7,18.5,265.5465
2.18:  82.7,18.5,265.5128
2.2:  82.7,18.5,265.4728
2.21:  82.7,18.5,265.4328
2.23:  82.7,18.5,265.3991
2.25:  82.7,18.5,265.3591
2.26:  82.7,18.5,265.3318
2.28:  82.7,18.5,265.2917
2.3:  82.7,18.5,265.2517
2.31:  82.7,18.5,265.2181
2.33:  82.7,18.5,265.1844
2.35:  82.7,18.5,265.1571
2.36:  82.7,18.5,265.1234
2.38:  82.7,18.5,265.0897
2.4:  82.7,18.5,265.0561
2.41:  82.7,18.5,265.0224
2.43:  82.7,18.5,264.9887
2.45:  82.7,18.5,264.9487
2.46:  82.7,18.5,264.915
2.48:  82.7,18.5,264.875
2.5:  82.7,18.5,264.8414
2.51:  82.7,18.5,264.8077
2.53:  82.7,18.5,264.774
2.55:  82.7,18.5,264.734
2.56:  82.7,18.5,264.7003
2.58:  82.7,18.5,264.6603
2.6:  82.7,18.5,264.6203
2.61:  82.7,18.5,264.5866
2.63:  82.7,18.5,264.553
2.65:  82.7,18.5,264.5193
2.66:  82.7,18.5,264.4856
2.68:  82.7,18.5,264.452
2.7:  82.7,18.5,264.412
2.71:  82.7,18.5,264.3719
2.73:  82.7,18.5,264.3319
2.75:  82.7,18.5,264.2983
2.76:  82.7,18.5,264.2646
2.78:  82.7,18.5,264.231
2.8:  82.7,18.5,264.1973
2.81:  82.7,18.5,264.1636
2.83:  82.7,18.5,264.1299
2.85:  82.7,18.5,264.0963
2.86:  82.7,18.5,264.0626
2.88:  82.7,18.5,264.0289
2.9:  82.7,18.5,263.9952
2.91:  82.7,18.5,263.9553
2.93:  82.7,18.5,263.9216
2.95:  82.7,18.5,263.8879
2.96:  82.7,18.5,263.8542
2.98:  82.7,18.5,263.8206
3:  82.7,18.5,263.7806
3.01:  82.7,18.5,263.7406
3.03:  82.7,18.5,263.7069
3.05:  82.7,18.5,263.6732
3.06:  82.7,18.5,263.6396
3.08:  82.7,18.5,263.6059
3.1:  82.7,18.5,263.5722
3.11:  82.7,18.5,263.5322
3.13:  82.7,18.5,263.4985
3.15:  82.7,18.5,263.4712
3.16:  82.7,18.5,263.4376
3.18:  82.7,18.5,263.3975
3.2:  82.7,18.5,263.3575
3.21:  82.7,18.5,263.3239
3.23:  82.7,18.5,263.2838
3.25:  82.7,18.5,263.2502
3.26:  82.7,18.5,263.2165
3.28:  82.7,18.5,263.1765
3.3:  82.7,18.5,263.1365
3.31:  82.7,18.5,263.1028
3.33:  82.7,18.5,263.0628
3.35:  82.7,18.5,263.0228
3.36:  82.7,18.5,262.9891
3.38:  82.7,18.5,262.9554
3.4:  82.7,18.5,262.9218
3.41:  82.7,18.5,262.8881
3.43:  82.7,18.5,262.8545
3.45:  82.7,18.5,262.8208
3.46:  82.7,18.5,262.7935
3.48:  82.7,18.5,262.7598
3.5:  82.7,18.5,262.7261
3.51:  82.7,18.5,262.6861
3.53:  82.7,18.5,262.6524
3.55:  82.7,18.5,262.6188
3.56:  82.7,18.5,262.5851
3.58:  82.7,18.5,262.5514
3.6:  82.7,18.5,262.5114
3.61:  82.7,18.5,262.4777
3.63:  82.7,18.5,262.4441
3.65:  82.7,18.5,262.4104
3.66:  82.7,18.5,262.3767
3.68:  82.7,18.5,262.343
3.7:  82.7,18.5,262.3094
3.71:  82.7,18.5,262.2757
3.73:  82.7,18.5,262.2421
3.75:  82.7,18.5,262.2147
3.76:  82.7,18.5,262.1747
3.78:  82.7,18.5,262.1411
3.8:  82.7,18.5,262.101
3.81:  82.7,18.5,262.0674
3.83:  82.7,18.5,262.0337
3.85:  82.7,18.5,261.9937
3.86:  82.7,18.5,261.96
3.88:  82.7,18.5,261.9263
3.9:  82.7,18.5,261.8927
3.91:  82.7,18.5,261.859
3.93:  82.7,18.5,261.8253
3.95:  82.7,18.5,261.7917
3.96:  82.7,18.5,261.758
3.98:  82.7,18.5,261.7243
4:  82.7,18.5,261.6906
4.01:  82.7,18.5,261.657
4.03:  82.7,18.5,261.6233
4.05:  82.7,18.5,261.5897
4.06:  82.7,18.5,261.556
4.08:  82.7,18.5,261.5223
4.1:  82.7,18.5,261.4886
4.11:  82.7,18.5,261.455
4.13:  82.7,18.5,261.4213
4.15:  82.7,18.5,261.3876
4.16:  82.7,18.5,261.3539
4.18:  82.7,18.5,261.3139
4.2:  82.7,18.5,261.2739
4.21:  82.7,18.5,261.2403
4.23:  82.7,18.5,261.2003
4.25:  82.7,18.5,261.1666
4.26:  82.7,18.5,261.1266
4.28:  82.7,18.5,261.0929
4.3:  82.7,18.5,261.0592
4.31:  82.7,18.5,261.0256
4.33:  82.7,18.5,260.9855
4.35:  82.7,18.5,260.9519
4.36:  82.7,18.5,260.9182
4.38:  82.7,18.5,260.8782
4.4:  82.7,18.5,260.8445
4.41:  82.7,18.5,260.8109
4.43:  82.7,18.5,260.7709
4.45:  82.7,18.5,260.7309
4.46:  82.7,18.5,260.6972
4.48:  82.7,18.5,260.6635
4.5:  82.7,18.5,260.6299
4.51:  82.7,18.5,260.5962
4.53:  82.7,18.5,260.5625
4.55:  82.7,18.5,260.5288
4.56:  82.7,18.5,260.4952
4.58:  82.7,18.5,260.4615
4.6:  82.7,18.5,260.4215
4.61:  82.7,18.5,260.3878
4.63:  82.7,18.5,260.3605
4.65:  82.7,18.5,260.3205
4.66:  82.7,18.5,260.2868
4.68:  82.7,18.5,260.2468
4.7:  82.7,18.5,260.2131
4.71:  82.7,18.5,260.1795
4.73:  82.7,18.5,260.1458
4.75:  82.7,18.5,260.1121
4.76:  82.7,18.5,260.0785
4.78:  82.7,18.5,260.0448
4.8:  82.7,18.5,260.0111
4.81:  82.7,18.5,259.9774
4.83:  82.66912,18.49452,259.9438
4.85:  82.5994,18.48211,259.9038
4.86:  82.48995,18.46256,259.8701
4.88:  82.34824,18.43713,259.8301
4.9:  82.16959,18.42533,259.7901
4.91:  81.96381,18.42725,259.7501
4.93:  81.73273,18.43764,259.7164
4.95:  81.49099,18.45273,259.6764
4.96:  81.24136,18.47239,259.6427
4.98:  80.99509,18.4916,259.6027
5:  80.7463,18.50847,259.5691
5.01:  80.50025,18.52738,259.5354
5.03:  80.24356,18.54695,259.5017
5.05:  80.00495,18.56501,259.468
5.06:  79.75548,18.58371,259.428
5.08:  79.50683,18.6022,259.3943
5.1:  79.26099,18.62033,259.3607
5.11:  79.01089,18.641,259.3207
5.13:  78.76375,18.65889,259.2807
5.15:  78.51015,18.67706,259.2407
5.16:  78.26687,18.69435,259.207
5.18:  78.01971,18.71414,259.1733
5.2:  77.76785,18.73171,259.1333
5.21:  77.52657,18.749,259.0933
5.23:  77.28752,18.77028,259.0596
5.25:  77.06561,18.79373,259.026
5.26:  76.88982,18.82273,258.9923
5.28:  76.74638,18.85919,258.9586
5.3:  76.64198,18.90115,258.925
5.31:  76.60415,18.91834,258.8976
5.33:  76.60415,18.91834,258.864
5.35:  76.60415,18.91834,258.8303
5.36:  76.60415,18.91834,258.803
5.38:  76.60415,18.91834,258.7756
5.4:  76.60415,18.91834,258.7419
5.41:  76.60415,18.91834,258.7083
5.43:  76.60415,18.91834,258.6746
5.45:  76.60415,18.91834,258.6346
5.46:  76.60415,18.91834,258.601
5.48:  76.60415,18.91834,258.5673
5.5:  76.60415,18.91834,258.5336
5.51:  76.60415,18.91834,258.4999
5.53:  76.60415,18.91834,258.4663
5.55:  76.60415,18.91834,258.4263
5.56:  76.60415,18.91834,258.3926
5.58:  76.60415,18.91834,258.3589
5.6:  76.60415,18.91834,258.3253
5.61:  76.60415,18.91834,258.2916
5.63:  76.60415,18.91834,258.2579
5.65:  76.60415,18.91834,258.2242
5.66:  76.60415,18.91834,258.1906
5.68:  76.60415,18.91834,258.1569
5.7:  76.60415,18.91834,258.1169
5.71:  76.60415,18.91834,258.0769
5.73:  76.60415,18.91834,258.0369
5.75:  76.60415,18.91834,257.9969
5.76:  76.60415,18.91834,257.9568
5.78:  76.60415,18.91834,257.9232
5.8:  76.60415,18.91834,257.8895
5.81:  76.60415,18.91834,257.8558
5.83:  76.60415,18.91834,257.8222
5.85:  76.60415,18.91834,257.7885
5.86:  76.60415,18.91834,257.7548
5.88:  76.60415,18.91834,257.7212
5.9:  76.60415,18.91834,257.6875
5.91:  76.60415,18.91834,257.6538
5.93:  76.60415,18.91834,257.6202
5.95:  76.60415,18.91834,257.5865
5.96:  76.60415,18.91834,257.5528
5.98:  76.60415,18.91834,257.5191
6:  76.60415,18.91834,257.4855
6.01:  76.60415,18.91834,257.4455
6.03:  76.60415,18.91834,257.4118
6.05:  76.60415,18.91834,257.3718
6.06:  76.60415,18.91834,257.3381
6.08:  76.60415,18.91834,257.2981
6.1:  76.60415,18.91834,257.2644
6.11:  76.60415,18.91834,257.2308
6.13:  76.60415,18.91834,257.1971
6.15:  76.60415,18.91834,257.1635
6.16:  76.60415,18.91834,257.1298
6.18:  76.60415,18.91834,257.0898
6.2:  76.60415,18.91834,257.0561
6.21:  76.60415,18.91834,257.0224
6.23:  76.60415,18.91834,256.9887
6.25:  76.60415,18.91834,256.9551
6.26:  76.60415,18.91834,256.9214
6.28:  76.60415,18.91834,256.8877
6.3:  76.60415,18.91834,256.8541
6.31:  76.60415,18.91834,256.8141
6.33:  76.60415,18.91834,256.774
6.35:  76.60415,18.91834,256.7404
6.36:  76.60415,18.91834,256.7067
6.38:  76.60415,18.91834,256.6667
6.4:  76.60415,18.91834,256.6267
6.41:  76.60415,18.91834,256.593
6.43:  76.60415,18.91834,256.5594
6.45:  76.60415,18.91834,256.5257
6.46:  76.60415,18.91834,256.492
6.48:  76.60415,18.91834,256.452
6.5:  76.60415,18.91834,256.4183
6.51:  76.60415,18.91834,256.3784
6.53:  76.60415,18.91834,256.351
6.55:  76.60415,18.91834,256.3173
6.56:  76.60415,18.91834,256.2773
6.58:  76.60415,18.91834,256.2373
6.6:  76.60415,18.91834,256.2036
6.61:  76.60415,18.91834,256.17
6.63:  76.60415,18.91834,256.1363
6.65:  76.60415,18.91834,256.1026
6.66:  76.60415,18.91834,256.069
6.68:  76.60415,18.91834,256.029
6.7:  76.60415,18.91834,255.9953
6.71:  76.60415,18.91834,255.968
6.73:  76.60415,18.91834,255.9406
6.75:  76.60415,18.91834,255.907
6.76:  76.60415,18.91834,255.8733
6.78:  76.60415,18.91834,255.8396
6.8:  76.60415,18.91834,255.8059
6.81:  76.60415,18.91834,255.7786
6.83:  76.60415,18.91834,255.7513
6.85:  76.60415,18.91834,255.7303
6.86:  76.60415,18.91834,255.722
6.88:  76.60415,18.91834,255.722
6.9:  76.60415,18.91834,255.722
6.91:  76.60415,18.91834,255.7303
6.93:  76.60415,18.91834,255.802
6.95:  76.60415,18.91834,255.9117
6.96:  76.60415,18.91834,256.0785
6.98:  76.60415,18.91834,256.2579
7:  76.60415,18.91834,256.4818
7.01:  76.60415,18.91834,256.7372
7.03:  76.60415,18.91834,257.0244
7.05:  76.60415,18.91834,257.3433
7.06:  76.60415,18.91834,257.6622
7.08:  76.60415,18.91834,257.9874
7.1:  76.60415,18.91834,258.3062
7.11:  76.60415,18.91834,258.6251
7.13:  76.60415,18.91834,258.9186
7.15:  76.60415,18.91834,259.1678
7.16:  76.60415,18.91834,259.3599
7.18:  76.60415,18.91834,259.5204
7.2:  76.60415,18.91834,259.6047
7.21:  76.60415,18.91834,259.6067
7.23:  76.60415,18.91834,259.6067
7.25:  76.60415,18.91834,259.6067
7.26:  76.60415,18.91834,259.6067
7.28:  76.60415,18.91834,259.6067
7.3:  76.60415,18.91834,259.6067
7.31:  76.60415,18.91834,259.6067
7.33:  76.60415,18.91834,259.6067
7.35:  76.60415,18.91834,259.6067
7.36:  76.60415,18.91834,259.6067
7.38:  76.60415,18.91834,259.6067
7.4:  76.60415,18.91834,259.6067
7.41:  76.60415,18.91834,259.6067
7.43:  76.60415,18.91834,259.6067
7.45:  76.60415,18.91834,259.6067
7.46:  76.60415,18.91834,259.6067
7.48:  76.60415,18.91834,259.6067
7.5:  76.60415,18.91834,259.6067
7.51:  76.60415,18.91834,259.6067
7.53:  76.60415,18.91834,259.6067
7.55:  76.60415,18.91834,259.6067
7.56:  76.60415,18.91834,259.6067
7.58:  76.60415,18.91834,259.6067
7.6:  76.60415,18.91834,259.6067
7.61:  76.60415,18.91834,259.6067
7.63:  76.60415,18.91834,259.6067
7.65:  76.60415,18.91834,259.6067
7.66:  76.60415,18.91834,259.6067
7.68:  76.60415,18.91834,259.6067
7.7:  76.60415,18.91834,259.6067
7.71:  76.60415,18.91834,259.6067
7.73:  76.60415,18.91834,259.6067
7.75:  76.60415,18.91834,259.6067
7.76:  76.60415,18.91834,259.6067
7.78:  76.60415,18.91834,259.6067
7.8:  76.60415,18.91834,259.6067
7.81:  76.58495,18.91481,259.6067
7.83:  76.45958,18.90734,259.6067
7.85:  76.2485,18.91623,259.6067
7.86:  75.99508,18.93297,259.6067
7.88:  75.74834,18.94926,259.6067
7.9:  75.48743,18.9665,259.6067
7.91:  75.24545,18.98247,259.6047
7.93:  74.99606,18.99893,259.6028
7.95:  74.74991,19.01517,259.6028
7.96:  74.49693,19.03186,259.6028
7.98:  74.24659,19.05076,259.6028
8:  73.99712,19.06722,259.6028
8.01:  73.7463,19.08377,259.6028
8.03:  73.49754,19.10019,259.6028
8.05:  73.24943,19.11656,259.6028
8.06:  72.99812,19.13314,259.6028
8.08:  72.74761,19.14967,259.6028
8.1:  72.50073,19.16596,259.6028
8.11:  72.24265,19.18299,259.6028
8.13:  71.99369,19.19942,259.6028
8.15:  71.74477,19.21818,259.5944
8.16:  71.49738,19.23443,259.5861
8.18:  71.24848,19.25071,259.5714
8.2:  71.00092,19.26918,259.5504
8.21:  70.74921,19.28543,259.5231
8.23:  70.49925,19.30378,259.4831
8.25:  70.25313,19.31928,259.4304
8.26:  69.99061,19.33554,259.3714
8.28:  69.74207,19.35005,259.3061
8.3:  69.49835,19.36459,259.2407
8.31:  69.24553,19.3794,259.1817
8.33:  68.99775,19.39364,259.1163
8.35:  68.75144,19.40751,259.051
8.36:  68.49844,19.42147,258.9856
8.38:  68.25197,19.43479,258.9202
8.4:  67.99932,19.44818,258.8612
8.41:  67.74834,19.46122,258.8022
8.43:  67.49867,19.47391,258.7368
8.45:  67.2421,19.48665,258.6715
8.46:  66.99454,19.49866,258.6061
8.48:  66.74786,19.51035,258.5407
8.5:  66.50037,19.51944,258.4754
8.51:  66.24806,19.53082,258.41
8.53:  65.99802,19.54181,258.3447
8.55:  65.75185,19.55238,258.2856
8.56:  65.49934,19.56293,258.2203
8.58:  65.24303,19.57335,258.1549
8.6:  64.99973,19.58527,258.0896
8.61:  64.74264,19.59515,258.0305
8.63:  64.49853,19.60661,257.9715
8.65:  64.23754,19.61859,257.9125
8.66:  63.9967,19.62708,257.8472
8.68:  63.74532,19.63563,257.7755
8.7:  63.49786,19.64371,257.6974
8.71:  63.24644,19.65154,257.613
8.73:  62.99535,19.65886,257.497
8.75:  62.7471,19.66792,257.3746
8.76:  62.48834,19.6743,257.2395
8.78:  62.2443,19.67963,257.0791
8.8:  61.99611,19.68427,256.8997
8.81:  61.74459,19.68811,256.7012
8.83:  61.49375,19.69098,256.4837
8.85:  61.24689,19.69276,256.2409
8.86:  60.99655,19.69588,255.9981
8.88:  60.7445,19.69493,255.7489
8.9:  60.49111,19.69348,255.4998
8.91:  60.24002,19.69095,255.2506
8.93:  59.99031,19.68732,254.9951
8.95:  59.74234,19.68264,254.746
8.96:  59.48573,19.67668,254.4968
8.98:  59.23868,19.66986,254.2477
9:  58.98927,19.66207,254.0365
9.01:  58.73812,19.65368,253.9141
9.03:  58.48907,19.6476,253.8868
9.05:  58.24153,19.63924,253.8951
9.06:  57.99021,19.63088,253.9224
9.08:  57.73948,19.62518,253.9814
9.1:  57.47798,19.61651,254.0658
9.11:  57.23344,19.60946,254.1756
9.13:  56.98824,19.60302,254.3233
9.15:  56.73258,19.59644,254.4901
9.16:  56.48325,19.59146,254.6822
9.18:  56.23146,19.58746,254.9187
9.2:  55.98285,19.58693,255.1615
9.21:  55.73016,19.58514,255.4233
9.23:  55.48016,19.58469,255.7232
9.25:  55.23217,19.58794,256.0357
9.26:  54.9787,19.5903,256.3609
9.28:  54.72784,19.59406,256.6862
9.3:  54.47939,19.59919,257.0114
9.31:  54.22843,19.60583,257.3429
9.33:  53.97118,19.61653,257.6682
9.35:  53.72287,19.62593,257.9933
9.36:  53.47312,19.63679,258.3186
9.38:  53.22742,19.64887,258.6438
9.4:  52.97812,19.66256,258.969
9.41:  52.72791,19.6753,259.2879
9.43:  52.47792,19.69178,259.6004
9.45:  52.23197,19.71169,259.9129
9.46:  51.97939,19.73112,260.2255
9.48:  51.73308,19.75127,260.5063
9.5:  51.4803,19.77307,260.7555
9.51:  51.23047,19.79562,260.9856
9.53:  50.98177,19.81897,261.1904
9.55:  50.73446,19.84299,261.3762
9.56:  50.4831,19.86809,261.5303
9.58:  50.23395,19.89601,261.678
9.6:  49.98042,19.92262,261.8195
9.61:  49.726,19.94987,261.9419
9.63:  49.49115,19.97774,262.0516
9.65:  49.23021,20.00661,262.1423
9.66:  48.98794,20.03378,262.2267
9.68:  48.73602,20.06244,262.3174
9.7:  48.48971,20.09319,262.4018
9.71:  48.24363,20.12192,262.4861
9.73:  47.99486,20.15136,262.5768
9.75:  47.75067,20.18062,262.6612
9.76:  47.49915,20.21117,262.7519
9.78:  47.25126,20.24164,262.8363
9.8:  47.00431,20.2724,262.927
9.81:  46.74603,20.30499,263.0177
9.83:  46.50113,20.33624,263.1021
9.85:  46.25576,20.36796,263.1928
9.86:  46.00748,20.40042,263.2772
9.88:  45.75302,20.43411,263.3679
9.9:  45.51292,20.46628,263.4586
9.91:  45.2632,20.50014,263.5493
9.93:  45.01664,20.53396,263.64
9.95:  44.7723,20.56788,263.7307
9.96:  44.52116,20.60558,263.8215
9.98:  44.27352,20.64076,263.9122
10:  44.02971,20.67575,263.9965
10.01:  43.778,20.71229,264.0872
10.03:  43.53046,20.74863,264.1779
10.05:  43.28439,20.78514,264.2687
10.06:  43.03532,20.82251,264.3594
10.08:  42.79044,20.85953,264.4247
10.1:  42.54016,20.89749,264.4521
10.11:  42.29447,20.93482,264.4667
10.13:  42.03876,20.97619,264.475
10.15:  41.79013,21.01343,264.4834
10.16:  41.54396,21.05035,264.4917
10.18:  41.29642,21.0881,264.5
10.2:  41.04089,21.12957,264.502
10.21:  40.80269,21.16591,264.502
10.23:  40.55732,21.20334,264.502
10.25:  40.31074,21.24336,264.502
10.26:  40.06077,21.28149,264.502
10.28:  39.81309,21.31928,264.502
10.3:  39.56726,21.35678,264.502
10.31:  39.31698,21.39497,264.502
10.33:  39.0741,21.43201,264.5
10.35:  38.82587,21.47225,264.4917
10.36:  38.57549,21.51034,264.4771
10.38:  38.32824,21.54785,264.4561
10.4:  38.08035,21.58535,264.4287
10.41:  37.8346,21.62234,264.3887
10.43:  37.5861,21.65946,264.3233
10.45:  37.34081,21.69808,264.2326
10.46:  37.08493,21.73746,264.0342
10.48:  36.83725,21.77167,263.6899
10.5:  36.59404,21.80322,263.219
10.51:  36.34445,21.83295,262.6212
10.53:  36.09594,21.85957,261.9411
10.55:  35.85081,21.8828,261.2419
10.56:  35.59759,21.90363,260.5301
10.58:  35.34721,21.92348,259.8183
10.6:  35.09396,21.93799,259.1064
10.61:  34.84796,21.94902,258.3947
10.63:  34.59693,21.95715,257.6828
10.65:  34.35038,21.96218,256.9963
10.66:  34.08775,21.96468,256.3733
10.68:  33.84174,21.96755,255.953
10.7:  33.59658,21.97024,255.913
10.71:  33.34352,21.97043,255.873
10.73:  33.09777,21.97279,255.8329
10.75:  32.84832,21.97264,255.7929
10.76:  32.59488,21.97233,255.7592
10.78:  32.34419,21.97189,255.7256
10.8:  32.09465,21.97129,255.6919
10.81:  31.84366,21.97058,255.6646
10.83:  31.59239,21.96974,255.6373
10.85:  31.34595,21.96878,255.6036
10.86:  31.09284,21.96767,255.5762
10.88:  30.84278,21.96642,255.5426
10.9:  30.59551,21.96508,255.5153
10.91:  30.3414,21.96357,255.4879
10.93:  30.09142,21.96197,255.4606
10.95:  29.83512,21.96021,255.4333
10.96:  29.59007,21.96072,255.4059
10.98:  29.3399,21.95876,255.3786
11:  29.09016,21.95663,255.3386
11.01:  28.8392,21.9542,255.2732
11.03:  28.58901,21.95147,255.2015
11.05:  28.34303,21.94825,255.0791
11.06:  28.08942,21.94403,254.8743
11.08:  27.83853,21.94081,254.5491
11.1:  27.58133,21.93327,254.1479
11.11:  27.33661,21.92405,253.6705
11.13:  27.08691,21.91209,253.0855
11.15:  26.83796,21.89729,252.4243
11.16:  26.58119,21.87873,251.6935
11.18:  26.33732,21.85773,250.9056
11.2:  26.09088,21.83308,250.1178
11.21:  25.84117,21.80464,249.3299
11.23:  25.58656,21.77209,248.542
11.25:  25.34809,21.73826,247.7541
11.26:  25.0976,21.69921,246.9662
11.28:  24.85436,21.65785,246.1784
11.3:  24.60548,21.61444,245.3905
11.31:  24.35779,21.56529,244.6026
11.33:  24.11476,21.51357,243.8147
11.35:  23.87276,21.45859,243.0269
11.36:  23.62673,21.39912,242.239
11.38:  23.38165,21.33568,241.4511
11.4:  23.13957,21.26945,240.6632
11.41:  22.89738,21.20022,239.8753
11.43:  22.65858,21.12839,239.0875
11.45:  22.42082,21.05577,238.2996
11.46:  22.17947,20.97841,237.5117
11.48:  21.943,20.8965,236.7238
11.5:  21.70791,20.81144,235.9359
11.51:  21.47309,20.72307,235.2051
11.53:  21.2401,20.63293,234.6771
11.55:  21.0095,20.54271,234.4596
11.56:  20.76523,20.4496,234.4196
11.58:  20.53405,20.35881,234.3859
11.6:  20.30197,20.26751,234.3523
11.61:  20.07122,20.17908,234.3186
11.63:  19.84059,20.08806,234.2913
11.65:  19.60999,19.99696,234.2703
11.66:  19.37331,19.90336,234.2493
11.68:  19.13269,19.81072,234.2283
11.7:  18.90795,19.72168,234.2136
11.71:  18.67347,19.6287,234.199
11.73:  18.43697,19.53483,234.178
11.75:  18.20374,19.4447,234.157
11.76:  17.9729,19.35291,234.1423
11.78:  17.7419,19.26098,234.1277
11.8:  17.51078,19.16894,234.113
11.81:  17.27996,19.07692,234.092
11.83:  17.0436,18.98514,234.0647
11.85:  16.80596,18.89005,234.0183
11.86:  16.57871,18.79881,233.953
11.88:  16.35039,18.70667,233.8496
11.9:  16.11688,18.61131,233.6131
11.91:  15.88389,18.51418,233.1992
11.93:  15.65465,18.41569,232.5761
11.95:  15.41745,18.31297,231.8706
11.96:  15.19384,18.21006,231.1144
11.98:  14.96439,18.10061,230.3265
12:  14.7442,17.99184,229.5386
12.01:  14.52148,17.88063,228.7508
12.03:  14.30128,17.76422,227.9629
12.05:  14.07551,17.64085,227.175
12.06:  13.8577,17.52062,226.3871
12.08:  13.64221,17.39506,225.5993
12.1:  13.42823,17.26641,224.8114
12.11:  13.20814,17.13279,224.0235
12.13:  13.00415,17.00238,223.2356
12.15:  12.79603,16.86525,222.4477
12.16:  12.58272,16.72046,221.6599
12.18:  12.3795,16.58125,220.872
12.2:  12.17919,16.43707,220.0841
12.21:  11.97809,16.2881,219.2962
12.23:  11.7735,16.13213,218.5083
12.25:  11.57741,15.97834,217.7205
12.26:  11.38603,15.82395,216.9326
12.28:  11.19419,15.66477,216.1447
12.3:  11.00444,15.50595,215.3568
12.31:  10.80665,15.33244,214.5689
12.33:  10.62206,15.16911,213.7811
12.35:  10.44046,15.00075,212.9932
12.36:  10.26014,14.8289,212.2053
12.38:  10.08277,14.65514,211.4174
12.4:  9.903974,14.47761,210.6295
12.41:  9.727695,14.29516,209.8417
12.43:  9.551381,14.10668,209.0538
12.45:  9.384661,13.92434,208.2659
12.46:  9.219202,13.73831,207.478
12.48:  9.058825,13.55292,206.6902
12.5:  8.89669,13.36021,205.9023
12.51:  8.737549,13.16568,205.1144
12.53:  8.582073,12.97022,204.3265
12.55:  8.429798,12.7723,203.5387
12.56:  8.279234,12.57194,202.7508
12.58:  8.129496,12.36686,201.9629
12.6:  7.981688,12.15847,201.175
12.61:  7.842567,11.9565,200.3871
12.63:  7.704112,11.74945,199.5992
12.65:  7.569047,11.54134,198.8114
12.66:  7.434985,11.32842,198.0235
12.68:  7.305443,11.11627,197.2356
12.7:  7.176954,10.89917,196.4477
12.71:  7.052097,10.68145,195.6599
12.73:  6.931006,10.46339,194.872
12.75:  6.80976,10.2378,194.0841
12.76:  6.696092,10.01915,193.2962
12.78:  6.583467,9.793703,192.5083
12.8:  6.475746,9.57179,191.7205
12.81:  6.367472,9.339265,190.9326
12.83:  6.265957,9.105927,190.1447
12.85:  6.171331,8.874837,189.4392
12.86:  6.07425,8.637047,188.8415
12.88:  5.982347,8.40002,188.3642
12.9:  5.892178,8.162623,187.9692
12.91:  5.80063,7.924663,187.6757
12.93:  5.712491,7.686872,187.5089
12.95:  5.622495,7.442472,187.3865
12.96:  5.534649,7.209538,187.2958
12.98:  5.445239,6.971633,187.2305
13:  5.356366,6.734337,187.1651
13.01:  5.269788,6.49595,187.1314
13.03:  5.180623,6.24999,187.0978
13.05:  5.097722,6.020891,187.0641
13.06:  5.010679,5.779986,187.0368
13.08:  4.925324,5.543398,187.0094
13.1:  4.838732,5.303021,186.9821
13.11:  4.751955,5.061771,186.9548
13.13:  4.666503,4.823851,186.9274
13.15:  4.578695,4.579002,186.9001
13.16:  4.49379,4.341891,186.8728
13.18:  4.410346,4.108592,186.8518
13.2:  4.324958,3.869415,186.8181
13.21:  4.239051,3.62842,186.7908
13.23:  4.150763,3.387556,186.7635
13.25:  4.064979,3.153179,186.7361
13.26:  3.978723,2.910108,186.7088
13.28:  3.893997,2.671067,186.6878
13.3:  3.809369,2.432027,186.6668
13.31:  3.724977,2.193374,186.6458
13.33:  3.639783,1.952345,186.6375
13.35:  3.55361,1.715453,186.6228
13.36:  3.469766,1.477939,186.6145
13.38:  3.384252,1.235579,186.6062
13.4:  3.299916,0.9965336,186.6042
13.41:  3.214883,0.7554027,186.5959
13.43:  3.130802,0.5168598,186.5876
13.45:  3.047319,0.2799023,186.5793
13.46:  2.960124,0.03952339,186.5709
13.48:  2.87268,-0.2017304,186.5563
13.5:  2.785833,-0.4416965,186.5289
13.51:  2.699754,-0.6799777,186.4953
13.53:  2.615844,-0.9198011,186.4553
13.55:  2.531209,-1.155443,186.3899
13.56:  2.447223,-1.397338,186.3182
13.58:  2.364185,-1.639307,186.2338
13.6:  2.279486,-1.879198,186.0797
13.61:  2.195427,-2.120446,185.8433
13.63:  2.113103,-2.361272,185.5054
13.65:  2.036023,-2.599451,185.1041
13.66:  1.959029,-2.843739,184.6648
13.68:  1.885036,-3.085419,184.1938
13.7:  1.812446,-3.329768,183.7165
13.71:  1.740376,-3.5803,183.2202
13.73:  1.670908,-3.821223,182.7175
13.75:  1.604002,-4.061149,182.2148
13.76:  1.537387,-4.317971,181.7121
13.78:  1.47834,-4.553903,181.2222
13.8:  1.417887,-4.803563,180.7829
13.81:  1.357433,-5.049586,180.4386
13.83:  1.299792,-5.29864,180.2021
13.85:  1.241825,-5.552341,180.0417
13.86:  1.186089,-5.798567,179.9257
13.88:  1.131382,-6.041666,179.854
13.9:  1.076436,-6.286617,179.8139
13.91:  1.020511,-6.5365,179.7866
13.93:  0.9654726,-6.782967,179.7593
13.95:  0.9107762,-7.028455,179.732
13.96:  0.8554401,-7.277372,179.7046
13.98:  0.8003947,-7.525542,179.6773
14:  0.743352,-7.772289,179.65
14.01:  0.6884363,-8.020996,179.6226
14.03:  0.6338001,-8.268998,179.5953
14.05:  0.579365,-8.51665,179.568
14.06:  0.5248917,-8.765041,179.5406
14.08:  0.4707971,-9.012269,179.5133
14.1:  0.4166427,-9.260337,179.486
14.11:  0.3595828,-9.511098,179.4523
14.13:  0.3042875,-9.765828,179.4186
14.15:  0.2527118,-10.00397,179.3913
14.16:  0.1983003,-10.25592,179.3576
14.18:  0.1455688,-10.50079,179.324
14.2:  0.09041855,-10.75763,179.2903
14.21:  0.03828314,-11.00125,179.2503
14.23:  -0.0147723,-11.24976,179.2229
14.25:  -0.07111559,-11.50273,179.1893
14.26:  -0.1224223,-11.74443,179.1556
14.28:  -0.1746749,-11.99131,179.1219
14.3:  -0.2274795,-12.24151,179.0883
14.31:  -0.2798814,-12.49054,179.0546
14.33:  -0.3319968,-12.73892,179.0209
14.35:  -0.383508,-12.98515,178.9873
14.36:  -0.4357302,-13.23551,178.9536
14.38:  -0.4892538,-13.49286,178.9199
14.4:  -0.5401375,-13.73825,178.8862
14.41:  -0.5909556,-13.98459,178.8272
14.43:  -0.6413057,-14.23022,178.7555
14.45:  -0.6913334,-14.47583,178.6838
14.46:  -0.7424189,-14.72826,178.6121
14.48:  -0.7937168,-14.98426,178.5024
14.5:  -0.842334,-15.23088,178.323
14.51:  -0.8906825,-15.48294,178.0294
14.53:  -0.9354796,-15.72446,177.6789
14.55:  -0.9798092,-15.97333,177.2713
14.56:  -1.022541,-16.22537,176.7939
14.58:  -1.062255,-16.47398,176.2469
14.6:  -1.099827,-16.72585,175.6555
14.61:  -1.137179,-16.97863,175.0387
14.63:  -1.169338,-17.2314,174.422
14.65:  -1.19828,-17.48047,173.7989
14.66:  -1.225243,-17.73655,173.1821
14.68:  -1.249159,-17.98922,172.5781
14.7:  -1.271143,-18.24949,171.9993
14.71:  -1.289717,-18.49507,171.4967
14.73:  -1.304914,-18.75354,171.0764
14.75:  -1.320275,-19.00083,170.7258
14.76:  -1.335084,-19.25479,170.5083
14.78:  -1.349578,-19.50883,170.4366
14.8:  -1.36354,-19.75856,170.3713
14.81:  -1.377613,-20.01501,170.3123
14.83:  -1.391341,-20.26841,170.2723
14.85:  -1.404706,-20.51834,170.2323
14.86:  -1.418276,-20.77492,170.1986
14.88:  -1.431427,-21.02584,170.1712
14.9:  -1.44471,-21.28164,170.1439
14.91:  -1.457782,-21.53569,170.1166
14.93:  -1.470735,-21.78981,170.0892
14.95:  -1.483447,-22.04155,170.0619
14.96:  -1.49621,-22.29673,170.0346
14.98:  -1.508797,-22.55083,170.0072
15:  -1.521485,-22.80943,169.9799
15.01:  -1.533584,-23.05791,169.9589
15.03:  -1.545831,-23.31133,169.9379
15.05:  -1.557796,-23.56141,169.9106
15.06:  -1.57003,-23.81906,169.8896
15.08:  -1.581963,-24.07295,169.8623
15.1:  -1.59367,-24.32399,169.8413
15.11:  -1.605493,-24.57952,169.8203
15.13:  -1.617102,-24.83242,169.7993
15.15:  -1.628525,-25.08329,169.7783
15.16:  -1.640084,-25.33985,169.751
15.18:  -1.651419,-25.5935,169.73
15.2:  -1.662518,-25.84392,169.709
15.21:  -1.673836,-26.1014,169.688
15.23:  -1.68484,-26.35453,169.6606
15.25:  -1.696047,-26.61584,169.627
15.26:  -1.706517,-26.86335,169.5933
15.28:  -1.716953,-27.11489,169.547
15.3:  -1.727181,-27.3684,169.4816
15.31:  -1.737181,-27.62348,169.4162
15.33:  -1.746794,-27.87679,169.3445
15.35:  -1.755984,-28.12722,169.2728
15.36:  -1.764941,-28.38395,169.1695
15.38:  -1.773026,-28.63769,168.9964
15.4:  -1.77987,-28.88843,168.7345
15.41:  -1.785453,-29.14677,168.4093
15.43:  -1.789139,-29.39916,168.008
15.45:  -1.790747,-29.65095,167.5371
15.46:  -1.78991,-29.90676,166.9837
15.48:  -1.786336,-30.15931,166.3606
15.5:  -1.77985,-30.41285,165.7058
15.51:  -1.770283,-30.66899,165.032
15.53:  -1.757642,-30.92225,164.3138
15.55:  -1.741919,-31.17254,163.5767
15.56:  -1.722546,-31.42718,162.8205
15.58:  -1.699709,-31.68144,162.0389
15.6:  -1.673771,-31.93158,161.2511
15.61:  -1.643765,-32.1867,160.4632
15.63:  -1.610698,-32.438,159.6753
15.65:  -1.574575,-32.68611,158.8874
15.66:  -1.53409,-32.93967,158.0995
15.68:  -1.49078,-33.18887,157.3117
15.7:  -1.442596,-33.44516,156.5238
15.71:  -1.393262,-33.68905,155.7359
15.73:  -1.339529,-33.93709,154.948
15.75:  -1.283172,-34.18098,154.1602
15.76:  -1.221165,-34.43576,153.4927
15.78:  -1.159339,-34.67883,153.0217
15.8:  -1.096357,-34.92471,152.8042
15.81:  -1.030886,-35.17922,152.7452
15.83:  -0.969392,-35.41726,152.6862
15.85:  -0.906495,-35.66003,152.6462
15.86:  -0.8419264,-35.90853,152.6062
15.88:  -0.7761971,-36.1609,152.5725
15.9:  -0.7127934,-36.40374,152.5388
15.91:  -0.6487244,-36.64855,152.5052
15.93:  -0.5851274,-36.89097,152.4715
15.95:  -0.5208297,-37.13537,152.4315
15.96:  -0.4557947,-37.38143,152.3661
15.98:  -0.3900478,-37.62805,152.2437
16:  -0.3246883,-37.86911,152.0009
16.01:  -0.2554849,-38.11712,151.5806
16.03:  -0.1823359,-38.36837,150.9385
16.05:  -0.1095589,-38.60676,150.195
16.06:  -0.03279414,-38.84637,149.4071
16.08:  0.0467721,-39.08346,148.6192
16.1:  0.1312385,-39.32412,147.8314
16.11:  0.2190911,-39.56383,147.0435
16.13:  0.3097779,-39.80112,146.2556
16.15:  0.4056824,-40.04207,145.4677
16.16:  0.5017413,-40.27408,144.6799
16.18:  0.6010157,-40.50482,143.892
16.2:  0.7037058,-40.73474,143.1041
16.21:  0.8115826,-40.96762,142.3162
16.23:  0.9209407,-41.19543,141.5283
16.25:  1.036829,-41.42857,140.7405
16.26:  1.149978,-41.64856,139.9526
16.28:  1.26969,-41.87365,139.1647
16.3:  1.393653,-42.09919,138.3768
16.31:  1.51773,-42.31776,137.5889
16.33:  1.645776,-42.53627,136.8011
16.35:  1.7753,-42.75049,136.0132
16.36:  1.914566,-42.97383,135.2253
16.38:  2.052053,-43.18771,134.4374
16.4:  2.187662,-43.39243,133.6496
16.41:  2.332173,-43.60419,132.8617
16.43:  2.476114,-43.80902,132.0738
16.45:  2.623894,-44.01357,131.3239
16.46:  2.780056,-44.22479,130.6945
16.48:  2.932699,-44.42774,130.2235
16.5:  3.08394,-44.62619,129.8603
16.51:  3.241493,-44.83089,129.5858
16.53:  3.394536,-45.02831,129.3873
16.55:  3.549839,-45.22744,129.2206
16.56:  3.70737,-45.42831,129.0665
16.58:  3.864681,-45.62784,128.9187
16.6:  4.0217,-45.82595,128.771
16.61:  4.180687,-46.02543,128.6169
16.63:  4.339818,-46.22355,128.3994
16.65:  4.502184,-46.42314,128.0425
16.66:  4.658608,-46.61214,127.5588
16.68:  4.829384,-46.81411,126.9548
16.7:  4.993304,-47.00341,126.281
16.71:  5.160902,-47.19216,125.5691
16.73:  5.330866,-47.37869,124.832
16.75:  5.506304,-47.56632,124.0948
16.76:  5.682767,-47.75021,123.3513
16.78:  5.858114,-47.92825,122.6078
16.8:  6.037065,-48.10529,121.8643
16.81:  6.221347,-48.28298,121.1271
16.83:  6.405857,-48.45632,120.3836
16.85:  6.591122,-48.6259,119.6401
16.86:  6.781675,-48.79579,118.8902
16.88:  6.974436,-48.96325,118.153
16.9:  7.171036,-49.12957,117.4032
16.91:  7.364415,-49.28867,116.6153
16.93:  7.563612,-49.448,115.8274
16.95:  7.763072,-49.6031,115.0395
16.96:  7.966197,-49.75661,114.2516
16.98:  8.170487,-49.90664,113.4638
17:  8.376457,-50.05358,112.6759
17.01:  8.591542,-50.20261,111.888
17.03:  8.803113,-50.34493,111.1001
17.05:  8.854239,-50.47994,110.3122
17.06:  8.854239,-50.61535,109.5244
17.08:  8.854239,-50.75132,108.7365
17.1:  8.859233,-50.88664,107.9486
17.11:  8.875636,-51.03185,107.2558
17.13:  8.902671,-51.18642,106.6771
17.15:  8.942954,-51.35254,106.1934
17.16:  8.996447,-51.51884,105.8111
17.18:  9.06833,-51.69887,105.5873
17.2:  9.156728,-51.87527,105.4206
17.21:  9.272056,-52.06767,105.2792
17.23:  9.403656,-52.2438,105.1504
17.25:  9.556209,-52.41616,105.047
17.26:  9.732926,-52.5808,104.9817
17.28:  9.929907,-52.7301,104.9163
17.3:  10.14887,-52.86222,104.8573
17.31:  10.3745,-52.98031,104.7983
17.33:  10.59887,-53.09745,104.7392
17.35:  10.83027,-53.21792,104.6739
17.36:  11.05026,-53.33216,104.6149
17.38:  11.27587,-53.44903,104.5558
17.4:  11.50249,-53.56613,104.4968
17.41:  11.72872,-53.6827,104.4315
17.43:  11.95866,-53.80074,104.3471
17.45:  12.17984,-53.91364,104.212
17.46:  12.40464,-54.02734,104.0009
17.48:  12.63183,-54.14077,103.701
17.5:  12.85795,-54.2519,103.3441
17.51:  13.08856,-54.3632,102.9365
17.53:  13.31832,-54.47172,102.4529
17.55:  13.54683,-54.57711,101.9312
17.56:  13.78036,-54.68213,101.3841
17.58:  14.01324,-54.78416,100.8307
17.6:  14.24456,-54.88288,100.2837
17.61:  14.48111,-54.98119,99.73667
17.63:  14.71521,-55.07582,99.1833
17.65:  14.94792,-55.1673,98.62992
17.66:  15.18754,-55.25886,98.08289
17.68:  15.43519,-55.35078,97.53584
17.7:  15.67126,-55.43583,96.98247
17.71:  15.90863,-55.51875,96.42909
17.73:  16.14837,-55.59989,95.86938
17.75:  16.38414,-55.67716,95.316
17.76:  16.62923,-55.75487,94.76262
17.78:  16.8724,-55.82939,94.20924
17.8:  17.11489,-55.90147,93.72559
17.81:  17.35938,-55.97237,93.34333
17.83:  17.60345,-56.04226,93.15121
17.85:  17.84772,-56.10638,93.07318
17.86:  18.09634,-56.16385,93.00782
17.88:  18.34298,-56.21071,92.94246
17.9:  18.5922,-56.26028,92.88344
17.91:  18.8472,-56.30824,92.83709
17.93:  19.0948,-56.3571,92.79708
17.95:  19.33854,-56.40259,92.75707
17.96:  19.58569,-56.45098,92.71073
17.98:  19.8331,-56.49923,92.67072
18:  20.08045,-56.54481,92.62437
18.01:  20.32994,-56.59054,92.57169
18.03:  20.57784,-56.63821,92.51901
18.05:  20.82317,-56.68266,92.45365
18.06:  21.07531,-56.72804,92.3883
18.08:  21.32923,-56.77597,92.32294
18.1:  21.56971,-56.81868,92.25758
18.11:  21.81882,-56.86261,92.18587
18.13:  22.07076,-56.90922,92.11418
18.15:  22.32245,-56.9529,92.02981
18.16:  22.56312,-56.99413,91.90741
18.18:  22.81019,-57.03576,91.74698
18.2:  23.06195,-57.07727,91.54852
18.21:  23.31375,-57.12018,91.3057
18.23:  23.56197,-57.16106,90.98683
18.25:  23.80848,-57.2,90.61091
18.26:  24.06152,-57.23545,90.15894
18.28:  24.31165,-57.26834,89.67528
18.3:  24.56123,-57.29876,89.13457
18.31:  24.81341,-57.32949,88.5812
18.33:  25.0637,-57.35513,88.03416
18.35:  25.3127,-57.37824,87.48711
18.36:  25.56581,-57.3993,86.94008
18.38:  25.82379,-57.41828,86.39304
18.4:  26.07747,-57.43451,85.846
18.41:  26.32365,-57.44791,85.29897
18.43:  26.57544,-57.4592,84.75192
18.45:  26.82384,-57.47052,84.24292
18.46:  27.08012,-57.48037,83.83531
18.48:  27.32871,-57.48909,83.6432
18.5:  27.58254,-57.49526,83.57784
18.51:  27.83515,-57.50114,83.51881
18.53:  28.08826,-57.50929,83.47881
18.55:  28.33767,-57.51478,83.44514
18.56:  28.59185,-57.52023,83.41147
18.58:  28.85289,-57.52823,83.39048
18.6:  29.09943,-57.53576,83.38216
18.61:  29.35523,-57.54107,83.37384
18.63:  29.6039,-57.54861,83.37186
18.65:  29.85949,-57.55391,83.37186
18.66:  30.10432,-57.55898,83.37186
18.68:  30.36808,-57.56698,83.37186
18.7:  30.61261,-57.57205,83.37186
18.71:  30.86581,-57.57739,83.39285
18.73:  31.1175,-57.58318,83.50257
18.75:  31.36641,-57.58971,83.68835
18.76:  31.62056,-57.59743,83.92484
18.78:  31.87508,-57.60658,84.24372
18.8:  32.13403,-57.61997,84.59428
18.81:  32.38039,-57.63431,84.96386
18.83:  32.63103,-57.64815,85.34612
18.85:  32.88005,-57.66597,85.72836
18.86:  33.13516,-57.68348,86.11061
18.88:  33.3863,-57.70237,86.48653
18.9:  33.63594,-57.72283,86.86878
18.91:  33.89038,-57.74536,87.2447
18.93:  34.1403,-57.76911,87.61427
18.95:  34.38823,-57.79424,87.97118
18.96:  34.64219,-57.82137,88.28371
18.98:  34.89345,-57.84927,88.5202
19:  35.14224,-57.87768,88.69965
19.01:  35.39501,-57.90693,88.78402
19.03:  35.64513,-57.93601,88.81769
19.05:  35.89291,-57.96489,88.83235
19.06:  36.14472,-57.99673,88.84067
19.08:  36.39375,-58.02583,88.84898
19.1:  36.64626,-58.05783,88.8573
19.11:  36.89926,-58.08744,88.85928
19.13:  37.14741,-58.1189,88.85928
19.15:  37.40562,-58.14911,88.85928
19.16:  37.65027,-58.17774,88.85928
19.18:  37.9012,-58.20711,88.85928
19.2:  38.14669,-58.23823,88.85928
19.21:  38.4105,-58.2691,88.85928
19.23:  38.65332,-58.29988,88.85928
19.25:  38.90216,-58.33143,88.85928
19.26:  39.15506,-58.36103,88.85928
19.28:  39.40558,-58.39278,88.85928
19.3:  39.65512,-58.42442,88.85928
19.31:  39.90611,-58.45379,88.85928
19.33:  40.16484,-58.4866,88.85928
19.35:  40.40446,-58.51463,88.85928
19.36:  40.65812,-58.54679,88.85928
19.38:  40.90856,-58.5761,88.85928
19.4:  41.15861,-58.60536,88.85928
19.41:  41.41084,-58.63734,88.85928
19.43:  41.66059,-58.66656,88.85928
19.45:  41.90864,-58.69801,88.85928
19.46:  42.16294,-58.73025,88.85928
19.48:  42.41376,-58.7596,88.85928
19.5:  42.6623,-58.78869,88.85928
19.51:  42.91496,-58.82072,88.85928
19.53:  43.16399,-58.85229,88.85928
19.55:  43.4129,-58.88142,88.85928
19.56:  43.66692,-58.91362,88.85928
19.58:  43.91847,-58.94551,88.85928
19.6:  44.16552,-58.97683,88.85928
19.61:  44.41918,-59.00899,88.85928
19.63:  44.66866,-59.03819,88.85928
19.65:  44.91827,-59.06739,88.85928
19.66:  45.17539,-59.09999,88.85928
19.68:  45.42154,-59.1312,88.85928
19.7:  45.66826,-59.16248,88.85928
19.71:  45.93214,-59.19336,88.85928
19.73:  46.17362,-59.22161,88.85928
19.75:  46.42112,-59.25299,88.85928
19.76:  46.67321,-59.28249,88.85928
19.78:  46.92435,-59.31188,88.85928
19.8:  47.17385,-59.34108,88.85928
19.81:  47.42653,-59.37065,88.85928
19.83:  47.67648,-59.3999,88.85928
19.85:  47.92356,-59.42881,88.85928
19.86:  48.17769,-59.46103,88.85928
19.88:  48.42832,-59.49036,88.85928
19.9:  48.67804,-59.52202,88.85928
19.91:  48.92987,-59.55394,88.85928
19.93:  49.18038,-59.58326,88.85928
19.95:  49.42894,-59.61477,88.85928
19.96:  49.68256,-59.64692,88.85928
19.98:  49.93247,-59.67617,88.85928
20:  50.18083,-59.70523,88.85928
20.01:  50.43462,-59.73493,88.85928
20.03:  50.6872,-59.76449,88.85928
20.05:  50.9333,-59.79329,88.85928
20.06:  51.18643,-59.82291,88.85928
20.08:  51.43645,-59.85217,88.85928
20.1:  51.68614,-59.88139,88.85928
20.11:  51.93737,-59.91079,88.85928
20.13:  52.18808,-59.94013,88.85928
20.15:  52.43702,-59.96926,88.85928
20.16:  52.69471,-59.99942,88.85928
20.18:  52.94153,-60.0283,88.85928
20.2:  53.18847,-60.0596,88.85928
20.21:  53.45,-60.09021,88.85928
20.23:  53.69825,-60.11926,88.85928
20.25:  53.94447,-60.15047,88.85928
20.26:  54.19501,-60.17979,88.85928
20.28:  54.44051,-60.21092,88.85928
20.3:  54.7015,-60.24146,88.85928
20.31:  54.94577,-60.27005,88.85928
20.33:  55.19557,-60.29928,88.85928
20.35:  55.44388,-60.32833,88.85928
20.36:  55.6973,-60.35799,88.85928
20.38:  55.95569,-60.38823,88.85928
20.4:  56.20279,-60.41956,88.85928
20.41:  56.45238,-60.4512,88.85928
20.43:  56.7008,-60.48027,88.85928
20.45:  56.94716,-60.5091,88.85928
20.46:  57.20259,-60.54148,88.85928
20.48:  57.45305,-60.57079,88.85928
20.5:  57.70058,-60.60217,88.85928
20.51:  57.94983,-60.63134,88.85928
20.53:  58.20364,-60.66104,88.85928
20.55:  58.45127,-60.69002,88.85928
20.56:  58.70413,-60.72208,88.85928
20.58:  58.95559,-60.7515,88.85928
20.6:  59.20584,-60.78079,88.85928
20.61:  59.4667,-60.81386,88.85928
20.63:  59.70835,-60.84214,88.85928
20.65:  59.95594,-60.87111,88.85928
20.66:  60.20921,-60.90322,88.85928
20.68:  60.45944,-60.9325,88.85928
20.7:  60.7081,-60.9616,88.85928
20.71:  60.9689,-60.99466,88.85928
20.73:  61.21613,-61.026,88.85928
20.75:  61.46378,-61.0574,88.85928
20.76:  61.71418,-61.0867,88.85928
20.78:  61.96973,-61.11661,88.85928
20.8:  62.21923,-61.14581,88.85928
20.81:  62.46863,-61.17743,88.85928
20.83:  62.71723,-61.20894,88.85928
20.85:  62.96869,-61.24082,88.85928
20.86:  63.22112,-61.27036,88.85928
20.88:  63.46992,-61.29948,88.85928
20.9:  63.71837,-61.33097,88.85928
20.91:  63.96922,-61.36277,88.85928
20.93:  64.21976,-61.39209,88.85928
20.95:  64.4768,-61.42217,88.85928
20.96:  64.72041,-61.45068,88.85928
20.98:  64.9796,-61.48101,88.85928
21:  65.22684,-61.50994,88.85928
21.01:  65.47478,-61.54138,88.85928
21.03:  65.72446,-61.5706,88.85928
21.05:  65.971,-61.60185,88.85928
21.06:  66.22505,-61.63406,88.85928
21.08:  66.47528,-61.66334,88.85928
21.1:  66.7244,-61.6925,88.85928
21.11:  66.97797,-61.72217,88.85928
21.13:  67.22765,-61.75139,88.85928
21.15:  67.47581,-61.78043,88.85928
21.16:  67.7275,-61.80988,88.85928
21.18:  67.97948,-61.83937,88.85928
21.2:  68.22865,-61.86853,88.85928
21.21:  68.48795,-61.89887,88.85928
21.23:  68.73742,-61.9305,88.85928
21.25:  68.9814,-61.95905,88.85928
21.26:  69.23325,-61.98852,88.85928
21.28:  69.48386,-62.01785,88.85928
21.3:  69.73313,-62.04945,88.85928
21.31:  69.98423,-62.07883,88.85928
21.33:  70.23544,-62.11068,88.8573
21.35:  70.4837,-62.1421,88.84898
21.36:  70.73519,-62.17142,88.83432
21.38:  70.98771,-62.20077,88.81333
21.4:  71.23548,-62.22941,88.77967
21.41:  71.48862,-62.25833,88.70163
21.43:  71.73862,-62.28802,88.4081
21.45:  71.98862,-62.31257,87.79135
21.46:  72.24932,-62.33455,87.00347
21.48:  72.49099,-62.35157,86.21559
21.5:  72.74408,-62.36592,85.42772
21.51:  72.99847,-62.37927,84.63983
21.53:  73.24995,-62.38659,83.85195
21.55:  73.49984,-62.39043,83.06408
21.56:  73.75996,-62.39084,82.2762
21.58:  74.00842,-62.38783,81.48833
21.6:  74.26682,-62.38113,80.70044
21.61:  74.51193,-62.3714,79.91257
21.63:  74.76389,-62.35793,79.12468
21.65:  75.01426,-62.34109,78.33681
21.66:  75.26869,-62.32046,77.54893
21.68:  75.51984,-62.29662,76.76105
21.7:  75.77528,-62.26882,75.97318
21.71:  76.02227,-62.23849,75.1853
21.73:  76.26917,-62.20714,74.39742
21.75:  76.52522,-62.16853,73.60954
21.76:  76.77645,-62.12711,72.82166
21.8:  77.02218,-62.08554,72.03378
21.81:  77.26324,-62.04135,71.2459
21.83:  77.51298,-61.98951,70.45802
21.85:  77.76725,-61.93563,69.67014
21.86:  78.00372,-61.87972,68.88226
21.88:  78.25087,-61.81769,68.09438
21.9:  78.4958,-61.75513,67.3065
21.91:  78.74738,-61.68717,66.51862
21.93:  78.9838,-61.61981,65.73075
21.95:  79.22837,-61.54648,64.94286
21.96:  79.46952,-61.47054,64.15498
21.98:  79.71377,-61.38992,63.36711
22:  79.94262,-61.30841,62.57923
22.01:  80.17815,-61.22084,61.79136
22.03:  80.42244,-61.12618,61.00348
22.05:  80.6516,-61.03374,60.2156
22.06:  80.87963,-60.93809,59.42772
22.08:  81.11983,-60.83342,58.63984
22.1:  81.34689,-60.73074,57.85196
22.11:  81.57508,-60.62375,57.06408
22.13:  81.79987,-60.51722,56.2762
22.15:  82.02715,-60.40292,55.48832
22.16:  82.24935,-60.28733,54.70044
22.18:  82.47298,-60.16982,53.91256
22.2:  82.69624,-60.04855,53.12468
22.21:  82.9113,-59.92514,52.3368
22.23:  83.13013,-59.79554,51.54892
22.25:  83.35065,-59.66081,50.76104
22.26:  83.56685,-59.5246,49.97317
22.28:  83.77265,-59.39375,49.18529
22.3:  83.98392,-59.25238,48.39741
22.31:  84.19047,-59.11003,47.60954
22.33:  84.39693,-58.9635,46.82166
22.35:  84.60511,-58.81141,46.03378
22.36:  84.80679,-58.65977,45.2459
22.38:  85.00246,-58.5084,44.45803
22.4:  85.20017,-58.35105,43.67015
22.41:  85.39384,-58.19251,42.88227
22.43:  85.58958,-58.03094,42.09439
22.45:  85.77969,-57.86638,41.30651
22.46:  85.96822,-57.70184,40.51863
22.48:  86.15705,-57.52908,39.73075
22.5:  86.34172,-57.3554,38.94288
22.51:  86.52138,-57.18173,38.155
22.53:  86.69938,-57.00486,37.36712
22.55:  86.87843,-56.82198,36.57924
22.56:  87.05074,-56.64108,35.79136
22.58:  87.22464,-56.45699,35.00348
22.6:  87.39454,-56.26851,34.2156
22.61:  87.55836,-56.08166,33.42772
22.63:  87.72474,-55.88655,32.63984
22.65:  87.88515,-55.6931,31.85196
22.66:  88.04208,-55.49847,31.06408
22.68:  88.20685,-55.29238,30.2762
22.7:  88.35811,-55.09386,29.48833
22.71:  88.50469,-54.8998,28.70045
22.73:  88.66254,-54.68474,27.91257
22.75:  88.80402,-54.48632,27.12469
22.76:  88.87569,-54.27992,26.33681
22.78:  88.87659,-54.07071,25.54893
22.8:  88.8775,-53.85698,24.76106
22.81:  88.87843,-53.64593,23.97318
22.83:  88.88003,-53.42748,23.1853
22.85:  88.88097,-53.2047,22.39742
22.86:  88.88192,-52.98663,21.60954
22.88:  88.88221,-52.77024,20.82166
22.9:  88.88318,-52.54679,20.03379
22.91:  88.88415,-52.31712,19.24591
22.93:  88.88581,-52.09689,18.45803
22.95:  88.8868,-51.87029,17.67015
22.96:  88.8871,-51.64166,16.88227
22.98:  88.88881,-51.40363,16.09439
23:  88.88981,-51.17366,15.30651
23.01:  88.89011,-50.94548,14.51864
23.03:  88.89113,-50.70822,13.73076
23.05:  88.89215,-50.47601,12.94288
23.06:  88.89391,-50.24203,12.155
23.08:  88.89422,-49.99417,11.36712
23.1:  88.89598,-49.7612,10.57924
23.11:  88.89703,-49.51538,9.791363
23.13:  88.89808,-49.27725,9.003482
23.15:  88.89913,-49.03886,8.215605
23.16:  88.90019,-48.78832,7.427726
23.18:  88.90121,-48.5489,6.677875
23.2:  88.90207,-48.3036,6.042105
23.21:  88.90207,-48.06215,5.571121
23.23:  88.9024,-47.81496,5.245908
23.25:  88.90336,-47.56165,5.091819
23.26:  88.90346,-47.32086,5.020121
23.28:  88.90346,-47.07508,4.980113
23.3:  88.90356,-46.83119,4.946443
23.31:  88.90359,-46.58444,4.919111
23.33:  88.90359,-46.3277,4.891778
23.35:  88.90359,-46.08978,4.864446
23.36:  88.90369,-45.84454,4.843452
23.38:  88.90373,-45.59893,4.81612
23.4:  88.90377,-45.35169,4.788788
23.41:  88.9038,-45.10872,4.767794
23.43:  88.90382,-44.85968,4.746799
23.45:  88.90386,-44.61525,4.719467
23.46:  88.90389,-44.37057,4.698473
23.48:  88.90392,-44.12149,4.677478
23.5:  88.90395,-43.87497,4.656485
23.51:  88.90398,-43.63051,4.629153
23.53:  88.90398,-43.38254,4.60182
23.55:  88.90406,-43.13668,4.574488
23.56:  88.90406,-42.88422,4.540818
23.58:  88.90406,-42.63808,4.507149
23.6:  88.90421,-42.39959,4.460803
23.61:  88.90421,-42.14373,4.395443
23.63:  88.90421,-41.89988,4.323746
23.65:  88.9045,-41.65628,4.258387
23.66:  88.90459,-41.40987,4.186689
23.68:  88.90475,-41.16166,4.070626
23.7:  88.90498,-40.91503,3.897523
23.71:  88.90532,-40.67321,3.654703
23.73:  88.90572,-40.42631,3.354842
23.75:  88.9062,-40.16541,3.004277
23.76:  88.90675,-39.92526,2.615686
23.78:  88.9073,-39.67708,2.20808
23.8:  88.9073,-39.42202,1.775123
23.81:  88.90851,-39.17363,1.32949
23.83:  88.90914,-38.92672,0.8711818
23.85:  88.90977,-38.67822,0.4128732
23.86:  88.91041,-38.43161,359.9546
23.88:  88.91104,-38.17882,359.4962
23.9:  88.91104,-37.93154,359.0443
23.91:  88.91229,-37.67015,358.5923
23.93:  88.91288,-37.42609,358.172
23.95:  88.91288,-37.17484,357.8215
23.96:  88.91297,-36.92607,357.5596
23.98:  88.91397,-36.66722,357.3865
24:  88.91397,-36.41652,357.3085
24.01:  88.91417,-36.16739,357.2431
24.03:  88.91426,-35.91721,357.1778
24.05:  88.91434,-35.66571,357.1187
24.06:  88.91444,-35.41809,357.0534
24.08:  88.91451,-35.16401,356.9944
24.1:  88.9146,-34.91463,356.9417
24.11:  88.91467,-34.6532,356.889
24.13:  88.91467,-34.40792,356.8363
24.15:  88.91482,-34.15834,356.7773
24.16:  88.9149,-33.9016,356.7183
24.18:  88.9149,-33.65388,356.6593
24.2:  88.91505,-33.40249,356.6066
24.21:  88.91514,-33.15432,356.5475
24.23:  88.91521,-32.89518,356.4949
24.25:  88.9153,-32.64294,356.4359
24.26:  88.9153,-32.39517,356.3831
24.28:  88.91544,-32.14405,356.3305
24.3:  88.91544,-31.89213,356.2715
24.31:  88.9156,-31.64005,356.2188
24.33:  88.9156,-31.38808,356.1724
24.35:  88.9156,-31.13158,356.1261
24.36:  88.91579,-30.88122,356.0797
24.38:  88.91579,-30.62914,356.0207
24.4:  88.91579,-30.38004,355.968
24.41:  88.91579,-30.12778,355.9153
24.43:  88.91609,-29.87798,355.8627
24.45:  88.91609,-29.62616,355.81
24.46:  88.91622,-29.37615,355.77
24.48:  88.91628,-29.12283,355.73
24.5:  88.91634,-28.87314,355.6899
24.51:  88.91638,-28.61929,355.6563
24.53:  88.91643,-28.36851,355.6226
24.55:  88.91647,-28.10813,355.5953
24.56:  88.9165,-27.85818,355.5743
24.58:  88.91652,-27.61069,355.5596
24.6:  88.91653,-27.35852,355.545
24.61:  88.91653,-27.10852,355.5367
24.63:  88.91653,-26.85492,355.5347
24.65:  88.91655,-26.60406,355.5327
24.66:  88.91656,-26.34509,355.5307
24.68:  88.91656,-26.09718,355.5287
24.7:  88.91656,-25.8406,355.5287
24.71:  88.91656,-25.59543,355.5287
24.73:  88.91656,-25.34525,355.5287
24.75:  88.91656,-25.09228,355.5287
24.76:  88.91656,-24.83343,355.5287
24.78:  88.91656,-24.58082,355.5287
24.8:  88.91656,-24.33307,355.5287
24.81:  88.91656,-24.08176,355.5287
24.83:  88.91656,-23.83165,355.5287
24.85:  88.91656,-23.57968,355.5287
24.86:  88.91656,-23.32936,355.5287
24.88:  88.91656,-23.07639,355.5287
24.9:  88.91656,-22.82332,355.5287
24.91:  88.91656,-22.57392,355.5287
24.93:  88.91656,-22.31923,355.5287
24.95:  88.91656,-22.062,355.5268
24.96:  88.91656,-21.80653,355.5248
24.98:  88.91657,-21.56104,355.5228
25:  88.91658,-21.31,355.5145
25.01:  88.91659,-21.06222,355.5062
25.03:  88.9166,-20.79992,355.4978
25.05:  88.9166,-20.54885,355.4895
25.06:  88.91663,-20.30368,355.4812
25.08:  88.91665,-20.05261,355.4666
25.1:  88.91666,-19.7933,355.4519
25.11:  88.91666,-19.55041,355.4309
25.13:  88.91666,-19.29592,355.4099
25.15:  88.91676,-19.04226,355.3889
25.16:  88.91679,-18.79482,355.3616
25.18:  88.91679,-18.54024,355.3342
25.2:  88.91687,-18.28802,355.3069
25.21:  88.91687,-18.03891,355.2733
25.23:  88.91696,-17.77448,355.2396
25.25:  88.91696,-17.52867,355.2059
25.26:  88.91696,-17.27958,355.1722
25.28:  88.91696,-17.02716,355.1385
25.3:  88.91714,-16.7745,355.1112
25.31:  88.91719,-16.52419,355.0775
25.33:  88.91724,-16.26945,355.0439
25.35:  88.91728,-16.02011,355.0102
25.36:  88.91733,-15.76946,354.9766
25.38:  88.91733,-15.50794,354.9429
25.4:  88.91742,-15.25571,354.9092
25.41:  88.91747,-15.00963,354.8755
25.43:  88.91752,-14.75875,354.8419
25.45:  88.91752,-14.50724,354.8018
25.46:  88.91763,-14.24914,354.7618
25.48:  88.91769,-14.00301,354.7155
25.5:  88.91777,-13.74984,354.6628
25.51:  88.91777,-13.49984,354.6038
25.53:  88.91795,-13.24464,354.5385
25.55:  88.91795,-12.99374,354.4541
25.56:  88.91795,-12.74317,354.338
25.58:  88.91845,-12.48704,354.1776
25.6:  88.91874,-12.23847,353.9664
25.61:  88.91911,-11.98637,353.7046
25.63:  88.91952,-11.73102,353.4111
25.65:  88.91998,-11.48076,353.0732
25.66:  88.91998,-11.2294,352.7036
25.68:  88.9205,-10.97556,352.3024
25.7:  88.91915,-10.72444,351.8757
25.71:  88.91818,-10.46944,351.4174
25.73:  88.91277,-10.21763,350.9528
25.75:  88.90509,-9.960204,350.4755
25.76:  88.89562,-9.715043,349.9728
25.78:  88.88359,-9.463626,349.4448
25.8:  88.86894,-9.208084,348.9041
25.81:  88.85227,-8.958951,348.357
25.83:  88.83521,-8.704182,347.8036
25.85:  88.81366,-8.454569,347.2503
25.86:  88.7912,-8.194896,346.6906
25.88:  88.7673,-7.946577,346.1372
25.9:  88.74091,-7.697884,345.5775
25.91:  88.70966,-7.449081,345.0241
25.93:  88.67581,-7.198983,344.4771
25.95:  88.6395,-6.94887,343.9236
25.96:  88.60001,-6.694413,343.364
25.98:  88.55987,-6.451428,342.8042
26:  88.51504,-6.195761,342.2382
26.01:  88.4692,-5.949218,341.6531
26.03:  88.42085,-5.703444,341.0554
26.05:  88.36983,-5.458356,340.4259
26.06:  88.31597,-5.213799,339.7648
26.08:  88.26068,-4.965275,339.091
26.1:  88.20292,-4.719808,338.3919
26.11:  88.14004,-4.477091,337.661
26.13:  88.0728,-4.230752,336.9175
26.15:  88.00398,-3.982048,336.1677
26.16:  87.93461,-3.751868,335.4115
26.18:  87.85761,-3.508198,334.649
26.2:  87.77972,-3.264845,333.8864
26.21:  87.69857,-3.029968,333.1239
26.23:  87.6087,-2.780651,332.3614
26.25:  87.52124,-2.547803,331.5988
26.26:  87.4314,-2.318026,330.83
26.28:  87.33599,-2.083341,330.0611
26.3:  87.24053,-1.851064,329.2922
26.31:  87.1403,-1.622331,328.5234
26.33:  87.03479,-1.390049,327.7545
26.35:  86.92719,-1.161379,326.9857
26.36:  86.81836,-0.937916,326.2168
26.38:  86.7055,-0.7084119,325.4479
26.4:  86.59103,-0.4833147,324.679
26.41:  86.47201,-0.2620341,323.9102
26.43:  86.35072,-0.03859474,323.1413
26.45:  86.22605,0.1789866,322.3724
26.46:  86.09779,0.3960355,321.6036
26.48:  85.96677,0.6110903,320.8347
26.5:  85.83002,0.8336586,320.0659
26.51:  85.69387,1.044263,319.3033
26.53:  85.55538,1.252359,318.5408
26.55:  85.41554,1.460804,317.7783
26.56:  85.27148,1.665265,317.0157
26.58:  85.1218,1.871754,316.2469
26.6:  84.97245,2.076142,315.478
26.61:  84.81828,2.2813,314.7092
26.63:  84.66383,2.48117,313.9403
26.65:  84.50947,2.675529,313.1778
26.66:  84.35162,2.868909,312.4089
26.68:  84.18668,3.061711,311.64
26.7:  84.01923,3.252222,310.8712
26.71:  83.84682,3.446888,310.1023
26.73:  83.68269,3.623811,309.3334
26.75:  83.50483,3.810662,308.5963
26.76:  83.32826,3.99531,307.9161
26.78:  83.14781,4.176481,307.2994
26.8:  82.97317,4.348514,306.7523
26.81:  82.79066,4.525358,306.2813
26.83:  82.61026,4.697834,305.8991
26.85:  82.42758,4.871096,305.6689
26.86:  82.24721,5.041741,305.5973
26.88:  82.0578,5.224075,305.5446
26.9:  81.88065,5.391128,305.5046
26.91:  81.68913,5.571484,305.4645
26.93:  81.51297,5.740396,305.4309
26.95:  81.32846,5.913702,305.3909
26.96:  81.14619,6.084656,305.3509
26.98:  80.96189,6.260634,305.3109
27:  80.77814,6.435849,305.2708
27.01:  80.59557,6.606414,305.2372
27.03:  80.41196,6.777746,305.2035
27.05:  80.22093,6.955784,305.1698
27.06:  80.04226,7.122118,305.1362
27.08:  79.85605,7.295259,305.1025
27.1:  79.6661,7.471674,305.0688
27.11:  79.48397,7.643948,305.0415
27.13:  79.30023,7.814232,305.0078
27.15:  79.11638,7.984422,304.9742
27.16:  78.92577,8.160651,304.9405
27.18:  78.74194,8.33038,304.9005
27.2:  78.56149,8.499946,304.8541
27.21:  78.37893,8.671114,304.7888
27.23:  78.19518,8.842961,304.7171
27.25:  78.00655,9.015492,304.6327
27.26:  77.8214,9.183864,304.4659
27.28:  77.63512,9.35132,304.1407
27.3:  77.44387,9.520406,303.6634
27.31:  77.25383,9.684763,303.0403
27.33:  77.05176,9.855075,302.3095
27.35:  76.86532,10.01093,301.5279
27.36:  76.67095,10.16584,300.7401
27.38:  76.46873,10.32251,299.9522
27.4:  76.26772,10.47387,299.1643
27.41:  76.05768,10.62756,298.3764
27.43:  75.85652,10.77346,297.5885
27.45:  75.65009,10.91595,296.8007
27.46:  75.44525,11.05323,296.0128
27.48:  75.23447,11.19322,295.2249
27.5:  75.02043,11.32828,294.437
27.51:  74.80429,11.46055,293.6491
27.53:  74.58707,11.58941,292.8613
27.55:  74.36613,11.71639,292.0734
27.56:  74.14887,11.83732,291.2855
27.58:  73.92559,11.95761,290.4976
27.6:  73.69626,12.07994,289.7097
27.61:  73.47189,12.19296,288.9219
27.63:  73.24613,12.30283,288.134
27.65:  73.02003,12.40903,287.3461
27.66:  72.79424,12.51155,286.6026
27.68:  72.55447,12.61704,285.9351
27.7:  72.32774,12.71394,285.3247
27.71:  72.09595,12.81299,284.7713
27.73:  71.85516,12.91087,284.3067
27.75:  71.62669,13.0045,283.9181
27.76:  71.39231,13.09642,283.5992
27.78:  71.16122,13.18595,283.3627
27.8:  70.91851,13.27914,283.1896
27.81:  70.68434,13.36857,283.0862
27.83:  70.44078,13.46124,283.0146
27.85:  70.20951,13.54889,282.9429
27.86:  69.97874,13.63606,282.8775
27.88:  69.74252,13.72498,282.8121
27.9:  69.50641,13.81352,282.7404
27.91:  69.26397,13.90412,282.6751
27.93:  69.03291,13.99016,282.6097
27.95:  68.79657,14.07787,282.5443
27.96:  68.56406,14.16385,282.479
27.98:  68.32624,14.25406,282.4073
28:  68.08663,14.34202,282.3419
28.01:  67.84547,14.43023,282.2766
28.03:  67.60851,14.51657,282.2049
28.05:  67.37447,14.60155,282.1395
28.06:  67.14092,14.68601,282.0678
28.08:  66.90032,14.77269,281.9961
28.1:  66.66726,14.85886,281.9244
28.11:  66.42774,14.94446,281.8527
28.13:  66.17983,15.03272,281.781
28.15:  65.9493,15.1145,281.7157
28.16:  65.71077,15.1988,281.6503
28.18:  65.47464,15.28196,281.5849
28.2:  65.23972,15.3669,281.5132
28.21:  65.00074,15.45301,281.4479
28.23:  64.7604,15.53669,281.3825
28.25:  64.52081,15.61981,281.3172
28.26:  64.2772,15.70661,281.2455
28.28:  64.04622,15.78861,281.1801
28.3:  63.80717,15.87057,281.1084
28.31:  63.57264,15.95317,281.0367
28.33:  63.3312,16.03527,280.965
28.35:  63.09274,16.11862,280.8997
28.36:  62.85436,16.19904,280.828
28.38:  62.61355,16.28247,280.7436
28.4:  62.36753,16.36449,280.6212
28.41:  62.12865,16.44581,280.4354
28.43:  61.89529,16.52407,280.1736
28.45:  61.65465,16.60056,279.8167
28.46:  61.41764,16.67403,279.4091
28.48:  61.17301,16.74771,278.9444
28.5:  60.93062,16.81848,278.4608
28.51:  60.69031,16.8888,277.9454
28.53:  60.44444,16.95827,277.411
28.55:  60.20027,17.02226,276.8704
28.56:  59.95876,17.08315,276.336
28.58:  59.71381,17.14249,275.8016
28.6:  59.46481,17.20032,275.2609
28.61:  59.22081,17.25457,274.7202
28.63:  58.97103,17.30764,274.1795
28.65:  58.72334,17.36031,273.6388
28.66:  58.47974,17.40728,273.0981
28.68:  58.23079,17.45285,272.5574
28.7:  57.97406,17.50001,272.0421
28.71:  57.73457,17.53959,271.5711
28.73:  57.48008,17.57981,271.1635
28.75:  57.23209,17.61732,270.7876
28.76:  56.98592,17.65542,270.4307
28.78:  56.73575,17.69031,270.1245
28.8:  56.47419,17.72575,269.9007
28.81:  56.23435,17.75993,269.7466
28.83:  55.98037,17.79584,269.6812
28.85:  55.73205,17.83063,269.6095
28.86:  55.47658,17.86363,269.5442
28.88:  55.2304,17.89514,269.4788
28.9:  54.98512,17.92625,269.4135
28.91:  54.73615,17.95997,269.3481
28.93:  54.48267,17.99401,269.2827
28.95:  54.22577,18.02571,269.2173
28.96:  53.97758,18.05603,269.152
28.98:  53.72879,18.08858,269.0866
29:  53.4819,18.11818,269.0213
29.01:  53.22133,18.14912,268.9559
29.03:  52.97543,18.178,268.8842
29.05:  52.71935,18.20776,268.8125
29.06:  52.47669,18.23801,268.7408
29.08:  52.22453,18.26667,268.6691
29.1:  51.97328,18.29739,268.6038
29.11:  51.71693,18.32593,268.5384
29.13:  51.47058,18.35305,268.4667
29.15:  51.22313,18.37998,268.395
29.16:  50.97121,18.40707,268.3233
29.18:  50.71887,18.43389,268.2516
29.2:  50.46795,18.46024,268.1799
29.21:  50.21237,18.48676,268.1082
29.23:  49.96802,18.51183,268.0429
29.25:  49.71518,18.53745,267.9712
29.26:  49.46807,18.56221,267.9058
29.28:  49.21363,18.58741,267.8405
29.3:  48.96576,18.60202,267.7751
29.31:  48.71505,18.60673,267.7097
29.33:  48.46295,18.60872,267.6444
29.35:  48.21067,18.61041,267.579
29.36:  47.95504,18.61184,267.5136
29.38:  47.70695,18.61537,267.4483
29.4:  47.45881,18.61619,267.3829
29.41:  47.21133,18.6167,267.3112
29.43:  46.96001,18.6169,267.2395
29.45:  46.70853,18.61927,267.1742
29.46:  46.464,18.6213,267.1088
29.48:  46.21452,18.62062,267.0371
29.5:  45.96443,18.61965,266.9718
29.51:  45.71406,18.62081,266.9001
29.53:  45.4635,18.62167,266.8284
29.55:  45.21297,18.61978,266.763
29.56:  44.96278,18.62006,266.6976
29.58:  44.71204,18.61761,266.6323
29.6:  44.45812,18.61483,266.5669
29.61:  44.20127,18.61173,266.5016
29.63:  43.95155,18.61087,266.4362
29.65:  43.70389,18.60731,266.3708
29.66:  43.45507,18.60588,266.3055
29.68:  43.20272,18.60168,266.2401
29.7:  42.95368,18.59726,266.1747
29.71:  42.69247,18.59487,266.1094
29.73:  42.45229,18.59237,266.0377
29.75:  42.19554,18.58941,265.9724
29.76:  41.95526,18.58633,265.9006
29.78:  41.70239,18.58031,265.8289
29.8:  41.4525,18.57648,265.7573
29.81:  41.20387,18.56994,265.6855
29.83:  40.95356,18.56306,265.6202
29.85:  40.70178,18.55827,265.5422
29.86:  40.4544,18.55325,265.4705
29.88:  40.19348,18.54507,265.3988
29.9:  39.94745,18.53943,265.3207
29.91:  39.70094,18.53106,265.2491
29.93:  39.44897,18.52466,265.1774
29.95:  39.2016,18.51809,265.112
29.96:  38.95235,18.50871,265.0403
29.98:  38.69232,18.49864,264.9749
30:  38.4467,18.49122,264.9032
30.01:  38.20023,18.48105,264.8315
30.03:  37.94785,18.4728,264.7598
30.05:  37.69775,18.46427,264.6818
30.06:  37.45086,18.45544,264.5848
30.08:  37.19159,18.44304,264.456
30.1:  36.94717,18.43306,264.2956
30.11:  36.69312,18.4194,264.1161
30.13:  36.44958,18.40544,263.9114
30.15:  36.19774,18.38995,263.6749
30.16:  35.95105,18.37373,263.4321
30.18:  35.70051,18.35617,263.1829
30.2:  35.44913,18.33744,262.9337
30.21:  35.20206,18.32039,262.6846
30.23:  34.95196,18.302,262.4291
30.25:  34.69184,18.28171,262.1736
30.26:  34.4501,18.25939,261.9181
30.28:  34.19947,18.23759,261.6626
30.3:  33.95123,18.21488,261.4071
30.31:  33.70445,18.1912,261.1516
30.33:  33.4572,18.16392,260.8961
30.35:  33.2073,18.13518,260.6343
30.36:  32.95027,18.10449,260.3851
30.38:  32.70327,18.07388,260.1296
30.4:  32.45977,18.04258,259.8678
30.41:  32.20601,18.00881,259.6123
30.43:  31.96251,17.97774,259.3631
30.45:  31.71452,17.94293,259.2027
30.46:  31.46654,17.90783,259.1373
30.48:  31.21984,17.87514,259.0847
30.5:  30.96519,17.84118,259.0383
30.51:  30.72325,17.80631,258.992
30.53:  30.47433,17.77025,258.952
30.55:  30.22639,17.73664,258.912
30.56:  29.98206,17.70336,258.8783
30.58:  29.73216,17.66669,258.8446
30.6:  29.47658,17.62905,258.8173
30.61:  29.23501,17.59334,258.7836
30.63:  28.98063,17.55558,258.7499
30.65:  28.73729,17.52173,258.7163
30.66:  28.48791,17.4869,258.6826
30.68:  28.24481,17.45283,258.6553
30.7:  27.99544,17.41527,258.628
30.71:  27.75296,17.37866,258.607
30.73:  27.49632,17.33981,258.586
30.75:  27.25503,17.30319,258.565
30.76:  27.00911,17.26579,258.544
30.78:  26.76168,17.22808,258.5293
30.8:  26.51144,17.19235,258.5083
30.81:  26.26747,17.15746,258.4937
30.83:  26.01823,17.11926,258.479
30.85:  25.76861,17.08339,258.458
30.86:  25.52369,17.04811,258.437
30.88:  25.26496,17.00819,258.4224
30.9:  25.02398,16.97092,258.4014
30.91:  24.78015,16.93314,258.3867
30.93:  24.53121,16.897,258.3721
30.95:  24.27636,16.85738,258.3574
30.96:  24.0323,16.81935,258.3364
30.98:  23.7872,16.78109,258.3218
31:  23.54125,16.74263,258.3071
31.01:  23.2973,16.70687,258.2924
31.03:  23.04723,16.67014,258.2778
31.05:  22.79861,16.63356,258.2631
31.06:  22.54586,16.59377,258.2485
31.08:  22.29989,16.55745,258.2338
31.1:  22.05581,16.51891,258.2192
31.11:  21.81008,16.48246,258.1982
31.13:  21.56213,16.4456,258.1772
31.15:  21.316,16.40645,258.1562
31.16:  21.06827,16.36695,258.1352
31.18:  20.81918,16.32967,258.1205
31.2:  20.57322,16.2903,258.0995
31.21:  20.32797,16.25098,258.0849
31.23:  20.07807,16.21123,258.0702
31.25:  19.86965,16.1792,258.0493
31.26:  19.68274,16.15208,258.0283
31.28:  19.53364,16.13317,258.0073
31.3:  19.42443,16.12233,257.9926
31.31:  19.42443,16.12233,257.9779
31.33:  19.42443,16.12233,257.9569
31.35:  19.42443,16.12233,257.9423
31.36:  19.42443,16.12233,257.9213
31.38:  19.42443,16.12233,257.9003
31.4:  19.42443,16.12233,257.8857
31.41:  19.42443,16.12233,257.8647
31.43:  19.42443,16.12233,257.8437
31.45:  19.42443,16.12233,257.8227
31.46:  19.42443,16.12233,257.8017
31.48:  19.42443,16.12233,257.7807
31.5:  19.42443,16.12233,257.766
31.51:  19.42443,16.12233,257.7514
31.53:  19.42443,16.12233,257.7367
31.55:  19.42443,16.12233,257.722
31.56:  19.42443,16.12233,257.701
31.58:  19.42443,16.12233,257.6864
31.6:  19.42443,16.12233,257.6718
31.61:  19.42443,16.12233,257.6571
31.63:  19.42443,16.12233,257.6424
31.65:  19.42443,16.12233,257.6214
31.66:  19.42443,16.12233,257.6004
31.68:  19.42443,16.12233,257.5858
31.7:  19.42443,16.12233,257.5711
31.71:  19.42443,16.12233,257.5501
31.73:  19.42443,16.12233,257.5292
31.75:  19.42443,16.12233,257.5082
31.76:  19.42443,16.12233,257.4872
31.78:  19.42443,16.12233,257.4662
31.8:  19.42443,16.12233,257.4515
31.81:  19.42443,16.12233,257.4305
31.83:  19.42443,16.12233,257.4095
31.85:  19.42443,16.12233,257.3949
31.86:  19.42443,16.12233,257.3802
31.88:  19.42443,16.12233,257.3656
31.9:  19.42443,16.12233,257.3509
31.91:  19.42443,16.12233,257.3362
31.93:  19.42443,16.12233,257.3216
31.95:  19.42443,16.12233,257.3006
31.96:  19.42443,16.12233,257.2859
31.98:  19.42443,16.12233,257.2713
32:  19.42443,16.12233,257.2503
32.01:  19.42443,16.12233,257.2293
32.03:  19.42443,16.12233,257.2083
32.05:  19.42443,16.12233,257.1873
32.06:  19.42443,16.12233,257.1663
32.08:  19.42443,16.12233,257.1517
32.1:  19.42443,16.12233,257.137
32.11:  19.42443,16.12233,257.116
32.13:  19.42443,16.12233,257.1014
32.15:  19.42443,16.12233,257.0867
32.16:  19.42443,16.12233,257.0721
32.18:  19.42443,16.12233,257.0511
32.2:  19.42443,16.12233,257.0301
32.21:  19.42443,16.12233,257.0091
32.23:  19.42443,16.12233,256.9881
32.25:  19.42443,16.12233,256.9734
32.26:  19.42443,16.12233,256.9525
32.28:  19.42443,16.12233,256.9315
32.3:  19.42443,16.12233,256.9168
32.31:  19.42443,16.12233,256.8958
32.33:  19.42443,16.12233,256.8811
32.35:  19.42443,16.12233,256.8601
32.36:  19.42443,16.12233,256.8391
32.38:  19.42443,16.12233,256.8245
32.4:  19.42443,16.12233,256.8098
32.41:  19.42443,16.12233,256.7952
32.43:  19.42443,16.12233,256.7805
32.45:  19.42443,16.12233,256.7595
32.46:  19.42443,16.12233,256.7449
32.48:  19.42443,16.12233,256.7302
32.5:  19.42443,16.12233,256.7156
32.51:  19.42443,16.12233,256.6946
32.53:  19.42443,16.12233,256.6799
32.55:  19.42443,16.12233,256.6589
32.56:  19.42443,16.12233,256.6379
32.58:  19.42443,16.12233,256.6233
32.6:  19.42443,16.12233,256.6023
32.61:  19.42443,16.12233,256.5876
32.63:  19.42443,16.12233,256.573
32.65:  19.42443,16.12233,256.5583
32.66:  19.42443,16.12233,256.5437
32.68:  19.42443,16.12233,256.529
32.7:  19.42443,16.12233,256.5143
32.71:  19.42443,16.12233,256.4933
32.73:  19.42443,16.12233,256.4787
32.75:  19.42443,16.12233,256.4577
32.76:  19.42443,16.12233,256.4431
32.78:  19.42443,16.12233,256.4284
32.8:  19.42443,16.12233,256.4074
32.81:  19.42443,16.12233,256.3864
32.83:  19.42443,16.12233,256.3654
32.85:  19.42443,16.12233,256.3508
32.86:  19.42443,16.12233,256.3298
32.88:  19.42443,16.12233,256.3088
32.9:  19.42443,16.12233,256.2878
32.91:  19.42443,16.12233,256.2731
32.93:  19.42443,16.12233,256.2585
32.95:  19.42443,16.12233,256.2438
32.96:  19.42443,16.12233,256.2228
32.98:  19.42443,16.12233,256.2082
33:  19.42443,16.12233,256.1935
33.01:  19.42443,16.12233,256.1788
33.03:  19.42443,16.12233,256.1642
33.05:  19.42443,16.12233,256.1432
33.06:  19.42443,16.12233,256.1222
33.08:  19.42443,16.12233,256.1012
33.1:  19.42443,16.12233,256.0802
33.11:  19.42443,16.12233,256.0592
33.13:  19.42443,16.12233,256.0446
33.15:  19.42443,16.12233,256.0236
33.16:  19.42443,16.12233,256.0089
33.18:  19.42443,16.12233,255.9943
33.2:  19.42443,16.12233,255.9733
33.21:  19.42443,16.12233,255.9586
33.23:  19.42443,16.12233,255.9376
33.25:  19.42443,16.12233,255.923
33.26:  19.42443,16.12233,255.902
33.28:  19.42443,16.12233,255.8873
33.3:  19.42443,16.12233,255.8663
33.31:  19.42443,16.12233,255.8453
33.33:  19.42443,16.12233,255.8243
33.35:  19.42443,16.12233,255.8097
33.36:  19.42443,16.12233,255.7887
33.38:  19.42443,16.12233,255.7677
33.4:  19.42443,16.12233,255.7467
33.41:  19.42443,16.12233,255.7257
33.43:  19.42443,16.12233,255.7111
33.45:  19.42443,16.12233,255.6901
33.46:  19.42443,16.12233,255.6691
33.48:  19.42443,16.12233,255.6544
33.5:  19.42443,16.12233,255.6334
33.51:  19.42443,16.12233,255.6188
33.53:  19.42443,16.12233,255.5978
33.55:  19.42443,16.12233,255.5831
33.56:  19.42443,16.12233,255.5685
33.58:  19.42443,16.12233,255.5475
33.6:  19.42443,16.12233,255.5265
33.61:  19.42443,16.12233,255.5118
33.63:  19.42443,16.12233,255.4908
33.65:  19.42443,16.12233,255.4762
33.66:  19.42443,16.12233,255.4552
33.68:  19.42443,16.12233,255.4342
33.7:  19.42443,16.12233,255.4132
33.71:  19.42443,16.12233,255.3922
33.73:  19.42443,16.12233,255.3775
33.75:  19.42443,16.12233,255.3566
33.76:  19.42443,16.12233,255.3356
33.78:  19.42443,16.12233,255.3146
33.8:  19.42443,16.12233,255.2999
33.81:  19.42443,16.12233,255.2789
33.83:  19.42443,16.12233,255.2643
33.85:  19.42443,16.12233,255.2496
33.86:  19.42443,16.12233,255.235
33.88:  19.42443,16.12233,255.214
33.9:  19.42443,16.12233,255.1993
33.91:  19.42443,16.12233,255.1846
33.93:  19.42443,16.12233,255.1636
33.95:  19.42443,16.12233,255.1426
33.96:  19.42443,16.12233,255.1217
33.98:  19.42443,16.12233,255.107
34:  19.42443,16.12233,255.086
34.01:  19.42443,16.12233,255.065
34.03:  19.42443,16.12233,255.044
34.05:  19.42443,16.12233,255.0294
34.06:  19.42443,16.12233,255.0084
34.08:  19.42443,16.12233,254.9937
34.1:  19.42443,16.12233,254.9791
34.11:  19.42443,16.12233,254.9644
34.13:  19.42443,16.12233,254.9498
34.15:  19.42443,16.12233,254.9288
34.16:  19.42443,16.12233,254.9141
34.18:  19.42443,16.12233,254.8931
34.2:  19.42443,16.12233,254.8784
34.21:  19.42443,16.12233,254.8638
34.23:  19.42443,16.12233,254.8428
34.25:  19.42443,16.12233,254.8218
34.26:  19.42443,16.12233,254.8008
34.28:  19.42443,16.12233,254.7862
34.3:  19.42443,16.12233,254.7652
34.31:  19.42443,16.12233,254.7442
34.33:  19.42443,16.12233,254.7232
34.35:  19.42443,16.12233,254.7085
34.36:  19.42443,16.12233,254.6939
34.38:  19.42443,16.12233,254.6792
34.4:  19.42443,16.12233,254.6646
34.41:  19.42443,16.12233,254.6499
34.43:  19.42443,16.12233,254.6289
34.45:  19.42443,16.12233,254.6079
34.46:  19.42443,16.12233,254.5933
34.48:  19.42443,16.12233,254.5786
34.5:  19.42443,16.12233,254.5639
34.51:  19.42443,16.12233,254.5493
34.53:  19.42443,16.12233,254.5283
34.55:  19.42443,16.12233,254.5136
34.56:  19.42443,16.12233,254.499
34.58:  19.42443,16.12233,254.4843
34.6:  19.42443,16.12233,254.4633
34.61:  19.42443,16.12233,254.4424
34.63:  19.42443,16.12233,254.4277
34.65:  19.42443,16.12233,254.413
34.66:  19.42443,16.12233,254.3984
34.68:  19.42443,16.12233,254.3837
34.7:  19.42443,16.12233,254.3691
34.71:  19.42443,16.12233,254.3481
34.73:  19.42443,16.12233,254.3334
34.75:  19.42443,16.12233,254.3124
34.76:  19.42443,16.12233,254.2914
34.78:  19.42443,16.12233,254.2768
34.8:  19.42443,16.12233,254.2621
34.81:  19.42443,16.12233,254.2411
34.83:  19.42443,16.12233,254.2265
34.85:  19.42443,16.12233,254.2055
34.86:  19.42443,16.12233,254.1845
34.88:  19.42443,16.12233,254.1635
34.9:  19.42443,16.12233,254.1425
34.91:  19.42443,16.12233,254.1278
34.93:  19.42443,16.12233,254.1068
34.95:  19.42443,16.12233,254.0858
34.96:  19.42443,16.12233,254.0712
34.98:  19.42443,16.12233,254.0565
35:  19.42443,16.12233,254.0419
35.01:  19.42443,16.12233,254.0272
35.03:  19.42443,16.12233,254.0062
35.05:  19.42443,16.12233,253.9852
35.06:  19.42443,16.12233,253.9642
