ParticipantNo: 11004
Controller type: Gamepad
Training Level:
0.04:  82.7,18.5,270
0.08:  82.7,18.5,270
0.1:  82.7,18.5,269.9917
0.13:  82.7,18.5,269.9834
0.15:  82.7,18.5,269.9814
0.17:  82.7,18.5,269.9731
0.18:  82.7,18.5,269.9648
0.2:  82.7,18.5,269.9628
0.22:  82.7,18.5,269.9545
0.23:  82.7,18.5,269.9461
0.25:  82.7,18.5,269.9378
0.27:  82.7,18.5,269.9295
0.28:  82.7,18.5,269.9212
0.3:  82.7,18.5,269.9128
0.32:  82.7,18.5,269.9045
0.33:  82.7,18.5,269.9025
0.35:  82.7,18.5,269.9006
0.37:  82.7,18.5,269.8922
0.38:  82.7,18.5,269.8903
0.4:  82.7,18.5,269.882
0.42:  82.7,18.5,269.8736
0.43:  82.7,18.5,269.8653
0.45:  82.7,18.5,269.857
0.47:  82.7,18.5,269.8487
0.48:  82.7,18.5,269.8404
0.5:  82.7,18.5,269.832
0.52:  82.7,18.5,269.8174
0.53:  82.7,18.5,269.8027
0.55:  82.7,18.5,269.7944
0.57:  82.7,18.5,269.7861
0.58:  82.7,18.5,269.7778
0.6:  82.7,18.5,269.7694
0.62:  82.7,18.5,269.7611
0.63:  82.7,18.5,269.7592
0.65:  82.7,18.5,269.7509
0.67:  82.7,18.5,269.7488
0.68:  82.7,18.5,269.7405
0.7:  82.7,18.5,269.7322
0.72:  82.7,18.5,269.7239
0.73:  82.7,18.5,269.7156
0.75:  82.7,18.5,269.7073
0.77:  82.7,18.5,269.699
0.78:  82.7,18.5,269.6906
0.8:  82.7,18.5,269.6823
0.82:  82.7,18.5,269.674
0.83:  82.7,18.5,269.6657
0.85:  82.7,18.5,269.6573
0.87:  82.7,18.5,269.649
0.88:  82.7,18.5,269.6407
0.9:  82.7,18.5,269.6324
0.92:  82.7,18.5,269.6241
0.93:  82.7,18.5,269.6158
0.95:  82.7,18.5,269.6075
0.97:  82.7,18.5,269.5991
0.98:  82.7,18.5,269.5971
1:  82.7,18.5,269.5952
1.02:  82.7,18.5,269.5869
1.03:  82.7,18.5,269.5785
1.05:  82.7,18.5,269.5702
1.07:  82.7,18.5,269.5619
1.08:  82.7,18.5,269.5536
1.1:  82.7,18.5,269.5453
1.12:  82.7,18.5,269.5369
1.13:  82.7,18.5,269.5286
1.15:  82.7,18.5,269.5203
1.17:  82.7,18.5,269.512
1.18:  82.7,18.5,269.51
1.2:  82.7,18.5,269.5017
1.22:  82.7,18.5,269.4933
1.23:  82.7,18.5,269.4914
1.25:  82.7,18.5,269.4831
1.27:  82.7,18.5,269.4811
1.28:  82.7,18.5,269.4728
1.3:  82.7,18.5,269.4644
1.32:  82.7,18.5,269.4561
1.33:  82.7,18.5,269.4478
1.35:  82.7,18.5,269.4395
1.37:  82.7,18.5,269.4312
1.38:  82.7,18.5,269.4292
1.4:  82.7,18.5,269.4209
1.42:  82.7,18.5,269.4189
1.43:  82.7,18.5,269.4106
1.45:  82.7,18.5,269.4086
1.47:  82.7,18.5,269.4003
1.48:  82.7,18.5,269.392
1.5:  82.7,18.5,269.3836
1.52:  82.7,18.5,269.3817
1.53:  82.7,18.5,269.3734
1.55:  82.7,18.5,269.3587
1.57:  82.7,18.5,269.3503
1.58:  82.7,18.5,269.3357
1.6:  82.7,18.5,269.3274
1.62:  82.7,18.5,269.3191
1.63:  82.7,18.5,269.3107
1.65:  82.7,18.5,269.3024
1.67:  82.7,18.5,269.2941
1.68:  82.7,18.5,269.2921
1.7:  82.7,18.5,269.2838
1.72:  82.7,18.5,269.2755
1.73:  82.7,18.5,269.2608
1.75:  82.7,18.5,269.2525
1.77:  82.7,18.5,269.2442
1.78:  82.7,18.5,269.2359
1.8:  82.7,18.5,269.2339
1.82:  82.7,18.5,269.2256
1.83:  82.7,18.5,269.2173
1.85:  82.7,18.5,269.209
1.87:  82.7,18.5,269.2006
1.88:  82.7,18.5,269.1923
1.9:  82.7,18.5,269.1777
1.92:  82.7,18.5,269.1693
1.93:  82.7,18.5,269.161
1.95:  82.7,18.5,269.159
1.97:  82.7,18.5,269.1507
1.98:  82.7,18.5,269.1424
2:  82.7,18.5,269.1341
2.02:  82.7,18.5,269.1258
2.03:  82.7,18.5,269.1174
2.05:  82.7,18.5,269.1091
2.07:  82.7,18.5,269.1008
2.08:  82.7,18.5,269.0925
2.1:  82.7,18.5,269.0842
2.12:  82.7,18.5,269.0695
2.13:  82.7,18.5,269.0612
2.15:  82.7,18.5,269.0529
2.17:  82.7,18.5,269.0446
2.18:  82.7,18.5,269.0363
2.2:  82.7,18.5,269.0279
2.22:  82.7,18.5,269.0196
2.23:  82.7,18.5,269.0113
2.25:  82.7,18.5,269.003
2.27:  82.7,18.5,268.9946
2.28:  82.7,18.5,268.9863
2.3:  82.7,18.5,268.978
2.32:  82.7,18.5,268.9697
2.33:  82.7,18.5,268.9614
2.35:  82.7,18.5,268.9531
2.37:  82.7,18.5,268.9447
2.38:  82.7,18.5,268.9364
2.4:  82.7,18.5,268.9281
2.42:  82.7,18.5,268.9198
2.43:  82.7,18.5,268.9115
2.45:  82.7,18.5,268.9031
2.47:  82.7,18.5,268.8948
2.48:  82.7,18.5,268.8929
2.5:  82.7,18.5,268.8845
2.52:  82.7,18.5,268.8762
2.53:  82.7,18.5,268.8742
2.55:  82.7,18.5,268.8659
2.57:  82.7,18.5,268.8576
2.58:  82.7,18.5,268.8492
2.6:  82.7,18.5,268.8346
2.62:  82.7,18.5,268.8199
2.63:  82.7,18.5,268.8053
2.65:  82.7,18.5,268.797
2.67:  82.7,18.5,268.7887
2.68:  82.7,18.5,268.7803
2.7:  82.7,18.5,268.772
2.72:  82.7,18.5,268.7637
2.73:  82.7,18.5,268.7554
2.75:  82.7,18.5,268.7534
2.77:  82.7,18.5,268.7451
2.78:  82.7,18.5,268.7368
2.8:  82.7,18.5,268.7285
2.82:  82.7,18.5,268.7201
2.83:  82.7,18.5,268.7118
2.85:  82.7,18.5,268.7035
2.87:  82.7,18.5,268.6952
2.88:  82.7,18.5,268.6868
2.9:  82.7,18.5,268.6785
2.92:  82.7,18.5,268.6702
2.93:  82.7,18.5,268.6619
2.95:  82.7,18.5,268.6472
2.97:  82.7,18.5,268.6389
2.98:  82.7,18.5,268.6306
3:  82.7,18.5,268.6223
3.02:  82.7,18.5,268.614
3.03:  82.7,18.5,268.612
3.05:  82.7,18.5,268.6037
3.07:  82.7,18.5,268.6017
3.08:  82.7,18.5,268.5934
3.1:  82.7,18.5,268.585
3.12:  82.7,18.5,268.5767
3.13:  82.7,18.5,268.5684
3.15:  82.7,18.5,268.5601
3.17:  82.7,18.5,268.5518
3.18:  82.7,18.5,268.5498
3.2:  82.7,18.5,268.5415
3.22:  82.7,18.5,268.5268
3.23:  82.7,18.5,268.5185
3.25:  82.7,18.5,268.5102
3.27:  82.7,18.5,268.5082
3.28:  82.7,18.5,268.5062
3.3:  82.7,18.5,268.4979
3.32:  82.7,18.5,268.4896
3.33:  82.7,18.5,268.4876
3.35:  82.7,18.5,268.4793
3.37:  82.7,18.5,268.4709
3.38:  82.7,18.5,268.4626
3.4:  82.7,18.5,268.4606
3.42:  82.7,18.5,268.4523
3.43:  82.7,18.5,268.444
3.45:  82.7,18.5,268.4357
3.47:  82.7,18.5,268.4274
3.48:  82.7,18.5,268.4191
3.5:  82.7,18.5,268.4107
3.52:  82.7,18.5,268.4024
3.53:  82.7,18.5,268.3941
3.55:  82.7,18.5,268.3921
3.57:  82.7,18.5,268.3838
3.58:  82.7,18.5,268.3755
3.6:  82.7,18.5,268.3672
3.62:  82.7,18.5,268.3589
3.63:  82.7,18.5,268.3505
3.65:  82.7,18.5,268.3422
3.67:  82.7,18.5,268.3339
3.68:  82.7,18.5,268.3256
3.7:  82.7,18.5,268.3173
3.72:  82.7,18.5,268.3026
3.73:  82.7,18.5,268.2943
3.75:  82.7,18.5,268.2859
3.77:  82.7,18.5,268.2776
3.78:  82.7,18.5,268.2693
3.8:  82.7,18.5,268.261
3.82:  82.7,18.5,268.2527
3.83:  82.7,18.5,268.2444
3.85:  82.7,18.5,268.2361
3.87:  82.7,18.5,268.2341
3.88:  82.7,18.5,268.2258
3.9:  82.7,18.5,268.2174
3.92:  82.7,18.5,268.2091
3.93:  82.7,18.5,268.2008
3.95:  82.7,18.5,268.1925
3.97:  82.7,18.5,268.1841
3.98:  82.7,18.5,268.1758
4:  82.7,18.5,268.1675
4.02:  82.7,18.5,268.1592
4.03:  82.7,18.5,268.1572
4.05:  82.7,18.5,268.1489
4.07:  82.7,18.5,268.1469
4.08:  82.7,18.5,268.1386
4.1:  82.7,18.5,268.124
4.12:  82.7,18.5,268.122
4.13:  82.7,18.5,268.12
4.15:  82.7,18.5,268.1117
4.17:  82.7,18.5,268.1097
4.18:  82.7,18.5,268.1014
4.2:  82.7,18.5,268.0931
4.22:  82.7,18.5,268.0847
4.23:  82.7,18.5,268.0764
4.25:  82.7,18.5,268.0681
4.27:  82.7,18.5,268.0661
4.28:  82.7,18.5,268.0578
4.3:  82.7,18.5,268.0495
4.32:  82.7,18.5,268.0412
4.33:  82.7,18.5,268.0328
4.35:  82.7,18.5,268.0245
4.37:  82.7,18.5,268.0162
4.38:  82.7,18.5,268.0079
4.4:  82.7,18.5,267.9996
4.42:  82.7,18.5,267.9913
4.43:  82.7,18.5,267.9829
4.45:  82.7,18.5,267.9746
4.47:  82.7,18.5,267.9663
4.48:  82.7,18.5,267.9517
4.5:  82.7,18.5,267.9433
4.52:  82.7,18.5,267.935
4.53:  82.7,18.5,267.9267
4.55:  82.7,18.5,267.9184
4.57:  82.7,18.5,267.91
4.58:  82.7,18.5,267.9081
4.6:  82.7,18.5,267.8997
4.62:  82.7,18.5,267.8978
4.63:  82.7,18.5,267.8895
4.65:  82.7,18.5,267.8811
4.67:  82.7,18.5,267.8728
4.68:  82.7,18.5,267.8645
4.7:  82.7,18.5,267.8625
4.72:  82.7,18.5,267.8542
4.73:  82.7,18.5,267.8459
4.75:  82.7,18.5,267.8376
4.77:  82.7,18.5,267.8292
4.78:  82.7,18.5,267.8209
4.8:  82.7,18.5,267.8126
4.82:  82.7,18.5,267.8043
4.83:  82.7,18.5,267.796
4.85:  82.7,18.5,267.7877
4.87:  82.7,18.5,267.7793
4.88:  82.7,18.5,267.7773
4.9:  82.7,18.5,267.769
4.92:  82.7,18.5,267.7544
4.93:  82.7,18.5,267.7461
4.95:  82.7,18.5,267.7377
4.97:  82.7,18.5,267.7294
4.98:  82.7,18.5,267.7211
5:  82.7,18.5,267.7128
5.02:  82.7,18.5,267.7045
5.03:  82.7,18.5,267.6961
5.05:  82.7,18.5,267.6878
5.07:  82.7,18.5,267.6795
5.08:  82.7,18.5,267.6712
5.1:  82.7,18.5,267.6629
5.12:  82.7,18.5,267.6545
5.13:  82.7,18.5,267.6462
5.15:  82.7,18.5,267.6442
5.17:  82.7,18.5,267.6423
5.18:  82.7,18.5,267.6339
5.2:  82.7,18.5,267.6256
5.22:  82.7,18.5,267.6173
5.23:  82.7,18.5,267.609
5.25:  82.7,18.5,267.6007
5.27:  82.7,18.5,267.5923
5.28:  82.7,18.5,267.584
5.3:  82.7,18.5,267.5757
5.32:  82.7,18.5,267.5674
5.33:  82.7,18.5,267.5591
5.35:  82.7,18.5,267.5508
5.37:  82.7,18.5,267.5424
5.38:  82.7,18.5,267.5341
5.4:  82.7,18.5,267.5258
5.42:  82.7,18.5,267.5175
5.43:  82.7,18.5,267.5092
5.45:  82.7,18.5,267.5009
5.47:  82.7,18.5,267.4989
5.48:  82.7,18.5,267.4905
5.5:  82.7,18.5,267.4822
5.52:  82.7,18.5,267.4739
5.53:  82.7,18.5,267.4656
5.55:  82.7,18.5,267.4573
5.57:  82.7,18.5,267.4489
5.58:  82.7,18.5,267.4406
5.6:  82.7,18.5,267.4323
5.62:  82.7,18.5,267.424
5.63:  82.7,18.5,267.4157
5.65:  82.7,18.5,267.4073
5.67:  82.7,18.5,267.3927
5.68:  82.7,18.5,267.3844
5.7:  82.7,18.5,267.3761
5.72:  82.7,18.5,267.3677
5.73:  82.7,18.5,267.3594
5.75:  82.7,18.5,267.3448
5.77:  82.7,18.5,267.3365
5.78:  82.7,18.5,267.3281
5.8:  82.7,18.5,267.3135
5.82:  82.7,18.5,267.2988
5.83:  82.7,18.5,267.2778
5.85:  82.7,18.5,267.2632
5.87:  82.7,18.5,267.2485
5.88:  82.7,18.5,267.2402
5.9:  82.7,18.5,267.2256
5.92:  82.7,18.5,267.2172
5.93:  82.7,18.5,267.2089
5.95:  82.7,18.5,267.2006
5.97:  82.7,18.5,267.1923
5.98:  82.7,18.5,267.184
6:  82.7,18.5,267.1693
6.02:  82.7,18.5,267.1546
6.03:  82.7,18.5,267.1463
6.05:  82.7,18.5,267.1317
6.07:  82.7,18.5,267.117
6.08:  82.7,18.5,267.1024
6.1:  82.7,18.5,267.094
6.12:  82.7,18.5,267.0794
6.13:  82.7,18.5,267.0647
6.15:  82.7,18.5,267.05
6.17:  82.7,18.5,267.0417
6.18:  82.7,18.5,267.0334
6.2:  82.7,18.5,267.0251
6.22:  82.7,18.5,267.0168
6.23:  82.7,18.5,267.0085
6.25:  82.7,18.5,266.9938
6.27:  82.7,18.5,266.9855
6.28:  82.7,18.5,266.9708
6.3:  82.7,18.5,266.9562
6.32:  82.7,18.5,266.9415
6.33:  82.7,18.5,266.9269
6.35:  82.7,18.5,266.9122
6.37:  82.7,18.5,266.8976
6.38:  82.7,18.5,266.8829
6.4:  82.7,18.5,266.8683
6.42:  82.7,18.5,266.8536
6.43:  82.7,18.5,266.8453
6.45:  82.7,18.5,266.837
6.47:  82.7,18.5,266.8286
6.48:  82.7,18.5,266.814
6.5:  82.7,18.5,266.7993
6.52:  82.7,18.5,266.7847
6.53:  82.7,18.5,266.77
6.55:  82.7,18.5,266.7617
6.58:  82.7,18.5,266.747
6.58:  82.7,18.5,266.7324
6.6:  82.7,18.5,266.7177
6.62:  82.7,18.5,266.7031
6.63:  82.7,18.5,266.6884
6.65:  82.7,18.5,266.6738
6.67:  82.7,18.5,266.6591
6.68:  82.7,18.5,266.6508
6.7:  82.7,18.5,266.6425
6.72:  82.7,18.5,266.6341
6.73:  82.7,18.5,266.6258
6.75:  82.7,18.5,266.6048
6.77:  82.7,18.5,266.5965
6.78:  82.7,18.5,266.5818
6.8:  82.7,18.5,266.5735
6.82:  82.7,18.5,266.5589
6.83:  82.7,18.5,266.5505
6.85:  82.7,18.5,266.5422
6.87:  82.7,18.5,266.5339
6.88:  82.7,18.5,266.5256
6.9:  82.7,18.5,266.5109
6.92:  82.7,18.5,266.5026
6.93:  82.7,18.5,266.4943
6.95:  82.7,18.5,266.486
6.97:  82.7,18.5,266.4777
6.98:  82.7,18.5,266.4693
7:  82.7,18.5,266.461
7.02:  82.7,18.5,266.4527
7.03:  82.7,18.5,266.438
7.05:  82.7,18.5,266.4234
7.07:  82.7,18.5,266.4151
7.08:  82.7,18.5,266.4004
7.1:  82.7,18.5,266.3921
7.12:  82.7,18.5,266.3774
7.13:  82.7,18.5,266.3564
7.15:  82.7,18.5,266.3418
7.17:  82.7,18.5,266.3271
7.18:  82.7,18.5,266.3125
7.2:  82.7,18.5,266.2978
7.22:  82.7,18.5,266.2831
7.23:  82.7,18.5,266.2748
7.25:  82.7,18.5,266.2665
7.27:  82.7,18.5,266.2582
7.28:  82.7,18.5,266.2435
7.3:  82.7,18.5,266.2289
7.32:  82.7,18.5,266.2142
7.33:  82.7,18.5,266.1996
7.35:  82.7,18.5,266.1849
7.37:  82.7,18.5,266.1703
7.38:  82.7,18.5,266.1619
7.4:  82.7,18.5,266.1473
7.42:  82.7,18.5,266.1326
7.43:  82.7,18.5,266.118
7.45:  82.7,18.5,266.1033
7.47:  82.7,18.5,266.095
7.48:  82.7,18.5,266.0803
7.5:  82.7,18.5,266.072
7.52:  82.7,18.5,266.0637
7.53:  82.7,18.5,266.049
7.55:  82.7,18.5,266.0407
7.57:  82.7,18.5,266.0324
7.58:  82.7,18.5,266.0178
7.6:  82.7,18.5,266.0031
7.62:  82.7,18.5,265.9948
7.63:  82.7,18.5,265.9801
7.65:  82.7,18.5,265.9655
7.67:  82.7,18.5,265.9508
7.68:  82.7,18.5,265.9362
7.7:  82.7,18.5,265.9215
7.72:  82.7,18.5,265.9132
7.73:  82.7,18.5,265.8985
7.75:  82.7,18.5,265.8902
7.77:  82.7,18.5,265.8819
7.78:  82.7,18.5,265.8672
7.8:  82.7,18.5,265.8589
7.82:  82.7,18.5,265.8442
7.83:  82.7,18.5,265.8359
7.85:  82.7,18.5,265.8213
7.87:  82.7,18.5,265.813
7.88:  82.7,18.5,265.792
7.9:  82.6802,18.49854,265.7773
7.92:  82.61202,18.49349,265.769
7.93:  82.47469,18.4833,265.7543
7.95:  82.25523,18.46698,265.746
7.97:  82.00325,18.44819,265.7377
7.98:  81.75892,18.42992,265.723
8:  81.50966,18.41122,265.7084
8.02:  81.26028,18.39247,265.7001
8.03:  81.00802,18.37346,265.6917
8.05:  80.75044,18.35402,265.6834
8.07:  80.5084,18.33572,265.6751
8.08:  80.26254,18.31709,265.6668
8.1:  80.00621,18.29762,265.6585
8.12:  79.75636,18.27862,265.6501
8.13:  79.51597,18.26027,265.6355
8.15:  79.25677,18.24042,265.6208
8.17:  79.01233,18.22156,265.5872
8.18:  78.76846,18.20257,265.5472
8.2:  78.51314,18.18239,265.4818
8.22:  78.26583,18.16221,265.334
8.23:  78.01769,18.14073,265.0532
8.25:  77.77438,18.07391,264.6519
8.27:  77.60138,17.94686,264.1049
8.28:  77.54677,17.82855,263.4501
8.3:  77.56116,17.71535,262.751
8.32:  77.57988,17.59904,262.0518
8.33:  77.66631,17.47096,261.3337
8.35:  77.82767,17.35329,260.6028
8.37:  78.04398,17.24491,259.8593
8.38:  78.25851,17.141,259.0905
8.4:  78.4865,17.04145,258.3152
8.42:  78.72431,16.95128,257.5337
8.43:  78.96519,16.86369,256.7522
8.45:  79.21146,16.77794,255.9643
8.47:  79.45132,16.69811,255.1764
8.48:  79.69037,16.62219,254.3885
8.5:  79.93736,16.54887,253.6006
8.52:  80.18307,16.47821,252.8128
8.53:  80.42822,16.41134,252.0249
8.55:  80.67679,16.34859,251.237
8.57:  80.92536,16.28808,250.4491
8.58:  81.16891,16.2289,249.6613
8.6:  81.41216,16.15663,248.8734
8.62:  81.64265,16.07127,248.0855
8.63:  81.86435,15.95979,247.2976
8.65:  82.08504,15.81912,246.5098
8.67:  82.28155,15.67282,245.7219
8.68:  82.47901,15.51789,244.934
8.7:  82.6673,15.36207,244.1461
8.72:  82.84849,15.18914,243.3582
8.73:  83.01861,15.00468,242.5704
8.75:  83.18324,14.81561,241.7825
8.77:  83.33964,14.61083,240.9946
8.78:  83.4796,14.40972,240.2067
8.8:  83.61266,14.19432,239.4189
8.82:  83.74691,13.9741,238.631
8.83:  83.8759,13.76893,237.8431
8.85:  84.0128,13.55768,237.0552
8.87:  84.15107,13.35061,236.2673
8.88:  84.2906,13.14774,235.4795
8.9:  84.43698,12.94106,234.6916
8.92:  84.56287,12.72732,233.9037
8.93:  84.66676,12.49459,233.1158
8.95:  84.75593,12.25335,232.3279
8.97:  84.82435,12.01357,231.5401
8.98:  84.89031,11.77967,230.7522
9:  84.94836,11.52749,229.9643
9.02:  84.99177,11.2826,229.1764
9.03:  85.02614,11.03053,228.3885
9.05:  85.05424,10.79002,227.6007
9.07:  85.08287,10.5448,226.8128
9.08:  85.11416,10.30541,226.0249
9.1:  85.15027,10.05949,225.237
9.12:  85.18542,9.819525,224.4492
9.13:  85.20857,9.573153,223.6613
9.15:  85.23235,9.319246,222.8734
9.17:  85.25463,9.080624,222.0855
9.18:  85.27384,8.837067,221.2976
9.2:  85.28955,8.593005,220.5098
9.22:  85.29688,8.342844,219.7219
9.23:  85.29838,8.100757,218.934
9.25:  85.29485,7.854273,218.1461
9.27:  85.28433,7.604672,217.3582
9.28:  85.27118,7.356662,216.5704
9.3:  85.25624,7.098424,215.7825
9.32:  85.2287,6.843203,214.9946
9.33:  85.2004,6.599828,214.2067
9.35:  85.1679,6.348008,213.4189
9.37:  85.13326,6.103041,212.631
9.38:  85.09293,5.848713,211.8431
9.4:  85.05724,5.60166,211.0552
9.42:  85.02261,5.353687,210.2673
9.43:  84.99145,5.105577,209.4795
9.45:  84.95775,4.853485,208.6916
9.47:  84.91711,4.605183,207.9037
9.48:  84.86713,4.358907,207.1158
9.5:  84.81596,4.104237,206.3279
9.52:  84.76576,3.851646,205.5401
9.53:  84.71283,3.59174,204.7522
9.55:  84.66145,3.345646,203.9643
9.57:  84.61311,3.097104,203.1764
9.58:  84.56901,2.838559,202.3885
9.6:  84.52821,2.592864,201.6007
9.62:  84.49029,2.343363,200.8128
9.63:  84.44936,2.082902,200.0249
9.65:  84.40475,1.838045,199.237
9.67:  84.35346,1.591198,198.4492
9.68:  84.29991,1.352006,197.6613
9.7:  84.24088,1.106253,196.8734
9.72:  84.1805,0.8611432,196.0855
9.73:  84.11441,0.6195347,195.2977
9.75:  84.04997,0.3705391,194.5098
9.77:  83.99234,0.1345242,193.7219
9.78:  83.93741,-0.1046702,192.934
9.8:  83.88422,-0.3518193,192.1461
9.82:  83.83472,-0.597665,191.3836
9.83:  83.78828,-0.8415993,190.7795
9.85:  83.74249,-1.090093,190.4416
9.87:  83.69743,-1.334932,190.427
9.88:  83.65282,-1.577323,190.427
9.9:  83.60711,-1.825725,190.427
9.92:  83.56177,-2.071782,190.4416
9.93:  83.51602,-2.317527,190.545
9.95:  83.46909,-2.563117,190.8195
9.97:  83.41791,-2.816247,191.4299
9.98:  83.36547,-3.058398,192.2178
10:  83.31034,-3.297092,193.0057
10.02:  83.25082,-3.53952,193.7936
10.03:  83.18782,-3.781715,194.5815
10.05:  83.1217,-4.02225,195.3693
10.07:  83.05294,-4.259593,196.1572
10.08:  82.98028,-4.49809,196.9451
10.1:  82.91487,-4.743435,197.733
10.12:  82.86802,-4.991253,198.5209
10.13:  82.83641,-5.24373,199.3087
10.15:  82.8166,-5.497973,200.0966
10.17:  82.82524,-5.751867,200.8845
10.18:  82.85444,-5.991803,201.6724
10.2:  82.91666,-6.233973,202.4603
10.22:  83.00916,-6.456509,203.2481
10.23:  83.14724,-6.671187,204.036
10.25:  83.34474,-6.824255,204.8239
10.27:  83.56788,-6.931224,205.6118
10.28:  83.78803,-7.040505,206.3996
10.3:  84.02141,-7.130241,207.1875
10.32:  84.26519,-7.204224,207.9754
10.33:  84.51728,-7.266782,208.7633
10.35:  84.78009,-7.300251,209.5512
10.37:  85.04359,-7.329698,210.3391
10.38:  85.29986,-7.349062,211.1269
10.4:  85.55997,-7.358918,211.9148
10.42:  85.82349,-7.350987,212.7027
10.43:  86.09597,-7.333883,213.4906
10.45:  86.34807,-7.3101,214.2784
10.47:  86.60497,-7.259828,215.0663
10.48:  86.85667,-7.208911,215.8542
10.5:  87.11671,-7.163594,216.6421
10.52:  87.37053,-7.117651,217.43
10.53:  87.62544,-7.068052,218.2115
10.55:  87.87753,-7.006763,218.9297
10.57:  88.12768,-6.933627,219.5591
10.58:  88.37241,-6.86475,220.1378
10.6:  88.62482,-6.794807,220.6722
10.62:  88.84412,-6.723629,221.1558
10.63:  88.84447,-6.65174,221.5698
10.65:  88.84544,-6.566945,221.8887
10.67:  88.84766,-6.465185,221.9857
10.68:  88.84977,-6.347232,221.9647
10.7:  88.85134,-6.226251,221.893
10.72:  88.85134,-6.186377,221.6946
10.73:  88.86111,-6.241364,221.287
10.75:  88.86205,-6.368017,220.6575
10.77:  88.74675,-6.59798,219.8696
10.78:  88.59126,-6.789435,219.0818
10.8:  88.43486,-6.987518,218.2939
10.82:  88.27733,-7.192766,217.506
10.83:  88.13226,-7.387271,216.7182
10.85:  87.98566,-7.58955,215.9303
10.87:  87.84139,-7.794514,215.1424
10.88:  87.70248,-7.997741,214.3545
10.9:  87.56223,-8.209087,213.5666
10.92:  87.4272,-8.418794,212.7787
10.93:  87.28227,-8.623046,211.9909
10.95:  87.13237,-8.823402,211.203
10.97:  86.967,-9.017557,210.4151
10.98:  86.79684,-9.215235,209.6272
11:  86.63681,-9.406404,208.8394
11.02:  86.47842,-9.60099,208.0515
11.03:  86.31834,-9.803279,207.2636
11.05:  86.15926,-10.01007,206.4757
11.07:  86.01034,-10.20927,205.6878
11.08:  85.86041,-10.41568,204.9
11.1:  85.71249,-10.62533,204.1121
11.12:  85.56986,-10.83348,203.3242
11.13:  85.42538,-11.0507,202.5363
11.15:  85.28636,-11.26607,201.7484
11.17:  85.15894,-11.48305,200.9606
11.18:  85.05231,-11.7095,200.1727
11.2:  84.96114,-11.9394,199.3848
11.22:  84.88187,-12.17407,198.6667
11.23:  84.80428,-12.40922,198.259
11.25:  84.72481,-12.65011,198.259
11.27:  84.64391,-12.89534,198.2571
11.28:  84.56814,-13.12505,198.2551
11.3:  84.49022,-13.3613,198.2531
11.32:  84.42363,-13.60231,198.2511
11.33:  84.37542,-13.85067,198.2491
11.35:  84.34851,-14.10342,198.2491
11.37:  84.36868,-14.35643,198.2765
11.38:  84.41793,-14.59612,198.4813
11.4:  84.49436,-14.83348,199.022
11.42:  84.59283,-15.05077,199.7908
11.43:  84.72965,-15.24441,200.5787
11.45:  84.91335,-15.40155,201.3666
11.47:  85.14453,-15.49568,202.1545
11.48:  85.3727,-15.59227,202.9424
11.5:  85.61486,-15.66897,203.7302
11.52:  85.87722,-15.69693,204.5181
11.53:  86.13147,-15.67174,205.306
11.55:  86.38777,-15.60485,206.0939
11.57:  86.63201,-15.52493,206.8818
11.58:  86.87158,-15.43953,207.6696
11.6:  87.11712,-15.35387,208.4575
11.62:  87.36126,-15.27244,209.2454
11.63:  87.6063,-15.18547,210.0333
11.65:  87.84747,-15.06894,210.8212
11.67:  88.06099,-14.92376,211.609
11.68:  88.24551,-14.75646,212.3969
11.7:  88.34503,-14.64899,213.1848
11.72:  88.34503,-14.64899,213.9727
11.73:  88.32546,-14.6772,214.7605
11.75:  88.21412,-14.83301,215.5484
11.77:  88.07404,-15.04442,216.3363
11.78:  87.93506,-15.24801,217.1242
11.8:  87.7905,-15.45365,217.9121
11.82:  87.64401,-15.65607,218.7
11.83:  87.49158,-15.85657,219.4878
11.85:  87.3383,-16.05256,220.2757
11.87:  87.18021,-16.24905,221.0636
11.88:  87.02386,-16.43888,221.7247
11.9:  86.86243,-16.63495,221.7101
11.92:  86.70367,-16.82784,221.7017
11.93:  86.54638,-17.02287,221.6934
11.95:  86.39761,-17.23548,221.6914
11.97:  86.26509,-17.45024,221.6831
11.98:  86.15752,-17.67574,221.6748
12:  86.09832,-17.91614,221.6728
12.02:  86.07804,-18.15798,221.6645
12.03:  86.08711,-18.40264,221.6562
12.05:  86.11709,-18.64681,221.6542
12.07:  86.18656,-18.88561,221.6542
12.08:  86.27336,-19.11446,221.6542
12.1:  86.36587,-19.34587,221.6459
12.12:  86.46673,-19.56564,221.6185
12.13:  86.57431,-19.79324,221.5025
12.15:  86.67831,-20.01051,221.2216
12.17:  86.7822,-20.22689,220.6239
12.18:  86.87862,-20.453,219.836
12.2:  86.96053,-20.68925,219.0481
12.22:  87.02406,-20.92849,218.2603
12.23:  87.06828,-21.17017,217.4724
12.25:  87.08289,-21.41498,216.6845
12.27:  87.0856,-21.66021,215.8966
12.28:  87.0674,-21.90567,215.1087
12.3:  87.02588,-22.15358,214.3209
12.32:  86.96828,-22.40356,213.533
12.33:  86.89482,-22.64229,212.7451
12.35:  86.81611,-22.88955,211.9572
12.37:  86.73275,-23.1245,211.1694
12.38:  86.63753,-23.36,210.3815
12.4:  86.53231,-23.59032,209.5936
12.42:  86.42023,-23.81452,208.8057
12.43:  86.3098,-24.03765,208.0178
12.45:  86.1977,-24.27193,207.2553
12.47:  86.09283,-24.49152,206.6512
12.48:  85.98332,-24.71339,206.269
12.5:  85.87224,-24.93917,206.1973
12.52:  85.76231,-25.16288,206.17
12.53:  85.65187,-25.38789,206.1426
12.55:  85.53825,-25.61967,206.1153
12.57:  85.42998,-25.84079,206.088
12.58:  85.33453,-26.06901,206.0606
12.6:  85.25709,-26.30431,206.0333
12.62:  85.18845,-26.55262,206.006
12.63:  85.13271,-26.81027,205.9786
12.65:  85.0885,-27.05327,205.9513
12.67:  85.07262,-27.30596,205.9176
12.68:  85.06843,-27.55352,205.7825
12.7:  85.07314,-27.80266,205.4827
12.72:  85.08315,-28.0492,205.0054
12.73:  85.09537,-28.29303,204.4647
12.75:  85.11221,-28.53928,203.924
12.77:  85.12919,-28.78475,203.3769
12.78:  85.15039,-29.02699,202.8362
12.8:  85.174,-29.27061,202.3019
12.82:  85.19992,-29.51611,201.8119
12.83:  85.22755,-29.76084,201.3979
12.85:  85.2562,-30.0059,201.1678
12.87:  85.27687,-30.25346,201.0327
12.88:  85.2914,-30.50226,200.961
12.9:  85.30699,-30.74969,200.9337
12.92:  85.3251,-31.00002,200.9127
12.93:  85.3401,-31.25199,200.898
12.95:  85.3552,-31.50557,200.896
12.97:  85.37327,-31.75406,200.8941
12.98:  85.38874,-31.99699,200.8921
13:  85.40464,-32.24587,200.8838
13.02:  85.42044,-32.49322,200.8818
13.03:  85.43537,-32.74265,200.8798
13.05:  85.44801,-32.99123,200.8778
13.07:  85.46064,-33.23753,200.8568
13.08:  85.4735,-33.48655,200.8358
13.1:  85.48664,-33.7394,200.8148
13.12:  85.49878,-33.98958,200.7875
13.13:  85.51197,-34.23876,200.7602
13.15:  85.5251,-34.48508,200.7392
13.17:  85.53769,-34.73822,200.7182
13.18:  85.55093,-34.98306,200.6972
13.2:  85.5645,-35.23249,200.6762
13.22:  85.57784,-35.49495,200.6552
13.23:  85.59026,-35.73687,200.6279
13.25:  85.60439,-35.99094,200.6069
13.27:  85.61808,-36.2355,200.5859
13.28:  85.63197,-36.48196,200.5649
13.3:  85.64516,-36.73192,200.5439
13.32:  85.65955,-36.98333,200.5166
13.33:  85.67306,-37.23466,200.4892
13.35:  85.68755,-37.48373,200.4619
13.37:  85.69975,-37.73054,200.4409
13.38:  85.70802,-37.97969,200.4199
13.4:  85.71661,-38.23499,200.3926
13.42:  85.72513,-38.48559,200.3716
13.43:  85.73147,-38.73598,200.3506
13.45:  85.72781,-38.98508,200.3423
13.47:  85.70822,-39.24036,200.3339
13.48:  85.68525,-39.49161,200.3339
13.5:  85.65914,-39.74437,200.3339
13.52:  85.63315,-39.99598,200.3339
13.53:  85.60223,-40.24899,200.3339
13.55:  85.56371,-40.50068,200.3339
13.57:  85.52267,-40.75301,200.3339
13.58:  85.48059,-41.01163,200.3339
13.6:  85.44035,-41.25895,200.3339
13.62:  85.39964,-41.50925,200.3339
13.63:  85.35904,-41.75881,200.3339
13.65:  85.31824,-42.00959,200.3339
13.67:  85.27486,-42.26114,200.3359
13.68:  85.23003,-42.50713,200.3379
13.7:  85.18483,-42.7684,200.3652
13.72:  85.14268,-43.01111,200.4053
13.73:  85.10351,-43.2636,200.4516
13.75:  85.07123,-43.51707,200.4979
13.77:  85.03886,-43.77002,200.5316
13.78:  85.00625,-44.02462,200.5399
13.8:  84.97088,-44.28175,200.5399
13.82:  84.93829,-44.53615,200.5399
13.83:  84.90508,-44.79568,200.5316
13.85:  84.87301,-45.04667,200.5233
13.87:  84.84053,-45.30114,200.515
13.88:  84.80859,-45.5516,200.5067
13.9:  84.77561,-45.81081,200.492
13.92:  84.7388,-46.06314,200.471
13.93:  84.6958,-46.32393,200.4564
13.95:  84.6512,-46.56614,200.4417
13.97:  84.60286,-46.81565,200.427
13.98:  84.55585,-47.0586,200.4124
14:  84.50561,-47.31868,200.3977
14.02:  84.45818,-47.56451,200.3831
14.03:  84.41016,-47.81373,200.3684
14.05:  84.36047,-48.05928,200.3537
14.07:  84.31297,-48.30649,200.3391
14.08:  84.26592,-48.55168,200.3244
14.1:  84.21767,-48.80348,200.3098
14.12:  84.16776,-49.05147,200.2951
14.13:  84.11794,-49.29933,200.2805
14.15:  84.07072,-49.54673,200.2658
14.17:  84.02344,-49.79487,200.2512
14.18:  83.97619,-50.04319,200.2365
14.2:  83.92841,-50.29458,200.2218
14.22:  83.87868,-50.54362,200.2072
14.23:  83.82955,-50.79002,200.1926
14.25:  83.78228,-51.03999,200.1716
14.27:  83.73521,-51.28934,200.1506
14.28:  83.68594,-51.53773,200.1359
14.3:  83.6392,-51.78608,200.1212
14.32:  83.58868,-52.04153,200.1003
14.33:  83.54713,-52.28892,200.0856
14.35:  83.51569,-52.53058,200.0646
14.37:  83.50613,-52.70625,200.0436
14.38:  83.51104,-52.80638,200.0289
14.4:  83.51104,-52.80638,200.0079
14.42:  83.51104,-52.80638,199.987
14.43:  83.51104,-52.80638,199.966
14.45:  83.51104,-52.80638,199.9386
14.47:  83.51104,-52.80638,199.9113
14.48:  83.51104,-52.80638,199.884
14.5:  83.51104,-52.80638,199.863
14.52:  83.51104,-52.80638,199.8293
14.53:  83.51104,-52.80638,199.7956
14.55:  83.51104,-52.80638,199.7366
14.57:  83.50356,-52.82732,199.6586
14.58:  83.46856,-52.9257,199.5805
14.6:  83.39923,-53.12146,199.5025
14.62:  83.31902,-53.36396,199.4245
14.63:  83.23849,-53.60073,199.3464
14.65:  83.15775,-53.83162,199.2747
14.67:  83.07538,-54.06813,199.203
14.68:  82.99474,-54.30052,199.1377
14.7:  82.90897,-54.54814,199.104
14.72:  82.83009,-54.77605,199.0893
14.73:  82.74794,-55.01363,199.0747
14.75:  82.66729,-55.24707,199.06
14.77:  82.58514,-55.48505,199.0454
14.78:  82.50443,-55.71903,199.0307
14.8:  82.42229,-55.95738,199.0161
14.82:  82.34068,-56.19437,199.0014
14.85:  82.25916,-56.43127,198.9868
14.87:  82.17609,-56.67284,198.9784
14.88:  82.09744,-56.90171,198.9638
14.9:  82.01649,-57.13747,198.9491
14.92:  81.93465,-57.37605,198.9345
14.93:  81.85352,-57.61276,198.9198
14.95:  81.77237,-57.84971,198.9052
14.97:  81.69176,-58.08528,198.8905
14.98:  81.6114,-58.3203,198.8759
15:  81.53092,-58.55579,198.8675
15.02:  81.45393,-58.79663,198.8529
15.03:  81.39277,-59.00624,198.8382
15.05:  81.35448,-59.14902,198.8236
15.07:  81.33868,-59.21052,198.8089
15.08:  81.33868,-59.21052,198.7942
15.1:  81.33868,-59.21052,198.7796
15.12:  81.33868,-59.21052,198.7649
15.13:  81.33868,-59.21052,198.7503
15.15:  81.33868,-59.21052,198.7356
15.17:  81.33868,-59.21052,198.721
15.18:  81.33868,-59.21052,198.7063
15.2:  81.33868,-59.21052,198.6917
15.22:  81.33868,-59.21052,198.677
15.23:  81.33868,-59.21052,198.6623
15.25:  81.33868,-59.21052,198.654
15.27:  81.33868,-59.21052,198.6394
15.28:  81.33868,-59.21052,198.6247
15.3:  81.33868,-59.21052,198.6101
15.32:  81.33868,-59.21052,198.5954
15.33:  81.33868,-59.21052,198.5807
15.35:  81.33868,-59.21052,198.5661
15.37:  81.33868,-59.21052,198.5514
15.38:  81.33868,-59.21052,198.5368
15.4:  81.33868,-59.21052,198.5285
15.42:  81.33868,-59.21052,198.5138
15.43:  81.33868,-59.21052,198.4991
15.45:  81.33868,-59.21052,198.4908
15.47:  81.33868,-59.21052,198.4762
15.48:  81.33868,-59.21052,198.4615
15.5:  81.33868,-59.21052,198.4532
15.52:  81.33868,-59.21052,198.4385
15.53:  81.33868,-59.21052,198.4302
15.55:  81.33868,-59.21052,198.4282
15.57:  81.33868,-59.21052,198.4263
15.58:  81.33868,-59.21052,198.4243
15.6:  81.33868,-59.21052,198.416
15.62:  81.33868,-59.21052,198.414
15.63:  81.33868,-59.21052,198.412
15.65:  81.33868,-59.21052,198.412
15.67:  81.33868,-59.21052,198.412
15.68:  81.33868,-59.21052,198.412
15.7:  81.33868,-59.21052,198.412
15.72:  81.33868,-59.21052,198.412
15.73:  81.33868,-59.21052,198.412
15.75:  81.33868,-59.21052,198.412
15.77:  81.33868,-59.21052,198.412
15.78:  81.33868,-59.21052,198.412
15.8:  81.33868,-59.21052,198.412
15.82:  81.33868,-59.21052,198.412
15.83:  81.33868,-59.21052,198.412
15.85:  81.33868,-59.21052,198.412
15.87:  81.33868,-59.21052,198.412
15.88:  81.33868,-59.21052,198.412
15.9:  81.33868,-59.21052,198.412
15.92:  81.33868,-59.21052,198.412
15.93:  81.33868,-59.21052,198.412
15.95:  81.33868,-59.21052,198.412
15.97:  81.33868,-59.21052,198.412
15.98:  81.33868,-59.21052,198.412
16:  81.33868,-59.21052,198.412
16.02:  81.33868,-59.21052,198.412
16.03:  81.33868,-59.21052,198.412
16.05:  81.33868,-59.21052,198.412
16.07:  81.33868,-59.21052,198.412
16.08:  81.33868,-59.21052,198.412
16.1:  81.33868,-59.21052,198.412
16.12:  81.33868,-59.21052,198.412
16.13:  81.33868,-59.21052,198.412
16.15:  81.33868,-59.21052,198.412
16.17:  81.33868,-59.21052,198.412
16.18:  81.33868,-59.21052,198.414
16.2:  81.33868,-59.21052,198.4223
16.22:  81.33868,-59.21052,198.4243
16.23:  81.33868,-59.21052,198.4326
16.25:  81.33868,-59.21052,198.4409
16.27:  81.33868,-59.21052,198.4556
16.28:  81.33868,-59.21052,198.4766
16.3:  81.33868,-59.21052,198.5039
16.32:  81.33868,-59.21052,198.5312
16.33:  81.33868,-59.21052,198.5586
16.35:  81.33868,-59.21052,198.5859
16.37:  81.33868,-59.21052,198.6132
16.38:  81.33868,-59.21052,198.6406
16.4:  81.33868,-59.21052,198.6679
16.42:  81.33868,-59.21052,198.6952
16.43:  81.33868,-59.21052,198.7289
16.45:  81.33868,-59.21052,198.7562
16.47:  81.33868,-59.21052,198.7836
16.48:  81.33868,-59.21052,198.8109
16.5:  81.33868,-59.21052,198.8446
16.52:  81.33868,-59.21052,198.8782
16.53:  81.33868,-59.21052,198.9119
16.55:  81.33868,-59.21052,198.9392
16.57:  81.33868,-59.21052,198.9729
16.58:  81.33868,-59.21052,199.0002
16.6:  81.33868,-59.21052,199.0276
16.62:  81.33868,-59.21052,199.0549
16.63:  81.33868,-59.21052,199.0822
16.65:  81.33868,-59.21052,199.1096
16.67:  81.33868,-59.21052,199.1306
16.68:  81.33868,-59.21052,199.1452
16.7:  81.33868,-59.21052,199.1535
16.72:  81.33868,-59.21052,199.1555
16.73:  81.33868,-59.21052,199.1555
16.75:  81.33868,-59.21052,199.1555
16.77:  81.33868,-59.21052,199.1555
16.78:  81.33868,-59.21052,199.1555
16.8:  81.33868,-59.21052,199.1555
16.82:  81.33868,-59.21052,199.1535
16.83:  81.33868,-59.21052,199.1535
16.85:  81.33868,-59.21052,199.1535
16.87:  81.33868,-59.21052,199.1535
16.88:  81.33868,-59.21052,199.1535
16.9:  81.33868,-59.21052,199.1516
16.92:  81.33868,-59.21052,199.1496
16.93:  81.33868,-59.21052,199.1476
16.95:  81.33868,-59.21052,199.1456
16.97:  81.33868,-59.21052,199.1456
16.98:  81.33868,-59.21052,199.1436
17:  81.33868,-59.21052,199.1416
17.02:  81.33868,-59.21052,199.1416
17.03:  81.33868,-59.21052,199.1397
17.05:  81.33868,-59.21052,199.1377
17.07:  81.33868,-59.21052,199.1357
17.08:  81.33868,-59.21052,199.1357
17.1:  81.33868,-59.21052,199.1337
17.12:  81.33868,-59.21052,199.1317
17.13:  81.33868,-59.21052,199.1317
17.15:  81.33868,-59.21052,199.1317
17.17:  81.33868,-59.21052,199.1317
17.18:  81.33868,-59.21052,199.1298
17.2:  81.33868,-59.21052,199.1278
17.22:  81.33868,-59.21052,199.1258
17.23:  81.33868,-59.21052,199.1238
17.25:  81.33868,-59.21052,199.1238
17.27:  81.33868,-59.21052,199.1218
17.28:  81.33868,-59.21052,199.1199
17.3:  81.33868,-59.21052,199.1179
17.32:  81.33868,-59.21052,199.1159
17.33:  81.33868,-59.21052,199.1139
17.35:  81.33868,-59.21052,199.1139
17.37:  81.33868,-59.21052,199.1139
17.38:  81.33868,-59.21052,199.1139
17.4:  81.33868,-59.21052,199.1139
17.42:  81.33868,-59.21052,199.1119
17.43:  81.33868,-59.21052,199.11
17.45:  81.33868,-59.21052,199.11
17.47:  81.33868,-59.21052,199.11
17.48:  81.33868,-59.21052,199.11
17.5:  81.33868,-59.21052,199.108
17.52:  81.33868,-59.21052,199.108
17.53:  81.33868,-59.21052,199.108
17.55:  81.33868,-59.21052,199.108
17.57:  81.33868,-59.21052,199.108
17.58:  81.33868,-59.21052,199.106
17.6:  81.33868,-59.21052,199.106
17.62:  81.33868,-59.21052,199.106
17.63:  81.33868,-59.21052,199.106
17.65:  81.33868,-59.21052,199.104
17.67:  81.33868,-59.21052,199.104
17.68:  81.33868,-59.21052,199.104
17.7:  81.33868,-59.21052,199.104
17.72:  81.33868,-59.21052,199.104
17.73:  81.33868,-59.21052,199.104
17.75:  81.33868,-59.21052,199.104
17.77:  81.33868,-59.21052,199.104
17.78:  81.33868,-59.21052,199.104
17.8:  81.33868,-59.21052,199.104
17.82:  81.33868,-59.21052,199.0894
17.83:  81.33868,-59.21052,199.0303
17.85:  81.33868,-59.21052,198.9016
17.87:  81.33868,-59.21052,198.6841
17.88:  81.33868,-59.21052,198.3082
17.9:  81.33868,-59.21052,197.7548
17.92:  81.33868,-59.21052,196.9923
17.93:  81.33868,-59.21052,196.2044
17.95:  81.33868,-59.21052,195.4165
17.97:  81.33868,-59.21052,194.6287
17.98:  81.33868,-59.21052,193.8408
18:  81.33868,-59.21052,193.0529
18.02:  81.33868,-59.21052,192.265
18.03:  81.33868,-59.21052,191.4772
18.05:  81.33868,-59.21052,190.6893
18.07:  81.33868,-59.21052,189.9014
18.08:  81.33868,-59.21052,189.1135
18.1:  81.33868,-59.21052,188.3257
18.12:  81.33868,-59.21052,187.5378
18.13:  81.33868,-59.21052,186.7499
18.15:  81.33868,-59.21052,185.962
18.17:  81.33868,-59.21052,185.1741
18.18:  81.33868,-59.21052,184.3863
18.2:  81.33868,-59.21052,183.5984
18.22:  81.33868,-59.21052,182.8105
18.23:  81.33868,-59.21052,182.0226
18.25:  81.33868,-59.21052,181.2347
18.27:  81.33868,-59.21052,180.4595
18.28:  81.33868,-59.21052,179.7097
18.3:  81.33868,-59.21052,178.9598
18.32:  81.33868,-59.21052,178.2163
18.33:  81.33868,-59.21052,177.4791
18.35:  81.33868,-59.21052,176.7546
18.37:  81.33868,-59.21052,176.0555
18.38:  81.33868,-59.21052,175.3564
18.4:  81.33868,-59.21052,174.6635
18.42:  81.33868,-59.21052,173.9707
18.43:  81.33868,-59.21052,173.2779
18.45:  81.36534,-59.24418,172.5914
18.47:  81.46404,-59.33338,171.9113
18.48:  81.65158,-59.49468,171.2375
18.5:  81.83987,-59.65285,170.5701
18.52:  82.02625,-59.80578,169.9089
18.53:  82.22846,-59.96743,169.2415
18.55:  82.41788,-60.11335,168.5804
18.57:  82.61269,-60.26418,167.9192
18.58:  82.80889,-60.41488,167.2581
18.6:  82.99741,-60.56275,166.5907
18.62:  83.19132,-60.71565,165.9295
18.63:  83.38699,-60.86821,165.2684
18.65:  83.58144,-61.02052,164.601
18.67:  83.77604,-61.17546,163.9335
18.68:  83.97141,-61.3361,163.2724
18.7:  84.16378,-61.49229,162.6113
18.72:  84.36568,-61.6559,161.9501
18.73:  84.569,-61.81947,161.289
18.75:  84.75925,-61.97675,160.6406
18.77:  84.95094,-62.13716,160.0175
18.78:  85.13464,-62.3002,159.4261
18.8:  85.31848,-62.46594,158.8537
18.82:  85.50294,-62.63636,158.294
18.83:  85.69012,-62.80751,157.7596
18.85:  85.87814,-62.97644,157.2569
18.87:  86.06565,-63.1477,156.7606
18.88:  86.24926,-63.32609,156.2833
18.9:  86.41984,-63.50598,155.8376
18.92:  86.59058,-63.70189,155.411
18.93:  86.75506,-63.88783,154.9907
18.95:  86.9202,-64.07187,154.5831
18.97:  87.08661,-64.25268,154.1819
18.98:  87.20677,-64.38099,153.8059
19:  87.21981,-64.40709,153.449
19.02:  87.21981,-64.40709,153.1175
19.03:  87.21981,-64.40709,152.8113
19.05:  87.21981,-64.40709,152.5558
19.07:  87.21981,-64.40709,152.3257
19.08:  87.21981,-64.40709,152.1018
19.1:  87.21981,-64.40709,151.8971
19.12:  87.21981,-64.40709,151.6923
19.13:  87.21981,-64.40709,151.5128
19.15:  87.21981,-64.40709,151.3461
19.17:  87.21981,-64.40709,151.192
19.18:  87.21981,-64.40709,151.0506
19.2:  87.21981,-64.40709,150.9218
19.22:  87.21981,-64.40709,150.7931
19.23:  87.21981,-64.40709,150.6707
19.25:  87.21981,-64.40709,150.5483
19.27:  87.21981,-64.40709,150.4259
19.28:  87.23098,-64.42667,150.3035
19.3:  87.27911,-64.51065,150.1811
19.32:  87.39066,-64.70438,150.065
19.33:  87.51499,-64.91922,149.9426
19.35:  87.6387,-65.132,149.8265
19.37:  87.76431,-65.34698,149.7041
19.38:  87.89165,-65.56389,149.5817
19.4:  88.02089,-65.78292,149.4593
19.42:  88.14536,-65.99287,149.3369
19.43:  88.27365,-66.20819,149.2145
19.45:  88.40215,-66.42283,149.0921
19.47:  88.53142,-66.63778,148.9761
19.48:  88.6599,-66.85043,148.86
19.5:  88.78831,-67.062,148.744
19.52:  88.87959,-67.27724,148.6406
19.53:  88.87959,-67.49121,148.5372
19.55:  88.87959,-67.70458,148.4338
19.57:  88.87959,-67.91404,148.3494
19.58:  88.87959,-68.12003,148.2777
19.6:  88.87959,-68.12003,148.206
19.62:  88.87959,-68.12003,148.1343
19.63:  88.87959,-68.12003,148.0626
19.65:  88.87959,-68.12003,147.9909
19.67:  88.87959,-68.12003,147.9256
19.68:  88.87959,-68.12003,147.8729
19.7:  88.87959,-68.12003,147.8329
19.72:  88.87959,-68.12003,147.8055
19.73:  88.87959,-68.12003,147.7782
19.75:  88.87959,-68.12003,147.7509
19.77:  88.87959,-68.12003,147.7235
19.78:  88.87959,-68.12003,147.6962
19.8:  88.87959,-68.12003,147.6689
19.82:  88.87959,-68.12003,147.6416
19.83:  88.87959,-68.12003,147.6206
19.85:  88.87959,-68.12003,147.5932
19.87:  88.87959,-68.12003,147.5722
19.88:  88.87959,-68.12003,147.5449
19.9:  88.87959,-68.12003,147.5176
19.92:  88.87959,-68.12003,147.4902
19.93:  88.87959,-68.12003,147.4629
19.95:  88.87959,-68.12003,147.4356
19.97:  88.87959,-68.12003,147.4082
19.98:  88.87959,-68.12003,147.3746
20:  88.87959,-68.12003,147.3472
20.02:  88.87959,-68.12003,147.3199
20.03:  88.87959,-68.12003,147.2926
20.05:  88.87959,-68.12003,147.2652
20.07:  88.87959,-68.12003,147.2379
20.08:  88.87959,-68.12003,147.2106
20.1:  88.87959,-68.12003,147.1832
20.12:  88.87959,-68.12003,147.1559
20.13:  88.87959,-68.12003,147.1349
20.15:  88.87959,-68.12003,147.1076
20.17:  88.87959,-68.12003,147.0802
20.18:  88.87959,-68.12003,147.0529
20.2:  88.87959,-68.12003,147.0319
20.22:  88.87959,-68.12003,147.0046
20.23:  88.87959,-68.12003,146.9836
20.25:  88.87959,-68.12003,146.9626
20.27:  88.87959,-68.12003,146.9353
20.28:  88.87959,-68.12003,146.9143
20.3:  88.87959,-68.12003,146.8933
20.32:  88.87959,-68.12003,146.866
20.33:  88.87959,-68.12003,146.8386
20.35:  88.87959,-68.12003,146.8176
20.37:  88.87959,-68.12003,146.7903
20.38:  88.87959,-68.12003,146.763
20.4:  88.87959,-68.12003,146.742
20.42:  88.87959,-68.12003,146.7146
20.43:  88.87959,-68.12003,146.6873
20.45:  88.87959,-68.12003,146.66
20.47:  88.87959,-68.12003,146.639
20.48:  88.87959,-68.12003,146.6116
20.5:  88.87959,-68.12003,146.5843
20.52:  88.87959,-68.12003,146.557
20.53:  88.87959,-68.12003,146.536
20.55:  88.87959,-68.12003,146.5086
20.57:  88.87959,-68.12003,146.4876
20.58:  88.87959,-68.12003,146.4667
20.6:  88.87959,-68.12003,146.4393
20.62:  88.87959,-68.12003,146.4373
20.63:  88.87959,-68.12003,146.4354
20.65:  88.87959,-68.12003,146.427
20.67:  88.87959,-68.12003,146.4187
20.68:  88.87959,-68.12003,146.4041
20.7:  88.87959,-68.12003,146.3831
20.72:  88.87959,-68.12003,146.3621
20.73:  88.87959,-68.12003,146.3411
20.75:  88.87959,-68.12003,146.3201
20.77:  88.87959,-68.12003,146.2991
20.78:  88.87959,-68.12003,146.2781
20.8:  88.87959,-68.12003,146.2571
20.82:  88.87959,-68.12003,146.2424
20.83:  88.87959,-68.12003,146.2215
20.85:  88.87959,-68.12003,146.2068
20.87:  88.87959,-68.12003,146.1858
20.88:  88.87959,-68.12003,146.1648
20.9:  88.87959,-68.12003,146.1438
20.92:  88.87959,-68.12003,146.1228
20.93:  88.87959,-68.12003,146.1018
20.95:  88.87959,-68.12003,146.0745
20.97:  88.87959,-68.12003,146.0472
20.98:  88.87959,-68.12003,146.0198
21:  88.87959,-68.12003,145.9925
21.02:  88.87959,-68.12003,145.9652
21.03:  88.87959,-68.12003,145.9378
21.05:  88.87959,-68.12003,145.9168
21.07:  88.87959,-68.12003,145.8895
21.08:  88.87959,-68.12003,145.8685
21.1:  88.87959,-68.12003,145.8412
21.12:  88.87959,-68.12003,145.8138
21.13:  88.87959,-68.12003,145.7802
21.15:  88.87959,-68.12003,145.7402
21.17:  88.87959,-68.12003,145.6875
21.18:  88.87959,-68.12003,145.6158
21.2:  88.87959,-68.12003,145.5504
21.22:  88.87959,-68.12003,145.4851
21.23:  88.87959,-68.12003,145.4197
21.25:  88.87959,-68.12003,145.348
21.27:  88.87959,-68.12003,145.2827
21.28:  88.87959,-68.12003,145.211
21.3:  88.87959,-68.12003,145.1393
21.32:  88.87959,-68.12003,145.0739
21.33:  88.87959,-68.12003,145.0085
21.35:  88.87959,-68.12003,144.9495
21.37:  88.87959,-68.12003,144.8968
21.38:  88.87959,-68.12003,144.8441
21.4:  88.87959,-68.12003,144.7851
21.42:  88.87959,-68.12003,144.7325
21.43:  88.87959,-68.12003,144.6734
21.45:  88.87959,-68.12003,144.6207
21.47:  88.87959,-68.12003,144.5617
21.48:  88.87959,-68.12003,144.509
21.5:  88.87959,-68.12003,144.45
21.52:  88.87959,-68.12003,144.391
21.53:  88.87959,-68.12003,144.3256
21.55:  88.87959,-68.12003,144.2666
21.57:  88.87959,-68.12003,144.2076
21.58:  88.87959,-68.12003,144.1486
21.6:  88.87959,-68.12003,144.0832
21.62:  88.87959,-68.12003,144.0242
21.63:  88.87959,-68.12003,143.9652
21.65:  88.87959,-68.12003,143.8935
21.67:  88.87959,-68.12003,143.8281
21.68:  88.87959,-68.12003,143.7627
21.7:  88.87959,-68.12003,143.6911
21.72:  88.87959,-68.12003,143.6193
21.73:  88.87959,-68.12003,143.554
21.75:  88.87959,-68.12003,143.4886
21.77:  88.87959,-68.12003,143.4233
21.78:  88.87959,-68.12003,143.3452
21.8:  88.87959,-68.12003,143.2799
21.82:  88.87959,-68.12003,143.2145
21.83:  88.87959,-68.12003,143.1492
21.85:  88.87959,-68.12003,143.0775
21.87:  88.87959,-68.12003,143.0121
21.88:  88.87959,-68.12003,142.9467
21.9:  88.87959,-68.12003,142.875
21.92:  88.87959,-68.12003,142.8033
21.93:  88.87959,-68.12003,142.7317
21.95:  88.87959,-68.12003,142.6663
21.97:  88.87959,-68.12003,142.6009
21.98:  88.87959,-68.12003,142.5292
22:  88.87959,-68.12003,142.4512
22.02:  88.87959,-68.12003,142.3541
22.03:  88.87959,-68.12003,142.2254
22.05:  88.87959,-68.12003,142.0903
22.07:  88.87959,-68.12003,141.8855
22.08:  88.87959,-68.12003,141.5096
22.1:  88.87959,-68.12003,141.0323
22.12:  88.87959,-68.12003,140.4346
22.13:  88.87959,-68.12003,139.8115
22.15:  88.87959,-68.12003,139.1947
22.17:  88.87959,-68.12003,138.616
22.18:  88.87959,-68.12003,138.0816
22.2:  88.87959,-68.12003,137.5853
22.22:  88.87959,-68.12003,137.6126
22.23:  88.87959,-68.12003,137.6106
22.25:  88.82797,-68.07437,137.6087
22.27:  88.64874,-67.97171,137.6003
22.28:  88.42385,-67.85263,137.592
22.3:  88.21004,-67.742,137.5837
22.32:  87.98392,-67.62504,137.5754
22.33:  87.76959,-67.5117,137.5607
22.35:  87.54842,-67.39748,137.5397
22.37:  87.32096,-67.28011,137.5187
22.38:  87.10897,-67.1579,137.5168
22.4:  86.8979,-67.02386,137.5251
22.42:  86.6936,-66.87352,137.5524
22.43:  86.50053,-66.71268,137.6875
22.45:  86.32006,-66.54124,138.0127
22.47:  86.14511,-66.361,138.6611
22.48:  85.98177,-66.17048,139.392
22.5:  85.82359,-65.98109,140.1292
22.52:  85.66441,-65.78547,140.8663
22.53:  85.50835,-65.58846,141.6162
22.55:  85.35661,-65.39151,142.385
22.57:  85.20699,-65.19186,143.1539
22.58:  85.05838,-64.98785,143.9291
22.6:  84.9165,-64.78748,144.698
22.62:  84.77354,-64.57967,145.4732
22.63:  84.63403,-64.3709,146.2484
22.65:  84.49129,-64.16446,147.0236
22.67:  84.34019,-63.96159,147.8051
22.68:  84.17765,-63.77435,148.593
22.7:  83.99693,-63.60233,149.3809
22.72:  83.79531,-63.44978,150.1624
22.73:  83.57738,-63.32451,150.9503
22.75:  83.33637,-63.23133,151.7382
22.77:  83.10357,-63.16834,152.5261
22.78:  82.86397,-63.12677,153.3139
22.8:  82.60441,-63.102,154.1018
22.82:  82.3588,-63.10212,154.8897
22.83:  82.10806,-63.13425,155.6776
22.85:  81.86356,-63.20056,156.4591
22.87:  81.62659,-63.29994,157.247
22.88:  81.39641,-63.39278,158.0349
22.9:  81.16953,-63.48068,158.8228
22.92:  80.93608,-63.56745,159.6106
22.93:  80.70142,-63.65102,160.3985
22.95:  80.46683,-63.74669,161.1801
22.97:  80.235,-63.84279,161.9679
22.98:  80.00407,-63.93744,162.7558
23:  79.77481,-64.03554,163.5437
23.02:  79.54075,-64.1319,164.3316
23.03:  79.30482,-64.22527,165.1194
23.05:  79.06933,-64.31474,165.9073
23.07:  78.82847,-64.40512,166.6952
23.08:  78.59464,-64.48667,167.4831
23.1:  78.3586,-64.5679,168.271
23.12:  78.12066,-64.64616,169.0589
23.13:  77.87958,-64.71924,169.8467
23.15:  77.6352,-64.79222,170.6346
23.17:  77.39357,-64.86078,171.4225
23.18:  77.14851,-64.92669,172.2104
23.2:  76.90083,-64.98966,172.9982
23.22:  76.66216,-65.04443,173.7861
23.23:  76.40859,-65.09895,174.574
23.25:  76.1662,-65.1476,175.3619
23.27:  75.9212,-65.19327,176.1497
23.28:  75.66715,-65.22693,176.9376
23.3:  75.42155,-65.23669,177.7255
23.32:  75.166,-65.24332,178.5134
23.33:  74.9202,-65.24632,179.3013
23.35:  74.67043,-65.23858,180.0891
23.37:  74.42367,-65.213,180.877
23.38:  74.17228,-65.17847,181.6649
23.4:  73.9277,-65.14144,182.4528
23.42:  73.67957,-65.10039,183.2407
23.43:  73.42925,-65.05542,184.0285
23.45:  73.18269,-65.00762,184.8164
23.47:  72.93654,-64.96876,185.6043
23.48:  72.68566,-64.94066,186.3922
23.5:  72.44135,-64.90988,187.1801
23.52:  72.19296,-64.87511,187.9679
23.53:  71.93295,-64.89793,188.7558
23.55:  71.67886,-64.95695,189.5437
23.57:  71.44678,-65.0378,190.3316
23.58:  71.20578,-65.12388,191.1194
23.6:  70.96984,-65.2045,191.9073
23.62:  70.72685,-65.28382,192.6952
23.63:  70.48307,-65.35971,193.4831
23.65:  70.23236,-65.43399,194.271
23.67:  69.99234,-65.50367,195.0588
23.68:  69.74791,-65.571,195.8467
23.7:  69.50218,-65.63506,196.6346
23.72:  69.2544,-65.69603,197.4225
23.73:  69.00544,-65.75368,198.2104
23.75:  68.75661,-65.80555,198.9982
23.77:  68.50861,-65.85583,199.7861
23.78:  68.25966,-65.90063,200.574
23.8:  67.99975,-65.94371,201.3619
23.82:  67.75611,-65.98066,202.1497
23.83:  67.50302,-66.0155,202.9376
23.85:  67.24471,-66.04743,203.7255
23.87:  67.00049,-66.07627,204.5134
23.88:  66.74569,-66.1041,205.3013
23.9:  66.50497,-66.16317,206.0891
23.92:  66.27261,-66.27496,206.877
23.93:  66.07629,-66.42571,207.6649
23.95:  65.89719,-66.60188,208.4528
23.97:  65.73086,-66.78969,209.2407
23.98:  65.56184,-66.98342,210.0095
24:  65.39342,-67.17134,210.7721
24.02:  65.22068,-67.35906,211.5282
24.03:  65.04585,-67.54403,212.2908
24.05:  64.86739,-67.72789,213.0533
24.07:  64.68898,-67.90694,213.8031
24.08:  64.50317,-68.08525,214.5467
24.1:  64.31903,-68.14539,215.2902
24.12:  64.12331,-68.14616,216.0337
24.13:  63.93417,-68.14692,216.7772
24.15:  63.74285,-68.14782,217.5207
24.17:  63.55062,-68.14849,218.2642
24.18:  63.35279,-68.14928,219.0014
24.2:  63.14823,-68.1508,219.7386
24.22:  62.9459,-68.15282,220.4694
24.23:  62.73654,-68.15363,221.1876
24.25:  62.53189,-68.15446,221.9058
24.27:  62.32258,-68.15527,222.6112
24.28:  62.10366,-68.16125,223.2787
24.3:  61.87741,-68.16716,223.9398
24.32:  61.64596,-68.1692,224.5819
24.33:  61.41932,-68.16935,225.224
24.35:  61.1837,-68.17588,225.8661
24.37:  60.94646,-68.17741,226.5019
24.38:  60.70665,-68.17861,227.144
24.4:  60.47629,-68.17879,227.7861
24.42:  60.23897,-68.17967,228.4346
24.43:  60.00024,-68.18054,229.083
24.45:  59.76098,-68.18108,229.7315
24.47:  59.52117,-68.18301,230.3862
24.48:  59.27288,-68.18391,231.0474
24.5:  59.0397,-68.18446,231.7085
24.52:  58.79598,-68.18466,232.3633
24.53:  58.55111,-68.18626,233.0181
24.55:  58.31187,-68.18682,233.6792
24.57:  58.05892,-68.18739,234.3403
24.58:  57.81988,-68.18898,234.9951
24.6:  57.58054,-68.18919,235.6499
24.62:  57.32905,-68.19046,236.311
24.63:  57.09019,-68.19209,236.9721
24.65:  56.84461,-68.19209,237.6269
24.67:  56.59924,-68.19392,238.288
24.68:  56.35554,-68.19484,238.9491
24.7:  56.11242,-68.19576,239.6103
24.72:  55.86358,-68.19631,240.265
24.73:  55.61693,-68.19652,240.9198
24.75:  55.36957,-68.19851,241.581
24.77:  55.12587,-68.19944,242.2421
24.78:  54.87735,-68.19944,242.9032
24.8:  54.63591,-68.19566,243.5643
24.82:  54.38868,-68.18893,244.2254
24.83:  54.14082,-68.18268,244.8802
24.85:  53.89354,-68.17358,245.5413
24.87:  53.64767,-68.15955,246.1961
24.88:  53.39953,-68.14253,246.8509
24.9:  53.1581,-68.12204,247.5184
24.92:  52.91079,-68.09812,248.1922
24.93:  52.66763,-68.0739,248.866
24.95:  52.42286,-68.04437,249.5461
24.97:  52.1801,-68.01208,250.2452
24.98:  51.93398,-67.97952,250.9697
25:  51.69664,-67.94398,251.6942
25.02:  51.45387,-67.90227,252.4187
25.03:  51.21101,-67.8596,253.1432
25.05:  50.97134,-67.81214,253.8677
25.07:  50.72924,-67.76439,254.5922
25.08:  50.4873,-67.71235,255.3167
25.1:  50.24759,-67.65871,256.0476
25.12:  50.00911,-67.60217,256.7721
25.13:  49.77167,-67.54154,257.5029
25.15:  49.53816,-67.47873,258.2338
25.17:  49.29046,-67.40993,258.9583
25.18:  49.06059,-67.33956,259.6891
25.2:  48.83201,-67.26862,260.4199
25.22:  48.59512,-67.19297,261.1444
25.23:  48.36258,-67.11427,261.8753
25.25:  48.13211,-67.03067,262.6061
25.27:  47.90254,-66.94756,263.3369
25.28:  47.67183,-66.8595,264.0678
25.3:  47.43609,-66.7673,264.7986
25.32:  47.20955,-66.67299,265.5294
25.33:  46.98628,-66.57548,266.2603
25.35:  46.75685,-66.47425,266.9848
25.37:  46.53645,-66.37833,267.7156
25.38:  46.31108,-66.27682,268.4401
25.4:  46.09039,-66.17406,269.1646
25.42:  45.86574,-66.06595,269.8955
25.43:  45.63467,-65.94852,270.6263
25.45:  45.41791,-65.83733,271.3508
25.47:  45.19452,-65.73396,272.0817
25.48:  44.96765,-65.64085,272.8125
25.5:  44.74038,-65.54419,273.537
25.52:  44.50801,-65.44441,274.2678
25.53:  44.28133,-65.3411,274.9987
25.55:  44.04854,-65.23141,275.7295
25.57:  43.82832,-65.12669,276.4603
25.58:  43.60649,-65.01515,277.1912
25.6:  43.38892,-64.90229,277.9157
25.62:  43.16593,-64.78566,278.6402
25.63:  42.94974,-64.66905,279.371
25.65:  42.73956,-64.53063,280.0955
25.67:  42.54942,-64.37022,280.8264
25.68:  42.39449,-64.17639,281.5572
25.7:  42.27381,-63.95967,282.288
25.72:  42.17677,-63.73539,283.0125
25.73:  42.10278,-63.4996,283.737
25.75:  42.05201,-63.2522,284.4679
25.77:  42.02351,-63.00595,285.1987
25.78:  42.02037,-62.75476,285.9295
25.8:  42.02507,-62.51123,286.6604
25.82:  42.03297,-62.26475,287.3912
25.83:  42.04198,-62.0088,288.1157
25.85:  42.0559,-61.76673,288.8465
25.87:  42.07296,-61.5241,289.5774
25.88:  42.09127,-61.27671,290.3336
25.9:  42.11487,-61.0335,291.0961
25.92:  42.13977,-60.78675,291.865
25.93:  42.16828,-60.53805,292.6402
25.95:  42.19987,-60.29195,293.4154
25.97:  42.23669,-60.04984,294.2032
25.98:  42.27077,-59.80125,294.9911
26:  42.30311,-59.55629,295.779
26.02:  42.3225,-59.29525,296.5669
26.03:  42.32164,-59.04823,297.3548
26.05:  42.28561,-58.79344,298.1426
26.07:  42.2276,-58.56195,298.9305
26.08:  42.14526,-58.31528,299.7184
26.1:  42.06956,-58.08861,300.5063
26.12:  41.9913,-57.84308,301.2942
26.13:  41.91901,-57.605,302.082
26.15:  41.85003,-57.36603,302.8699
26.17:  41.78532,-57.12975,303.6578
26.18:  41.72184,-56.88475,304.4457
26.2:  41.66239,-56.6416,305.2336
26.22:  41.6066,-56.39901,306.0214
26.23:  41.55398,-56.15487,306.8093
26.25:  41.53893,-55.90369,307.5972
26.27:  41.58674,-55.65929,308.3851
26.28:  41.68262,-55.41735,309.1729
26.3:  41.78855,-55.19553,309.9608
26.32:  41.93205,-54.97859,310.7487
26.33:  42.09414,-54.79562,311.5366
26.35:  42.26293,-54.61029,312.3245
26.37:  42.43715,-54.42419,313.1123
26.38:  42.62583,-54.26304,313.9002
26.4:  42.83241,-54.12255,314.6881
26.42:  43.06579,-53.98944,315.476
26.43:  43.29213,-53.88495,316.2639
26.45:  43.54381,-53.79565,317.0517
26.47:  43.78322,-53.71771,317.8396
26.48:  44.02907,-53.64372,318.6275
26.5:  44.26596,-53.5622,319.4154
26.52:  44.49463,-53.4585,320.2032
26.53:  44.71106,-53.3307,320.9911
26.55:  44.91,-53.17717,321.779
26.57:  45.10433,-53.02842,322.5669
26.58:  45.29277,-52.85729,323.3548
26.6:  45.42226,-52.64687,324.1426
26.62:  45.50592,-52.41093,324.9305
26.63:  45.56031,-52.17055,325.7184
26.65:  45.59114,-51.92333,326.5063
26.67:  45.60822,-51.67533,327.2942
26.68:  45.59817,-51.42663,328.082
26.7:  45.59163,-51.18079,328.8699
26.72:  45.58842,-50.93191,329.6578
26.73:  45.58864,-50.68178,330.4457
26.75:  45.59227,-50.43355,331.2336
26.77:  45.59923,-50.18838,332.0214
26.78:  45.60981,-49.93729,332.8093
26.8:  45.62372,-49.68865,333.5972
26.82:  45.64056,-49.44714,334.3851
26.83:  45.66158,-49.19571,335.1729
26.85:  45.68564,-48.94876,335.9608
26.87:  45.71281,-48.70473,336.7487
26.88:  45.74393,-48.45634,337.5366
26.9:  45.77457,-48.21241,338.3245
26.92:  45.77859,-47.96066,339.1123
26.93:  45.76141,-47.70618,339.8115
26.95:  45.74018,-47.45037,340.2888
26.97:  45.71789,-47.19823,340.5126
26.98:  45.69741,-46.93917,340.5126
27:  45.66526,-46.68953,340.4916
27.02:  45.59962,-46.44542,340.4643
27.03:  45.52954,-46.19589,340.3862
27.05:  45.46352,-45.96296,340.2512
27.07:  45.39429,-45.72254,340.0084
27.08:  45.32266,-45.48022,339.6071
27.1:  45.25064,-45.24382,339.1298
27.12:  45.17955,-45.00286,338.5193
27.13:  45.11652,-44.75644,337.8392
27.15:  45.06448,-44.5078,337.083
27.17:  45.02224,-44.25991,336.2951
27.18:  44.99583,-44.01099,335.5073
27.2:  44.97963,-43.76688,334.7194
27.22:  44.96311,-43.52096,333.9315
27.23:  44.95201,-43.27684,333.1436
27.25:  44.95634,-43.02029,332.3557
27.27:  44.96338,-42.77767,331.5679
27.28:  44.96714,-42.5312,330.78
27.3:  44.97096,-42.2768,329.9921
27.32:  44.99748,-42.04112,329.2042
27.33:  45.03418,-41.79803,328.4164
27.35:  45.08027,-41.55098,327.6285
27.37:  45.13316,-41.3233,326.8406
27.38:  45.18968,-41.088,326.0527
27.4:  45.24329,-40.8498,325.2648
27.42:  45.29608,-40.6081,324.477
27.43:  45.3427,-40.36183,323.6891
27.45:  45.38568,-40.12583,322.9012
27.47:  45.42632,-39.88382,322.1133
27.48:  45.46376,-39.64038,321.3254
27.5:  45.49747,-39.39919,320.5376
27.52:  45.5282,-39.15495,319.7497
27.53:  45.55412,-38.90826,318.9681
27.55:  45.54893,-38.65243,318.2373
27.57:  45.50216,-38.42237,317.5445
27.58:  45.44883,-38.17698,316.8707
27.6:  45.39256,-37.93751,316.1969
27.62:  45.32984,-37.68403,315.5231
27.63:  45.26822,-37.4469,314.8557
27.65:  45.20512,-37.21049,314.1882
27.67:  45.13819,-36.97106,313.5144
27.68:  45.06623,-36.7295,312.8343
27.7:  44.99254,-36.49278,312.1288
27.72:  44.91686,-36.25632,311.3853
27.73:  44.83575,-36.01802,310.6227
27.75:  44.74966,-35.78242,309.8348
27.77:  44.66256,-35.54788,309.047
27.78:  44.5692,-35.30671,308.2591
27.8:  44.47984,-35.08497,307.4712
27.82:  44.38157,-34.85047,306.6833
27.83:  44.28397,-34.62316,305.8954
27.85:  44.18089,-34.39502,305.1076
27.87:  44.07659,-34.16943,304.3197
27.88:  43.9664,-33.93946,303.5318
27.9:  43.85976,-33.72453,302.7439
27.92:  43.74167,-33.49453,301.9561
27.93:  43.62656,-33.28033,301.1682
27.95:  43.50427,-33.05744,300.3803
27.97:  43.38516,-32.84726,299.5924
27.98:  43.25557,-32.62576,298.8045
28:  43.12932,-32.41661,298.0167
28.02:  42.99942,-32.20795,297.2288
28.03:  42.86175,-31.99579,296.4409
28.05:  42.72313,-31.78846,295.653
28.07:  42.58133,-31.58258,294.8651
28.08:  42.43628,-31.37586,294.0773
28.1:  42.29367,-31.17844,293.2894
28.12:  42.1441,-30.97858,292.6093
28.13:  41.99081,-30.78078,292.1319
28.15:  41.84133,-30.58353,291.9778
28.17:  41.69146,-30.38601,291.9442
28.18:  41.5378,-30.1857,291.9295
28.2:  41.38946,-29.99039,291.9149
28.22:  41.23674,-29.7915,291.9002
28.23:  41.08549,-29.59268,291.8729
28.25:  40.92785,-29.38788,291.8329
28.27:  40.77793,-29.19142,291.7865
28.28:  40.62608,-28.99494,291.7211
28.3:  40.46902,-28.81447,291.6368
28.32:  40.28621,-28.64222,291.4954
28.33:  40.08931,-28.47852,291.3033
28.35:  39.87752,-28.34801,291.0921
28.37:  39.6476,-28.25524,290.8493
28.38:  39.413,-28.1673,290.5494
28.4:  39.18037,-28.0818,290.1799
28.42:  38.94477,-27.99719,289.7532
28.43:  38.70566,-27.91372,289.2442
28.45:  38.46074,-27.8312,288.6211
28.47:  38.2298,-27.75642,287.941
28.48:  37.9908,-27.68248,287.1911
28.5:  37.74693,-27.61069,286.4033
28.52:  37.51224,-27.54509,285.6154
28.53:  37.27047,-27.48109,284.8275
28.55:  37.02767,-27.42038,284.0396
28.57:  36.78516,-27.36327,283.2517
28.58:  36.54091,-27.30928,282.4639
28.6:  36.29779,-27.25904,281.676
28.62:  36.05288,-27.21193,280.8881
28.63:  35.80387,-27.16757,280.1002
28.65:  35.55839,-27.11737,279.3123
28.67:  35.31469,-27.06106,278.5245
28.68:  35.0707,-26.98809,277.7366
28.7:  34.83442,-26.91049,276.9804
28.72:  34.59657,-26.82989,276.3129
28.73:  34.34994,-26.74632,275.7659
28.75:  34.11193,-26.66755,275.3583
28.77:  33.87851,-26.59134,275.1281
28.78:  33.63729,-26.5156,275.0248
28.8:  33.39407,-26.43957,274.9531
28.82:  33.16185,-26.36418,274.9067
28.83:  32.91356,-26.28703,274.854
28.85:  32.68489,-26.21621,274.8014
28.87:  32.4382,-26.14002,274.755
28.88:  32.2049,-26.06766,274.7023
28.9:  31.96833,-25.99458,274.637
28.92:  31.73382,-25.9227,274.5146
28.93:  31.49248,-25.84729,274.2717
28.95:  31.25448,-25.7773,273.8578
28.97:  31.01689,-25.70771,273.2474
28.98:  30.76746,-25.63832,272.4659
29:  30.52991,-25.57518,271.678
29.02:  30.29658,-25.51658,270.8901
29.03:  30.05636,-25.45975,270.1022
29.05:  29.81448,-25.40602,269.3143
29.07:  29.58187,-25.33428,268.5265
29.08:  29.35471,-25.24979,267.7386
29.1:  29.12952,-25.16716,266.9507
29.12:  28.90031,-25.08901,266.1628
29.13:  28.66862,-25.01355,265.3749
29.15:  28.43728,-24.93934,264.5871
29.17:  28.21381,-24.8587,263.7992
29.18:  27.98535,-24.76921,263.0113
29.2:  27.75957,-24.68434,262.2234
29.22:  27.53041,-24.603,261.4355
29.23:  27.29326,-24.52122,260.6477
29.25:  27.06616,-24.44758,259.8598
29.27:  26.83429,-24.3759,259.0719
29.28:  26.599,-24.30669,258.284
29.3:  26.36784,-24.24095,257.4962
29.32:  26.13102,-24.17832,256.7083
29.33:  25.89351,-24.11898,255.9204
29.35:  25.64611,-24.06078,255.1325
29.37:  25.41644,-24.01007,254.3446
29.38:  25.17475,-23.96018,253.5568
29.4:  24.93865,-23.91482,252.7689
29.42:  24.69555,-23.87157,251.981
29.43:  24.44921,-23.83003,251.1931
29.45:  24.21197,-23.79337,250.4052
29.47:  23.97573,-23.76018,249.6174
29.48:  23.73002,-23.7291,248.8295
29.5:  23.4946,-23.70261,248.0416
29.52:  23.2546,-23.68009,247.2537
29.53:  23.00854,-23.66041,246.4659
29.55:  22.7648,-23.64429,245.678
29.57:  22.51429,-23.62998,244.8901
29.58:  22.27712,-23.62083,244.1022
29.6:  22.03548,-23.61484,243.3143
29.62:  21.78154,-23.61204,242.5265
29.63:  21.54275,-23.61268,241.7386
29.65:  21.30172,-23.61665,240.9507
29.67:  21.06084,-23.62278,240.1628
29.68:  20.81645,-23.63237,239.3749
29.7:  20.57873,-23.63172,238.5871
29.72:  20.33067,-23.60484,237.7992
29.73:  20.09904,-23.57259,237.0113
29.75:  19.85701,-23.5264,236.2234
29.77:  19.62506,-23.47499,235.4355
29.78:  19.3943,-23.40254,234.6477
29.8:  19.16733,-23.32915,233.8598
29.82:  18.93856,-23.25085,233.0719
29.83:  18.71512,-23.17213,232.284
29.85:  18.48665,-23.07723,231.4962
29.87:  18.27365,-22.99217,230.7083
29.88:  18.05037,-22.90528,229.9204
29.9:  17.82721,-22.81966,229.1325
29.92:  17.60185,-22.73903,228.3447
29.93:  17.37555,-22.65927,227.5568
29.95:  17.14335,-22.58207,226.7689
29.97:  16.91737,-22.51158,225.981
29.98:  16.68212,-22.44174,225.1931
30:  16.4541,-22.37744,224.4053
30.02:  16.2244,-22.31384,223.6174
30.03:  15.99117,-22.2527,222.8295
30.05:  15.75206,-22.19353,222.0416
30.07:  15.52332,-22.14025,221.2537
30.08:  15.2899,-22.09145,220.4659
30.1:  15.0553,-22.04458,219.678
30.12:  14.81724,-22.00379,218.8901
30.13:  14.57508,-21.97006,218.1022
30.15:  14.32415,-21.94083,217.3143
30.17:  14.09107,-21.91692,216.5265
30.18:  13.84033,-21.90029,215.7386
30.2:  13.59998,-21.89769,214.9507
30.22:  13.35654,-21.90723,214.1628
30.23:  13.11266,-21.92016,213.375
30.25:  12.86889,-21.93644,212.5871
30.27:  12.62774,-21.95589,211.7992
30.28:  12.383,-21.97901,211.0113
30.3:  12.1329,-22.00462,210.2234
30.32:  11.89512,-22.0337,209.4355
30.33:  11.65707,-22.06614,208.6477
30.35:  11.40597,-22.10389,207.8598
30.37:  11.17576,-22.14174,207.0719
30.38:  10.93252,-22.1872,206.284
30.4:  10.69488,-22.235,205.4962
30.42:  10.45712,-22.28424,204.7083
30.43:  10.20822,-22.34148,203.9204
30.45:  9.971306,-22.39939,203.1325
30.47:  9.739068,-22.45611,202.3447
30.48:  9.5023,-22.5189,201.5568
30.5:  9.268496,-22.58435,200.7689
30.52:  9.035556,-22.65303,199.981
30.53:  8.800346,-22.72439,199.1931
30.55:  8.568596,-22.79971,198.4052
30.57:  8.339322,-22.87772,197.6174
30.58:  8.107181,-22.96029,196.8295
30.6:  7.880761,-23.04282,196.0416
30.62:  7.65006,-23.13053,195.2537
30.63:  7.422058,-23.22238,194.4659
30.65:  7.196893,-23.31671,193.678
30.67:  6.975042,-23.40745,192.8901
30.68:  6.744225,-23.50401,192.1022
30.7:  6.523311,-23.59207,191.3143
30.72:  6.289898,-23.66603,190.5265
30.75:  6.038626,-23.72309,189.7386
30.77:  5.793264,-23.74135,188.9507
30.78:  5.541466,-23.7227,188.1628
30.8:  5.297487,-23.69112,187.375
30.82:  5.051767,-23.66275,186.5871
30.83:  4.803973,-23.63758,185.7992
30.85:  4.554741,-23.61572,185.0113
30.87:  4.305137,-23.59729,184.2234
30.88:  4.0577,-23.58244,183.4355
30.9:  3.804418,-23.57072,182.6477
30.92:  3.557936,-23.56272,181.8598
30.93:  3.307738,-23.55804,181.0719
30.95:  3.056383,-23.55679,180.284
30.97:  2.809518,-23.55897,179.4962
30.98:  2.549356,-23.56483,178.7083
31:  2.303416,-23.57376,177.9204
31.02:  2.056887,-23.58611,177.1325
31.03:  1.808796,-23.60196,176.3447
31.05:  1.557651,-23.62147,175.5568
31.07:  1.308149,-23.64432,174.7689
31.08:  1.061854,-23.67029,173.981
31.1:  0.8837031,-23.69155,173.1931
31.12:  0.8352446,-23.69801,172.4053
31.13:  0.8352446,-23.69801,171.6174
31.15:  0.8539423,-23.70268,170.8295
31.17:  0.9634778,-23.72431,170.0416
31.18:  1.200328,-23.76176,169.2537
31.2:  1.449307,-23.78165,168.4659
31.22:  1.695138,-23.79254,167.678
31.23:  1.94547,-23.79185,166.8901
31.25:  2.198701,-23.78527,166.1022
31.27:  2.449539,-23.77529,165.3143
31.28:  2.697695,-23.76199,164.5265
31.3:  2.94783,-23.74514,163.7386
31.32:  3.198802,-23.72477,162.9507
31.33:  3.446669,-23.70174,162.1628
31.35:  3.695277,-23.67518,161.375
31.37:  3.941372,-23.64494,160.5871
31.38:  4.197429,-23.61045,159.7992
31.4:  4.43887,-23.57691,159.0113
31.42:  4.683311,-23.53951,158.2234
31.43:  4.931897,-23.50763,157.4356
31.45:  5.183844,-23.47658,156.6477
31.47:  5.430066,-23.44964,155.8598
31.48:  5.672366,-23.44137,155.0719
31.5:  5.923691,-23.44952,154.284
31.52:  6.178781,-23.46942,153.4962
31.53:  6.43133,-23.49024,152.7083
31.55:  6.684566,-23.51788,151.9204
31.57:  6.926127,-23.54986,151.1325
31.58:  7.165554,-23.59777,150.3446
31.6:  7.407082,-23.65687,149.5568
31.62:  7.642786,-23.7306,148.7689
31.63:  7.871438,-23.81157,147.981
31.65:  8.105532,-23.89987,147.1931
31.67:  8.334958,-23.99222,146.4052
31.68:  8.569654,-24.09032,145.6174
31.7:  8.791142,-24.21066,144.8295
31.72:  9.012158,-24.33047,144.0416
31.73:  9.23722,-24.45217,143.2537
31.75:  9.471379,-24.57726,142.4659
31.77:  9.687471,-24.69628,141.678
31.78:  9.9037,-24.81657,140.8901
31.8:  10.11965,-24.94886,140.1022
31.82:  10.33055,-25.08857,139.3143
31.83:  10.54186,-25.22441,138.5265
31.85:  10.75451,-25.35979,137.7386
31.87:  10.97164,-25.49108,136.9507
31.88:  11.18934,-25.61865,136.1628
31.9:  11.41157,-25.74481,135.375
31.92:  11.62995,-25.86897,134.5871
31.93:  11.86213,-26.00032,133.7992
31.95:  12.08193,-26.12337,133.0113
31.97:  12.3051,-26.24971,132.2234
31.98:  12.52777,-26.37177,131.4356
32:  12.75449,-26.49474,130.6477
32.02:  12.9751,-26.61585,129.8598
32.03:  13.19972,-26.73518,129.0719
32.05:  13.42269,-26.85511,128.284
32.07:  13.64791,-26.97503,127.4962
32.08:  13.87144,-27.09014,126.7083
32.1:  14.10158,-27.20467,125.9204
32.12:  14.3265,-27.31277,125.1325
32.13:  14.55544,-27.41896,124.3447
32.15:  14.79165,-27.5246,123.5568
32.17:  15.02421,-27.62478,122.7689
32.18:  15.25587,-27.72083,121.981
32.2:  15.49454,-27.81596,121.1931
32.22:  15.7286,-27.90553,120.4053
32.23:  15.96557,-27.99251,119.6174
32.25:  16.20763,-28.0776,118.8295
32.27:  16.4479,-28.15836,118.0416
32.28:  16.68628,-28.17556,117.2537
32.3:  16.93053,-28.17661,116.4658
32.32:  17.18064,-28.17766,115.678
32.33:  17.42079,-28.17872,114.8901
32.35:  17.66521,-28.17978,114.1022
32.37:  17.90862,-28.18085,113.3143
32.38:  18.16266,-28.18192,112.5265
32.4:  18.40611,-28.18299,111.7386
32.42:  18.65194,-28.18407,110.9507
32.43:  18.8985,-28.18515,110.1628
32.45:  19.15145,-28.18623,109.3749
32.47:  19.40206,-28.18732,108.5871
32.48:  19.65899,-28.1884,107.7992
32.5:  19.91101,-28.1895,107.0113
32.52:  20.1563,-28.19059,106.2234
32.53:  20.41415,-28.19168,105.4355
32.55:  20.65967,-28.19277,104.6477
32.57:  20.91473,-28.19387,103.8598
32.58:  21.16424,-28.19497,103.0719
32.6:  21.41979,-28.19607,102.284
32.62:  21.67127,-28.19716,101.4961
32.63:  21.93382,-28.19827,100.7083
32.65:  22.18393,-28.19937,99.92039
32.67:  22.4378,-28.1979,99.13251
32.68:  22.688,-28.19302,98.34462
32.7:  22.94056,-28.18462,97.55674
32.72:  23.18983,-28.17289,96.76887
32.73:  23.44353,-28.15746,95.98099
32.75:  23.69551,-28.13865,95.19312
32.77:  23.95099,-28.11604,94.40523
32.78:  24.20096,-28.09045,93.61735
32.8:  24.45475,-28.06094,92.82947
32.82:  24.70187,-28.03595,92.0416
32.83:  24.9643,-28.01089,91.25372
32.85:  25.21106,-27.9863,90.46584
32.87:  25.45585,-27.96332,89.67796
32.88:  25.71383,-27.93551,88.89008
32.9:  25.95631,-27.90838,88.1022
32.92:  26.20358,-27.87728,87.31432
32.93:  26.45008,-27.84282,86.52644
32.95:  26.70034,-27.80432,85.73856
32.97:  26.94824,-27.76268,84.95068
32.98:  27.1927,-27.71816,84.1628
33:  27.43667,-27.67025,83.37492
33.02:  27.68262,-27.61843,82.58704
33.03:  27.92972,-27.56281,81.79916
33.05:  28.17453,-27.50416,81.01129
33.07:  28.41772,-27.44234,80.2234
33.08:  28.66806,-27.37504,79.43554
33.1:  28.90483,-27.30787,78.64765
33.12:  29.14206,-27.23704,77.85978
33.13:  29.37862,-27.16285,77.07191
33.15:  29.6199,-27.0887,76.28403
33.17:  29.85958,-27.01657,75.49615
33.18:  30.09797,-26.95139,74.70827
33.2:  30.3399,-26.88165,73.92039
33.22:  30.58722,-26.80667,73.13251
33.23:  30.81865,-26.73301,72.34464
33.25:  31.05545,-26.65403,71.55676
33.27:  31.29163,-26.57164,70.76888
33.28:  31.52443,-26.48682,69.981
33.3:  31.76151,-26.39676,69.19946
33.32:  31.99432,-26.31536,68.4813
33.33:  32.22974,-26.23518,67.82652
33.35:  32.47172,-26.15528,67.24145
33.37:  32.71014,-26.07692,66.76413
33.38:  32.94648,-26.00024,66.42625
33.4:  33.18561,-25.92195,66.27215
33.42:  33.42397,-25.84358,66.20045
33.43:  33.66265,-25.76498,66.17313
33.45:  33.90276,-25.68578,66.14579
33.47:  34.13884,-25.60779,66.11846
33.48:  34.37804,-25.52864,66.09113
33.5:  34.61844,-25.44893,66.05746
33.52:  34.85357,-25.37085,66.03013
33.53:  35.0937,-25.29095,65.99646
33.55:  35.33374,-25.21092,65.96278
33.57:  35.57241,-25.13119,65.92912
33.58:  35.80745,-25.05256,65.90179
33.6:  36.04876,-24.97166,65.86812
33.62:  36.28473,-24.88984,65.83445
33.63:  36.52121,-24.81026,65.80078
33.65:  36.76022,-24.7271,65.77345
33.67:  36.99798,-24.64425,65.74612
33.68:  37.23206,-24.5651,65.71878
33.7:  37.469,-24.48228,65.69145
33.72:  37.70941,-24.40074,65.66412
33.73:  37.94391,-24.32107,65.6368
33.75:  38.18317,-24.23964,65.60313
33.77:  38.41838,-24.15945,65.57579
33.78:  38.65843,-24.07749,65.54846
33.8:  38.9039,-24.01414,65.52113
33.82:  39.1487,-23.95621,65.48746
33.83:  39.39456,-23.90038,65.46013
33.85:  39.64091,-23.84429,65.42647
33.87:  39.88686,-23.78813,65.3928
33.88:  40.13344,-23.73168,65.35913
33.9:  40.39336,-23.67201,65.32546
33.92:  40.63448,-23.61651,65.29179
33.93:  40.87537,-23.55849,65.25812
33.95:  41.12261,-23.49882,65.23079
33.97:  41.37572,-23.44015,65.20345
33.98:  41.61746,-23.38396,65.16978
34:  41.86217,-23.32697,65.14245
34.02:  42.10725,-23.26976,65.11513
34.03:  42.35152,-23.21259,65.08146
34.05:  42.60755,-23.1525,65.04778
34.07:  42.84805,-23.09592,65.01411
34.08:  43.08979,-23.03889,64.98045
34.1:  43.33932,-22.97987,64.94678
34.12:  43.58144,-22.92004,64.91944
34.13:  43.82417,-22.85991,64.88577
34.15:  44.07291,-22.79816,64.85844
34.17:  44.31745,-22.73731,64.82477
34.18:  44.56002,-22.67682,64.79744
34.2:  44.80788,-22.63389,64.7701
34.22:  45.05819,-22.59912,64.73643
34.23:  45.3045,-22.57957,64.70911
34.25:  45.55004,-22.57398,64.67544
34.27:  45.7953,-22.58463,64.64811
34.28:  46.02879,-22.60031,64.61444
34.3:  46.24784,-22.62246,64.5871
34.32:  46.40233,-22.64823,64.55343
34.33:  46.40233,-22.64823,64.53244
34.35:  46.40233,-22.64823,64.50511
34.37:  46.40233,-22.64823,64.48412
34.38:  46.40233,-22.64823,64.46313
34.4:  46.40233,-22.64823,64.43579
34.42:  46.40233,-22.64823,64.4148
34.43:  46.40233,-22.64823,64.39381
34.45:  46.40233,-22.64823,64.37915
34.47:  46.40233,-22.64823,64.36449
34.48:  46.40233,-22.64823,64.34351
34.5:  46.40233,-22.64823,64.32251
34.52:  46.40233,-22.64823,64.30151
34.53:  46.40233,-22.64823,64.28053
34.55:  46.40233,-22.64823,64.25953
34.57:  46.40233,-22.64823,64.24487
34.58:  46.40233,-22.64823,64.22388
34.6:  46.40233,-22.64823,64.20289
34.62:  46.40233,-22.64823,64.1819
34.63:  46.40233,-22.64823,64.1609
34.65:  46.40233,-22.64823,64.13992
34.67:  46.40233,-22.64823,64.11892
34.68:  46.40233,-22.64823,64.10426
34.7:  46.40233,-22.64823,64.08327
34.72:  46.40233,-22.64823,64.06228
34.73:  46.40233,-22.64823,64.04762
34.75:  46.40233,-22.64823,64.02663
34.77:  46.40233,-22.64823,64.01197
34.78:  46.40233,-22.64823,63.99098
34.8:  46.40233,-22.64823,63.96998
34.82:  46.40233,-22.64823,63.94899
34.83:  46.40233,-22.64823,63.928
34.85:  46.40233,-22.64823,63.91335
34.87:  46.40233,-22.64823,63.89235
34.88:  46.40233,-22.64823,63.87136
34.9:  46.40233,-22.64823,63.85036
34.92:  46.40233,-22.64823,63.82937
34.93:  46.40233,-22.64823,63.80837
34.95:  46.40233,-22.64823,63.78738
34.97:  46.40233,-22.64823,63.76639
34.98:  46.40233,-22.64823,63.74539
35:  46.40233,-22.64823,63.7244
35.02:  46.40233,-22.64823,63.70341
35.03:  46.40233,-22.64823,63.68875
35.05:  46.40233,-22.64823,63.67409
35.07:  46.40233,-22.64823,63.65944
35.08:  46.40233,-22.64823,63.63844
35.1:  46.40233,-22.64823,63.61744
35.12:  46.40233,-22.64823,63.59645
35.13:  46.40233,-22.64823,63.57545
35.15:  46.40233,-22.64823,63.55447
35.17:  46.40233,-22.64823,63.53347
35.18:  46.40233,-22.64823,63.51248
35.2:  46.40233,-22.64823,63.49149
35.22:  46.40233,-22.64823,63.47049
35.23:  46.40233,-22.64823,63.44949
35.25:  46.40233,-22.64823,63.4285
35.27:  46.40233,-22.64823,63.40751
35.28:  46.40233,-22.64823,63.38652
35.3:  46.40233,-22.64823,63.36552
35.32:  46.40233,-22.64823,63.34454
35.33:  46.40233,-22.64823,63.32354
35.35:  46.40233,-22.64823,63.30889
35.37:  46.40233,-22.64823,63.2879
35.38:  46.40233,-22.64823,63.2669
35.4:  46.40233,-22.64823,63.2459
35.42:  46.40233,-22.64823,63.22491
35.43:  46.40233,-22.64823,63.19758
35.45:  46.40233,-22.64823,63.17658
35.47:  46.40233,-22.64823,63.15559
35.48:  46.40233,-22.64823,63.13459
35.5:  46.40233,-22.64823,63.11994
35.52:  46.40233,-22.64823,63.09894
35.53:  46.40233,-22.64823,63.07796
35.55:  46.40233,-22.64823,63.0633
35.57:  46.40233,-22.64823,63.04865
35.58:  46.40233,-22.64823,63.02765
35.6:  46.40233,-22.64823,63.013
35.62:  46.40233,-22.64823,62.992
35.63:  46.40233,-22.64823,62.97734
35.65:  46.40233,-22.64823,62.95635
35.67:  46.40233,-22.64823,62.9417
35.68:  46.40233,-22.64823,62.9207
35.7:  46.40233,-22.64823,62.8997
35.72:  46.40233,-22.64823,62.87237
35.73:  46.40233,-22.64823,62.85138
35.75:  46.40233,-22.64823,62.83038
35.77:  46.40233,-22.64823,62.80939
35.78:  46.40233,-22.64823,62.7884
35.8:  46.40233,-22.64823,62.77374
35.82:  46.40233,-22.64823,62.75275
35.83:  46.40233,-22.64823,62.73175
35.85:  46.40233,-22.64823,62.71075
35.87:  46.40233,-22.64823,62.6961
35.88:  46.40233,-22.64823,62.67511
35.9:  46.40233,-22.64823,62.65412
35.92:  46.40233,-22.64823,62.63312
35.93:  46.40233,-22.64823,62.61847
35.95:  46.40233,-22.64823,62.59748
35.97:  46.40233,-22.64823,62.57648
35.98:  46.40233,-22.64823,62.55549
36:  46.40233,-22.64823,62.53449
36.02:  46.40233,-22.64823,62.5135
36.03:  46.40233,-22.64823,62.49251
36.05:  46.40233,-22.64823,62.47151
36.07:  46.40233,-22.64823,62.45686
36.08:  46.40233,-22.64823,62.4422
36.1:  46.40233,-22.64823,62.42754
36.12:  46.40233,-22.64823,62.40654
36.13:  46.40233,-22.64823,62.38556
36.15:  46.40233,-22.64823,62.36456
36.17:  46.40233,-22.64823,62.34357
36.18:  46.40233,-22.64823,62.32257
36.2:  46.40233,-22.64823,62.30158
36.22:  46.40233,-22.64823,62.28058
36.23:  46.40233,-22.64823,62.25959
36.25:  46.40233,-22.64823,62.2386
36.27:  46.40233,-22.64823,62.2176
36.28:  46.40233,-22.64823,62.19661
36.3:  46.40233,-22.64823,62.17561
36.32:  46.40233,-22.64823,62.15462
36.33:  46.40233,-22.64823,62.13996
36.35:  46.40233,-22.64823,62.11897
36.37:  46.40233,-22.64823,62.09798
36.38:  46.40233,-22.64823,62.08332
36.4:  46.40233,-22.64823,62.05598
36.42:  46.40233,-22.64823,62.035
36.43:  46.40233,-22.64823,62.014
36.45:  46.40233,-22.64823,61.99301
36.47:  46.40233,-22.64823,61.97202
36.48:  46.40233,-22.64823,61.95102
36.5:  46.40233,-22.64823,61.93003
36.52:  46.40233,-22.64823,61.90903
36.53:  46.40233,-22.64823,61.88804
36.55:  46.40233,-22.64823,61.87339
36.57:  46.40233,-22.64823,61.8524
36.58:  46.40233,-22.64823,61.83141
36.6:  46.40233,-22.64823,61.81041
36.62:  46.40233,-22.64823,61.78942
36.63:  46.40233,-22.64823,61.76843
36.65:  46.40233,-22.64823,61.74743
36.67:  46.40233,-22.64823,61.72644
36.68:  46.40233,-22.64823,61.70545
36.7:  46.40233,-22.64823,61.68446
36.72:  46.40233,-22.64823,61.66346
36.73:  46.40233,-22.64823,61.64247
36.75:  46.40233,-22.64823,61.62148
36.77:  46.40233,-22.64823,61.60049
36.78:  46.40233,-22.64823,61.57949
36.8:  46.40233,-22.64823,61.55849
36.82:  46.40233,-22.64823,61.5375
