ParticipantNo: 11009
Controller type: Gamepad
Training Level:
0.02:  82.7,18.5,270
0.04:  82.7,18.5,270
0.06:  82.7,18.5,269.979
0.08:  82.7,18.5,269.958
0.09:  82.7,18.5,269.9307
0.11:  82.7,18.5,269.9097
0.13:  82.7,18.5,269.8824
0.14:  82.7,18.5,269.855
0.16:  82.7,18.5,269.8277
0.18:  82.7,18.5,269.8004
0.19:  82.7,18.5,269.7794
0.21:  82.7,18.5,269.7584
0.23:  82.7,18.5,269.7374
0.24:  82.7,18.5,269.7101
0.26:  82.7,18.5,269.6891
0.28:  82.7,18.5,269.6681
0.29:  82.7,18.5,269.6471
0.31:  82.7,18.5,269.6197
0.33:  82.7,18.5,269.5987
0.34:  82.7,18.5,269.5777
0.36:  82.7,18.5,269.5504
0.38:  82.7,18.5,269.5294
0.39:  82.7,18.5,269.5084
0.41:  82.7,18.5,269.4811
0.43:  82.7,18.5,269.4601
0.44:  82.7,18.5,269.4391
0.46:  82.7,18.5,269.4181
0.48:  82.7,18.5,269.3971
0.49:  82.7,18.5,269.3761
0.51:  82.7,18.5,269.3551
0.53:  82.7,18.5,269.3278
0.54:  82.7,18.5,269.3004
0.56:  82.7,18.5,269.2794
0.58:  82.7,18.5,269.2585
0.59:  82.7,18.5,269.2375
0.61:  82.7,18.5,269.2165
0.63:  82.7,18.5,269.1891
0.64:  82.7,18.5,269.1682
0.66:  82.7,18.5,269.1472
0.68:  82.7,18.5,269.1198
0.69:  82.7,18.5,269.0925
0.71:  82.7,18.5,269.0715
0.73:  82.7,18.5,269.0505
0.74:  82.7,18.5,269.0295
0.76:  82.7,18.5,269.0085
0.78:  82.7,18.5,268.9875
0.79:  82.7,18.5,268.9665
0.81:  82.7,18.5,268.9455
0.83:  82.7,18.5,268.9182
0.84:  82.7,18.5,268.8972
0.86:  82.7,18.5,268.8762
0.88:  82.7,18.5,268.8552
0.89:  82.7,18.5,268.8342
0.91:  82.7,18.5,268.8069
0.93:  82.7,18.5,268.7795
0.94:  82.7,18.5,268.7522
0.96:  82.7,18.5,268.7312
0.98:  82.7,18.5,268.7102
0.99:  82.7,18.5,268.6829
1.01:  82.7,18.5,268.6619
1.03:  82.7,18.5,268.6409
1.04:  82.7,18.5,268.6199
1.06:  82.7,18.5,268.5989
1.08:  82.7,18.5,268.5779
1.09:  82.7,18.5,268.5569
1.11:  82.7,18.5,268.5296
1.13:  82.7,18.5,268.5086
1.14:  82.7,18.5,268.4813
1.16:  82.7,18.5,268.4539
1.18:  82.7,18.5,268.433
1.19:  82.7,18.5,268.4056
1.21:  82.7,18.5,268.3846
1.23:  82.7,18.5,268.3636
1.24:  82.7,18.5,268.3427
1.26:  82.7,18.5,268.3217
1.28:  82.7,18.5,268.2943
1.29:  82.7,18.5,268.267
1.31:  82.7,18.5,268.2397
1.33:  82.7,18.5,268.2123
1.34:  82.7,18.5,268.185
1.36:  82.7,18.5,268.164
1.38:  82.7,18.5,268.143
1.39:  82.7,18.5,268.122
1.41:  82.7,18.5,268.101
1.43:  82.7,18.5,268.08
1.44:  82.7,18.5,268.059
1.46:  82.7,18.5,268.038
1.48:  82.7,18.5,268.017
1.49:  82.7,18.5,267.996
1.51:  82.7,18.5,267.975
1.53:  82.7,18.5,267.9477
1.54:  82.7,18.5,267.9204
1.56:  82.7,18.5,267.893
1.58:  82.7,18.5,267.8657
1.59:  82.7,18.5,267.8384
1.61:  82.7,18.5,267.811
1.63:  82.7,18.5,267.79
1.64:  82.7,18.5,267.7691
1.66:  82.7,18.5,267.7481
1.68:  82.7,18.5,267.7271
1.69:  82.7,18.5,267.7061
1.71:  82.7,18.5,267.6851
1.73:  82.7,18.5,267.6641
1.74:  82.7,18.5,267.6431
1.76:  82.7,18.5,267.6221
1.78:  82.7,18.5,267.6011
1.79:  82.7,18.5,267.5738
1.81:  82.7,18.5,267.5528
1.83:  82.7,18.5,267.5255
1.84:  82.7,18.5,267.4981
1.86:  82.7,18.5,267.4708
1.88:  82.7,18.5,267.4435
1.89:  82.7,18.5,267.4161
1.91:  82.7,18.5,267.3888
1.93:  82.7,18.5,267.3678
1.94:  82.7,18.5,267.3468
1.96:  82.7,18.5,267.3258
1.98:  82.7,18.5,267.3048
1.99:  82.7,18.5,267.2838
2.01:  82.7,18.5,267.2628
2.03:  82.7,18.5,267.2418
2.04:  82.67574,18.49882,267.2208
2.06:  82.581,18.49419,267.1998
2.08:  82.41269,18.4859,267.1788
2.09:  82.16316,18.47348,267.1515
2.11:  81.91662,18.46109,267.1242
2.13:  81.66235,18.4482,267.0969
2.14:  81.41412,18.43549,267.0695
2.16:  81.16792,18.4228,267.0485
2.18:  80.91473,18.40965,267.0275
2.19:  80.66422,18.39652,267.0002
2.21:  80.40919,18.38306,266.9792
2.23:  80.15971,18.3796,266.9582
2.24:  79.91267,18.38332,266.9372
2.26:  79.66656,18.38937,266.9225
2.28:  79.4051,18.40079,266.9016
2.29:  79.16118,18.41135,266.8806
2.31:  78.91339,18.4244,266.8596
2.33:  78.65128,18.43814,266.8449
2.34:  78.40596,18.4509,266.8239
2.36:  78.16046,18.4612,266.8029
2.38:  77.89911,18.47461,266.7819
2.39:  77.65317,18.48711,266.7546
2.41:  77.39764,18.49749,266.7273
2.43:  77.15292,18.50732,266.7
2.44:  76.8961,18.52001,266.6726
2.46:  76.64941,18.5321,266.6516
2.48:  76.39914,18.54428,266.6306
2.49:  76.14854,18.55635,266.6033
2.51:  75.90002,18.56579,266.576
2.53:  75.64581,18.57536,266.555
2.54:  75.396,18.58466,266.534
2.56:  75.14664,18.59383,266.5067
2.58:  74.8933,18.60305,266.4857
2.59:  74.64272,18.61452,266.4647
2.61:  74.39491,18.62336,266.4437
2.63:  74.14024,18.63232,266.4163
2.64:  73.89165,18.64339,266.3953
2.66:  73.64097,18.65447,266.3743
2.68:  73.39013,18.66543,266.347
2.69:  73.12624,18.67427,266.3197
2.71:  72.88602,18.68454,266.2923
2.73:  72.63306,18.69277,266.265
2.74:  72.38083,18.70086,266.2377
2.76:  72.12439,18.71146,266.2103
2.78:  71.87793,18.71915,266.1894
2.79:  71.62024,18.72711,266.1684
2.81:  71.38116,18.7344,266.1474
2.83:  71.12634,18.74207,266.1264
2.84:  70.87468,18.74954,266.099
2.86:  70.6282,18.75675,266.078
2.88:  70.37361,18.76412,266.057
2.89:  70.12231,18.77126,266.0297
2.91:  69.87495,18.77821,266.0087
2.93:  69.62257,18.7852,265.9877
2.94:  69.36793,18.79464,265.9667
2.96:  69.12051,18.80371,265.9457
2.98:  68.86576,18.81293,265.9184
2.99:  68.61781,18.82182,265.8974
3.01:  68.36771,18.82824,265.8701
3.03:  68.11214,18.8347,265.8491
3.04:  67.86089,18.8434,265.8281
3.06:  67.6133,18.84945,265.8008
3.08:  67.36269,18.85548,265.7798
3.09:  67.1002,18.86171,265.7588
3.11:  66.85915,18.86967,265.7378
3.13:  66.60463,18.87799,265.7168
3.14:  66.35629,18.88361,265.6958
3.16:  66.09711,18.88937,265.6748
3.18:  65.84884,18.8948,265.6538
3.19:  65.60078,18.90255,265.6328
3.21:  65.34203,18.90802,265.6118
3.23:  65.09261,18.91562,265.5908
3.24:  64.84534,18.92304,265.5635
3.26:  64.58855,18.93065,265.5425
3.28:  64.34202,18.93545,265.5151
3.29:  64.09451,18.94017,265.4941
3.31:  63.8446,18.94485,265.4731
3.33:  63.59019,18.94952,265.4521
3.34:  63.33894,18.95647,265.4312
3.36:  63.09182,18.9608,265.4038
3.38:  62.83834,18.96515,265.3828
3.39:  62.58622,18.96938,265.3618
3.41:  62.33688,18.97344,265.3345
3.43:  62.08392,18.97747,265.3135
3.44:  61.8323,18.9838,265.2862
3.46:  61.58395,18.98755,265.2652
3.48:  61.32979,18.99376,265.2442
3.49:  61.07879,18.99734,265.2169
3.51:  60.83024,19.00317,265.1895
3.53:  60.57615,19.00901,265.1622
3.54:  60.32534,19.01469,265.1412
3.56:  60.07461,19.02024,265.1139
3.58:  59.82153,19.02576,265.0929
3.59:  59.56996,19.02868,265.0656
3.61:  59.31217,19.03405,265.0382
3.63:  59.06343,19.0367,265.0109
3.64:  58.81526,19.03922,264.9836
3.66:  58.5587,19.04174,264.9626
3.68:  58.31498,19.0464,264.9416
3.69:  58.0556,19.04876,264.9206
3.71:  57.81102,19.05089,264.8996
3.73:  57.55695,19.05301,264.8786
3.74:  57.3118,19.05734,264.8576
3.76:  57.06125,19.05927,264.8429
3.78:  56.80708,19.06111,264.8156
3.79:  56.55487,19.06529,264.7946
3.81:  56.30523,19.07417,264.7736
3.83:  56.04079,19.09112,264.7526
3.84:  55.79349,19.10688,264.7316
3.86:  55.54914,19.12471,264.7106
3.88:  55.29303,19.14327,264.6833
3.89:  55.0397,19.15908,264.6559
3.91:  54.79088,19.17449,264.6286
3.93:  54.53482,19.19025,264.6076
3.94:  54.28315,19.20563,264.5803
3.96:  54.0343,19.22071,264.553
3.98:  53.77731,19.23616,264.5256
3.99:  53.51667,19.2517,264.4983
4.01:  53.26615,19.26652,264.4709
4.03:  53.01601,19.2812,264.4436
4.04:  52.76498,19.29822,264.4163
4.06:  52.51348,19.31274,264.389
4.08:  52.26046,19.32965,264.3616
4.09:  52.00349,19.34671,264.3343
4.11:  51.75053,19.36337,264.307
4.13:  51.50215,19.37723,264.2796
4.14:  51.24891,19.39125,264.2523
4.16:  51.00092,19.4048,264.2123
4.18:  50.74509,19.42099,264.1596
4.19:  50.4827,19.4498,264.0943
4.21:  50.23484,19.4919,263.9972
4.23:  49.99465,19.55334,263.7924
4.24:  49.75259,19.61904,263.3848
4.26:  49.51575,19.69175,262.7617
4.28:  49.26924,19.77802,261.9738
4.29:  49.04136,19.86678,261.186
4.31:  48.8184,19.95706,260.3981
4.33:  48.58746,20.0681,259.6102
4.34:  48.37173,20.18201,258.8223
4.36:  48.1607,20.30108,258.0344
4.38:  47.95217,20.43471,257.2466
4.39:  47.74391,20.58288,256.4587
4.41:  47.54661,20.734,255.6708
4.43:  47.35487,20.89009,254.8829
4.44:  47.1652,21.05427,254.095
4.46:  46.9839,21.21559,253.3072
4.48:  46.8004,21.3833,252.5193
4.49:  46.62154,21.55397,251.7314
4.51:  46.44475,21.72545,250.9435
4.53:  46.25916,21.90213,250.1556
4.54:  46.07445,22.07319,249.3678
4.56:  45.89222,22.24026,248.5799
4.58:  45.70219,22.40973,247.792
4.59:  45.51123,22.57681,247.0041
4.61:  45.32052,22.73909,246.2162
4.63:  45.12247,22.90297,245.4284
4.64:  44.92556,23.0614,244.6405
4.66:  44.72882,23.21529,243.8526
4.68:  44.52538,23.36996,243.0647
4.69:  44.32173,23.52041,242.2769
4.71:  44.11242,23.67064,241.489
4.73:  43.90787,23.81322,240.7011
4.74:  43.69316,23.95855,239.9132
4.76:  43.48259,24.09689,239.1254
4.78:  43.27127,24.2316,238.3375
4.79:  43.05553,24.36242,237.5496
4.81:  42.83898,24.48969,236.7617
4.83:  42.61481,24.61733,235.9738
4.84:  42.38442,24.72929,235.1859
4.86:  42.1541,24.81564,234.3981
4.88:  41.91245,24.89662,233.6102
4.89:  41.66797,24.96345,232.8223
4.91:  41.4254,25.00715,232.0344
4.93:  41.17627,25.03973,231.2466
4.94:  40.92827,25.05826,230.4587
4.96:  40.68108,25.06978,229.6708
4.98:  40.4282,25.0799,228.8829
4.99:  40.17831,25.08646,228.095
5.01:  39.93153,25.08954,227.3072
5.03:  39.67802,25.08922,226.5193
5.04:  39.42145,25.08181,225.7314
5.06:  39.18484,25.07331,224.9435
5.08:  38.93186,25.05903,224.1556
5.09:  38.67888,25.04296,223.3678
5.11:  38.43131,25.02214,222.5799
5.13:  38.1878,24.99994,221.792
5.14:  37.93524,24.9734,221.0041
5.16:  37.69868,24.94364,220.2162
5.18:  37.44684,24.91199,219.4284
5.19:  37.20291,24.87614,218.6405
5.21:  36.95896,24.83685,217.8526
5.23:  36.70952,24.79498,217.0647
5.24:  36.46899,24.75304,216.3276
5.26:  36.23084,24.71023,215.6157
5.28:  35.98572,24.66304,214.9102
5.29:  35.74607,24.61567,214.2238
5.31:  35.50918,24.56594,213.55
5.33:  35.26538,24.50999,212.8825
5.34:  35.02721,24.45246,212.2277
5.36:  34.79211,24.39285,211.5793
5.38:  34.55172,24.32899,210.9308
5.39:  34.31686,24.26378,210.2887
5.41:  34.08189,24.19747,209.6466
5.43:  33.84442,24.12757,209.0045
5.44:  33.61013,24.056,208.4195
5.46:  33.38009,23.98374,207.9675
5.48:  33.14391,23.90648,207.693
5.49:  32.91002,23.82956,207.6023
5.51:  32.67987,23.75544,207.5559
5.53:  32.44356,23.67919,207.5222
5.54:  32.2121,23.60438,207.4949
5.56:  31.98217,23.52994,207.4676
5.58:  31.74627,23.45165,207.4466
5.59:  31.51053,23.37517,207.4256
5.61:  31.27906,23.29813,207.3983
5.63:  31.04322,23.21956,207.3836
5.64:  30.81185,23.14419,207.3626
5.66:  30.57931,23.06654,207.3416
5.68:  30.34369,22.98777,207.3206
5.69:  30.11285,22.91053,207.306
5.71:  29.87188,22.8298,207.285
5.73:  29.64377,22.75328,207.264
5.74:  29.41274,22.67749,207.243
5.76:  29.18151,22.59974,207.222
5.78:  28.94524,22.5202,207.201
5.79:  28.71163,22.44146,207.18
5.81:  28.48211,22.36397,207.1527
5.83:  28.23639,22.28089,207.1253
5.84:  28.00983,22.20595,207.1044
5.86:  27.77878,22.12761,207.077
5.88:  27.5472,22.04897,207.0497
5.89:  27.31368,21.96954,207.0224
5.91:  27.07764,21.891,207.0014
5.93:  26.84368,21.81123,206.9804
5.94:  26.61571,21.73338,206.953
5.96:  26.38699,21.65516,206.9257
5.98:  26.15193,21.5765,206.9047
5.99:  25.91868,21.49651,206.8774
6.01:  25.68979,21.41792,206.8564
6.03:  25.4535,21.33666,206.829
6.04:  25.22057,21.25825,206.8017
6.06:  24.97824,21.17465,206.7744
6.08:  24.75101,21.09612,206.7407
6.09:  24.52309,21.01894,206.7007
6.11:  24.28671,20.93682,206.648
6.13:  24.05507,20.85791,206.5953
6.14:  23.83157,20.78155,206.5426
6.16:  23.60184,20.70282,206.49
6.18:  23.36697,20.62019,206.4246
6.19:  23.12773,20.53569,206.3529
6.21:  22.89908,20.45458,206.2749
6.23:  22.6657,20.37326,206.1968
6.24:  22.43432,20.30486,206.1125
6.26:  22.19927,20.24025,206.0281
6.28:  21.95692,20.17313,205.9184
6.29:  21.71787,20.10634,205.7896
6.31:  21.48222,20.03971,205.6102
6.33:  21.23775,19.9768,205.3737
6.34:  20.99876,19.91758,205.0105
6.36:  20.76129,19.85809,204.5078
6.38:  20.5198,19.7946,203.8403
6.39:  20.27316,19.72611,203.0525
6.41:  20.04635,19.65976,202.2646
6.43:  19.80611,19.58588,201.4767
6.44:  19.56453,19.50793,200.6888
6.46:  19.33792,19.42978,199.9009
6.48:  19.10466,19.34737,199.1131
6.49:  18.86575,19.25925,198.3252
6.51:  18.63852,19.17025,197.5373
6.53:  18.39908,19.08199,196.7494
6.54:  18.17052,18.99994,195.9869
6.56:  17.94259,18.91536,195.3765
6.58:  17.70926,18.82852,194.9942
6.59:  17.47721,18.7491,194.7958
6.61:  17.24552,18.67492,194.6734
6.63:  17.00138,18.6028,194.6017
6.64:  16.75686,18.53606,194.549
6.66:  16.51725,18.47604,194.5026
6.68:  16.26795,18.42258,194.4626
6.69:  16.0188,18.37238,194.429
6.71:  15.76467,18.32903,194.3953
6.73:  15.51702,18.29347,194.3616
6.74:  15.27356,18.25929,194.328
6.76:  15.02642,18.22537,194.2943
6.78:  14.76687,18.18865,194.267
6.79:  14.52551,18.15529,194.2396
6.81:  14.27284,18.11927,194.2059
6.83:  14.0237,18.0836,194.1723
6.84:  13.77403,18.04771,194.1386
6.86:  13.52897,18.01233,194.1049
6.88:  13.27691,17.97582,194.0776
6.89:  13.02511,17.94017,194.0503
6.91:  12.77972,17.90436,194.0166
6.93:  12.52644,17.86719,193.9703
6.94:  12.27517,17.81305,193.9176
6.96:  12.04134,17.73722,193.8586
6.98:  11.80349,17.6445,193.7869
6.99:  11.57161,17.5421,193.7088
7.01:  11.35062,17.43145,193.6371
7.03:  11.12497,17.30816,193.5464
7.04:  10.91497,17.18513,193.4367
7.06:  10.70373,17.05665,193.2889
7.08:  10.49714,16.91575,193.0905
7.09:  10.30431,16.76191,192.8477
7.11:  10.13345,16.58645,192.5922
7.13:  9.9693,16.39359,192.3303
7.14:  9.802718,16.19229,192.0558
7.16:  9.648417,16.00567,191.775
7.18:  9.482427,15.80281,191.4815
7.19:  9.324785,15.60809,191.1816
7.21:  9.168792,15.41147,190.8754
7.23:  9.010095,15.21101,190.5565
7.24:  8.858685,15.01728,190.1996
7.26:  8.705541,14.81662,189.7984
7.28:  8.551345,14.61096,189.3083
7.29:  8.400232,14.40464,188.6662
7.31:  8.253528,14.19844,187.8784
7.33:  8.107233,13.98874,187.0905
7.34:  7.969375,13.78324,186.3026
7.36:  7.830553,13.57211,185.5147
7.38:  7.6898,13.35149,184.7269
7.39:  7.560945,13.14748,183.939
7.41:  7.423919,12.94226,183.1511
7.43:  7.286007,12.73175,182.3632
7.44:  7.14035,12.53403,181.5753
7.46:  6.986969,12.34058,180.9776
7.48:  6.822932,12.1431,180.7031
7.49:  6.658773,11.95029,180.606
7.51:  6.505593,11.77001,180.547
7.53:  6.340082,11.58029,180.5007
7.54:  6.171391,11.3895,180.4543
7.56:  6.004695,11.21063,180.4016
7.58:  5.836468,11.03725,180.3553
7.59:  5.669026,10.86186,180.3089
7.61:  5.504008,10.68873,180.2626
7.63:  5.337464,10.51372,180.2162
7.64:  5.167066,10.33437,180.1699
7.66:  5.002044,10.16039,180.1236
7.68:  4.829432,9.980761,180.0772
7.69:  4.665665,9.802735,180.0309
7.71:  4.498185,9.612944,179.9782
7.73:  4.344719,9.417544,179.9255
7.74:  4.203845,9.211432,179.8728
7.76:  4.076377,9.005516,179.8138
7.78:  3.945957,8.794239,179.7421
7.79:  3.817124,8.582049,179.6197
7.81:  3.691554,8.373243,179.3769
7.83:  3.560534,8.156162,178.9883
7.84:  3.435872,7.94482,178.4096
7.86:  3.314716,7.72924,177.6914
7.88:  3.195051,7.509286,176.9035
7.89:  3.080983,7.295301,176.1156
7.91:  2.965559,7.078794,175.3278
7.93:  2.844994,6.864335,174.5399
7.94:  2.714156,6.651886,173.752
7.96:  2.57442,6.434806,172.9641
7.98:  2.440968,6.227551,172.1762
7.99:  2.302577,6.019448,171.3884
8.01:  2.165168,5.818629,170.6005
8.03:  2.02153,5.621156,169.8126
8.04:  1.873095,5.422936,169.0247
8.06:  1.725618,5.226073,168.2368
8.08:  1.573497,5.025752,167.449
8.09:  1.421074,4.828179,166.6611
8.11:  1.27269,4.63341,165.8732
8.13:  1.123538,4.431946,165.0853
8.14:  0.9788783,4.230825,164.2975
8.16:  0.8384736,4.029846,163.5096
8.18:  0.6990948,3.824375,162.7217
8.19:  0.561086,3.614776,161.9338
8.21:  0.4302126,3.409935,161.1459
8.23:  0.2975446,3.195854,160.3581
8.24:  0.1716487,2.986319,159.5702
8.26:  0.04724924,2.772674,158.7823
8.28:  -0.07358536,2.55843,157.9944
8.29:  -0.1980112,2.330551,157.2065
8.31:  -0.3088862,2.120679,156.4187
8.33:  -0.4234997,1.896314,155.6308
8.34:  -0.5318305,1.67685,154.8429
8.36:  -0.6378424,1.454429,154.055
8.38:  -0.7416332,1.228729,153.2672
8.39:  -0.8431748,0.9996741,152.4793
8.41:  -0.9389036,0.7754596,151.6914
8.43:  -1.03489,0.541795,150.9035
8.44:  -1.124588,0.3146003,150.1156
8.46:  -1.212217,0.08338553,149.3278
8.48:  -1.296352,-0.1481674,148.5399
8.49:  -1.379936,-0.3884481,147.752
8.51:  -1.455212,-0.6207806,146.9641
8.53:  -1.529351,-0.8608149,146.1763
8.54:  -1.599561,-1.099728,145.3884
8.56:  -1.665584,-1.336376,144.6005
8.58:  -1.731247,-1.577368,143.8126
8.59:  -1.793315,-1.818173,143.0247
8.61:  -1.850956,-2.055248,142.2368
8.63:  -1.907386,-2.302072,141.449
8.64:  -1.958586,-2.541106,140.6611
8.66:  -2.006928,-2.78299,139.8732
8.68:  -2.05438,-3.030223,139.0853
8.69:  -2.096369,-3.27519,138.2975
8.71:  -2.139229,-3.51378,137.5096
8.73:  -2.185279,-3.758609,136.7217
8.74:  -2.23434,-4.000733,135.9338
8.76:  -2.284346,-4.237403,135.146
8.78:  -2.336147,-4.482566,134.3581
8.79:  -2.383979,-4.725413,133.5702
8.81:  -2.429412,-4.966844,132.7823
8.83:  -2.47453,-5.213896,131.9944
8.84:  -2.520923,-5.456466,131.2066
8.86:  -2.570356,-5.697642,130.4187
8.88:  -2.61914,-5.94197,129.6308
8.89:  -2.664499,-6.186611,128.8429
8.91:  -2.705683,-6.42715,128.055
8.93:  -2.744675,-6.675349,127.2672
8.94:  -2.779896,-6.92159,126.4793
8.96:  -2.811145,-7.163775,125.6914
8.98:  -2.83972,-7.412093,124.9035
8.99:  -2.864738,-7.659394,124.1156
9.01:  -2.886123,-7.904391,123.3278
9.03:  -2.905034,-8.16186,122.5399
9.04:  -2.919565,-8.405517,121.752
9.06:  -2.930651,-8.647325,120.9641
9.08:  -2.938642,-8.896448,120.1763
9.09:  -2.943106,-9.140212,119.3884
9.11:  -2.944256,-9.392355,118.6005
9.13:  -2.941979,-9.640137,117.8126
9.14:  -2.936316,-9.88698,117.0247
9.16:  -2.927343,-10.1314,116.2368
9.18:  -2.916928,-10.38103,115.449
9.19:  -2.906497,-10.62876,114.6611
9.21:  -2.894813,-10.87727,113.8732
9.23:  -2.884801,-11.1339,113.0853
9.24:  -2.873782,-11.38459,112.2975
9.26:  -2.859509,-11.63178,111.5096
9.28:  -2.843758,-11.88334,110.7217
9.29:  -2.82462,-12.13373,109.9338
9.31:  -2.802489,-12.37887,109.1459
9.33:  -2.776266,-12.63063,108.358
9.34:  -2.747002,-12.87846,107.5702
9.36:  -2.714403,-13.12532,106.7823
9.38:  -2.678001,-13.37454,105.9944
9.39:  -2.638379,-13.62197,105.2065
9.41:  -2.596651,-13.8672,104.4187
9.43:  -2.549594,-14.11687,103.6308
9.44:  -2.49998,-14.36156,102.8429
9.46:  -2.447521,-14.60318,102.055
9.48:  -2.39055,-14.84922,101.2671
9.49:  -2.331796,-15.09027,100.606
9.51:  -2.270898,-15.33272,100.2047
9.53:  -2.206754,-15.58722,100.1584
9.54:  -2.147705,-15.82136,100.1501
9.56:  -2.087572,-16.05976,100.1481
9.58:  -2.025676,-16.30516,100.1481
9.59:  -1.964544,-16.54752,100.1481
9.61:  -1.906379,-16.78717,100.1481
9.63:  -1.846879,-17.03231,100.1481
9.64:  -1.786094,-17.2733,100.1481
9.66:  -1.725327,-17.51422,100.1481
9.68:  -1.665989,-17.75869,100.1481
9.69:  -1.60955,-18.0006,100.1398
9.71:  -1.554691,-18.24981,100.1188
9.73:  -1.504923,-18.48992,100.0914
9.74:  -1.458255,-18.73714,100.0641
9.76:  -1.4206,-18.97668,100.0368
9.78:  -1.383531,-19.22694,100.0094
9.79:  -1.349693,-19.47016,99.97578
9.81:  -1.315749,-19.7131,99.9421
9.83:  -1.281472,-19.95717,99.9021
9.84:  -1.246383,-20.20557,99.85575
9.86:  -1.214367,-20.44731,99.80939
9.88:  -1.179159,-20.69367,99.76305
9.89:  -1.143805,-20.93964,99.71671
9.91:  -1.10882,-21.18164,99.67036
9.93:  -1.072769,-21.42942,99.61768
9.94:  -1.039649,-21.67174,99.57133
9.96:  -1.004042,-21.91372,99.52498
9.98:  -0.9698139,-22.16097,99.4723
9.99:  -0.9331275,-22.40732,99.42595
10.01:  -0.8970171,-22.64828,99.37325
10.03:  -0.8626041,-22.89739,99.32057
10.04:  -0.8383922,-23.14474,99.26789
10.06:  -0.8167487,-23.38775,99.22155
10.08:  -0.799576,-23.6394,99.1752
10.09:  -0.7900023,-23.89005,99.12251
10.11:  -0.7855417,-24.13842,99.07616
10.13:  -0.7880923,-24.39216,99.02348
10.14:  -0.7980135,-24.64344,98.97079
10.16:  -0.8123434,-24.89056,98.91811
10.18:  -0.8267841,-25.1441,98.85909
10.19:  -0.8413303,-25.40371,98.8064
10.21:  -0.8568169,-25.64246,98.75372
10.23:  -0.8730032,-25.8956,98.70103
10.24:  -0.8888161,-26.14653,98.64835
10.26:  -0.9041329,-26.39364,98.58933
10.28:  -0.9220667,-26.6472,98.53031
10.29:  -0.9396101,-26.89852,98.47764
10.31:  -0.9589266,-27.14401,98.42495
10.33:  -0.9834845,-27.39602,98.37227
10.34:  -1.01267,-27.64692,98.31958
10.36:  -1.043052,-27.88912,98.27323
10.38:  -1.074362,-28.14059,98.22055
10.39:  -1.105124,-28.38952,98.16786
10.41:  -1.135008,-28.6332,98.11518
10.43:  -1.165831,-28.88645,98.0625
10.44:  -1.198044,-29.13265,98.01615
10.46:  -1.228456,-29.38617,97.96346
10.48:  -1.257902,-29.63381,97.90444
10.49:  -1.289186,-29.87836,97.85175
10.51:  -1.317801,-30.12284,97.79907
10.53:  -1.34679,-30.3725,97.74639
10.54:  -1.375797,-30.62434,97.6937
10.56:  -1.403719,-30.8685,97.64736
10.58:  -1.432989,-31.12654,97.59468
10.59:  -1.462832,-31.37029,97.542
10.61:  -1.492814,-31.61705,97.48931
10.63:  -1.520766,-31.86995,97.43029
10.64:  -1.547155,-32.11098,97.37128
10.66:  -1.574011,-32.3589,97.30592
10.68:  -1.601001,-32.61074,97.24055
10.69:  -1.627458,-32.86002,97.18153
10.71:  -1.65423,-33.11477,97.12251
10.73:  -1.68221,-33.36028,97.06348
10.74:  -1.705188,-33.60705,97.00446
10.76:  -1.725212,-33.85096,96.9391
10.78:  -1.748591,-34.10839,96.87373
10.79:  -1.766092,-34.35854,96.80838
10.81:  -1.782983,-34.60399,96.74302
10.83:  -1.800062,-34.85638,96.67766
10.84:  -1.811612,-35.10254,96.6123
10.86:  -1.823032,-35.35201,96.54694
10.88:  -1.834305,-35.60456,96.48159
10.89:  -1.845173,-35.85446,96.41623
10.91:  -1.853278,-36.1032,96.35086
10.93:  -1.861218,-36.35574,96.28551
10.94:  -1.868831,-36.60696,96.22015
10.96:  -1.876058,-36.85482,96.15479
10.98:  -1.88316,-37.1083,96.08942
10.99:  -1.890109,-37.36687,96.02406
11.01:  -1.896254,-37.60567,95.9587
11.03:  -1.900003,-37.85998,95.88701
11.04:  -1.905849,-38.11045,95.82165
11.06:  -1.911368,-38.35907,95.75629
11.08:  -1.916684,-38.61154,95.69093
11.09:  -1.919191,-38.86055,95.61923
11.11:  -1.92148,-39.12024,95.54754
11.13:  -1.925762,-39.36613,95.48218
11.14:  -1.927372,-39.61684,95.41048
11.16:  -1.928658,-39.86535,95.33878
11.18:  -1.932095,-40.11705,95.26709
11.19:  -1.935215,-40.36849,95.1954
11.21:  -1.935539,-40.61605,95.11736
11.23:  -1.938006,-40.8709,95.03932
11.24:  -1.940082,-41.12047,94.96129
11.26:  -1.939364,-41.37899,94.88326
11.28:  -1.938338,-41.62667,94.80522
11.29:  -1.934552,-41.87539,94.72719
11.31:  -1.925533,-42.12527,94.64281
11.33:  -1.913562,-42.37807,94.5521
11.34:  -1.896338,-42.63003,94.45505
11.36:  -1.873927,-42.88061,94.35167
11.38:  -1.84823,-43.13509,94.24194
11.39:  -1.822583,-43.38403,94.12588
11.41:  -1.796075,-43.63605,94.00347
11.43:  -1.76853,-43.89212,93.8684
11.44:  -1.741051,-44.14102,93.70797
11.46:  -1.712524,-44.39294,93.54754
11.48:  -1.682871,-44.64792,93.37444
11.49:  -1.652725,-44.90072,93.20768
11.51:  -1.622343,-45.14912,93.03458
11.53:  -1.590109,-45.40552,92.84246
11.54:  -1.557532,-45.65736,92.63766
11.56:  -1.524587,-45.90489,92.42653
11.58:  -1.489836,-46.15882,92.2154
11.59:  -1.447001,-46.41129,92.00427
11.61:  -1.394447,-46.659,91.79314
11.63:  -1.336948,-46.91376,91.58201
11.64:  -1.282039,-47.16336,91.36454
11.66:  -1.223436,-47.41363,91.12173
11.68:  -1.162838,-47.6672,90.85989
11.69:  -1.101938,-47.91698,90.59805
11.71:  -1.038314,-48.17285,90.33622
11.73:  -0.9754203,-48.42093,90.07439
11.74:  -0.9107405,-48.67125,89.81255
11.76:  -0.8486528,-48.91624,89.55073
11.78:  -0.7812777,-49.16749,89.28889
11.79:  -0.7132167,-49.41674,89.02705
11.81:  -0.6450962,-49.66158,88.75255
11.83:  -0.5710883,-49.91315,88.43367
11.84:  -0.4902414,-50.15508,88.06409
11.86:  -0.4012775,-50.398,87.63113
11.88:  -0.296883,-50.6337,87.10944
11.89:  -0.1682624,-50.85998,86.461
11.91:  -0.02358243,-51.06839,85.72382
11.93:  0.1384319,-51.26807,84.94228
11.94:  0.3050246,-51.45499,84.1544
11.96:  0.4796966,-51.63482,83.36652
11.98:  0.6710682,-51.80194,82.57864
11.99:  0.8664435,-51.95454,81.79076
12.01:  1.063977,-52.10231,81.00288
12.03:  1.271322,-52.24865,80.215
12.04:  1.479431,-52.38943,79.47149
12.06:  1.686954,-52.52279,78.91178
12.08:  1.90527,-52.6576,78.66895
12.09:  2.117829,-52.78857,78.61626
12.11:  2.329605,-52.9189,78.5826
12.13:  2.545341,-53.05152,78.55526
12.14:  2.766742,-53.18533,78.53427
12.16:  2.977117,-53.31444,78.51328
12.18:  3.190409,-53.44524,78.49229
12.19:  3.410771,-53.57826,78.4713
12.21:  3.618806,-53.70172,78.4503
12.23:  3.84006,-53.83506,78.42931
12.24:  4.055125,-53.96654,78.41464
12.26:  4.269832,-54.09367,78.39365
12.28:  4.486316,-54.22174,78.37266
12.29:  4.703011,-54.34983,78.35167
12.31:  4.916999,-54.47826,78.32433
12.33:  5.134098,-54.60828,78.30334
12.34:  5.351275,-54.73627,78.27601
12.36:  5.562989,-54.86283,78.25502
12.38:  5.782244,-54.99179,78.22768
12.39:  6.001356,-55.11439,78.20036
12.41:  6.22156,-55.22155,78.17303
12.43:  6.455297,-55.32565,78.1457
12.44:  6.689146,-55.4141,78.11836
12.46:  6.918866,-55.4987,78.09103
12.48:  7.153244,-55.58488,78.0637
12.49:  7.388119,-55.67112,78.03638
12.51:  7.621121,-55.75651,78.0027
12.53:  7.858924,-55.8399,77.97536
12.54:  8.089601,-55.92417,77.9417
12.56:  8.323181,-56.00716,77.91437
12.58:  8.56103,-56.09015,77.88703
12.59:  8.797075,-56.17237,77.85336
12.61:  9.029229,-56.25667,77.83237
12.63:  9.268113,-56.33965,77.80504
12.64:  9.501719,-56.42201,77.77771
12.66:  9.734883,-56.50275,77.75037
12.68:  9.971431,-56.58817,77.72938
12.69:  10.20656,-56.66937,77.70204
12.71:  10.43807,-56.7505,77.66837
12.73:  10.67401,-56.8317,77.64104
12.74:  10.91003,-56.9128,77.61371
12.76:  11.14939,-56.99852,77.58003
12.78:  11.38481,-57.08268,77.54637
12.79:  11.61983,-57.16517,77.5127
12.81:  11.84893,-57.24671,77.46635
12.83:  12.08304,-57.32756,77.40733
12.84:  12.32229,-57.4121,77.33564
12.86:  12.5598,-57.49345,77.26393
12.88:  12.79477,-57.57224,77.18591
12.89:  13.0263,-57.65084,77.10787
12.91:  13.26024,-57.7286,77.03617
12.93:  13.49779,-57.80856,76.95813
12.94:  13.73428,-57.88783,76.88644
12.96:  13.9731,-57.96755,76.81474
12.98:  14.2028,-58.0439,76.74305
12.99:  14.43886,-58.12425,76.67135
13.01:  14.67099,-58.20296,76.60599
13.03:  14.90926,-58.28123,76.54063
13.04:  15.14625,-58.36099,76.47527
13.06:  15.37506,-58.43902,76.40356
13.08:  15.61208,-58.52173,76.33186
13.09:  15.8435,-58.60142,76.26651
13.11:  16.07394,-58.68478,76.19481
13.13:  16.30986,-58.77199,76.12946
13.14:  16.53716,-58.86712,76.06409
13.16:  16.77889,-58.97015,75.9924
13.18:  17.00775,-59.06739,75.92704
13.19:  17.23776,-59.16481,75.86168
13.21:  17.47366,-59.2644,75.79632
13.23:  17.69446,-59.35887,75.73096
13.24:  17.92811,-59.45852,75.6656
13.26:  18.15815,-59.55468,75.5939
13.28:  18.39461,-59.65318,75.5222
13.29:  18.63436,-59.75273,75.45684
13.31:  18.85403,-59.84515,75.38515
13.33:  19.09001,-59.94247,75.31979
13.34:  19.32091,-60.04107,75.24809
13.36:  19.54846,-60.13586,75.18273
13.38:  19.78261,-60.23305,75.11103
13.39:  20.01167,-60.32991,75.04568
13.41:  20.25003,-60.42821,74.98032
13.43:  20.48277,-60.52597,74.90862
13.44:  20.70873,-60.6185,74.83692
13.46:  20.94723,-60.71797,74.76523
13.48:  21.18126,-60.81524,74.69353
13.49:  21.40625,-60.90842,74.62183
13.51:  21.63746,-61.00383,74.55013
13.53:  21.8695,-61.10092,74.48478
13.54:  22.09586,-61.19533,74.41942
13.56:  22.32559,-61.28875,74.35406
13.58:  22.5585,-61.3853,74.29504
13.59:  22.78918,-61.48064,74.23602
13.61:  23.01731,-61.57472,74.18967
13.63:  23.25082,-61.67076,74.13699
13.64:  23.48328,-61.76452,74.09064
13.66:  23.71504,-61.85778,74.0443
13.68:  23.95085,-61.95244,73.99796
13.69:  24.18189,-62.04501,73.95795
13.71:  24.41536,-62.13832,73.9116
13.73:  24.6582,-62.23689,73.87159
13.74:  24.88665,-62.32781,73.82525
13.76:  25.1145,-62.41989,73.78524
13.78:  25.34959,-62.51307,73.74523
13.79:  25.58106,-62.60627,73.71156
13.81:  25.81988,-62.70056,73.67156
13.83:  26.04718,-62.79013,73.63155
13.84:  26.27695,-62.88211,73.59789
13.86:  26.51682,-62.97795,73.55788
13.88:  26.74585,-63.0693,73.5242
13.89:  26.97903,-63.16215,73.49052
13.91:  27.2035,-63.25134,73.45052
13.93:  27.44151,-63.34407,73.41051
13.94:  27.67627,-63.43534,73.37051
13.96:  27.90755,-63.52507,73.3305
13.98:  28.14429,-63.61673,73.29049
13.99:  28.37912,-63.70747,73.25049
14.01:  28.61147,-63.79706,73.21047
14.03:  28.84946,-63.88863,73.17046
14.04:  29.08467,-63.97895,73.13046
14.06:  29.31471,-64.06709,73.09045
14.08:  29.55203,-64.15577,73.05679
14.09:  29.78902,-64.24257,73.0231
14.11:  30.02433,-64.32291,72.98944
14.13:  30.26471,-64.39693,72.95576
14.14:  30.5042,-64.45568,72.91576
14.16:  30.74837,-64.51069,72.88209
14.18:  30.99596,-64.55846,72.84842
14.19:  31.24412,-64.60499,72.80841
14.21:  31.49711,-64.64998,72.7684
14.23:  31.74703,-64.68755,72.72839
14.24:  31.9932,-64.72218,72.68839
14.26:  32.24041,-64.75678,72.64838
14.28:  32.49255,-64.78966,72.61472
14.29:  32.73942,-64.82168,72.5747
14.31:  32.98564,-64.85567,72.54104
14.33:  33.23892,-64.89046,72.50102
14.34:  33.48956,-64.90369,72.46736
14.36:  33.74286,-64.90054,72.42735
14.38:  33.99484,-64.89423,72.39368
14.39:  34.26162,-64.88739,72.36002
14.41:  34.51356,-64.88076,72.32001
14.43:  34.76689,-64.87392,72.27999
14.44:  35.01897,-64.86693,72.23998
14.46:  35.27254,-64.85975,72.20631
14.48:  35.52901,-64.85231,72.16631
14.49:  35.78412,-64.84473,72.1263
14.51:  36.03571,-64.83708,72.08629
14.53:  36.29719,-64.82825,72.04629
14.54:  36.55502,-64.81937,72.00627
14.56:  36.80603,-64.81121,71.96627
14.58:  37.0625,-64.79966,71.92626
14.59:  37.31825,-64.77785,71.88625
14.61:  37.57233,-64.74882,71.84624
14.63:  37.837,-64.71838,71.80624
14.64:  38.0863,-64.68956,71.77257
14.66:  38.33635,-64.66048,71.73256
14.68:  38.59055,-64.63077,71.69889
14.69:  38.84262,-64.59874,71.66522
14.71:  39.09204,-64.56687,71.62521
14.73:  39.3452,-64.53438,71.59155
14.74:  39.60121,-64.50133,71.55154
14.76:  39.84954,-64.4691,71.51153
14.78:  40.10516,-64.43578,71.47786
14.79:  40.35975,-64.40243,71.44419
14.81:  40.61697,-64.36855,71.40417
14.83:  40.8687,-64.33522,71.36417
14.84:  41.12074,-64.30167,71.32417
14.86:  41.36434,-64.26907,71.28416
14.88:  41.62022,-64.23465,71.24416
14.89:  41.87375,-64.20036,71.20414
14.91:  42.1223,-64.16654,71.1578
14.93:  42.37839,-64.13152,71.11779
14.94:  42.62881,-64.09708,71.07777
14.96:  42.88816,-64.06121,71.03143
14.98:  43.13892,-64.02633,70.98508
14.99:  43.38722,-63.99157,70.93874
15.01:  43.63579,-63.95415,70.88606
15.03:  43.88966,-63.91811,70.82704
15.04:  44.14402,-63.88171,70.76167
15.06:  44.39267,-63.84814,70.6773
15.08:  44.64937,-63.81277,70.52322
15.09:  44.91043,-63.77592,70.33109
15.11:  45.15775,-63.74005,70.11362
15.13:  45.40878,-63.70255,69.8708
15.14:  45.65755,-63.66406,69.57094
15.16:  45.91707,-63.62225,69.21404
15.18:  46.16367,-63.58069,68.80009
15.19:  46.41325,-63.53649,68.32277
15.21:  46.66253,-63.48999,67.80108
15.23:  46.9156,-63.44028,67.25404
15.24:  47.16597,-63.38842,66.66264
15.26:  47.41204,-63.33465,66.03954
15.28:  47.67208,-63.27461,65.36574
15.29:  47.91391,-63.21619,64.67293
15.31:  48.1567,-63.15385,63.96745
15.33:  48.39876,-63.08903,63.26196
15.34:  48.6488,-63.0182,62.55014
15.36:  48.89004,-62.94907,61.83831
15.38:  49.13767,-62.87476,61.12649
15.39:  49.38006,-62.80122,60.41467
15.41:  49.62269,-62.7249,59.70919
15.43:  49.86736,-62.64652,58.99736
15.44:  50.11786,-62.577,58.31723
15.46:  50.3573,-62.52524,57.77018
15.48:  50.60695,-62.47472,57.48301
15.49:  50.85315,-62.42551,57.41764
15.51:  51.09734,-62.38113,57.37764
15.53:  51.34926,-62.35533,57.33762
15.54:  51.59832,-62.3461,57.29762
15.56:  51.8446,-62.34883,57.25761
15.58:  52.09247,-62.3576,57.22394
15.59:  52.34008,-62.37026,57.19027
15.61:  52.58286,-62.38397,57.16294
15.63:  52.83244,-62.39444,57.12927
15.64:  53.07573,-62.40591,57.0956
15.66:  53.32753,-62.41618,57.06193
15.68:  53.57059,-62.42592,57.02192
15.69:  53.82001,-62.43574,56.98192
15.71:  54.05486,-62.44616,56.93557
15.73:  54.31004,-62.45785,56.88923
15.74:  54.55198,-62.46679,56.84288
15.76:  54.7955,-62.47556,56.7902
15.78:  55.04283,-62.48424,56.73752
15.79:  55.2855,-62.49253,56.68483
15.81:  55.54133,-62.50101,56.62581
15.83:  55.78133,-62.50872,56.56679
15.84:  56.02735,-62.51634,56.50143
15.86:  56.26978,-62.52357,56.43607
15.88:  56.51624,-62.53064,56.3707
15.89:  56.76529,-62.5375,56.30535
15.91:  57.00888,-62.54393,56.23999
15.93:  57.26153,-62.55031,56.17463
15.94:  57.50799,-62.55626,56.10927
15.96:  57.75024,-62.55847,56.04391
15.98:  58.00091,-62.56251,55.97855
15.99:  58.24683,-62.5662,55.91319
16.01:  58.48917,-62.57094,55.84783
16.03:  58.73954,-62.57208,55.78247
16.04:  58.98797,-62.57493,55.71077
16.06:  59.23551,-62.57748,55.64541
16.08:  59.48319,-62.57774,55.58006
16.09:  59.72947,-62.57771,55.51469
16.11:  59.97407,-62.5794,55.44933
16.13:  60.22417,-62.58229,55.39031
16.14:  60.46798,-62.58146,55.32495
16.16:  60.71312,-62.58376,55.26593
16.18:  60.96249,-62.58585,55.20691
16.19:  61.20844,-62.58765,55.14789
16.21:  61.46265,-62.58783,55.0952
16.23:  61.70552,-62.58775,55.03618
16.24:  61.95378,-62.58739,54.97082
16.26:  62.20884,-62.58679,54.91814
16.28:  62.44995,-62.58398,54.85278
16.29:  62.69915,-62.58281,54.78742
16.31:  62.9485,-62.57934,54.72206
16.33:  63.19599,-62.57561,54.6567
16.34:  63.43876,-62.57164,54.585
16.36:  63.68193,-62.56932,54.50697
16.38:  63.93354,-62.56643,54.39725
16.39:  64.17581,-62.56237,54.23682
16.41:  64.42287,-62.55783,54.00034
16.43:  64.6733,-62.5499,53.70681
16.44:  64.91965,-62.54053,53.34357
16.46:  65.16223,-62.52953,52.92329
16.48:  65.41348,-62.51802,52.43329
16.49:  65.66043,-62.50566,51.8609
16.51:  65.90228,-62.49083,51.21879
16.53:  66.14856,-62.46917,50.49429
16.54:  66.394,-62.44761,49.70642
16.56:  66.6452,-62.4276,48.91854
16.58:  66.8898,-62.42401,48.13066
16.59:  67.13657,-62.43058,47.34278
16.61:  67.37943,-62.44567,46.5549
16.63:  67.63113,-62.46138,45.76702
16.64:  67.87848,-62.47846,44.97914
16.66:  68.12892,-62.49767,44.19127
16.68:  68.37258,-62.52168,43.40339
16.69:  68.61875,-62.54645,42.61551
16.71:  68.86503,-62.57075,41.82763
16.73:  69.11379,-62.59731,41.03976
16.74:  69.35509,-62.62709,40.25188
16.76:  69.60072,-62.65741,39.464
16.78:  69.84816,-62.68583,38.67612
16.79:  70.09815,-62.71448,37.88824
16.81:  70.34152,-62.7465,37.10036
16.83:  70.5928,-62.77948,36.31248
16.84:  70.84042,-62.8152,35.5246
16.86:  71.08569,-62.84715,34.73672
16.88:  71.33721,-62.8764,33.94885
16.89:  71.5854,-62.904,33.16097
16.91:  71.83354,-62.92923,32.37309
16.93:  72.09046,-62.95517,31.58521
16.94:  72.341,-62.97699,30.79733
16.96:  72.60012,-62.99596,30.00945
16.98:  72.85166,-63.01091,29.22158
16.99:  73.10152,-63.02231,28.4337
17.01:  73.351,-63.03026,27.64582
17.03:  73.60635,-63.03488,26.85794
17.04:  73.86046,-63.03598,26.07006
17.06:  74.10948,-63.03364,25.28218
17.08:  74.36499,-63.02773,24.4943
17.09:  74.61862,-63.01836,23.70643
17.11:  74.86866,-63.00568,22.91854
17.13:  75.12463,-62.98917,22.13067
17.14:  75.38522,-62.96876,21.34278
17.16:  75.63233,-62.94599,20.55491
17.18:  75.88204,-62.9195,19.76703
17.19:  76.13145,-62.88958,18.97915
17.21:  76.37918,-62.8564,18.19127
17.23:  76.63386,-62.81871,17.40339
17.26:  76.88388,-62.77819,16.61552
17.28:  77.12871,-62.73725,15.82764
17.29:  77.38918,-62.68765,15.03976
17.31:  77.62889,-62.63641,14.25188
17.33:  77.87445,-62.58038,13.464
17.34:  78.12743,-62.51553,12.68246
17.36:  78.3675,-62.43833,11.91994
17.38:  78.59895,-62.35116,11.1891
17.39:  78.83102,-62.245,10.50262
17.41:  79.05113,-62.13442,9.85418
17.43:  79.26975,-62.00849,9.231087
17.44:  79.48724,-61.87237,8.620669
17.46:  79.70162,-61.73306,8.010251
17.48:  79.9019,-61.59988,7.406171
17.49:  80.10479,-61.45604,6.821105
17.51:  80.23882,-61.31069,6.236039
17.53:  80.25077,-61.19047,5.676323
17.54:  80.21567,-61.08249,5.192664
17.56:  80.00381,-60.95797,4.905478
17.58:  79.7651,-60.89699,4.77674
17.59:  79.50426,-60.87555,4.698704
17.61:  79.26179,-60.85593,4.627007
17.63:  79.01519,-60.83628,4.55531
17.64:  78.76416,-60.81659,4.483613
17.66:  78.51569,-60.7974,4.418253
17.68:  78.26601,-60.77839,4.352894
17.69:  78.00758,-60.75899,4.293872
17.71:  77.7673,-60.7412,4.23485
17.73:  77.51366,-60.72268,4.175829
17.74:  77.27155,-60.70525,4.116807
17.76:  77.01264,-60.68688,4.057786
17.78:  76.76903,-60.66985,3.998765
17.79:  76.51938,-60.65266,3.939743
17.81:  76.26968,-60.63572,3.880721
17.83:  76.02264,-60.61922,3.8217
17.84:  75.77151,-60.6027,3.762678
17.86:  75.52252,-60.58659,3.703657
17.88:  75.27609,-60.57097,3.625622
17.89:  75.02404,-60.55543,3.528573
17.91:  74.7668,-60.54026,3.374483
17.93:  74.52263,-60.52685,3.144339
17.94:  74.27394,-60.51458,2.825463
17.96:  74.02476,-60.50408,2.41152
17.98:  73.76704,-60.49549,1.908846
17.99:  73.52224,-60.48981,1.330118
18.01:  73.27399,-60.48672,0.7133619
18.03:  73.02769,-60.48641,0.0712545
18.04:  72.77434,-60.48905,359.4038
18.06:  72.52503,-60.4946,358.7237
18.08:  72.27842,-60.50303,358.0435
18.09:  72.0255,-60.5147,357.3571
18.11:  71.7757,-60.52921,356.6769
18.13:  71.53019,-60.54639,355.9968
18.14:  71.28122,-60.56681,355.3103
18.16:  71.02798,-60.59061,354.6302
18.18:  70.77317,-60.61748,353.9817
18.19:  70.53195,-60.64516,353.4537
18.21:  70.28352,-60.67535,353.0714
18.23:  70.03949,-60.70605,352.8286
18.24:  69.78738,-60.73846,352.6745
18.26:  69.53953,-60.77072,352.5838
18.28:  69.29481,-60.80286,352.5185
18.29:  69.04449,-60.83597,352.4658
18.31:  68.79627,-60.86897,352.4258
18.33:  68.55183,-60.90168,352.3794
18.34:  68.30143,-60.93536,352.3394
18.36:  68.0516,-60.96911,352.3058
18.38:  67.80916,-61.00198,352.2784
18.39:  67.55813,-61.03614,352.2511
18.41:  67.30999,-61.07003,352.2238
18.43:  67.06525,-61.10357,352.1964
18.44:  66.81412,-61.13811,352.1691
18.46:  66.56723,-61.17218,352.1418
18.48:  66.32054,-61.20635,352.1144
18.49:  66.07236,-61.24082,352.0934
18.51:  65.82413,-61.27541,352.0661
18.53:  65.57823,-61.3098,352.0388
18.54:  65.32885,-61.3448,352.0114
18.56:  65.08092,-61.37968,351.9904
18.58:  64.83649,-61.41423,351.9568
18.59:  64.57717,-61.451,351.9294
18.61:  64.33887,-61.4849,351.9021
18.63:  64.08586,-61.52105,351.8684
18.64:  63.84191,-61.55606,351.8348
18.66:  63.59329,-61.59185,351.8074
18.68:  63.34957,-61.62708,351.7738
18.69:  63.10081,-61.6632,351.7401
18.71:  62.85362,-61.6992,351.7128
18.73:  62.60973,-61.73487,351.6791
18.74:  62.35108,-61.77283,351.6518
18.76:  62.11039,-61.80827,351.6244
18.78:  61.8682,-61.84404,351.5971
18.79:  61.61761,-61.88118,351.5698
18.81:  61.37003,-61.91802,351.5361
18.83:  61.12519,-61.95457,351.5088
18.84:  60.87458,-61.99214,351.4751
18.86:  60.62827,-62.02921,351.4414
18.88:  60.38409,-62.06607,351.4141
18.89:  60.13371,-62.10403,351.3804
18.91:  59.88737,-62.14149,351.3531
18.93:  59.64294,-62.17878,351.3258
18.94:  59.39548,-62.21666,351.2984
18.96:  59.14579,-62.25499,351.2711
18.98:  58.90124,-62.29266,351.2438
18.99:  58.65128,-62.33128,351.2164
19.01:  58.40377,-62.36967,351.1828
19.03:  58.15918,-62.40773,351.1554
19.04:  57.9119,-62.44633,351.1281
19.06:  57.66278,-62.48537,351.0944
19.08:  57.41958,-62.52362,351.0608
19.09:  57.1693,-62.56311,351.0334
19.11:  56.92181,-62.59983,350.9998
19.13:  56.6745,-62.62194,350.9661
19.14:  56.42096,-62.64226,350.9324
19.16:  56.17425,-62.66216,350.9051
19.18:  55.92532,-62.68235,350.8777
19.19:  55.67294,-62.7005,350.8441
19.21:  55.42108,-62.71382,350.8167
19.23:  55.17076,-62.72234,350.7894
19.24:  54.9082,-62.72384,350.7557
19.26:  54.66023,-62.72026,350.7221
19.28:  54.40589,-62.71185,350.6947
19.29:  54.1596,-62.7015,350.6611
19.31:  53.90636,-62.68859,350.6274
19.33:  53.65525,-62.66882,350.6001
19.34:  53.39809,-62.64869,350.5727
19.36:  53.14652,-62.62378,350.5454
19.38:  52.89516,-62.59665,350.5181
19.39:  52.63824,-62.56667,350.4844
19.41:  52.38802,-62.53223,350.4507
19.43:  52.13,-62.49442,350.4234
19.44:  51.87886,-62.44524,350.3961
19.46:  51.64093,-62.38981,350.3624
19.48:  51.40406,-62.3201,350.3351
19.49:  51.16638,-62.23992,350.3014
19.51:  50.93149,-62.14593,350.2741
19.53:  50.70472,-62.04235,350.2404
19.54:  50.47635,-61.9306,350.2131
19.56:  50.26065,-61.82098,350.1857
19.58:  50.04874,-61.71128,350.1521
19.59:  49.83167,-61.59684,350.1247
19.61:  49.61426,-61.47617,350.1037
19.63:  49.40093,-61.35363,350.0701
19.64:  49.18607,-61.22416,350.0427
19.66:  48.97136,-61.09304,350.0154
19.68:  48.76331,-60.96823,349.9881
19.69:  48.5483,-60.83722,349.9544
19.71:  48.33687,-60.71069,349.9271
19.73:  48.11916,-60.57836,349.8934
19.74:  47.9076,-60.44991,349.8661
19.76:  47.70004,-60.32402,349.8387
19.78:  47.48965,-60.19658,349.8051
19.79:  47.27203,-60.08185,349.7714
19.81:  47.05125,-59.97664,349.744
19.83:  46.81826,-59.88469,349.7104
19.84:  46.57692,-59.81206,349.6767
19.86:  46.33823,-59.75861,349.6494
19.88:  46.10161,-59.7213,349.6157
19.89:  45.85159,-59.69163,349.582
19.91:  45.60052,-59.67291,349.5484
19.93:  45.3523,-59.66693,349.5211
19.94:  45.09795,-59.66628,349.4937
19.96:  44.84626,-59.66816,349.4664
19.98:  44.59609,-59.67299,349.4327
19.99:  44.33974,-59.67808,349.399
20.01:  44.08866,-59.68281,349.3654
20.03:  43.83787,-59.68809,349.3317
20.04:  43.58183,-59.69363,349.298
20.06:  43.33001,-59.6992,349.2707
20.08:  43.07894,-59.70488,349.2434
20.09:  42.82261,-59.71082,349.2097
20.11:  42.56293,-59.71452,349.176
20.13:  42.31799,-59.71812,349.1487
20.14:  42.06349,-59.7196,349.115
20.16:  41.79733,-59.71879,349.0814
20.18:  41.55605,-59.71547,349.0414
20.19:  41.29723,-59.70778,348.995
20.21:  41.03989,-59.69798,348.9423
20.23:  40.78558,-59.68615,348.8896
20.24:  40.51745,-59.67085,348.8306
20.26:  40.27224,-59.65711,348.7716
20.28:  40.01715,-59.64249,348.7062
20.29:  39.76043,-59.62807,348.6409
20.31:  39.51114,-59.61495,348.5755
20.33:  39.26257,-59.60156,348.5102
20.34:  39.00708,-59.58266,348.4384
20.36:  38.75743,-59.56147,348.3668
20.38:  38.51105,-59.54087,348.2951
20.39:  38.25846,-59.52007,348.2234
20.41:  38.00756,-59.49972,348.1517
20.43:  37.76142,-59.48005,348.0863
20.44:  37.50523,-59.46057,348.0209
20.46:  37.2542,-59.44177,347.9556
20.48:  37.00543,-59.4211,347.8902
20.49:  36.74944,-59.39778,347.8185
20.51:  36.49558,-59.37497,347.7468
20.53:  36.24485,-59.35276,347.6751
20.54:  35.989,-59.33039,347.6098
20.56:  35.73627,-59.30859,347.5444
20.58:  35.48631,-59.28658,347.4791
20.59:  35.23209,-59.26451,347.4073
20.61:  34.98158,-59.24308,347.3357
20.63:  34.73021,-59.22258,347.2766
20.64:  34.47519,-59.20209,347.205
20.66:  34.2237,-59.18218,347.1396
20.68:  33.97205,-59.16255,347.0742
20.69:  33.71575,-59.14285,347.0089
20.71:  33.46279,-59.12604,346.9435
20.73:  33.21186,-59.10732,346.8781
20.74:  32.95736,-59.08863,346.8128
20.76:  32.70098,-59.0701,346.7474
20.78:  32.4532,-59.05175,346.6821
20.79:  32.19724,-59.03384,346.6167
20.81:  31.94395,-59.01643,346.545
20.83:  31.6953,-58.99889,346.4796
20.84:  31.4296,-58.98124,346.4143
20.86:  31.18682,-58.96539,346.3489
20.88:  30.93276,-58.94909,346.2836
20.89:  30.67715,-58.93299,346.2182
20.91:  30.42442,-58.91735,346.1529
20.93:  30.17218,-58.90204,346.0875
20.94:  29.91166,-58.88819,346.0221
20.96:  29.66293,-58.87293,345.9568
20.98:  29.4173,-58.85815,345.8914
20.99:  29.16073,-58.84374,345.826
21.01:  28.90634,-58.82975,345.7607
21.03:  28.65617,-58.81628,345.6953
21.04:  28.39969,-58.80276,345.63
21.06:  28.14866,-58.78906,345.571
21.08:  27.90087,-58.77813,345.5056
21.09:  27.646,-58.76717,345.4402
21.11:  27.39418,-58.75733,345.3812
21.13:  27.13277,-58.74499,345.3159
21.14:  26.89103,-58.73315,345.2505
21.16:  26.63235,-58.72153,345.1852
21.18:  26.38456,-58.70996,345.1198
21.19:  26.12263,-58.69802,345.0544
21.21:  25.87667,-58.68937,344.9954
21.23:  25.62773,-58.67857,344.93
21.24:  25.36808,-58.66833,344.871
21.26:  25.11931,-58.65878,344.812
21.28:  24.85953,-58.6491,344.7466
21.29:  24.60622,-58.63995,344.6813
21.31:  24.3589,-58.63056,344.6223
21.33:  24.10863,-58.62204,344.5632
21.34:  23.85017,-58.61353,344.4979
21.36:  23.59591,-58.60545,344.4325
21.38:  23.34434,-58.59772,344.3735
21.39:  23.08818,-58.59014,344.3081
21.41:  22.83675,-58.58459,344.2428
21.43:  22.58481,-58.57772,344.1774
21.44:  22.33,-58.5703,344.1121
21.46:  22.07875,-58.56329,344.0467
21.48:  21.82966,-58.55661,343.9813
21.49:  21.57355,-58.55079,343.916
21.51:  21.32238,-58.54697,343.8506
21.53:  21.07136,-58.54181,343.7916
21.54:  20.81404,-58.5368,343.7262
21.56:  20.55277,-58.532,343.6672
21.58:  20.30824,-58.52777,343.6018
21.59:  20.05216,-58.5229,343.5365
21.61:  19.79107,-58.51896,343.4775
21.63:  19.5453,-58.51482,343.4121
21.64:  19.29468,-58.51321,343.3467
21.66:  19.0405,-58.51022,343.2877
21.68:  18.79329,-58.50685,343.2287
21.69:  18.53871,-58.50363,343.1697
21.71:  18.28926,-58.50077,343.1043
21.73:  18.02858,-58.49804,343.0453
21.74:  17.77547,-58.4964,342.9863
21.76:  17.52532,-58.49505,342.9209
21.78:  17.27749,-58.49328,342.8556
21.79:  17.02228,-58.49246,342.7965
21.81:  16.75891,-58.4863,342.7312
21.83:  16.50698,-58.47382,342.6658
21.84:  16.2542,-58.45842,342.6068
21.86:  16.00364,-58.43801,342.5478
21.88:  15.75112,-58.41864,342.4824
21.89:  15.49482,-58.39832,342.4234
21.91:  15.24621,-58.37795,342.3644
21.93:  14.98981,-58.35628,342.299
21.94:  14.74253,-58.3356,342.2463
21.96:  14.49748,-58.31531,342.2
21.98:  14.25222,-58.29297,342.1536
21.99:  13.99958,-58.27013,342.1136
22.01:  13.75313,-58.24701,342.0863
22.03:  13.50869,-58.22417,342.0653
22.04:  13.25777,-58.20082,342.0443
22.06:  13.01286,-58.17043,342.0233
22.08:  12.76538,-58.13529,342.015
22.09:  12.51869,-58.09587,342.0067
22.11:  12.27174,-58.05199,342.0047
22.13:  12.02494,-57.99387,342.0047
22.14:  11.77635,-57.934,342.0047
22.16:  11.5353,-57.86697,342.0047
22.18:  11.29572,-57.79184,342.0047
22.19:  11.06673,-57.712,342.0047
22.21:  10.8369,-57.6163,342.0047
22.23:  10.61513,-57.50901,342.0193
22.24:  10.40732,-57.37152,342.0594
22.26:  10.20504,-57.2056,342.131
22.28:  10.02483,-57.03813,342.2281
22.29:  9.853517,-56.85584,342.3378
22.31:  9.679742,-56.66556,342.4475
22.33:  9.532794,-56.46322,342.6207
22.34:  9.401898,-56.2462,342.8064
22.36:  9.300876,-56.01563,343.0493
22.38:  9.228103,-55.78036,343.3745
22.39:  9.157115,-55.53711,343.7314
22.41:  9.088799,-55.29716,344.1073
22.43:  9.022343,-55.0578,344.4832
22.44:  8.956429,-54.81431,344.8528
22.46:  8.892324,-54.57163,345.2033
22.48:  8.830482,-54.33353,345.4398
22.49:  8.765597,-54.08186,345.5432
22.51:  8.70381,-53.8422,345.5432
22.53:  8.641673,-53.60122,345.5412
22.54:  8.579795,-53.3615,345.5266
22.56:  8.517701,-53.1213,345.5056
22.58:  8.455593,-52.88131,345.4909
22.59:  8.391987,-52.63601,345.4636
22.61:  8.329072,-52.39384,345.4362
22.63:  8.267114,-52.15572,345.4153
22.64:  8.20316,-51.9103,345.3943
22.66:  8.139988,-51.66824,345.3733
22.68:  8.077277,-51.42831,345.3523
22.69:  8.014368,-51.18798,345.3313
22.71:  7.947996,-50.9348,345.3103
22.73:  7.887088,-50.70281,345.2893
22.74:  7.822759,-50.45815,345.2683
22.76:  7.759217,-50.21685,345.2473
22.78:  7.69649,-49.97899,345.2263
22.79:  7.631969,-49.73459,345.2116
22.81:  7.567997,-49.49241,345.2033
22.83:  7.504785,-49.25335,345.1887
22.84:  7.439787,-49.00769,345.1804
22.86:  7.376748,-48.76957,345.172
22.88:  7.312662,-48.52752,345.1701
22.89:  7.247979,-48.28336,345.1617
22.91:  7.183861,-48.04138,345.1598
22.93:  7.118386,-47.79427,345.1598
22.94:  7.055995,-47.55879,345.1598
22.96:  6.991081,-47.3138,345.1598
22.98:  6.92803,-47.07584,345.1598
22.99:  6.863877,-46.83372,345.1598
23.01:  6.799701,-46.59151,345.1598
23.03:  6.73654,-46.35314,345.1598
23.04:  6.671578,-46.10796,345.1598
23.06:  6.608355,-45.86935,345.1598
23.08:  6.544588,-45.62868,345.1598
23.09:  6.479827,-45.38427,345.1598
23.11:  6.41589,-45.14296,345.1598
23.13:  6.352106,-44.90224,345.1598
23.14:  6.287691,-44.65913,345.1598
23.16:  6.223437,-44.41663,345.1598
23.18:  6.160676,-44.17976,345.1598
23.19:  6.095955,-43.9355,345.1598
23.21:  6.031684,-43.69293,345.1598
23.23:  5.967888,-43.45212,345.1617
23.24:  5.903433,-43.20883,345.1617
23.26:  5.8373,-42.9592,345.1617
23.28:  5.774277,-42.72131,345.1617
23.29:  5.711128,-42.48294,345.1617
23.31:  5.647416,-42.24242,345.1637
23.33:  5.582044,-41.9956,345.1657
23.34:  5.519106,-41.75782,345.174
23.36:  5.455221,-41.51633,345.1823
23.38:  5.392057,-41.27732,345.197
23.39:  5.327907,-41.03432,345.2116
23.41:  5.264129,-40.79237,345.2326
23.43:  5.196304,-40.54458,345.2536
23.44:  5.130817,-40.30488,345.281
23.46:  5.066363,-40.06832,345.321
23.48:  5.001831,-39.8307,345.3673
23.49:  4.935667,-39.58588,345.439
23.51:  4.871662,-39.34743,345.5361
23.53:  4.804924,-39.10611,345.6648
23.54:  4.738235,-38.86198,345.8443
23.56:  4.672143,-38.61264,346.2772
23.58:  4.611993,-38.37423,346.9637
23.59:  4.552792,-38.13594,347.7325
23.61:  4.493251,-37.89263,348.4951
23.63:  4.422978,-37.65296,349.2576
23.64:  4.330729,-37.41356,350.0201
23.66:  4.221743,-37.18393,350.7827
23.68:  4.080276,-36.97824,351.5452
23.69:  3.910872,-36.79636,352.3077
23.71:  3.728224,-36.63133,353.0703
23.73:  3.534359,-36.48629,353.8328
23.74:  3.331876,-36.34841,354.5953
23.76:  3.120461,-36.22224,355.3578
23.78:  2.909633,-36.10892,356.133
23.79:  2.684484,-35.99664,356.9019
23.81:  2.461953,-35.89043,357.6771
23.83:  2.243059,-35.78226,358.4586
23.84:  2.012928,-35.66457,359.2465
23.86:  1.798,-35.5509,0.03439276
23.88:  1.581079,-35.43234,0.8222716
23.89:  1.367948,-35.31201,1.610151
23.91:  1.156285,-35.18864,2.39803
23.93:  0.94797,-35.06086,3.185908
23.94:  0.7371048,-34.92492,3.973787
23.96:  0.5294516,-34.78439,4.761665
23.98:  0.3260448,-34.64006,5.543207
23.99:  0.1221172,-34.49114,6.324748
24.01:  -0.07842538,-34.34042,7.112626
24.03:  -0.2756123,-34.18527,7.900505
24.04:  -0.4678825,-34.02537,8.688385
24.06:  -0.6684195,-33.85388,9.476263
24.08:  -0.8479987,-33.69332,10.26414
24.09:  -1.033972,-33.52063,11.05202
24.11:  -1.210739,-33.34547,11.83356
24.13:  -1.373805,-33.16212,12.6151
24.14:  -1.530061,-32.97185,13.39031
24.16:  -1.670449,-32.76704,14.17185
24.18:  -1.795499,-32.56104,14.95972
24.19:  -1.908475,-32.33783,15.73493
24.21:  -2.013651,-32.10656,16.51647
24.23:  -2.107502,-31.88874,17.29167
24.24:  -2.203831,-31.65658,18.06688
24.26:  -2.296236,-31.42492,18.85476
24.28:  -2.383981,-31.19592,19.6363
24.29:  -2.470067,-30.96182,20.4115
24.31:  -2.555295,-30.72553,21.19304
24.33:  -2.634479,-30.4906,21.97458
24.34:  -2.713329,-30.24568,22.75612
24.36:  -2.785357,-30.01111,23.53132
24.38:  -2.85346,-29.77804,24.31287
24.39:  -2.922452,-29.52938,25.09441
24.41:  -2.98372,-29.29636,25.86961
24.43:  -3.043879,-29.06071,26.65115
24.44:  -3.101426,-28.81487,27.42636
24.46:  -3.154886,-28.57171,28.20156
24.48:  -3.204248,-28.33162,28.9831
24.49:  -3.251313,-28.08576,29.76464
24.51:  -3.296916,-27.83926,30.54618
24.53:  -3.336814,-27.59508,31.32138
24.54:  -3.367106,-27.34221,32.09659
24.56:  -3.376382,-27.10675,32.87813
24.58:  -3.312806,-26.91965,33.65333
24.59:  -3.225072,-26.79168,34.43487
24.61:  -3.092973,-26.73785,35.21007
24.63:  -2.914565,-26.71819,35.98528
24.64:  -2.701801,-26.71036,36.76048
24.68:  -2.46429,-26.68274,37.53568
24.69:  -2.212959,-26.62824,38.31722
24.71:  -1.980135,-26.53843,39.09242
24.73:  -1.760844,-26.42171,39.86762
24.74:  -1.557089,-26.27015,40.64917
24.76:  -1.358045,-26.10832,41.42437
24.78:  -1.163383,-25.94822,42.19957
24.79:  -0.9680437,-25.79195,42.97477
24.81:  -0.7689674,-25.6371,43.75631
24.83:  -0.5578086,-25.47742,44.53785
24.84:  -0.349067,-25.33877,45.31306
24.86:  -0.121752,-25.24067,46.10093
24.88:  0.1201557,-25.18469,46.87614
24.89:  0.3640297,-25.16328,47.65768
24.91:  0.6108632,-25.18514,48.44556
24.93:  0.8512464,-25.24278,49.22076
24.94:  1.080781,-25.34229,50.00231
24.96:  1.292104,-25.47987,50.79018
24.98:  1.478388,-25.65155,51.57806
24.99:  1.637409,-25.84187,52.36594
25.01:  1.789013,-26.04409,53.14114
25.03:  1.936122,-26.24557,53.86564
25.04:  2.079514,-26.44699,54.55212
25.06:  2.223678,-26.65452,55.21323
25.08:  2.363991,-26.86151,55.86802
25.09:  2.498564,-27.06936,56.51646
25.11:  2.627144,-27.28675,57.15223
25.13:  2.739286,-27.51057,57.78801
25.14:  2.846141,-27.73533,58.41743
25.16:  2.950792,-27.96765,59.04053
25.18:  3.0498,-28.2,59.65729
25.19:  3.148149,-28.43795,60.28038
25.21:  3.241687,-28.67135,60.89714
25.23:  3.333107,-28.90676,61.51389
25.24:  3.421278,-29.14118,62.12431
25.26:  3.507335,-29.3776,62.73472
25.28:  3.589867,-29.61199,63.33881
25.29:  3.669875,-29.84718,63.94922
25.31:  3.749526,-30.08958,64.54697
25.33:  3.825201,-30.32798,65.12569
25.34:  3.899109,-30.56866,65.6664
25.36:  3.971644,-30.81238,66.16273
25.38:  4.041902,-31.05494,66.58301
25.39:  4.110359,-31.2962,66.89555
25.41:  4.178565,-31.53947,67.07499
25.43:  4.24672,-31.78322,67.115
25.44:  4.311728,-32.02466,67.115
25.46:  4.380095,-32.26917,67.115
25.48:  4.448123,-32.51246,67.115
25.49:  4.51285,-32.75285,67.115
25.51:  4.578964,-32.99839,67.115
25.53:  4.647165,-33.24231,67.115
25.54:  4.714564,-33.48335,67.115
25.56:  4.782762,-33.72725,67.115
25.58:  4.850235,-33.96856,67.115
25.59:  4.915569,-34.21121,67.115
25.61:  4.984336,-34.45714,67.115
25.63:  5.051992,-34.6991,67.115
25.64:  5.119834,-34.94173,67.115
25.66:  5.18769,-35.18441,67.115
25.68:  5.258175,-35.42741,67.115
25.69:  5.327636,-35.66688,67.115
25.71:  5.400323,-35.90871,67.115
25.73:  5.472547,-36.14899,67.115
25.74:  5.544705,-36.38905,67.115
25.76:  5.617871,-36.63246,67.115
25.78:  5.691597,-36.87774,67.115
25.79:  5.761576,-37.11055,67.115
25.81:  5.834668,-37.35372,67.115
25.83:  5.906976,-37.59428,67.115
25.84:  5.978809,-37.83326,67.115
25.86:  6.051035,-38.07355,67.115
25.88:  6.124198,-38.31695,67.115
25.89:  6.195922,-38.55557,67.115
25.91:  6.271029,-38.80544,67.115
25.93:  6.341528,-39.03998,67.115
25.94:  6.415235,-39.28519,67.115
25.96:  6.483413,-39.52903,67.115
25.98:  6.547154,-39.76575,67.115
25.99:  6.60994,-40.01814,67.115
26.01:  6.660686,-40.26123,67.115
26.03:  6.703715,-40.51443,67.115
26.04:  6.741941,-40.76765,67.115
26.06:  6.776362,-41.02788,67.115
26.08:  6.805607,-41.28474,67.115
26.09:  6.828297,-41.54635,67.115
26.11:  6.849334,-41.81666,67.115
26.13:  6.871583,-42.07318,67.115
26.14:  6.893855,-42.32996,67.115
26.16:  6.916934,-42.59605,67.115
26.18:  6.939695,-42.85848,67.115
26.19:  6.962029,-43.11598,67.115
26.21:  6.984998,-43.38079,67.115
26.23:  7.007623,-43.64165,67.115
26.24:  7.030165,-43.90155,67.115
26.26:  7.053137,-44.1664,67.115
26.28:  7.075797,-44.42766,67.115
26.29:  7.099219,-44.69771,67.115
26.31:  7.119371,-44.95665,67.115
26.33:  7.139595,-45.21652,67.115
26.34:  7.159633,-45.47399,67.115
26.36:  7.180452,-45.74151,67.115
26.38:  7.203102,-46.00264,67.115
26.39:  7.225562,-46.2616,67.115
26.41:  7.248452,-46.52551,67.115
26.43:  7.271171,-46.78745,67.115
26.44:  7.293803,-47.04838,67.115
26.46:  7.316695,-47.31232,67.115
26.48:  7.338953,-47.56895,67.115
26.49:  7.363995,-47.8306,67.115
26.51:  7.393813,-48.09249,67.115
26.53:  7.4255,-48.35004,67.115
26.54:  7.459247,-48.60518,67.115
26.56:  7.495913,-48.86415,67.115
26.58:  7.534461,-49.1195,67.115
26.59:  7.574702,-49.37035,67.115
26.61:  7.620378,-49.62477,67.115
26.63:  7.667941,-49.87617,67.115
26.64:  7.717403,-50.1248,67.115
26.66:  7.769469,-50.38652,67.115
26.68:  7.820705,-50.63196,67.115
26.69:  7.871392,-50.87477,67.115
26.71:  7.923398,-51.1239,67.115
26.73:  7.975835,-51.37509,67.115
26.74:  8.027256,-51.62142,67.115
26.76:  8.079745,-51.87286,67.115
26.78:  8.131549,-52.12102,67.115
26.79:  8.183638,-52.37054,67.115
26.81:  8.235892,-52.62086,67.115
26.83:  8.288199,-52.87143,67.115
26.84:  8.339735,-53.11831,67.115
26.86:  8.392372,-53.37046,67.115
26.88:  8.457708,-53.61311,67.115
26.89:  8.543077,-53.84666,67.115
26.91:  8.64107,-54.07882,67.115
26.93:  8.737819,-54.30802,67.115
26.94:  8.857136,-54.52792,67.115
26.96:  9.0407,-54.70827,67.115
26.98:  9.265962,-54.82036,67.115
26.99:  9.503928,-54.89471,67.115
27.01:  9.750622,-54.95155,67.11301
27.03:  9.996357,-54.98599,67.11104
27.04:  10.24257,-55.01374,67.10271
27.06:  10.49153,-55.04298,67.0944
27.08:  10.73798,-55.07403,67.08607
27.09:  10.98314,-55.10482,67.06509
27.11:  11.23251,-55.13389,67.04409
27.13:  11.48282,-55.16388,67.01676
27.14:  11.72721,-55.19427,66.99577
27.16:  11.97732,-55.22523,66.9621
27.18:  12.22415,-55.25561,66.92209
27.19:  12.46898,-55.28554,66.87575
27.21:  12.71812,-55.31577,66.82306
27.23:  12.97511,-55.34668,66.76404
27.24:  13.2164,-55.3787,66.69234
27.26:  13.45736,-55.42383,66.60163
27.28:  13.69375,-55.47295,66.46656
27.29:  13.93557,-55.53199,66.28712
27.31:  14.17731,-55.5971,66.0633
27.33:  14.41681,-55.66755,65.7888
27.34:  14.65468,-55.73793,65.45724
27.36:  14.89755,-55.80796,65.05598
27.38:  15.13451,-55.87775,64.59133
27.39:  15.36635,-55.95615,64.08865
27.41:  15.59663,-56.03703,63.53527
27.43:  15.82687,-56.12431,62.91852
27.44:  16.05628,-56.21537,62.25106
27.46:  16.28707,-56.31113,61.54558
27.48:  16.52145,-56.41664,60.76403
27.49:  16.73621,-56.51482,59.97616
27.51:  16.95976,-56.62372,59.18827
27.53:  17.18349,-56.73797,58.4004
27.54:  17.39669,-56.86125,57.61252
27.56:  17.6169,-56.98972,56.82464
27.58:  17.82719,-57.12239,56.03676
27.59:  18.03449,-57.25555,55.24888
27.61:  18.24533,-57.39342,54.46101
27.63:  18.44925,-57.53366,53.67313
27.64:  18.64985,-57.67406,52.88525
27.66:  18.85632,-57.81816,52.09736
27.68:  19.05675,-57.9596,51.30949
27.69:  19.26015,-58.09897,50.52161
27.71:  19.47069,-58.23902,49.73373
27.73:  19.67597,-58.37155,48.94585
27.74:  19.88252,-58.50366,48.15797
27.76:  20.09118,-58.63311,47.3701
27.78:  20.30087,-58.762,46.58222
27.79:  20.5159,-58.89087,45.79434
27.81:  20.73105,-59.01583,45.00645
27.83:  20.94747,-59.13758,44.21858
27.84:  21.17127,-59.26295,43.4307
27.86:  21.38523,-59.38163,42.64282
27.88:  21.60254,-59.50098,41.85494
27.89:  21.81856,-59.62117,41.06706
27.91:  22.03804,-59.73936,40.27919
27.93:  22.25827,-59.85408,39.49131
27.94:  22.47762,-59.96453,38.70343
27.96:  22.70345,-60.0717,37.91555
27.98:  22.93457,-60.17751,37.12767
27.99:  23.1566,-60.27295,36.3398
28.01:  23.3924,-60.36527,35.55192
28.03:  23.62738,-60.45102,34.76404
28.04:  23.86244,-60.53316,33.97617
28.06:  24.10303,-60.61353,33.18829
28.08:  24.34241,-60.68986,32.40041
28.09:  24.58242,-60.76341,31.61253
28.11:  24.82441,-60.8333,30.82465
28.13:  25.06734,-60.89986,30.03678
28.14:  25.30796,-60.96224,29.2489
28.16:  25.55406,-61.02244,28.46102
28.18:  25.79686,-61.07831,27.67314
28.19:  26.04259,-61.13131,26.88526
28.21:  26.28657,-61.18042,26.09738
28.23:  26.54339,-61.22846,25.30951
28.24:  26.78803,-61.27374,24.52163
28.26:  27.03658,-61.31561,23.73375
28.28:  27.28309,-61.35365,22.94587
28.29:  27.52629,-61.3907,22.15799
28.31:  27.77305,-61.42908,21.37011
28.33:  28.0183,-61.4662,20.58224
28.34:  28.26056,-61.50186,19.79436
28.36:  28.50859,-61.54273,19.00648
28.38:  28.75285,-61.58724,18.2186
28.39:  28.99912,-61.63387,17.43072
28.41:  29.24675,-61.6847,16.64284
28.43:  29.4942,-61.73196,15.85496
28.44:  29.7392,-61.78021,15.06709
28.46:  29.98359,-61.82981,14.27921
28.48:  30.2295,-61.88626,13.49133
28.49:  30.47097,-61.9407,12.70345
28.51:  30.71658,-61.99253,11.91557
28.53:  30.96251,-62.0409,11.12769
28.54:  31.20605,-62.08533,10.33981
28.56:  31.45514,-62.12725,9.551935
28.58:  31.70231,-62.16536,8.764056
28.59:  31.94761,-62.19973,7.976177
28.61:  32.20214,-62.23183,7.188298
28.63:  32.4463,-62.25922,6.400419
28.64:  32.69539,-62.2837,5.612541
28.66:  32.94442,-62.30471,4.824662
28.68:  33.19487,-62.32239,4.036783
28.69:  33.44149,-62.33639,3.248904
28.71:  33.69229,-62.34717,2.461025
28.73:  33.94245,-62.35447,1.673146
28.74:  34.19804,-62.35851,0.9042808
28.76:  34.44314,-62.3596,0.2558355
28.78:  34.69304,-62.35889,359.8355
28.79:  34.94015,-62.35707,359.58
28.81:  35.19204,-62.35452,359.4196
28.83:  35.45045,-62.35135,359.2972
28.84:  35.69038,-62.34808,359.2192
28.86:  35.94331,-62.34438,359.1602
28.88:  36.19282,-62.34052,359.1138
28.89:  36.43966,-62.3365,359.0675
28.91:  36.69201,-62.33221,359.0275
28.93:  36.94261,-62.32779,358.9875
28.94:  37.19106,-62.32325,358.9538
28.96:  37.44242,-62.31848,358.9138
28.98:  37.69231,-62.31357,358.8738
28.99:  37.94061,-62.30851,358.8338
29.01:  38.18979,-62.30327,358.7938
29.03:  38.44236,-62.29778,358.7538
29.04:  38.69038,-62.29221,358.7137
29.06:  38.94271,-62.28636,358.6737
29.08:  39.19225,-62.28041,358.6337
29.09:  39.44194,-62.27425,358.5874
29.11:  39.68798,-62.26802,358.5474
29.13:  39.94213,-62.26136,358.501
29.14:  40.18864,-62.25471,358.4547
29.16:  40.44187,-62.24771,358.4147
29.18:  40.69081,-62.24064,358.3747
29.19:  40.93963,-62.23341,358.3347
29.21:  41.18788,-62.22602,358.2946
29.23:  41.44063,-62.21829,358.2483
29.24:  41.69659,-62.21028,358.2083
29.26:  41.94083,-62.20247,358.1683
29.28:  42.19106,-62.19429,358.1283
29.29:  42.43905,-62.18599,358.0819
29.31:  42.68799,-62.17745,358.0356
29.33:  42.94014,-62.1686,357.9893
29.34:  43.18952,-62.15964,357.9429
29.36:  43.43914,-62.15047,357.8965
29.38:  43.68945,-62.1411,357.8565
29.39:  43.93767,-62.13161,357.8102
29.41:  44.18693,-62.12188,357.7639
29.43:  44.43853,-62.11188,357.7238
29.44:  44.68676,-62.10184,357.6838
29.46:  44.93868,-62.09147,357.6438
29.48:  45.19273,-62.08084,357.6038
29.49:  45.44506,-62.07011,357.5638
29.51:  45.68723,-62.05963,357.5238
29.53:  45.93765,-62.04863,357.4838
29.54:  46.18611,-62.03751,357.4375
29.56:  46.43747,-62.02608,357.3975
29.58:  46.68634,-62.0146,357.3575
29.59:  46.93476,-62.00296,357.3174
29.61:  47.18322,-61.99112,357.2711
29.63:  47.43573,-61.97887,357.2247
29.64:  47.68419,-61.96663,357.1784
29.66:  47.93571,-61.95403,357.132
29.68:  48.19363,-61.9409,357.0857
29.69:  48.44004,-61.92815,357.0394
29.71:  48.68417,-61.91536,356.9994
29.73:  48.93393,-61.90209,356.9594
29.74:  49.18383,-61.88864,356.9193
29.76:  49.43394,-61.875,356.8793
29.78:  49.6789,-61.86148,356.8393
29.79:  49.93211,-61.84732,356.7993
29.81:  50.18094,-61.83323,356.7593
29.83:  50.43152,-61.81887,356.7193
29.84:  50.67931,-61.80446,356.6729
29.86:  50.93222,-61.78958,356.6329
29.88:  51.18155,-61.77471,356.5866
29.89:  51.42892,-61.75975,356.5403
29.91:  51.67856,-61.74446,356.4939
29.93:  51.92901,-61.72891,356.4476
29.94:  52.17732,-61.71329,356.4012
29.96:  52.42923,-61.69725,356.3549
29.98:  52.67852,-61.68119,356.3148
29.99:  52.92494,-61.66512,356.2685
30.01:  53.17517,-61.64862,356.2285
30.03:  53.42613,-61.63187,356.1822
30.04:  53.67368,-61.61518,356.1422
30.06:  53.9324,-61.59755,356.1021
30.08:  54.17911,-61.58054,356.0558
30.09:  54.42429,-61.56347,356.0158
30.11:  54.67324,-61.54593,355.9695
30.13:  54.93001,-61.52762,355.9231
30.14:  55.17433,-61.51001,355.8767
30.16:  55.42371,-61.49183,355.8304
30.18:  55.67267,-61.47348,355.7841
30.19:  55.91808,-61.45522,355.744
30.21:  56.16837,-61.43639,355.6977
30.23:  56.41803,-61.4174,355.6514
30.24:  56.66821,-61.39817,355.605
30.26:  56.91729,-61.37885,355.565
30.28:  57.16274,-61.35962,355.5186
30.29:  57.41387,-61.33973,355.4723
30.31:  57.66464,-61.3197,355.4323
30.33:  57.914,-61.2996,355.3923
30.34:  58.16275,-61.27938,355.3523
30.36:  58.41083,-61.25901,355.3059
30.38:  58.66186,-61.23822,355.2659
30.39:  58.90937,-61.21752,355.2196
30.41:  59.15923,-61.19642,355.1732
30.43:  59.40852,-61.17519,355.1332
30.44:  59.65614,-61.15391,355.0869
30.46:  59.91613,-61.13138,355.0469
30.48:  60.15744,-61.11027,355.0005
30.49:  60.40277,-61.08861,354.9542
30.51:  60.65364,-61.06625,354.9078
30.53:  60.90316,-61.04382,354.8615
30.54:  61.14899,-61.02151,354.8152
30.56:  61.39901,-60.99862,354.7688
30.58:  61.65039,-60.9754,354.7225
30.59:  61.89987,-60.95218,354.6825
30.61:  62.14793,-60.92891,354.6425
30.63:  62.40339,-60.90477,354.6024
30.64:  62.64811,-60.88148,354.5624
30.66:  62.89864,-60.85746,354.5224
30.68:  63.14372,-60.83376,354.4761
30.69:  63.39004,-60.80976,354.4361
30.71:  63.64162,-60.78505,354.3897
30.73:  63.88961,-60.76048,354.3434
30.74:  64.13893,-60.73558,354.297
30.76:  64.38737,-60.71057,354.2507
30.78:  64.63693,-60.68524,354.2043
30.79:  64.88065,-60.66031,354.158
30.81:  65.13233,-60.63435,354.1116
30.83:  65.38055,-60.60854,354.0653
30.84:  65.63726,-60.58165,354.019
30.86:  65.87943,-60.55611,353.9789
30.88:  66.12778,-60.52971,353.9326
30.89:  66.37519,-60.50323,353.8926
30.91:  66.62508,-60.47632,353.8526
30.93:  66.8738,-60.44933,353.8062
30.94:  67.12039,-60.42239,353.7662
30.96:  67.3708,-60.39486,353.7262
30.98:  67.6199,-60.3673,353.6862
30.99:  67.86563,-60.33994,353.6462
31.01:  68.11462,-60.31204,353.6062
31.03:  68.37198,-60.28299,353.5598
31.04:  68.61475,-60.25539,353.5135
31.06:  68.8625,-60.22701,353.4672
31.08:  69.11047,-60.19841,353.4208
31.09:  69.35625,-60.16986,353.3745
31.11:  69.60604,-60.14064,353.3281
31.13:  69.8544,-60.11139,353.2818
31.14:  70.10245,-60.08197,353.2354
31.16:  70.35007,-60.05239,353.1891
31.18:  70.59851,-60.02251,353.1427
31.19:  70.84661,-59.99248,353.0964
31.21:  71.09518,-59.96218,353.05
31.23:  71.34285,-59.93181,353.01
31.24:  71.59766,-59.90036,352.9637
31.26:  71.83915,-59.87035,352.9174
31.28:  72.08754,-59.83926,352.8647
31.29:  72.3342,-59.80815,352.812
31.31:  72.58403,-59.77638,352.753
31.33:  72.83131,-59.74468,352.6939
31.34:  73.08504,-59.71188,352.6349
31.36:  73.33243,-59.67965,352.5759
31.38:  73.57693,-59.6377,352.5105
31.39:  73.81727,-59.58396,352.4388
31.41:  74.06221,-59.5137,352.3608
31.43:  74.30001,-59.42262,352.2828
31.44:  74.53787,-59.31815,352.1604
31.46:  74.77132,-59.203,352.0063
31.48:  74.98785,-59.0647,351.7888
31.49:  75.19088,-58.91706,351.527
31.51:  75.38001,-58.75473,351.1891
31.53:  75.5649,-58.57634,350.7878
31.54:  75.74573,-58.39497,350.3232
31.56:  75.91783,-58.2135,349.7951
31.58:  76.08228,-58.02067,349.2037
31.59:  76.23882,-57.82277,348.5807
31.61:  76.38693,-57.62249,347.9322
31.63:  76.5253,-57.4195,347.2774
31.64:  76.66142,-57.21154,346.6163
31.66:  76.79716,-57.00217,345.9552
31.68:  76.92956,-56.78935,345.2941
31.69:  77.05822,-56.57711,344.6329
31.71:  77.18948,-56.35494,343.9845
31.73:  77.31002,-56.14576,343.3614
31.74:  77.43595,-55.92244,342.827
31.76:  77.55608,-55.70943,342.4194
31.78:  77.67217,-55.49391,342.1069
31.79:  77.78806,-55.28038,341.8767
31.81:  77.90871,-55.05988,341.6846
31.83:  78.02512,-54.84574,341.5242
31.84:  78.14705,-54.6202,341.3954
31.86:  78.26231,-54.4023,341.2857
31.88:  78.38002,-54.18287,341.2077
31.89:  78.49532,-53.96733,341.1423
31.91:  78.61163,-53.74562,341.0897
31.93:  78.72791,-53.52351,341.0433
31.94:  78.8436,-53.30593,340.997
31.96:  78.9653,-53.07256,340.9506
31.98:  79.07651,-52.8589,340.9043
31.99:  79.19086,-52.63875,340.8579
32.01:  79.30492,-52.41879,340.8179
32.03:  79.41946,-52.19754,340.7779
32.04:  79.53785,-51.97242,340.7379
32.06:  79.65308,-51.75294,340.6979
32.08:  79.76571,-51.53419,340.6516
32.09:  79.87912,-51.31733,340.6052
32.11:  79.99378,-51.09764,340.5589
32.13:  80.10828,-50.87788,340.5189
32.14:  80.22214,-50.65511,340.4789
32.16:  80.33652,-50.43475,340.4325
32.18:  80.4515,-50.21284,340.3861
32.19:  80.56118,-49.99331,340.3461
32.21:  80.66788,-49.76757,340.2998
32.23:  80.76379,-49.52659,340.2534
32.24:  80.85017,-49.29487,340.2071
32.26:  80.92976,-49.06496,340.1671
32.28:  81.01157,-48.82315,340.1208
32.29:  81.08795,-48.59222,340.0807
32.31:  81.16579,-48.35621,340.0344
32.33:  81.24513,-48.11014,339.9944
32.34:  81.31697,-47.87584,339.9544
32.36:  81.37974,-47.63382,339.9144
32.38:  81.43475,-47.39132,339.8744
32.39:  81.48922,-47.15036,339.8344
32.41:  81.54352,-46.90941,339.7943
32.43:  81.59898,-46.65603,339.748
32.44:  81.65106,-46.41736,339.708
32.46:  81.70456,-46.17738,339.6617
32.48:  81.75714,-45.9345,339.6153
32.49:  81.81048,-45.69353,339.5753
32.51:  81.8644,-45.44897,339.529
32.53:  81.91793,-45.20538,339.489
32.54:  81.96986,-44.96195,339.4426
32.56:  82.02214,-44.71594,339.3962
32.58:  82.07633,-44.46645,339.3499
32.59:  82.12672,-44.22753,339.3099
32.61:  82.17829,-43.98219,339.2699
32.63:  82.22958,-43.73735,339.2299
32.64:  82.27979,-43.49666,339.1835
32.66:  82.33112,-43.24973,339.1435
32.68:  82.38186,-43.0047,339.0972
32.69:  82.43433,-42.757,339.0572
32.71:  82.48471,-42.5184,339.0172
32.73:  82.53573,-42.27594,338.9771
32.74:  82.58572,-42.03089,338.9308
32.76:  82.6365,-41.78764,338.8845
32.78:  82.68697,-41.54486,338.8381
32.79:  82.7371,-41.30286,338.7981
32.81:  82.78612,-41.0587,338.7518
32.83:  82.8356,-40.81118,338.7054
32.84:  82.88583,-40.55885,338.6591
32.86:  82.93482,-40.31846,338.6127
32.88:  82.98392,-40.07663,338.5727
32.89:  83.03114,-39.83669,338.5327
32.91:  83.07938,-39.59069,338.4927
32.93:  83.12853,-39.34599,338.4527
32.94:  83.17612,-39.10142,338.4127
32.96:  83.22491,-38.85676,338.3727
32.98:  83.27011,-38.6119,338.3327
32.99:  83.30962,-38.36691,338.2927
33.01:  83.34681,-38.1134,338.2527
33.03:  83.38212,-37.87139,338.2063
33.04:  83.40916,-37.62381,338.1599
33.06:  83.43195,-37.37215,338.1136
33.08:  83.43912,-37.1214,338.0736
33.09:  83.44287,-36.87178,338.0273
33.11:  83.44872,-36.61877,337.9809
33.13:  83.45446,-36.36183,337.9346
33.14:  83.45762,-36.11116,337.8882
33.16:  83.46064,-35.8572,337.8482
33.18:  83.46348,-35.60348,337.8082
33.19:  83.46609,-35.35182,337.7619
33.21:  83.46861,-35.08974,337.7155
33.23:  83.47078,-34.84571,337.6755
33.24:  83.47509,-34.59347,337.6355
33.26:  83.47794,-34.34377,337.6018
33.28:  83.4829,-34.09146,337.5618
33.29:  83.48447,-33.83828,337.5218
33.31:  83.48677,-33.59133,337.4818
33.33:  83.49125,-33.33635,337.4418
33.34:  83.49545,-33.08733,337.4018
33.36:  83.49632,-32.83245,337.3618
33.38:  83.49701,-32.5797,337.3218
33.39:  83.49975,-32.3267,337.2754
33.41:  83.50002,-32.07644,337.2291
33.43:  83.50238,-31.81977,337.1827
33.44:  83.50225,-31.56876,337.1364
33.46:  83.50418,-31.31332,337.09
33.48:  83.50365,-31.06126,337.0437
33.49:  83.5029,-30.80961,336.9973
33.51:  83.50198,-30.55766,336.9573
33.53:  83.50182,-30.30471,336.911
33.54:  83.50375,-30.05441,336.8773
33.56:  83.50456,-29.79784,336.8373
33.58:  83.50293,-29.54817,336.791
33.59:  83.50108,-29.29729,336.7446
33.61:  83.49902,-29.04576,336.6983
33.63:  83.49675,-28.7895,336.6583
33.64:  83.49528,-28.53313,336.6183
33.66:  83.4927,-28.28459,336.5719
33.68:  83.4899,-28.03222,336.5319
33.69:  83.48792,-27.78694,336.4856
33.71:  83.48473,-27.53543,336.4392
33.73:  83.48454,-27.27904,336.3929
33.74:  83.48084,-27.02069,336.3465
33.76:  83.47713,-26.77295,336.3065
33.78:  83.47535,-26.51199,336.2665
33.79:  83.47134,-26.26904,336.2202
33.81:  83.46799,-26.01724,336.1865
33.83:  83.46442,-25.76241,336.1465
33.84:  83.46304,-25.52112,336.1065
33.86:  83.45816,-25.26849,336.0602
33.88:  83.45307,-25.0154,336.0138
33.89:  83.45106,-24.76579,335.9738
33.91:  83.44563,-24.51322,335.9338
33.93:  83.43999,-24.2606,335.8874
33.94:  83.43636,-24.00587,335.8411
33.96:  83.43033,-23.7537,335.7947
33.98:  83.42505,-23.50179,335.7484
33.99:  83.42186,-23.2501,335.7084
34.01:  83.41519,-22.99512,335.6684
34.03:  83.40841,-22.7427,335.6284
34.04:  83.40144,-22.48952,335.5883
34.06:  83.39649,-22.2353,335.542
34.08:  83.3924,-21.98404,335.502
34.09:  83.38494,-21.7332,335.462
34.11:  83.37946,-21.4784,335.422
34.13:  83.3738,-21.22448,335.382
34.14:  83.36575,-20.97245,335.3356
34.16:  83.36077,-20.72214,335.2956
34.18:  83.35226,-20.46712,335.2556
34.19:  83.34478,-20.21977,335.2156
34.21:  83.33594,-19.96613,335.1693
34.23:  83.32913,-19.71188,335.1229
34.24:  83.32215,-19.45883,335.0766
34.26:  83.31493,-19.20455,335.0302
34.28:  83.30533,-18.95236,334.9839
34.29:  83.29665,-18.70529,334.9375
34.31:  83.2888,-18.4507,334.8912
34.33:  83.27853,-18.19666,334.8512
34.34:  83.26821,-17.94561,334.8112
34.36:  83.25754,-17.69121,334.7648
34.38:  83.24677,-17.4386,334.7248
34.39:  83.23592,-17.18815,334.6848
34.41:  83.22582,-16.93728,334.6448
34.43:  83.21778,-16.6855,334.6048
34.44:  83.20628,-16.43235,334.5648
34.46:  83.19685,-16.17885,334.5248
34.48:  83.18607,-15.92844,334.4848
34.49:  83.17636,-15.67709,334.4448
34.51:  83.16379,-15.41693,334.3984
34.53:  83.1538,-15.16873,334.3521
34.54:  83.14452,-14.91843,334.3121
34.56:  83.13172,-14.66527,334.2721
34.58:  83.12108,-14.41449,334.2257
34.59:  83.10903,-14.16479,334.1857
34.61:  83.09573,-13.91273,334.1457
34.63:  83.08215,-13.65937,334.0994
34.64:  83.06954,-13.40955,334.0594
34.66:  83.05669,-13.15826,334.0193
34.68:  83.04257,-12.90485,333.9793
34.69:  83.02926,-12.65106,333.9456
34.71:  83.01709,-12.39827,333.8993
34.73:  83.0026,-12.14808,333.853
34.74:  82.98911,-11.90179,333.813
34.76:  82.97623,-11.646,333.7729
34.78:  82.96133,-11.39771,333.7329
34.79:  82.94701,-11.1464,333.6866
34.81:  82.93379,-10.895,333.6466
34.83:  82.91972,-10.63138,333.6003
34.84:  82.90412,-10.38425,333.5539
34.86:  82.88814,-10.13393,333.5139
34.88:  82.87179,-9.881022,333.4675
34.89:  82.85562,-9.63403,333.4212
34.91:  82.83833,-9.372744,333.3812
34.93:  82.82177,-9.125004,333.3412
34.94:  82.80475,-8.87308,333.3012
34.96:  82.78754,-8.620954,333.2612
34.98:  82.7724,-8.368773,333.2212
34.99:  82.75664,-8.109139,333.1812
35.01:  82.74119,-7.85763,333.1411
35.03:  82.72546,-7.604535,333.1011
35.04:  82.70986,-7.356182,333.0611
35.06:  82.69375,-7.102553,333.0211
35.08:  82.67879,-6.854574,332.9811
35.09:  82.66336,-6.601917,332.9411
35.11:  82.64471,-6.352253,332.8948
35.13:  82.62545,-6.097142,332.8484
35.14:  82.60641,-5.847187,332.8084
35.16:  82.58688,-5.593398,332.7684
35.18:  82.56674,-5.333889,332.7284
35.19:  82.54728,-5.08568,332.682
35.21:  82.52798,-4.842194,332.6357
35.23:  82.50751,-4.58652,332.5894
35.24:  82.48714,-4.334541,332.543
35.26:  82.46666,-4.083784,332.4967
35.28:  82.44579,-3.830551,332.4567
35.29:  82.42608,-3.581854,332.4167
35.31:  82.40828,-3.330883,332.3766
35.33:  82.38967,-3.071199,332.3366
35.34:  82.37051,-2.819765,332.2966
35.36:  82.35244,-2.573228,332.2439
35.38:  82.33393,-2.32491,332.1722
35.39:  82.33015,-2.074317,332.0752
35.43:  82.34769,-1.826006,331.9148
35.44:  82.39657,-1.575066,331.6529
35.46:  82.46641,-1.341842,331.2643
35.48:  82.55637,-1.110909,330.73
35.49:  82.65761,-0.8872365,330.0879
35.51:  82.76564,-0.6669435,329.338
35.53:  82.88018,-0.4440766,328.5501
35.54:  83.00729,-0.2278332,327.7623
35.56:  83.13694,-0.009091482,326.9744
35.58:  83.26675,0.2081062,326.1865
35.59:  83.39459,0.4244018,325.3986
35.61:  83.52046,0.6421521,324.6107
35.63:  83.64185,0.8610643,323.8228
35.64:  83.7621,1.082965,323.035
35.66:  83.8787,1.307602,322.2471
35.68:  83.99148,1.532373,321.4592
35.69:  84.10311,1.760346,320.6713
35.71:  84.21386,1.994613,319.8835
35.73:  84.31622,2.219068,319.0956
35.74:  84.41949,2.456652,318.3077
35.76:  84.51472,2.684243,317.5198
35.78:  84.60859,2.914842,316.7319
35.79:  84.69946,3.149988,315.9441
35.81:  84.78646,3.384633,315.1562
35.83:  84.87167,3.617952,314.3683
35.84:  84.95747,3.863289,313.5804
35.86:  85.03615,4.095483,312.7925
35.88:  85.11404,4.339543,312.0047
35.89:  85.18543,4.574371,311.2168
35.91:  85.25442,4.812991,310.4289
35.93:  85.32579,5.05255,309.641
35.94:  85.39418,5.294224,308.8531
35.96:  85.46053,5.53294,308.0653
35.98:  85.52446,5.775859,307.2774
35.99:  85.58453,6.017592,306.4895
36.01:  85.64102,6.259041,305.7016
36.03:  85.69484,6.504194,304.9138
36.04:  85.74503,6.748842,304.1259
36.06:  85.79108,6.990177,303.338
36.08:  85.83645,7.241549,302.5501
36.09:  85.87775,7.489916,301.7622
36.11:  85.91405,7.734452,300.9744
36.13:  85.94743,7.982855,300.1865
36.14:  85.97728,8.230842,299.3986
36.16:  86.00372,8.47918,298.6107
36.18:  86.02792,8.730379,297.8228
36.19:  86.04745,8.978363,297.035
36.21:  86.0646,9.22817,296.2471
36.23:  86.07893,9.489421,295.4592
36.24:  86.08894,9.732959,294.6713
36.26:  86.09568,9.980043,293.8834
36.28:  86.09914,10.2356,293.0956
36.29:  86.09909,10.48675,292.3077
36.31:  86.09557,10.73852,291.5198
36.33:  86.08776,10.98701,290.7319
36.34:  86.07642,11.23776,289.944
36.36:  86.06259,11.48806,289.1562
36.38:  86.04462,11.74817,288.3683
36.39:  86.02099,11.99498,287.5804
36.41:  85.98808,12.21763,286.7925
36.43:  85.95068,12.44209,286.0047
36.44:  85.90881,12.66185,285.2168
36.46:  85.86407,12.88027,284.4289
36.48:  85.81562,13.09631,283.641
36.49:  85.7645,13.31516,282.8531
36.51:  85.71072,13.53183,282.0652
36.53:  85.65494,13.7525,281.2774
36.54:  85.58636,13.99046,280.4895
36.56:  85.51391,14.23326,279.7016
36.58:  85.43545,14.47621,278.9137
36.59:  85.33451,14.70937,278.1259
36.61:  85.21522,14.92885,277.338
36.63:  85.07285,15.13618,276.5501
36.64:  84.90759,15.32216,275.7622
36.66:  84.72981,15.49857,274.9743
36.68:  84.54786,15.66689,274.1992
36.69:  84.36543,15.83215,273.6014
36.71:  84.18112,15.99526,273.2889
36.73:  83.98115,16.14823,273.2552
36.74:  83.77232,16.28304,273.2405
36.76:  83.56487,16.41697,273.2386
36.78:  83.35584,16.55189,273.2386
36.79:  83.1461,16.68728,273.2386
36.81:  82.93953,16.82063,273.2386
36.83:  82.7308,16.95537,273.2386
36.84:  82.52182,17.09027,273.2386
36.86:  82.31308,17.22502,273.2386
36.88:  82.10124,17.36286,273.2386
36.89:  81.8884,17.49232,273.2386
36.91:  81.67274,17.62215,273.2366
36.93:  81.45785,17.75147,273.2283
36.94:  81.24001,17.88245,273.2073
36.96:  81.02445,18.01192,273.1799
36.98:  80.80694,18.14239,273.1463
36.99:  80.5913,18.27157,273.1126
37.01:  80.37531,18.40075,273.0726
37.03:  80.15821,18.52653,273.0262
37.04:  79.93436,18.65214,272.9799
37.06:  79.71075,18.76606,272.9209
37.08:  79.48129,18.87893,272.8492
37.09:  79.25254,18.99101,272.7585
37.11:  79.0272,19.10072,272.6171
37.13:  78.79183,19.21432,272.4186
37.14:  78.56566,19.32232,272.1821
37.16:  78.33855,19.42941,271.9013
37.18:  78.11002,19.53565,271.5887
37.19:  77.8813,19.64034,271.2509
37.21:  77.64741,19.74564,270.894
37.23:  77.41822,19.84705,270.5244
37.24:  77.1834,19.94903,270.1295
37.26:  76.95069,20.04815,269.7282
37.28:  76.71906,20.14487,269.3206
37.29:  76.47999,20.24259,268.8876
37.31:  76.23885,20.33894,268.4356
37.33:  76.00866,20.42879,267.9773
37.34:  75.7742,20.51815,267.519
37.36:  75.53675,20.60752,267.0607
37.38:  75.30037,20.69434,266.6024
37.39:  75.06272,20.77844,266.1441
37.41:  74.82298,20.86113,265.6858
37.43:  74.58713,20.94139,265.2275
37.44:  74.33733,21.02319,264.7882
37.46:  74.09823,21.09964,264.3869
37.48:  73.85517,21.17599,264.0934
37.49:  73.61616,21.25009,263.8823
37.51:  73.37479,21.32434,263.7535
37.53:  73.13356,21.39586,263.6818
37.54:  72.891,21.46748,263.6165
37.56:  72.65023,21.5407,263.5701
37.58:  72.40522,21.61264,263.5301
37.59:  72.16323,21.68351,263.4901
37.61:  71.9221,21.75631,263.4565
37.63:  71.67178,21.82931,263.4228
37.64:  71.43105,21.90171,263.3954
37.66:  71.19219,21.97342,263.3681
37.68:  70.94564,22.04494,263.3408
37.69:  70.7067,22.11411,263.3134
37.71:  70.4636,22.18673,263.2861
37.73:  70.22465,22.25797,263.2588
37.74:  69.97818,22.33134,263.2314
37.76:  69.73577,22.40102,263.2041
37.78:  69.49126,22.47121,263.1831
37.79:  69.25033,22.54025,263.1558
37.81:  68.99999,22.61185,263.1284
37.83:  68.75967,22.68047,263.1011
37.84:  68.51774,22.74941,263.0738
37.86:  68.2785,22.81747,263.0464
37.88:  68.02854,22.88845,263.0191
37.89:  67.7912,22.95573,262.9918
37.91:  67.54919,23.0242,262.9645
37.93:  67.30533,23.09307,262.9371
37.94:  67.06526,23.16075,262.9098
37.96:  66.80849,23.2105,262.8825
37.98:  66.55991,23.25068,262.8551
37.99:  66.31396,23.29032,262.8278
38.01:  66.06524,23.3279,262.8005
38.03:  65.81327,23.36756,262.7731
38.04:  65.55334,23.40832,262.7395
38.06:  65.30853,23.44659,262.7121
38.08:  65.04986,23.4869,262.6848
38.09:  64.79572,23.52637,262.6575
38.11:  64.55149,23.56419,262.6301
38.13:  64.30057,23.60295,262.6092
38.14:  64.04515,23.64299,262.5818
38.16:  63.79982,23.68133,262.5545
38.18:  63.54375,23.72051,262.5272
38.19:  63.29468,23.7585,262.4998
38.21:  63.04829,23.79663,262.4725
38.23:  62.79445,23.8351,262.4452
38.24:  62.5435,23.87301,262.4178
38.26:  62.28974,23.91122,262.3905
38.28:  62.03953,23.94949,262.3695
38.29:  61.78844,23.9878,262.3485
38.31:  61.53236,24.02604,262.3212
38.33:  61.27909,24.06374,262.2938
38.34:  61.03214,24.10038,262.2665
38.36:  60.78363,24.13713,262.2392
38.38:  60.52774,24.17481,262.2055
38.39:  60.27515,24.21189,262.1782
38.41:  60.01773,24.24955,262.1508
38.43:  59.76958,24.28573,262.1235
38.44:  59.51756,24.32235,262.0962
38.46:  59.2626,24.35859,262.0688
38.48:  59.00726,24.39475,262.0415
38.49:  58.75139,24.43087,262.0142
38.51:  58.50337,24.46643,261.9869
38.53:  58.24819,24.50292,261.9659
38.54:  57.99197,24.53874,261.9385
38.56:  57.74287,24.57412,261.9112
38.58:  57.47279,24.61162,261.8839
38.59:  57.2314,24.64567,261.8566
38.61:  56.97829,24.68125,261.8292
38.63:  56.72221,24.71639,261.7955
38.64:  56.46797,24.75117,261.7682
38.66:  56.21703,24.78605,261.7409
38.68:  55.96277,24.82127,261.7136
38.69:  55.70731,24.85581,261.6799
38.71:  55.45541,24.89039,261.6462
38.73:  55.20262,24.92495,261.6125
38.74:  54.94646,24.9591,261.5725
38.76:  54.68582,24.99126,261.5389
38.78:  54.43367,24.99792,261.5052
38.79:  54.18297,24.98753,261.4716
38.81:  53.93479,24.96984,261.4379
38.83:  53.68393,24.94935,261.4042
38.84:  53.43729,24.92663,261.3705
38.86:  53.1914,24.9014,261.3369
38.88:  52.93151,24.87202,261.3032
38.89:  52.68876,24.84683,261.2695
38.91:  52.44268,24.82115,261.2358
38.93:  52.19211,24.79237,261.2022
38.94:  51.94144,24.76094,261.1685
38.96:  51.69656,24.72765,261.1348
38.98:  51.44752,24.69612,261.1012
38.99:  51.20008,24.66711,261.0675
39.01:  50.95261,24.63549,261.0338
39.03:  50.70504,24.60371,261.0002
39.04:  50.45934,24.57447,260.9665
39.06:  50.20008,24.54348,260.9391
39.08:  49.95515,24.51406,260.9055
39.09:  49.70295,24.48362,260.8718
39.11:  49.46379,24.45224,260.8381
39.13:  49.21439,24.42183,260.8045
39.14:  48.96393,24.39116,260.7708
39.16:  48.71765,24.36084,260.7371
39.18:  48.46988,24.32031,260.7098
39.19:  48.22348,24.27986,260.6761
39.21:  47.97813,24.23942,260.6425
39.23:  47.73063,24.19849,260.6088
39.24:  47.4768,24.15635,260.5751
39.26:  47.2374,24.11647,260.5414
39.28:  46.99365,24.06083,260.5078
39.29:  46.75379,23.99849,260.4741
39.31:  46.5112,23.93277,260.4404
39.33:  46.2654,23.86602,260.4068
39.34:  46.02654,23.80101,260.3731
39.36:  45.78426,23.73491,260.3394
39.38:  45.5309,23.67874,260.3058
39.39:  45.28549,23.6367,260.2784
39.41:  45.04426,23.59522,260.2448
39.43:  44.79668,23.55251,260.2111
39.44:  44.55088,23.50995,260.1774
39.46:  44.30495,23.46722,260.1437
39.48:  44.05864,23.42428,260.1101
39.49:  43.81304,23.38134,260.0827
39.51:  43.56609,23.33801,260.0491
39.53:  43.32172,23.29499,260.0154
39.54:  43.07489,23.25141,259.9881
39.56:  42.82795,23.20767,259.9544
39.58:  42.58152,23.16386,259.9207
39.59:  42.33533,23.11996,259.8871
39.61:  42.08625,23.07538,259.8534
39.63:  41.84244,23.0316,259.8197
39.64:  41.59272,22.9866,259.786
39.66:  41.35038,22.94279,259.7524
39.68:  41.10469,22.89825,259.725
39.69:  40.85938,22.85363,259.6914
39.71:  40.61578,22.80921,259.6641
39.73:  40.36811,22.76389,259.6304
39.74:  40.12219,22.71874,259.5967
39.76:  39.87573,22.67334,259.563
39.78:  39.62974,22.62788,259.5294
39.79:  39.38367,22.58225,259.4957
39.81:  39.13846,22.53663,259.462
39.83:  38.89281,22.49079,259.4283
39.84:  38.64608,22.44459,259.3947
39.86:  38.40147,22.39864,259.361
39.88:  38.14977,22.35123,259.3337
39.89:  37.91162,22.30624,259.3
39.91:  37.66406,22.25931,259.2664
39.93:  37.41858,22.21265,259.239
39.94:  37.17265,22.16579,259.2117
39.96:  36.92771,22.11897,259.178
39.98:  36.68484,22.0724,259.1443
39.99:  36.43041,22.02345,259.1107
40.01:  36.18567,21.97622,259.077
40.03:  35.94441,21.92951,259.0433
40.04:  35.70049,21.88214,259.0097
40.06:  35.45384,21.83409,258.976
40.08:  35.21163,21.78676,258.9423
40.09:  34.96312,21.73804,258.9087
40.11:  34.71823,21.68988,258.875
40.13:  34.47508,21.64192,258.8413
40.14:  34.22783,21.593,258.8076
40.16:  33.98351,21.5445,258.774
40.18:  33.73455,21.49494,258.7403
40.19:  33.48507,21.44515,258.713
40.21:  33.24679,21.39745,258.6793
40.23:  32.99418,21.34672,258.6456
40.24:  32.75703,21.29893,258.6056
40.26:  32.51109,21.24921,258.572
40.28:  32.26646,21.19961,258.5383
40.29:  32.02266,21.15003,258.5046
40.31:  31.7807,21.1007,258.4773
40.33:  31.53254,21.04996,258.4436
40.34:  31.2873,20.99966,258.4099
40.36:  31.04323,20.94946,258.3763
40.38:  30.78658,20.89651,258.3426
40.39:  30.55121,20.84783,258.3153
40.41:  30.30792,20.79736,258.2816
40.43:  30.06244,20.74629,258.2479
40.44:  29.81826,20.69535,258.2143
40.46:  29.5674,20.64288,258.187
40.48:  29.3243,20.59189,258.1533
40.49:  29.08179,20.54087,258.1196
40.51:  28.84056,20.49,258.0923
40.53:  28.59589,20.43828,258.0649
40.54:  28.34511,20.38512,258.0313
40.56:  28.10561,20.3342,257.9976
40.58:  27.86029,20.28193,257.9702
40.59:  27.61609,20.22973,257.9366
40.61:  27.3727,20.17757,257.9029
40.63:  27.12974,20.12535,257.8693
40.64:  26.88561,20.07272,257.8356
40.66:  26.64023,20.01968,257.8019
40.68:  26.39024,19.96548,257.7682
40.69:  26.15033,19.91333,257.7346
40.71:  25.90198,19.85918,257.7009
40.73:  25.65933,19.80613,257.6672
40.74:  25.4164,19.75287,257.6335
40.76:  25.17324,19.69943,257.6062
40.78:  24.92905,19.64562,257.5726
40.79:  24.68506,19.59171,257.5389
40.81:  24.4362,19.53656,257.5052
40.83:  24.19693,19.48339,257.4716
40.84:  23.94476,19.42982,257.4442
40.86:  23.7026,19.37573,257.4106
40.88:  23.46262,19.32199,257.3769
40.89:  23.21943,19.26738,257.3432
40.91:  22.97743,19.21288,257.3095
40.93:  22.7362,19.15841,257.2759
40.94:  22.48091,19.10061,257.2422
40.96:  22.2417,19.0463,257.2085
40.98:  21.99793,18.9908,257.1749
40.99:  21.75544,18.93797,257.1475
41.01:  21.51416,18.88526,257.1139
41.03:  21.26195,18.82743,257.0865
41.04:  21.0256,18.7731,257.0529
41.06:  20.78353,18.71729,257.0192
41.08:  20.53816,18.66311,256.9855
41.09:  20.29495,18.60677,256.9582
41.11:  20.05113,18.55266,256.9245
41.13:  19.80897,18.49876,256.8908
41.14:  19.56408,18.44665,256.8635
41.16:  19.31697,18.39895,256.8298
41.18:  19.06783,18.35826,256.7962
41.19:  18.82099,18.31778,256.7625
41.21:  18.57456,18.27723,256.7289
41.23:  18.3299,18.23682,256.6952
41.24:  18.08035,18.19545,256.6615
41.26:  17.82784,18.15344,256.6278
41.28:  17.58061,18.11215,256.5941
41.29:  17.33596,18.07115,256.5605
41.31:  17.09266,18.03023,256.5268
41.33:  16.84411,17.99077,256.4932
41.34:  16.59019,17.94775,256.4595
41.36:  16.34857,17.90668,256.4258
41.38:  16.10064,17.86438,256.3922
41.39:  15.85449,17.8247,256.3585
41.41:  15.60933,17.78506,256.3311
41.43:  15.36118,17.74233,256.3038
41.44:  15.11381,17.69958,256.2701
41.46:  14.86778,17.65689,256.2301
41.48:  14.61848,17.61598,256.1964
41.49:  14.37124,17.57278,256.1628
41.51:  14.12805,17.53258,256.1291
41.53:  13.87888,17.48874,256.0954
41.54:  13.63116,17.44501,256.0618
41.56:  13.38409,17.40124,256.0281
41.58:  13.13634,17.3572,255.9944
41.59:  12.88421,17.31223,255.9608
41.61:  12.64377,17.2692,255.9271
41.63:  12.39736,17.22742,255.8934
41.64:  12.15066,17.18297,255.8598
41.66:  11.90415,17.1384,255.8261
41.68:  11.65683,17.09602,255.7924
41.69:  11.40979,17.05106,255.7587
41.71:  11.16344,17.00858,255.7314
41.73:  10.91661,16.96587,255.6977
41.74:  10.67265,16.92353,255.6704
41.76:  10.42269,16.87749,255.6367
41.78:  10.17458,16.83413,255.6031
41.79:  9.927244,16.79076,255.5694
41.81:  9.683097,16.74534,255.5357
41.83:  9.436642,16.70182,255.5021
41.84:  9.188975,16.65545,255.4684
41.86:  8.943474,16.60933,255.4347
41.88:  8.691153,16.56177,255.401
41.89:  8.451153,16.5164,255.3674
41.91:  8.203164,16.46936,255.3337
41.93:  7.957107,16.42502,255.3
41.94:  7.710367,16.3804,255.2664
41.96:  7.464026,16.33571,255.2327
41.98:  7.216236,16.29064,255.2054
41.99:  6.970731,16.24338,255.178
42.01:  6.724445,16.19833,255.1507
42.03:  6.479161,16.15332,255.117
42.04:  6.231072,16.10767,255.0897
42.06:  5.984298,16.05965,255.0624
42.08:  5.735929,16.01371,255.035
42.09:  5.49152,15.96838,255.0077
42.11:  5.247331,15.92294,254.974
42.14:  5.000021,15.87426,254.9404
42.16:  4.753615,15.82811,254.9067
42.18:  4.507267,15.78182,254.873
42.19:  4.24997,15.73334,254.8457
42.21:  4.008098,15.68518,254.812
42.23:  3.768021,15.63725,254.7847
42.24:  3.521662,15.58795,254.7574
42.26:  3.270287,15.54007,254.73
42.28:  3.03062,15.49429,254.7027
42.29:  2.785049,15.44727,254.6754
42.31:  2.536206,15.3995,254.648
42.33:  2.2934,15.35273,254.6143
42.34:  2.046588,15.30505,254.5807
42.36:  1.799635,15.25719,254.547
42.38:  1.552157,15.20908,254.5134
42.39:  1.323947,15.16593,254.4797
42.41:  1.180296,15.14372,254.446
42.43:  1.118595,15.12651,254.4123
42.44:  1.118595,15.12651,254.3533
42.46:  1.118595,15.12651,254.2372
42.48:  1.118595,15.12651,253.9754
42.49:  1.186484,15.14664,253.4854
42.51:  1.354282,15.18857,252.6975
42.53:  1.569411,15.246,251.9097
42.54:  1.807685,15.31198,251.1218
42.56:  2.049717,15.38019,250.3339
42.58:  2.288185,15.4535,249.546
42.59:  2.522996,15.54477,248.7581
42.61:  2.750666,15.6369,247.9703
42.63:  2.960895,15.72534,247.1824
42.64:  3.135662,15.80172,246.3945
42.66:  3.263336,15.85962,245.6067
42.68:  3.314391,15.88362,244.8188
42.69:  3.314391,15.88362,244.0309
42.71:  3.314391,15.88362,243.243
42.73:  3.314391,15.88362,242.4551
42.74:  3.314391,15.88362,241.6673
42.76:  3.314391,15.88362,240.8794
42.78:  3.314391,15.88362,240.0915
42.79:  3.314391,15.88362,239.3036
42.81:  3.314391,15.88362,238.5157
42.83:  3.314391,15.88362,237.7279
42.84:  3.314391,15.88362,236.94
42.86:  3.314391,15.88362,236.1521
42.88:  3.314391,15.88362,235.3642
42.89:  3.314391,15.88362,234.5764
42.91:  3.314391,15.88362,233.7885
42.93:  3.314391,15.88362,233.0006
42.94:  3.314391,15.88362,232.2127
42.96:  3.314391,15.88362,231.4248
42.98:  3.314391,15.88362,230.6369
42.99:  3.314391,15.88362,229.8491
43.01:  3.314391,15.88362,229.0612
43.03:  3.314391,15.88362,228.2733
43.04:  3.314391,15.88362,227.4854
43.06:  3.314391,15.88362,226.6976
43.08:  3.314391,15.88362,225.9097
43.09:  3.314391,15.88362,225.1218
43.11:  3.314391,15.88362,224.3339
43.13:  3.314391,15.88362,223.546
43.14:  3.314391,15.88362,222.7582
43.16:  3.314391,15.88362,221.9703
43.18:  3.314391,15.88362,221.1824
43.19:  3.314391,15.88362,220.3945
43.21:  3.314391,15.88362,219.6066
43.23:  3.314391,15.88362,218.8188
43.24:  3.314391,15.88362,218.0309
43.26:  3.314391,15.88362,217.243
43.28:  3.314391,15.88362,216.4551
43.29:  3.314391,15.88362,215.6673
43.31:  3.314391,15.88362,214.8921
43.33:  3.314391,15.88362,214.1295
43.34:  3.314391,15.88362,213.386
43.36:  3.314391,15.88362,212.6488
43.38:  3.314391,15.88362,211.9117
43.39:  3.314391,15.88362,211.1808
43.41:  3.314391,15.88362,210.4817
43.43:  3.314391,15.88362,209.8079
43.44:  3.314391,15.88362,209.1975
43.46:  3.314391,15.88362,208.7075
43.48:  3.314391,15.88362,208.3569
43.49:  3.314391,15.88362,208.1965
43.51:  3.314391,15.88362,208.1438
43.53:  3.314391,15.88362,208.1038
43.54:  3.314391,15.88362,208.0764
43.56:  3.314391,15.88362,208.0491
43.58:  3.314391,15.88362,208.0218
43.59:  3.314391,15.88362,208.0008
43.61:  3.314391,15.88362,207.9734
43.63:  3.314391,15.88362,207.9525
43.64:  3.314391,15.88362,207.9315
43.66:  3.314391,15.88362,207.9105
43.68:  3.314391,15.88362,207.8895
43.69:  3.314391,15.88362,207.8685
43.71:  3.314391,15.88362,207.8475
43.73:  3.314391,15.88362,207.8265
43.74:  3.314391,15.88362,207.8055
43.76:  3.314391,15.88362,207.7845
43.78:  3.314391,15.88362,207.7635
43.79:  3.314391,15.88362,207.7425
43.81:  3.314391,15.88362,207.7215
43.83:  3.314391,15.88362,207.7005
43.84:  3.314391,15.88362,207.6795
43.86:  3.314391,15.88362,207.6585
43.88:  3.314391,15.88362,207.6375
43.89:  3.314391,15.88362,207.6102
43.91:  3.314391,15.88362,207.5892
43.93:  3.314391,15.88362,207.5682
43.94:  3.314391,15.88362,207.5472
43.96:  3.314391,15.88362,207.5199
43.98:  3.314391,15.88362,207.4989
43.99:  3.314391,15.88362,207.4779
44.01:  3.314391,15.88362,207.4569
44.03:  3.314391,15.88362,207.4359
44.04:  3.314391,15.88362,207.4149
44.06:  3.314391,15.88362,207.3939
44.08:  3.314391,15.88362,207.3729
44.09:  3.314391,15.88362,207.3456
44.11:  3.314391,15.88362,207.3183
44.13:  3.314391,15.88362,207.2909
44.14:  3.314391,15.88362,207.2636
44.16:  3.314391,15.88362,207.2363
44.18:  3.314391,15.88362,207.209
44.19:  3.314391,15.88362,207.188
44.21:  3.314391,15.88362,207.1606
44.23:  3.314391,15.88362,207.1396
44.24:  3.314391,15.88362,207.1186
44.26:  3.314391,15.88362,207.0913
44.28:  3.314391,15.88362,207.0703
44.29:  3.314391,15.88362,207.043
44.31:  3.314391,15.88362,207.022
44.33:  3.314391,15.88362,207.001
44.34:  3.314391,15.88362,206.9736
44.36:  3.314391,15.88362,206.9527
44.38:  3.314391,15.88362,206.9253
44.39:  3.314391,15.88362,206.9043
44.41:  3.314391,15.88362,206.877
44.43:  3.314391,15.88362,206.8497
44.44:  3.314391,15.88362,206.8223
44.46:  3.314391,15.88362,206.795
44.48:  3.314391,15.88362,206.7677
44.49:  3.314391,15.88362,206.7403
44.51:  3.314391,15.88362,206.713
44.53:  3.314391,15.88362,206.692
44.54:  3.314391,15.88362,206.671
44.56:  3.314391,15.88362,206.65
44.58:  3.314391,15.88362,206.629
44.59:  3.314391,15.88362,206.6017
44.61:  3.314391,15.88362,206.5807
44.63:  3.314391,15.88362,206.5597
44.64:  3.314391,15.88362,206.5324
44.66:  3.314391,15.88362,206.5051
44.68:  3.314391,15.88362,206.4777
44.69:  3.314391,15.88362,206.4504
44.71:  3.314391,15.88362,206.4231
44.73:  3.314391,15.88362,206.3957
44.74:  3.314391,15.88362,206.3684
44.76:  3.314391,15.88362,206.341
44.78:  3.314391,15.88362,206.3201
44.79:  3.314391,15.88362,206.2927
44.81:  3.314391,15.88362,206.2654
44.83:  3.314391,15.88362,206.2381
44.84:  3.314391,15.88362,206.2107
44.86:  3.314391,15.88362,206.1897
44.88:  3.314391,15.88362,206.1687
44.89:  3.314391,15.88362,206.1414
44.91:  3.314391,15.88362,206.1204
44.93:  3.314391,15.88362,206.0931
44.94:  3.314391,15.88362,206.0658
44.96:  3.314391,15.88362,206.0384
44.98:  3.314391,15.88362,206.0111
44.99:  3.314391,15.88362,205.9838
45.01:  3.314391,15.88362,205.9564
45.03:  3.314391,15.88362,205.9354
45.04:  3.314391,15.88362,205.9144
45.06:  3.314391,15.88362,205.8871
45.08:  3.314391,15.88362,205.8598
45.09:  3.314391,15.88362,205.8388
45.11:  3.314391,15.88362,205.8178
45.13:  3.314391,15.88362,205.7905
45.14:  3.314391,15.88362,205.7631
45.16:  3.314391,15.88362,205.7358
45.18:  3.314391,15.88362,205.7148
45.19:  3.314391,15.88362,205.6938
45.21:  3.314391,15.88362,205.6728
45.23:  3.314391,15.88362,205.6455
45.24:  3.314391,15.88362,205.6181
45.26:  3.314391,15.88362,205.5908
45.28:  3.314391,15.88362,205.5698
45.29:  3.314391,15.88362,205.5425
45.31:  3.314391,15.88362,205.5152
45.33:  3.314391,15.88362,205.4878
45.34:  3.314391,15.88362,205.4605
45.36:  3.314391,15.88362,205.4332
45.38:  3.314391,15.88362,205.4058
45.39:  3.314391,15.88362,205.3848
45.41:  3.314391,15.88362,205.3575
45.43:  3.314391,15.88362,205.3302
45.44:  3.314391,15.88362,205.3092
45.46:  3.314391,15.88362,205.2882
45.48:  3.314391,15.88362,205.2672
45.49:  3.314391,15.88362,205.2462
45.51:  3.314391,15.88362,205.2189
45.53:  3.314391,15.88362,205.1979
45.54:  3.314391,15.88362,205.1705
45.56:  3.314391,15.88362,205.1432
45.58:  3.314391,15.88362,205.1159
45.59:  3.314391,15.88362,205.0885
45.61:  3.314391,15.88362,205.0612
45.63:  3.314391,15.88362,205.0402
45.64:  3.314391,15.88362,205.0192
45.66:  3.314391,15.88362,204.9919
45.68:  3.314391,15.88362,204.9709
45.69:  3.314391,15.88362,204.9436
45.71:  3.314391,15.88362,204.9226
45.73:  3.314391,15.88362,204.9016
45.74:  3.314391,15.88362,204.8806
45.76:  3.314391,15.88362,204.8596
45.78:  3.314391,15.88362,204.8322
45.79:  3.314391,15.88362,204.8049
45.81:  3.314391,15.88362,204.7776
45.83:  3.314391,15.88362,204.7502
45.84:  3.314391,15.88362,204.7229
45.86:  3.314391,15.88362,204.7019
45.88:  3.314391,15.88362,204.6746
45.89:  3.314391,15.88362,204.6472
45.91:  3.314391,15.88362,204.6199
45.93:  3.314391,15.88362,204.5926
45.94:  3.314391,15.88362,204.5653
45.96:  3.314391,15.88362,204.5443
45.98:  3.314391,15.88362,204.5233
45.99:  3.314391,15.88362,204.4959
46.01:  3.314391,15.88362,204.4749
46.03:  3.314391,15.88362,204.4539
46.04:  3.314391,15.88362,204.433
46.06:  3.314391,15.88362,204.4056
46.08:  3.314391,15.88362,204.3846
46.09:  3.314391,15.88362,204.3573
46.11:  3.314391,15.88362,204.33
46.13:  3.314391,15.88362,204.3026
46.14:  3.314391,15.88362,204.2816
46.16:  3.314391,15.88362,204.2607
46.18:  3.314391,15.88362,204.2333
46.19:  3.314391,15.88362,204.206
46.21:  3.314391,15.88362,204.1786
46.23:  3.314391,15.88362,204.1577
46.24:  3.314391,15.88362,204.1367
46.26:  3.314391,15.88362,204.1093
46.28:  3.314391,15.88362,204.082
46.29:  3.314391,15.88362,204.061
46.31:  3.314391,15.88362,204.0337
46.33:  3.314391,15.88362,204.0127
46.34:  3.314391,15.88362,203.9853
46.36:  3.314391,15.88362,203.9643
46.38:  3.314391,15.88362,203.937
46.39:  3.314391,15.88362,203.916
46.41:  3.314391,15.88362,203.895
46.43:  3.314391,15.88362,203.8677
46.44:  3.314391,15.88362,203.8404
46.46:  3.314391,15.88362,203.813
46.48:  3.314391,15.88362,203.792
46.49:  3.314391,15.88362,203.7647
46.51:  3.314391,15.88362,203.7437
46.53:  3.314391,15.88362,203.7227
46.54:  3.314391,15.88362,203.7017
46.56:  3.314391,15.88362,203.6807
46.58:  3.314391,15.88362,203.6597
46.59:  3.314391,15.88362,203.6387
46.61:  3.314391,15.88362,203.6177
46.63:  3.314391,15.88362,203.5904
46.64:  3.314391,15.88362,203.5631
46.66:  3.314391,15.88362,203.5358
46.68:  3.314391,15.88362,203.5148
46.69:  3.314391,15.88362,203.4938
46.71:  3.314391,15.88362,203.4664
