ParticipantNo: 11012
Controller type: Keyboard and Mouse
Training Level:
0.05:  82.7,18.5,270
0.09:  82.7,18.5,270
0.11:  82.7,18.5,270
0.14:  82.7,18.5,270
0.16:  82.7,18.5,270
0.17:  82.7,18.5,270
0.19:  82.7,18.5,270
0.21:  82.7,18.5,270
0.22:  82.7,18.5,270
0.24:  82.7,18.5,270
0.26:  82.7,18.5,270
0.27:  82.7,18.5,270
0.29:  82.7,18.5,270
0.31:  82.7,18.5,270
0.32:  82.7,18.5,270
0.34:  82.7,18.5,270
0.36:  82.7,18.5,270
0.37:  82.7,18.5,270
0.39:  82.7,18.5,270
0.41:  82.7,18.5,270
0.42:  82.7,18.5,270
0.44:  82.7,18.5,270
0.46:  82.7,18.5,270
0.47:  82.7,18.5,270
0.49:  82.7,18.5,270
0.51:  82.7,18.5,270
0.52:  82.7,18.5,270
0.54:  82.7,18.5,270
0.56:  82.7,18.5,270
0.57:  82.7,18.5,270
0.59:  82.7,18.5,270
0.61:  82.7,18.5,270
0.62:  82.7,18.5,270
0.64:  82.7,18.5,270
0.66:  82.7,18.5,270
0.67:  82.7,18.5,270
0.69:  82.7,18.5,270
0.71:  82.7,18.5,270
0.72:  82.7,18.5,270
0.74:  82.7,18.5,270
0.76:  82.7,18.5,270
0.77:  82.7,18.5,270
0.79:  82.7,18.5,270
0.81:  82.7,18.5,270
0.82:  82.7,18.5,270
0.84:  82.7,18.5,270
0.86:  82.7,18.5,270
0.87:  82.7,18.5,270
0.89:  82.7,18.5,270
0.91:  82.7,18.5,270
0.92:  82.7,18.5,270
0.94:  82.7,18.5,270
0.96:  82.7,18.5,270
0.97:  82.7,18.5,270
0.99:  82.7,18.5,270
1.01:  82.7,18.5,270
1.02:  82.7,18.5,270
1.04:  82.7,18.5,270
1.06:  82.7,18.5,270
1.07:  82.7,18.5,270
1.09:  82.7,18.5,270
1.11:  82.7,18.5,270
1.12:  82.7,18.5,270
1.14:  82.7,18.5,270
1.16:  82.7,18.5,270
1.17:  82.7,18.5,270
1.19:  82.7,18.5,270
1.21:  82.7,18.5,270
1.22:  82.7,18.5,270
1.24:  82.7,18.5,270
1.25:  82.7,18.5,270
1.27:  82.7,18.5,270
1.29:  82.7,18.5,270
1.31:  82.7,18.5,270
1.32:  82.7,18.5,270
1.34:  82.7,18.5,270
1.36:  82.7,18.5,270
1.37:  82.7,18.5,270
1.39:  82.7,18.5,270
1.41:  82.7,18.5,270
1.42:  82.7,18.5,270
1.44:  82.7,18.5,270
1.46:  82.7,18.5,270
1.47:  82.7,18.5,270
1.49:  82.7,18.5,270
1.51:  82.7,18.5,270
1.52:  82.7,18.5,270
1.54:  82.7,18.5,270
1.56:  82.7,18.5,270
1.57:  82.7,18.5,270
1.59:  82.7,18.5,270
1.61:  82.7,18.5,270
1.62:  82.7,18.5,270
1.64:  82.7,18.5,270
1.66:  82.7,18.5,270
1.67:  82.7,18.5,270
1.69:  82.7,18.5,270
1.71:  82.7,18.5,270
1.72:  82.7,18.5,270
1.74:  82.7,18.5,270
1.76:  82.7,18.5,270
1.77:  82.7,18.5,270
1.79:  82.7,18.5,270
1.81:  82.7,18.5,270
1.82:  82.7,18.5,270
1.84:  82.7,18.5,270
1.85:  82.7,18.5,270
1.87:  82.7,18.5,270
1.89:  82.7,18.5,270
1.91:  82.7,18.5,270
1.92:  82.7,18.5,270
1.94:  82.7,18.5,270
1.96:  82.7,18.5,270
1.97:  82.7,18.5,270
1.99:  82.7,18.5,270
2.01:  82.7,18.5,270
2.02:  82.7,18.5,270
2.04:  82.7,18.5,270
2.06:  82.7,18.5,270
2.07:  82.7,18.5,270
2.09:  82.7,18.5,270
2.11:  82.7,18.5,270
2.12:  82.7,18.5,270
2.14:  82.7,18.5,270
2.16:  82.7,18.5,270
2.17:  82.7,18.5,270
2.19:  82.7,18.5,270
2.21:  82.7,18.5,270
2.22:  82.7,18.5,270
2.24:  82.7,18.5,270
2.26:  82.7,18.5,270
2.27:  82.7,18.5,270
2.29:  82.7,18.5,270
2.31:  82.7,18.5,270
2.32:  82.7,18.5,270
2.34:  82.7,18.5,270
2.36:  82.7,18.5,270
2.37:  82.7,18.5,270
2.39:  82.7,18.5,270
2.41:  82.7,18.5,270
2.42:  82.7,18.5,270
2.44:  82.7,18.5,270
2.46:  82.7,18.5,270
2.47:  82.7,18.5,270
2.49:  82.7,18.5,270
2.51:  82.7,18.5,270
2.52:  82.7,18.5,270
2.54:  82.7,18.5,270
2.56:  82.7,18.5,270
2.57:  82.7,18.5,270
2.59:  82.7,18.5,270
2.61:  82.7,18.5,270
2.62:  82.7,18.5,270
2.64:  82.7,18.5,270
2.66:  82.7,18.5,270
2.67:  82.7,18.5,270
2.69:  82.7,18.5,270
2.71:  82.7,18.5,270
2.72:  82.7,18.5,270
2.74:  82.7,18.5,270
2.76:  82.7,18.5,270
2.77:  82.7,18.5,270
2.79:  82.7,18.5,270
2.81:  82.7,18.5,270
2.82:  82.7,18.5,270
2.84:  82.7,18.5,270
2.86:  82.7,18.5,270
2.87:  82.7,18.5,270
2.89:  82.7,18.5,270
2.91:  82.7,18.5,270
2.92:  82.7,18.5,270
2.94:  82.7,18.5,270
2.96:  82.7,18.5,270
2.97:  82.7,18.5,270
2.99:  82.7,18.5,270
3.01:  82.7,18.5,270
3.02:  82.7,18.5,270
3.04:  82.7,18.5,270
3.06:  82.7,18.5,270
3.07:  82.7,18.5,270
3.09:  82.7,18.5,270
3.11:  82.7,18.5,270
3.12:  82.7,18.5,270
3.14:  82.7,18.5,270
3.16:  82.7,18.5,270
3.17:  82.7,18.5,270
3.19:  82.7,18.5,270
3.21:  82.7,18.5,270
3.22:  82.7,18.5,270
3.24:  82.7,18.5,270
3.26:  82.7,18.5,270
3.27:  82.7,18.5,270
3.29:  82.7,18.5,270
3.31:  82.7,18.5,270
3.32:  82.7,18.5,270
3.34:  82.7,18.5,270
3.36:  82.7,18.5,270
3.37:  82.7,18.5,270
3.39:  82.7,18.5,270
3.41:  82.7,18.5,270
3.42:  82.7,18.5,270
3.44:  82.7,18.5,270
3.46:  82.7,18.5,270
3.47:  82.7,18.5,270
3.49:  82.7,18.5,270
3.51:  82.7,18.5,270
3.52:  82.7,18.5,270
3.54:  82.7,18.5,270
3.56:  82.7,18.5,270
3.57:  82.7,18.5,270
3.59:  82.7,18.5,270
3.61:  82.7,18.5,270
3.62:  82.7,18.5,270
3.64:  82.7,18.5,270
3.66:  82.7,18.5,270
3.67:  82.7,18.5,270
3.69:  82.7,18.5,270
3.71:  82.7,18.5,270
3.72:  82.7,18.5,270
3.74:  82.7,18.5,270
3.76:  82.7,18.5,270
3.77:  82.7,18.5,270
3.79:  82.7,18.5,270
3.81:  82.7,18.5,270
3.82:  82.7,18.5,270
3.84:  82.7,18.5,270
3.85:  82.7,18.5,270
3.87:  82.7,18.5,270
3.89:  82.7,18.5,270
3.91:  82.7,18.5,270
3.92:  82.7,18.5,270
3.94:  82.7,18.5,270
3.96:  82.7,18.5,270
3.97:  82.7,18.5,270
3.99:  82.7,18.5,270
4.01:  82.7,18.5,270
4.02:  82.7,18.5,270
4.04:  82.7,18.5,270
4.06:  82.7,18.5,270
4.07:  82.7,18.5,270
4.09:  82.7,18.5,270
4.11:  82.7,18.5,270
4.12:  82.7,18.5,270
4.14:  82.7,18.5,270
4.16:  82.7,18.5,270
4.17:  82.7,18.5,270
4.19:  82.7,18.5,270
4.21:  82.7,18.5,270
4.22:  82.7,18.5,270
4.24:  82.7,18.5,270
4.26:  82.7,18.5,270
4.27:  82.7,18.5,270
4.29:  82.7,18.5,270
4.31:  82.7,18.5,270
4.32:  82.7,18.5,270
4.34:  82.7,18.5,269.8
4.36:  82.7,18.5,268.1
4.37:  82.7,18.5,264.3
4.39:  82.7,18.5,259.6
4.41:  82.7,18.5,256.7
4.42:  82.7,18.5,252.3
4.44:  82.7,18.5,247.2
4.46:  82.7,18.5,244.6
4.47:  82.7,18.5,244.6
4.49:  82.7,18.5,244.6
4.5:  82.7,18.5,244.6
4.52:  82.7,18.5,244.6
4.54:  82.7,18.5,244.6
4.56:  82.7,18.5,244.6
4.57:  82.7,18.5,244.6
4.59:  82.7,18.5,244.6
4.61:  82.7,18.5,244.6
4.62:  82.7,18.5,244.6
4.64:  82.7,18.5,244.6
4.66:  82.7,18.5,244.6
4.67:  82.7,18.5,244.6
4.69:  82.7,18.5,244.6
4.71:  82.7,18.5,244.6
4.72:  82.7,18.5,244.6
4.74:  82.7,18.5,244.6
4.76:  82.7,18.5,244.6
4.77:  82.7,18.5,244.6
4.79:  82.7,18.5,244.6
4.81:  82.7,18.5,244.8
4.82:  82.7,18.5,246.4
4.84:  82.7,18.5,247.4
4.86:  82.7,18.5,247.7
4.87:  82.7,18.5,248
4.89:  82.7,18.5,248.1
4.9:  82.7,18.5,248.1
4.92:  82.7,18.5,248.1
4.94:  82.7,18.5,248.1
4.95:  82.7,18.5,248.1
4.97:  82.7,18.5,248.1
4.99:  82.7,18.5,248.1
5.01:  82.7,18.5,248.1
5.02:  82.7,18.5,248.1
5.04:  82.7,18.5,248.1
5.06:  82.7,18.5,248.1
5.07:  82.7,18.5,248.1
5.09:  82.7,18.5,248.1
5.11:  82.7,18.5,248.1
5.12:  82.7,18.5,248.1
5.14:  82.7,18.5,248.1
5.16:  82.7,18.5,248.1
5.17:  82.7,18.5,248.1
5.19:  82.7,18.5,248.1
5.21:  82.7,18.5,248.1
5.22:  82.7,18.5,248.1
5.24:  82.7,18.5,248.1
5.26:  82.7,18.5,248.1
5.27:  82.7,18.5,248.1
5.29:  82.7,18.5,248.1
5.31:  82.7,18.5,248.1
5.32:  82.7,18.5,248.1
5.34:  82.7,18.5,248.1
5.36:  82.7,18.5,248.1
5.37:  82.7,18.5,248.1
5.39:  82.7,18.5,248.1
5.41:  82.7,18.5,248.1
5.42:  82.7,18.5,248.1
5.44:  82.7,18.5,248.1
5.46:  82.7,18.5,248.1
5.47:  82.7,18.5,248.1
5.49:  82.7,18.5,248.1
5.51:  82.7,18.5,248.1
5.52:  82.7,18.5,248.1
5.54:  82.7,18.5,248.1
5.56:  82.7,18.5,248.1
5.57:  82.7,18.5,248.1
5.59:  82.7,18.5,248.1
5.61:  82.7,18.5,248.1
5.62:  82.7,18.5,248.1
5.64:  82.7,18.5,248.1
5.66:  82.7,18.5,248.1
5.67:  82.7,18.5,248.1
5.69:  82.7,18.5,248.1
5.71:  82.7,18.5,248.1
5.72:  82.7,18.5,248.1
5.74:  82.7,18.5,248.1
5.76:  82.7,18.5,248.1
5.77:  82.7,18.5,248.1
5.79:  82.7,18.5,248.1
5.81:  82.7,18.5,248.1
5.82:  82.7,18.5,248.1
5.84:  82.7,18.5,248.1
5.86:  82.7,18.5,248.1
5.87:  82.7,18.5,248.1
5.89:  82.7,18.5,248.1
5.91:  82.7,18.5,248.1
5.92:  82.7,18.5,248.1
5.94:  82.7,18.5,248.1
5.96:  82.7,18.5,248.1
5.97:  82.7,18.5,248.1
5.99:  82.7,18.5,248.1
6.01:  82.7,18.5,248.1
6.02:  82.7,18.5,248.1
6.04:  82.7,18.5,248.1
6.06:  82.7,18.5,248.1
6.07:  82.7,18.5,248.1
6.09:  82.7,18.5,248.1
6.1:  82.7,18.5,248.1
6.12:  82.7,18.5,248.1
6.14:  82.7,18.5,248.1
6.16:  82.7,18.5,248.1
6.17:  82.7,18.5,248.1
6.19:  82.7,18.5,248.1
6.21:  82.7,18.5,248.1
6.22:  82.7,18.5,248.1
6.24:  82.7,18.5,248.1
6.26:  82.7,18.5,248.1
6.27:  82.7,18.5,248.1
6.29:  82.7,18.5,248.1
6.31:  82.7,18.5,248.1
6.32:  82.7,18.5,248.1
6.34:  82.7,18.5,248.1
6.36:  82.7,18.5,248.1
6.37:  82.7,18.5,248.1
6.39:  82.7,18.5,248.1
6.41:  82.7,18.5,248.1
6.42:  82.7,18.5,248.1
6.44:  82.7,18.5,248.1
6.46:  82.7,18.5,248.1
6.47:  82.7,18.5,248.1
6.49:  82.7,18.5,248.1
6.51:  82.7,18.5,248.1
6.52:  82.7,18.5,248.1
6.54:  82.7,18.5,248.1
6.56:  82.7,18.5,248.1
6.57:  82.7,18.5,248.1
6.59:  82.7,18.5,248.1
6.61:  82.7,18.5,248.1
6.62:  82.7,18.5,248.1
6.64:  82.7,18.5,248.1
6.66:  82.7,18.5,248.1
6.67:  82.7,18.5,248.1
6.69:  82.7,18.5,248.1
6.71:  82.7,18.5,248.1
6.72:  82.7,18.5,248.1
6.74:  82.7,18.5,248.1
6.76:  82.7,18.5,248.1
6.77:  82.7,18.5,248.1
6.79:  82.7,18.5,248.1
6.81:  82.7,18.5,248.1
6.82:  82.7,18.5,248.1
6.84:  82.7,18.5,248.1
6.86:  82.7,18.5,248.1
6.87:  82.7,18.5,248.1
6.89:  82.7,18.5,248.1
6.91:  82.7,18.5,248.1
6.92:  82.7,18.5,248.1
6.94:  82.7,18.5,248.1
6.96:  82.7,18.5,248.1
6.97:  82.7,18.5,248.1
6.99:  82.7,18.5,248.1
7.01:  82.7,18.5,248.1
7.02:  82.7,18.5,248.1
7.04:  82.7,18.5,248.1
7.06:  82.7,18.5,248.1
7.07:  82.7,18.5,248.1
7.09:  82.7,18.5,248.1
7.11:  82.7,18.5,248.1
7.12:  82.7,18.5,248.1
7.14:  82.7,18.5,248.1
7.16:  82.7,18.5,248.1
7.17:  82.7,18.5,248.1
7.19:  82.7,18.5,248.1
7.21:  82.7,18.5,248.1
7.22:  82.7,18.5,248.1
7.24:  82.7,18.5,248.1
7.26:  82.7,18.5,248.1
7.27:  82.7,18.5,248.1
7.29:  82.7,18.5,248.1
7.31:  82.7,18.5,248.1
7.32:  82.7,18.5,248.1
7.34:  82.7,18.5,248.1
7.36:  82.7,18.5,248.1
7.37:  82.7,18.5,248.1
7.39:  82.7,18.5,248.1
7.41:  82.7,18.5,248.1
7.42:  82.7,18.5,248.1
7.44:  82.7,18.5,248.1
7.46:  82.7,18.5,248.1
7.47:  82.7,18.5,248.1
7.49:  82.7,18.5,248.1
7.51:  82.7,18.5,248.1
7.52:  82.7,18.5,248.1
7.54:  82.7,18.5,248.1
7.56:  82.7,18.5,248.1
7.57:  82.7,18.5,248.1
7.59:  82.7,18.5,248.1
7.6:  82.7,18.5,248.1
7.62:  82.7,18.5,248.1
7.64:  82.7,18.5,248.1
7.66:  82.7,18.5,248.1
7.67:  82.7,18.5,248.1
7.69:  82.7,18.5,248.1
7.71:  82.7,18.5,248.1
7.72:  82.7,18.5,248.1
7.74:  82.7,18.5,248.1
7.76:  82.7,18.5,248.1
7.77:  82.7,18.5,248.1
7.79:  82.7,18.5,248.1
7.81:  82.7,18.5,248.1
7.82:  82.7,18.5,248.1
7.84:  82.7,18.5,248.1
7.86:  82.7,18.5,248.1
7.87:  82.7,18.5,248.1
7.89:  82.7,18.5,248.1
7.91:  82.7,18.5,248.1
7.92:  82.7,18.5,248.1
7.94:  82.7,18.5,248.1
7.96:  82.7,18.5,248.1
7.97:  82.7,18.5,248.1
7.99:  82.7,18.5,248.1
8.01:  82.7,18.5,248.1
8.02:  82.7,18.5,248.1
8.04:  82.7,18.5,248.1
8.06:  82.7,18.5,248.1
8.07:  82.7,18.5,248.1
8.09:  82.7,18.5,248.1
8.11:  82.7,18.5,248.1
8.12:  82.7,18.5,248.1
8.14:  82.7,18.5,248.1
8.16:  82.7,18.5,248.1
8.17:  82.7,18.5,248.1
8.19:  82.7,18.5,248.1
8.21:  82.7,18.5,248.1
8.22:  82.7,18.5,248.1
8.24:  82.7,18.5,248.1
8.26:  82.7,18.5,248.1
8.27:  82.7,18.5,248.1
8.29:  82.7,18.5,248.1
8.31:  82.7,18.5,248.1
8.32:  82.7,18.5,248.1
8.34:  82.7,18.5,248.1
8.36:  82.7,18.5,248.1
8.37:  82.7,18.5,248.1
8.39:  82.7,18.5,248.1
8.4:  82.7,18.5,248.1
8.42:  82.7,18.5,248.1
8.44:  82.7,18.5,248.1
8.46:  82.7,18.5,248.1
8.47:  82.7,18.5,248.1
8.49:  82.7,18.5,248.1
8.51:  82.7,18.5,248.1
8.52:  82.7,18.5,248.1
8.54:  82.7,18.5,248.1
8.56:  82.7,18.5,248.1
8.57:  82.7,18.5,248.1
8.59:  82.7,18.5,248.1
8.61:  82.7,18.5,248.1
8.62:  82.7,18.5,248.1
8.64:  82.7,18.5,248.1
8.66:  82.7,18.5,248.1
8.67:  82.7,18.5,248.1
8.69:  82.7,18.5,248.1
8.71:  82.7,18.5,248.1
8.72:  82.7,18.5,248.1
8.74:  82.7,18.5,248.2
8.76:  82.7,18.5,248.3
8.77:  82.7,18.5,248.4
8.79:  82.7,18.5,248.4
8.81:  82.7,18.5,248.4
8.82:  82.7,18.5,248.3
8.84:  82.7,18.5,248.3
8.86:  82.7,18.5,248.3
8.87:  82.7,18.5,248.3
8.89:  82.7,18.5,248.2
8.91:  82.7,18.5,247.9
8.92:  82.7,18.5,247.5
8.94:  82.7,18.5,247.3
8.96:  82.7,18.5,247.2
8.97:  82.7,18.5,247.2
8.99:  82.7,18.5,247.2
9.01:  82.7,18.5,247.3
9.02:  82.7,18.5,247.5
9.04:  82.7,18.5,247.8
9.06:  82.7,18.5,248.1
9.07:  82.7,18.5,248.5
9.09:  82.7,18.5,248.8
9.11:  82.7,18.5,249.1
9.12:  82.7,18.5,249.4
9.14:  82.7,18.5,249.8
9.16:  82.7,18.5,250.2
9.17:  82.7,18.5,250.6
9.19:  82.7,18.5,251.1
9.21:  82.7,18.5,251.5
9.22:  82.7,18.5,251.7
9.24:  82.7,18.5,251.7
9.26:  82.7,18.5,251.8
9.27:  82.7,18.5,251.8
9.29:  82.7,18.5,251.8
9.31:  82.7,18.5,252
9.32:  82.7,18.5,252.1
9.34:  82.7,18.5,252.2
9.36:  82.7,18.5,252.3
9.37:  82.7,18.5,252.5
9.39:  82.7,18.5,252.8
9.41:  82.7,18.5,253.4
9.42:  82.7,18.5,254.6
9.44:  82.7,18.5,255.6
9.46:  82.7,18.5,256.7
9.47:  82.7,18.5,257.9
9.49:  82.7,18.5,259
9.51:  82.7,18.5,260.1
9.52:  82.7,18.5,261.2
9.54:  82.7,18.5,262.2
9.56:  82.7,18.5,263.1
9.57:  82.7,18.5,264
9.59:  82.7,18.5,264.6
9.61:  82.7,18.5,265.2
9.62:  82.7,18.5,265.8
9.64:  82.7,18.5,266.1
9.66:  82.7,18.5,266.2
9.67:  82.7,18.5,266.2
9.69:  82.7,18.5,266.1
9.71:  82.7,18.5,265.7
9.72:  82.7,18.5,264.9
9.74:  82.7,18.5,263.9
9.76:  82.7,18.5,262.9
9.77:  82.7,18.5,262.5
9.79:  82.7,18.5,262.5
9.81:  82.7,18.5,262.5
9.82:  82.7,18.5,262.5
9.84:  82.7,18.5,262.5
9.86:  82.7,18.5,262.5
9.87:  82.7,18.5,262.5
9.89:  82.7,18.5,262.5
9.91:  82.7,18.5,262.5
9.92:  82.7,18.5,262.5
9.94:  82.7,18.5,262.5
9.96:  82.7,18.5,262.5
9.97:  82.7,18.5,262.5
9.99:  82.7,18.5,262.5
10.01:  82.7,18.5,262.5
10.02:  82.7,18.5,262.5
10.04:  82.7,18.5,262.5
10.06:  82.7,18.5,262.5
10.07:  82.7,18.5,262.5
10.09:  82.7,18.5,262.4
10.11:  82.7,18.5,262.6
10.12:  82.7,18.5,262.8
10.14:  82.7,18.5,263
10.16:  82.7,18.5,263
10.17:  82.7,18.5,263
10.19:  82.7,18.5,263.1
10.21:  82.7,18.5,263.1
10.22:  82.7,18.5,263.2
10.24:  82.7,18.5,263.2
10.26:  82.7,18.5,263.2
10.27:  82.7,18.5,263.2
10.29:  82.7,18.5,263.2
10.31:  82.7,18.5,263.2
10.32:  82.7,18.5,263.2
10.34:  82.7,18.5,263.3
10.36:  82.7,18.5,263.3
10.37:  82.7,18.5,263.4
10.39:  82.7,18.5,263.4
10.41:  82.7,18.5,263.4
10.42:  82.7,18.5,263.4
10.44:  82.7,18.5,263.4
10.46:  82.7,18.5,263.4
10.47:  82.7,18.5,263.4
10.49:  82.7,18.5,263.4
10.51:  82.7,18.5,263.4
10.52:  82.7,18.5,263.4
10.54:  82.7,18.5,263.4
10.55:  82.7,18.5,263.4
10.57:  82.7,18.5,263.4
10.59:  82.7,18.5,263.4
10.61:  82.7,18.5,263.4
10.62:  82.7,18.5,263.4
10.64:  82.7,18.5,263.4
10.66:  82.7,18.5,263.4
10.67:  82.7,18.5,263.4
10.69:  82.7,18.5,263.4
10.71:  82.7,18.5,263.4
10.72:  82.7,18.5,263.4
10.74:  82.7,18.5,263.4
10.76:  82.7,18.5,263.4
10.77:  82.7,18.5,263.5
10.79:  82.7,18.5,263.7
10.81:  82.7,18.5,263.8
10.82:  82.7,18.5,264.2
10.84:  82.7,18.5,264.5
10.86:  82.7,18.5,265
10.87:  82.7,18.5,265.4
10.89:  82.7,18.5,265.5
10.91:  82.7,18.5,265.5
10.92:  82.7,18.5,265.5
10.94:  82.7,18.5,265.5
10.96:  82.7,18.5,265.5
10.97:  82.7,18.5,265.5
10.99:  82.7,18.5,265.5
11.01:  82.7,18.5,265.5
11.02:  82.7,18.5,265.5
11.04:  82.7,18.5,265.5
11.06:  82.7,18.5,265.5
11.07:  82.7,18.5,265.5
11.09:  82.7,18.5,265.5
11.11:  82.7,18.5,265.5
11.12:  82.7,18.5,265.5
11.14:  82.7,18.5,265.5
11.16:  82.7,18.5,265.5
11.17:  82.7,18.5,265.5
11.19:  82.7,18.5,265.5
11.21:  82.7,18.5,265.5
11.22:  82.7,18.5,265.5
11.24:  82.7,18.5,265.5
11.26:  82.7,18.5,265.5
11.27:  82.7,18.5,265.5
11.29:  82.7,18.5,265.5
11.31:  82.7,18.5,265.5
11.32:  82.7,18.5,265.5
11.34:  82.7,18.5,265.5
11.36:  82.7,18.5,265.5
11.37:  82.7,18.5,265.5
11.39:  82.7,18.5,265.5
11.41:  82.7,18.5,265.5
11.42:  82.7,18.5,265.5
11.44:  82.7,18.5,265.5
11.45:  82.7,18.5,265.5
11.47:  82.7,18.5,265.5
11.49:  82.7,18.5,265.5
11.51:  82.7,18.5,265.5
11.52:  82.7,18.5,265.5
11.54:  82.7,18.5,265.5
11.56:  82.7,18.5,265.5
11.57:  82.7,18.5,265.5
11.59:  82.7,18.5,265.5
11.61:  82.7,18.5,265.5
11.62:  82.7,18.5,265.5
11.64:  82.7,18.5,265.5
11.66:  82.7,18.5,265.5
11.67:  82.7,18.5,265.5
11.69:  82.7,18.5,265.5
11.71:  82.7,18.5,265.5
11.72:  82.7,18.5,265.5
11.74:  82.7,18.5,265.5
11.77:  82.7,18.5,265.5
11.77:  82.7,18.5,265.5
11.79:  82.7,18.5,265.5
11.81:  82.7,18.5,265.5
11.82:  82.7,18.5,265.5
11.84:  82.7,18.5,265.5
11.86:  82.7,18.5,265.5
11.87:  82.7,18.5,265.5
11.89:  82.7,18.5,265.5
11.91:  82.7,18.5,265.5
11.92:  82.7,18.5,265.5
11.94:  82.7,18.5,265.5
11.96:  82.7,18.5,265.5
11.97:  82.7,18.5,265.5
11.99:  82.7,18.5,265.5
12.01:  82.7,18.5,265.5
12.02:  82.7,18.5,265.5
12.04:  82.7,18.5,265.5
12.06:  82.7,18.5,265.5
12.07:  82.7,18.5,265.5
12.09:  82.7,18.5,265.5
12.11:  82.7,18.5,265.5
12.12:  82.7,18.5,265.5
12.14:  82.7,18.5,265.5
12.16:  82.7,18.5,265.5
12.17:  82.7,18.5,265.5
12.19:  82.7,18.5,265.5
12.21:  82.7,18.5,265.5
12.22:  82.7,18.5,265.5
12.24:  82.7,18.5,265.5
12.26:  82.7,18.5,265.5
12.27:  82.7,18.5,265.5
12.29:  82.7,18.5,265.5
12.31:  82.7,18.5,265.5
12.32:  82.7,18.5,265.5
12.34:  82.7,18.5,265.5
12.36:  82.7,18.5,265.5
12.37:  82.7,18.5,265.5
12.39:  82.7,18.5,265.5
12.41:  82.7,18.5,265.5
12.42:  82.7,18.5,265.5
12.44:  82.7,18.5,265.5
12.46:  82.7,18.5,265.5
12.47:  82.7,18.5,265.5
12.49:  82.7,18.5,265.5
12.51:  82.7,18.5,265.5
12.52:  82.7,18.5,265.5
12.54:  82.7,18.5,265.5
12.56:  82.7,18.5,265.5
12.57:  82.7,18.5,265.5
12.59:  82.7,18.5,265.5
12.61:  82.7,18.5,265.5
12.62:  82.7,18.5,265.5
12.64:  82.7,18.5,265.5
12.66:  82.7,18.5,265.5
12.67:  82.7,18.5,265.5
12.69:  82.7,18.5,265.5
12.71:  82.7,18.5,265.5
12.72:  82.7,18.5,265.5
12.74:  82.7,18.5,265.5
12.76:  82.7,18.5,265.5
12.77:  82.7,18.5,265.5
12.79:  82.7,18.5,265.5
12.81:  82.7,18.5,265.5
12.82:  82.7,18.5,265.5
12.84:  82.7,18.5,265.5
12.86:  82.7,18.5,265.5
12.87:  82.7,18.5,265.5
12.89:  82.7,18.5,265.5
12.91:  82.7,18.5,265.5
12.92:  82.7,18.5,265.5
12.94:  82.7,18.5,265.5
12.96:  82.7,18.5,265.5
12.97:  82.7,18.5,265.5
12.99:  82.7,18.5,265.5
13.01:  82.7,18.5,265.5
13.02:  82.7,18.5,265.5
13.04:  82.7,18.5,265.5
13.06:  82.7,18.5,265.5
13.07:  82.7,18.5,265.5
13.09:  82.7,18.5,265.5
13.11:  82.7,18.5,265.5
13.12:  82.7,18.5,265.5
13.14:  82.7,18.5,265.5
13.16:  82.7,18.5,265.5
13.17:  82.7,18.5,265.5
13.19:  82.7,18.5,265.5
13.21:  82.7,18.5,265.5
13.22:  82.7,18.5,265.5
13.24:  82.7,18.5,265.5
13.26:  82.7,18.5,265.5
13.27:  82.7,18.5,265.5
13.29:  82.7,18.5,265.5
13.31:  82.7,18.5,265.5
13.32:  82.7,18.5,265.5
13.34:  82.7,18.5,265.5
13.36:  82.7,18.5,265.5
13.37:  82.7,18.5,265.5
13.39:  82.7,18.5,265.5
13.41:  82.7,18.5,265.5
13.42:  82.7,18.5,265.5
13.44:  82.7,18.5,265.5
13.46:  82.7,18.5,265.5
13.47:  82.7,18.5,265.5
13.49:  82.7,18.5,265.5
13.51:  82.7,18.5,265.5
13.52:  82.7,18.5,265.5
13.54:  82.7,18.5,265.5
13.56:  82.7,18.5,265.5
13.57:  82.7,18.5,265.5
13.59:  82.7,18.5,265.5
13.61:  82.7,18.5,265.5
13.62:  82.7,18.5,265.5
13.64:  82.7,18.5,265.5
13.66:  82.7,18.5,265.5
13.67:  82.7,18.5,265.5
13.69:  82.7,18.5,265.5
13.71:  82.7,18.5,265.5
13.72:  82.7,18.5,265.5
13.74:  82.7,18.5,265.5
13.76:  82.7,18.5,265.5
13.77:  82.7,18.5,265.5
13.79:  82.7,18.5,265.5
13.81:  82.7,18.5,265.5
13.82:  82.7,18.5,265.5
13.84:  82.7,18.5,265.5
13.86:  82.7,18.5,265.5
13.87:  82.7,18.5,265.5
13.89:  82.7,18.5,265.5
13.91:  82.7,18.5,265.5
13.92:  82.7,18.5,265.5
13.94:  82.7,18.5,265.5
13.96:  82.7,18.5,265.5
13.97:  82.7,18.5,265.5
13.99:  82.7,18.5,265.5
14.01:  82.7,18.5,265.5
14.02:  82.7,18.5,265.5
14.04:  82.7,18.5,265.5
14.06:  82.7,18.5,265.5
14.07:  82.7,18.5,265.5
14.09:  82.7,18.5,265.5
14.11:  82.7,18.5,265.5
14.12:  82.7,18.5,265.5
14.14:  82.7,18.5,265.5
14.16:  82.7,18.5,265.5
14.17:  82.7,18.5,265.5
14.19:  82.7,18.5,265.5
14.2:  82.7,18.5,265.5
14.22:  82.7,18.5,265.5
14.24:  82.7,18.5,265.5
14.26:  82.7,18.5,265.5
14.27:  82.7,18.5,265.5
14.29:  82.7,18.5,265.5
14.31:  82.7,18.5,265.5
14.32:  82.7,18.5,265.5
14.34:  82.7,18.5,265.5
14.36:  82.7,18.5,265.5
14.37:  82.7,18.5,265.5
14.39:  82.7,18.5,265.5
14.41:  82.7,18.5,265.6
14.42:  82.7,18.5,265.9
14.44:  82.7,18.5,266.1
14.46:  82.7,18.5,266.4
14.47:  82.7,18.5,266.6
14.49:  82.7,18.5,266.7
14.51:  82.7,18.5,266.7
14.52:  82.7,18.5,266.7
14.54:  82.7,18.5,266.7
14.56:  82.7,18.5,266.7
14.57:  82.7,18.5,266.7
14.59:  82.7,18.5,266.7
14.61:  82.7,18.5,266.7
14.62:  82.7,18.5,266.7
14.64:  82.7,18.5,266.7
14.66:  82.7,18.5,266.7
14.67:  82.7,18.5,266.7
14.69:  82.7,18.5,266.7
14.71:  82.7,18.5,266.7
14.72:  82.7,18.5,266.7
14.74:  82.7,18.5,266.7
14.76:  82.7,18.5,266.7
14.77:  82.7,18.5,266.7
14.79:  82.7,18.5,266.7
14.81:  82.7,18.5,266.7
14.82:  82.7,18.5,266.7
14.84:  82.7,18.5,266.7
14.86:  82.7,18.5,266.7
14.87:  82.7,18.5,266.7
14.89:  82.7,18.5,266.7
14.91:  82.7,18.5,266.7
14.92:  82.7,18.5,266.7
14.94:  82.7,18.5,266.7
14.96:  82.7,18.5,266.7
14.97:  82.7,18.5,266.8
14.99:  82.7,18.5,266.8
15.01:  82.7,18.5,266.8
15.02:  82.7,18.5,266.8
15.04:  82.7,18.5,266.8
15.06:  82.7,18.5,266.8
15.07:  82.7,18.5,266.8
15.09:  82.7,18.5,266.8
15.11:  82.7,18.5,266.8
15.12:  82.7,18.5,266.8
15.14:  82.7,18.5,266.8
15.16:  82.7,18.5,266.8
15.17:  82.7,18.5,266.8
15.19:  82.7,18.5,266.8
15.21:  82.7,18.5,266.8
15.22:  82.7,18.5,266.8
15.24:  82.7,18.5,266.8
15.26:  82.7,18.5,266.8
15.27:  82.7,18.5,266.8
15.29:  82.7,18.5,266.8
15.31:  82.7,18.5,266.8
15.32:  82.7,18.5,266.8
15.34:  82.7,18.5,266.8
15.36:  82.7,18.5,266.9
15.37:  82.7,18.5,266.9
15.39:  82.7,18.5,266.9
15.41:  82.7,18.5,266.9
15.42:  82.7,18.5,266.9
15.44:  82.7,18.5,266.9
15.46:  82.7,18.5,266.9
15.47:  82.7,18.5,266.9
15.49:  82.7,18.5,266.9
15.51:  82.7,18.5,266.9
15.52:  82.7,18.5,266.9
15.54:  82.7,18.5,266.9
15.56:  82.7,18.5,266.9
15.57:  82.6877,18.49933,266.9
15.59:  82.66248,18.49797,266.9
15.61:  82.625,18.49594,266.9
15.62:  82.57529,18.49325,266.9
15.64:  82.51276,18.48986,266.9
15.66:  82.43777,18.4858,266.9
15.67:  82.34992,18.48104,266.9
15.69:  82.25014,18.47581,267
15.71:  82.13761,18.46991,267
15.72:  82.01245,18.46335,267
15.74:  81.87628,18.45622,267
15.76:  81.7262,18.44835,267
15.77:  81.56313,18.43981,267
15.79:  81.38993,18.43073,267
15.81:  81.19446,18.42049,267
15.82:  81.00098,18.41035,267
15.84:  80.79013,18.3993,267
15.86:  80.56768,18.38764,267
15.87:  80.32819,18.37509,267
15.89:  80.07887,18.36202,267
15.91:  79.82868,18.34891,267
15.92:  79.58168,18.33596,267
15.94:  79.32974,18.32276,267
15.96:  79.07923,18.30963,267
15.97:  78.82893,18.29651,267
15.99:  78.58041,18.28349,267
16.01:  78.33121,18.27043,267
16.02:  78.08022,18.25728,267
16.04:  77.8314,18.24424,267
16.06:  77.58155,18.23114,267
16.07:  77.33371,18.21815,267
16.09:  77.08508,18.20512,267
16.11:  76.83223,18.19187,267
16.12:  76.58252,18.17879,267
16.14:  76.33313,18.16572,267
16.16:  76.08344,18.15263,267
16.17:  75.83175,18.13944,267
16.19:  75.58427,18.12647,267
16.21:  75.33404,18.11336,267
16.22:  75.08621,18.10037,267
16.24:  74.83609,18.08726,267
16.26:  74.58455,18.07408,267
16.27:  74.33482,18.06143,267.1
16.29:  74.08414,18.04917,267.2
16.31:  73.83443,18.03783,267.4
16.32:  73.58471,18.0278,267.7
16.34:  73.33615,18.01868,267.9
16.36:  73.08589,18.01082,268.2
16.37:  72.83838,18.00391,268.4
16.39:  72.58733,17.99821,268.7
16.41:  72.33614,17.99339,268.9
16.42:  72.08483,17.99032,269.3
16.44:  71.83646,17.98858,269.6
16.46:  71.58617,17.98815,269.9
16.47:  71.34777,17.98856,270.1
16.49:  71.12561,17.98934,270.2
16.51:  70.91304,17.99045,270.3
16.52:  70.71084,17.99151,270.3
16.54:  70.52497,17.99248,270.3
16.56:  70.35012,17.9934,270.3
16.57:  70.17937,17.99429,270.3
16.59:  70.0332,17.99531,270.4
16.61:  69.88997,17.99656,270.5
16.62:  69.77208,17.99759,270.5
16.64:  69.66037,17.99876,270.6
16.66:  69.56014,17.99999,270.7
16.67:  69.47335,18.00105,270.7
16.69:  69.3984,18.00209,270.8
16.71:  69.33588,18.00297,270.8
16.72:  69.28631,18.00374,270.9
16.74:  69.24892,18.00453,271.2
16.76:  69.22389,18.00518,271.5
16.77:  69.21133,18.00558,271.8
16.79:  69.21133,18.00558,272
16.81:  69.21133,18.00558,272
16.82:  69.21133,18.00558,271.9
16.84:  69.21133,18.00558,271.6
16.86:  69.21133,18.00558,271.2
16.87:  69.21133,18.00558,270.8
16.89:  69.21133,18.00558,270.4
16.91:  69.21133,18.00558,270.1
16.92:  69.21133,18.00558,269.8
16.94:  69.21133,18.00558,269.6
16.96:  69.21133,18.00558,269.5
16.97:  69.21133,18.00558,269.3
16.99:  69.21133,18.00558,269.1
17.01:  69.21133,18.00558,268.9
17.02:  69.21133,18.00558,268.9
17.04:  69.21133,18.00558,268.9
17.06:  69.21133,18.00558,268.9
17.07:  69.21133,18.00558,268.9
17.09:  69.21133,18.00558,268.9
17.11:  69.21133,18.00558,268.9
17.12:  69.21133,18.00558,268.9
17.14:  69.21133,18.00558,269
17.16:  69.21133,18.00558,269.1
17.17:  69.21133,18.00558,269.1
17.19:  69.21133,18.00558,269.2
17.21:  69.21133,18.00558,269.3
17.22:  69.21133,18.00558,269.3
17.24:  69.21133,18.00558,269.4
17.26:  69.21133,18.00558,269.4
17.27:  69.21133,18.00558,269.4
17.29:  69.21133,18.00558,269.4
17.31:  69.21133,18.00558,269.4
17.32:  69.21133,18.00558,269.4
17.34:  69.21133,18.00558,269.4
17.36:  69.21133,18.00558,269.4
17.37:  69.21133,18.00558,269.4
17.39:  69.21133,18.00558,269.4
17.41:  69.21133,18.00558,269.4
17.42:  69.21133,18.00558,269.4
17.44:  69.21133,18.00558,269.4
17.46:  69.21133,18.00558,269.4
17.47:  69.21133,18.00558,269.4
17.49:  69.19882,18.00545,269.4
17.51:  69.1743,18.00519,269.4
17.52:  69.13596,18.00479,269.4
17.54:  69.08661,18.00427,269.4
17.56:  69.02403,18.00362,269.4
17.57:  68.94839,18.00282,269.4
17.59:  68.86183,18.00192,269.4
17.61:  68.76173,18.00087,269.4
17.62:  68.64508,17.99985,269.5
17.64:  68.51665,17.99873,269.5
17.66:  68.38556,17.99759,269.5
17.67:  68.23645,17.99655,269.6
17.69:  68.07454,17.99541,269.6
17.71:  67.89855,17.99419,269.6
17.72:  67.71,17.99287,269.6
17.74:  67.51227,17.99149,269.6
17.76:  67.29984,17.99001,269.6
17.77:  67.0733,17.98843,269.6
17.79:  66.83736,17.98678,269.6
17.81:  66.58727,17.98503,269.6
17.82:  66.33604,17.98328,269.6
17.84:  66.08723,17.98154,269.6
17.86:  65.84003,17.97981,269.6
17.87:  65.58853,17.97806,269.6
17.89:  65.33931,17.97632,269.6
17.91:  65.08607,17.97455,269.6
17.92:  64.83989,17.97283,269.6
17.94:  64.58746,17.97107,269.6
17.96:  64.33708,17.96932,269.6
17.97:  64.08586,17.96757,269.6
17.99:  63.83667,17.96583,269.6
18.01:  63.58849,17.9641,269.6
18.02:  63.32705,17.96227,269.6
18.04:  63.08443,17.96058,269.6
18.06:  62.83664,17.95885,269.6
18.07:  62.58639,17.9571,269.6
18.09:  62.33746,17.95536,269.6
18.11:  62.08987,17.95363,269.6
18.12:  61.83712,17.95187,269.6
18.14:  61.58655,17.95012,269.6
18.16:  61.33659,17.94837,269.6
18.17:  61.085,17.94662,269.6
18.19:  60.83694,17.94489,269.6
18.21:  60.58592,17.94313,269.6
18.22:  60.33648,17.94139,269.6
18.24:  60.08717,17.93965,269.6
18.26:  59.83091,17.93786,269.6
18.27:  59.58611,17.93615,269.6
18.29:  59.33695,17.93441,269.6
18.31:  59.08715,17.93267,269.6
18.32:  58.82444,17.93084,269.6
18.34:  58.58776,17.92918,269.6
18.36:  58.33901,17.92745,269.6
18.37:  58.0871,17.92569,269.6
18.39:  57.83648,17.92394,269.6
18.41:  57.58691,17.9222,269.6
18.42:  57.33623,17.92045,269.6
18.44:  57.08659,17.9187,269.6
18.46:  56.83797,17.91697,269.6
18.47:  56.58603,17.91521,269.6
18.49:  56.33696,17.91347,269.6
18.51:  56.0873,17.91173,269.6
18.52:  55.83628,17.90997,269.6
18.54:  55.58684,17.90867,269.7
18.56:  55.33553,17.90735,269.7
18.57:  55.06703,17.90594,269.7
18.59:  54.83609,17.90514,269.8
18.61:  54.57511,17.90423,269.8
18.62:  54.3357,17.90339,269.8
18.64:  54.0872,17.90296,269.9
18.66:  53.83628,17.90252,269.9
18.67:  53.58863,17.90209,269.9
18.69:  53.33978,17.90166,269.9
18.71:  53.0915,17.90122,269.9
18.72:  52.87446,17.90084,269.9
18.74:  52.6638,17.90047,269.9
18.76:  52.4634,17.90013,269.9
18.77:  52.27464,17.8998,269.9
18.79:  52.10101,17.89949,269.9
18.81:  51.93877,17.89921,269.9
18.82:  51.78936,17.89895,269.9
18.84:  51.65189,17.89871,269.9
18.86:  51.52621,17.89849,269.9
18.87:  51.41451,17.89829,269.9
18.89:  51.31397,17.89812,269.9
18.91:  51.22651,17.89797,269.9
18.92:  51.15167,17.89784,269.9
18.94:  51.08949,17.89773,269.9
18.96:  51.03939,17.89764,269.9
18.97:  51.00189,17.89758,269.9
18.99:  50.97718,17.89753,269.9
19.01:  50.9648,17.89751,269.9
19.02:  50.9648,17.89751,269.9
19.04:  50.9648,17.89751,269.9
19.06:  50.9648,17.89751,269.9
19.07:  50.9648,17.89751,269.9
19.09:  50.9648,17.89751,269.9
19.11:  50.9648,17.89751,269.9
19.12:  50.9648,17.89751,269.9
19.14:  50.9648,17.89751,269.9
19.16:  50.9648,17.89751,269.9
19.17:  50.9648,17.89751,269.9
19.19:  50.9648,17.89751,269.9
19.21:  50.9648,17.89751,269.9
19.22:  50.9648,17.89751,269.9
19.24:  50.9648,17.89751,269.9
19.26:  50.9648,17.89751,269.9
19.27:  50.9648,17.89751,269.9
19.29:  50.9648,17.89751,269.9
19.31:  50.9648,17.89751,269.9
19.32:  50.9648,17.89751,269.9
19.34:  50.9648,17.89751,269.9
19.36:  50.9648,17.89751,269.9
19.37:  50.9648,17.89751,269.9
19.39:  50.9648,17.89751,269.9
19.41:  50.9648,17.89751,269.9
19.42:  50.9648,17.89751,269.9
19.44:  50.9648,17.89751,269.9
19.46:  50.9648,17.89751,269.9
19.47:  50.9648,17.89751,269.9
19.49:  50.9648,17.89751,269.9
19.51:  50.9648,17.89751,269.9
19.52:  50.9648,17.89751,269.9
19.54:  50.9648,17.89751,269.9
19.56:  50.9648,17.89751,269.9
19.57:  50.9648,17.89751,269.9
19.59:  50.9648,17.89751,269.9
19.61:  50.9648,17.89751,269.9
19.62:  50.9648,17.89751,269.9
19.64:  50.9648,17.89751,269.9
19.66:  50.9648,17.89751,269.9
19.67:  50.9648,17.89751,269.9
19.69:  50.9648,17.89751,269.9
19.71:  50.9648,17.89751,269.9
19.72:  50.9648,17.89751,269.9
19.74:  50.95232,17.89749,269.9
19.76:  50.92731,17.89744,269.9
19.77:  50.89017,17.89738,269.9
19.79:  50.84033,17.89729,269.9
19.81:  50.77777,17.89718,269.9
19.82:  50.70264,17.89705,269.9
19.84:  50.61255,17.89689,269.9
19.86:  50.51385,17.89672,269.9
19.87:  50.40032,17.89652,269.9
19.89:  50.27773,17.89631,269.9
19.91:  50.1404,17.89607,269.9
19.92:  49.98994,17.89581,269.9
19.94:  49.82893,17.89553,269.9
19.96:  49.65331,17.89522,269.9
19.97:  49.46512,17.89489,269.9
19.99:  49.26537,17.89454,269.9
20.01:  49.05304,17.89417,269.9
20.02:  48.83064,17.89379,269.9
20.04:  48.59177,17.89337,269.9
20.06:  48.34161,17.89293,269.9
20.07:  48.09339,17.8925,269.9
20.09:  47.8438,17.89206,269.9
20.11:  47.5921,17.89162,269.9
20.12:  47.34043,17.89118,269.9
20.14:  47.09206,17.89075,269.9
20.16:  46.84178,17.89031,269.9
20.17:  46.58911,17.88987,269.9
20.19:  46.3409,17.88944,269.9
20.21:  46.09192,17.88901,269.9
20.22:  45.83958,17.88857,269.9
20.24:  45.59125,17.88813,269.9
20.26:  45.33986,17.88769,269.9
20.27:  45.08384,17.88725,269.9
20.29:  44.83967,17.88682,269.9
20.31:  44.59419,17.88639,269.9
20.32:  44.34085,17.88595,269.9
20.34:  44.09175,17.88552,269.9
20.36:  43.84035,17.88508,269.9
20.37:  43.58851,17.88464,269.9
20.39:  43.34099,17.8842,269.9
20.41:  43.09377,17.88377,269.9
20.42:  42.84002,17.88333,269.9
20.44:  42.59041,17.88289,269.9
20.46:  42.34092,17.88246,269.9
20.47:  42.09186,17.88202,269.9
20.49:  41.84121,17.88159,269.9
20.51:  41.59243,17.88115,269.9
20.52:  41.34081,17.88071,269.9
20.54:  41.09122,17.88028,269.9
20.56:  40.84438,17.87985,269.9
20.57:  40.59114,17.87941,269.9
20.59:  40.3417,17.87897,269.9
20.61:  40.09267,17.87854,269.9
20.62:  39.83928,17.87854,270
20.64:  39.5893,17.87897,270.1
20.66:  39.34014,17.87984,270.2
20.67:  39.09052,17.88071,270.2
20.69:  38.84225,17.88158,270.2
20.71:  38.59088,17.88246,270.2
20.72:  38.34083,17.88333,270.2
20.74:  38.09209,17.8842,270.2
20.76:  37.84126,17.88507,270.2
20.77:  37.59136,17.88595,270.2
20.79:  37.34095,17.88682,270.2
20.81:  37.09052,17.88769,270.2
20.82:  36.84111,17.88857,270.2
20.84:  36.59299,17.88943,270.2
20.86:  36.33994,17.89031,270.2
20.87:  36.09111,17.89118,270.2
20.89:  35.84163,17.89205,270.2
20.91:  35.59151,17.89293,270.2
20.92:  35.3394,17.89381,270.2
20.94:  35.09179,17.89467,270.2
20.96:  34.84211,17.89554,270.2
20.97:  34.59016,17.89642,270.2
20.99:  34.34009,17.89729,270.2
21.01:  34.08976,17.89817,270.2
21.02:  33.84124,17.89904,270.2
21.04:  33.59091,17.89991,270.2
21.06:  33.34546,17.90077,270.2
21.07:  33.08323,17.90168,270.2
21.09:  32.84084,17.90253,270.2
21.11:  32.59019,17.9034,270.2
21.12:  32.3409,17.90427,270.2
21.14:  32.09171,17.90514,270.2
21.16:  31.84151,17.90602,270.2
21.17:  31.59128,17.90689,270.2
21.19:  31.34156,17.90776,270.2
21.21:  31.0894,17.90864,270.2
21.22:  30.84032,17.90951,270.2
21.24:  30.5914,17.91038,270.2
21.26:  30.3418,17.91125,270.2
21.27:  30.08973,17.91213,270.2
21.29:  29.84402,17.91299,270.2
21.31:  29.59377,17.91386,270.2
21.32:  29.34038,17.91475,270.2
21.34:  29.09151,17.91562,270.2
21.36:  28.8413,17.91649,270.2
21.37:  28.59123,17.91736,270.2
21.39:  28.34095,17.91824,270.2
21.41:  28.0916,17.91911,270.2
21.42:  27.83987,17.91998,270.2
21.44:  27.59143,17.92085,270.2
21.46:  27.34141,17.92172,270.2
21.47:  27.09085,17.9226,270.2
21.49:  26.83982,17.92348,270.2
21.51:  26.59077,17.92435,270.2
21.52:  26.3413,17.92522,270.2
21.54:  26.09125,17.92609,270.2
21.56:  25.84199,17.92696,270.2
21.57:  25.58996,17.92784,270.2
21.59:  25.34154,17.92871,270.2
21.61:  25.09079,17.92958,270.2
21.62:  24.84107,17.93045,270.2
21.64:  24.59067,17.93133,270.2
21.66:  24.34126,17.9322,270.2
21.67:  24.08974,17.93307,270.2
21.69:  23.841,17.93394,270.2
21.71:  23.59143,17.93481,270.2
21.72:  23.34112,17.93569,270.2
21.74:  23.09167,17.93656,270.2
21.76:  22.83019,17.93747,270.2
21.77:  22.59203,17.9383,270.2
21.79:  22.34057,17.93918,270.2
21.81:  22.09131,17.94005,270.2
21.82:  21.84093,17.94093,270.2
21.84:  21.59115,17.9418,270.2
21.86:  21.34075,17.94267,270.2
21.87:  21.09076,17.94354,270.2
21.89:  20.84041,17.94442,270.2
21.91:  20.5921,17.94528,270.2
21.92:  20.33887,17.94617,270.2
21.94:  20.09356,17.94703,270.2
21.96:  19.84128,17.9479,270.2
21.97:  19.59024,17.94878,270.2
21.99:  19.34102,17.94965,270.2
22.01:  19.09399,17.95051,270.2
22.02:  18.84186,17.95139,270.2
22.04:  18.59093,17.95227,270.2
22.06:  18.34148,17.95314,270.2
22.07:  18.0925,17.95401,270.2
22.09:  17.83401,17.95491,270.2
22.11:  17.5921,17.95576,270.2
22.12:  17.3408,17.95663,270.2
22.14:  17.09162,17.9575,270.2
22.16:  16.84204,17.95837,270.2
22.17:  16.58961,17.95926,270.2
22.19:  16.34174,17.96012,270.2
22.21:  16.09337,17.96099,270.2
22.22:  15.85319,17.96183,270.2
22.24:  15.62976,17.96261,270.2
22.26:  15.41728,17.96335,270.2
22.27:  15.21701,17.96405,270.2
22.29:  15.02971,17.9647,270.2
22.31:  14.85608,17.96531,270.2
22.32:  14.69155,17.96588,270.2
22.34:  14.54214,17.9664,270.2
22.36:  14.40477,17.96688,270.2
22.37:  14.27959,17.96732,270.2
22.39:  14.16779,17.96771,270.2
22.41:  14.06852,17.96806,270.2
22.42:  13.98013,17.96836,270.2
22.44:  13.90551,17.96862,270.2
22.46:  13.84305,17.96884,270.2
22.47:  13.79306,17.96893,270.1
22.49:  13.75595,17.96899,270.1
22.51:  13.73091,17.96904,270.1
22.52:  13.71839,17.96904,270
22.54:  13.71839,17.96904,270
22.56:  13.71839,17.96904,270
22.57:  13.71839,17.96904,270
22.59:  13.71839,17.96904,269.9
22.61:  13.71839,17.96904,269.9
22.62:  13.71839,17.96904,269.8
22.64:  13.71839,17.96904,269.7
22.66:  13.71839,17.96904,269.6
22.67:  13.71839,17.96904,269.4
22.69:  13.71839,17.96904,269.1
22.71:  13.71839,17.96904,268.5
22.72:  13.71839,17.96904,267.5
22.74:  13.71839,17.96904,266.5
22.76:  13.71839,17.96904,265.3
22.77:  13.71839,17.96904,264.2
22.79:  13.71839,17.96904,263.1
22.81:  13.71839,17.96904,262.3
22.82:  13.71839,17.96904,261.3
22.84:  13.71839,17.96904,260.9
22.86:  13.71839,17.96904,260.5
22.87:  13.71839,17.96904,260.2
22.89:  13.71839,17.96904,259.9
22.91:  13.71839,17.96904,259.6
22.92:  13.71839,17.96904,259.2
22.94:  13.71839,17.96904,258.9
22.96:  13.71839,17.96904,258.5
22.97:  13.71839,17.96904,258.2
22.99:  13.71839,17.96904,257.9
23.01:  13.71839,17.96904,257.7
23.02:  13.71839,17.96904,257.5
23.04:  13.71839,17.96904,257.5
23.06:  13.71839,17.96904,257.5
23.07:  13.71839,17.96904,257.5
23.09:  13.71839,17.96904,257.5
23.11:  13.71839,17.96904,257.5
23.12:  13.71839,17.96904,257.5
23.14:  13.71839,17.96904,257.5
23.16:  13.71839,17.96904,257.5
23.17:  13.71839,17.96904,257.5
23.19:  13.71839,17.96904,257.5
23.21:  13.71839,17.96904,257.5
23.22:  13.71839,17.96904,257.5
23.24:  13.71839,17.96904,257.5
23.26:  13.71839,17.96904,257.5
23.27:  13.71839,17.96904,257.5
23.29:  13.71839,17.96904,257.5
23.31:  13.71839,17.96904,257.5
23.32:  13.71839,17.96904,257.7
23.34:  13.71839,17.96904,258.2
23.36:  13.71839,17.96904,258.9
23.37:  13.71839,17.96904,259.8
23.39:  13.71839,17.96904,260.8
23.41:  13.71839,17.96904,260.8
23.42:  13.71839,17.96904,260.8
23.44:  13.71839,17.96904,260.8
23.46:  13.71839,17.96904,260.8
23.47:  13.71839,17.96904,260.8
23.49:  13.71839,17.96904,260.8
23.51:  13.70586,17.96701,260.8
23.52:  13.68104,17.96299,260.8
23.54:  13.64389,17.95697,260.8
23.56:  13.59439,17.94895,260.8
23.57:  13.53218,17.93888,260.8
23.59:  13.45829,17.92691,260.8
23.61:  13.37229,17.91298,260.8
23.62:  13.27247,17.89682,260.8
23.64:  13.16213,17.87894,260.8
23.66:  13.03761,17.859,260.9
23.67:  12.90167,17.83747,261
23.69:  12.75389,17.81406,261
23.71:  12.59457,17.78911,261.1
23.72:  12.41943,17.762,261.2
23.74:  12.2347,17.7334,261.2
23.76:  12.03706,17.70281,261.2
23.77:  11.82589,17.67049,261.3
23.79:  11.6042,17.63657,261.3
23.81:  11.39309,17.60427,261.3
23.82:  11.19492,17.57394,261.3
23.84:  11.01044,17.54571,261.3
23.86:  10.83752,17.51925,261.3
23.87:  10.6508,17.49068,261.3
23.89:  10.45463,17.46066,261.3
23.91:  10.24345,17.42835,261.3
23.92:  10.02183,17.39443,261.3
23.94:  9.787003,17.3585,261.3
23.96:  9.539305,17.3206,261.3
23.97:  9.291061,17.28261,261.3
23.99:  9.04601,17.24511,261.3
24.01:  8.798233,17.2072,261.3
24.02:  8.551999,17.16952,261.3
24.04:  8.304915,17.13083,261.1
24.06:  8.055742,17.09002,260.7
24.07:  7.813418,17.04686,259.9
24.09:  7.564642,16.99579,258.4
24.11:  7.335138,16.93942,256.2
24.12:  7.121058,16.87722,253.8
24.14:  6.917933,16.80887,251.4
24.16:  6.730546,16.73693,249
24.17:  6.558239,16.66237,246.6
24.19:  6.400302,16.58805,244.8
24.21:  6.255641,16.51561,243.4
24.22:  6.121027,16.44464,242.2
24.24:  6.001059,16.37977,241.6
24.26:  5.888624,16.3177,241.1
24.27:  5.790533,16.26198,240.4
24.29:  5.707325,16.21355,239.8
24.31:  5.632124,16.16854,239.1
24.32:  5.567997,16.12925,238.5
24.34:  5.515106,16.09607,237.9
24.36:  5.472776,16.069,237.4
24.37:  5.441385,16.04853,236.9
24.39:  5.420626,16.03474,236.4
24.41:  5.410206,16.02766,235.8
24.42:  5.410206,16.02766,234.9
24.44:  5.410206,16.02766,234.2
24.46:  5.410206,16.02766,233.5
24.47:  5.410206,16.02766,232.6
24.49:  5.410206,16.02766,231.7
24.51:  5.410206,16.02766,230.7
24.52:  5.410206,16.02766,229.7
24.54:  5.410206,16.02766,228.8
24.56:  5.410206,16.02766,228.1
24.57:  5.410206,16.02766,227.3
24.59:  5.410206,16.02766,226.4
24.61:  5.410206,16.02766,225.6
24.62:  5.410206,16.02766,224.2
24.64:  5.410206,16.02766,223.3
24.66:  5.410206,16.02766,222.2
24.67:  5.410206,16.02766,221.1
24.69:  5.410206,16.02766,219.8
24.71:  5.410206,16.02766,218.3
24.72:  5.410206,16.02766,217.1
24.74:  5.410206,16.02766,216
24.76:  5.410206,16.02766,215
24.77:  5.410206,16.02766,213.7
24.79:  5.410206,16.02766,212.5
24.81:  5.410206,16.02766,211.3
24.82:  5.410206,16.02766,209.9
24.84:  5.410206,16.02766,209.2
24.86:  5.410206,16.02766,208.8
24.87:  5.410206,16.02766,208.8
24.89:  5.410206,16.02766,208.8
24.91:  5.410206,16.02766,208.8
24.92:  5.410206,16.02766,208.8
24.94:  5.410206,16.02766,208.8
24.96:  5.410206,16.02766,208.8
24.97:  5.410206,16.02766,208.8
24.99:  5.410206,16.02766,208.8
25.01:  5.410206,16.02766,208.8
25.02:  5.410206,16.02766,208.8
25.04:  5.410206,16.02766,208.8
25.06:  5.410206,16.02766,208.8
25.07:  5.410206,16.02766,208.8
25.09:  5.410206,16.02766,208.8
25.11:  5.410206,16.02766,208.8
25.12:  5.410206,16.02766,208.8
25.14:  5.410206,16.02766,208.8
25.16:  5.410206,16.02766,208.8
25.17:  5.410206,16.02766,208.8
25.19:  5.410206,16.02766,208.8
25.21:  5.410206,16.02766,208.8
25.22:  5.410206,16.02766,208.8
25.24:  5.410206,16.02766,208.8
25.26:  5.410206,16.02766,208.8
25.27:  5.410206,16.02766,208.8
25.29:  5.410206,16.02766,208.8
25.31:  5.410206,16.02766,208.8
25.32:  5.410206,16.02766,208.8
25.34:  5.410206,16.02766,208.8
25.36:  5.410206,16.02766,208.8
25.37:  5.410206,16.02766,208.8
25.39:  5.410206,16.02766,208.7
25.41:  5.410206,16.02766,208.7
25.42:  5.410206,16.02766,208.7
25.44:  5.410206,16.02766,208.7
25.46:  5.410206,16.02766,208.7
25.47:  5.410206,16.02766,208.7
25.49:  5.410206,16.02766,208.7
25.51:  5.410206,16.02766,208.7
25.52:  5.410206,16.02766,208.7
25.54:  5.410206,16.02766,208.7
25.56:  5.410206,16.02766,208.7
25.57:  5.410206,16.02766,208.7
25.59:  5.410206,16.02766,208.7
25.61:  5.410206,16.02766,208.7
25.62:  5.410206,16.02766,208.7
25.64:  5.410206,16.02766,208.5
25.66:  5.410206,16.02766,208.3
25.67:  5.410206,16.02766,208.1
25.69:  5.410206,16.02766,207.8
25.71:  5.410206,16.02766,207.4
25.72:  5.410206,16.02766,207
25.74:  5.410206,16.02766,206.5
25.76:  5.410206,16.02766,205.9
25.77:  5.410206,16.02766,205.2
25.79:  5.410206,16.02766,204.7
25.81:  5.410206,16.02766,204.4
25.82:  5.410206,16.02766,204.2
25.84:  5.410206,16.02766,204.2
25.86:  5.410206,16.02766,204.2
25.87:  5.410206,16.02766,204.2
25.89:  5.410206,16.02766,204.2
25.91:  5.410206,16.02766,204.2
25.92:  5.410206,16.02766,204.2
25.94:  5.410206,16.02766,204.2
25.96:  5.410206,16.02766,204.2
25.97:  5.410206,16.02766,204.2
25.99:  5.410206,16.02766,204.2
26.01:  5.405024,16.01613,204.2
26.02:  5.394966,15.99375,204.2
26.04:  5.379535,15.95941,204.2
26.06:  5.358994,15.91371,204.2
26.07:  5.333666,15.85735,204.2
26.09:  5.301391,15.78554,204.2
26.11:  5.26665,15.70823,204.2
26.12:  5.226076,15.61795,204.2
26.14:  5.180017,15.51547,204.2
26.16:  5.128555,15.40096,204.2
26.17:  5.071965,15.27504,204.2
26.19:  5.010703,15.13873,204.2
26.21:  4.943985,14.99027,204.2
26.22:  4.871858,14.82978,204.2
26.24:  4.795371,14.65959,204.2
26.26:  4.713312,14.477,204.2
26.27:  4.625882,14.28246,204.2
26.29:  4.533948,14.0779,204.2
26.31:  4.436683,13.86148,204.2
26.32:  4.334341,13.63376,204.2
26.34:  4.231869,13.40575,204.2
26.36:  4.129325,13.17758,204.2
26.37:  4.026045,12.94777,204.2
26.39:  3.924527,12.72188,204.2
26.41:  3.822619,12.49513,204.2
26.42:  3.720066,12.26694,204.2
26.44:  3.616737,12.03702,204.2
26.46:  3.514013,11.80845,204.2
26.47:  3.41028,11.57763,204.2
26.49:  3.308965,11.35219,204.2
26.51:  3.206029,11.12315,204.2
26.52:  3.105361,10.89916,204.2
26.54:  3.002739,10.66866,204
26.56:  2.902971,10.43811,203.4
26.57:  2.808208,10.20706,202.3
26.59:  2.714146,9.963292,201.1
26.61:  2.631546,9.728735,199.4
26.62:  2.553915,9.49537,198.4
26.64:  2.479524,9.260859,197.6
26.66:  2.400472,9.002294,197
26.67:  2.335409,8.784045,196.6
26.69:  2.264835,8.544253,196.4
26.71:  2.195492,8.304009,196.1
26.72:  2.127268,8.062913,195.8
26.74:  2.060935,7.822093,195.4
26.76:  1.995759,7.58054,195.1
26.77:  1.933171,7.34197,194.7
26.79:  1.869832,7.097058,194.5
26.81:  1.807757,6.85529,194.4
26.82:  1.745701,6.613598,194.4
26.84:  1.683353,6.37077,194.4
26.86:  1.621359,6.12932,194.4
26.87:  1.559252,5.885665,194.3
26.89:  1.497926,5.645076,194.3
26.91:  1.436814,5.405323,194.3
26.92:  1.374329,5.160186,194.3
26.94:  1.312274,4.916734,194.3
26.96:  1.251011,4.67639,194.3
26.97:  1.188922,4.432807,194.3
26.99:  1.127434,4.191582,194.3
27.01:  1.065763,3.949637,194.3
27.02:  1.003937,3.707083,194.3
27.04:  0.9406068,3.458631,194.3
27.06:  0.8802798,3.221959,194.3
27.07:  0.8182497,2.978606,194.3
27.09:  0.7575586,2.740506,194.3
27.11:  0.6957767,2.498127,194.3
27.12:  0.6327677,2.250933,194.3
27.14:  0.5719354,2.012279,194.3
27.16:  0.5097367,1.768264,194.3
27.17:  0.4478221,1.525365,194.3
27.19:  0.3862825,1.283936,194.3
27.21:  0.3253594,1.044926,194.3
27.22:  0.2626669,0.7989734,194.3
27.24:  0.2009635,0.5569021,194.3
27.26:  0.1395061,0.3140256,194.2
27.27:  0.0786057,0.07157159,194.1
27.29:  0.01845075,-0.1715026,193.9
27.31:  -0.04069832,-0.4141411,193.7
27.32:  -0.09927249,-0.6581194,193.5
27.34:  -0.1548738,-0.8970513,193.1
27.36:  -0.2115285,-1.144418,192.9
27.37:  -0.2659887,-1.388058,192.6
27.39:  -0.319448,-1.631204,192.4
27.41:  -0.372495,-1.876555,192.2
27.42:  -0.4237935,-2.122107,191.8
27.44:  -0.4731663,-2.366968,191.4
27.46:  -0.5211896,-2.611744,191.1
27.47:  -0.5687585,-2.858764,190.9
27.49:  -0.6144726,-3.103034,190.6
27.51:  -0.6595553,-3.34867,190.4
27.52:  -0.7032009,-3.593694,190.1
27.54:  -0.7463779,-3.841086,189.9
27.56:  -0.7882207,-4.088475,189.6
27.57:  -0.8292102,-4.336071,189.4
27.59:  -0.8694972,-4.582088,189.3
27.61:  -0.9085653,-4.825998,189.1
27.62:  -0.9494582,-5.090148,188.8
27.64:  -0.9850485,-5.325478,188.6
27.66:  -1.020876,-5.571065,188.3
27.67:  -1.055563,-5.817872,188
27.69:  -1.08816,-6.065469,187.5
27.71:  -1.118486,-6.312455,187
27.72:  -1.147328,-6.561732,186.6
27.74:  -1.173957,-6.810905,186.1
27.76:  -1.198928,-7.061076,185.7
27.77:  -1.221933,-7.309064,185.3
27.79:  -1.244155,-7.558048,185.1
27.81:  -1.264766,-7.803496,184.8
27.82:  -1.284557,-8.054974,184.5
27.84:  -1.303339,-8.304758,184.3
27.86:  -1.321623,-8.553741,184.2
27.87:  -1.338631,-8.803214,183.9
27.89:  -1.354742,-9.052351,183.7
27.91:  -1.370051,-9.302649,183.5
27.92:  -1.384305,-9.549856,183.3
27.94:  -1.397968,-9.802132,183.1
27.96:  -1.410572,-10.05094,182.9
27.97:  -1.422557,-10.30508,182.7
27.99:  -1.432868,-10.55108,182.4
28.01:  -1.442475,-10.80115,182.2
28.02:  -1.450645,-11.04742,181.9
28.04:  -1.458614,-11.30101,181.8
28.06:  -1.466409,-11.54903,181.8
28.07:  -1.474233,-11.79801,181.8
28.09:  -1.482138,-12.04952,181.8
28.11:  -1.489995,-12.29953,181.8
28.12:  -1.497744,-12.54613,181.8
28.14:  -1.505654,-12.79782,181.8
28.16:  -1.513547,-13.04895,181.8
28.17:  -1.521285,-13.29519,181.8
28.19:  -1.529243,-13.54839,181.8
28.21:  -1.537074,-13.7976,181.8
28.22:  -1.54498,-14.04917,181.8
28.24:  -1.552787,-14.29757,181.8
28.26:  -1.560709,-14.54965,181.8
28.27:  -1.568555,-14.79932,181.8
28.29:  -1.576367,-15.0479,181.8
28.31:  -1.584087,-15.29354,181.8
28.32:  -1.592048,-15.54685,181.8
28.34:  -1.599908,-15.79697,181.8
28.36:  -1.607773,-16.04723,181.8
28.37:  -1.615626,-16.2971,181.8
28.39:  -1.623474,-16.54683,181.8
28.41:  -1.631366,-16.79795,181.8
28.42:  -1.63922,-17.04785,181.8
28.44:  -1.647037,-17.29658,181.8
28.46:  -1.654876,-17.54603,181.8
28.47:  -1.662804,-17.79829,181.8
28.49:  -1.670622,-18.04707,181.8
28.51:  -1.678006,-18.29584,181.7
28.52:  -1.685313,-18.54203,181.7
28.54:  -1.69234,-18.79361,181.6
28.56:  -1.699253,-19.04109,181.6
28.57:  -1.706281,-19.29268,181.6
28.59:  -1.713218,-19.54102,181.6
28.6:  -1.720252,-19.79286,181.6
28.62:  -1.727164,-20.04028,181.6
28.64:  -1.734211,-20.29259,181.6
28.66:  -1.741533,-20.55469,181.6
28.67:  -1.748333,-20.79812,181.6
28.69:  -1.75529,-21.04719,181.6
28.71:  -1.762233,-21.29576,181.6
28.72:  -1.769246,-21.54682,181.6
28.74:  -1.77621,-21.79613,181.6
28.76:  -1.783225,-22.04727,181.6
28.77:  -1.790166,-22.29576,181.6
28.79:  -1.797139,-22.54537,181.6
28.81:  -1.804098,-22.79451,181.6
28.82:  -1.811126,-23.04612,181.6
28.84:  -1.818078,-23.29498,181.6
28.86:  -1.824972,-23.5418,181.6
28.87:  -1.832007,-23.79364,181.6
28.89:  -1.838998,-24.04392,181.6
28.91:  -1.845994,-24.29438,181.6
28.92:  -1.852973,-24.54422,181.6
28.94:  -1.860134,-24.80057,181.6
28.96:  -1.867536,-25.04996,181.7
28.97:  -1.875316,-25.29753,181.8
28.99:  -1.88308,-25.54457,181.8
29.01:  -1.890951,-25.79502,181.8
29.02:  -1.898727,-26.04246,181.8
29.04:  -1.906603,-26.29308,181.8
29.06:  -1.914445,-26.5426,181.8
29.07:  -1.922317,-26.7931,181.8
29.09:  -1.930135,-27.04186,181.8
29.11:  -1.937612,-27.29379,181.7
29.12:  -1.944975,-27.54185,181.7
29.14:  -1.95246,-27.79404,181.7
29.16:  -1.959853,-28.04314,181.7
29.17:  -1.967291,-28.29376,181.7
29.19:  -1.974646,-28.54156,181.7
29.21:  -1.981635,-28.79177,181.6
29.22:  -1.988642,-29.0426,181.6
29.24:  -1.995596,-29.29158,181.6
29.26:  -2.002581,-29.54162,181.6
29.27:  -2.009545,-29.79094,181.6
29.29:  -2.016528,-30.04093,181.6
29.31:  -2.023513,-30.29097,181.6
29.32:  -2.030535,-30.54234,181.6
29.34:  -2.037457,-30.79016,181.6
29.36:  -2.044392,-31.03845,181.6
29.37:  -2.05143,-31.29041,181.6
29.39:  -2.058707,-31.55092,181.6
29.41:  -2.065553,-31.79601,181.6
29.42:  -2.072468,-32.04355,181.6
29.44:  -2.079381,-32.29103,181.6
29.46:  -2.086349,-32.54051,181.6
29.47:  -2.093365,-32.79165,181.6
29.49:  -2.10028,-33.03922,181.6
29.51:  -2.107299,-33.29049,181.6
29.52:  -2.114299,-33.54108,181.6
29.54:  -2.121242,-33.78966,181.6
29.56:  -2.128221,-34.03948,181.6
29.57:  -2.135226,-34.29026,181.6
29.59:  -2.142163,-34.53859,181.6
29.61:  -2.149092,-34.78667,181.6
29.62:  -2.15613,-35.03863,181.6
29.64:  -2.16314,-35.28956,181.6
29.66:  -2.170144,-35.54033,181.6
29.67:  -2.17712,-35.79006,181.6
29.69:  -2.184079,-36.0392,181.6
29.71:  -2.191035,-36.28821,181.6
29.72:  -2.198061,-36.53975,181.6
29.74:  -2.204993,-36.7879,181.6
29.76:  -2.212009,-37.03907,181.6
29.77:  -2.218145,-37.29015,181.4
29.79:  -2.222939,-37.53979,181.1
29.81:  -2.225983,-37.78896,180.7
29.82:  -2.226423,-38.04075,180.1
29.84:  -2.225528,-38.29702,179.8
29.86:  -2.223339,-38.54798,179.5
29.87:  -2.220752,-38.79497,179.4
29.89:  -2.218175,-39.04107,179.4
29.91:  -2.21557,-39.28979,179.4
29.92:  -2.212957,-39.5394,179.4
29.94:  -2.210351,-39.78821,179.4
29.96:  -2.207741,-40.03748,179.4
29.97:  -2.205111,-40.28864,179.4
29.99:  -2.202502,-40.5378,179.4
30.01:  -2.19986,-40.79006,179.4
30.02:  -2.197251,-41.03924,179.4
30.04:  -2.194633,-41.28926,179.4
30.06:  -2.191595,-41.53794,179.3
30.07:  -2.188566,-41.78584,179.3
30.09:  -2.185037,-42.03856,179.2
30.11:  -2.181133,-42.2871,179.1001
30.12:  -2.176102,-42.54913,178.9
30.14:  -2.170944,-42.79536,178.8
30.16:  -2.164982,-43.03933,178.6
30.17:  -2.158412,-43.29025,178.5
30.19:  -2.151011,-43.53961,178.3
30.21:  -2.14274,-43.78895,178.1
30.22:  -2.132215,-44.04006,177.6
30.24:  -2.118796,-44.28785,176.9
30.26:  -2.101353,-44.53729,176
30.27:  -2.079201,-44.7855,174.9
30.29:  -2.051095,-45.03218,173.5
30.31:  -2.016121,-45.28104,172
30.32:  -1.97347,-45.53056,170.3
30.34:  -1.924189,-45.77279,168.5
30.36:  -1.868382,-46.01645,167.1001
30.37:  -1.805559,-46.25937,165.5
30.39:  -1.737506,-46.49986,164.2
30.41:  -1.665181,-46.73792,163.1
30.42:  -1.585573,-46.97723,161.6
30.44:  -1.507075,-47.20264,160.8
30.46:  -1.43095,-47.4118,160
30.47:  -1.355225,-47.61115,159.2
30.49:  -1.282359,-47.79707,158.6
30.51:  -1.212559,-47.96897,157.9
30.52:  -1.144258,-48.13225,157.3
30.54:  -1.080649,-48.27995,156.7
30.56:  -1.01926,-48.41848,156.1
30.57:  -0.9619394,-48.54426,155.5
30.59:  -0.9091687,-48.65691,154.9
30.61:  -0.8602383,-48.75813,154.2
30.62:  -0.8151588,-48.84815,153.4
30.64:  -0.7757375,-48.92586,153.1
30.66:  -0.7414757,-48.99281,152.9
30.67:  -0.7129009,-49.04865,152.9
30.69:  -0.6902744,-49.09287,152.9
30.71:  -0.6731058,-49.12642,152.9
30.72:  -0.6616368,-49.14883,152.9
30.74:  -0.6558992,-49.16004,152.9
30.76:  -0.6558992,-49.16004,152.9
30.77:  -0.6558992,-49.16004,152.9
30.79:  -0.6558992,-49.16004,152.9
30.81:  -0.6558992,-49.16004,152.9
30.82:  -0.6558992,-49.16004,152.9
30.84:  -0.6558992,-49.16004,152.9
30.86:  -0.6558992,-49.16004,152.9
30.87:  -0.6558992,-49.16004,152.9
30.89:  -0.6558992,-49.16004,152.9
30.91:  -0.6558992,-49.16004,152.9
30.92:  -0.6558992,-49.16004,153
30.94:  -0.6558992,-49.16004,153.3
30.96:  -0.6558992,-49.16004,153.4
30.97:  -0.6558992,-49.16004,153.3
30.99:  -0.6558992,-49.16004,153.1
31.01:  -0.6558992,-49.16004,152.9
31.02:  -0.6558992,-49.16004,152.4
31.04:  -0.6558992,-49.16004,151.9
31.06:  -0.6558992,-49.16004,151.1
31.07:  -0.6558992,-49.16004,150
31.09:  -0.6558992,-49.16004,148.7
31.11:  -0.6558992,-49.16004,147
31.12:  -0.6558992,-49.16004,145.3
31.14:  -0.6558992,-49.16004,143.5
31.16:  -0.6558992,-49.16004,141.8
31.17:  -0.6558992,-49.16004,140.5
31.19:  -0.6558992,-49.16004,139.5
31.21:  -0.6558992,-49.16004,138.7
31.22:  -0.6558992,-49.16004,137.7
31.24:  -0.6558992,-49.16004,137
31.26:  -0.6558992,-49.16004,136.4
31.27:  -0.6558992,-49.16004,135.9
31.29:  -0.6558992,-49.16004,135.4
31.31:  -0.6558992,-49.16004,135.1
31.32:  -0.6558992,-49.16004,134.8
31.34:  -0.6558992,-49.16004,134.7
31.36:  -0.6558992,-49.16004,134.6
31.37:  -0.6558992,-49.16004,134.6
31.39:  -0.6558992,-49.16004,134.6
31.41:  -0.6558992,-49.16004,134.6
31.42:  -0.6558992,-49.16004,134.6
31.44:  -0.6558992,-49.16004,134.6
31.46:  -0.6558992,-49.16004,134.6
31.47:  -0.6558992,-49.16004,134.6
31.49:  -0.6558992,-49.16004,134.6
31.51:  -0.6558992,-49.16004,134.6
31.52:  -0.6558992,-49.16004,134.6
31.54:  -0.6558992,-49.16004,134.6
31.56:  -0.6558992,-49.16004,134.6
31.57:  -0.6558992,-49.16004,134.6
31.59:  -0.6558992,-49.16004,134.6
31.61:  -0.6558992,-49.16004,134.6
31.62:  -0.6558992,-49.16004,134.6
31.64:  -0.6558992,-49.16004,134.5
31.66:  -0.6558992,-49.16004,134.5
31.67:  -0.6468818,-49.1689,134.5
31.69:  -0.6292088,-49.18627,134.5
31.71:  -0.6025144,-49.21251,134.5
31.72:  -0.5671464,-49.24726,134.5
31.74:  -0.5222896,-49.29134,134.5
31.76:  -0.4684297,-49.34427,134.5
31.77:  -0.4059563,-49.40566,134.5
31.79:  -0.3350167,-49.47537,134.5
31.81:  -0.2558838,-49.55314,134.5
31.82:  -0.1655824,-49.64188,134.5
31.84:  -0.06733531,-49.73842,134.5
31.86:  0.03901746,-49.84294,134.5
31.87:  0.1558131,-49.95771,134.5
31.89:  0.2798969,-50.07965,134.5
31.91:  0.4136127,-50.21105,134.5
31.92:  0.5567331,-50.3517,134.5
31.94:  0.7075408,-50.49989,134.5
31.96:  0.8682422,-50.65781,134.5
31.97:  1.038633,-50.82526,134.5
31.99:  1.21593,-50.99949,134.5
32.01:  1.394192,-51.17466,134.5
32.02:  1.572841,-51.35022,134.5
32.04:  1.751765,-51.52605,134.5
32.06:  1.928938,-51.69955,134.4
32.07:  2.106133,-51.87307,134.4
32.09:  2.287601,-52.05016,134.3
32.11:  2.468605,-52.22496,134
32.12:  2.650471,-52.39574,133.2
32.14:  2.834769,-52.56285,132.2
32.16:  3.024195,-52.72752,131
32.17:  3.216511,-52.88775,129.8
32.19:  3.410885,-53.04347,128.7
32.21:  3.608638,-53.19631,127.7
32.22:  3.812142,-53.3458,126.3
32.24:  4.014725,-53.48977,125.4
32.26:  4.220629,-53.63076,124.4
32.27:  4.429228,-53.7683,123.4
32.29:  4.64072,-53.90252,122.4
32.31:  4.850113,-54.03033,121.4
32.32:  5.074529,-54.162,120.4
32.34:  5.291932,-54.285,119.5
32.36:  5.510395,-54.4046,118.7
32.37:  5.725128,-54.51878,118
32.39:  5.948944,-54.63529,117.5
32.41:  6.170952,-54.74841,117
32.42:  6.396661,-54.86143,116.6
32.44:  6.618926,-54.97177,116.4
32.46:  6.839999,-55.08151,116.4
32.47:  7.067137,-55.19426,116.4
32.49:  7.289129,-55.30446,116.4
32.51:  7.513453,-55.41582,116.4
32.52:  7.738071,-55.52732,116.4
32.54:  7.96159,-55.63828,116.4
32.56:  8.185709,-55.74953,116.4
32.57:  8.409683,-55.86071,116.4
32.59:  8.63259,-55.97136,116.4
32.61:  8.857218,-56.08287,116.4
32.62:  9.080885,-56.1939,116.4
32.64:  9.305375,-56.30534,116.4
32.66:  9.530161,-56.41692,116.4
32.67:  9.754139,-56.52811,116.4
32.69:  9.9789,-56.63968,116.4
32.71:  10.20199,-56.74945,116.2
32.72:  10.42777,-56.85957,116
32.74:  10.65119,-56.96661,115.6
32.76:  10.87833,-57.07302,115.1
32.77:  11.10727,-57.17687,114.4
32.79:  11.33738,-57.2774,113.6
32.81:  11.56588,-57.37346,112.8
32.82:  11.79753,-57.46517,111.6
32.84:  12.03144,-57.55496,111
32.86:  12.26572,-57.64209,110.4
32.87:  12.50019,-57.72651,109.8
32.89:  12.73606,-57.80864,109.2
32.91:  12.97418,-57.88878,108.6
32.92:  13.21228,-57.96614,108
32.94:  13.44997,-58.04108,107.5
32.96:  13.68934,-58.11427,107
32.97:  13.94028,-58.1886,106.5
32.99:  14.17445,-58.25575,106
33.01:  14.40965,-58.32186,105.7
33.02:  14.65254,-58.38876,105.4
33.04:  14.89002,-58.45373,105.3
33.06:  15.13494,-58.52028,105.2
33.07:  15.37605,-58.58578,105.2
33.09:  15.61586,-58.65094,105.2
33.11:  15.85741,-58.71656,105.2
33.12:  16.09841,-58.78204,105.2
33.14:  16.33818,-58.84719,105.2
33.16:  16.58054,-58.91303,105.2
33.17:  16.82202,-58.97864,105.2
33.19:  17.06484,-59.04416,105.1
33.21:  17.30438,-59.1088,105.1
33.22:  17.5488,-59.1752,105.2
33.24:  17.78657,-59.24025,105.3
33.26:  18.02888,-59.30654,105.3
33.27:  18.27151,-59.37337,105.4
33.29:  18.51002,-59.43907,105.4
33.31:  18.7477,-59.50454,105.4
33.32:  18.99132,-59.57164,105.4
33.34:  19.22065,-59.6348,105.4
33.36:  19.43711,-59.69443,105.4
33.37:  19.64331,-59.75122,105.4
33.39:  19.83497,-59.80402,105.4
33.41:  20.0158,-59.85383,105.4
33.42:  20.18528,-59.90051,105.4
33.44:  20.3409,-59.94337,105.4
33.46:  20.4857,-59.98326,105.4
33.47:  20.61869,-60.01989,105.4
33.49:  20.739,-60.05303,105.4
33.51:  20.84661,-60.08267,105.4
33.52:  20.94344,-60.10934,105.4
33.54:  21.0276,-60.13252,105.4
33.56:  21.10061,-60.15263,105.4
33.57:  21.16085,-60.16923,105.4
33.59:  21.20876,-60.18242,105.4
33.61:  21.24494,-60.19239,105.4
33.62:  21.26906,-60.19903,105.4
33.64:  21.28104,-60.20233,105.4
33.66:  21.28104,-60.20233,105.4
33.67:  21.28104,-60.20233,105.4
33.69:  21.28104,-60.20233,105.4
33.71:  21.28104,-60.20233,105.4
33.72:  21.28104,-60.20233,105.4
33.74:  21.28104,-60.20233,105.4
33.76:  21.28104,-60.20233,105.4
33.77:  21.28104,-60.20233,105.4
33.79:  21.28104,-60.20233,105.4
33.81:  21.28104,-60.20233,105.4
33.82:  21.28104,-60.20233,105.4
33.84:  21.28104,-60.20233,105.4
33.86:  21.28104,-60.20233,105.4
33.87:  21.28104,-60.20233,105.4
33.89:  21.28104,-60.20233,105.4
33.91:  21.28104,-60.20233,105.4
33.92:  21.28104,-60.20233,105.4
33.94:  21.28104,-60.20233,105.4
33.96:  21.28104,-60.20233,105.5
33.97:  21.28104,-60.20233,105.8
33.99:  21.28104,-60.20233,106.1
34.01:  21.28104,-60.20233,106.1
34.02:  21.28104,-60.20233,106.1
34.04:  21.28104,-60.20233,106.1
34.06:  21.28104,-60.20233,106.1
34.07:  21.28104,-60.20233,106.1
34.09:  21.28104,-60.20233,106.1
34.11:  21.28104,-60.20233,106.1
34.12:  21.28104,-60.20233,106.1
34.14:  21.28104,-60.20233,106.1
34.16:  21.28104,-60.20233,106.1
34.17:  21.28104,-60.20233,106.1
34.19:  21.28104,-60.20233,106.1
34.21:  21.28104,-60.20233,106.1
34.22:  21.28104,-60.20233,106.1
34.24:  21.28104,-60.20233,106.1
34.26:  21.28104,-60.20233,106.1
34.27:  21.28104,-60.20233,106.1
34.29:  21.28104,-60.20233,106.1
34.31:  21.28104,-60.20233,106.1
34.32:  21.28104,-60.20233,106.1
34.34:  21.28104,-60.20233,106.1
34.36:  21.28104,-60.20233,106.1
34.37:  21.28104,-60.20233,106.1
34.39:  21.28104,-60.20233,106.1
34.41:  21.28104,-60.20233,106.1
34.42:  21.28104,-60.20233,106.1
34.44:  21.28104,-60.20233,106.1
34.46:  21.28104,-60.20233,106.1
34.47:  21.28104,-60.20233,106.1
34.49:  21.28104,-60.20233,106.1
34.51:  21.28104,-60.20233,106.1
34.52:  21.28104,-60.20233,106.1
34.54:  21.28104,-60.20233,106.1
34.56:  21.28104,-60.20233,106.1
34.57:  21.28104,-60.20233,106.1
34.59:  21.28104,-60.20233,106.1
34.61:  21.28104,-60.20233,106.1
34.62:  21.29329,-60.20587,106.1
34.64:  21.317,-60.21271,106.1
34.66:  21.35315,-60.22314,106.1
34.67:  21.40216,-60.2372,106
34.69:  21.46153,-60.25422,106
34.71:  21.53333,-60.27481,106
34.72:  21.61746,-60.29893,106
34.74:  21.71355,-60.32649,106
34.76:  21.82176,-60.35752,106
34.77:  21.94245,-60.3919,105.9
34.79:  22.07408,-60.42915,105.8
34.81:  22.21898,-60.47015,105.8
34.82:  22.37546,-60.51443,105.8
34.84:  22.5441,-60.56183,105.7
34.86:  22.72408,-60.61242,105.7
34.87:  22.91776,-60.6665,105.6
34.89:  23.12132,-60.72333,105.6
34.91:  23.33873,-60.78362,105.5
34.92:  23.56864,-60.84695,105.4
34.94:  23.80883,-60.91266,105.3
34.96:  24.05024,-60.97825,105.2
34.97:  24.29424,-61.04409,105.1
34.99:  24.53394,-61.10831,105
35.01:  24.77542,-61.17257,104.9
35.02:  25.01629,-61.23621,104.8
35.04:  25.26417,-61.30078,104.6
35.06:  25.50323,-61.36216,104.4
35.07:  25.74318,-61.42332,104.3
35.09:  25.99949,-61.48817,104.2
35.11:  26.22717,-61.54494,104
35.12:  26.47062,-61.60474,103.8
35.14:  26.7138,-61.66357,103.6
35.16:  26.95587,-61.72168,103.5
35.17:  27.1979,-61.7789,103.3
35.19:  27.44119,-61.83596,103.2
35.21:  27.68701,-61.89271,103
35.22:  27.93588,-61.9488,102.7
35.24:  28.17422,-62.00208,102.6
35.26:  28.4196,-62.05647,102.5
35.27:  28.66381,-62.10972,102.3
35.29:  28.90748,-62.16285,102.3
35.31:  29.15205,-62.21528,102.1
35.32:  29.3977,-62.26705,101.9
35.34:  29.64102,-62.31744,101.7
35.36:  29.88418,-62.36647,101.4
35.37:  30.14245,-62.4176,101.2
35.39:  30.38239,-62.46381,100.9
35.41:  30.62822,-62.50937,100.5
35.42:  30.86993,-62.55243,100.1
35.44:  31.11618,-62.59496,99.79999
35.46:  31.36229,-62.63615,99.49998
35.47:  31.61485,-62.6766,99.09998
35.49:  31.85728,-62.7137,98.69997
35.51:  32.1068,-62.7501,98.29997
35.52:  32.35275,-62.78379,97.79997
35.54:  32.59936,-62.81581,97.39997
35.56:  32.84766,-62.8463,96.99997
35.57:  33.09446,-62.8753,96.69997
35.59:  33.34076,-62.90292,96.39996
35.61:  33.59258,-62.92984,96.09997
35.62:  33.8393,-62.9549,95.79997
35.64:  34.09273,-62.98019,95.69997
35.66:  34.33802,-63.00467,95.69997
35.67:  34.58442,-63.02927,95.69997
35.69:  34.83609,-63.05439,95.69997
35.71:  35.08511,-63.07924,95.69997
35.72:  35.33443,-63.10413,95.69997
35.74:  35.58217,-63.12886,95.69997
35.76:  35.83076,-63.15367,95.69997
35.77:  36.07945,-63.17849,95.69997
35.79:  36.32751,-63.20325,95.69997
35.81:  36.57655,-63.22811,95.69997
35.82:  36.82632,-63.25304,95.69997
35.84:  37.07475,-63.27784,95.69997
35.86:  37.32444,-63.30276,95.69997
35.87:  37.57218,-63.32748,95.69997
35.89:  37.82085,-63.35231,95.69997
35.91:  38.0693,-63.37711,95.69997
35.92:  38.31902,-63.40203,95.69997
35.94:  38.56741,-63.42682,95.69997
35.96:  38.81533,-63.45157,95.69997
35.97:  39.06567,-63.47655,95.69997
35.99:  39.31251,-63.50119,95.69997
36.01:  39.56331,-63.52623,95.69997
36.02:  39.80921,-63.55077,95.69997
36.04:  40.06114,-63.57592,95.69997
36.06:  40.30793,-63.60055,95.69997
36.07:  40.55782,-63.62549,95.69997
36.09:  40.80198,-63.64986,95.69997
36.11:  41.05324,-63.67494,95.69997
36.12:  41.30282,-63.69985,95.69997
36.14:  41.5521,-63.72473,95.69997
36.16:  41.8006,-63.74953,95.69997
36.17:  42.05033,-63.77446,95.69997
36.19:  42.29725,-63.79911,95.69997
36.21:  42.54659,-63.82399,95.69997
36.22:  42.79573,-63.84886,95.69997
36.24:  43.04351,-63.87359,95.69997
36.26:  43.29436,-63.89819,95.59998
36.27:  43.54552,-63.92105,95.19997
36.29:  43.79461,-63.94109,94.59998
36.31:  44.04113,-63.95746,93.79996
36.32:  44.29128,-63.97013,92.89996
36.34:  44.54031,-63.9797,92.19997
36.36:  44.80242,-63.98656,91.49998
36.37:  45.04211,-63.99117,91.09997
36.39:  45.29308,-63.99511,90.89997
36.41:  45.54149,-63.99858,90.79997
36.42:  45.79062,-64.00205,90.79997
36.44:  46.04013,-64.00554,90.79997
36.46:  46.29108,-64.00904,90.79997
36.47:  46.54398,-64.01257,90.79997
36.49:  46.79047,-64.01601,90.79997
36.51:  47.03788,-64.01947,90.79997
36.52:  47.29061,-64.023,90.79997
36.54:  47.54163,-64.0265,90.79997
36.56:  47.79038,-64.02998,90.79997
36.57:  48.03806,-64.03344,90.79997
36.59:  48.28991,-64.03696,90.79997
36.61:  48.54049,-64.04045,90.79997
36.62:  48.78703,-64.0439,90.79997
36.64:  49.04055,-64.04743,90.79997
36.66:  49.28825,-64.0509,90.79997
36.67:  49.54171,-64.05444,90.79997
36.69:  49.78959,-64.05789,90.79997
36.71:  50.04011,-64.06139,90.79997
36.72:  50.28726,-64.06484,90.79997
36.74:  50.54003,-64.06837,90.79997
36.76:  50.78854,-64.07185,90.79997
36.77:  51.03954,-64.07535,90.79997
36.79:  51.2901,-64.07885,90.79997
36.81:  51.53985,-64.08234,90.79997
36.82:  51.79016,-64.08583,90.79997
36.84:  52.03955,-64.08931,90.79997
36.86:  52.28916,-64.0928,90.79997
36.87:  52.54108,-64.09631,90.79997
36.89:  52.79085,-64.09937,90.69998
36.91:  53.03853,-64.10239,90.69998
36.92:  53.29108,-64.10548,90.69998
36.94:  53.53986,-64.10809,90.59998
36.96:  53.79135,-64.1094,90.29998
36.97:  54.0406,-64.10896,89.89998
36.99:  54.29078,-64.10635,89.39999
37.01:  54.53923,-64.10114,88.79999
37.02:  54.78735,-64.09335,88.19998
37.04:  55.04006,-64.08452,87.99998
37.06:  55.29085,-64.07533,87.89998
37.07:  55.54116,-64.0657,87.79998
37.09:  55.78947,-64.05617,87.79998
37.11:  56.04956,-64.04572,87.69998
37.12:  56.28899,-64.0361,87.69998
37.14:  56.53998,-64.02602,87.69998
37.16:  56.78748,-64.01608,87.69998
37.17:  57.03984,-64.00594,87.69998
37.19:  57.28669,-63.99603,87.69998
37.21:  57.53816,-63.98593,87.69998
37.22:  57.78938,-63.97584,87.69998
37.24:  58.03834,-63.96584,87.69998
37.26:  58.28763,-63.95583,87.69998
37.27:  58.53675,-63.94582,87.69998
37.29:  58.78712,-63.93577,87.69998
37.31:  59.03674,-63.92574,87.69998
37.32:  59.28885,-63.91562,87.69998
37.34:  59.53547,-63.90571,87.69998
37.36:  59.78542,-63.89567,87.69998
37.37:  60.03592,-63.88561,87.69998
37.39:  60.28529,-63.8756,87.69998
37.41:  60.5349,-63.86557,87.69998
37.42:  60.78594,-63.85548,87.69998
37.44:  61.03443,-63.8455,87.69998
37.46:  61.28466,-63.83545,87.69998
37.47:  61.53554,-63.82494,87.59998
37.49:  61.78354,-63.81411,87.49998
37.51:  62.03584,-63.80265,87.39998
37.52:  62.28479,-63.79091,87.29998
37.54:  62.53624,-63.77818,87.09998
37.56:  62.78452,-63.76473,86.89998
37.57:  63.03572,-63.75024,86.69997
37.59:  63.28279,-63.7347,86.39997
37.61:  63.53252,-63.71768,86.09998
37.62:  63.78126,-63.6981,85.49998
37.64:  64.02974,-63.67723,85.19997
37.66:  64.27873,-63.65458,84.79997
37.67:  64.52911,-63.63047,84.49998
37.69:  64.77613,-63.60581,84.29998
37.71:  65.02322,-63.58071,84.19997
37.72:  65.27475,-63.55472,84.09998
37.74:  65.51923,-63.52945,84.09998
37.76:  65.77001,-63.50354,84.09998
37.77:  66.02066,-63.47763,84.09998
37.79:  66.26679,-63.4522,84.09998
37.81:  66.51652,-63.42639,84.09998
37.82:  66.76416,-63.4008,84.09998
37.84:  67.01354,-63.37503,84.09998
37.86:  67.26234,-63.34932,84.09998
37.87:  67.51209,-63.32351,84.09998
37.89:  67.76232,-63.29765,84.09998
37.91:  68.00883,-63.27217,84.09998
37.92:  68.26688,-63.24551,84.09998
37.94:  68.51038,-63.22035,84.09998
37.96:  68.75743,-63.19482,84.09998
37.97:  69.00542,-63.16919,84.09998
37.99:  69.25441,-63.14346,84.09998
38.01:  69.50119,-63.11796,84.09998
38.02:  69.74947,-63.0923,84.09998
38.04:  69.99595,-63.06683,84.09998
38.06:  70.24706,-63.04088,84.09998
38.07:  70.494,-63.01536,84.09998
38.09:  70.74375,-62.98955,84.09998
38.11:  70.99111,-62.96399,84.09998
38.12:  71.24438,-62.93781,84.09998
38.14:  71.49159,-62.91227,84.09998
38.16:  71.73965,-62.88663,84.09998
38.17:  71.99025,-62.86029,83.99998
38.19:  72.23652,-62.83398,83.89998
38.21:  72.48634,-62.8064,83.69997
38.22:  72.73478,-62.77765,83.39998
38.24:  72.9838,-62.74751,83.09998
38.26:  73.23014,-62.71552,82.59998
38.27:  73.47823,-62.68154,82.19998
38.29:  73.72327,-62.64535,81.59998
38.31:  73.97264,-62.6063,81.09998
38.32:  74.21796,-62.56569,80.59998
38.34:  74.4646,-62.52176,79.89999
38.36:  74.7095,-62.47459,79.09998
38.37:  74.96387,-62.42146,78.19998
38.39:  75.20283,-62.36673,77.09998
38.41:  75.43877,-62.3079,75.99998
38.42:  75.68164,-62.23917,74.19998
38.44:  75.92033,-62.1662,72.99998
38.46:  76.15665,-62.0885,71.79999
38.47:  76.39358,-62.00507,70.59998
38.49:  76.62831,-61.9173,69.49999
38.51:  76.86092,-61.82521,68.39999
38.54:  77.09113,-61.7289,67.29999
38.56:  77.31944,-61.62821,66.19998
38.57:  77.54695,-61.5226,65.09999
38.59:  77.76862,-61.41449,63.99998
38.61:  77.99318,-61.29908,62.79998
38.62:  78.22376,-61.17336,61.39999
38.64:  78.43668,-61.05388,60.69999
38.66:  78.64949,-60.93101,59.99999
38.67:  78.86327,-60.80408,59.3
38.69:  79.07809,-60.67244,58.49999
38.71:  79.28878,-60.53976,57.79999
38.72:  79.49792,-60.40394,56.99999
38.74:  79.70631,-60.26549,56.39999
38.76:  79.91248,-60.12485,55.69999
38.77:  80.11745,-59.98185,55.09998
38.79:  80.32074,-59.83685,54.49998
38.81:  80.52323,-59.68919,53.89999
38.82:  80.72416,-59.53942,53.29999
38.84:  80.91838,-59.38823,52.09999
38.86:  81.11552,-59.23029,51.29999
38.87:  81.30949,-59.07039,50.49999
38.89:  81.49975,-58.90904,49.69999
38.91:  81.68839,-58.74448,48.89999
38.92:  81.87401,-58.57793,48.09999
38.94:  82.05971,-58.40777,47.49999
38.96:  82.24104,-58.23749,46.79999
38.97:  82.4212,-58.06412,46.09999
38.99:  82.59865,-57.88974,45.49998
39.01:  82.77595,-57.7112,44.79998
39.02:  82.95039,-57.52929,43.79998
39.04:  83.11937,-57.34871,43.09999
39.06:  83.28571,-57.16592,42.29998
39.07:  83.45148,-56.97853,41.49998
39.09:  83.61499,-56.78845,40.69999
39.11:  83.77523,-56.59612,39.79998
39.12:  83.93225,-56.40012,38.69998
39.14:  84.08463,-56.20226,37.59998
39.16:  84.23349,-56.00181,36.59998
39.17:  84.37838,-55.79943,35.59998
39.19:  84.52164,-55.59634,35.19999
39.21:  84.66628,-55.3913,35.19999
39.22:  84.81123,-55.18584,35.19999
39.24:  84.95335,-54.98436,35.19999
39.26:  85.09953,-54.77714,35.19999
39.27:  85.24322,-54.57345,35.19999
39.29:  85.38853,-54.36746,35.19999
39.31:  85.53193,-54.16417,35.19999
39.32:  85.67563,-53.96046,35.19999
39.34:  85.82114,-53.7542,35.19999
39.36:  85.96335,-53.55259,35.19999
39.37:  86.10926,-53.34576,35.19999
39.39:  86.2524,-53.14284,35.19999
39.41:  86.39651,-52.93855,35.19999
39.42:  86.53876,-52.7369,35.19999
39.44:  86.68497,-52.52963,35.19999
39.46:  86.82703,-52.32825,35.19999
39.47:  86.97295,-52.1214,35.19999
39.49:  87.11725,-51.91684,35.19999
39.51:  87.26124,-51.71272,35.19999
39.52:  87.40498,-51.50896,35.19999
39.54:  87.54823,-51.30588,35.19999
39.56:  87.69266,-51.10114,35.19999
39.57:  87.83765,-50.89561,35.19999
39.59:  87.98168,-50.69142,35.19999
39.61:  88.12573,-50.48646,35.09998
39.62:  88.2688,-50.28138,34.89999
39.64:  88.40685,-50.07671,33.99999
39.66:  88.54575,-49.86525,33.29999
39.67:  88.68405,-49.649,32.59999
39.69:  88.81223,-49.44145,31.69998
39.71:  88.8805,-49.22841,30.59998
39.72:  88.88196,-49.0088,29.39998
39.74:  88.88367,-48.78055,27.99998
39.76:  88.88553,-48.56665,26.49998
39.77:  88.88754,-48.33808,24.89998
39.79:  88.88971,-48.10713,23.19998
39.81:  88.89165,-47.87556,21.69998
39.82:  88.89334,-47.64147,20.39998
39.84:  88.89518,-47.40546,18.99998
39.86:  88.89611,-47.1685,18.29998
39.87:  88.8969,-46.92936,17.69998
39.89:  88.89771,-46.69072,17.09998
39.91:  88.89838,-46.45234,16.59998
39.92:  88.89917,-46.21305,15.99998
39.94:  88.89998,-45.9674,15.39998
39.96:  88.90065,-45.72868,14.89998
39.97:  88.9016,-45.48516,14.19998
39.99:  88.90241,-45.24206,13.59998
40.01:  88.90337,-44.99865,12.89998
40.02:  88.90432,-44.75378,12.19998
40.04:  88.90541,-44.50852,11.39998
40.06:  88.90637,-44.26313,10.69998
40.07:  88.90733,-44.01704,9.999981
40.09:  88.90844,-43.76912,9.199981
40.11:  88.90954,-43.52464,8.399981
40.12:  88.91064,-43.27647,7.599981
40.14:  88.9119,-43.02965,6.699981
40.16:  88.913,-42.77739,5.899981
40.17:  88.91425,-42.52617,4.999981
40.19:  88.91537,-42.26857,4.199981
40.21:  88.9162,-42.02241,3.599982
40.22:  88.91774,-41.77413,2.499981
40.24:  88.91885,-41.53017,1.699981
40.26:  88.91983,-41.28101,0.9999815
40.27:  88.92081,-41.0312,0.2999815
40.29:  88.91905,-40.77934,359.6
40.31:  88.91518,-40.53258,359.1
40.32:  88.90989,-40.28041,358.8
40.34:  88.903,-40.03377,358.4
40.36:  88.89474,-39.77095,358.2
40.37:  88.88622,-39.5267,358
40.39:  88.87717,-39.27992,357.9
40.41:  88.86761,-39.03107,357.8
40.42:  88.85818,-38.78575,357.8
40.44:  88.84846,-38.53271,357.8
40.46:  88.8389,-38.2839,357.8
40.47:  88.82925,-38.03271,357.8
40.49:  88.81966,-37.78302,357.8
40.51:  88.81009,-37.53391,357.8
40.52:  88.80051,-37.28442,357.8
40.54:  88.79085,-37.03304,357.8
40.56:  88.78129,-36.78422,357.8
40.57:  88.77169,-36.53436,357.8
40.59:  88.76218,-36.28698,357.8
40.61:  88.75253,-36.03575,357.8
40.62:  88.74294,-35.78605,357.8
40.64:  88.73331,-35.53548,357.8
40.66:  88.72372,-35.28563,357.8
40.67:  88.71426,-35.03947,357.8
40.69:  88.70452,-34.78588,357.8
40.71:  88.69506,-34.53969,357.8
40.72:  88.68534,-34.28659,357.8
40.74:  88.67585,-34.03969,357.8
40.76:  88.66614,-33.78676,357.8
40.77:  88.65656,-33.53746,357.8
40.79:  88.64688,-33.28562,357.8
40.81:  88.63735,-33.03754,357.8
40.82:  88.62775,-32.78752,357.8
40.84:  88.61821,-32.53915,357.8
40.86:  88.60854,-32.28755,357.8
40.87:  88.59892,-32.03691,357.8
40.89:  88.58931,-31.78687,357.8
40.91:  88.58014,-31.53691,357.9
40.92:  88.57202,-31.29201,358.1
40.94:  88.56448,-31.03813,358.3
40.96:  88.55794,-30.78804,358.5
40.97:  88.55225,-30.53769,358.7
40.99:  88.54657,-30.28715,358.7
41.01:  88.54134,-30.03774,358.8
41.02:  88.53616,-29.79026,358.8
41.04:  88.53043,-29.53797,358.7
41.06:  88.5239,-29.28848,358.5
41.07:  88.51691,-29.03843,358.4
41.09:  88.50946,-28.78719,358.3
41.11:  88.50118,-28.53762,358.1
41.12:  88.49176,-28.28073,357.9
41.14:  88.48255,-28.04103,357.8
41.16:  88.47241,-27.78861,357.7
41.17:  88.46192,-27.53831,357.6
41.19:  88.4515,-27.2896,357.6
41.21:  88.44064,-27.04078,357.5
41.22:  88.42907,-26.78618,357.4
41.24:  88.41791,-26.54038,357.4
41.26:  88.40614,-26.29064,357.3
41.27:  88.39438,-26.04134,357.3
41.29:  88.38253,-25.79013,357.3
41.31:  88.37081,-25.54159,357.3
41.32:  88.35859,-25.29177,357.2
41.34:  88.34638,-25.04219,357.2
41.36:  88.33419,-24.79283,357.2
41.37:  88.32213,-24.54631,357.2
41.39:  88.30972,-24.29247,357.2
41.41:  88.29764,-24.04546,357.2
41.42:  88.28539,-23.79499,357.2
41.44:  88.27309,-23.54355,357.2
41.46:  88.26095,-23.29541,357.2
41.47:  88.24869,-23.04471,357.2
41.49:  88.23643,-22.79417,357.2
41.51:  88.22428,-22.54562,357.2
41.52:  88.2122,-22.29851,357.2
41.54:  88.20045,-22.05834,357.2
41.56:  88.18952,-21.83492,357.2
41.57:  88.17874,-21.62208,357.1
41.59:  88.16859,-21.42167,357.1
41.61:  88.15919,-21.23606,357.1
41.62:  88.15041,-21.06288,357.1
41.64:  88.14212,-20.89923,357.1
41.66:  88.13461,-20.75104,357.1
41.67:  88.12781,-20.61195,357.2
41.69:  88.12177,-20.48843,357.2
41.71:  88.11623,-20.37085,357.3
41.72:  88.11178,-20.27291,357.4
41.74:  88.10799,-20.18621,357.5
41.76:  88.1049,-20.11232,357.6
41.77:  88.10241,-20.05034,357.7
41.79:  88.10049,-20.00032,357.8
41.81:  88.09907,-19.96334,357.8
41.82:  88.09811,-19.93865,357.8
41.84:  88.09766,-19.92631,357.9
41.86:  88.09766,-19.92631,357.9
41.87:  88.09766,-19.92631,357.9
41.89:  88.09766,-19.92631,357.8
41.91:  88.09766,-19.92631,357.8
41.92:  88.09766,-19.92631,357.8
41.94:  88.09766,-19.92631,357.7
41.96:  88.09766,-19.92631,357.7
41.97:  88.09766,-19.92631,357.7
41.99:  88.09766,-19.92631,357.6
42.01:  88.09766,-19.92631,357.6
42.02:  88.09766,-19.92631,357.6
42.04:  88.09766,-19.92631,357.6
42.06:  88.09766,-19.92631,357.6
42.07:  88.09766,-19.92631,357.5
42.09:  88.09766,-19.92631,357.5
42.11:  88.09766,-19.92631,357.5
42.12:  88.09766,-19.92631,357.5
42.14:  88.09766,-19.92631,357.5
42.16:  88.09766,-19.92631,357.5
42.17:  88.09766,-19.92631,357.5
42.19:  88.09766,-19.92631,357.5
42.21:  88.09766,-19.92631,357.5
42.22:  88.09766,-19.92631,357.5
42.24:  88.09766,-19.92631,357.5
42.26:  88.09766,-19.92631,357.4
42.27:  88.09766,-19.92631,357.4
42.29:  88.09766,-19.92631,357.4
42.31:  88.09766,-19.92631,357.4
42.32:  88.09766,-19.92631,357.4
42.34:  88.09766,-19.92631,357.4
42.36:  88.09766,-19.92631,357.4
42.37:  88.09766,-19.92631,357.4
42.39:  88.09766,-19.92631,357.4
42.41:  88.09766,-19.92631,357.4
42.42:  88.09766,-19.92631,357.4
42.44:  88.09766,-19.92631,357.4
42.46:  88.09766,-19.92631,357.4
42.47:  88.09766,-19.92631,357.4
42.49:  88.09766,-19.92631,357.4
42.51:  88.09766,-19.92631,357.4
42.52:  88.09766,-19.92631,357.4
42.54:  88.09766,-19.92631,357.4
42.56:  88.09766,-19.92631,357.4
42.57:  88.09766,-19.92631,357.4
42.59:  88.09766,-19.92631,357.4
42.61:  88.09766,-19.92631,357.4
42.62:  88.09766,-19.92631,357.4
42.64:  88.09766,-19.92631,357.4
42.66:  88.09766,-19.92631,357.3
42.67:  88.09766,-19.92631,357.3
42.69:  88.09766,-19.92631,357.3
42.71:  88.09766,-19.92631,357.3
42.72:  88.09766,-19.92631,357.3
42.74:  88.09766,-19.92631,357.3
42.76:  88.09766,-19.92631,357.3
42.77:  88.09766,-19.92631,357.3
42.79:  88.09766,-19.92631,357.3
42.81:  88.09766,-19.92631,357.3
