ParticipantNo: 11012
Controller type: Keyboard and Mouse
Training Level:
0.04:  82.7,18.5,270
0.09:  82.7,18.5,270
0.11:  82.7,18.5,270
0.13:  82.7,18.5,270
0.15:  82.7,18.5,270
0.17:  82.7,18.5,270
0.18:  82.7,18.5,270
0.2:  82.7,18.5,270
0.22:  82.7,18.5,270
0.23:  82.7,18.5,270
0.25:  82.7,18.5,270
0.27:  82.7,18.5,270
0.28:  82.7,18.5,270
0.3:  82.7,18.5,270
0.32:  82.7,18.5,270
0.33:  82.7,18.5,270
0.35:  82.7,18.5,270
0.37:  82.7,18.5,270
0.38:  82.7,18.5,270
0.4:  82.7,18.5,270
0.42:  82.7,18.5,270
0.43:  82.7,18.5,270
0.45:  82.7,18.5,270
0.47:  82.7,18.5,270
0.48:  82.7,18.5,270
0.5:  82.7,18.5,270
0.52:  82.7,18.5,270
0.53:  82.7,18.5,270
0.55:  82.7,18.5,270
0.57:  82.7,18.5,270
0.58:  82.7,18.5,270
0.6:  82.7,18.5,270
0.62:  82.7,18.5,270
0.63:  82.7,18.5,270
0.65:  82.7,18.5,270
0.67:  82.7,18.5,270
0.68:  82.7,18.5,270
0.7:  82.7,18.5,270
0.72:  82.7,18.5,270
0.73:  82.7,18.5,270
0.75:  82.7,18.5,270
0.77:  82.7,18.5,270
0.78:  82.7,18.5,270
0.8:  82.7,18.5,270
0.82:  82.7,18.5,270
0.83:  82.7,18.5,270
0.85:  82.7,18.5,270
0.87:  82.7,18.5,270
0.88:  82.7,18.5,270
0.9:  82.7,18.5,270
0.92:  82.7,18.5,270
0.93:  82.7,18.5,270
0.95:  82.7,18.5,270
0.97:  82.7,18.5,270
0.98:  82.7,18.5,270
1:  82.7,18.5,270
1.02:  82.7,18.5,270
1.03:  82.7,18.5,270
1.05:  82.7,18.5,270
1.07:  82.7,18.5,270
1.08:  82.7,18.5,270
1.1:  82.7,18.5,270
1.12:  82.7,18.5,270
1.13:  82.7,18.5,270
1.15:  82.7,18.5,270
1.17:  82.7,18.5,270
1.18:  82.7,18.5,270
1.2:  82.7,18.5,270
1.22:  82.7,18.5,270
1.23:  82.7,18.5,270
1.25:  82.7,18.5,270
1.27:  82.7,18.5,270
1.28:  82.7,18.5,270
1.3:  82.7,18.5,270
1.32:  82.7,18.5,270
1.33:  82.7,18.5,270
1.35:  82.7,18.5,270
1.37:  82.7,18.5,270
1.38:  82.7,18.5,270
1.4:  82.7,18.5,270
1.42:  82.7,18.5,270
1.43:  82.7,18.5,270
1.45:  82.7,18.5,270
1.47:  82.7,18.5,270
1.48:  82.7,18.5,270
1.5:  82.7,18.5,270
1.52:  82.7,18.5,270
1.53:  82.7,18.5,270
1.55:  82.7,18.5,270
1.57:  82.7,18.5,270
1.58:  82.7,18.5,270
1.6:  82.7,18.5,270
1.62:  82.7,18.5,270
1.63:  82.7,18.5,270
1.65:  82.7,18.5,270
1.67:  82.7,18.5,270
1.68:  82.7,18.5,270
1.7:  82.7,18.5,270
1.72:  82.7,18.5,270
1.73:  82.7,18.5,270
1.75:  82.7,18.5,270
1.77:  82.7,18.5,270
1.78:  82.7,18.5,270
1.8:  82.7,18.5,270
1.82:  82.7,18.5,270
1.83:  82.7,18.5,270
1.85:  82.7,18.5,270
1.87:  82.7,18.5,270
1.88:  82.7,18.5,270
1.9:  82.7,18.5,270
1.92:  82.7,18.5,270
1.93:  82.7,18.5,270
1.95:  82.7,18.5,270
1.97:  82.7,18.5,270
1.98:  82.7,18.5,270
2:  82.7,18.5,270
2.02:  82.7,18.5,270
2.03:  82.7,18.5,270
2.05:  82.7,18.5,270
2.07:  82.7,18.5,270
2.08:  82.7,18.5,270
2.1:  82.7,18.5,270
2.12:  82.7,18.5,270
2.13:  82.7,18.5,270
2.15:  82.7,18.5,270
2.17:  82.7,18.5,270
2.18:  82.7,18.5,270
2.2:  82.7,18.5,270
2.22:  82.7,18.5,270
2.23:  82.7,18.5,270
2.25:  82.7,18.5,270
2.27:  82.7,18.5,270
2.28:  82.7,18.5,270
2.3:  82.7,18.5,270
2.32:  82.7,18.5,270
2.33:  82.7,18.5,270
2.35:  82.7,18.5,270
2.37:  82.7,18.5,270
2.38:  82.7,18.5,270
2.4:  82.7,18.5,270
2.42:  82.7,18.5,270
2.43:  82.7,18.5,270
2.45:  82.7,18.5,270
2.47:  82.7,18.5,270
2.48:  82.7,18.5,270
2.5:  82.7,18.5,270
2.52:  82.7,18.5,270
2.53:  82.7,18.5,270
2.55:  82.7,18.5,270
2.57:  82.7,18.5,270
2.58:  82.7,18.5,270
2.6:  82.7,18.5,270
2.62:  82.7,18.5,270
2.63:  82.7,18.5,270
2.65:  82.7,18.5,270
2.67:  82.7,18.5,270
2.68:  82.7,18.5,270
2.7:  82.7,18.5,270
2.72:  82.7,18.5,270
2.73:  82.7,18.5,270
2.75:  82.7,18.5,270
2.77:  82.7,18.5,270
2.78:  82.7,18.5,270
2.8:  82.7,18.5,270
2.82:  82.7,18.5,270
2.83:  82.7,18.5,270
2.85:  82.7,18.5,270
2.87:  82.7,18.5,270
2.88:  82.7,18.5,270
2.9:  82.7,18.5,270
2.92:  82.7,18.5,270
2.93:  82.7,18.5,270
2.95:  82.7,18.5,270
2.97:  82.7,18.5,270
2.98:  82.7,18.5,270
3:  82.7,18.5,270
3.02:  82.7,18.5,270
3.03:  82.7,18.5,270
3.05:  82.7,18.5,270
3.07:  82.7,18.5,270
3.08:  82.7,18.5,270
3.1:  82.7,18.5,270
3.12:  82.7,18.5,270
3.13:  82.7,18.5,270
3.15:  82.7,18.5,270
3.17:  82.7,18.5,270
3.18:  82.7,18.5,270
3.2:  82.7,18.5,270
3.22:  82.7,18.5,270
3.23:  82.7,18.5,270
3.25:  82.7,18.5,270
3.27:  82.7,18.5,270
3.28:  82.7,18.5,270
3.3:  82.7,18.5,270
3.32:  82.7,18.5,270
3.33:  82.7,18.5,270
3.35:  82.7,18.5,270
3.37:  82.7,18.5,270
3.38:  82.7,18.5,270
3.4:  82.7,18.5,270
3.42:  82.7,18.5,270
3.43:  82.7,18.5,270
3.45:  82.7,18.5,270
3.47:  82.7,18.5,270
3.48:  82.7,18.5,270
3.5:  82.7,18.5,270
3.52:  82.7,18.5,270
3.53:  82.7,18.5,270
3.55:  82.7,18.5,270
3.57:  82.7,18.5,270
3.58:  82.7,18.5,270
3.6:  82.7,18.5,270
3.62:  82.7,18.5,270
3.63:  82.7,18.5,270
3.65:  82.7,18.5,270
3.67:  82.7,18.5,270
3.68:  82.7,18.5,270
3.7:  82.7,18.5,270
3.72:  82.7,18.5,270
3.73:  82.7,18.5,270
3.75:  82.7,18.5,270
3.77:  82.7,18.5,270
3.78:  82.7,18.5,270
3.8:  82.7,18.5,270
3.82:  82.7,18.5,270
3.83:  82.7,18.5,270
3.85:  82.7,18.5,270
3.87:  82.7,18.5,270
3.88:  82.7,18.5,270
3.9:  82.7,18.5,270
3.92:  82.7,18.5,270
3.93:  82.7,18.5,270
3.95:  82.7,18.5,270
3.97:  82.7,18.5,270
3.98:  82.7,18.5,270
4:  82.7,18.5,270
4.02:  82.7,18.5,270
4.03:  82.7,18.5,270
4.05:  82.7,18.5,270
4.07:  82.7,18.5,270
4.08:  82.7,18.5,270
4.1:  82.7,18.5,270
4.12:  82.7,18.5,270
4.13:  82.7,18.5,270
4.15:  82.7,18.5,270
4.17:  82.7,18.5,270
4.18:  82.7,18.5,270
4.2:  82.7,18.5,270
4.22:  82.7,18.5,270
4.23:  82.7,18.5,270
4.25:  82.7,18.5,270
4.27:  82.7,18.5,270
4.28:  82.7,18.5,270
4.3:  82.7,18.5,270
4.32:  82.7,18.5,270
4.33:  82.7,18.5,270
4.35:  82.7,18.5,270
4.37:  82.7,18.5,270
4.38:  82.7,18.5,270
4.4:  82.7,18.5,270
4.42:  82.7,18.5,270
4.43:  82.7,18.5,270
4.45:  82.7,18.5,270
4.47:  82.7,18.5,270
4.48:  82.7,18.5,270
4.5:  82.7,18.5,270
4.52:  82.7,18.5,270
4.53:  82.7,18.5,270
4.55:  82.7,18.5,270
4.57:  82.7,18.5,270
4.58:  82.7,18.5,270
4.6:  82.7,18.5,270
4.62:  82.7,18.5,270
4.63:  82.7,18.5,270
4.65:  82.7,18.5,270
4.67:  82.7,18.5,270
4.68:  82.7,18.5,270
4.7:  82.7,18.5,270
4.72:  82.7,18.5,270
4.73:  82.7,18.5,270
4.75:  82.7,18.5,270
4.77:  82.7,18.5,270
4.78:  82.7,18.5,270
4.8:  82.7,18.5,270
4.82:  82.7,18.5,270
4.83:  82.7,18.5,270
4.85:  82.7,18.5,270
4.87:  82.7,18.5,270
4.88:  82.7,18.5,270
4.9:  82.7,18.5,270
4.92:  82.7,18.5,270
4.93:  82.7,18.5,270
4.95:  82.7,18.5,270
4.97:  82.7,18.5,270
4.98:  82.7,18.5,270
5:  82.7,18.5,270
5.02:  82.7,18.5,270
5.03:  82.7,18.5,270
5.05:  82.7,18.5,270
5.07:  82.7,18.5,270
5.08:  82.7,18.5,270
5.1:  82.7,18.5,270
5.12:  82.7,18.5,270
5.13:  82.7,18.5,270
5.15:  82.7,18.5,270
5.17:  82.7,18.5,270
5.18:  82.7,18.5,270
5.2:  82.7,18.5,270
5.22:  82.7,18.5,270
5.23:  82.7,18.5,270
5.25:  82.7,18.5,270
5.27:  82.7,18.5,270
5.28:  82.7,18.5,270
5.3:  82.7,18.5,270
5.32:  82.7,18.5,270
5.33:  82.7,18.5,270
5.35:  82.7,18.5,270
5.37:  82.7,18.5,270
5.38:  82.7,18.5,270
5.4:  82.7,18.5,270
5.42:  82.7,18.5,270
5.43:  82.7,18.5,270
5.45:  82.7,18.5,270
5.47:  82.7,18.5,270
5.48:  82.7,18.5,270
5.5:  82.7,18.5,270
5.52:  82.7,18.5,270
5.53:  82.7,18.5,270
5.55:  82.7,18.5,270
5.57:  82.7,18.5,270
5.58:  82.7,18.5,270
5.6:  82.7,18.5,270
5.62:  82.7,18.5,270
5.63:  82.7,18.5,270
5.65:  82.7,18.5,270
5.67:  82.7,18.5,270
5.68:  82.7,18.5,270
5.7:  82.7,18.5,270
5.72:  82.7,18.5,270
5.73:  82.7,18.5,270
5.75:  82.7,18.5,270
5.77:  82.7,18.5,270
5.78:  82.7,18.5,270
5.8:  82.7,18.5,270
5.82:  82.7,18.5,270
5.83:  82.7,18.5,270
5.85:  82.7,18.5,270
5.87:  82.7,18.5,270
5.88:  82.7,18.5,270
5.9:  82.7,18.5,270
5.92:  82.7,18.5,270
5.93:  82.7,18.5,270
5.95:  82.7,18.5,270
5.97:  82.7,18.5,270
5.98:  82.7,18.5,270
6:  82.7,18.5,270
6.02:  82.7,18.5,270
6.03:  82.7,18.5,270
6.05:  82.7,18.5,270
6.07:  82.7,18.5,270
6.08:  82.7,18.5,270
6.1:  82.7,18.5,270
6.12:  82.7,18.5,270
6.13:  82.7,18.5,270
6.15:  82.7,18.5,270
6.17:  82.7,18.5,270
6.18:  82.7,18.5,270
6.2:  82.7,18.5,270
6.22:  82.7,18.5,270
6.23:  82.7,18.5,270
6.25:  82.7,18.5,270
6.27:  82.7,18.5,270
6.28:  82.7,18.5,270
6.3:  82.7,18.5,270
6.32:  82.7,18.5,270
6.33:  82.7,18.5,270
6.35:  82.7,18.5,270
6.37:  82.7,18.5,270
6.38:  82.7,18.5,270
6.4:  82.7,18.5,270
6.42:  82.7,18.5,270
6.43:  82.7,18.5,270
6.45:  82.7,18.5,270
6.47:  82.7,18.5,270
6.48:  82.7,18.5,270
6.5:  82.7,18.5,270
6.52:  82.7,18.5,270
6.53:  82.7,18.5,270
6.55:  82.7,18.5,270
6.57:  82.7,18.5,270
6.58:  82.7,18.5,270
6.6:  82.7,18.5,270
6.62:  82.7,18.5,270
6.63:  82.7,18.5,270
6.65:  82.7,18.5,270
6.67:  82.7,18.5,270
6.68:  82.7,18.5,270
6.7:  82.7,18.5,270
6.72:  82.7,18.5,270
6.73:  82.7,18.5,270
6.75:  82.7,18.5,270
6.77:  82.7,18.5,270
6.78:  82.7,18.5,270
6.8:  82.7,18.5,270
6.82:  82.7,18.5,270
6.83:  82.7,18.5,270
6.85:  82.7,18.5,270
6.87:  82.7,18.5,270
6.88:  82.7,18.5,270
6.9:  82.7,18.5,270
6.92:  82.7,18.5,270
6.93:  82.7,18.5,270
6.95:  82.7,18.5,270
6.97:  82.7,18.5,270
6.98:  82.7,18.5,270
7:  82.7,18.5,270
7.02:  82.7,18.5,270
7.03:  82.7,18.5,270
7.05:  82.7,18.5,270
7.07:  82.7,18.5,270
7.08:  82.7,18.5,270
7.1:  82.7,18.5,270
7.12:  82.7,18.5,270
7.13:  82.7,18.5,270
7.15:  82.7,18.5,270
7.17:  82.7,18.5,270
7.18:  82.7,18.5,270
7.2:  82.7,18.5,270
7.22:  82.7,18.5,270
7.23:  82.7,18.5,270
7.25:  82.7,18.5,269.5
7.27:  82.7,18.5,269.3
7.28:  82.7,18.5,269.3
7.3:  82.7,18.5,269.3
7.32:  82.7,18.5,269.3
7.33:  82.7,18.5,269.3
7.35:  82.7,18.5,269.3
7.37:  82.7,18.5,269.3
7.38:  82.7,18.5,269.3
7.4:  82.7,18.5,269.3
7.42:  82.7,18.5,269.3
7.43:  82.7,18.5,269.3
7.45:  82.7,18.5,269.3
7.47:  82.7,18.5,269.3
7.48:  82.7,18.5,269.3
7.5:  82.7,18.5,269.3
7.52:  82.7,18.5,269.3
7.53:  82.7,18.5,269.3
7.55:  82.7,18.5,269.4
7.57:  82.7,18.5,269.4
7.58:  82.7,18.5,269.4
7.6:  82.7,18.5,269.4
7.62:  82.7,18.5,269.4
7.63:  82.7,18.5,269.4
7.65:  82.7,18.5,269.4
7.67:  82.7,18.5,269.4
7.68:  82.7,18.5,269.4
7.7:  82.7,18.5,269.4
7.72:  82.7,18.5,269.4
7.73:  82.7,18.5,269.4
7.75:  82.7,18.5,269.4
7.77:  82.7,18.5,269.4
7.78:  82.7,18.5,269.3
7.8:  82.7,18.5,269.3
7.82:  82.7,18.5,269.3
7.83:  82.7,18.5,269.3
7.85:  82.7,18.5,269.3
7.87:  82.7,18.5,269.2
7.88:  82.7,18.5,269.2
7.9:  82.7,18.5,269.2
7.92:  82.7,18.5,269.2
7.93:  82.7,18.5,269.2
7.95:  82.7,18.5,269.2
7.97:  82.7,18.5,269.3
7.98:  82.7,18.5,269.3
8:  82.7,18.5,269.3
8.02:  82.7,18.5,269.3
8.03:  82.7,18.5,269.3
8.05:  82.7,18.5,269.3
8.07:  82.7,18.5,269.2
8.08:  82.7,18.5,269.2
8.1:  82.7,18.5,269.2
8.12:  82.7,18.5,269.2
8.13:  82.7,18.5,269.2
8.15:  82.7,18.5,269.2
8.17:  82.7,18.5,269.2
8.18:  82.68752,18.49983,269.2
8.2:  82.66282,18.49948,269.2
8.22:  82.62304,18.49893,269.2
8.23:  82.57385,18.49824,269.2
8.25:  82.51128,18.49736,269.2
8.27:  82.43622,18.49632,269.2
8.28:  82.35057,18.49512,269.2
8.3:  82.24973,18.49371,269.2
8.32:  82.13822,18.49216,269.2
8.33:  82.01183,18.49039,269.2
8.35:  81.87536,18.48849,269.2
8.37:  81.72476,18.48638,269.2
8.38:  81.5621,18.48411,269.2
8.4:  81.38741,18.48167,269.2
8.42:  81.20065,18.47906,269.2
8.43:  81.00037,18.47627,269.2
8.45:  80.78767,18.4733,269.2
8.47:  80.56238,18.47015,269.2
8.48:  80.32487,18.46684,269.2
8.5:  80.07468,18.46334,269.2
8.52:  79.82564,18.45986,269.2
8.53:  79.57537,18.45637,269.2
8.55:  79.3249,18.45287,269.2
8.57:  79.07586,18.44939,269.2
8.58:  78.82452,18.44588,269.2
8.6:  78.57918,18.44246,269.2
8.62:  78.32602,18.43892,269.2
8.63:  78.07562,18.43543,269.2
8.65:  77.82549,18.43193,269.2
8.67:  77.57473,18.42843,269.2
8.68:  77.32821,18.42499,269.2
8.7:  77.07494,18.42145,269.2
8.72:  76.8265,18.41798,269.2
8.73:  76.57758,18.41451,269.2
8.75:  76.32613,18.411,269.2
8.77:  76.06596,18.40736,269.2
8.78:  75.82248,18.40396,269.2
8.8:  75.57202,18.40047,269.2
8.82:  75.32384,18.397,269.2
8.83:  75.07122,18.39347,269.2
8.85:  74.82167,18.38999,269.2
8.87:  74.57506,18.38655,269.2
8.88:  74.32358,18.38303,269.2
8.9:  74.07545,18.37957,269.2
8.92:  73.82598,18.37609,269.2
8.93:  73.57467,18.37258,269.2
8.95:  73.32478,18.36909,269.2
8.97:  73.07742,18.36563,269.2
8.98:  72.828,18.36215,269.2
9:  72.5778,18.35866,269.2
9.02:  72.32578,18.35514,269.2
9.03:  72.0761,18.35165,269.2
9.05:  71.81389,18.34799,269.2
9.07:  71.57177,18.34461,269.2
9.08:  71.32298,18.34114,269.2
9.1:  71.07379,18.33765,269.2
9.12:  70.8266,18.3342,269.2
9.13:  70.57587,18.3307,269.2
9.15:  70.32592,18.32721,269.2
9.17:  70.07774,18.32375,269.2
9.18:  69.82574,18.32023,269.2
9.2:  69.5752,18.31673,269.2
9.22:  69.3288,18.31329,269.2
9.23:  69.07484,18.30974,269.2
9.25:  68.8243,18.30624,269.2
9.27:  68.57449,18.30319,269.3
9.28:  68.32613,18.30059,269.4
9.3:  68.075,18.29796,269.4
9.32:  67.82442,18.29577,269.5
9.33:  67.57801,18.29362,269.5
9.35:  67.3249,18.29141,269.5
9.37:  67.07616,18.28968,269.6
9.38:  66.82589,18.28793,269.6
9.4:  66.57642,18.28619,269.6
9.42:  66.32797,18.28445,269.6
9.43:  66.0752,18.28269,269.6
9.45:  65.8288,18.28097,269.6
9.47:  65.57922,18.27923,269.6
9.48:  65.3274,18.27747,269.6
9.5:  65.07754,18.27572,269.6
9.52:  64.8257,18.27397,269.6
9.53:  64.57652,18.27223,269.6
9.55:  64.3247,18.27091,269.7
9.57:  64.07639,18.26961,269.7
9.58:  63.8269,18.2683,269.7
9.6:  63.57473,18.26742,269.8
9.62:  63.32731,18.26656,269.8
9.63:  63.07475,18.26568,269.8
9.65:  62.826,18.26481,269.8
9.67:  62.57806,18.26394,269.8
9.68:  62.3245,18.26306,269.8
9.7:  62.07458,18.26218,269.8
9.72:  61.82953,18.26133,269.8
9.73:  61.57522,18.26044,269.8
9.75:  61.32628,18.25957,269.8
9.77:  61.0755,18.2587,269.8
9.78:  60.82563,18.25783,269.8
9.8:  60.57493,18.25695,269.8
9.82:  60.3274,18.25609,269.8
9.83:  60.07672,18.25521,269.8
9.85:  59.82625,18.25434,269.8
9.87:  59.57767,18.25347,269.8
9.88:  59.32355,18.25258,269.8
9.9:  59.0759,18.25172,269.8
9.92:  58.82392,18.25084,269.8
9.93:  58.57508,18.24997,269.8
9.95:  58.32527,18.2491,269.8
9.97:  58.0768,18.24823,269.8
9.98:  57.8266,18.24736,269.8
10:  57.57651,18.24648,269.8
10.02:  57.3263,18.24561,269.8
10.03:  57.07919,18.24475,269.8
10.05:  56.82547,18.24386,269.8
10.07:  56.57549,18.24299,269.8
10.08:  56.3242,18.24211,269.8
10.1:  56.07623,18.24125,269.8
10.12:  55.82792,18.24038,269.8
10.13:  55.57598,18.2395,269.8
10.15:  55.32619,18.23863,269.8
10.17:  55.07507,18.23775,269.8
10.18:  54.8253,18.23688,269.8
10.2:  54.57629,18.23601,269.8
10.22:  54.31998,18.23512,269.8
10.23:  54.06734,18.23468,269.9
10.25:  53.82491,18.23425,269.9
10.27:  53.57607,18.23382,269.9
10.28:  53.32591,18.23338,269.9
10.3:  53.07538,18.23294,269.9
10.32:  52.82707,18.23251,269.9
10.33:  52.57421,18.23207,269.9
10.35:  52.32593,18.2312,269.8
10.37:  52.06933,18.22896,269.5
10.38:  51.82718,18.22474,269
10.4:  51.57635,18.21554,267.9
10.42:  51.32644,18.19894,266.2
10.43:  51.07714,18.17318,264.1
10.45:  50.82984,18.1371,261.7
10.47:  50.58376,18.09016,259.2
10.48:  50.34065,18.03179,256.5
10.5:  50.10093,17.96169,253.7
10.52:  49.86488,17.88042,251
10.53:  49.63324,17.79011,248.7
10.55:  49.40097,17.69007,246.7
10.57:  49.17631,17.58579,245.1
10.58:  48.95437,17.47368,243.2
10.6:  48.73035,17.35557,242.2
10.62:  48.50136,17.2302,241.3
10.63:  48.29279,17.11219,240.5
10.65:  48.07804,16.98721,239.8
10.67:  47.85712,16.85499,239.1
10.68:  47.65115,16.72828,238.4
10.7:  47.43984,16.59469,237.7
10.72:  47.22599,16.45635,237.1
10.73:  47.02057,16.32038,236.5
10.75:  46.81443,16.18186,236.1
10.77:  46.60756,16.04127,235.8
10.78:  46.40044,15.89945,235.6
10.8:  46.19472,15.75859,235.6
10.82:  45.99034,15.61918,235.7
10.83:  45.78247,15.47897,236
10.85:  45.5617,15.3356,237
10.87:  45.35741,15.21236,238.9
10.88:  45.13523,15.09423,242
10.9:  44.8959,14.98666,245.8
10.92:  44.66812,14.90286,249.8
10.93:  44.42821,14.83407,254
10.95:  44.19005,14.78344,258
10.97:  43.93874,14.75392,263.3
10.98:  43.69325,14.73762,266.2
11:  43.44268,14.73018,268.3
11.02:  43.19449,14.72931,269.8
11.03:  42.93996,14.73331,270.9
11.05:  42.6911,14.74026,271.6
11.07:  42.44258,14.74938,272.1
11.08:  42.19096,14.75992,272.4
11.1:  41.942,14.77123,272.6
11.12:  41.69419,14.78248,272.6
11.13:  41.44328,14.79387,272.6
11.15:  41.19356,14.80521,272.6
11.17:  40.93666,14.81688,272.6
11.18:  40.69386,14.82791,272.6
11.2:  40.43987,14.83944,272.6
11.22:  40.1908,14.85075,272.6
11.23:  39.93716,14.86227,272.6
11.25:  39.69356,14.87333,272.6
11.27:  39.44448,14.88464,272.6
11.28:  39.19602,14.89592,272.6
11.3:  38.94534,14.90687,272.5
11.32:  38.69737,14.9177,272.5
11.33:  38.44479,14.92872,272.5
11.35:  38.19655,14.93956,272.5
11.37:  37.94681,14.95047,272.5
11.38:  37.69641,14.96096,272.4
11.4:  37.44847,14.97135,272.4
11.42:  37.19765,14.98186,272.4
11.43:  36.94895,14.99229,272.4
11.45:  36.69775,15.00282,272.4
11.47:  36.45011,15.0132,272.4
11.48:  36.1964,15.02383,272.4
11.5:  35.949,15.0342,272.4
11.52:  35.70104,15.04459,272.4
11.53:  35.44764,15.05477,272.3
11.55:  35.19855,15.06477,272.3
11.57:  34.95167,15.07469,272.3
11.58:  34.69934,15.08482,272.3
11.6:  34.44985,15.09485,272.3
11.62:  34.19073,15.10525,272.3
11.63:  33.94474,15.11513,272.3
11.65:  33.69459,15.12518,272.3
11.67:  33.45137,15.13495,272.3
11.68:  33.19989,15.14505,272.3
11.7:  32.94699,15.15521,272.3
11.72:  32.69505,15.16533,272.3
11.73:  32.45037,15.17515,272.3
11.75:  32.20098,15.18517,272.3
11.77:  31.9508,15.19522,272.3
11.78:  31.70206,15.20521,272.3
11.8:  31.45529,15.21512,272.3
11.82:  31.20409,15.22521,272.3
11.83:  30.95059,15.23539,272.3
11.85:  30.70297,15.24534,272.3
11.87:  30.45459,15.25531,272.3
11.88:  30.20763,15.26523,272.3
11.9:  29.95325,15.27545,272.3
11.92:  29.70605,15.28538,272.3
11.93:  29.45711,15.29538,272.3
11.95:  29.20485,15.30551,272.3
11.97:  28.95644,15.31549,272.3
11.98:  28.70418,15.32562,272.3
12:  28.45461,15.33564,272.3
12.02:  28.20422,15.3457,272.3
12.03:  27.95481,15.35572,272.3
12.05:  27.70508,15.36575,272.3
12.07:  27.45518,15.37578,272.3
12.08:  27.20664,15.38577,272.3
12.1:  26.95512,15.39587,272.3
12.12:  26.70696,15.40584,272.3
12.13:  26.45605,15.41591,272.3
12.15:  26.20918,15.42583,272.3
12.17:  25.95911,15.43587,272.3
12.18:  25.70641,15.44602,272.3
12.2:  25.46108,15.45587,272.3
12.22:  25.20089,15.46633,272.3
12.23:  24.95734,15.47568,272.2
12.25:  24.70775,15.48527,272.2
12.27:  24.44767,15.49481,272.1
12.28:  24.20128,15.50384,272.1
12.3:  23.95761,15.51278,272.1
12.32:  23.70637,15.52155,272
12.33:  23.45794,15.53023,272
12.35:  23.20735,15.53854,271.9
12.37:  22.96041,15.54673,271.9
12.38:  22.71042,15.55459,271.8
12.4:  22.45947,15.56247,271.8
12.42:  22.21068,15.57029,271.8
12.43:  21.95813,15.57823,271.8
12.45:  21.71012,15.58602,271.8
12.47:  21.45851,15.59349,271.7
12.48:  21.20633,15.60054,271.6
12.5:  20.95907,15.60658,271.4
12.52:  20.69663,15.61207,271.2
12.53:  20.45306,15.6159,270.9
12.55:  20.20522,15.6172,270.3
12.57:  19.93262,15.61387,269.3
12.58:  19.70087,15.6082,268.6
12.6:  19.45083,15.59816,267.7
12.62:  19.20742,15.58455,266.8
12.63:  18.95957,15.56722,266
12.65:  18.71148,15.54595,265.1
12.67:  18.46323,15.52249,264.6
12.68:  18.21268,15.49748,264.3
12.7:  17.96428,15.47225,264.2
12.72:  17.71797,15.44723,264.2
12.73:  17.47097,15.42214,264.2
12.75:  17.21909,15.39655,264.2
12.77:  16.97152,15.37097,264.1
12.78:  16.72157,15.34514,264.1
12.8:  16.47352,15.31907,264
12.82:  16.22747,15.29321,264
12.83:  15.97501,15.26623,263.9
12.85:  15.72693,15.2384,263.6
12.87:  15.47934,15.208,263
12.88:  15.23041,15.17346,262.1
12.9:  14.98759,15.13457,260.9
12.92:  14.73958,15.08681,259.1
12.93:  14.49566,15.0296,256.8
12.95:  14.25158,14.96007,254.1
12.97:  14.02042,14.88138,251.2
12.98:  13.78996,14.78213,246.7
13:  13.5652,14.67104,243.7
13.02:  13.34922,14.54984,240.7
13.03:  13.13468,14.4163,238.1
13.05:  12.92764,14.27454,235.6
13.07:  12.73021,14.12898,233.6
13.08:  12.52953,13.96992,231.6
13.1:  12.34048,13.8096,229.7
13.12:  12.15524,13.64339,228.1
13.13:  11.97188,13.4712,226.8
13.15:  11.79494,13.29914,225.8
13.17:  11.61715,13.12134,225
13.18:  11.44277,12.94139,224.1
13.2:  11.27076,12.76014,223.5
13.22:  11.09229,12.56808,222.9
13.23:  10.92349,12.38257,222.3
13.25:  10.76584,12.20501,221.6
13.27:  10.60122,12.01564,221
13.28:  10.43894,11.8236,220.2
13.3:  10.28074,11.63169,219.5
13.32:  10.11129,11.46154,218.7
13.33:  9.91138,11.33175,218
13.35:  9.732882,11.17286,217.2
13.37:  9.56064,10.99343,216.3
13.38:  9.411117,10.79251,215.5
13.4:  9.264161,10.58649,215.5
13.42:  9.121409,10.38636,215.5
13.43:  8.976791,10.18361,215.5
13.45:  8.830026,9.977852,215.5
13.47:  8.685996,9.775929,215.5
13.48:  8.539087,9.569971,215.5
13.5:  8.394687,9.367529,215.5
13.52:  8.250896,9.165944,215.5
13.53:  8.104242,8.960342,215.5
13.55:  7.960719,8.75913,215.5
13.57:  7.814839,8.554613,215.5
13.58:  7.669028,8.350194,215.5
13.6:  7.523677,8.14642,215.5
13.62:  7.378943,7.94351,215.5
13.63:  7.233972,7.740268,215.5
13.65:  7.087892,7.535472,215.5
13.67:  6.944332,7.334208,215.5
13.68:  6.796733,7.127283,215.5
13.7:  6.652772,6.925457,215.5
13.72:  6.501789,6.713786,215.5
13.73:  6.359919,6.514891,215.5
13.75:  6.215693,6.312695,215.5
13.77:  6.072912,6.111783,215.4
13.78:  5.92764,5.905082,215.1
13.8:  5.786797,5.700918,214.6
13.82:  5.647877,5.494183,213.9
13.83:  5.509481,5.281073,213
13.85:  5.378043,5.070728,212
13.87:  5.251432,4.857492,210.7
13.88:  5.129082,4.638572,209.2
13.9:  5.012905,4.415398,207.5
13.92:  4.904893,4.192956,205.9
13.93:  4.795587,3.950871,204.3
13.95:  4.698133,3.709663,202
13.97:  4.613216,3.487288,200.9
13.98:  4.530602,3.260309,200
14:  4.448391,3.024231,199.2
14.02:  4.36891,2.790759,198.8
14.03:  4.288819,2.552774,198.6
14.05:  4.208719,2.31338,198.5
14.07:  4.130893,2.080782,198.5
14.08:  4.051285,1.84286,198.5
14.1:  3.97208,1.606141,198.5
14.12:  3.893442,1.369747,198.4
14.13:  3.813764,1.130227,198.4
14.15:  3.735071,0.8936656,198.4
14.17:  3.657303,0.6598876,198.4
14.18:  3.578548,0.4231435,198.4
14.2:  3.499346,0.1850529,198.4
14.22:  3.420214,-0.052827,198.4
14.23:  3.340399,-0.2927608,198.4
14.25:  3.26172,-0.5292771,198.4
14.27:  3.183539,-0.7642977,198.4
14.28:  3.103447,-1.005063,198.4
14.3:  3.025043,-1.240753,198.4
14.32:  2.946531,-1.476769,198.4
14.33:  2.868178,-1.712306,198.4
14.35:  2.788439,-1.952011,198.4
14.37:  2.70974,-2.188587,198.4
14.38:  2.630312,-2.427356,198.4
14.4:  2.550993,-2.665798,198.4
14.42:  2.472902,-2.900547,198.4
14.43:  2.39352,-3.139179,198.4
14.45:  2.314905,-3.375503,198.4
14.47:  2.236857,-3.610123,198.4
14.48:  2.156615,-3.851341,198.4
14.5:  2.077909,-4.087937,198.4
14.52:  1.999518,-4.323589,198.4
14.53:  1.919658,-4.563657,198.4
14.55:  1.842126,-4.796726,198.4
14.57:  1.762671,-5.035578,198.4
14.58:  1.683571,-5.273361,198.4
14.6:  1.604599,-5.510759,198.4
14.62:  1.526196,-5.746448,198.4
14.63:  1.446835,-5.985015,198.4
14.65:  1.368509,-6.22047,198.4
14.67:  1.289734,-6.457275,198.4
14.68:  1.209519,-6.698412,198.4
14.7:  1.1318,-6.932042,198.4
14.72:  1.050357,-7.178304,198.3
14.73:  0.9736364,-7.415834,197.9
14.75:  0.9000236,-7.652178,197.3
14.77:  0.8306572,-7.887864,196.4
14.78:  0.7673209,-8.131016,194.6
14.8:  0.707753,-8.381055,193.4
14.82:  0.6559785,-8.618513,192.3
14.83:  0.6055628,-8.864119,191.6
14.85:  0.5578713,-9.107203,191.1
14.87:  0.5108999,-9.351122,190.9
14.88:  0.4638893,-9.595244,190.9
14.9:  0.4159558,-9.844159,190.9
14.92:  0.3691446,-10.08724,190.9
14.93:  0.3213648,-10.33536,190.9
14.95:  0.2745361,-10.58085,190.8
14.97:  0.2284838,-10.82457,190.7
14.98:  0.1828574,-11.07075,190.5
15:  0.1374157,-11.31834,190.4
15.02:  0.09274092,-11.56175,190.4
15.03:  0.04742407,-11.81111,190.3
15.05:  0.003071684,-12.05517,190.3
15.07:  -0.04160871,-12.30103,190.3
15.08:  -0.08654229,-12.54828,190.3
15.1:  -0.1311605,-12.7938,190.3
15.12:  -0.1757851,-13.03935,190.3
15.13:  -0.2203984,-13.28484,190.3
15.15:  -0.2647551,-13.52892,190.3
15.17:  -0.3093446,-13.77428,190.3
15.18:  -0.3545292,-14.02291,190.3
15.2:  -0.3998959,-14.27255,190.3
15.22:  -0.4449086,-14.52024,190.3
15.23:  -0.4890086,-14.7629,190.3
15.25:  -0.5338623,-15.00972,190.3
15.27:  -0.5779732,-15.25244,190.3
15.28:  -0.6229391,-15.49987,190.3
15.3:  -0.667555,-15.74538,190.3
15.32:  -0.7121338,-15.99068,190.3
15.33:  -0.7571642,-16.23846,190.3
15.35:  -0.8011816,-16.48067,190.3
15.37:  -0.846278,-16.72882,190.3
15.38:  -0.8911032,-16.97548,190.3
15.4:  -0.9359574,-17.2223,190.3
15.42:  -0.9802154,-17.46583,190.3
15.43:  -1.02513,-17.71298,190.3
15.45:  -1.069639,-17.96035,190.2
15.47:  -1.114567,-18.20757,190.3
15.48:  -1.159051,-18.45235,190.3
15.5:  -1.20374,-18.69826,190.3
15.52:  -1.247985,-18.94172,190.3
15.53:  -1.292448,-19.19133,190.1
15.55:  -1.336075,-19.43626,190.1
15.57:  -1.379916,-19.68237,190.1
15.58:  -1.423761,-19.92852,190.1
15.6:  -1.467605,-20.17466,190.1
15.62:  -1.510874,-20.41757,190.1
15.63:  -1.555019,-20.6654,190.1
15.65:  -1.599016,-20.91239,190.1
15.67:  -1.642606,-21.1571,190.1
15.68:  -1.686868,-21.40559,190.1
15.7:  -1.730252,-21.64914,190.1
15.72:  -1.774557,-21.89787,190.1
15.73:  -1.8184,-22.144,190.1
15.75:  -1.862198,-22.38988,190.1
15.77:  -1.90547,-22.63281,190.1
15.78:  -1.949949,-22.88251,190.1
15.8:  -1.992967,-23.12402,190.1
15.82:  -2.037226,-23.37248,190.1
15.83:  -2.081001,-23.61824,190.1
15.85:  -2.124932,-23.86486,190.1
15.87:  -2.168965,-24.11206,190.1
15.88:  -2.212459,-24.35623,190.1
15.9:  -2.256717,-24.6047,190.1
15.92:  -2.300015,-24.85025,190
15.93:  -2.343224,-25.09783,189.9
15.95:  -2.385626,-25.34331,189.8
15.97:  -2.427333,-25.5873,189.7
15.98:  -2.469947,-25.8366,189.7
16:  -2.512028,-26.08278,189.7
16.02:  -2.553773,-26.327,189.7
16.03:  -2.596281,-26.57568,189.7
16.05:  -2.638044,-26.82001,189.7
16.07:  -2.680148,-27.06632,189.7
16.08:  -2.722456,-27.31384,189.7
16.1:  -2.764721,-27.56109,189.7
16.12:  -2.806467,-27.80532,189.7
16.13:  -2.848832,-28.05316,189.7
16.15:  -2.89131,-28.30167,189.7
16.17:  -2.932765,-28.54419,189.7
16.18:  -2.975379,-28.79349,189.7
16.2:  -3.018585,-29.04626,189.7
16.22:  -3.060507,-29.29151,189.7
16.23:  -3.102158,-29.53518,189.7
16.25:  -3.144075,-29.7804,189.7
16.27:  -3.185802,-30.02451,189.7
16.28:  -3.227651,-30.26934,189.7
16.3:  -3.270256,-30.51859,189.7
16.32:  -3.312112,-30.76346,189.7
16.33:  -3.355297,-31.0161,189.7
16.35:  -3.39642,-31.25667,189.7
16.37:  -3.43827,-31.50151,189.7
16.38:  -3.480891,-31.75085,189.7
16.4:  -3.522977,-31.99706,189.7
16.42:  -3.565003,-32.24293,189.7
16.43:  -3.608705,-32.49859,189.7
16.45:  -3.649124,-32.73505,189.7
16.47:  -3.691201,-32.98121,189.7
16.48:  -3.733669,-33.22966,189.7
16.5:  -3.775637,-33.47518,189.7
16.52:  -3.817247,-33.71861,189.7
16.53:  -3.861349,-33.97662,189.7
16.55:  -3.90239,-34.21671,189.7
16.57:  -3.944371,-34.46231,189.7
16.58:  -3.986258,-34.70736,189.7
16.6:  -4.028739,-34.95589,189.7
16.62:  -4.070036,-35.19748,189.7
16.63:  -4.11258,-35.44637,189.7
16.65:  -4.154147,-35.69476,189.5
16.67:  -4.193792,-35.93686,189.3
16.68:  -4.234635,-36.19768,188.9
16.7:  -4.270181,-36.44744,188.1
16.72:  -4.300016,-36.69398,186.9
16.73:  -4.323575,-36.93425,185.6
16.75:  -4.34217,-37.18156,184.3
16.77:  -4.354782,-37.43051,182.9
16.78:  -4.359581,-37.68047,181.1
16.8:  -4.359581,-37.9275,180
16.82:  -4.355553,-38.18396,179.1
16.83:  -4.348239,-38.43038,178.3
16.85:  -4.33833,-38.6771,177.7
16.87:  -4.325592,-38.92855,177.1
16.88:  -4.310149,-39.18105,176.5
16.9:  -4.292832,-39.4287,176
16.92:  -4.273352,-39.67622,175.5
16.93:  -4.251106,-39.9357,175.1
16.95:  -4.229098,-40.17294,174.7
16.97:  -4.202856,-40.4313,174.2
16.98:  -4.176668,-40.67236,173.8
17:  -4.147101,-40.92405,173.3
17.02:  -4.115949,-41.16723,172.7
17.03:  -4.081198,-41.41767,172.1
17.05:  -4.044016,-41.66352,171.4
17.07:  -4.003314,-41.90939,170.6
17.08:  -3.95819,-42.15768,169.7
17.1:  -3.909257,-42.40258,168.7
17.12:  -3.855788,-42.64376,167.5
17.13:  -3.79508,-42.89091,166.2
17.15:  -3.729228,-43.12999,164.6
17.17:  -3.646763,-43.37934,161.7
17.18:  -3.564214,-43.6025,159.7
17.2:  -3.468725,-43.83303,157.5
17.22:  -3.357882,-44.07402,155.3
17.23:  -3.252483,-44.28088,153
17.25:  -3.128701,-44.50056,150.6
17.27:  -2.993718,-44.71826,148.2
17.28:  -2.855176,-44.92366,146
17.3:  -2.704735,-45.13149,144.1
17.32:  -2.555562,-45.3238,142.2
17.33:  -2.399124,-45.51425,140.6
17.35:  -2.235272,-45.70475,139.3
17.37:  -2.070732,-45.88813,138.1
17.38:  -1.898315,-46.07174,136.8
17.4:  -1.723217,-46.25433,136.2
17.42:  -1.551287,-46.42989,135.6
17.43:  -1.372165,-46.60964,135.1
17.45:  -1.197037,-46.78355,134.8
17.47:  -1.018913,-46.95798,134.4
17.48:  -0.837937,-47.13336,134.1
17.5:  -0.6574033,-47.30709,133.9
17.52:  -0.478123,-47.47782,133.6
17.53:  -0.2949293,-47.65106,133.4
17.55:  -0.111964,-47.82288,133.2
17.57:  0.06936404,-47.99197,133
17.58:  0.252952,-48.16317,133
17.6:  0.4361714,-48.33402,133
17.62:  0.6176465,-48.50325,133
17.63:  0.8001166,-48.6734,133
17.65:  0.9844506,-48.8453,133
17.67:  1.164751,-49.01343,133
17.68:  1.349678,-49.18588,133
17.7:  1.530787,-49.35477,133
17.72:  1.714008,-49.52562,133
17.73:  1.89742,-49.69666,133
17.75:  2.081699,-49.8685,133
17.77:  2.262679,-50.03727,133
17.78:  2.447018,-50.20917,133
17.8:  2.629316,-50.37916,133
17.82:  2.81057,-50.54818,133
17.83:  2.995818,-50.72033,132.9
17.85:  3.177876,-50.88892,132.8
17.87:  3.361027,-51.05792,132.7
17.88:  3.547964,-51.22982,132.6
17.9:  3.733608,-51.39874,132.3
17.92:  3.917324,-51.56358,131.9
17.93:  4.106541,-51.7304,131.4
17.95:  4.294298,-51.89362,131
17.97:  4.483162,-52.05435,130.4
17.98:  4.674583,-52.21327,129.7
18:  4.870069,-52.37328,129.3
18.02:  5.062654,-52.52812,128.8
18.03:  5.26157,-52.68578,128.4
18.05:  5.457243,-52.84031,128.3
18.07:  5.651645,-52.99384,128.3
18.08:  5.848816,-53.14956,128.3
18.1:  6.046891,-53.30598,128.3
18.12:  6.240144,-53.45861,128.3
18.13:  6.438229,-53.61505,128.3
18.15:  6.634795,-53.77029,128.3
18.17:  6.828728,-53.92344,128.3
18.18:  7.026693,-54.07979,128.3
18.2:  7.221963,-54.234,128.3
18.22:  7.426206,-54.39531,128.3
18.23:  7.615821,-54.54506,128.3
18.25:  7.811865,-54.69988,128.3
18.27:  8.006013,-54.85321,128.3
18.28:  8.203883,-55.00948,128.3
18.3:  8.399377,-55.16387,128.3
18.32:  8.595184,-55.31851,128.3
18.33:  8.790882,-55.47306,128.3
18.35:  8.988345,-55.62901,128.3
18.37:  9.186497,-55.78326,127.9
18.38:  9.382632,-55.93377,127.5
18.4:  9.58301,-56.08641,127.3
18.42:  9.78126,-56.23635,127.1
18.43:  9.987393,-56.39112,126.9
18.45:  10.18284,-56.5368,126.7
18.47:  10.38732,-56.68756,126.4
18.48:  10.5884,-56.83365,126
18.5:  10.79127,-56.97835,125.5
18.52:  10.99581,-57.12051,124.8
18.53:  11.20322,-57.25988,123.9
18.55:  11.42184,-57.40186,123
18.57:  11.64756,-57.53964,121.4
18.58:  11.8487,-57.65671,120.2
18.6:  12.06485,-57.77505,118.7
18.62:  12.28867,-57.88958,117.1
18.63:  12.5097,-57.99548,115.6
18.65:  12.73622,-58.09776,114.3
18.67:  12.96484,-58.19527,113.1
18.68:  13.20538,-58.29343,112.2
18.7:  13.43691,-58.3851,111.6
18.72:  13.6655,-58.47377,111.2
18.73:  13.90614,-58.56614,111
18.75:  14.13655,-58.65413,110.9
18.77:  14.36469,-58.74079,110.8
18.78:  14.5982,-58.82949,110.8
18.8:  14.83061,-58.91777,110.8
18.82:  15.06422,-59.00652,110.8
18.83:  15.29803,-59.09533,110.8
18.85:  15.53308,-59.18462,110.8
18.87:  15.76362,-59.27219,110.8
18.88:  16.00111,-59.36241,110.8
18.9:  16.23362,-59.45073,110.8
18.92:  16.4664,-59.53915,110.8
18.93:  16.70077,-59.62819,110.8
18.95:  16.93404,-59.7168,110.8
18.97:  17.16764,-59.80553,110.8
18.98:  17.40263,-59.89479,110.8
19:  17.63571,-59.98333,110.8
19.02:  17.86839,-60.07172,110.8
19.03:  18.11168,-60.16414,110.8
19.05:  18.34118,-60.25132,110.8
19.07:  18.57546,-60.34031,110.8
19.08:  18.80606,-60.42791,110.8
19.1:  19.03497,-60.51486,110.8
19.12:  19.28278,-60.609,110.8
19.13:  19.5106,-60.69372,110.4
19.15:  19.74087,-60.77663,109.8
19.17:  19.98804,-60.85933,108.5
19.18:  20.22376,-60.9332,107.4
19.2:  20.45864,-61.00188,106.3
19.22:  20.69814,-61.06695,105.2
19.23:  20.94883,-61.13085,104.3
19.25:  21.18463,-61.1879,103.6
19.27:  21.42619,-61.24456,103.2
19.28:  21.67153,-61.3012,103
19.3:  21.91361,-61.3562,102.8
19.32:  22.15655,-61.41139,102.8
19.33:  22.40237,-61.46724,102.8
19.35:  22.64556,-61.52249,102.8
19.37:  22.8867,-61.57728,102.8
19.38:  23.13304,-61.63279,102.7
19.4:  23.37702,-61.68733,102.6
19.42:  23.61881,-61.74137,102.6
19.43:  23.86675,-61.79634,102.5
19.45:  24.11012,-61.8503,102.5
19.47:  24.35118,-61.90374,102.5
19.48:  24.59786,-61.95842,102.5
19.5:  24.84024,-62.01216,102.5
19.52:  25.08463,-62.06634,102.5
19.53:  25.32921,-62.12056,102.5
19.55:  25.57318,-62.17465,102.5
19.57:  25.8162,-62.22852,102.5
19.58:  26.06032,-62.28265,102.5
19.6:  26.30555,-62.33701,102.5
19.62:  26.547,-62.39054,102.5
19.63:  26.79317,-62.44511,102.5
19.65:  27.03762,-62.49931,102.5
19.67:  27.28105,-62.55327,102.5
19.68:  27.52688,-62.60777,102.5
19.7:  27.78059,-62.66402,102.5
19.72:  28.01955,-62.717,102.5
19.73:  28.25991,-62.77028,102.5
19.75:  28.50409,-62.82397,102.4
19.77:  28.7434,-62.87615,102.3
19.78:  28.9908,-62.92964,102.2
19.8:  29.24445,-62.98355,102
19.82:  29.48496,-63.03424,101.9
19.83:  29.72751,-63.08402,101.6
19.85:  29.97308,-63.13309,101.3
19.87:  30.21356,-63.1794,100.9
19.88:  30.46244,-63.22598,100.6
19.9:  30.70867,-63.27073,100.3
19.92:  30.95183,-63.31404,100.1
19.93:  31.2002,-63.35783,100
19.95:  31.44721,-63.4005,99.8
19.97:  31.69551,-63.4425,99.60001
19.98:  31.9362,-63.48235,99.4
20:  32.18834,-63.52273,99.09999
20.02:  32.43179,-63.56042,98.8
20.03:  32.69294,-63.59898,98.39999
20.05:  32.93546,-63.63307,97.99999
20.07:  33.17829,-63.66504,97.49998
20.08:  33.42564,-63.69584,97.09999
20.1:  33.67308,-63.72491,96.69999
20.12:  33.91799,-63.75238,96.39999
20.13:  34.16992,-63.77886,95.99999
20.15:  34.41872,-63.8037,95.69999
20.17:  34.66898,-63.82735,95.39999
20.18:  34.91518,-63.84976,95.19999
20.2:  35.16431,-63.87243,95.19999
20.22:  35.41852,-63.89557,95.19999
20.23:  35.66918,-63.91838,95.19999
20.25:  35.91377,-63.94064,95.19999
20.27:  36.15773,-63.96284,95.19999
20.28:  36.40934,-63.98574,95.19999
20.3:  36.65709,-64.00829,95.19999
20.32:  36.90496,-64.03084,95.19999
20.33:  37.15784,-64.05386,95.19999
20.35:  37.40493,-64.07634,95.19999
20.37:  37.6521,-64.09884,95.19999
20.38:  37.90473,-64.12183,95.19999
20.4:  38.15169,-64.1443,95.19999
20.42:  38.39959,-64.16686,95.19999
20.43:  38.65104,-64.18974,95.19999
20.45:  38.89698,-64.21213,95.19999
20.47:  39.14463,-64.23466,95.19999
20.48:  39.39776,-64.25771,95.19999
20.5:  39.64684,-64.28037,95.19999
20.52:  39.89354,-64.30283,95.19999
20.53:  40.14255,-64.32549,95.19999
20.55:  40.39264,-64.34824,95.19999
20.57:  40.64058,-64.37081,95.19999
20.58:  40.8917,-64.39366,95.19999
20.6:  41.14057,-64.41631,95.19999
20.62:  41.38591,-64.43864,95.19999
20.63:  41.63992,-64.46175,95.19999
20.65:  41.88663,-64.48421,95.19999
20.67:  42.13511,-64.50682,95.19999
20.68:  42.38193,-64.52928,95.19999
20.7:  42.63073,-64.55193,95.19999
20.72:  42.88071,-64.57423,95.09998
20.73:  43.14577,-64.59696,94.89998
20.75:  43.38869,-64.61693,94.69999
20.77:  43.63688,-64.63472,94.09998
20.78:  43.8854,-64.64993,93.49998
20.8:  44.13299,-64.66203,92.79999
20.82:  44.37973,-64.67065,91.99998
20.83:  44.63032,-64.67633,91.29999
20.85:  44.88198,-64.67941,90.69998
20.87:  45.12875,-64.68027,90.19998
20.88:  45.38144,-64.67939,89.79998
20.9:  45.6268,-64.67725,89.49998
20.92:  45.87918,-64.67416,89.29999
20.93:  46.13012,-64.67022,89.09998
20.95:  46.38002,-64.6663,89.09998
20.97:  46.62802,-64.66196,88.99998
20.98:  46.88041,-64.65756,88.99998
21:  47.12913,-64.65322,88.99998
21.02:  47.37936,-64.64885,88.99998
21.03:  47.62991,-64.64448,88.99998
21.05:  47.87797,-64.64014,88.99998
21.07:  48.1379,-64.63561,88.99998
21.08:  48.38401,-64.63132,88.99998
21.1:  48.62967,-64.62703,88.99998
21.12:  48.87755,-64.6227,88.99998
21.13:  49.12831,-64.61832,88.99998
21.15:  49.37862,-64.61395,88.99998
21.17:  49.62785,-64.6096,88.99998
21.18:  49.8753,-64.60529,88.99998
21.2:  50.12827,-64.60087,88.99998
21.22:  50.37593,-64.59654,88.99998
21.23:  50.63008,-64.59211,88.99998
21.25:  50.87788,-64.58778,88.99998
21.27:  51.13654,-64.58327,88.99998
21.28:  51.38234,-64.57898,88.99998
21.3:  51.63523,-64.57456,88.99998
21.32:  51.88022,-64.57029,88.99998
21.33:  52.13432,-64.56585,88.99998
21.35:  52.37506,-64.56165,88.99998
21.37:  52.62858,-64.55722,88.99998
21.38:  52.87556,-64.55291,88.99998
21.4:  53.12776,-64.54851,88.99998
21.42:  53.37558,-64.54418,88.99998
21.43:  53.62958,-64.53975,88.99998
21.45:  53.87894,-64.5354,88.99998
21.47:  54.12587,-64.53109,88.99998
21.48:  54.37957,-64.52666,88.99998
21.5:  54.62778,-64.52232,88.99998
21.52:  54.87709,-64.51797,88.99998
21.53:  55.12885,-64.51358,88.99998
21.55:  55.37905,-64.50922,88.99998
21.57:  55.6275,-64.50488,88.99998
21.58:  55.87617,-64.50053,88.99998
21.6:  56.12767,-64.49615,88.99998
21.62:  56.37683,-64.4918,88.99998
21.63:  56.62861,-64.4874,88.99998
21.65:  56.87724,-64.48306,88.99998
21.67:  57.12736,-64.4787,88.99998
21.68:  57.37842,-64.47431,88.99998
21.7:  57.62837,-64.46995,88.99998
21.72:  57.87564,-64.46564,88.99998
21.73:  58.12906,-64.46121,88.99998
21.75:  58.37616,-64.45689,88.99998
21.77:  58.63506,-64.45238,88.99998
21.78:  58.87785,-64.44814,88.99998
21.8:  59.12755,-64.44378,88.99998
21.82:  59.37531,-64.43945,88.99998
21.83:  59.62772,-64.43505,88.99998
21.85:  59.87659,-64.4307,88.99998
21.87:  60.1246,-64.42638,88.99998
21.88:  60.37921,-64.42194,88.99998
21.9:  60.62743,-64.4176,88.99998
21.92:  60.87553,-64.41327,88.99998
21.93:  61.12694,-64.40888,88.99998
21.95:  61.37651,-64.40453,88.99998
21.97:  61.62579,-64.40017,88.99998
21.98:  61.8772,-64.39578,88.99998
22:  62.1264,-64.39143,88.99998
22.02:  62.37645,-64.38707,88.99998
22.03:  62.62704,-64.3827,88.99998
22.05:  62.87359,-64.3784,88.99998
22.07:  63.12305,-64.37404,88.99998
22.08:  63.37767,-64.36959,88.99998
22.1:  63.62672,-64.36525,88.99998
22.12:  63.8758,-64.3609,88.99998
22.13:  64.12631,-64.35565,88.79999
22.15:  64.37801,-64.3495,88.59998
22.17:  64.63334,-64.34148,88.19998
22.18:  64.87451,-64.33263,87.89998
22.2:  65.12654,-64.32207,87.59998
22.22:  65.37509,-64.30904,86.99998
22.23:  65.62626,-64.29412,86.59998
22.25:  65.87547,-64.2767,85.99998
22.27:  66.13592,-64.2562,85.49998
22.28:  66.3801,-64.23526,85.09998
22.3:  66.6265,-64.21284,84.79998
22.32:  66.87142,-64.18925,84.49998
22.33:  67.11896,-64.16411,84.19997
22.35:  67.3849,-64.13475,83.69998
22.37:  67.62286,-64.10595,83.09998
22.38:  67.87399,-64.07245,82.39999
22.4:  68.11734,-64.03694,81.69998
22.42:  68.35983,-63.9981,80.89998
22.43:  68.60686,-63.95543,80.19997
22.45:  68.85482,-63.91037,79.69997
22.47:  69.09676,-63.86509,79.39997
22.48:  69.344,-63.81793,79.19997
22.5:  69.5889,-63.77077,79.09997
22.52:  69.83251,-63.72298,78.89997
22.53:  70.07846,-63.67383,78.69997
22.55:  70.32204,-63.62428,78.49997
22.57:  70.60664,-63.56482,78.19997
22.58:  70.8121,-63.52189,78.19997
22.6:  71.05622,-63.47089,78.19997
22.62:  71.30009,-63.41994,78.19997
22.63:  71.54752,-63.36826,78.19997
22.65:  71.79118,-63.31735,78.19997
22.67:  72.03494,-63.26687,78.29998
22.68:  72.2819,-63.21618,78.39998
22.7:  72.52735,-63.16624,78.49997
22.72:  72.75909,-63.11951,78.59998
22.73:  72.98868,-63.07364,78.69997
22.75:  73.19256,-63.03327,78.79997
22.77:  73.39057,-62.99478,78.99998
22.78:  73.56995,-62.95991,78.99998
22.8:  73.74019,-62.92682,78.99998
22.82:  73.89962,-62.89583,78.99998
22.83:  74.04752,-62.86708,78.99998
22.85:  74.1821,-62.84117,79.09997
22.87:  74.30791,-62.81694,79.09997
22.88:  74.41657,-62.79601,79.09997
22.9:  74.51453,-62.77733,79.19997
22.92:  74.59995,-62.76103,79.19997
22.93:  74.67413,-62.74701,79.29997
22.95:  74.73559,-62.7354,79.29997
22.97:  74.78455,-62.72624,79.39997
22.98:  74.82138,-62.71941,79.49998
23:  74.84617,-62.71482,79.49998
23.02:  74.85856,-62.71252,79.49998
23.03:  74.85856,-62.71252,79.59998
23.05:  74.85856,-62.71252,79.59998
23.07:  74.85856,-62.71252,79.59998
23.08:  74.85856,-62.71252,79.69999
23.1:  74.85856,-62.71252,79.69999
23.12:  74.85856,-62.71252,79.69999
23.13:  74.85856,-62.71252,79.79998
23.15:  74.85856,-62.71252,79.79998
23.17:  74.85856,-62.71252,79.79998
23.18:  74.85856,-62.71252,79.89999
23.2:  74.85856,-62.71252,79.89999
23.22:  74.85856,-62.71252,79.99999
23.23:  74.85856,-62.71252,79.99999
23.25:  74.85856,-62.71252,79.99999
23.27:  74.85856,-62.71252,79.99999
23.28:  74.85856,-62.71252,79.99999
23.3:  74.85856,-62.71252,79.99999
23.32:  74.85856,-62.71252,79.99999
23.33:  74.85856,-62.71252,79.99999
23.35:  74.85856,-62.71252,79.99999
23.37:  74.85856,-62.71252,79.99999
23.38:  74.85856,-62.71252,79.99999
23.4:  74.85856,-62.71252,79.99999
23.42:  74.85856,-62.71252,79.99999
23.43:  74.85856,-62.71252,79.99999
23.45:  74.85856,-62.71252,79.99999
23.47:  74.85856,-62.71252,79.99999
23.48:  74.85856,-62.71252,79.99999
23.5:  74.85856,-62.71252,79.99999
23.52:  74.85856,-62.71252,79.99999
23.53:  74.85856,-62.71252,79.99999
23.55:  74.85856,-62.71252,79.99999
23.57:  74.85856,-62.71252,79.99999
23.58:  74.85856,-62.71252,79.99999
23.6:  74.85856,-62.71252,79.99999
23.62:  74.85856,-62.71252,79.99999
23.63:  74.85856,-62.71252,79.99999
23.65:  74.85856,-62.71252,79.99999
23.67:  74.85856,-62.71252,79.99999
23.68:  74.85856,-62.71252,79.99999
23.7:  74.85856,-62.71252,79.99999
23.72:  74.85856,-62.71252,80.1
23.73:  74.87125,-62.71031,80.1
23.75:  74.89599,-62.70599,80.1
23.77:  74.93246,-62.69962,80.1
23.78:  74.9822,-62.69094,80.1
23.8:  75.04294,-62.68034,80.1
23.82:  75.12004,-62.66689,80.1
23.83:  75.2039,-62.65225,80.1
23.85:  75.3028,-62.63499,80.1
23.87:  75.4129,-62.61578,80.1
23.88:  75.53739,-62.59405,80.1
23.9:  75.67215,-62.57053,80.1
23.92:  75.82037,-62.54466,80.1
23.93:  75.98116,-62.5166,80.1
23.95:  76.1527,-62.48666,80.1
23.97:  76.33669,-62.45455,80.1
23.98:  76.53609,-62.4201,80.2
24:  76.72025,-62.38829,80.2
24.03:  76.89107,-62.3591,80.3
24.05:  77.05297,-62.33142,80.3
24.07:  77.20034,-62.30623,80.3
24.08:  77.33635,-62.28298,80.3
24.1:  77.46037,-62.26178,80.3
24.12:  77.57165,-62.24276,80.3
24.13:  77.6702,-62.22609,80.39999
24.15:  77.75719,-62.21138,80.39999
24.17:  77.83064,-62.19896,80.39999
24.18:  77.89233,-62.18852,80.39999
24.2:  77.9425,-62.18004,80.39999
24.22:  77.97973,-62.17374,80.39999
24.23:  78.00448,-62.16956,80.39999
24.25:  78.01716,-62.16743,80.5
24.27:  78.01716,-62.16743,80.5
24.28:  78.01716,-62.16743,80.5
24.3:  78.01716,-62.16743,80.5
24.32:  78.01716,-62.16743,80.5
24.33:  78.01716,-62.16743,80.5
24.35:  78.01716,-62.16743,80.5
24.37:  78.01716,-62.16743,80.5
24.38:  78.01716,-62.16743,80.5
24.4:  78.01716,-62.16743,80.5
24.42:  78.01716,-62.16743,80.5
24.43:  78.01716,-62.16743,80.5
24.45:  78.01716,-62.16743,80.5
24.47:  78.01716,-62.16743,80.5
24.48:  78.01716,-62.16743,80.5
24.5:  78.01716,-62.16743,80.5
24.52:  78.01716,-62.16743,80.5
24.53:  78.01716,-62.16743,80.5
24.55:  78.01716,-62.16743,80.5
