ParticipantNo: 12013
Controller type: Gamepad
Training Level:
0.02:  82.7,18.5,270
0.04:  82.7,18.5,270
0.06:  82.7,18.5,270
0.08:  82.7,18.5,270
0.09:  82.7,18.5,270
0.11:  82.7,18.5,270
0.13:  82.7,18.5,270
0.14:  82.7,18.5,270
0.16:  82.7,18.5,270.002
0.18:  82.7,18.5,270.002
0.19:  82.7,18.5,270.002
0.21:  82.7,18.5,270.002
0.23:  82.7,18.5,270.002
0.24:  82.7,18.5,270.002
0.26:  82.7,18.5,270.002
0.28:  82.7,18.5,270.002
0.29:  82.7,18.5,270.002
0.31:  82.7,18.5,270.002
0.33:  82.7,18.5,270.002
0.34:  82.7,18.5,270.002
0.36:  82.7,18.5,270.002
0.38:  82.7,18.5,270.002
0.39:  82.7,18.5,270.002
0.41:  82.7,18.5,270.002
0.43:  82.7,18.5,270.002
0.44:  82.7,18.5,270.002
0.46:  82.7,18.5,270.002
0.48:  82.7,18.5,270.002
0.49:  82.7,18.5,270.002
0.51:  82.7,18.5,270.002
0.53:  82.7,18.5,270.002
0.54:  82.7,18.5,270.002
0.56:  82.7,18.5,270.002
0.58:  82.7,18.5,270.002
0.59:  82.7,18.5,270.002
0.61:  82.7,18.5,270.002
0.63:  82.7,18.5,270.002
0.64:  82.7,18.5,270.002
0.66:  82.7,18.5,270.002
0.68:  82.7,18.5,270.002
0.69:  82.7,18.5,270.002
0.71:  82.7,18.5,270.002
0.73:  82.7,18.5,270.002
0.74:  82.7,18.5,270.002
0.76:  82.7,18.5,270.002
0.78:  82.7,18.5,270.004
0.79:  82.7,18.5,270.004
0.81:  82.7,18.5,270.004
0.83:  82.7,18.5,270.004
0.84:  82.7,18.5,270.0059
0.86:  82.7,18.5,270.0059
0.88:  82.7,18.5,270.0079
0.89:  82.7,18.5,270.0079
0.91:  82.7,18.5,270.0079
0.93:  82.7,18.5,270.0079
0.94:  82.7,18.5,270.0079
0.96:  82.7,18.5,270.0079
0.98:  82.7,18.5,270.0079
0.99:  82.7,18.5,270.0079
1.01:  82.7,18.5,270.0079
1.03:  82.7,18.5,270.0079
1.04:  82.7,18.5,270.0079
1.06:  82.7,18.5,270.0079
1.08:  82.7,18.5,270.0079
1.09:  82.7,18.5,270.0079
1.11:  82.7,18.5,270.0079
1.13:  82.7,18.5,270.0079
1.14:  82.7,18.5,270.0079
1.16:  82.7,18.5,270.0079
1.18:  82.7,18.5,270.0079
1.19:  82.7,18.5,270.0079
1.21:  82.7,18.5,270.0079
1.23:  82.7,18.5,270.0079
1.24:  82.7,18.5,270.0079
1.26:  82.7,18.5,270.0079
1.28:  82.7,18.5,270.0079
1.29:  82.7,18.5,270.0079
1.31:  82.7,18.5,270.0079
1.33:  82.7,18.5,270.0079
1.34:  82.7,18.5,270.0079
1.36:  82.7,18.5,270.0079
1.38:  82.7,18.5,270.0079
1.39:  82.7,18.5,270.0079
1.41:  82.7,18.5,270.0079
1.43:  82.7,18.5,270.0099
1.44:  82.7,18.5,270.0099
1.46:  82.7,18.5,270.0099
1.48:  82.7,18.5,270.0099
1.49:  82.7,18.5,270.0099
1.51:  82.7,18.5,270.0099
1.53:  82.7,18.5,270.0099
1.54:  82.7,18.5,270.0099
1.56:  82.7,18.5,270.0099
1.58:  82.7,18.5,270.0099
1.59:  82.7,18.5,270.0099
1.61:  82.7,18.5,270.0099
1.63:  82.7,18.5,270.0099
1.64:  82.7,18.5,270.0099
1.66:  82.7,18.5,270.0099
1.68:  82.7,18.5,270.0099
1.69:  82.7,18.5,270.0099
1.71:  82.7,18.5,270.0099
1.73:  82.7,18.5,270.0099
1.74:  82.7,18.5,270.0099
1.76:  82.7,18.5,270.0099
1.78:  82.7,18.5,270.0099
1.79:  82.7,18.5,270.0099
1.81:  82.7,18.5,270.0099
1.83:  82.7,18.5,270.0099
1.84:  82.7,18.5,270.0099
1.86:  82.7,18.5,270.0099
1.88:  82.7,18.5,270.0119
1.89:  82.7,18.5,270.0119
1.91:  82.7,18.5,270.0119
1.93:  82.7,18.5,270.0119
1.94:  82.7,18.5,270.0119
1.96:  82.7,18.5,270.0139
1.98:  82.7,18.5,270.0139
1.99:  82.7,18.5,270.0139
2.01:  82.7,18.5,270.0139
2.03:  82.7,18.5,270.0139
2.04:  82.7,18.5,270.0139
2.06:  82.7,18.5,270.0139
2.08:  82.7,18.5,270.0139
2.09:  82.7,18.5,270.0139
2.11:  82.7,18.5,270.0139
2.13:  82.7,18.5,270.0139
2.14:  82.7,18.5,270.0139
2.16:  82.7,18.5,270.0139
2.18:  82.7,18.5,270.0139
2.19:  82.7,18.5,270.0139
2.21:  82.7,18.5,270.0139
2.23:  82.7,18.5,270.0139
2.24:  82.7,18.5,270.0139
2.26:  82.7,18.5,270.0139
2.28:  82.7,18.5,270.0139
2.29:  82.7,18.5,270.0139
2.31:  82.7,18.5,270.0139
2.33:  82.7,18.5,270.0139
2.34:  82.7,18.5,270.0139
2.36:  82.7,18.5,270.0139
2.38:  82.7,18.5,270.0139
2.39:  82.7,18.5,270.0139
2.41:  82.7,18.5,270.0139
2.43:  82.7,18.5,270.0139
2.44:  82.7,18.5,270.0139
2.46:  82.7,18.5,270.0139
2.48:  82.7,18.5,270.0139
2.49:  82.7,18.5,270.0139
2.51:  82.7,18.5,270.0139
2.53:  82.7,18.5,270.0139
2.54:  82.7,18.5,270.0139
2.56:  82.7,18.5,270.0139
2.58:  82.7,18.5,270.0139
2.59:  82.7,18.5,270.0139
2.61:  82.7,18.5,270.0139
2.63:  82.7,18.5,270.0139
2.64:  82.7,18.5,270.0139
2.66:  82.7,18.5,270.0139
2.68:  82.7,18.5,270.0139
2.69:  82.7,18.5,270.0139
2.71:  82.7,18.5,270.0139
2.73:  82.7,18.5,270.0139
2.74:  82.7,18.5,270.0139
2.76:  82.7,18.5,270.0139
2.78:  82.7,18.5,270.0139
2.79:  82.7,18.5,270.0139
2.81:  82.7,18.5,270.0139
2.83:  82.7,18.5,270.0139
2.84:  82.7,18.5,270.0139
2.86:  82.7,18.5,270.0139
2.88:  82.7,18.5,270.0139
2.89:  82.7,18.5,270.0139
2.91:  82.7,18.5,270.0139
2.93:  82.7,18.5,270.0139
2.94:  82.7,18.5,270.0139
2.96:  82.7,18.5,270.0139
2.98:  82.7,18.5,270.0139
2.99:  82.7,18.5,270.0139
3.01:  82.7,18.5,270.0139
3.03:  82.7,18.5,270.0139
3.04:  82.7,18.5,270.0139
3.06:  82.7,18.5,270.0139
3.08:  82.7,18.5,270.0139
3.09:  82.7,18.5,270.0139
3.11:  82.7,18.5,270.0139
3.13:  82.7,18.5,270.0139
3.14:  82.7,18.5,270.0139
3.16:  82.7,18.5,270.0139
3.18:  82.7,18.5,270.0139
3.19:  82.7,18.5,270.0139
3.21:  82.7,18.5,270.0139
3.23:  82.7,18.5,270.0139
3.24:  82.7,18.5,270.0139
3.26:  82.7,18.5,270.0139
3.28:  82.7,18.5,270.0139
3.29:  82.7,18.5,270.0139
3.31:  82.7,18.5,270.0139
3.33:  82.7,18.5,270.0119
3.34:  82.7,18.5,270.0036
3.36:  82.7,18.5,269.9889
3.38:  82.7,18.5,269.9489
3.39:  82.7,18.5,269.8392
3.41:  82.7,18.5,269.4569
3.43:  82.7,18.5,268.7768
3.44:  82.7,18.5,267.9889
3.46:  82.7,18.5,267.201
3.48:  82.7,18.5,266.4131
3.49:  82.7,18.5,265.6253
3.51:  82.7,18.5,264.8374
3.53:  82.7,18.5,264.0495
3.54:  82.7,18.5,263.2617
3.56:  82.7,18.5,262.4738
3.58:  82.7,18.5,261.6859
3.59:  82.7,18.5,260.898
3.61:  82.7,18.5,260.1101
3.63:  82.7,18.5,259.3222
3.64:  82.7,18.5,258.5344
3.66:  82.7,18.5,257.7465
3.68:  82.7,18.5,256.9586
3.69:  82.7,18.5,256.1707
3.71:  82.7,18.5,255.3828
3.73:  82.7,18.5,254.595
3.74:  82.7,18.5,253.8071
3.76:  82.7,18.5,253.0192
3.78:  82.7,18.5,252.2313
3.79:  82.7,18.5,251.4435
3.81:  82.7,18.5,250.6556
3.83:  82.7,18.5,249.8677
3.84:  82.7,18.5,249.0798
3.86:  82.7,18.5,248.2919
3.88:  82.7,18.5,247.5041
3.89:  82.7,18.5,246.7162
3.91:  82.7,18.5,245.9283
3.93:  82.7,18.5,245.1404
3.94:  82.7,18.5,244.3525
3.96:  82.7,18.5,243.5647
3.98:  82.7,18.5,242.7768
3.99:  82.7,18.5,241.9889
4.01:  82.7,18.5,241.201
4.03:  82.7,18.5,240.4131
4.04:  82.7,18.5,239.6253
4.06:  82.7,18.5,238.8374
4.08:  82.7,18.5,238.0495
4.09:  82.7,18.5,237.2616
4.11:  82.7,18.5,236.4738
4.13:  82.7,18.5,235.6859
4.14:  82.7,18.5,234.898
4.16:  82.7,18.5,234.1101
4.18:  82.7,18.5,233.3222
4.19:  82.7,18.5,232.5344
4.21:  82.7,18.5,231.7465
4.23:  82.7,18.5,230.9586
4.24:  82.7,18.5,230.1707
4.26:  82.7,18.5,229.3828
4.28:  82.7,18.5,228.595
4.29:  82.7,18.5,227.8071
4.31:  82.7,18.5,227.0192
4.33:  82.7,18.5,226.2313
4.34:  82.7,18.5,225.4435
4.36:  82.7,18.5,224.6556
4.38:  82.7,18.5,223.8677
4.39:  82.7,18.5,223.0798
4.41:  82.7,18.5,222.2919
4.43:  82.7,18.5,221.5041
4.44:  82.7,18.5,220.7162
4.46:  82.7,18.5,219.9283
4.48:  82.7,18.5,219.1404
4.49:  82.7,18.5,218.3525
4.51:  82.7,18.5,217.5647
4.53:  82.7,18.5,216.7768
4.54:  82.7,18.5,215.9889
4.56:  82.7,18.5,215.201
4.58:  82.7,18.5,214.4131
4.59:  82.7,18.5,213.6253
4.61:  82.7,18.5,212.8374
4.63:  82.7,18.5,212.0495
4.64:  82.7,18.5,211.2616
4.66:  82.7,18.5,210.4738
4.68:  82.7,18.5,209.7176
4.69:  82.7,18.5,209.0628
4.71:  82.7,18.5,208.5601
4.73:  82.7,18.5,208.2476
4.74:  82.7,18.5,208.1759
4.76:  82.7,18.5,208.1359
4.78:  82.7,18.5,208.1085
4.79:  82.7,18.5,208.0939
4.81:  82.7,18.5,208.0856
4.83:  82.7,18.5,208.0773
4.84:  82.7,18.5,208.0689
4.86:  82.7,18.5,208.067
4.88:  82.7,18.5,208.065
4.89:  82.7,18.5,208.0566
4.91:  82.7,18.5,208.0547
4.93:  82.7,18.5,208.0463
4.94:  82.7,18.5,208.038
4.96:  82.7,18.5,208.0297
4.98:  82.7,18.5,208.0214
4.99:  82.7,18.5,208.0131
5.01:  82.7,18.5,208.0047
5.03:  82.7,18.5,207.9964
5.04:  82.7,18.5,207.9944
5.06:  82.7,18.5,207.9925
5.08:  82.7,18.5,207.9842
5.09:  82.7,18.5,207.9758
5.11:  82.7,18.5,207.9675
5.13:  82.7,18.5,207.9655
5.14:  82.7,18.5,207.9572
5.16:  82.7,18.5,207.9489
5.18:  82.7,18.5,207.9406
5.19:  82.7,18.5,207.9323
5.21:  82.7,18.5,207.924
5.23:  82.7,18.5,207.9156
5.24:  82.7,18.5,207.9073
5.26:  82.7,18.5,207.899
5.28:  82.7,18.5,207.8907
5.29:  82.7,18.5,207.876
5.31:  82.7,18.5,207.855
5.33:  82.7,18.5,207.815
5.34:  82.7,18.5,207.6673
5.36:  82.7,18.5,207.304
5.38:  82.7,18.5,206.757
5.39:  82.7,18.5,206.0642
5.41:  82.7,18.5,205.2763
5.43:  82.7,18.5,204.4884
5.44:  82.7,18.5,203.7005
5.46:  82.7,18.5,202.9127
5.48:  82.7,18.5,202.1248
5.49:  82.7,18.5,201.3369
5.51:  82.7,18.5,200.549
5.53:  82.7,18.5,199.7612
5.54:  82.7,18.5,198.9733
5.56:  82.7,18.5,198.1854
5.58:  82.7,18.5,197.3975
5.59:  82.7,18.5,196.6096
5.61:  82.7,18.5,195.8218
5.63:  82.7,18.5,195.0339
5.64:  82.7,18.5,194.246
5.66:  82.7,18.5,193.4644
5.68:  82.7,18.5,192.778
5.69:  82.7,18.5,192.2816
5.71:  82.7,18.5,192.2607
5.73:  82.7,18.5,192.2397
5.74:  82.7,18.5,192.2123
5.76:  82.7,18.5,192.185
5.78:  82.7,18.5,192.1577
5.79:  82.7,18.5,192.1303
5.81:  82.7,18.5,192.1093
5.83:  82.7,18.5,192.082
5.84:  82.7,18.5,192.0547
5.86:  82.7,18.5,192.0337
5.88:  82.7,18.5,192.0127
5.89:  82.7,18.5,191.9917
5.91:  82.7,18.5,191.9707
5.93:  82.7,18.5,191.9434
5.94:  82.7,18.5,191.9224
5.96:  82.7,18.5,191.9014
5.98:  82.7,18.5,191.8804
5.99:  82.7,18.5,191.853
6.01:  82.7,18.5,191.832
6.03:  82.7,18.5,191.8111
6.04:  82.7,18.5,191.7837
6.06:  82.7,18.5,191.7627
6.08:  82.7,18.5,191.7354
6.09:  82.7,18.5,191.7081
6.11:  82.7,18.5,191.6807
6.13:  82.7,18.5,191.6597
6.14:  82.7,18.5,191.6387
6.16:  82.7,18.5,191.6178
6.18:  82.7,18.5,191.5968
6.19:  82.7,18.5,191.5758
6.21:  82.7,18.5,191.5548
6.23:  82.7,18.5,191.5338
6.24:  82.7,18.5,191.5128
6.26:  82.7,18.5,191.4854
6.28:  82.7,18.5,191.4644
6.29:  82.7,18.5,191.4435
6.31:  82.7,18.5,191.4161
6.33:  82.7,18.5,191.3888
6.34:  82.7,18.5,191.3615
6.36:  82.7,18.5,191.3341
6.38:  82.7,18.5,191.3068
6.39:  82.7,18.5,191.2858
6.41:  82.7,18.5,191.2648
6.43:  82.7,18.5,191.2438
6.44:  82.7,18.5,191.2228
6.46:  82.7,18.5,191.2018
6.48:  82.7,18.5,191.1808
6.49:  82.7,18.5,191.1535
6.51:  82.7,18.5,191.1325
6.53:  82.7,18.5,191.1052
6.54:  82.7,18.5,191.0842
6.56:  82.7,18.5,191.0568
6.58:  82.7,18.5,191.0295
6.59:  82.7,18.5,191.0085
6.61:  82.7,18.5,190.9875
6.63:  82.7,18.5,190.9602
6.64:  82.7,18.5,190.9329
6.66:  82.7,18.5,190.9055
6.68:  82.7,18.5,190.8845
6.69:  82.7,18.5,190.8635
6.71:  82.7,18.5,190.8425
6.73:  82.7,18.5,190.8215
6.74:  82.7,18.5,190.8006
6.76:  82.7,18.5,190.7796
6.78:  82.7,18.5,190.7586
6.79:  82.7,18.5,190.7376
6.81:  82.7,18.5,190.7166
6.83:  82.7,18.5,190.6956
6.84:  82.7,18.5,190.6746
6.86:  82.7,18.5,190.6473
6.88:  82.7,18.5,190.6199
6.89:  82.7,18.5,190.5926
6.91:  82.7,18.5,190.5653
6.93:  82.7,18.5,190.5443
6.94:  82.7,18.5,190.5169
6.96:  82.7,18.5,190.4896
6.98:  82.7,18.5,190.4686
6.99:  82.7,18.5,190.4476
7.01:  82.7,18.5,190.4266
7.03:  82.7,18.5,190.4056
7.04:  82.7,18.5,190.3846
7.06:  82.7,18.5,190.3636
7.08:  82.7,18.5,190.3427
7.09:  82.7,18.5,190.3217
7.11:  82.7,18.5,190.2943
7.13:  82.7,18.5,190.267
7.14:  82.7,18.5,190.2397
7.16:  82.7,18.5,190.2123
7.18:  82.7,18.5,190.1913
7.19:  82.7,18.5,190.1703
7.21:  82.7,18.5,190.143
7.23:  82.7,18.5,190.1157
7.24:  82.7,18.5,190.0883
7.26:  82.7,18.5,190.061
7.28:  82.7,18.5,190.04
7.29:  82.7,18.5,190.019
7.31:  82.7,18.5,189.998
7.33:  82.7,18.5,189.977
7.34:  82.7,18.5,189.956
7.36:  82.7,18.5,189.935
7.38:  82.7,18.5,189.914
7.39:  82.7,18.5,189.8867
7.41:  82.7,18.5,189.8657
7.43:  82.7,18.5,189.8384
7.44:  82.7,18.5,189.8111
7.46:  82.7,18.5,189.7901
7.48:  82.7,18.5,189.7627
7.49:  82.7,18.5,189.7354
7.51:  82.7,18.5,189.7144
7.53:  82.7,18.5,189.6871
7.54:  82.7,18.5,189.6597
7.56:  82.7,18.5,189.6387
7.58:  82.7,18.5,189.6178
7.59:  82.7,18.5,189.5968
7.61:  82.7,18.5,189.5758
7.63:  82.7,18.5,189.5548
7.64:  82.7,18.5,189.5338
7.66:  82.7,18.5,189.5128
7.68:  82.7,18.5,189.4918
7.69:  82.7,18.5,189.4644
7.71:  82.7,18.5,189.4371
7.73:  82.7,18.5,189.4161
7.74:  82.7,18.5,189.3951
7.76:  82.7,18.5,189.3741
7.78:  82.7,18.5,189.3468
7.79:  82.7,18.5,189.3195
7.81:  82.7,18.5,189.2985
7.83:  82.7,18.5,189.2775
7.84:  82.7,18.5,189.2565
7.86:  82.7,18.5,189.2355
7.88:  82.7,18.5,189.2145
7.89:  82.7,18.5,189.1935
7.91:  82.7,18.5,189.1725
7.93:  82.7,18.5,189.1515
7.94:  82.7,18.5,189.1305
7.96:  82.7,18.5,189.1095
7.98:  82.7,18.5,189.0885
7.99:  82.7,18.5,189.0612
8.01:  82.7,18.5,189.0402
8.03:  82.7,18.5,189.0192
8.04:  82.7,18.5,188.9919
8.06:  82.7,18.5,188.9709
8.08:  82.7,18.5,188.9499
8.09:  82.7,18.5,188.9289
8.11:  82.7,18.5,188.9079
8.13:  82.7,18.5,188.8869
8.14:  82.7,18.5,188.8659
8.16:  82.7,18.5,188.8449
8.18:  82.7,18.5,188.8239
8.19:  82.7,18.5,188.8029
8.21:  82.7,18.5,188.7819
8.23:  82.7,18.5,188.7609
8.24:  82.7,18.5,188.74
8.26:  82.7,18.5,188.719
8.28:  82.7,18.5,188.6916
8.29:  82.7,18.5,188.6706
8.31:  82.7,18.5,188.6433
8.33:  82.7,18.5,188.616
8.34:  82.7,18.5,188.595
8.36:  82.7,18.5,188.574
8.38:  82.7,18.5,188.553
8.39:  82.7,18.5,188.5257
8.41:  82.7,18.5,188.5047
8.43:  82.7,18.5,188.4837
8.44:  82.7,18.5,188.4627
8.46:  82.7,18.5,188.4417
8.48:  82.7,18.5,188.4207
8.49:  82.7,18.5,188.3934
8.51:  82.7,18.5,188.3724
8.53:  82.7,18.5,188.3514
8.54:  82.7,18.5,188.324
8.56:  82.7,18.5,188.303
8.58:  82.7,18.5,188.2757
8.59:  82.7,18.5,188.2484
8.61:  82.7,18.5,188.221
8.63:  82.7,18.5,188.2
8.64:  82.7,18.5,188.179
8.66:  82.7,18.5,188.1581
8.68:  82.7,18.5,188.1371
8.69:  82.7,18.5,188.1161
8.71:  82.7,18.5,188.0951
8.73:  82.7,18.5,188.0741
8.74:  82.7,18.5,188.0531
8.76:  82.7,18.5,188.0321
8.78:  82.7,18.5,188.0111
8.79:  82.7,18.5,187.9901
8.81:  82.7,18.5,187.9691
8.83:  82.7,18.5,187.9481
8.84:  82.7,18.5,187.9208
8.86:  82.7,18.5,187.8998
8.88:  82.7,18.5,187.8725
8.89:  82.7,18.5,187.8515
8.91:  82.7,18.5,187.8241
8.93:  82.7,18.5,187.8031
8.94:  82.7,18.5,187.7822
8.96:  82.7,18.5,187.7612
8.98:  82.7,18.5,187.7402
8.99:  82.7,18.5,187.7128
9.01:  82.7,18.5,187.6918
9.03:  82.7,18.5,187.6708
9.04:  82.7,18.5,187.6498
9.06:  82.7,18.5,187.6288
9.08:  82.7,18.5,187.6078
9.09:  82.7,18.5,187.5805
9.11:  82.7,18.5,187.5532
9.13:  82.7,18.5,187.5322
9.14:  82.7,18.5,187.5112
9.16:  82.7,18.5,187.4839
9.18:  82.7,18.5,187.4629
9.19:  82.7,18.5,187.4355
9.21:  82.7,18.5,187.4082
9.23:  82.7,18.5,187.3809
9.24:  82.7,18.5,187.3599
9.26:  82.7,18.5,187.3389
9.28:  82.7,18.5,187.3179
9.29:  82.7,18.5,187.2969
9.31:  82.7,18.5,187.2759
9.33:  82.7,18.5,187.2549
9.34:  82.7,18.5,187.2339
9.36:  82.7,18.5,187.2129
9.38:  82.7,18.5,187.1919
9.39:  82.7,18.5,187.1709
9.41:  82.7,18.5,187.1499
9.43:  82.7,18.5,187.1226
9.44:  82.7,18.5,187.0953
9.46:  82.7,18.5,187.0679
9.48:  82.7,18.5,187.047
9.49:  82.7,18.5,187.0196
9.51:  82.7,18.5,186.9986
9.53:  82.7,18.5,186.9713
9.54:  82.7,18.5,186.9503
9.56:  82.7,18.5,186.9293
9.58:  82.7,18.5,186.9083
9.59:  82.7,18.5,186.8873
9.61:  82.7,18.5,186.86
9.63:  82.7,18.5,186.839
9.64:  82.7,18.5,186.818
9.66:  82.7,18.5,186.797
9.68:  82.7,18.5,186.776
9.69:  82.7,18.5,186.755
9.71:  82.7,18.5,186.7277
9.73:  82.7,18.5,186.7067
9.74:  82.7,18.5,186.6794
9.76:  82.7,18.5,186.652
9.78:  82.7,18.5,186.631
9.79:  82.7,18.5,186.61
9.81:  82.7,18.5,186.589
9.83:  82.7,18.5,186.568
9.84:  82.7,18.5,186.547
9.86:  82.7,18.5,186.5197
9.88:  82.7,18.5,186.4987
9.89:  82.7,18.5,186.4777
9.91:  82.7,18.5,186.4504
9.93:  82.7,18.5,186.4294
9.94:  82.7,18.5,186.4021
9.96:  82.7,18.5,186.3811
9.98:  82.7,18.5,186.3601
9.99:  82.7,18.5,186.3391
10.01:  82.7,18.5,186.3118
10.03:  82.7,18.5,186.2844
10.04:  82.7,18.5,186.2571
10.06:  82.7,18.5,186.2298
10.08:  82.7,18.5,186.2088
10.09:  82.7,18.5,186.1878
10.11:  82.7,18.5,186.1668
10.13:  82.7,18.5,186.1395
10.14:  82.7,18.5,186.1185
10.16:  82.7,18.5,186.0975
10.18:  82.7,18.5,186.0765
10.19:  82.7,18.5,186.0491
10.21:  82.7,18.5,186.0281
10.23:  82.7,18.5,186.0008
10.24:  82.7,18.5,185.9735
10.26:  82.7,18.5,185.9588
10.28:  82.7,18.5,185.9442
10.29:  82.7,18.5,185.9232
10.31:  82.7,18.5,185.9085
10.33:  82.7,18.5,185.9065
10.34:  82.7,18.5,185.9065
10.36:  82.7,18.5,185.9045
10.38:  82.7,18.5,185.9045
10.39:  82.7,18.5,185.9045
10.41:  82.7,18.5,185.9045
10.43:  82.7,18.5,185.9045
10.44:  82.7,18.5,185.9889
10.46:  82.7,18.5,186.162
10.48:  82.7,18.5,186.4048
10.49:  82.7,18.5,186.692
10.51:  82.7,18.5,187.0172
10.53:  82.7,18.5,187.3488
10.54:  82.7,18.5,187.6803
10.56:  82.7,18.5,188.0119
10.58:  82.7,18.5,188.2674
10.59:  82.7,18.5,188.3327
10.61:  82.7,18.5,188.3327
10.63:  82.7,18.5,188.3327
10.64:  82.7,18.5,188.3327
10.66:  82.7,18.5,188.3327
10.68:  82.7,18.5,188.3327
10.69:  82.7,18.5,188.3327
10.71:  82.7,18.5,188.3327
10.73:  82.7,18.5,188.3327
10.74:  82.7,18.5,188.3327
10.76:  82.7,18.5,188.3327
10.78:  82.7,18.5,188.3327
10.79:  82.7,18.5,188.3327
10.81:  82.7,18.5,188.3327
10.83:  82.7,18.5,188.3327
10.84:  82.7,18.5,188.3327
10.86:  82.7,18.5,188.3327
10.88:  82.7,18.5,188.3327
10.89:  82.7,18.5,188.3327
10.91:  82.7,18.5,188.3327
10.93:  82.7,18.5,188.3327
10.94:  82.7,18.5,188.3327
10.96:  82.7,18.5,188.3327
10.98:  82.7,18.5,188.3327
10.99:  82.7,18.5,188.3327
11.01:  82.7,18.5,188.3327
11.03:  82.7,18.5,188.3327
11.04:  82.7,18.5,188.3327
11.06:  82.7,18.5,188.3327
11.08:  82.7,18.5,188.3327
11.09:  82.7,18.5,188.3327
11.11:  82.7,18.5,188.3327
11.13:  82.7,18.5,188.3327
11.14:  82.7,18.5,188.3327
11.16:  82.7,18.5,188.3327
11.18:  82.7,18.5,188.3327
11.19:  82.7,18.5,188.3327
11.21:  82.7,18.5,188.3327
11.23:  82.7,18.5,188.3327
11.24:  82.7,18.5,188.3327
11.26:  82.7,18.5,188.3327
11.28:  82.7,18.5,188.3327
11.29:  82.7,18.5,188.3327
11.31:  82.7,18.5,188.3327
11.33:  82.7,18.5,188.3327
11.34:  82.7,18.5,188.3327
11.36:  82.7,18.5,188.3327
11.38:  82.7,18.5,188.3327
11.39:  82.7,18.5,188.3327
11.41:  82.7,18.5,188.3327
11.43:  82.7,18.5,188.3327
11.44:  82.7,18.5,188.3327
11.46:  82.7,18.5,188.3327
11.48:  82.7,18.5,188.3327
11.49:  82.7,18.5,188.3327
11.51:  82.7,18.5,188.3327
11.53:  82.7,18.5,188.3327
11.54:  82.7,18.5,188.3327
11.56:  82.7,18.5,188.3327
11.58:  82.7,18.5,188.3327
11.59:  82.7,18.5,188.3327
11.61:  82.7,18.5,188.3327
11.63:  82.7,18.5,188.3327
11.64:  82.7,18.5,188.3327
11.66:  82.7,18.5,188.3327
11.68:  82.7,18.5,188.3327
11.69:  82.7,18.5,188.3327
11.71:  82.7,18.5,188.3327
11.73:  82.7,18.5,188.3327
11.74:  82.7,18.5,188.3327
11.76:  82.7,18.5,188.3327
11.78:  82.7,18.5,188.3327
11.79:  82.7,18.5,188.3327
11.81:  82.7,18.5,188.3327
11.83:  82.7,18.5,188.3327
11.84:  82.7,18.5,188.3327
11.86:  82.7,18.5,188.3327
11.88:  82.7,18.5,188.3327
11.89:  82.7,18.5,188.3327
11.91:  82.7,18.5,188.3327
11.93:  82.7,18.5,188.3327
11.94:  82.7,18.5,188.3327
11.96:  82.7,18.5,188.3327
11.98:  82.7,18.5,188.3327
11.99:  82.7,18.5,188.3327
12.01:  82.7,18.5,188.3327
12.03:  82.7,18.5,188.3327
12.04:  82.7,18.5,188.3327
12.06:  82.7,18.5,188.3327
12.08:  82.7,18.5,188.3327
12.09:  82.7,18.5,188.3327
12.11:  82.7,18.5,188.3327
12.13:  82.7,18.5,188.3327
12.14:  82.7,18.5,188.3327
12.16:  82.7,18.5,188.3327
12.18:  82.7,18.5,188.3327
12.19:  82.7,18.5,188.3327
12.21:  82.7,18.5,188.3327
12.23:  82.7,18.5,188.3327
12.24:  82.7,18.5,188.3327
12.26:  82.7,18.5,188.3327
12.28:  82.7,18.5,188.3327
12.29:  82.7,18.5,188.3327
12.31:  82.7,18.5,188.3327
12.33:  82.7,18.5,188.3327
12.34:  82.7,18.5,188.3327
12.36:  82.7,18.5,188.3327
12.38:  82.7,18.5,188.3327
12.39:  82.7,18.5,188.3327
12.41:  82.7,18.5,188.3327
12.43:  82.7,18.5,188.3327
12.44:  82.7,18.5,188.3327
12.46:  82.7,18.5,188.3327
12.48:  82.7,18.5,188.3327
12.49:  82.7,18.5,188.3327
12.51:  82.7,18.5,188.3327
12.53:  82.7,18.5,188.3327
12.54:  82.7,18.5,188.3327
12.56:  82.7,18.5,188.3327
12.58:  82.7,18.5,188.3327
12.59:  82.7,18.5,188.3327
12.61:  82.7,18.5,188.3327
12.63:  82.7,18.5,188.3327
12.64:  82.7,18.5,188.3327
12.66:  82.7,18.5,188.3327
12.68:  82.7,18.5,188.3327
12.69:  82.7,18.5,188.3327
12.71:  82.7,18.5,188.3327
12.73:  82.7,18.5,188.3327
12.74:  82.7,18.5,188.3327
12.76:  82.7,18.5,188.3327
12.78:  82.7,18.5,188.3327
12.79:  82.7,18.5,188.3327
12.81:  82.7,18.5,188.3327
12.83:  82.7,18.5,188.3327
12.84:  82.7,18.5,188.3327
12.86:  82.7,18.5,188.3327
12.88:  82.7,18.5,188.3327
12.89:  82.7,18.5,188.3327
12.91:  82.7,18.5,188.3327
12.93:  82.7,18.5,188.3327
12.94:  82.7,18.5,188.3327
12.96:  82.7,18.5,188.3327
12.98:  82.7,18.5,188.3327
12.99:  82.7,18.5,188.3327
13.01:  82.7,18.5,188.3327
13.03:  82.7,18.5,188.3327
13.04:  82.7,18.5,188.3327
13.06:  82.7,18.5,188.3327
13.08:  82.7,18.5,188.3327
13.09:  82.7,18.5,188.3327
13.11:  82.7,18.5,188.3327
13.13:  82.7,18.5,188.3327
13.14:  82.7,18.5,188.3327
13.16:  82.7,18.5,188.3327
13.18:  82.7,18.5,188.3327
13.19:  82.7,18.5,188.3327
13.21:  82.7,18.5,188.3327
13.23:  82.7,18.5,188.3327
13.24:  82.7,18.5,188.3327
13.26:  82.7,18.5,188.3327
13.28:  82.7,18.5,188.3327
13.29:  82.7,18.5,188.3327
13.31:  82.7,18.5,188.3327
13.33:  82.7,18.5,188.3327
13.34:  82.7,18.5,188.3327
13.36:  82.7,18.5,188.3327
13.38:  82.7,18.5,188.3327
13.39:  82.7,18.5,188.3327
13.41:  82.7,18.5,188.3327
13.43:  82.7,18.5,188.3327
13.44:  82.7,18.5,188.3327
13.46:  82.7,18.5,188.3327
13.48:  82.7,18.5,188.3327
13.49:  82.7,18.5,188.3327
13.51:  82.7,18.5,188.3327
13.53:  82.7,18.5,188.3327
13.54:  82.7,18.5,188.3327
13.56:  82.7,18.5,188.3327
13.58:  82.7,18.5,188.3327
13.59:  82.7,18.5,188.3327
13.61:  82.7,18.5,188.3327
13.63:  82.7,18.5,188.3327
13.64:  82.7,18.5,188.3327
13.66:  82.7,18.5,188.3327
13.68:  82.7,18.5,188.3327
13.69:  82.7,18.5,188.3327
13.71:  82.7,18.5,188.3327
13.73:  82.7,18.5,188.3327
13.74:  82.7,18.5,188.3327
13.76:  82.7,18.5,188.3327
13.78:  82.7,18.5,188.3327
13.79:  82.7,18.5,188.3327
13.81:  82.7,18.5,188.3327
13.83:  82.7,18.5,188.3327
13.84:  82.7,18.5,188.3327
13.86:  82.7,18.5,188.3327
13.88:  82.7,18.5,188.3327
13.89:  82.7,18.5,188.3327
13.91:  82.7,18.5,188.3327
13.93:  82.7,18.5,188.3327
13.94:  82.7,18.5,188.3327
13.96:  82.7,18.5,188.3327
13.98:  82.7,18.5,188.3327
13.99:  82.7,18.5,188.3327
14.01:  82.7,18.5,188.3327
14.03:  82.7,18.5,188.3327
14.04:  82.7,18.5,188.3327
14.06:  82.7,18.5,188.3327
14.08:  82.7,18.5,188.3327
14.09:  82.7,18.5,188.3327
14.11:  82.7,18.5,188.3327
14.13:  82.7,18.5,188.3327
14.14:  82.7,18.5,188.3327
14.16:  82.7,18.5,188.3327
14.18:  82.7,18.5,188.3327
14.19:  82.7,18.5,188.3327
14.21:  82.7,18.5,188.3327
14.23:  82.7,18.5,188.3327
14.24:  82.7,18.5,188.3327
14.26:  82.7,18.5,188.3327
14.28:  82.7,18.5,188.3327
14.29:  82.7,18.5,188.3327
14.31:  82.7,18.5,188.3327
14.33:  82.7,18.5,188.3327
14.34:  82.7,18.5,188.3327
14.36:  82.7,18.5,188.3327
14.38:  82.7,18.5,188.3327
14.39:  82.7,18.5,188.3327
14.41:  82.7,18.5,188.3327
14.43:  82.7,18.5,188.3327
14.44:  82.7,18.5,188.3327
14.46:  82.7,18.5,188.3327
14.48:  82.7,18.5,188.3327
14.49:  82.7,18.5,188.3327
14.51:  82.7,18.5,188.3327
14.53:  82.7,18.5,188.3327
14.54:  82.7,18.5,188.3327
14.56:  82.7,18.5,188.3327
14.58:  82.7,18.5,188.3327
14.59:  82.7,18.5,188.3327
14.61:  82.7,18.5,188.3327
14.63:  82.7,18.5,188.3308
14.64:  82.7,18.5,188.3308
14.66:  82.7,18.5,188.3308
14.68:  82.7,18.5,188.3308
14.69:  82.7,18.5,188.3308
14.71:  82.7,18.5,188.3288
14.73:  82.7,18.5,188.3288
14.74:  82.7,18.5,188.3288
14.76:  82.7,18.5,188.3288
14.78:  82.7,18.5,188.3268
14.79:  82.7,18.5,188.3268
14.81:  82.7,18.5,188.3268
14.83:  82.7,18.5,188.3268
14.84:  82.7,18.5,188.3248
14.86:  82.7,18.5,188.3165
14.88:  82.7,18.5,188.3082
14.89:  82.7,18.5,188.2999
14.91:  82.7,18.5,188.2915
14.93:  82.7,18.5,188.2769
14.94:  82.7,18.5,188.2622
14.96:  82.7,18.5,188.2539
14.98:  82.7,18.5,188.2456
14.99:  82.7,18.5,188.2373
15.01:  82.7,18.5,188.2226
15.03:  82.7,18.5,188.208
15.04:  82.7,18.5,188.1996
15.06:  82.7,18.5,188.185
15.08:  82.7,18.5,188.1703
15.09:  82.7,18.5,188.1557
15.11:  82.7,18.5,188.1474
15.13:  82.7,18.5,188.1391
15.14:  82.7,18.5,188.1307
15.16:  82.7,18.5,188.1224
15.18:  82.7,18.5,188.1141
15.19:  82.7,18.5,188.1058
15.21:  82.7,18.5,188.0975
15.23:  82.7,18.5,188.0891
15.24:  82.7,18.5,188.0808
15.26:  82.7,18.5,188.0788
15.28:  82.7,18.5,188.0769
15.29:  82.7,18.5,188.0685
15.31:  82.7,18.5,188.0602
15.33:  82.7,18.5,188.0519
15.34:  82.7,18.5,188.0499
15.36:  82.7,18.5,188.0416
15.38:  82.7,18.5,188.0333
15.39:  82.7,18.5,188.025
15.41:  82.7,18.5,188.0166
15.43:  82.7,18.5,188.0083
15.44:  82.7,18.5,188.0063
15.46:  82.7,18.5,187.998
15.48:  82.7,18.5,187.996
15.49:  82.7,18.5,187.9877
15.51:  82.7,18.5,187.9794
15.53:  82.7,18.5,187.9774
15.54:  82.7,18.5,187.9754
15.56:  82.7,18.5,187.9671
15.58:  82.7,18.5,187.9651
15.59:  82.7,18.5,187.9568
15.61:  82.7,18.5,187.9548
15.63:  82.7,18.5,187.9402
15.64:  82.7,18.5,187.9382
15.66:  82.7,18.5,187.9299
15.68:  82.7,18.5,187.9216
15.69:  82.7,18.5,187.9133
15.71:  82.7,18.5,187.8986
15.73:  82.7,18.5,187.8966
15.74:  82.7,18.5,187.8883
15.76:  82.7,18.5,187.88
15.78:  82.7,18.5,187.878
15.79:  82.7,18.5,187.876
15.81:  82.7,18.5,187.8741
15.83:  82.7,18.5,187.8721
15.84:  82.7,18.5,187.8638
15.86:  82.7,18.5,187.8618
15.88:  82.7,18.5,187.8598
15.89:  82.7,18.5,187.8515
15.91:  82.7,18.5,187.8432
15.93:  82.7,18.5,187.8412
15.94:  82.7,18.5,187.8329
15.96:  82.7,18.5,187.8245
15.98:  82.7,18.5,187.8162
15.99:  82.7,18.5,187.8079
16.01:  82.7,18.5,187.7996
16.03:  82.7,18.5,187.7976
16.04:  82.7,18.5,187.7893
16.06:  82.7,18.5,187.7873
16.08:  82.7,18.5,187.779
16.09:  82.7,18.5,187.777
16.11:  82.7,18.5,187.7687
16.13:  82.7,18.5,187.7604
16.14:  82.7,18.5,187.7584
16.16:  82.7,18.5,187.7501
16.18:  82.7,18.5,187.7418
16.19:  82.7,18.5,187.7398
16.21:  82.7,18.5,187.7378
16.23:  82.7,18.5,187.7295
16.24:  82.7,18.5,187.7211
16.26:  82.7,18.5,187.7128
16.28:  82.7,18.5,187.7045
16.29:  82.7,18.5,187.7025
16.31:  82.7,18.5,187.7005
16.33:  82.7,18.5,187.6986
16.34:  82.7,18.5,187.6902
16.36:  82.7,18.5,187.6883
16.38:  82.7,18.5,187.6863
16.39:  82.7,18.5,187.678
16.41:  82.7,18.5,187.676
16.43:  82.7,18.5,187.674
16.44:  82.7,18.5,187.672
16.46:  82.7,18.5,187.67
16.48:  82.7,18.5,187.6617
16.49:  82.7,18.5,187.6534
16.51:  82.7,18.5,187.6451
16.53:  82.7,18.5,187.6368
16.54:  82.7,18.5,187.6284
16.56:  82.7,18.5,187.6201
16.58:  82.7,18.5,187.6118
16.59:  82.7,18.5,187.6035
16.61:  82.7,18.5,187.5952
16.63:  82.7,18.5,187.5869
16.64:  82.7,18.5,187.5785
16.66:  82.7,18.5,187.5702
16.68:  82.7,18.5,187.5683
16.69:  82.7,18.5,187.5599
16.71:  82.7,18.5,187.5516
16.73:  82.7,18.5,187.5496
16.74:  82.7,18.5,187.5477
16.76:  82.7,18.5,187.5457
16.78:  82.7,18.5,187.5374
16.79:  82.7,18.5,187.529
16.81:  82.7,18.5,187.5271
16.83:  82.7,18.5,187.5251
16.84:  82.7,18.5,187.5231
16.86:  82.7,18.5,187.5211
16.88:  82.7,18.5,187.5128
16.89:  82.7,18.5,187.5108
16.91:  82.7,18.5,187.5088
16.93:  82.7,18.5,187.5005
16.94:  82.69239,18.44213,187.4922
16.96:  82.67308,18.29514,187.4839
16.98:  82.64058,18.04749,187.4756
16.99:  82.60806,17.79932,187.4672
17.01:  82.57571,17.55247,187.4653
17.03:  82.54311,17.30368,187.4633
17.04:  82.51084,17.05706,187.455
17.06:  82.47748,16.80177,187.4466
17.08:  82.44582,16.55956,187.4447
17.09:  82.4135,16.3121,187.4427
17.11:  82.3806,16.05995,187.4344
17.13:  82.34875,15.81577,187.4324
17.14:  82.31666,15.56975,187.4304
17.16:  82.28433,15.32157,187.4221
17.18:  82.25111,15.06629,187.4138
17.19:  82.21931,14.82157,187.4054
17.21:  82.18726,14.57458,187.3908
17.23:  82.15551,14.32864,187.3571
17.24:  82.12407,14.08228,187.2727
17.26:  82.09294,13.83322,187.125
17.28:  82.06282,13.58532,186.9265
17.29:  82.03409,13.33964,186.671
17.31:  82.00623,13.08887,186.3395
17.33:  81.98003,12.83857,185.9762
17.34:  81.95512,12.58396,185.5876
17.36:  81.93269,12.33696,185.1864
17.38:  81.9118,12.08768,184.7915
17.39:  81.893,11.84311,184.3965
17.41:  81.87558,11.59417,184.0016
17.43:  81.85962,11.34361,183.6447
17.44:  81.84471,11.0965,183.4526
17.46:  81.82922,10.83567,183.3999
17.48:  81.81474,10.589,183.3599
17.49:  81.80041,10.34198,183.3199
17.51:  81.78633,10.09634,183.2799
17.53:  81.77219,9.846968,183.2462
17.54:  81.75828,9.599105,183.2125
17.56:  81.74382,9.339428,183.1852
17.58:  81.73027,9.093821,183.1579
17.59:  81.71665,8.845246,183.1369
17.61:  81.70325,8.599168,183.1159
17.63:  81.68967,8.347931,183.0949
17.64:  81.67641,8.10089,183.0739
17.66:  81.66302,7.849973,183.0529
17.68:  81.64982,7.600622,183.0319
17.69:  81.63667,7.350667,183.0109
17.71:  81.62363,7.101137,182.9899
17.73:  81.61082,6.853562,182.9626
17.74:  81.59798,6.603263,182.9353
17.76:  81.58526,6.352612,182.9079
17.78:  81.57265,6.102785,182.8869
17.79:  81.56014,5.852812,182.8659
17.81:  81.54774,5.602672,182.8386
17.83:  81.53516,5.346921,182.8176
17.84:  81.52328,5.10382,182.7966
17.86:  81.5108,4.846557,182.7756
17.88:  81.4991,4.602776,182.7483
17.89:  81.48724,4.353902,182.7273
17.91:  81.47546,4.104444,182.7063
17.93:  81.46366,3.852987,182.6853
17.94:  81.45224,3.606904,182.658
17.96:  81.4407,3.355881,182.6306
17.98:  81.42929,3.105481,182.6096
17.99:  81.418,2.855731,182.5887
18.01:  81.40682,2.605836,182.5613
18.03:  81.39574,2.35621,182.5403
18.04:  81.3848,2.107342,182.5193
18.06:  81.37386,1.856736,182.4983
18.08:  81.36282,1.600811,182.471
18.09:  81.35239,1.356994,182.45
18.11:  81.3418,1.107393,182.429
18.13:  81.33119,0.8552637,182.408
18.14:  81.32092,0.6088147,182.387
18.16:  81.31061,0.3592266,182.366
18.18:  81.30036,0.1090024,182.345
18.19:  81.29024,-0.1411324,182.3177
18.21:  81.28023,-0.3908152,182.2967
18.23:  81.27022,-0.6425491,182.2757
18.24:  81.26048,-0.8900328,182.2547
18.26:  81.25072,-1.140154,182.2337
18.28:  81.24108,-1.390383,182.2064
18.29:  81.23158,-1.640024,182.1791
18.31:  81.22218,-1.890084,182.1517
18.33:  81.21302,-2.137202,182.1244
18.34:  81.20381,-2.388593,182.0971
18.36:  81.19476,-2.639268,182.0697
18.38:  81.18582,-2.889064,182.0487
18.39:  81.17697,-3.139642,182.0214
18.41:  81.16837,-3.385976,182.0004
18.43:  81.15964,-3.638563,181.9794
18.44:  81.15113,-3.887347,181.9584
18.46:  81.14237,-4.146379,181.9374
18.48:  81.13412,-4.392793,181.9164
18.49:  81.12593,-4.640475,181.8954
18.51:  81.11782,-4.888164,181.8744
18.53:  81.10973,-5.138356,181.8534
18.54:  81.10175,-5.387578,181.8324
18.56:  81.09386,-5.637293,181.8114
18.58:  81.08608,-5.886862,181.7841
18.59:  81.07839,-6.137493,181.7568
18.61:  81.07065,-6.394121,181.7295
18.63:  81.06329,-6.641501,181.7021
18.64:  81.05614,-6.886023,181.6748
18.66:  81.04898,-7.135197,181.6475
18.68:  81.04187,-7.386529,181.6201
18.69:  81.03488,-7.63694,181.5992
18.71:  81.02803,-7.88648,181.5718
18.73:  81.02126,-8.13685,181.5508
18.74:  81.01464,-8.385559,181.5235
18.76:  81.00806,-8.636601,181.5025
18.78:  81.00163,-8.885118,181.4815
18.79:  80.9952,-9.137133,181.4605
18.81:  80.98897,-9.386212,181.4332
18.83:  80.98277,-9.637798,181.4122
18.84:  80.97675,-9.885766,181.3912
18.86:  80.97066,-10.14253,181.3575
18.88:  80.96508,-10.3862,181.3112
18.89:  80.95959,-10.63595,181.2585
18.91:  80.95451,-10.88576,181.1678
18.93:  80.95005,-11.13613,181.02
18.94:  80.94646,-11.38478,180.8279
18.96:  80.94384,-11.635,180.5978
18.98:  80.94243,-11.88535,180.3233
18.99:  80.94236,-12.13553,180.017
19.01:  80.94368,-12.38596,179.6982
19.03:  80.9464,-12.63673,179.3793
19.04:  80.95042,-12.88529,179.0731
19.06:  80.95547,-13.13598,178.843
19.08:  80.96107,-13.38648,178.7206
19.09:  80.96684,-13.63671,178.6806
19.11:  80.97276,-13.88609,178.6405
19.13:  80.97881,-14.13597,178.6132
19.14:  80.98508,-14.39119,178.5922
19.16:  80.9912,-14.63569,178.5649
19.18:  80.99757,-14.8874,178.5502
19.19:  81.00391,-15.13551,178.5356
19.21:  81.01036,-15.38527,178.5209
19.23:  81.01681,-15.63248,178.5063
19.24:  81.02341,-15.88344,178.4916
19.26:  81.03017,-16.13639,178.4706
19.28:  81.03687,-16.38461,178.4559
19.29:  81.04362,-16.63485,178.454
19.31:  81.05036,-16.88463,178.454
19.33:  81.05709,-17.13411,178.454
19.34:  81.0638,-17.38264,178.454
19.36:  81.07058,-17.63376,178.454
19.38:  81.07733,-17.88408,178.454
19.39:  81.08392,-18.13345,178.4876
19.41:  81.09036,-18.38411,178.5276
19.43:  81.09644,-18.63294,178.5993
19.44:  81.10218,-18.88256,178.6837
19.46:  81.10754,-19.1334,178.7744
19.48:  81.11248,-19.38402,178.8715
19.49:  81.11698,-19.63385,178.9685
19.51:  81.12102,-19.88313,179.0719
19.53:  81.12473,-20.14127,179.1753
19.54:  81.12789,-20.38556,179.2597
19.56:  81.131,-20.63324,179.2807
19.58:  81.13425,-20.8918,179.2807
19.59:  81.13737,-21.13999,179.2807
19.61:  81.14047,-21.38735,179.2807
19.63:  81.14356,-21.63383,179.2807
19.64:  81.14677,-21.88952,179.2807
19.66:  81.14991,-22.13928,179.2807
19.68:  81.15301,-22.38595,179.2807
19.69:  81.15614,-22.63485,179.2807
19.71:  81.15926,-22.88381,179.2807
19.73:  81.16249,-23.14148,179.2807
19.74:  81.16558,-23.38716,179.2807
19.76:  81.16872,-23.63749,179.2807
19.78:  81.17187,-23.88781,179.2807
19.79:  81.17496,-24.13423,179.2807
19.81:  81.17808,-24.38295,179.2807
19.83:  81.18121,-24.63244,179.2807
19.84:  81.18445,-24.89032,179.2807
19.86:  81.18748,-25.13125,179.2807
19.88:  81.19064,-25.38338,179.2807
19.89:  81.19378,-25.63301,179.2807
19.91:  81.19689,-25.88101,179.2807
19.93:  81.20007,-26.13415,179.2807
19.94:  81.20316,-26.38023,179.2807
19.96:  81.20633,-26.63266,179.2807
19.98:  81.20948,-26.88409,179.2807
19.99:  81.21259,-27.13178,179.2807
20.01:  81.21575,-27.38354,179.2807
20.03:  81.21889,-27.63361,179.2807
20.04:  81.222,-27.88089,179.2807
20.06:  81.22517,-28.13291,179.2807
20.08:  81.22826,-28.38017,179.2807
20.09:  81.23145,-28.63394,179.2807
20.11:  81.23466,-28.88987,179.2807
20.13:  81.2378,-29.13964,179.2807
20.14:  81.24088,-29.38423,179.2807
20.16:  81.24403,-29.6361,179.2807
20.18:  81.24714,-29.88328,179.2807
20.19:  81.25024,-30.13073,179.2807
20.21:  81.25341,-30.38297,179.2807
20.23:  81.25655,-30.63336,179.2807
20.24:  81.25967,-30.88104,179.2807
20.26:  81.26282,-31.13226,179.2807
20.28:  81.26595,-31.38186,179.2807
20.29:  81.2691,-31.63254,179.2807
20.31:  81.27225,-31.88275,179.2807
20.33:  81.27535,-32.13026,179.2807
20.34:  81.2785,-32.38068,179.2807
20.36:  81.28165,-32.63259,179.2807
20.38:  81.28476,-32.87988,179.2807
20.39:  81.28794,-33.13276,179.2807
20.41:  81.29108,-33.38256,179.2807
20.43:  81.29423,-33.63354,179.2807
20.44:  81.29733,-33.88094,179.2807
20.46:  81.30048,-34.13212,179.2807
20.48:  81.30363,-34.38223,179.2807
20.49:  81.30677,-34.63272,179.2807
20.51:  81.31,-34.89004,179.2807
20.53:  81.31306,-35.13349,179.2807
20.54:  81.31619,-35.38292,179.2807
20.56:  81.31932,-35.6325,179.2807
20.58:  81.32244,-35.88059,179.2807
20.59:  81.3256,-36.13218,179.2807
20.61:  81.32874,-36.38293,179.2807
20.63:  81.33189,-36.63298,179.2807
20.64:  81.335,-36.88099,179.2807
20.66:  81.33815,-37.13196,179.2807
20.68:  81.34129,-37.38223,179.2807
20.69:  81.34444,-37.63302,179.2807
20.71:  81.34758,-37.88282,179.2807
20.73:  81.35072,-38.13314,179.2807
20.74:  81.35384,-38.38174,179.2807
20.76:  81.35698,-38.63145,179.2807
20.78:  81.36012,-38.88185,179.2807
20.79:  81.36326,-39.13173,179.2807
20.81:  81.36641,-39.38282,179.2807
20.83:  81.36954,-39.63228,179.2807
20.84:  81.37265,-39.87976,179.2807
20.86:  81.37581,-40.13139,179.2807
20.88:  81.38879,-40.3819,179.2807
20.89:  81.40662,-40.63148,179.2807
20.91:  81.43434,-40.88187,179.2807
20.93:  81.46701,-41.13245,179.2807
20.94:  81.50194,-41.38149,179.2807
20.96:  81.53933,-41.63066,179.2807
20.98:  81.5768,-41.88032,179.2807
20.99:  81.61421,-42.12971,179.2826
21.01:  81.65158,-42.37661,179.2846
21.03:  81.68925,-42.62554,179.2866
21.04:  81.72606,-42.86882,179.2886
21.06:  81.76361,-43.11726,179.2969
21.08:  81.81087,-43.36549,179.3242
21.09:  81.87971,-43.61255,179.3959
21.11:  81.97677,-43.84355,179.531
21.13:  82.0911,-44.06503,179.7675
21.14:  82.21896,-44.2808,180.1244
21.16:  82.36182,-44.50359,180.5637
21.18:  82.49576,-44.7082,181.0981
21.19:  82.63171,-44.91325,181.7275
21.21:  82.77528,-45.11301,182.4203
21.23:  82.92915,-45.30581,183.1828
21.24:  83.09052,-45.48595,183.9644
21.26:  83.25764,-45.66718,184.7396
21.28:  83.42494,-45.84577,185.5211
21.29:  83.59414,-46.02074,186.3026
21.31:  83.76537,-46.1899,187.0842
21.33:  83.94029,-46.35769,187.8657
21.34:  84.1255,-46.51912,188.6473
21.36:  84.31432,-46.68197,189.4288
21.38:  84.50516,-46.84106,190.2103
21.39:  84.6925,-47.00161,190.9919
21.41:  84.87987,-47.16663,191.7671
21.43:  85.06405,-47.33336,192.5486
21.44:  85.24448,-47.50123,193.3302
21.46:  85.42332,-47.67816,194.1117
21.48:  85.59372,-47.85911,194.8933
21.49:  85.75722,-48.0475,195.6685
21.51:  85.90837,-48.24463,196.45
21.53:  86.03814,-48.45742,197.2252
21.54:  86.15508,-48.67184,198.0067
21.56:  86.248,-48.90917,198.7883
21.58:  86.31959,-49.14223,199.5698
21.59:  86.37579,-49.39406,200.3514
21.61:  86.41357,-49.64149,201.1329
21.63:  86.42763,-49.89545,201.9144
21.64:  86.42506,-50.14857,202.6897
21.66:  86.38928,-50.40395,203.4712
21.68:  86.33813,-50.65436,204.2527
21.69:  86.26334,-50.89568,205.0343
21.71:  86.18318,-51.13451,205.8158
21.73:  86.09951,-51.373,206.5974
21.74:  86.01138,-51.60662,207.3789
21.76:  85.92096,-51.84344,208.1604
21.78:  85.82555,-52.07677,208.9483
21.79:  85.72903,-52.31017,209.7299
21.81:  85.62942,-52.54198,210.5177
21.83:  85.53056,-52.77556,211.3056
21.84:  85.43859,-53.00853,212.0935
21.86:  85.34956,-53.25087,212.8814
21.88:  85.26967,-53.49422,213.6693
21.89:  85.20295,-53.74343,214.4571
21.91:  85.14707,-53.99291,215.245
21.93:  85.1002,-54.24066,216.0329
21.94:  85.05892,-54.48721,216.8208
21.96:  85.02483,-54.73621,217.6087
21.98:  85.0003,-54.9927,218.3965
21.99:  84.98196,-55.2402,219.1844
22.01:  84.96666,-55.49445,219.9723
22.03:  84.94894,-55.73393,220.7602
22.04:  84.92586,-55.98019,221.548
22.06:  84.90078,-56.22677,222.3359
22.08:  84.86991,-56.48072,223.1238
22.11:  84.83708,-56.72293,223.9117
22.13:  84.80039,-56.96823,224.6996
22.14:  84.75838,-57.2127,225.4875
22.16:  84.69952,-57.46083,226.2753
22.18:  84.61948,-57.70009,227.0632
22.19:  84.51783,-57.9339,227.8511
22.21:  84.39426,-58.15696,228.639
22.23:  84.24324,-58.37587,229.4268
22.24:  84.07948,-58.56591,230.2147
22.26:  83.89358,-58.73214,231.0026
22.28:  83.69973,-58.88474,231.7905
22.29:  83.5008,-59.03695,232.5784
22.31:  83.29452,-59.19034,233.3662
22.33:  83.09385,-59.33531,234.1541
22.34:  82.8886,-59.47934,234.942
22.36:  82.68454,-59.61838,235.7299
22.38:  82.47815,-59.7549,236.5177
22.39:  82.26854,-59.88943,237.3056
22.41:  82.05609,-60.02171,238.0935
22.43:  81.84203,-60.15093,238.8814
22.44:  81.62913,-60.27549,239.6693
22.46:  81.41045,-60.39943,240.4572
22.48:  81.18994,-60.52044,241.245
22.49:  80.96152,-60.64172,242.0329
22.51:  80.74592,-60.75242,242.8208
22.53:  80.52528,-60.86191,243.6087
22.54:  80.29651,-60.97153,244.3966
22.56:  80.07137,-61.07564,245.1844
22.58:  79.84311,-61.18009,245.9723
22.59:  79.62398,-61.30354,246.7602
22.61:  79.41315,-61.44333,247.5481
22.63:  79.20325,-61.59859,248.336
22.64:  79.00587,-61.76625,249.1238
22.66:  78.81376,-61.94044,249.9117
22.68:  78.63239,-62.10748,250.6996
22.69:  78.43951,-62.28649,251.4875
22.71:  78.25213,-62.45567,252.2753
22.73:  78.0597,-62.62467,253.0632
22.74:  77.86497,-62.79099,253.8511
22.76:  77.67014,-62.95282,254.639
22.78:  77.47552,-63.11129,255.4269
22.79:  77.2757,-63.2682,256.2148
22.81:  77.07141,-63.4241,257.0026
22.83:  76.86327,-63.57976,257.7905
22.84:  76.66602,-63.72309,258.5784
22.86:  76.45786,-63.86877,259.3663
22.88:  76.24152,-64.00211,260.1541
22.89:  76.01327,-64.11742,260.942
22.91:  75.77398,-64.21947,261.7299
22.93:  75.52477,-64.30061,262.5178
22.94:  75.28054,-64.35632,263.3057
22.96:  75.03972,-64.40047,264.0935
22.98:  74.7898,-64.44025,264.8814
22.99:  74.54463,-64.46852,265.6693
23.01:  74.29424,-64.48649,266.4572
23.03:  74.03355,-64.49904,267.2451
23.04:  73.79034,-64.50739,268.0329
23.06:  73.54286,-64.51248,268.8208
23.08:  73.29443,-64.51418,269.6087
23.09:  73.04416,-64.51244,270.3965
23.11:  72.79435,-64.50728,271.1844
23.13:  72.5451,-64.51091,271.9723
23.14:  72.29185,-64.54312,272.7602
23.16:  72.04229,-64.58813,273.5481
23.18:  71.79174,-64.65589,274.3359
23.19:  71.55517,-64.74291,275.1238
23.21:  71.32517,-64.85555,275.9117
23.23:  71.10945,-64.97757,276.6996
23.24:  70.90073,-65.10924,277.4875
23.26:  70.70132,-65.24944,278.2753
23.28:  70.50354,-65.39496,279.0632
23.29:  70.30957,-65.53999,279.8511
23.31:  70.11242,-65.6853,280.639
23.33:  69.91338,-65.82987,281.4268
23.34:  69.71051,-65.97095,282.2147
23.36:  69.51232,-66.10478,283.0026
23.38:  69.30529,-66.24249,283.7905
23.39:  69.10023,-66.37288,284.5784
23.41:  68.8902,-66.50242,285.3662
23.43:  68.68057,-66.62581,286.1541
23.44:  68.46874,-66.74458,286.942
23.46:  68.25175,-66.85838,287.7299
23.48:  68.03049,-66.96861,288.5178
23.49:  67.80618,-67.06886,289.3056
23.51:  67.5745,-67.16119,290.0935
23.53:  67.34173,-67.24829,290.8814
23.54:  67.10671,-67.33258,291.6693
23.56:  66.87481,-67.41216,292.4572
23.58:  66.6373,-67.49004,293.245
23.59:  66.39394,-67.56615,294.0329
23.61:  66.16147,-67.63535,294.8208
23.63:  65.92463,-67.70232,295.6086
23.64:  65.68167,-67.76936,296.3965
23.66:  65.43719,-67.83128,297.1844
23.68:  65.19981,-67.88795,297.9723
23.69:  64.959,-67.94195,298.7602
23.71:  64.71421,-67.99332,299.548
23.73:  64.46092,-68.04284,300.3359
23.74:  64.22278,-68.09291,301.1238
23.76:  63.99154,-68.14494,301.9117
23.78:  63.7497,-68.18188,302.6996
23.79:  63.51056,-68.18188,303.4875
23.81:  63.27203,-68.18237,304.2753
23.83:  63.03551,-68.18237,305.0632
23.84:  62.79276,-68.18288,305.8511
23.86:  62.5528,-68.18396,306.639
23.88:  62.31061,-68.18556,307.4268
23.89:  62.06697,-68.18612,308.2147
23.91:  61.82035,-68.18773,309.0026
23.93:  61.58241,-68.18882,309.7905
23.94:  61.33514,-68.18938,310.5784
23.96:  61.09462,-68.19048,311.3662
23.98:  60.85038,-68.1921,312.1541
23.99:  60.60654,-68.19319,312.942
24.01:  60.36289,-68.19429,313.7299
24.03:  60.1188,-68.19539,314.5178
24.04:  59.87383,-68.19648,315.3056
24.06:  59.63032,-68.19759,316.0935
24.08:  59.38297,-68.19815,316.8814
24.09:  59.13761,-68.19925,317.6693
24.11:  58.88997,-68.19824,318.4572
24.13:  58.64377,-68.19386,319.245
24.14:  58.40002,-68.18616,320.0329
24.16:  58.15492,-68.17505,320.8208
24.18:  57.90705,-68.15873,321.6086
24.19:  57.66281,-68.13927,322.3965
24.21:  57.41704,-68.11795,323.1844
24.23:  57.17668,-68.09213,323.9723
24.24:  56.92775,-68.06361,324.7602
24.26:  56.6869,-68.03266,325.548
24.28:  56.43381,-67.99659,326.3359
24.29:  56.19065,-67.95851,327.1238
24.31:  55.95134,-67.91766,327.9117
24.33:  55.71352,-67.87205,328.6996
24.34:  55.47081,-67.82372,329.4874
24.36:  55.23436,-67.77158,330.2753
24.38:  54.98711,-67.71523,331.0632
24.39:  54.74984,-67.65604,331.8511
24.41:  54.51814,-67.59483,332.6389
24.43:  54.28518,-67.52985,333.4268
24.44:  54.0433,-67.4642,334.2147
24.46:  53.81083,-67.41236,335.0026
24.48:  53.57008,-67.36384,335.7905
24.49:  53.32085,-67.33061,336.534
24.51:  53.07416,-67.31232,337.1697
24.53:  52.83246,-67.30943,337.7104
24.54:  52.58432,-67.32271,338.1371
24.56:  52.33495,-67.34325,338.4813
24.58:  52.09029,-67.36774,338.7305
24.59:  51.84582,-67.39455,338.8846
24.61:  51.59886,-67.42197,338.9499
24.63:  51.34675,-67.45045,338.9772
24.64:  51.09782,-67.48563,339.0046
24.66:  50.84524,-67.52365,339.0319
24.68:  50.59773,-67.56082,339.0529
24.69:  50.35128,-67.59771,339.0802
24.71:  50.10587,-67.63194,339.1075
24.73:  49.85625,-67.66905,339.1349
24.74:  49.60698,-67.70599,339.1622
24.76:  49.3632,-67.74203,339.1832
24.78:  49.11217,-67.77902,339.2105
24.79:  48.86592,-67.81519,339.2379
24.81:  48.61465,-67.85199,339.2589
24.83:  48.36657,-67.88821,339.2862
24.84:  48.11728,-67.92426,339.3642
24.86:  47.87161,-67.959,339.5437
24.88:  47.62092,-67.99312,339.8435
24.89:  47.37123,-68.02282,340.2638
24.91:  47.12406,-68.05002,340.7665
24.93:  46.8717,-68.07522,341.3452
24.94:  46.621,-68.0975,341.9683
24.96:  46.37074,-68.11453,342.6104
24.98:  46.11787,-68.1289,343.2525
24.99:  45.86861,-68.1426,343.901
25.01:  45.61444,-68.15131,344.5431
25.03:  45.36187,-68.15965,345.1535
25.04:  45.11012,-68.16591,345.6245
25.06:  44.86183,-68.17105,345.861
25.08:  44.60952,-68.17621,345.8756
25.09:  44.35766,-68.18132,345.8839
25.11:  44.10701,-68.18642,345.8839
25.13:  43.85501,-68.19153,345.8839
25.14:  43.60183,-68.19667,345.8839
25.16:  43.35471,-68.1984,345.8839
25.18:  43.09973,-68.19916,345.8839
25.19:  42.848,-68.19917,345.8839
25.21:  42.59632,-68.19916,345.8839
25.23:  42.34529,-68.19916,345.8839
25.24:  42.09457,-68.19916,345.8839
25.26:  41.84365,-68.19916,345.8839
25.28:  41.5904,-68.19917,345.8839
25.29:  41.33897,-68.19917,345.8839
25.31:  41.08498,-68.19917,345.8839
25.33:  40.83506,-68.19917,345.8839
25.34:  40.58134,-68.19917,345.8839
25.36:  40.33368,-68.19917,345.8839
25.38:  40.08012,-68.19917,345.8839
25.39:  39.82846,-68.19917,345.8839
25.41:  39.56924,-68.19917,345.8839
25.43:  39.32528,-68.19917,345.8839
25.44:  39.07224,-68.19917,345.8839
25.46:  38.82517,-68.19917,345.8839
25.48:  38.57183,-68.19917,345.8839
25.49:  38.32045,-68.19917,345.8839
25.51:  38.06841,-68.19917,345.8839
25.53:  37.81909,-68.19917,345.8839
25.54:  37.56459,-68.19917,345.8839
25.56:  37.31423,-68.19917,345.8839
25.58:  37.06091,-68.19917,345.8839
25.59:  36.80231,-68.19917,345.8839
25.61:  36.55652,-68.19917,345.8839
25.63:  36.30585,-68.19917,345.8839
25.64:  36.05857,-68.19917,345.8839
25.66:  35.80425,-68.19917,345.8839
25.68:  35.55242,-68.19917,345.8839
25.69:  35.30416,-68.19917,345.8839
25.71:  35.04973,-68.19917,345.8839
25.73:  34.79827,-68.19917,345.8839
25.74:  34.54562,-68.19917,345.8839
25.76:  34.29722,-68.19917,345.8839
25.78:  34.04491,-68.19917,345.8839
25.79:  33.79074,-68.19917,345.8839
25.81:  33.53999,-68.19917,345.8839
25.83:  33.28848,-68.19917,345.8839
25.84:  33.03613,-68.19917,345.8839
25.86:  32.78558,-68.19917,345.8839
25.88:  32.53225,-68.19917,345.8839
25.89:  32.2816,-68.19917,345.8839
25.91:  32.02843,-68.19952,345.8839
25.93:  31.77521,-68.19987,345.8839
25.94:  31.52151,-68.19784,345.8839
25.96:  31.27143,-68.19819,345.8839
25.98:  31.01643,-68.19855,345.8839
25.99:  30.76611,-68.19889,345.8839
26.01:  30.51036,-68.19684,345.8859
26.03:  30.25843,-68.19717,345.8879
26.04:  30.00793,-68.19514,345.8899
26.06:  29.75201,-68.19295,345.9172
26.08:  29.4987,-68.19278,346.0016
26.09:  29.24609,-68.18962,346.143
26.11:  28.99321,-68.18558,346.3415
26.13:  28.73933,-68.18008,346.6667
26.14:  28.48991,-68.17279,347.0996
26.16:  28.22305,-68.16226,347.6847
26.18:  27.98025,-68.14993,348.3331
26.19:  27.7203,-68.13599,349.0323
26.21:  27.47435,-68.11742,349.7441
26.23:  27.22372,-68.09525,350.4813
26.24:  26.97068,-68.07184,351.2502
26.26:  26.71927,-68.0452,352.0127
26.28:  26.46964,-68.01538,352.7752
26.29:  26.2195,-67.98212,353.5378
26.31:  25.96909,-67.94551,354.2813
26.33:  25.71922,-67.90363,354.9424
26.34:  25.47085,-67.86446,355.4641
26.36:  25.22521,-67.83382,355.8019
26.38:  24.97287,-67.81213,355.9117
26.39:  24.7218,-67.79813,355.9263
26.41:  24.46981,-67.79136,355.941
26.43:  24.21892,-67.78945,355.9493
26.44:  23.96851,-67.79238,355.964
26.46:  23.72111,-67.79521,355.9786
26.48:  23.47123,-67.80032,355.9933
26.49:  23.22232,-67.80289,356.0079
26.51:  22.97341,-67.80798,356.0226
26.53:  22.72252,-67.81305,356.0372
26.54:  22.46545,-67.81802,356.0582
26.56:  22.21821,-67.82017,356.1363
26.58:  21.97399,-67.82391,356.3157
26.59:  21.72599,-67.82409,356.5585
26.61:  21.47734,-67.82288,356.8774
26.63:  21.22031,-67.82227,357.304
26.64:  20.97354,-67.81718,357.813
26.66:  20.73201,-67.80975,358.3981
26.68:  20.47891,-67.79925,359.0085
26.69:  20.23169,-67.78855,359.6443
26.71:  19.98145,-67.77258,0.2864017
26.73:  19.72571,-67.75079,0.9411848
26.74:  19.47753,-67.72436,1.595968
26.76:  19.23476,-67.69569,2.250751
26.78:  18.98473,-67.66326,2.905534
26.79:  18.73502,-67.62548,3.560317
26.81:  18.48918,-67.58541,4.2151
26.83:  18.24328,-67.54222,4.869883
26.84:  17.99681,-67.49624,5.524666
26.86:  17.75532,-67.44808,6.185787
26.88:  17.51079,-67.39641,6.840571
26.89:  17.26546,-67.34185,7.495353
26.91:  17.02164,-67.28472,8.143799
26.93:  16.76721,-67.22218,8.766892
26.94:  16.52958,-67.16131,9.326608
26.96:  16.29148,-67.09834,9.772241
26.98:  16.05037,-67.03101,10.00239
26.99:  15.80984,-66.96629,10.01704
27.01:  15.5658,-66.89808,10.01704
27.03:  15.3239,-66.83046,10.01704
27.04:  15.08119,-66.76262,10.01704
27.06:  14.84184,-66.69572,10.01704
27.08:  14.59734,-66.62739,10.01506
27.09:  14.35814,-66.5603,10.01308
27.11:  14.11854,-66.49564,10.0111
27.13:  13.87673,-66.42809,10.00912
27.14:  13.63591,-66.36311,10.00714
27.16:  13.39647,-66.29877,9.998821
27.18:  13.15515,-66.23116,9.99684
27.19:  12.91201,-66.16047,9.994861
27.21:  12.67717,-66.08723,9.986543
27.23:  12.43878,-66.00059,9.965548
27.24:  12.20704,-65.89254,9.887513
27.26:  11.99213,-65.7605,9.663706
27.28:  11.79139,-65.61254,9.319481
27.29:  11.59192,-65.45965,8.905538
27.31:  11.39504,-65.2991,8.421877
27.33:  11.1973,-65.13809,7.906528
27.34:  11.00006,-64.97628,7.359489
27.36:  10.81216,-64.80962,6.806112
27.38:  10.63559,-64.64433,6.240059
27.39:  10.46154,-64.46465,5.674006
27.41:  10.29248,-64.28415,5.101615
27.43:  10.12227,-64.09821,4.529225
27.44:  9.956382,-63.91556,3.956835
27.46:  9.792321,-63.72825,3.384444
27.48:  9.631027,-63.54004,2.812053
27.49:  9.47195,-63.34762,2.239663
27.51:  9.317379,-63.15076,1.667272
27.53:  9.17007,-62.95054,1.088544
27.54:  9.032163,-62.73834,0.5161531
27.56:  8.917173,-62.51624,359.9438
27.58:  8.807126,-62.28531,359.3714
27.59:  8.708791,-62.04667,358.799
27.61:  8.617731,-61.80338,358.2583
27.63:  8.532033,-61.5579,357.819
27.64:  8.448328,-61.31556,357.4874
27.66:  8.362745,-61.06967,357.3524
27.68:  8.278243,-60.82786,357.2807
27.69:  8.192578,-60.58371,357.209
27.71:  8.107024,-60.34075,357.1436
27.73:  8.025148,-60.09477,357.0846
27.74:  7.946808,-59.85088,357.0192
27.76:  7.869729,-59.60411,356.9539
27.78:  7.792588,-59.35803,356.8948
27.79:  7.714381,-59.10955,356.8295
27.81:  7.637087,-58.86485,356.7704
27.83:  7.558798,-58.61789,356.7114
27.84:  7.480127,-58.3706,356.6524
27.86:  7.402027,-58.12598,356.5934
27.88:  7.32025,-57.87859,356.5344
27.89:  7.236571,-57.63384,356.4753
27.91:  7.137741,-57.38733,356.4163
27.93:  7.028634,-57.15899,356.3636
27.94:  6.907885,-56.93697,356.311
27.96:  6.786088,-56.71351,356.2583
27.98:  6.662039,-56.48643,356.2056
27.99:  6.540911,-56.26505,356.1656
28.01:  6.416586,-56.03821,356.1256
28.03:  6.292658,-55.81236,356.0982
28.04:  6.168413,-55.58611,356.0772
28.06:  6.046136,-55.36565,356.0689
28.08:  5.922254,-55.1423,356.0689
28.09:  5.801159,-54.91725,356.0689
28.11:  5.684348,-54.68855,356.0709
28.13:  5.567487,-54.45425,356.1109
28.14:  5.455355,-54.2286,356.1953
28.16:  5.34472,-54.0049,356.305
28.18:  5.231868,-53.77515,356.4591
28.19:  5.1203,-53.54622,356.6385
28.21:  5.00918,-53.31644,356.8116
28.23:  4.89882,-53.0864,356.9911
28.24:  4.791889,-52.85426,357.1705
28.26:  4.69317,-52.61749,357.35
28.28:  4.611165,-52.37441,357.5294
28.29:  4.535416,-52.13058,357.7089
28.31:  4.459745,-51.88438,357.882
28.33:  4.387639,-51.63908,358.0551
28.34:  4.316409,-51.39433,358.2092
28.36:  4.248506,-51.15149,358.2809
28.38:  4.184046,-50.90272,358.3018
28.39:  4.120691,-50.65807,358.3102
28.41:  4.059177,-50.4108,358.3185
28.43:  3.998136,-50.16528,358.3268
28.44:  3.939437,-49.9192,358.3288
28.46:  3.88135,-49.67554,358.3371
28.48:  3.822029,-49.42666,358.3391
28.49:  3.764289,-49.18426,358.3474
28.51:  3.714799,-48.93429,358.3557
28.53:  3.671063,-48.68834,358.364
28.54:  3.628442,-48.43418,358.3724
28.56:  3.588631,-48.19677,358.3724
28.58:  3.54721,-47.94976,358.3724
28.59:  3.500911,-47.70306,358.3724
28.61:  3.444733,-47.45636,358.3724
28.63:  3.386402,-47.21101,358.3724
28.64:  3.327599,-46.96367,358.3724
28.66:  3.269808,-46.72058,358.3724
28.68:  3.211043,-46.4712,358.3743
28.69:  3.152872,-46.22429,358.3763
28.71:  3.093524,-45.97235,358.3783
28.73:  3.036365,-45.72968,358.3803
28.74:  2.980093,-45.48025,358.3803
28.76:  2.919839,-45.22443,358.3803
28.78:  2.868782,-44.97626,358.3823
28.79:  2.822832,-44.72912,358.3823
28.81:  2.781946,-44.48298,358.3842
28.83:  2.74017,-44.23142,358.3862
28.84:  2.698858,-43.98266,358.3862
28.86:  2.665082,-43.7351,358.3862
28.88:  2.640916,-43.48584,358.3882
28.89:  2.621789,-43.23817,358.3902
28.91:  2.602237,-42.98452,358.3985
28.93:  2.583066,-42.73571,358.4005
28.94:  2.565885,-42.47954,358.4088
28.96:  2.547177,-42.23581,358.4171
28.98:  2.527994,-41.98541,358.4254
28.99:  2.508892,-41.73523,358.4401
29.01:  2.490065,-41.48746,358.4611
29.03:  2.471338,-41.23944,358.4884
29.04:  2.452548,-40.98899,358.5157
29.06:  2.434127,-40.74189,358.5431
29.08:  2.414949,-40.48256,358.5768
29.09:  2.396995,-40.23597,358.6421
29.11:  2.37939,-39.988,358.7455
29.13:  2.360039,-39.73886,358.925
29.14:  2.336749,-39.488,359.1805
29.16:  2.313141,-39.24306,359.5374
29.18:  2.288312,-38.99142,359.964
29.19:  2.263477,-38.74211,0.4666381
29.21:  2.241142,-38.49109,1.070718
29.23:  2.221776,-38.24001,1.744515
29.24:  2.203118,-37.98914,2.456339
29.26:  2.183189,-37.74126,3.218866
29.28:  2.163694,-37.4855,4.006745
29.29:  2.136041,-37.235,4.794624
29.31:  2.103754,-36.97692,5.576165
29.33:  2.063206,-36.72464,6.364044
29.34:  1.985076,-36.47226,7.151922
29.36:  1.898924,-36.24337,7.939801
29.38:  1.791416,-36.01561,8.727681
29.39:  1.673659,-35.79242,9.509221
29.41:  1.55293,-35.58533,10.2971
29.43:  1.418489,-35.37922,11.07864
29.44:  1.27478,-35.17818,11.86018
29.46:  1.1293,-34.98381,12.64806
29.48:  0.9797015,-34.79359,13.4296
29.49:  0.8277825,-34.60306,14.21748
29.51:  0.6782001,-34.41325,15.00536
29.53:  0.528786,-34.22066,15.7869
29.54:  0.3850906,-34.02772,16.56844
29.56:  0.2443543,-33.83323,17.35632
29.58:  0.1018012,-33.63303,18.13786
29.59:  -0.0366594,-33.43281,18.92574
29.61:  -0.1730966,-33.22965,19.70728
29.63:  -0.3027432,-33.02448,20.49516
29.64:  -0.4140679,-32.80544,21.28304
29.66:  -0.5004678,-32.57017,22.07092
29.68:  -0.5656171,-32.33157,22.85246
29.69:  -0.6207778,-32.09051,23.64034
29.71:  -0.6640564,-31.84217,24.42188
29.73:  -0.6986502,-31.58728,25.20342
29.74:  -0.7243262,-31.3314,25.98496
29.76:  -0.7266803,-31.0829,26.77284
29.78:  -0.7155878,-30.82649,27.56072
29.79:  -0.6980327,-30.57476,28.34226
29.81:  -0.6709573,-30.31731,29.13014
29.83:  -0.6407406,-30.06335,29.91168
29.84:  -0.6074382,-29.81286,30.69956
29.88:  -0.5701715,-29.55929,31.48745
29.89:  -0.528959,-29.30321,32.26898
29.91:  -0.4850221,-29.05225,33.05686
29.93:  -0.4452277,-28.8008,33.84474
29.94:  -0.4170628,-28.54698,34.63262
29.96:  -0.4072863,-28.29119,35.4205
29.98:  -0.4072212,-28.04564,36.20838
29.99:  -0.4106249,-27.79545,36.99626
30.01:  -0.4248525,-27.54487,37.7778
30.03:  -0.4523764,-27.30081,38.56567
30.04:  -0.4869704,-27.0569,39.34721
30.06:  -0.5241299,-26.80895,40.12875
30.08:  -0.5606549,-26.56422,40.9103
30.09:  -0.6001042,-26.32542,41.69184
30.11:  -0.6434202,-26.08716,42.47972
30.13:  -0.6888617,-25.84873,43.2676
30.14:  -0.7447986,-25.60719,44.05547
30.16:  -0.8148633,-25.36458,44.83701
30.18:  -0.8871346,-25.13259,45.62489
30.19:  -0.9792764,-24.89049,46.41277
30.21:  -1.074218,-24.66964,47.20065
30.23:  -1.174017,-24.4467,47.98853
30.24:  -1.273654,-24.22153,48.7764
30.26:  -1.369529,-23.99655,49.56428
30.28:  -1.464578,-23.76473,50.35216
30.29:  -1.553868,-23.5382,51.1337
30.31:  -1.640995,-23.30792,51.92158
30.33:  -1.724695,-23.07716,52.70946
30.34:  -1.802562,-22.84587,53.49733
30.36:  -1.876552,-22.60004,54.27887
30.38:  -1.938707,-22.36326,55.06675
30.39:  -1.994673,-22.12445,55.85463
30.41:  -2.045717,-21.88178,56.63617
30.43:  -2.089859,-21.6401,57.42406
30.44:  -2.128655,-21.39617,58.21193
30.46:  -2.163699,-21.15445,58.99982
30.48:  -2.198137,-20.90902,59.78769
30.49:  -2.22713,-20.66146,60.56923
30.51:  -2.255364,-20.41046,61.35711
30.53:  -2.276856,-20.16983,62.14499
30.54:  -2.297587,-19.92511,62.93287
30.56:  -2.314932,-19.6804,63.72075
30.58:  -2.328803,-19.43735,64.50863
30.59:  -2.339684,-19.18661,65.29017
30.61:  -2.345076,-18.94136,65.98931
30.63:  -2.352228,-18.69565,66.63776
30.64:  -2.361083,-18.45304,67.28621
30.66:  -2.371614,-18.21456,67.93465
30.68:  -2.381331,-17.96849,68.58311
30.69:  -2.392938,-17.72201,69.23155
30.71:  -2.402768,-17.46887,69.88
30.73:  -2.409436,-17.22548,70.53477
30.74:  -2.413507,-16.97038,71.18957
30.76:  -2.414598,-16.72338,71.85069
30.78:  -2.412891,-16.48364,72.51182
30.79:  -2.408279,-16.23647,73.17294
30.81:  -2.400834,-15.99,73.83406
30.83:  -2.390499,-15.74252,74.49517
30.84:  -2.377326,-15.49602,75.16264
30.86:  -2.361276,-15.25041,75.84277
30.88:  -2.342305,-15.00492,76.5229
30.89:  -2.320669,-14.75423,77.20937
30.91:  -2.295746,-14.50825,77.88951
30.93:  -2.267846,-14.26206,78.56964
30.94:  -2.238131,-14.01777,79.21175
30.96:  -2.204734,-13.76866,79.73978
30.98:  -2.170205,-13.52606,80.20443
30.99:  -2.133189,-13.28011,80.66273
31.01:  -2.094455,-13.03603,81.12104
31.03:  -2.05373,-12.79203,81.57935
31.04:  -2.010794,-12.54687,82.03766
31.06:  -1.966553,-12.30608,82.51498
31.08:  -1.920009,-12.06412,82.99229
31.09:  -1.870917,-11.8199,83.46962
31.11:  -1.825064,-11.57836,83.9406
31.13:  -1.785253,-11.33073,84.41793
31.14:  -1.755794,-11.08202,84.89525
31.16:  -1.731926,-10.8286,85.37257
31.18:  -1.713619,-10.58025,85.8499
31.19:  -1.695205,-10.326,86.32722
31.21:  -1.6749,-10.07438,86.79821
31.23:  -1.652654,-9.822453,87.23116
31.24:  -1.628877,-9.571077,87.58807
31.26:  -1.603792,-9.319908,87.88793
31.28:  -1.57924,-9.062314,88.18146
31.29:  -1.554411,-8.815226,88.47498
31.31:  -1.52833,-8.568402,88.76851
31.33:  -1.500543,-8.317728,89.06203
31.34:  -1.471466,-8.067138,89.35555
31.36:  -1.438836,-7.817879,89.64275
31.38:  -1.407562,-7.570301,89.93626
31.39:  -1.374326,-7.317611,90.22978
31.41:  -1.340293,-7.068529,90.51698
31.43:  -1.303638,-6.810126,90.81049
31.44:  -1.265253,-6.565368,91.09769
31.46:  -1.227468,-6.317125,91.39121
31.48:  -1.188812,-6.071612,91.68473
31.49:  -1.148302,-5.822468,91.97192
31.51:  -1.106615,-5.572769,92.21474
31.53:  -1.060586,-5.31638,92.3625
31.54:  -1.019115,-5.073535,92.42786
31.56:  -0.9767082,-4.825597,92.44251
31.58:  -0.9347884,-4.580881,92.45717
31.59:  -0.8919444,-4.330822,92.45915
31.61:  -0.8494615,-4.08287,92.45915
31.63:  -0.8069298,-3.834634,92.45915
31.64:  -0.7619871,-3.586496,92.45084
31.66:  -0.7199624,-3.340626,92.43617
31.68:  -0.6773945,-3.091195,92.42152
31.69:  -0.6347861,-2.840973,92.40052
31.71:  -0.5918214,-2.587759,92.36685
31.73:  -0.5505734,-2.343795,92.33318
31.74:  -0.5087756,-2.095523,92.29317
31.76:  -0.4670337,-1.846352,92.24683
31.78:  -0.4260822,-1.600513,92.19414
31.79:  -0.3844111,-1.348753,92.13512
31.81:  -0.3413281,-1.10168,92.0761
31.83:  -0.3005901,-0.8523709,92.01707
31.84:  -0.2602381,-0.6038155,91.95805
31.86:  -0.2201202,-0.3550828,91.89903
31.88:  -0.1804851,-0.1077229,91.84002
31.89:  -0.1405956,0.1426988,91.78733
31.91:  -0.101141,0.3918651,91.73465
31.93:  -0.06103936,0.6466333,91.68196
31.94:  -0.02216231,0.895289,91.62294
31.96:  0.01602836,1.141214,91.56392
31.98:  0.05371234,1.385536,91.50489
31.99:  0.09211769,1.63625,91.44587
32.01:  0.1300366,1.885503,91.38685
32.03:  0.1703248,2.135824,91.32783
32.04:  0.2101636,2.384988,91.26881
32.06:  0.2467938,2.630879,91.20978
32.08:  0.2864276,2.882079,91.15076
32.09:  0.3257508,3.132809,91.09808
32.11:  0.3631316,3.388974,91.03906
32.13:  0.3982468,3.631359,90.98003
32.14:  0.4342772,3.881684,90.92735
32.16:  0.4699776,4.131541,90.86833
32.18:  0.5072563,4.377137,90.81565
32.19:  0.5453024,4.629541,90.75663
32.21:  0.5849812,4.87828,90.69761
32.23:  0.624086,5.124876,90.64492
32.24:  0.6640475,5.378382,90.59224
32.26:  0.7034011,5.629532,90.53956
32.28:  0.7440438,5.874987,90.48688
32.29:  0.7854527,6.126503,90.43419
32.31:  0.8303015,6.385141,90.37518
32.33:  0.874644,6.628407,90.32249
32.34:  0.9221697,6.877185,90.26347
32.36:  0.9745672,7.127168,90.20444
32.38:  1.02851,7.374223,90.14541
32.39:  1.093356,7.624559,90.0864
32.41:  1.169434,7.867112,90.02737
32.43:  1.26389,8.095059,89.97469
32.44:  1.392168,8.31778,89.922
32.46:  1.550217,8.505876,89.86932
32.48:  1.719891,8.683918,89.82297
32.49:  1.904171,8.854788,89.77662
32.51:  2.087265,9.015308,89.73028
32.53:  2.278586,9.173614,89.68393
32.54:  2.46875,9.326742,89.63759
32.56:  2.662845,9.48132,89.59124
32.58:  2.851715,9.631988,89.54489
32.59:  3.045764,9.787006,89.50488
32.61:  3.236926,9.939939,89.46488
32.63:  3.432993,10.09507,89.42487
32.64:  3.624324,10.24854,89.3912
32.66:  3.814267,10.40111,89.35119
32.68:  4.01544,10.56089,89.31753
32.69:  4.207726,10.70947,89.2902
32.71:  4.406072,10.85856,89.26286
32.73:  4.608052,11.00127,89.23553
32.74:  4.819223,11.14383,89.2082
32.76:  5.03369,11.28714,89.18086
32.78:  5.245262,11.42611,89.17255
32.79:  5.463202,11.56772,89.16424
32.81:  5.675524,11.70727,89.15591
32.83:  5.890297,11.84848,89.1476
32.84:  6.103148,11.98596,89.14561
32.86:  6.318264,12.12991,89.14362
32.88:  6.528067,12.27031,89.14164
32.89:  6.743927,12.41231,89.13332
32.91:  6.954332,12.55317,89.13134
32.93:  7.178922,12.70352,89.13134
32.94:  7.392434,12.84646,89.13134
32.96:  7.600984,12.98608,89.13134
32.98:  7.81108,13.12673,89.13134
32.99:  8.026368,13.27085,89.13332
33.01:  8.237634,13.41226,89.1353
33.03:  8.453468,13.55669,89.14362
33.04:  8.666913,13.69923,89.1963
33.06:  8.879103,13.84158,89.37575
33.08:  9.086491,13.98057,89.7073
33.09:  9.296756,14.12045,90.20997
33.11:  9.502663,14.25733,90.86475
33.13:  9.707354,14.39859,91.58292
33.14:  9.910362,14.53848,92.30108
33.16:  10.11165,14.67814,93.01924
33.18:  10.3148,14.81718,93.73741
33.19:  10.52464,14.96365,94.45557
33.21:  10.72619,15.1093,95.17373
33.23:  10.92745,15.25957,95.89823
33.24:  11.12069,15.41043,96.62273
33.26:  11.3146,15.56657,97.35991
33.28:  11.50555,15.7206,98.10976
33.29:  11.70427,15.87894,98.87229
33.31:  11.89324,16.03202,99.64116
33.33:  12.08184,16.18503,100.41
33.34:  12.26295,16.33938,101.1725
33.36:  12.44571,16.49997,101.9414
33.38:  12.6264,16.6628,102.7039
33.39:  12.80532,16.83807,103.4665
33.41:  12.97752,17.01917,104.229
33.43:  13.14125,17.2006,104.9915
33.44:  13.2987,17.3933,105.754
33.46:  13.44673,17.58498,106.5166
33.48:  13.58932,17.7873,107.2791
33.49:  13.73136,17.99124,108.048
33.51:  13.87351,18.19611,108.8105
33.53:  14.01885,18.39972,109.573
33.54:  14.16589,18.59885,110.3419
33.56:  14.31636,18.79812,111.1107
33.58:  14.46665,18.99061,111.8796
33.59:  14.62321,19.18573,112.6421
33.61:  14.78129,19.37741,113.411
33.63:  14.94598,19.57178,114.1735
33.64:  15.10824,19.75466,114.9361
33.66:  15.27675,19.9361,115.6986
33.68:  15.44759,20.11187,116.4611
33.69:  15.62709,20.28835,117.2299
33.71:  15.80854,20.45777,117.9925
33.73:  16.00033,20.61733,118.755
33.74:  16.21326,20.76326,119.5112
33.76:  16.42241,20.89109,120.2294
33.78:  16.64503,21.00999,120.9285
33.79:  16.87318,21.12868,121.5516
33.81:  17.10202,21.24519,122.0543
33.83:  17.33247,21.36066,122.4239
33.84:  17.56074,21.47263,122.6223
33.86:  17.79146,21.58542,122.7003
33.88:  18.01749,21.69576,122.734
33.89:  18.25076,21.81089,122.7677
33.91:  18.47894,21.922,122.7887
33.93:  18.7098,22.03436,122.8033
33.94:  18.93808,22.14534,122.8243
33.96:  19.17026,22.25964,122.8263
33.98:  19.39674,22.37113,122.8263
33.99:  19.63619,22.48754,122.8263
34.01:  19.86323,22.59792,122.8263
34.03:  20.09105,22.70867,122.8263
34.04:  20.32035,22.82014,122.8263
34.06:  20.55202,22.93419,122.8263
34.08:  20.78612,23.04943,122.8263
34.09:  21.01071,23.15999,122.8263
34.11:  21.24186,23.27378,122.8263
34.13:  21.48034,23.38972,122.8263
34.14:  21.70291,23.49928,122.8263
34.16:  21.93401,23.61305,122.8263
34.18:  22.16202,23.7239,122.8263
34.19:  22.37568,23.81079,122.8263
34.21:  22.5771,23.87905,122.8263
34.23:  22.7757,23.92899,122.8263
34.24:  22.97151,23.97123,122.8263
34.26:  23.15856,24.00632,122.8263
34.28:  23.25847,24.02077,122.8263
34.29:  23.25847,24.02077,122.8263
34.31:  23.25847,24.02077,122.8263
34.33:  23.25847,24.02077,122.8263
34.34:  23.25847,24.02077,122.8263
34.36:  23.25847,24.02077,122.8263
34.38:  23.25847,24.02077,122.8263
34.39:  23.25847,24.02077,122.8263
34.41:  23.25847,24.02077,122.8263
34.43:  23.25847,24.02077,122.8263
34.44:  23.25847,24.02077,122.8263
34.46:  23.25847,24.02077,122.8263
34.48:  23.25847,24.02077,122.8263
34.49:  23.25847,24.02077,122.8263
34.51:  23.25847,24.02077,122.8263
34.53:  23.25847,24.02077,122.8263
34.54:  23.25847,24.02077,122.8263
34.56:  23.25847,24.02077,122.8263
34.58:  23.25847,24.02077,122.8263
34.59:  23.25847,24.02077,122.8263
34.61:  23.25847,24.02077,122.8263
34.63:  23.25847,24.02077,122.8263
34.64:  23.25847,24.02077,122.8263
34.66:  23.25847,24.02077,122.8263
34.68:  23.25847,24.02077,122.8263
34.69:  23.25847,24.02077,122.8263
34.71:  23.25847,24.02077,122.8263
34.73:  23.25847,24.02077,122.8263
34.74:  23.25847,24.02077,122.8263
34.76:  23.25847,24.02077,122.8263
34.78:  23.25847,24.02077,122.8263
34.79:  23.25847,24.02077,122.8263
34.81:  23.25847,24.02077,122.8263
34.83:  23.25847,24.02077,122.8263
34.84:  23.25847,24.02077,122.8263
34.86:  23.25847,24.02077,122.8263
34.88:  23.25847,24.02077,122.8263
34.89:  23.25847,24.02077,122.8263
34.91:  23.25847,24.02077,122.8263
34.93:  23.25847,24.02077,122.8263
34.94:  23.25847,24.02077,122.8263
34.96:  23.25847,24.02077,122.8263
