ParticipantNo: 12009
Controller type: Gamepad
Training Level:
0.02:  82.7,18.5,270
0.04:  82.7,18.5,270
0.06:  82.7,18.5,269.9854
0.08:  82.7,18.5,269.9707
0.09:  82.7,18.5,269.956
0.11:  82.7,18.5,269.9414
0.13:  82.7,18.5,269.9267
0.14:  82.7,18.5,269.912
0.16:  82.7,18.5,269.8974
0.18:  82.7,18.5,269.8828
0.19:  82.7,18.5,269.8744
0.21:  82.7,18.5,269.8598
0.23:  82.7,18.5,269.8451
0.24:  82.7,18.5,269.8368
0.26:  82.7,18.5,269.8221
0.28:  82.7,18.5,269.8075
0.29:  82.7,18.5,269.7928
0.31:  82.7,18.5,269.7845
0.33:  82.7,18.5,269.7762
0.34:  82.7,18.5,269.7679
0.36:  82.7,18.5,269.7532
0.38:  82.7,18.5,269.7449
0.39:  82.7,18.5,269.7366
0.41:  82.7,18.5,269.7283
0.43:  82.7,18.5,269.7136
0.44:  82.7,18.5,269.7053
0.46:  82.7,18.5,269.697
0.48:  82.7,18.5,269.6887
0.49:  82.7,18.5,269.6803
0.51:  82.7,18.5,269.672
0.53:  82.7,18.5,269.6637
0.54:  82.7,18.5,269.6427
0.56:  82.7,18.5,269.6281
0.58:  82.7,18.5,269.6134
0.59:  82.7,18.5,269.5988
0.61:  82.7,18.5,269.5904
0.63:  82.7,18.5,269.5757
0.64:  82.7,18.5,269.5611
0.66:  82.7,18.5,269.5464
0.68:  82.7,18.5,269.5381
0.69:  82.7,18.5,269.5235
0.71:  82.7,18.5,269.5088
0.73:  82.7,18.5,269.5005
0.74:  82.7,18.5,269.4858
0.76:  82.7,18.5,269.4712
0.78:  82.7,18.5,269.4629
0.79:  82.7,18.5,269.4419
0.81:  82.7,18.5,269.4272
0.83:  82.7,18.5,269.4125
0.84:  82.7,18.5,269.3979
0.86:  82.7,18.5,269.3832
0.88:  82.7,18.5,269.3749
0.89:  82.7,18.5,269.3603
0.91:  82.7,18.5,269.3456
0.93:  82.7,18.5,269.3309
0.94:  82.7,18.5,269.3226
0.96:  82.7,18.5,269.3016
0.98:  82.7,18.5,269.2933
0.99:  82.7,18.5,269.285
1.01:  82.7,18.5,269.2767
1.03:  82.7,18.5,269.262
1.04:  82.7,18.5,269.2537
1.06:  82.7,18.5,269.2454
1.08:  82.7,18.5,269.2371
1.09:  82.7,18.5,269.2287
1.11:  82.7,18.5,269.2141
1.13:  82.7,18.5,269.2057
1.14:  82.7,18.5,269.1911
1.16:  82.7,18.5,269.1828
1.18:  82.7,18.5,269.1745
1.19:  82.7,18.5,269.1598
1.21:  82.7,18.5,269.1515
1.23:  82.7,18.5,269.1432
1.24:  82.7,18.5,269.1349
1.26:  82.7,18.5,269.1202
1.28:  82.7,18.5,269.1055
1.29:  82.7,18.5,269.0909
1.31:  82.7,18.5,269.0826
1.33:  82.7,18.5,269.0679
1.34:  82.7,18.5,269.0596
1.36:  82.7,18.5,269.0513
1.38:  82.7,18.5,269.0366
1.39:  82.7,18.5,269.022
1.41:  82.7,18.5,269.0136
1.43:  82.7,18.5,268.999
1.44:  82.7,18.5,268.9843
1.46:  82.7,18.5,268.976
1.48:  82.7,18.5,268.9614
1.49:  82.7,18.5,268.953
1.51:  82.7,18.5,268.9384
1.53:  82.7,18.5,268.9301
1.54:  82.7,18.5,268.9154
1.56:  82.7,18.5,268.9008
1.58:  82.7,18.5,268.8861
1.59:  82.7,18.5,268.8714
1.61:  82.7,18.5,268.8568
1.63:  82.7,18.5,268.8421
1.64:  82.7,18.5,268.8275
1.66:  82.7,18.5,268.8128
1.68:  82.7,18.5,268.8045
1.69:  82.7,18.5,268.7962
1.71:  82.7,18.5,268.7878
1.73:  82.7,18.5,268.7732
1.74:  82.7,18.5,268.7649
1.76:  82.7,18.5,268.7502
1.78:  82.7,18.5,268.7419
1.79:  82.7,18.5,268.7336
1.81:  82.7,18.5,268.7189
1.83:  82.7,18.5,268.7043
1.84:  82.7,18.5,268.696
1.86:  82.7,18.5,268.6876
1.88:  82.7,18.5,268.673
1.89:  82.7,18.5,268.6583
1.91:  82.7,18.5,268.65
1.93:  82.7,18.5,268.6417
1.94:  82.7,18.5,268.627
1.96:  82.7,18.5,268.606
1.98:  82.7,18.5,268.5977
1.99:  82.7,18.5,268.5767
2.01:  82.7,18.5,268.5684
2.03:  82.7,18.5,268.5537
2.04:  82.7,18.5,268.5327
2.06:  82.7,18.5,268.5244
2.08:  82.7,18.5,268.5098
2.09:  82.7,18.5,268.4951
2.11:  82.7,18.5,268.4805
2.13:  82.7,18.5,268.4721
2.14:  82.7,18.5,268.4638
2.16:  82.7,18.5,268.4492
2.18:  82.7,18.5,268.4345
2.19:  82.7,18.5,268.4199
2.21:  82.7,18.5,268.4052
2.23:  82.7,18.5,268.3969
2.24:  82.7,18.5,268.3822
2.26:  82.7,18.5,268.3676
2.28:  82.7,18.5,268.3593
2.29:  82.7,18.5,268.3446
2.31:  82.7,18.5,268.3363
2.33:  82.7,18.5,268.3279
2.34:  82.7,18.5,268.3133
2.36:  82.7,18.5,268.2986
2.38:  82.7,18.5,268.2903
2.39:  82.7,18.5,268.2693
2.41:  82.7,18.5,268.2547
2.43:  82.7,18.5,268.24
2.44:  82.7,18.5,268.2317
2.46:  82.7,18.5,268.2234
2.48:  82.7,18.5,268.2151
2.49:  82.7,18.5,268.2067
2.51:  82.7,18.5,268.1984
2.53:  82.7,18.5,268.1838
2.54:  82.7,18.5,268.1691
2.56:  82.7,18.5,268.1608
2.58:  82.7,18.5,268.1525
2.59:  82.7,18.5,268.1378
2.61:  82.7,18.5,268.1232
2.63:  82.7,18.5,268.1148
2.64:  82.7,18.5,268.1065
2.66:  82.7,18.5,268.0982
2.68:  82.7,18.5,268.0836
2.69:  82.7,18.5,268.0689
2.71:  82.7,18.5,268.0606
2.73:  82.7,18.5,268.0459
2.74:  82.7,18.5,268.0313
2.76:  82.7,18.5,268.0229
2.78:  82.7,18.5,268.0083
2.79:  82.7,18.5,267.9937
2.81:  82.7,18.5,267.979
2.83:  82.7,18.5,267.9706
2.84:  82.7,18.5,267.956
2.86:  82.7,18.5,267.9413
2.88:  82.7,18.5,267.9267
2.89:  82.7,18.5,267.912
2.91:  82.7,18.5,267.9037
2.93:  82.7,18.5,267.889
2.94:  82.7,18.5,267.8744
2.96:  82.7,18.5,267.8597
2.98:  82.7,18.5,267.8451
2.99:  82.7,18.5,267.8368
3.01:  82.7,18.5,267.8221
3.03:  82.7,18.5,267.8075
3.04:  82.7,18.5,267.7928
3.06:  82.7,18.5,267.7845
3.08:  82.7,18.5,267.7762
3.09:  82.7,18.5,267.7679
3.11:  82.7,18.5,267.7469
3.13:  82.7,18.5,267.7385
3.14:  82.7,18.5,267.7239
3.16:  82.7,18.5,267.7092
3.18:  82.7,18.5,267.6946
3.19:  82.7,18.5,267.6799
3.21:  82.7,18.5,267.6653
3.23:  82.7,18.5,267.6569
3.24:  82.7,18.5,267.6486
3.26:  82.7,18.5,267.634
3.28:  82.7,18.5,267.6256
3.29:  82.7,18.5,267.611
3.31:  82.7,18.5,267.5963
3.33:  82.7,18.5,267.5817
3.34:  82.7,18.5,267.567
3.36:  82.7,18.5,267.5587
3.38:  82.7,18.5,267.544
3.39:  82.7,18.5,267.5357
3.41:  82.7,18.5,267.5274
3.43:  82.7,18.5,267.5128
3.44:  82.7,18.5,267.4981
3.46:  82.7,18.5,267.4898
3.48:  82.7,18.5,267.4814
3.49:  82.7,18.5,267.4731
3.51:  82.7,18.5,267.4585
3.53:  82.7,18.5,267.4502
3.54:  82.7,18.5,267.4418
3.56:  82.7,18.5,267.4335
3.58:  82.7,18.5,267.4252
3.59:  82.7,18.5,267.4169
3.61:  82.7,18.5,267.4022
3.63:  82.7,18.5,267.3876
3.64:  82.7,18.5,267.3792
3.66:  82.7,18.5,267.3709
3.68:  82.7,18.5,267.3563
3.69:  82.7,18.5,267.348
3.71:  82.7,18.5,267.3333
3.73:  82.7,18.5,267.3186
3.74:  82.7,18.5,267.304
3.76:  82.7,18.5,267.2957
3.78:  82.7,18.5,267.2874
3.79:  82.7,18.5,267.2727
3.81:  82.7,18.5,267.2644
3.83:  82.7,18.5,267.2561
3.84:  82.7,18.5,267.2477
3.86:  82.7,18.5,267.2331
3.88:  82.7,18.5,267.2184
3.89:  82.7,18.5,267.2101
3.91:  82.7,18.5,267.1954
3.93:  82.7,18.5,267.1808
3.94:  82.7,18.5,267.1661
3.96:  82.7,18.5,267.1515
3.98:  82.7,18.5,267.1432
3.99:  82.7,18.5,267.1285
4.01:  82.7,18.5,267.1139
4.03:  82.7,18.5,267.0992
4.04:  82.7,18.5,267.0845
4.06:  82.7,18.5,267.0762
4.08:  82.7,18.5,267.0616
4.09:  82.7,18.5,267.0469
4.11:  82.7,18.5,267.0322
4.13:  82.7,18.5,267.0176
4.14:  82.7,18.5,267.0029
4.16:  82.7,18.5,266.9883
4.18:  82.7,18.5,266.9736
4.19:  82.7,18.5,266.959
4.21:  82.7,18.5,266.9443
4.23:  82.7,18.5,266.9233
4.24:  82.7,18.5,266.915
4.26:  82.7,18.5,266.894
4.28:  82.7,18.5,266.8857
4.29:  82.7,18.5,266.871
4.31:  82.7,18.5,266.8564
4.33:  82.7,18.5,266.8481
4.34:  82.7,18.5,266.8334
4.36:  82.7,18.5,266.8251
4.38:  82.7,18.5,266.8168
4.39:  82.7,18.5,266.8021
4.41:  82.7,18.5,266.7874
4.43:  82.7,18.5,266.7791
4.44:  82.7,18.5,266.7708
4.46:  82.7,18.5,266.7562
4.48:  82.7,18.5,266.7478
4.49:  82.7,18.5,266.7332
4.51:  82.7,18.5,266.7185
4.53:  82.7,18.5,266.7039
4.54:  82.7,18.5,266.6892
4.56:  82.7,18.5,266.6809
4.58:  82.7,18.5,266.6726
4.59:  82.7,18.5,266.6579
4.61:  82.7,18.5,266.6496
4.63:  82.7,18.5,266.6413
4.64:  82.7,18.5,266.6329
4.66:  82.7,18.5,266.6246
4.68:  82.7,18.5,266.61
4.69:  82.7,18.5,266.5953
4.71:  82.7,18.5,266.5807
4.73:  82.7,18.5,266.566
4.74:  82.7,18.5,266.5577
4.76:  82.7,18.5,266.5494
4.78:  82.7,18.5,266.541
4.79:  82.7,18.5,266.5264
4.81:  82.7,18.5,266.5181
4.83:  82.7,18.5,266.5034
4.84:  82.7,18.5,266.4887
4.86:  82.7,18.5,266.4741
4.88:  82.7,18.5,266.4658
4.89:  82.7,18.5,266.4511
4.91:  82.7,18.5,266.4365
4.93:  82.7,18.5,266.4281
4.94:  82.7,18.5,266.4198
4.96:  82.7,18.5,266.4052
4.98:  82.7,18.5,266.3905
4.99:  82.7,18.5,266.3759
5.01:  82.7,18.5,266.3612
5.03:  82.7,18.5,266.3465
5.04:  82.7,18.5,266.3319
5.06:  82.7,18.5,266.3172
5.08:  82.7,18.5,266.3089
5.09:  82.7,18.5,266.3006
5.11:  82.7,18.5,266.2923
5.13:  82.7,18.5,266.2776
5.14:  82.7,18.5,266.2693
5.16:  82.7,18.5,266.261
5.18:  82.7,18.5,266.2463
5.19:  82.7,18.5,266.2317
5.21:  82.7,18.5,266.2233
5.23:  82.7,18.5,266.215
5.24:  82.7,18.5,266.2004
5.26:  82.7,18.5,266.1857
5.28:  82.7,18.5,266.1711
5.29:  82.7,18.5,266.1564
5.31:  82.7,18.5,266.1418
5.33:  82.7,18.5,266.1271
5.34:  82.7,18.5,266.1124
5.36:  82.7,18.5,266.0978
5.38:  82.7,18.5,266.0768
5.39:  82.7,18.5,266.0685
5.41:  82.7,18.5,266.0602
5.43:  82.7,18.5,266.0455
5.44:  82.7,18.5,266.0372
5.46:  82.7,18.5,266.0225
5.48:  82.7,18.5,266.0142
5.49:  82.7,18.5,265.9995
5.51:  82.7,18.5,265.9849
5.53:  82.7,18.5,265.9766
5.54:  82.7,18.5,265.9619
5.56:  82.7,18.5,265.9473
5.58:  82.7,18.5,265.9326
5.59:  82.7,18.5,265.9179
5.61:  82.7,18.5,265.9033
5.63:  82.7,18.5,265.8886
5.64:  82.7,18.5,265.874
5.66:  82.7,18.5,265.8593
5.68:  82.7,18.5,265.851
5.69:  82.7,18.5,265.8363
5.71:  82.7,18.5,265.828
5.73:  82.7,18.5,265.8197
5.74:  82.7,18.5,265.8051
5.76:  82.7,18.5,265.7967
5.78:  82.7,18.5,265.7884
5.79:  82.7,18.5,265.7801
5.81:  82.7,18.5,265.7654
5.83:  82.7,18.5,265.7571
5.84:  82.7,18.5,265.7425
5.86:  82.7,18.5,265.7278
5.88:  82.7,18.5,265.7131
5.89:  82.7,18.5,265.6985
5.91:  82.7,18.5,265.6838
5.93:  82.7,18.5,265.6755
5.94:  82.7,18.5,265.6609
5.96:  82.7,18.5,265.6462
5.98:  82.7,18.5,265.6316
5.99:  82.7,18.5,265.6232
6.01:  82.7,18.5,265.6086
6.03:  82.7,18.5,265.6003
6.04:  82.7,18.5,265.5856
6.06:  82.7,18.5,265.5709
6.08:  82.7,18.5,265.5626
6.09:  82.7,18.5,265.5543
6.11:  82.7,18.5,265.546
6.13:  82.7,18.5,265.5377
6.14:  82.7,18.5,265.523
6.16:  82.7,18.5,265.5084
6.18:  82.7,18.5,265.4937
6.19:  82.7,18.5,265.4854
6.21:  82.7,18.5,265.4771
6.23:  82.7,18.5,265.4624
6.24:  82.7,18.5,265.4541
6.26:  82.7,18.5,265.4394
6.28:  82.7,18.5,265.4248
6.29:  82.7,18.5,265.4101
6.31:  82.7,18.5,265.4018
6.33:  82.7,18.5,265.3871
6.34:  82.7,18.5,265.3788
6.36:  82.7,18.5,265.3642
6.38:  82.7,18.5,265.3432
6.39:  82.7,18.5,265.3285
6.41:  82.7,18.5,265.3139
6.43:  82.7,18.5,265.2992
6.44:  82.7,18.5,265.2845
6.46:  82.7,18.5,265.2762
6.48:  82.7,18.5,265.2616
6.49:  82.7,18.5,265.2469
6.51:  82.7,18.5,265.2386
6.53:  82.7,18.5,265.2239
6.54:  82.7,18.5,265.2093
6.56:  82.7,18.5,265.201
6.58:  82.7,18.5,265.1927
6.59:  82.7,18.5,265.1843
6.61:  82.7,18.5,265.176
6.63:  82.7,18.5,265.1614
6.64:  82.7,18.5,265.153
6.66:  82.7,18.5,265.1384
6.68:  82.7,18.5,265.1237
6.69:  82.7,18.5,265.1091
6.71:  82.7,18.5,265.0944
6.73:  82.7,18.5,265.0798
6.74:  82.7,18.5,265.0651
6.76:  82.7,18.5,265.0568
6.78:  82.7,18.5,265.0485
6.79:  82.7,18.5,265.0338
6.81:  82.7,18.5,265.0192
6.83:  82.7,18.5,265.0108
6.84:  82.7,18.5,264.9962
6.86:  82.7,18.5,264.9815
6.88:  82.7,18.5,264.9732
6.89:  82.7,18.5,264.9649
6.91:  82.7,18.5,264.9502
6.93:  82.7,18.5,264.9356
6.94:  82.7,18.5,264.9272
6.96:  82.7,18.5,264.9126
6.98:  82.7,18.5,264.8979
6.99:  82.7,18.5,264.8833
7.01:  82.7,18.5,264.8686
7.03:  82.7,18.5,264.854
7.04:  82.7,18.5,264.8393
7.06:  82.7,18.5,264.831
7.08:  82.7,18.5,264.8163
7.09:  82.7,18.5,264.808
7.11:  82.7,18.5,264.7934
7.13:  82.7,18.5,264.7787
7.14:  82.7,18.5,264.7704
7.16:  82.7,18.5,264.7494
7.18:  82.7,18.5,264.7411
7.19:  82.7,18.5,264.7328
7.21:  82.7,18.5,264.7244
7.23:  82.7,18.5,264.7098
7.24:  82.7,18.5,264.6951
7.26:  82.7,18.5,264.6868
7.28:  82.7,18.5,264.6721
7.29:  82.7,18.5,264.6575
7.31:  82.7,18.5,264.6492
7.33:  82.7,18.5,264.6409
7.34:  82.7,18.5,264.6325
7.36:  82.7,18.5,264.6242
7.38:  82.7,18.5,264.6096
7.39:  82.7,18.5,264.6012
7.41:  82.7,18.5,264.5929
7.43:  82.7,18.5,264.5846
7.44:  82.7,18.5,264.5699
7.46:  82.7,18.5,264.5616
7.48:  82.7,18.5,264.5533
7.49:  82.7,18.5,264.545
7.51:  82.7,18.5,264.5303
7.53:  82.7,18.5,264.5157
7.54:  82.7,18.5,264.5074
7.56:  82.7,18.5,264.4991
7.58:  82.7,18.5,264.4844
7.59:  82.7,18.5,264.4761
7.61:  82.7,18.5,264.4614
7.63:  82.7,18.5,264.4531
7.64:  82.7,18.5,264.4384
7.66:  82.7,18.5,264.4238
7.68:  82.7,18.5,264.4091
7.69:  82.7,18.5,264.4008
7.71:  82.7,18.5,264.3862
7.73:  82.7,18.5,264.3715
7.74:  82.7,18.5,264.3632
7.76:  82.7,18.5,264.3485
7.78:  82.7,18.5,264.3402
7.79:  82.7,18.5,264.3256
7.81:  82.7,18.5,264.3109
7.83:  82.7,18.5,264.2962
7.84:  82.7,18.5,264.2879
7.86:  82.7,18.5,264.2733
7.88:  82.7,18.5,264.265
7.89:  82.7,18.5,264.2503
7.91:  82.7,18.5,264.242
7.93:  82.7,18.5,264.2336
7.94:  82.7,18.5,264.2253
7.96:  82.7,18.5,264.217
7.98:  82.7,18.5,264.2087
7.99:  82.7,18.5,264.194
8.01:  82.7,18.5,264.1794
8.03:  82.7,18.5,264.1647
8.04:  82.7,18.5,264.1501
8.06:  82.7,18.5,264.1354
8.08:  82.7,18.5,264.1208
8.09:  82.7,18.5,264.1061
8.11:  82.7,18.5,264.0914
8.13:  82.7,18.5,264.0768
8.14:  82.7,18.5,264.0621
8.16:  82.7,18.5,264.0475
8.18:  82.7,18.5,264.0328
8.19:  82.7,18.5,264.0182
8.21:  82.7,18.5,264.0035
8.23:  82.7,18.5,263.9888
8.24:  82.7,18.5,263.9805
8.26:  82.7,18.5,263.9595
8.28:  82.7,18.5,263.9512
8.29:  82.7,18.5,263.9429
8.31:  82.7,18.5,263.9346
8.33:  82.7,18.5,263.9199
8.34:  82.7,18.5,263.9053
8.36:  82.7,18.5,263.8969
8.38:  82.7,18.5,263.8823
8.39:  82.7,18.5,263.874
8.41:  82.7,18.5,263.8657
8.43:  82.7,18.5,263.8573
8.44:  82.7,18.5,263.849
8.46:  82.7,18.5,263.8344
8.48:  82.7,18.5,263.8197
8.49:  82.7,18.5,263.8051
8.51:  82.7,18.5,263.7904
8.53:  82.7,18.5,263.7757
8.54:  82.7,18.5,263.7611
8.56:  82.7,18.5,263.7401
8.58:  82.7,18.5,263.7191
8.59:  82.7,18.5,263.7108
8.61:  82.7,18.5,263.6961
8.63:  82.7,18.5,263.6878
8.64:  82.7,18.5,263.6731
8.66:  82.7,18.5,263.6584
8.68:  82.7,18.5,263.6501
8.69:  82.7,18.5,263.6418
8.71:  82.7,18.5,263.6335
8.73:  82.7,18.5,263.6252
8.74:  82.7,18.5,263.6105
8.76:  82.7,18.5,263.5959
8.78:  82.7,18.5,263.5812
8.79:  82.7,18.5,263.5666
8.81:  82.7,18.5,263.5519
8.83:  82.7,18.5,263.5373
8.84:  82.7,18.5,263.5289
8.86:  82.7,18.5,263.5143
8.88:  82.7,18.5,263.4996
8.89:  82.7,18.5,263.4913
8.91:  82.7,18.5,263.483
8.93:  82.7,18.5,263.4683
8.94:  82.7,18.5,263.4537
8.96:  82.7,18.5,263.4453
8.98:  82.7,18.5,263.437
8.99:  82.7,18.5,263.4224
9.01:  82.7,18.5,263.4077
9.03:  82.7,18.5,263.3931
9.04:  82.7,18.5,263.3847
9.06:  82.7,18.5,263.3701
9.08:  82.7,18.5,263.3554
9.09:  82.7,18.5,263.3408
9.11:  82.7,18.5,263.3325
9.13:  82.7,18.5,263.3178
9.14:  82.7,18.5,263.3094
9.16:  82.7,18.5,263.3011
9.18:  82.7,18.5,263.2865
9.19:  82.7,18.5,263.2782
9.21:  82.7,18.5,263.2699
9.23:  82.7,18.5,263.2615
9.24:  82.7,18.5,263.2532
9.26:  82.7,18.5,263.2386
9.28:  82.7,18.5,263.2239
9.29:  82.7,18.5,263.2156
9.31:  82.7,18.5,263.2009
9.33:  82.7,18.5,263.1863
9.34:  82.7,18.5,263.1716
9.36:  82.7,18.5,263.1633
9.38:  82.7,18.5,263.1487
9.39:  82.7,18.5,263.1403
9.41:  82.7,18.5,263.132
9.43:  82.7,18.5,263.1174
9.44:  82.7,18.5,263.1027
9.46:  82.7,18.5,263.0944
9.48:  82.7,18.5,263.0797
9.49:  82.7,18.5,263.0714
9.51:  82.7,18.5,263.0631
9.53:  82.7,18.5,263.0484
9.54:  82.7,18.5,263.0338
9.56:  82.7,18.5,263.0255
9.58:  82.7,18.5,263.0172
9.59:  82.7,18.5,263.0025
9.61:  82.7,18.5,262.9878
9.63:  82.7,18.5,262.9732
9.64:  82.7,18.5,262.9648
9.66:  82.7,18.5,262.9502
9.68:  82.7,18.5,262.9355
9.69:  82.7,18.5,262.9209
9.71:  82.7,18.5,262.9126
9.73:  82.7,18.5,262.8979
9.74:  82.7,18.5,262.8896
9.76:  82.7,18.5,262.8813
9.78:  82.7,18.5,262.8666
9.79:  82.7,18.5,262.8583
9.81:  82.7,18.5,262.85
9.83:  82.7,18.5,262.8416
9.84:  82.7,18.5,262.8333
9.86:  82.7,18.5,262.8187
9.88:  82.7,18.5,262.804
9.89:  82.7,18.5,262.7957
9.91:  82.7,18.5,262.7811
9.93:  82.7,18.5,262.7664
9.94:  82.7,18.5,262.7517
9.96:  82.7,18.5,262.7371
9.98:  82.7,18.5,262.7224
9.99:  82.7,18.5,262.7078
10.01:  82.7,18.5,262.6995
10.03:  82.7,18.5,262.6911
10.04:  82.7,18.5,262.6828
10.06:  82.7,18.5,262.6745
10.08:  82.7,18.5,262.6662
10.09:  82.7,18.5,262.6579
10.11:  82.7,18.5,262.6496
10.13:  82.7,18.5,262.6349
10.14:  82.7,18.5,262.6202
10.16:  82.7,18.5,262.6056
10.18:  82.7,18.5,262.5909
10.19:  82.7,18.5,262.5763
10.21:  82.7,18.5,262.5616
10.23:  82.7,18.5,262.5533
10.24:  82.7,18.5,262.545
10.26:  82.7,18.5,262.5303
10.28:  82.7,18.5,262.522
10.29:  82.7,18.5,262.5074
10.31:  82.7,18.5,262.4927
10.33:  82.7,18.5,262.4844
10.34:  82.7,18.5,262.4697
10.36:  82.7,18.5,262.4614
10.38:  82.7,18.5,262.4531
10.39:  82.7,18.5,262.4448
10.41:  82.7,18.5,262.4365
10.43:  82.7,18.5,262.4281
10.44:  82.7,18.5,262.4198
10.46:  82.7,18.5,262.3988
10.48:  82.7,18.5,262.3842
10.49:  82.7,18.5,262.3695
10.51:  82.7,18.5,262.3549
10.53:  82.7,18.5,262.3466
10.54:  82.7,18.5,262.3319
10.56:  82.7,18.5,262.3236
10.58:  82.7,18.5,262.3152
10.59:  82.7,18.5,262.3069
10.61:  82.7,18.5,262.2923
10.63:  82.7,18.5,262.284
10.64:  82.7,18.5,262.2693
10.66:  82.7,18.5,262.261
10.68:  82.7,18.5,262.2527
10.69:  82.7,18.5,262.238
10.71:  82.7,18.5,262.2297
10.73:  82.7,18.5,262.215
10.74:  82.7,18.5,262.2004
10.76:  82.7,18.5,262.1857
10.78:  82.7,18.5,262.1711
10.79:  82.7,18.5,262.1564
10.81:  82.7,18.5,262.1418
10.83:  82.7,18.5,262.1335
10.84:  82.7,18.5,262.1251
10.86:  82.7,18.5,262.1105
10.88:  82.7,18.5,262.0895
10.89:  82.7,18.5,262.0748
10.91:  82.7,18.5,262.0665
10.93:  82.7,18.5,262.0518
10.94:  82.7,18.5,262.0372
10.96:  82.7,18.5,262.0225
10.98:  82.7,18.5,262.0142
10.99:  82.7,18.5,261.9996
11.01:  82.7,18.5,261.9786
11.03:  82.7,18.5,261.9639
11.04:  82.7,18.5,261.9492
11.06:  82.7,18.5,261.9346
11.08:  82.7,18.5,261.9199
11.09:  82.7,18.5,261.8926
11.11:  82.7,18.5,261.8589
11.13:  82.7,18.5,261.8063
11.14:  82.7,18.5,261.7473
11.16:  82.7,18.5,261.6755
11.18:  82.7,18.5,261.5912
11.19:  82.7,18.5,261.4434
11.21:  82.7,18.5,261.226
11.23:  82.7,18.5,260.9514
11.24:  82.7,18.5,260.6199
11.26:  82.7,18.5,260.244
11.28:  82.7,18.5,259.8364
11.29:  82.7,18.5,259.3971
11.31:  82.7,18.5,258.9261
11.33:  82.7,18.5,258.3727
11.34:  82.7,18.5,257.7306
11.36:  82.7,18.5,257.0378
11.38:  82.7,18.5,256.2943
11.39:  82.7,18.5,255.5254
11.41:  82.7,18.5,254.7502
11.43:  82.7,18.5,253.9687
11.44:  82.7,18.5,253.1808
11.46:  82.7,18.5,252.3929
11.48:  82.7,18.5,251.605
11.49:  82.7,18.5,250.8172
11.51:  82.7,18.5,250.0293
11.53:  82.7,18.5,249.2414
11.54:  82.7,18.5,248.4535
11.56:  82.7,18.5,247.6656
11.58:  82.7,18.5,246.8777
11.59:  82.7,18.5,246.0899
11.61:  82.7,18.5,245.302
11.63:  82.7,18.5,244.5141
11.64:  82.7,18.5,243.7263
11.66:  82.7,18.5,242.9384
11.68:  82.7,18.5,242.1505
11.69:  82.7,18.5,241.3626
11.71:  82.7,18.5,240.5747
11.73:  82.7,18.5,239.7868
11.74:  82.7,18.5,238.999
11.76:  82.7,18.5,238.2111
11.78:  82.7,18.5,237.4232
11.79:  82.7,18.5,236.6353
11.81:  82.7,18.5,235.8475
11.83:  82.7,18.5,235.0596
11.84:  82.7,18.5,234.2717
11.86:  82.7,18.5,233.4838
11.88:  82.7,18.5,232.6959
11.89:  82.7,18.5,231.9081
11.91:  82.7,18.5,231.1202
11.93:  82.7,18.5,230.3323
11.94:  82.7,18.5,229.5444
11.96:  82.7,18.5,228.7565
11.98:  82.7,18.5,227.9687
11.99:  82.7,18.5,227.1808
12.01:  82.7,18.5,226.3929
12.03:  82.7,18.5,225.605
12.04:  82.7,18.5,224.8172
12.06:  82.7,18.5,224.0293
12.08:  82.7,18.5,223.2414
12.09:  82.7,18.5,222.4535
12.11:  82.7,18.5,221.6656
12.13:  82.7,18.5,220.8778
12.14:  82.7,18.5,220.0899
12.16:  82.7,18.5,219.302
12.18:  82.7,18.5,218.5141
12.19:  82.7,18.5,217.7263
12.21:  82.7,18.5,216.9384
12.23:  82.7,18.5,216.1505
12.24:  82.7,18.5,215.3626
12.26:  82.7,18.5,214.5747
12.28:  82.7,18.5,213.7869
12.29:  82.7,18.5,212.999
12.31:  82.7,18.5,212.2111
12.33:  82.7,18.5,211.4232
12.34:  82.7,18.5,210.6353
12.36:  82.7,18.5,209.8475
12.38:  82.7,18.5,209.0596
12.39:  82.7,18.5,208.3668
12.41:  82.7,18.5,207.8704
12.43:  82.7,18.5,207.5833
12.44:  82.7,18.5,207.5116
12.46:  82.7,18.5,207.4842
12.48:  82.7,18.5,207.4569
12.49:  82.7,18.5,207.4296
12.51:  82.7,18.5,207.4086
12.53:  82.7,18.5,207.3876
12.54:  82.7,18.5,207.3602
12.56:  82.7,18.5,207.3329
12.58:  82.7,18.5,207.3056
12.59:  82.7,18.5,207.2783
12.61:  82.7,18.5,207.2509
12.63:  82.7,18.5,207.2236
12.64:  82.7,18.5,207.1962
12.66:  82.7,18.5,207.1752
12.68:  82.7,18.5,207.1606
12.69:  82.7,18.5,207.1523
12.71:  82.7,18.5,207.1503
12.73:  82.7,18.5,207.1483
12.74:  82.7,18.5,207.1337
12.76:  82.7,18.5,207.0937
12.78:  82.7,18.5,207.0029
12.79:  82.7,18.5,206.7158
12.81:  82.7,18.5,206.2511
12.83:  82.7,18.5,205.6344
12.84:  82.7,18.5,204.8908
12.86:  82.7,18.5,204.103
12.88:  82.7,18.5,203.3151
12.89:  82.7,18.5,202.5272
12.91:  82.7,18.5,201.7393
12.93:  82.7,18.5,200.9514
12.94:  82.7,18.5,200.1636
12.96:  82.7,18.5,199.3757
12.98:  82.7,18.5,198.5878
12.99:  82.7,18.5,197.7999
13.01:  82.7,18.5,197.0121
13.03:  82.7,18.5,196.2242
13.04:  82.7,18.5,195.4363
13.06:  82.7,18.5,194.6865
13.08:  82.7,18.5,194.0317
13.09:  82.7,18.5,193.8776
13.11:  82.7,18.5,193.8566
13.13:  82.7,18.5,193.8356
13.14:  82.7,18.5,193.8209
13.16:  82.7,18.5,193.7999
13.18:  82.7,18.5,193.7853
13.19:  82.7,18.5,193.7643
13.21:  82.7,18.5,193.7496
13.23:  82.7,18.5,193.735
13.24:  82.7,18.5,193.714
13.26:  82.7,18.5,193.6993
13.28:  82.7,18.5,193.6783
13.29:  82.7,18.5,193.6573
13.31:  82.7,18.5,193.6363
13.33:  82.7,18.5,193.6217
13.34:  82.7,18.5,193.607
13.36:  82.7,18.5,193.586
13.38:  82.7,18.5,193.5714
13.39:  82.7,18.5,193.5504
13.41:  82.7,18.5,193.5294
13.43:  82.7,18.5,193.5084
13.44:  82.7,18.5,193.4874
13.46:  82.7,18.5,193.4664
13.48:  82.7,18.5,193.4454
13.49:  82.7,18.5,193.4244
13.51:  82.7,18.5,193.4098
13.53:  82.7,18.5,193.3888
13.54:  82.7,18.5,193.3678
13.56:  82.7,18.5,193.3531
13.58:  82.7,18.5,193.3385
13.59:  82.7,18.5,193.3175
13.61:  82.7,18.5,193.3028
13.63:  82.7,18.5,193.2881
13.64:  82.7,18.5,193.2735
13.66:  82.7,18.5,193.2525
13.68:  82.68334,18.50392,193.2379
13.69:  82.56008,18.53793,193.2232
13.71:  82.37285,18.59185,193.2022
13.73:  82.17295,18.64884,193.1875
13.74:  81.9974,18.69749,193.1665
13.76:  81.84958,18.73952,193.1456
13.78:  81.72636,18.77329,193.1246
13.79:  81.66204,18.78826,193.1036
13.81:  81.66204,18.78826,193.0889
13.83:  81.66204,18.78826,193.0743
13.84:  81.66204,18.78826,193.0533
13.86:  81.66204,18.78826,193.0386
13.88:  81.66204,18.78826,193.0176
13.89:  81.66204,18.78826,193.0029
13.91:  81.66204,18.78826,192.9883
13.93:  81.66204,18.78826,192.9736
13.94:  81.66204,18.78826,192.959
13.96:  81.66204,18.78826,192.938
13.98:  81.66204,18.78826,192.9233
13.99:  81.66204,18.78826,192.9087
14.01:  81.66204,18.78826,192.8877
14.03:  81.66204,18.78826,192.8667
14.04:  81.66204,18.78826,192.8457
14.06:  81.66204,18.78826,192.831
14.08:  81.66204,18.78826,192.81
14.09:  81.66204,18.78826,192.789
14.11:  81.66204,18.78826,192.7744
14.13:  81.66204,18.78826,192.7597
14.14:  81.66204,18.78826,192.7387
14.16:  81.66204,18.78826,192.7241
14.18:  81.66204,18.78826,192.7031
14.19:  81.65775,18.7692,192.6821
14.21:  81.64488,18.71194,192.6674
14.23:  81.61631,18.58468,192.6528
14.24:  81.56743,18.36666,192.6381
14.26:  81.53193,18.11844,192.6235
14.28:  81.49648,17.87015,192.6088
14.29:  81.46108,17.6215,192.5878
14.31:  81.42364,17.3753,192.5732
14.33:  81.38351,17.12733,192.5585
14.34:  81.3435,16.87966,192.5439
14.36:  81.30125,16.63312,192.5292
14.38:  81.25558,16.38088,192.5082
14.39:  81.21204,16.13984,192.4872
14.41:  81.16731,15.8918,192.4662
14.43:  81.12344,15.64795,192.4452
14.44:  81.08164,15.40147,192.4306
14.46:  81.03736,15.15462,192.4159
14.48:  80.99584,14.90883,192.3949
14.49:  80.95168,14.66164,192.3739
14.51:  80.91054,14.41714,192.3593
14.53:  80.86646,14.1695,192.3383
14.54:  80.82496,13.92196,192.3236
14.56:  80.78101,13.67434,192.3089
14.58:  80.73895,13.42245,192.2879
14.59:  80.69567,13.17771,192.2733
14.61:  80.65295,12.93576,192.2586
14.63:  80.61018,12.69315,192.244
14.64:  80.56734,12.435,192.2293
14.66:  80.52769,12.19553,192.2083
14.68:  80.48917,11.94731,192.1873
14.69:  80.46056,11.69881,192.1664
14.71:  80.44159,11.44827,192.1454
14.73:  80.4322,11.19408,192.1244
14.74:  80.4325,10.93787,192.1034
14.76:  80.4377,10.68068,192.0824
14.78:  80.45016,10.42266,192.0614
14.79:  80.47203,10.17169,192.0404
14.81:  80.51182,9.927476,192.0257
14.83:  80.55664,9.681065,192.0111
14.84:  80.60794,9.42542,191.9964
14.86:  80.66505,9.180053,191.9818
14.88:  80.72601,8.932848,191.9671
14.89:  80.78712,8.694159,191.9524
14.91:  80.85446,8.457863,191.9314
14.93:  80.92236,8.219947,191.9104
14.94:  80.98988,7.983598,191.8958
14.96:  81.0603,7.745324,191.8748
14.98:  81.12846,7.507256,191.8602
14.99:  81.19855,7.270713,191.8328
15.01:  81.27657,7.034564,191.8118
15.03:  81.35729,6.797197,191.7972
15.04:  81.43567,6.56039,191.7825
15.06:  81.51656,6.322941,191.7679
15.08:  81.59514,6.085886,191.7532
15.09:  81.67611,5.848587,191.7385
15.11:  81.7541,5.613746,191.7239
15.13:  81.83523,5.376465,191.7029
15.14:  81.91423,5.139058,191.6882
15.16:  81.97183,4.896974,191.6672
15.18:  81.99589,4.648924,191.6462
15.19:  81.99593,4.394046,191.6252
15.21:  81.99127,4.140867,191.6042
15.23:  81.98666,3.884697,191.5833
15.24:  81.97981,3.632195,191.5623
15.26:  81.97539,3.378001,191.5476
15.28:  81.97091,3.114453,191.5266
15.29:  81.96685,2.872408,191.512
15.31:  81.95537,2.617797,191.4973
15.33:  81.94158,2.3641,191.4763
15.34:  81.93036,2.111799,191.4617
15.36:  81.91918,1.859002,191.447
15.38:  81.90554,1.60439,191.4323
15.39:  81.89223,1.354166,191.4113
15.41:  81.87891,1.102119,191.3904
15.43:  81.8655,0.8465417,191.3694
15.44:  81.85247,0.596387,191.3484
15.46:  81.8418,0.3437703,191.3337
15.48:  81.82881,0.09152865,191.3127
15.49:  81.81589,-0.1613643,191.2917
15.51:  81.80553,-0.4129792,191.2707
15.53:  81.79281,-0.6655575,191.2497
15.54:  81.78266,-0.916082,191.2351
15.56:  81.76992,-1.171653,191.2204
15.58:  81.7598,-1.425086,191.1994
15.59:  81.74985,-1.677147,191.1784
15.61:  81.73991,-1.930046,191.1638
15.63:  81.72774,-2.180564,191.1491
15.64:  81.71542,-2.435136,191.1345
15.66:  81.7057,-2.687734,191.1198
15.68:  81.69607,-2.940214,191.0988
15.69:  81.6865,-3.192915,191.0842
15.71:  81.67702,-3.444797,191.0695
15.73:  81.66753,-3.698756,191.0548
15.74:  81.65818,-3.95147,191.0338
15.76:  81.64884,-4.205701,191.0192
15.78:  81.64207,-4.458401,190.9982
15.79:  81.64259,-4.71383,190.9772
15.81:  81.64555,-4.967094,190.9625
15.83:  81.65108,-5.224488,190.9415
15.84:  81.65901,-5.478746,190.9205
15.86:  81.66473,-5.736506,190.8996
15.88:  81.67291,-5.992858,190.8786
15.89:  81.68834,-6.249718,190.8639
15.91:  81.7062,-6.506635,190.8493
15.93:  81.72419,-6.764427,190.8346
15.94:  81.74522,-7.021643,190.8199
15.96:  81.76629,-7.27845,190.8053
15.98:  81.78777,-7.531156,190.7843
15.99:  81.81427,-7.779604,190.7696
16.01:  81.84966,-8.030298,190.755
16.03:  81.88934,-8.278043,190.7403
16.04:  81.92992,-8.530983,190.7257
16.06:  81.97253,-8.781375,190.7047
16.08:  82.01509,-9.030973,190.6837
16.09:  82.05814,-9.277764,190.6627
16.11:  82.099,-9.525072,190.648
16.13:  82.14163,-9.773726,190.6334
16.14:  82.18485,-10.02529,190.6124
16.16:  82.22837,-10.27316,190.5977
16.18:  82.27131,-10.52228,190.5831
16.19:  82.31471,-10.77375,190.5684
16.21:  82.35785,-11.01818,190.5474
16.23:  82.40148,-11.26984,190.5264
16.24:  82.44295,-11.51695,190.5054
16.26:  82.48412,-11.767,190.4908
16.28:  82.52806,-12.0142,190.4761
16.29:  82.5695,-12.25999,190.4615
16.31:  82.61373,-12.5081,190.4468
16.33:  82.65759,-12.75841,190.4258
16.34:  82.69943,-13.00515,190.4048
16.36:  82.741,-13.25475,190.3838
16.38:  82.76453,-13.50924,190.3628
16.39:  82.77499,-13.76352,190.3482
16.41:  82.78078,-14.01855,190.3335
16.43:  82.77941,-14.27218,190.3188
16.44:  82.77331,-14.52375,190.3042
16.46:  82.75746,-14.77703,190.2895
16.48:  82.74182,-15.02804,190.2749
16.49:  82.72375,-15.27979,190.2602
16.51:  82.70595,-15.52925,190.2392
16.53:  82.68748,-15.78926,190.2182
16.54:  82.67056,-16.02868,190.1973
16.56:  82.65518,-16.28245,190.1763
16.58:  82.63758,-16.53419,190.1553
16.59:  82.62023,-16.78364,190.1343
16.61:  82.60533,-17.03415,190.1133
16.63:  82.59037,-17.28723,190.0923
16.64:  82.57529,-17.54405,190.0713
16.66:  82.56091,-17.79045,190.0503
16.68:  82.54642,-18.03962,190.0356
16.69:  82.5318,-18.2929,190.0146
16.71:  82.51746,-18.54242,190
16.73:  82.50304,-18.79447,189.9853
16.74:  82.48869,-19.04619,189.9707
16.76:  82.47443,-19.29773,189.956
16.78:  82.46024,-19.54885,189.9414
16.79:  82.44611,-19.80036,189.9267
16.81:  82.43216,-20.04976,189.912
16.83:  82.41566,-20.30231,189.8911
16.84:  82.40178,-20.55383,189.8701
16.86:  82.38797,-20.80513,189.8554
16.88:  82.37183,-21.05613,189.8344
16.89:  82.35581,-21.30618,189.8197
16.91:  82.33992,-21.55575,189.7988
16.93:  82.32635,-21.80831,189.7841
16.94:  82.31293,-22.0599,189.7631
16.96:  82.29957,-22.31178,189.7484
16.98:  82.28629,-22.56369,189.7274
16.99:  82.2731,-22.81501,189.7128
17.01:  82.26015,-23.06301,189.6981
17.03:  82.24709,-23.3151,189.6771
17.04:  82.23356,-23.57744,189.6625
17.06:  82.22106,-23.821,189.6478
17.08:  82.20828,-24.07174,189.6268
17.09:  82.19552,-24.32346,189.6122
17.11:  82.18292,-24.57381,189.5912
17.13:  82.16994,-24.83372,189.5702
17.14:  82.15751,-25.08426,189.5492
17.16:  82.14532,-25.33112,189.5345
17.18:  82.13305,-25.58122,189.5199
17.19:  82.12076,-25.83298,189.5052
17.21:  82.10861,-26.08358,189.4842
17.23:  82.09647,-26.33554,189.4696
17.24:  82.08439,-26.58753,189.4549
17.26:  82.07482,-26.83917,189.4403
17.28:  82.07017,-27.09069,189.4256
17.29:  82.068,-27.34136,189.4109
17.31:  82.07317,-27.59765,189.3963
17.33:  82.08079,-27.85269,189.3816
17.34:  82.08845,-28.10673,189.367
17.36:  82.09862,-28.36196,189.3523
17.38:  82.10889,-28.61743,189.3313
17.39:  82.11919,-28.87136,189.3103
17.41:  82.13203,-29.12654,189.2894
17.43:  82.14264,-29.38391,189.2747
17.44:  82.15318,-29.63759,189.2537
17.46:  82.16629,-29.89342,189.239
17.48:  82.17703,-30.14876,189.2244
17.49:  82.19026,-30.40389,189.2034
17.51:  82.20107,-30.65638,189.1824
17.53:  82.2146,-30.91432,189.1677
17.54:  82.22586,-31.17356,189.1467
17.56:  82.23928,-31.42635,189.1321
17.58:  82.25043,-31.68001,189.1174
17.59:  82.26164,-31.93375,189.1028
17.61:  82.27298,-32.1881,189.0818
17.63:  82.28706,-32.44704,189.0608
17.64:  82.29849,-32.6995,189.0398
17.66:  82.31013,-32.95499,189.0251
17.68:  82.32184,-33.21,189.0042
17.69:  82.33362,-33.46441,188.9832
17.71:  82.34548,-33.71865,188.9622
17.73:  82.35992,-33.97459,188.9412
17.74:  82.37436,-34.2287,188.9202
17.76:  82.38904,-34.48591,188.9055
17.78:  82.40366,-34.7411,188.8909
17.79:  82.41595,-34.99602,188.8762
17.81:  82.42825,-35.25016,188.8615
17.83:  82.44065,-35.50499,188.8469
17.84:  82.45317,-35.76072,188.8322
17.86:  82.4657,-36.01546,188.8176
17.88:  82.47837,-36.27177,188.8029
17.89:  82.49097,-36.52541,188.7883
17.91:  82.50368,-36.77907,188.7673
17.93:  82.51658,-37.03492,188.7463
17.94:  82.52957,-37.29066,188.7253
17.96:  82.54263,-37.54562,188.7043
17.98:  82.55576,-37.80056,188.6833
17.99:  82.57146,-38.05666,188.6623
18.01:  82.58701,-38.30871,188.6413
18.03:  82.60053,-38.56605,188.6266
18.04:  82.61395,-38.82014,188.612
18.06:  82.62993,-39.076,188.5973
18.08:  82.64595,-39.33099,188.5763
18.09:  82.66203,-39.5855,188.5554
18.11:  82.67581,-39.84052,188.5407
18.13:  82.68961,-40.09413,188.5197
18.14:  82.70362,-40.35045,188.505
18.16:  82.71761,-40.60526,188.4904
18.18:  82.7342,-40.86159,188.4694
18.19:  82.74841,-41.11743,188.4547
18.21:  82.76482,-41.36922,188.4401
18.23:  82.77921,-41.62569,188.4254
18.24:  82.79357,-41.87991,188.3981
18.26:  82.80811,-42.13578,188.3834
18.28:  82.82262,-42.38986,188.3624
18.29:  82.83736,-42.64593,188.3414
18.31:  82.85437,-42.89906,188.3268
18.33:  82.8693,-43.15593,188.3058
18.35:  82.88651,-43.40962,188.2911
18.36:  82.90469,-43.67671,188.2765
18.38:  82.91906,-43.92054,188.2618
18.39:  82.93636,-44.17235,188.2408
18.41:  82.95168,-44.42966,188.2262
18.43:  82.96942,-44.68593,188.2115
18.44:  82.9847,-44.94037,188.1969
18.46:  83.00011,-45.19536,188.1759
18.48:  83.01537,-45.44629,188.1549
18.49:  83.03111,-45.70378,188.1339
18.51:  83.04912,-45.95788,188.1192
18.53:  83.0649,-46.21384,188.1046
18.54:  83.08072,-46.46883,188.0836
18.56:  83.09904,-46.72429,188.0689
18.58:  83.11508,-46.98023,188.0479
18.59:  83.13357,-47.2353,188.0269
18.61:  83.14951,-47.48726,188.0123
18.63:  83.1656,-47.74047,187.9976
18.64:  83.18501,-48.00545,187.983
18.66:  83.20325,-48.2536,187.9683
18.68:  83.22202,-48.50816,187.9536
18.69:  83.2385,-48.76348,187.939
18.71:  83.25739,-49.01775,187.9243
18.73:  83.27387,-49.271,187.9097
18.74:  83.29065,-49.52738,187.8887
18.76:  83.30746,-49.78287,187.8677
18.78:  83.32431,-50.03735,187.8467
18.79:  83.34127,-50.29208,187.8257
18.81:  83.36059,-50.54506,187.8047
18.83:  83.37833,-50.80879,187.7837
18.84:  83.39542,-51.06165,187.7691
18.86:  83.41505,-51.3158,187.7544
18.88:  83.43224,-51.56788,187.7334
18.89:  83.45198,-51.82113,187.7124
18.91:  83.47183,-52.07446,187.6914
18.93:  83.48468,-52.33038,187.6768
18.94:  83.49503,-52.58293,187.6621
18.96:  83.50804,-52.8388,187.6411
18.98:  83.51853,-53.09108,187.6265
18.99:  83.5267,-53.34409,187.6118
19.01:  83.52769,-53.59586,187.5908
19.03:  83.52148,-53.8475,187.5698
19.04:  83.51064,-54.09451,187.5551
19.06:  83.49214,-54.34829,187.5341
19.08:  83.4716,-54.59782,187.5132
19.09:  83.45111,-54.84777,187.4922
19.11:  83.43081,-55.09622,187.4775
19.13:  83.4099,-55.35339,187.4565
19.14:  83.38073,-55.59529,187.4355
19.16:  83.34847,-55.843,187.4209
19.18:  83.31626,-56.09101,187.3999
19.19:  83.28409,-56.33942,187.3789
19.23:  83.25242,-56.5847,187.3579
19.24:  83.22034,-56.83364,187.3432
19.26:  83.18726,-57.09082,187.3286
19.28:  83.15633,-57.33178,187.3139
19.29:  83.12475,-57.57838,187.2993
19.31:  83.09308,-57.82634,187.2783
19.33:  83.06156,-58.07381,187.2573
19.34:  83.02905,-58.32993,187.2363
19.36:  82.998,-58.57511,187.2153
19.38:  82.96709,-58.81984,187.2006
19.39:  82.93653,-59.06237,187.1796
19.41:  82.90478,-59.31496,187.165
19.43:  82.87393,-59.56087,187.1503
19.44:  82.84267,-59.8106,187.1357
19.46:  82.81181,-60.05757,187.121
19.48:  82.78085,-60.30598,187.1064
19.49:  82.7499,-60.55472,187.0917
19.51:  82.71928,-60.80153,187.0707
19.53:  82.68855,-61.04981,187.056
19.54:  82.65774,-61.29931,187.0414
19.56:  82.62723,-61.54703,187.0204
19.58:  82.59677,-61.79488,187.0057
19.59:  82.56628,-62.04357,186.9911
19.61:  82.53589,-62.29192,186.9764
19.63:  82.50585,-62.53814,186.9554
19.64:  82.47572,-62.78592,186.9344
19.66:  82.44542,-63.03575,186.9134
19.68:  82.41545,-63.28366,186.8924
19.69:  82.3846,-63.53969,186.8714
19.71:  82.35513,-63.78505,186.8504
19.73:  82.32607,-64.02761,186.8295
19.74:  82.29638,-64.27608,186.8148
19.76:  82.26676,-64.52471,186.7938
19.78:  82.23714,-64.77414,186.7728
19.79:  82.20982,-65.00494,186.7518
19.81:  82.18452,-65.219,186.7372
19.83:  82.16048,-65.42298,186.7225
19.84:  82.14442,-65.55961,186.7015
19.86:  82.14442,-65.55961,186.6869
19.88:  82.14442,-65.55961,186.6659
19.89:  82.14442,-65.55961,186.6449
19.91:  82.14442,-65.55961,186.6302
19.93:  82.14442,-65.55961,186.6092
19.94:  82.14442,-65.55961,186.5882
19.96:  82.14442,-65.55961,186.5736
19.98:  82.14442,-65.55961,186.5526
19.99:  82.14442,-65.55961,186.5379
20.01:  82.14442,-65.55961,186.5233
20.03:  82.14442,-65.55961,186.5086
20.04:  82.14442,-65.55961,186.494
20.06:  82.14442,-65.55961,186.4793
20.08:  82.14442,-65.55961,186.471
20.09:  82.14442,-65.55961,186.469
20.11:  82.14442,-65.55961,186.469
20.13:  82.14442,-65.55961,186.471
20.14:  82.14442,-65.55961,186.549
20.16:  82.14442,-65.55961,186.7792
20.18:  82.14442,-65.55961,187.2375
20.19:  82.14442,-65.55961,187.8859
20.21:  82.14442,-65.55961,188.6738
20.23:  82.14442,-65.55961,189.4617
20.24:  82.14442,-65.55961,190.2496
20.26:  82.14442,-65.55961,191.0374
20.28:  82.14442,-65.55961,191.8253
20.29:  82.14442,-65.55961,192.6132
20.31:  82.14442,-65.55961,193.4011
20.33:  82.14442,-65.55961,194.1889
20.34:  82.14442,-65.55961,194.9768
20.36:  82.14442,-65.55961,195.7647
20.38:  82.14442,-65.55961,196.5526
20.39:  82.14442,-65.55961,197.3405
20.41:  82.14442,-65.55961,198.1283
20.43:  82.14442,-65.55961,198.9162
20.44:  82.14442,-65.55961,199.7041
20.46:  82.14442,-65.55961,200.492
20.48:  82.14442,-65.55961,201.2799
20.49:  82.14442,-65.55961,202.0677
20.51:  82.14442,-65.55961,202.8556
20.53:  82.14442,-65.55961,203.6435
20.54:  82.14442,-65.55961,204.4314
20.56:  82.14442,-65.55961,205.2193
20.58:  82.14442,-65.55961,206.0071
20.59:  82.14442,-65.55961,206.795
20.61:  82.14442,-65.55961,207.5829
20.63:  82.14442,-65.55961,208.3708
20.64:  82.14442,-65.55961,209.1586
20.66:  82.14442,-65.55961,209.9465
20.68:  82.14442,-65.55961,210.7344
20.69:  82.14442,-65.55961,211.5223
20.71:  82.14442,-65.55961,212.3102
20.73:  82.14442,-65.55961,213.0981
20.74:  82.14442,-65.55961,213.8859
20.76:  82.14442,-65.55961,214.6738
20.78:  82.14442,-65.55961,215.4617
20.79:  82.14442,-65.55961,216.2496
20.81:  82.14442,-65.55961,217.0374
20.83:  82.14442,-65.55961,217.8253
20.84:  82.14442,-65.55961,218.6132
20.86:  82.14442,-65.55961,219.4011
20.88:  82.14442,-65.55961,220.189
20.89:  82.14442,-65.55961,220.9768
20.91:  82.14442,-65.55961,221.7647
20.93:  82.14442,-65.55961,222.5526
20.94:  82.14442,-65.55961,223.3405
20.96:  82.14442,-65.55961,224.1284
20.98:  82.14442,-65.55961,224.9162
20.99:  82.14442,-65.55961,225.7041
21.01:  82.14442,-65.55961,226.492
21.03:  82.14442,-65.55961,227.2799
21.04:  82.14442,-65.55961,228.0677
21.06:  82.14442,-65.55961,228.8556
21.08:  82.14442,-65.55961,229.6435
21.09:  82.14442,-65.55961,230.4314
21.11:  82.14442,-65.55961,231.2193
21.13:  82.14442,-65.55961,232.0072
21.14:  82.14442,-65.55961,232.795
21.16:  82.14442,-65.55961,233.5829
21.18:  82.14442,-65.55961,234.3708
21.19:  82.14442,-65.55961,235.1587
21.21:  82.14442,-65.55961,235.9465
21.23:  82.14442,-65.55961,236.7344
21.24:  82.14442,-65.55961,237.5223
21.26:  82.14442,-65.55961,238.3102
21.28:  82.14442,-65.55961,239.0981
21.29:  82.14442,-65.55961,239.886
21.31:  82.14442,-65.55961,240.6738
21.33:  82.14442,-65.55961,241.4617
21.34:  82.14442,-65.55961,242.2496
21.36:  82.14442,-65.55961,243.0375
21.38:  82.14442,-65.55961,243.8253
21.39:  82.14442,-65.55961,244.6132
21.41:  82.14442,-65.55961,245.4011
21.43:  82.14442,-65.55961,246.189
21.44:  82.14442,-65.55961,246.9769
21.46:  82.14442,-65.55961,247.7647
21.48:  82.14442,-65.55961,248.5526
21.49:  82.14442,-65.55961,249.3405
21.51:  82.14442,-65.55961,250.1284
21.53:  82.14442,-65.55961,250.9163
21.54:  82.14442,-65.55961,251.7041
21.56:  82.14442,-65.55961,252.492
21.58:  82.14442,-65.55961,253.2799
21.59:  82.14442,-65.55961,254.0678
21.61:  82.14442,-65.55961,254.8557
21.63:  82.14442,-65.55961,255.6436
21.64:  82.14442,-65.55961,256.4314
21.66:  82.14442,-65.55961,257.2193
21.68:  82.14442,-65.55961,258.0072
21.69:  82.14442,-65.55961,258.7951
21.71:  82.14442,-65.55961,259.5829
21.73:  82.14442,-65.55961,260.3708
21.74:  82.14442,-65.55961,261.1587
21.76:  82.14442,-65.55961,261.9466
21.78:  82.14442,-65.55961,262.7345
21.79:  82.14442,-65.55961,263.5223
21.81:  82.14442,-65.55961,264.3102
21.83:  82.14442,-65.55961,265.0981
21.84:  82.14442,-65.55961,265.886
21.86:  82.14442,-65.55961,266.6739
21.88:  82.14442,-65.55961,267.4617
21.89:  82.14442,-65.55961,268.2496
21.91:  82.14442,-65.55961,269.0375
21.93:  82.14442,-65.55961,269.8254
21.94:  82.14442,-65.55961,270.6133
21.96:  82.14442,-65.55961,271.4011
21.98:  82.14442,-65.55961,272.189
21.99:  82.14442,-65.55961,272.9769
22.01:  82.14442,-65.55961,273.7648
22.03:  82.14442,-65.55961,274.5526
22.04:  82.14442,-65.55961,275.3405
22.06:  82.14442,-65.55961,276.1284
22.08:  82.14442,-65.55961,276.9163
22.09:  82.14442,-65.55961,277.7042
22.11:  82.14442,-65.55961,278.492
22.13:  82.14442,-65.55961,279.2799
22.14:  82.14442,-65.55961,280.0678
22.16:  82.14442,-65.55961,280.8557
22.18:  82.14442,-65.55961,281.6436
22.19:  82.14442,-65.55961,282.4315
22.21:  82.14442,-65.55961,283.2193
22.23:  82.14442,-65.55961,284.0072
22.24:  82.14442,-65.55961,284.7951
22.26:  82.14442,-65.55961,285.5829
22.28:  82.14442,-65.55961,286.3708
22.29:  82.14442,-65.55961,287.1587
22.31:  82.14442,-65.55961,287.9466
22.33:  82.14442,-65.55961,288.7345
22.34:  82.14442,-65.55961,289.5223
22.36:  82.14442,-65.55961,290.3102
22.38:  82.14442,-65.55961,291.0981
22.39:  82.14442,-65.55961,291.886
22.41:  82.14442,-65.55961,292.6739
22.43:  82.14442,-65.55961,293.4617
22.44:  82.14442,-65.55961,294.2496
22.46:  82.14442,-65.55961,295.0375
22.48:  82.14442,-65.55961,295.8254
22.49:  82.14442,-65.55961,296.6133
22.51:  82.14442,-65.55961,297.4012
22.53:  82.14442,-65.55961,298.189
22.54:  82.14442,-65.55961,298.9769
22.56:  82.14442,-65.55961,299.7648
22.58:  82.14442,-65.55961,300.5526
22.59:  82.14442,-65.55961,301.3405
22.61:  82.14442,-65.55961,302.1284
22.63:  82.14442,-65.55961,302.9163
22.64:  82.14442,-65.55961,303.7042
22.66:  82.14442,-65.55961,304.4921
22.68:  82.14442,-65.55961,305.2799
22.69:  82.14442,-65.55961,306.0678
22.71:  82.14442,-65.55961,306.8557
22.73:  82.14442,-65.55961,307.6436
22.74:  82.14442,-65.55961,308.4315
22.76:  82.14442,-65.55961,309.2193
22.78:  82.14442,-65.55961,310.0072
22.79:  82.14442,-65.55961,310.7951
22.81:  82.14442,-65.55961,311.5829
22.83:  82.14442,-65.55961,312.3708
22.84:  82.14442,-65.55961,313.1587
22.86:  82.14442,-65.55961,313.9466
22.88:  82.14442,-65.55961,314.7345
22.89:  82.14442,-65.55961,315.5223
22.91:  82.14442,-65.55961,316.3102
22.93:  82.14442,-65.55961,317.0981
22.94:  82.14442,-65.55961,317.886
22.96:  82.14442,-65.55961,318.6739
22.98:  82.14442,-65.55961,319.4618
22.99:  82.14442,-65.55961,320.2496
23.01:  82.14442,-65.55961,321.0375
23.03:  82.14442,-65.55961,321.8254
23.04:  82.14442,-65.55961,322.6133
23.06:  82.14442,-65.55961,323.4012
23.08:  82.14442,-65.55961,324.189
23.09:  82.14442,-65.55961,324.9769
23.11:  82.14442,-65.55961,325.7648
23.13:  82.14442,-65.55961,326.5526
23.14:  82.14442,-65.55961,327.3405
23.16:  82.14442,-65.55961,327.9636
23.18:  82.14442,-65.55961,328.2255
23.19:  82.14442,-65.55961,328.2171
23.21:  82.14442,-65.55961,328.1264
23.23:  82.14442,-65.55961,327.928
23.24:  82.14442,-65.55961,327.5584
23.26:  82.14442,-65.55961,326.967
23.28:  82.14442,-65.55961,326.1791
23.29:  82.14442,-65.55961,325.3912
23.31:  82.14442,-65.55961,324.6033
23.33:  82.14442,-65.55961,323.8155
23.34:  82.14442,-65.55961,323.0276
23.36:  82.14442,-65.55961,322.2397
23.38:  82.14442,-65.55961,321.4518
23.39:  82.14442,-65.55961,320.6639
23.41:  82.14442,-65.55961,319.8761
23.43:  82.14442,-65.55961,319.0882
23.44:  82.14442,-65.55961,318.3003
23.46:  82.14442,-65.55961,317.5124
23.48:  82.14442,-65.55961,316.7245
23.49:  82.14442,-65.55961,315.9367
23.51:  82.14442,-65.55961,315.1488
23.53:  82.14442,-65.55961,314.3609
23.54:  82.14442,-65.55961,313.573
23.56:  82.14442,-65.55961,312.7852
23.58:  82.14442,-65.55961,311.9973
23.59:  82.14442,-65.55961,311.2094
23.61:  82.14442,-65.55961,310.4215
23.63:  82.14442,-65.55961,309.6336
23.64:  82.14442,-65.55961,308.8458
23.66:  82.14442,-65.55961,308.0579
23.68:  82.14442,-65.55961,307.27
23.69:  82.14442,-65.55961,306.4821
23.71:  82.14442,-65.55961,305.6942
23.73:  82.14442,-65.55961,304.9064
23.74:  82.14442,-65.55961,304.1185
23.76:  82.14442,-65.55961,303.3306
23.78:  82.14442,-65.55961,302.5427
23.79:  82.14442,-65.55961,301.7549
23.81:  82.14442,-65.55961,300.967
23.83:  82.14442,-65.55961,300.1791
23.84:  82.14442,-65.55961,299.3912
23.86:  82.14442,-65.55961,298.6033
23.88:  82.14442,-65.55961,297.8155
23.89:  82.14442,-65.55961,297.0276
23.91:  82.14442,-65.55961,296.2397
23.93:  82.14442,-65.55961,295.4518
23.94:  82.14442,-65.55961,294.6639
23.96:  82.14442,-65.55961,293.8761
23.98:  82.14442,-65.55961,293.0882
23.99:  82.14442,-65.55961,292.3003
24.01:  82.14442,-65.55961,291.5124
24.03:  82.14442,-65.55961,290.7245
24.04:  82.14442,-65.55961,289.9367
24.06:  82.07499,-65.5355,289.1488
24.08:  81.84809,-65.58149,288.3609
24.09:  81.60663,-65.64047,287.6237
24.11:  81.36208,-65.70329,286.9436
24.13:  81.12219,-65.76656,286.2825
24.14:  80.87964,-65.81891,285.6594
24.16:  80.635,-65.86166,285.1377
24.18:  80.38694,-65.90323,284.7935
24.19:  80.13829,-65.94418,284.7218
24.21:  79.88885,-65.98542,284.6881
24.23:  79.64407,-66.02705,284.6544
24.24:  79.38589,-66.07001,284.6271
24.26:  79.14474,-66.11028,284.5934
24.28:  78.89862,-66.15256,284.5598
24.29:  78.65242,-66.19495,284.5324
24.31:  78.40283,-66.22694,284.4987
24.33:  78.15367,-66.24039,284.4651
24.34:  77.89495,-66.24519,284.4314
24.36:  77.63801,-66.24774,284.3978
24.38:  77.38261,-66.2504,284.3704
24.39:  77.1256,-66.25323,284.3367
24.41:  76.86844,-66.2562,284.3031
24.43:  76.61547,-66.25925,284.2758
24.44:  76.35706,-66.2625,284.2484
24.46:  76.10124,-66.26585,284.2147
24.48:  75.84438,-66.26935,284.1874
24.49:  75.59128,-66.27291,284.1601
24.51:  75.33188,-66.27671,284.1264
24.53:  75.07866,-66.28055,284.0991
24.54:  74.82069,-66.28458,284.0717
24.56:  74.56338,-66.28872,284.0444
24.58:  74.30884,-66.29061,284.0107
24.59:  74.05,-66.29204,283.9834
24.61:  73.79226,-66.29359,283.9561
24.63:  73.53568,-66.29528,283.9224
24.64:  73.27657,-66.29472,283.8951
24.66:  73.01173,-66.29428,283.8677
24.68:  72.75898,-66.29633,283.8341
24.69:  72.50288,-66.2962,283.8004
24.71:  72.2452,-66.2962,283.7731
24.73:  71.98997,-66.29632,283.7457
24.74:  71.73112,-66.29655,283.7184
24.76:  71.47458,-66.29691,283.6911
24.78:  71.21701,-66.29498,283.6701
24.79:  70.95995,-66.29312,283.6554
24.81:  70.69527,-66.29121,283.6534
24.83:  70.45062,-66.28999,283.6534
24.84:  70.19193,-66.28813,283.6534
24.86:  69.93559,-66.28629,283.6534
24.88:  69.67824,-66.28669,283.6808
24.89:  69.42155,-66.28431,283.7715
24.91:  69.16454,-66.28115,283.9446
24.93:  68.91019,-66.2772,284.1304
24.94:  68.65107,-66.27448,284.3732
24.96:  68.39526,-66.26808,284.673
24.98:  68.1359,-66.26236,285.0363
24.99:  67.87943,-66.25258,285.4249
25.01:  67.62308,-66.24078,285.8768
25.03:  67.36798,-66.22921,286.3668
25.04:  67.11032,-66.21293,286.8568
25.06:  66.85297,-66.19682,287.3532
25.08:  66.59657,-66.17615,287.8495
25.09:  66.34126,-66.15334,288.3458
25.11:  66.08574,-66.12828,288.8422
25.13:  65.82972,-66.10332,289.3385
25.14:  65.57409,-66.07617,289.8348
25.16:  65.31803,-66.04432,290.3312
25.18:  65.06213,-66.01023,290.8275
25.19:  64.80964,-65.97437,291.3239
25.21:  64.55584,-65.93608,291.8202
25.23:  64.30448,-65.89593,292.3165
25.24:  64.04052,-65.85142,292.8129
25.26:  63.79235,-65.80735,293.3092
25.28:  63.54208,-65.76067,293.8055
25.29:  63.29064,-65.71393,294.3019
25.31:  63.03722,-65.66455,294.7982
25.33:  62.78749,-65.61122,295.2946
25.34:  62.53598,-65.55523,295.7909
25.36:  62.28451,-65.49941,296.2872
25.38:  62.02591,-65.43965,296.7835
25.39:  61.78324,-65.37894,297.2862
25.41:  61.5353,-65.31462,297.7826
25.43:  61.28793,-65.25062,298.2789
25.44:  61.03809,-65.18117,298.7752
25.46:  60.79089,-65.11261,299.2715
25.48:  60.54278,-65.04149,299.7679
25.49:  60.29766,-64.96891,300.2642
25.51:  60.05066,-64.89345,300.7606
25.53:  59.80708,-64.81669,301.2632
25.54:  59.5609,-64.73672,301.7659
25.56:  59.31813,-64.65303,302.2623
25.58:  59.06617,-64.56634,302.7586
25.59:  58.83344,-64.48156,303.2549
25.61:  58.59164,-64.39365,303.7513
25.63:  58.35241,-64.30429,304.2539
25.64:  58.11189,-64.20947,304.7566
25.66:  57.87335,-64.11301,305.2593
25.68:  57.63845,-64.01563,305.7556
25.69:  57.39257,-63.91121,306.252
25.71:  57.15936,-63.80976,306.7483
25.73:  56.92748,-63.70907,307.2446
25.74:  56.69195,-63.60173,307.741
25.76:  56.46154,-63.49434,308.231
25.78:  56.22799,-63.38565,308.7273
25.79:  55.99722,-63.27321,309.2173
25.81:  55.76577,-63.16061,309.7136
25.83:  55.53643,-63.04657,310.21
25.84:  55.30872,-62.92821,310.7063
25.86:  55.07846,-62.8087,311.2026
25.88:  54.85104,-62.68815,311.699
25.89:  54.62632,-62.56382,312.1953
25.91:  54.40162,-62.4397,312.6853
25.93:  54.17868,-62.31406,313.1753
25.94:  53.95284,-62.18423,313.6653
25.96:  53.72931,-62.05041,314.149
25.98:  53.51234,-61.91805,314.6263
25.99:  53.2944,-61.78265,315.0909
26.01:  53.07966,-61.64688,315.5429
26.03:  52.86346,-61.5079,315.9759
26.04:  52.64607,-61.36891,316.3645
26.06:  52.42968,-61.22906,316.6453
26.08:  52.21335,-61.08853,316.7804
26.09:  51.99913,-60.94644,316.795
26.11:  51.7839,-60.80655,316.795
26.13:  51.56989,-60.66745,316.7931
26.14:  51.35213,-60.52597,316.7848
26.16:  51.13638,-60.38594,316.7574
26.18:  50.92459,-60.24601,316.692
26.19:  50.70747,-60.1068,316.5696
26.21:  50.49181,-59.96967,316.3522
26.23:  50.27369,-59.82982,316.0333
26.24:  50.05584,-59.6946,315.6003
26.26:  49.84197,-59.56261,315.047
26.28:  49.62482,-59.43201,314.3922
26.29:  49.40237,-59.30428,313.636
26.31:  49.17661,-59.17874,312.8481
26.33:  48.9553,-59.06029,312.0602
26.34:  48.72546,-58.93792,311.2724
26.36:  48.49833,-58.8216,310.4845
26.38:  48.26846,-58.70721,309.6966
26.39:  48.02836,-58.59455,308.9087
26.41:  47.79848,-58.49052,308.1208
26.43:  47.56973,-58.38884,307.3329
26.44:  47.33247,-58.28987,306.5451
26.46:  47.09797,-58.19326,305.7572
26.48:  46.86172,-58.09971,304.9693
26.49:  46.6225,-58.01132,304.1815
26.51:  46.38334,-57.92414,303.3936
26.53:  46.14519,-57.84103,302.6057
26.54:  45.89764,-57.75783,301.8178
26.56:  45.65733,-57.68131,301.0299
26.58:  45.41415,-57.60754,300.2421
26.59:  45.16956,-57.53701,299.4542
26.61:  44.92342,-57.46967,298.6663
26.63:  44.67746,-57.40543,297.8784
26.64:  44.42459,-57.34557,297.0905
26.66:  44.17701,-57.2887,296.3026
26.68:  43.91955,-57.23269,295.5148
26.69:  43.6734,-57.18267,294.7269
26.71:  43.42224,-57.13822,293.939
26.73:  43.17484,-57.09555,293.1511
26.74:  42.9204,-57.05527,292.3633
26.76:  42.66904,-57.01901,291.5754
26.78:  42.417,-56.98618,290.7875
26.79:  42.1646,-56.95627,289.9996
26.81:  41.90972,-56.93018,289.2117
26.83:  41.65518,-56.90947,288.4239
26.84:  41.39487,-56.89188,287.636
26.86:  41.13859,-56.87572,286.8481
26.88:  40.88158,-56.86545,286.0602
26.89:  40.62444,-56.85872,285.2723
26.91:  40.36678,-56.85551,284.4845
26.93:  40.11419,-56.85406,283.6966
26.94:  39.85693,-56.85852,282.9087
26.96:  39.60048,-56.86591,282.1208
26.98:  39.34553,-56.87497,281.3329
26.99:  39.08936,-56.8894,280.5451
27.01:  38.83558,-56.90541,279.7572
27.03:  38.58093,-56.92681,278.9693
27.04:  38.32569,-56.94997,278.1815
27.06:  38.06966,-56.97619,277.3936
27.08:  37.81419,-57.00591,276.6057
27.09:  37.56192,-57.04174,275.8178
27.11:  37.30972,-57.08112,275.0299
27.13:  37.05076,-57.12458,274.2421
27.14:  36.8022,-57.16983,273.4542
27.16:  36.55107,-57.21973,272.6663
27.18:  36.30548,-57.27204,271.8784
27.19:  36.04245,-57.33122,271.0905
27.21:  35.79668,-57.39008,270.3027
27.23:  35.55403,-57.45233,269.5148
27.24:  35.30675,-57.51937,268.7332
27.26:  35.06244,-57.58921,267.9517
27.28:  34.81692,-57.66237,267.1765
27.29:  34.57343,-57.73906,266.4203
27.31:  34.33157,-57.81861,265.6958
27.33:  34.08912,-57.90097,265.0093
27.34:  33.8468,-57.98698,264.3609
27.36:  33.6018,-58.07686,263.7568
27.38:  33.36494,-58.16639,263.1971
27.39:  33.12288,-58.25959,262.7134
27.41:  32.88944,-58.35138,262.3058
27.43:  32.65159,-58.44648,261.9806
27.44:  32.4047,-58.54623,261.7695
27.46:  32.17288,-58.64051,261.6407
27.48:  31.93791,-58.73701,261.5754
27.49:  31.70186,-58.83412,261.5417
27.51:  31.46533,-58.93155,261.5144
27.53:  31.22907,-59.02828,261.5061
27.54:  30.99013,-59.12611,261.5061
27.56:  30.75338,-59.22367,261.5061
27.58:  30.51807,-59.32064,261.5081
27.59:  30.2821,-59.41771,261.5417
27.61:  30.04235,-59.51529,261.6261
27.63:  29.80952,-59.61002,261.7612
27.64:  29.56866,-59.70648,261.947
27.66:  29.32943,-59.80114,262.1834
27.68:  29.0898,-59.89445,262.496
27.69:  28.84908,-59.98643,262.8592
27.71:  28.60766,-60.07675,263.2605
27.73:  28.36799,-60.16438,263.6871
27.74:  28.1233,-60.25167,264.1391
27.76:  27.87566,-60.33836,264.61
27.78:  27.6381,-60.41872,265.0811
27.79:  27.39417,-60.49901,265.552
27.81:  27.1507,-60.57753,266.0294
27.83:  26.91048,-60.65279,266.5067
27.84:  26.66479,-60.72752,266.984
27.86:  26.41737,-60.79989,267.4677
27.88:  26.16924,-60.87017,267.9576
27.89:  25.92204,-60.93793,268.4413
27.91:  25.67209,-61.0042,268.925
27.93:  25.42643,-61.06707,269.415
27.94:  25.1768,-61.12869,269.905
27.96:  24.92598,-61.18895,270.395
27.98:  24.67406,-61.24658,270.885
27.99:  24.42326,-61.30171,271.375
28.01:  24.17279,-61.35455,271.8586
28.03:  23.92204,-61.40522,272.3486
28.04:  23.66867,-61.45476,272.8386
28.06:  23.41804,-61.50152,273.335
28.08:  23.16343,-61.54614,273.8313
28.09:  22.91332,-61.58836,274.3213
28.11:  22.66091,-61.62872,274.8176
28.13:  22.41088,-61.66648,275.314
28.14:  22.15472,-61.7023,275.8103
28.16:  21.8993,-61.73574,276.313
28.18:  21.64625,-61.76706,276.8474
28.19:  21.39351,-61.79523,277.4134
28.21:  21.12594,-61.82225,278.0048
28.23:  20.88,-61.84501,278.6152
28.24:  20.62283,-61.86546,279.2256
28.26:  20.36962,-61.88346,279.8361
28.28:  20.11409,-61.89889,280.4465
28.29:  19.85714,-61.91108,281.0569
28.31:  19.60275,-61.92101,281.6673
28.33:  19.34739,-61.92758,282.2968
28.34:  19.08993,-61.93188,282.9452
28.36:  18.82684,-61.93267,283.6
28.38:  18.57586,-61.93113,284.2548
28.39:  18.32163,-61.92666,284.9095
28.41:  18.0676,-61.91929,285.5643
28.43:  17.81633,-61.90913,286.2191
28.44:  17.55011,-61.89528,286.8802
28.46:  17.30124,-61.87883,287.554
28.48:  17.04477,-61.85878,288.2405
28.49:  16.79098,-61.83639,288.946
28.51:  16.53405,-61.80993,289.6515
28.53:  16.28023,-61.78062,290.3569
28.54:  16.02727,-61.74823,291.0688
28.56:  15.76955,-61.71197,291.7806
28.58:  15.5152,-61.67295,292.4924
28.59:  15.26329,-61.63167,293.2106
28.61:  15.00917,-61.58614,293.9287
28.63:  14.75949,-61.538,294.6849
28.64:  14.50717,-61.48643,295.4538
28.66:  14.25766,-61.43194,296.2226
28.68:  14.00847,-61.374,296.9915
28.69:  13.76304,-61.3134,297.773
28.71:  13.50829,-61.24677,298.5609
28.73:  13.266,-61.17922,299.3488
28.74:  13.01865,-61.10661,300.1303
28.76:  12.77526,-61.03155,300.9119
28.78:  12.52936,-60.95203,301.6934
28.79:  12.28723,-60.87005,302.4749
28.81:  12.04272,-60.78354,303.2565
28.83:  11.80418,-60.69543,304.0444
28.84:  11.56176,-60.60211,304.8259
28.86:  11.32588,-60.50756,305.6138
28.88:  11.08674,-60.40851,306.4017
28.89:  10.84554,-60.3047,307.1896
28.91:  10.61732,-60.20273,307.9774
28.93:  10.38969,-60.09728,308.759
28.94:  10.15822,-59.98616,309.5469
28.96:  9.929785,-59.8726,310.3347
28.98:  9.700606,-59.75409,311.1163
28.99:  9.475838,-59.63457,311.9042
29.01:  9.252643,-59.51192,312.692
29.03:  9.032669,-59.38708,313.4799
29.04:  8.809327,-59.25554,314.2678
29.06:  8.589279,-59.12186,315.0493
29.08:  8.370662,-58.98491,315.8372
29.09:  8.15441,-58.84526,316.6251
29.11:  7.940416,-58.70289,317.4066
29.13:  7.732111,-58.56084,318.1945
29.14:  7.521378,-58.41285,318.9824
29.16:  7.312716,-58.26125,319.7703
29.18:  7.106917,-58.10737,320.5581
29.19:  6.909197,-57.94629,321.3397
29.21:  6.730235,-57.77161,322.1212
29.23:  6.573523,-57.57653,322.9091
29.24:  6.426384,-57.37625,323.697
29.26:  6.281556,-57.17332,324.4849
29.28:  6.138892,-56.96755,325.2664
29.29:  5.999693,-56.76076,326.0543
29.31:  5.862623,-56.55095,326.8422
29.33:  5.729136,-56.34037,327.63
29.34:  5.597294,-56.12591,328.4179
29.36:  5.468367,-55.90958,329.2058
29.38:  5.34357,-55.69349,329.9937
29.39:  5.219278,-55.47132,330.7752
29.41:  5.100636,-55.25223,331.5631
29.43:  4.986643,-55.03469,332.3446
29.44:  4.880853,-54.80386,333.1325
29.46:  4.784584,-54.57387,333.9204
29.48:  4.69559,-54.33968,334.7083
29.49:  4.613552,-54.10013,335.4962
29.51:  4.540191,-53.86027,336.284
29.53:  4.475078,-53.61916,337.0719
29.54:  4.414459,-53.37189,337.8598
29.56:  4.358369,-53.12867,338.6477
29.58:  4.304231,-52.87838,339.4292
29.59:  4.254258,-52.63092,340.2171
29.61:  4.207434,-52.38157,340.9986
29.63:  4.164603,-52.13483,341.7865
29.64:  4.124614,-51.88422,342.5681
29.66:  4.084653,-51.62694,343.3559
29.68:  4.050121,-51.3825,344.1438
29.69:  4.021235,-51.1367,344.9317
29.71:  3.992424,-50.88245,345.7196
29.73:  3.967742,-50.63417,346.5074
29.74:  3.936002,-50.38204,347.2256
29.76:  3.892968,-50.13625,347.8233
29.78:  3.842373,-49.89027,348.3767
29.79:  3.794439,-49.64542,348.9238
29.81:  3.748902,-49.40026,349.4771
29.83:  3.706019,-49.15599,350.0432
29.84:  3.664789,-48.90669,350.6093
29.86:  3.626473,-48.65989,351.1753
29.88:  3.590529,-48.41225,351.7414
29.89:  3.557542,-48.16803,352.3074
29.91:  3.526495,-47.91971,352.8734
29.93:  3.497967,-47.67141,353.4458
29.94:  3.471593,-47.41971,354.0182
29.96:  3.448041,-47.17128,354.5843
29.98:  3.426776,-46.92196,355.125
29.99:  3.407843,-46.67252,355.6594
30.01:  3.391453,-46.42617,356.1937
30.03:  3.377175,-46.17642,356.7281
30.04:  3.365044,-45.9233,357.2561
30.06:  3.355345,-45.67262,357.7841
30.08:  3.347986,-45.42384,358.3058
30.09:  3.342871,-45.17392,358.8275
30.11:  3.339816,-44.92439,359.2985
30.13:  3.338651,-44.67581,359.7314
30.14:  3.339038,-44.42459,0.08835013
30.16:  3.340568,-44.17422,0.3501841
30.18:  3.332971,-43.92434,0.5042741
30.19:  3.315872,-43.67408,0.5759714
30.21:  3.283919,-43.42201,0.5906278
30.23:  3.243219,-43.17641,0.5989463
30.24:  3.194213,-42.92506,0.6009269
30.26:  3.137312,-42.67132,0.6009269
30.28:  3.078737,-42.42101,0.6009269
30.29:  3.017517,-42.1699,0.5989463
30.31:  2.953891,-41.92167,0.5906278
30.33:  2.891088,-41.67678,0.5823094
30.34:  2.826819,-41.42634,0.5739909
30.36:  2.763021,-41.17534,0.5656725
30.38:  2.699096,-40.92398,0.557354
30.39:  2.635433,-40.67381,0.5490355
30.41:  2.571434,-40.42502,0.5407171
30.43:  2.508575,-40.17831,0.5323985
30.44:  2.444221,-39.92833,0.5304179
30.46:  2.379973,-39.67635,0.5220994
30.48:  2.316005,-39.42816,0.513781
30.49:  2.252187,-39.18071,0.5054625
30.51:  2.198,-38.93011,0.5054625
30.53:  2.151113,-38.67929,0.5054625
30.54:  2.106834,-38.42936,0.5054625
30.56:  2.062369,-38.17837,0.5054625
30.58:  2.018027,-37.92808,0.5054625
30.59:  1.976538,-37.68021,0.5054625
30.61:  1.934159,-37.42704,0.5054625
30.63:  1.89518,-37.17973,0.5054625
30.64:  1.862809,-36.92738,0.5054625
30.66:  1.840286,-36.67471,0.5054625
30.68:  1.828048,-36.42983,0.5054625
30.69:  1.8204,-36.17811,0.5054625
30.71:  1.82269,-35.91859,0.5054625
30.73:  1.824857,-35.67295,0.5054625
30.74:  1.827043,-35.42511,0.5054625
30.76:  1.82924,-35.17615,0.5054625
30.78:  1.831458,-34.92565,0.5074431
30.79:  1.833659,-34.67813,0.5094237
30.81:  1.835908,-34.42619,0.5114043
30.83:  1.838112,-34.17929,0.5114043
30.84:  1.840366,-33.92671,0.5114043
30.86:  1.842601,-33.67629,0.5114043
30.88:  1.844815,-33.42727,0.5094237
30.89:  1.847036,-33.17652,0.5074431
30.91:  1.849239,-32.92688,0.5054625
30.93:  1.851406,-32.68028,0.503482
30.94:  1.85363,-32.42612,0.5015013
30.96:  1.855804,-32.17686,0.4995207
30.98:  1.857989,-31.92624,0.4995207
30.99:  1.860167,-31.67641,0.4995207
31.01:  1.862334,-31.42682,0.4975401
31.03:  1.864486,-31.17908,0.4975401
31.04:  1.866681,-30.9262,0.4975401
31.06:  1.868838,-30.67688,0.4955595
31.08:  1.870998,-30.42718,0.4955595
31.09:  1.87316,-30.17725,0.4955595
31.11:  1.875324,-29.927,0.4955595
31.14:  1.877465,-29.67945,0.4955595
31.16:  1.879651,-29.4267,0.4955595
31.18:  1.881801,-29.17816,0.4955595
31.19:  1.883969,-28.92652,0.493579
31.21:  1.886107,-28.67826,0.493579
31.23:  1.888262,-28.42818,0.493579
31.24:  1.890404,-28.17847,0.4915983
31.26:  1.892534,-27.92927,0.4896177
31.28:  1.894695,-27.67638,0.4896177
31.29:  1.896831,-27.42643,0.4896177
31.31:  1.897647,-27.33092,0.4896177
31.33:  1.897647,-27.33092,0.4896177
31.34:  1.897647,-27.33092,0.4896177
31.36:  1.897647,-27.33092,0.4896177
31.38:  1.897647,-27.33092,0.4896177
31.39:  1.897647,-27.33092,0.4896177
31.41:  1.897647,-27.33092,0.4876371
31.43:  1.897647,-27.33092,0.4876371
31.44:  1.897647,-27.33092,0.4876371
31.46:  1.897647,-27.33092,0.4876371
31.48:  1.897647,-27.33092,0.4876371
31.49:  1.897647,-27.33092,0.4856566
31.51:  1.897647,-27.33092,0.4856566
31.53:  1.897647,-27.33092,0.4836759
31.54:  1.897647,-27.33092,0.4836759
31.56:  1.897647,-27.33092,0.4816953
31.58:  1.897647,-27.33092,0.4816953
31.59:  1.897647,-27.33092,0.4816953
31.61:  1.897647,-27.33092,0.4816953
31.63:  1.897647,-27.33092,0.4797147
31.64:  1.897647,-27.33092,0.4797147
31.66:  1.897647,-27.33092,0.4797147
31.68:  1.897647,-27.33092,0.4797147
31.69:  1.897647,-27.33092,0.4797147
31.71:  1.897647,-27.33092,0.4797147
31.73:  1.897647,-27.33092,0.4797147
31.74:  1.897647,-27.33092,0.4797147
31.76:  1.897647,-27.33092,0.4777341
31.78:  1.897647,-27.33092,0.4757535
31.79:  1.897647,-27.33092,0.4737729
31.81:  1.897647,-27.33092,0.4737729
31.83:  1.897647,-27.33092,0.4737729
31.84:  1.897647,-27.33092,0.4737729
31.86:  1.897647,-27.33092,0.4717923
31.88:  1.897647,-27.33092,0.4717923
31.89:  1.897647,-27.33092,0.4717923
31.91:  1.897647,-27.33092,0.4717923
31.93:  1.897647,-27.33092,0.4717923
31.94:  1.897647,-27.33092,0.4717923
31.96:  1.897647,-27.33092,0.4698117
31.98:  1.897647,-27.33092,0.4698117
31.99:  1.897647,-27.33092,0.4698117
32.01:  1.897647,-27.33092,0.4678311
32.03:  1.897647,-27.33092,0.4678311
32.04:  1.897647,-27.33092,0.4678311
32.06:  1.897647,-27.33092,0.4658505
32.08:  1.897647,-27.33092,0.4658505
32.09:  1.897647,-27.33092,0.46387
32.11:  1.897647,-27.33092,0.46387
32.13:  1.897647,-27.33092,0.46387
32.14:  1.897647,-27.33092,0.46387
32.16:  1.897647,-27.33092,0.46387
32.18:  1.897647,-27.33092,0.46387
32.19:  1.897647,-27.33092,0.46387
32.21:  1.897647,-27.33092,0.46387
32.23:  1.897647,-27.33092,0.46387
32.24:  1.897647,-27.33092,0.46387
32.26:  1.897647,-27.33092,0.4618894
32.28:  1.897647,-27.33092,0.4618894
32.29:  1.897647,-27.33092,0.4599087
32.31:  1.897647,-27.33092,0.4579281
32.33:  1.897647,-27.33092,0.4579281
32.34:  1.897647,-27.33092,0.4579281
32.36:  1.897647,-27.33092,0.4579281
32.38:  1.897647,-27.33092,0.4579281
32.39:  1.897647,-27.33092,0.4579281
32.41:  1.897647,-27.33092,0.4579281
32.43:  1.897647,-27.33092,0.4579281
32.44:  1.897647,-27.33092,0.4559475
32.46:  1.897647,-27.33092,0.4559475
32.48:  1.897647,-27.33092,0.4559475
32.49:  1.897647,-27.33092,0.4559475
32.51:  1.897647,-27.33092,0.4559475
32.53:  1.897647,-27.33092,0.4559475
32.54:  1.897647,-27.33092,0.4559475
32.56:  1.897647,-27.33092,0.4539669
32.58:  1.897647,-27.33092,0.4519863
32.59:  1.897647,-27.33092,0.4519863
32.61:  1.897647,-27.33092,0.4519863
32.63:  1.897647,-27.33092,0.4500057
32.64:  1.897647,-27.33092,0.4480251
32.66:  1.897647,-27.33092,0.4480251
32.68:  1.897647,-27.33092,0.4480251
32.69:  1.897647,-27.33092,0.4480251
32.71:  1.897647,-27.33092,0.4460445
32.73:  1.897647,-27.33092,0.4460445
32.74:  1.897647,-27.33092,0.4460445
32.76:  1.897647,-27.33092,0.4460445
32.78:  1.897647,-27.33092,0.4460445
32.79:  1.897647,-27.33092,0.4460445
32.81:  1.897647,-27.33092,0.4460445
32.83:  1.897647,-27.33092,0.4460445
32.84:  1.897647,-27.33092,0.4460445
32.86:  1.897647,-27.33092,0.4460445
32.88:  1.897647,-27.33092,0.4460445
32.89:  1.897647,-27.33092,0.4460445
32.91:  1.897647,-27.33092,0.444064
32.93:  1.897647,-27.33092,0.444064
32.94:  1.897647,-27.33092,0.444064
32.96:  1.897647,-27.33092,0.444064
32.98:  1.897647,-27.33092,0.444064
32.99:  1.897647,-27.33092,0.444064
33.01:  1.897647,-27.33092,0.444064
33.03:  1.897647,-27.33092,0.444064
33.04:  1.897647,-27.33092,0.444064
33.06:  1.897647,-27.33092,0.444064
33.08:  1.897647,-27.33092,0.444064
33.09:  1.897647,-27.33092,0.444064
33.11:  1.897647,-27.33092,0.444064
33.13:  1.897647,-27.33092,0.444064
33.14:  1.897647,-27.33092,0.444064
33.16:  1.897647,-27.33092,0.444064
33.18:  1.897647,-27.33092,0.444064
33.19:  1.897647,-27.33092,0.444064
33.21:  1.897647,-27.33092,0.444064
33.23:  1.897647,-27.33092,0.4420834
