ParticipantNo: 11007
Controller type: Keyboard and Mouse
Training Level:
0.02:  82.7,18.5,270
0.04:  82.7,18.5,270
0.06:  82.7,18.5,270
0.08:  82.7,18.5,270
0.1:  82.7,18.5,270
0.11:  82.7,18.5,270
0.13:  82.7,18.5,270
0.15:  82.7,18.5,270
0.16:  82.7,18.5,270
0.18:  82.7,18.5,270
0.2:  82.7,18.5,270
0.21:  82.7,18.5,270
0.23:  82.7,18.5,270
0.25:  82.7,18.5,270
0.26:  82.7,18.5,270
0.28:  82.7,18.5,270
0.3:  82.7,18.5,270
0.31:  82.7,18.5,270
0.33:  82.7,18.5,270
0.35:  82.7,18.5,270
0.36:  82.7,18.5,270
0.38:  82.7,18.5,270
0.4:  82.7,18.5,270
0.41:  82.7,18.5,270
0.43:  82.7,18.5,270
0.45:  82.7,18.5,270
0.46:  82.7,18.5,270
0.48:  82.7,18.5,270
0.5:  82.7,18.5,270
0.51:  82.7,18.5,270
0.53:  82.7,18.5,270
0.55:  82.7,18.5,270
0.56:  82.7,18.5,270
0.58:  82.7,18.5,270
0.6:  82.7,18.5,270
0.61:  82.7,18.5,270
0.63:  82.7,18.5,270
0.65:  82.7,18.5,270
0.66:  82.7,18.5,270
0.68:  82.7,18.5,270
0.7:  82.7,18.5,270
0.71:  82.7,18.5,270
0.73:  82.7,18.5,270
0.75:  82.7,18.5,270
0.76:  82.7,18.5,270
0.78:  82.7,18.5,270
0.8:  82.7,18.5,270
0.81:  82.7,18.5,270
0.83:  82.7,18.5,270
0.85:  82.7,18.5,270
0.86:  82.7,18.5,270
0.88:  82.7,18.5,270
0.9:  82.7,18.5,270
0.91:  82.7,18.5,270
0.93:  82.7,18.5,270
0.95:  82.7,18.5,270
0.96:  82.7,18.5,270
0.98:  82.7,18.5,270
1:  82.7,18.5,270
1.01:  82.7,18.5,270
1.03:  82.7,18.5,270
1.05:  82.7,18.5,270
1.06:  82.7,18.5,270
1.08:  82.7,18.5,270
1.1:  82.7,18.5,270
1.11:  82.7,18.5,270
1.13:  82.7,18.5,270
1.15:  82.7,18.5,270
1.16:  82.7,18.5,270
1.18:  82.7,18.5,270
1.2:  82.7,18.5,270
1.21:  82.7,18.5,270
1.23:  82.7,18.5,270
1.25:  82.7,18.5,270
1.26:  82.7,18.5,270
1.28:  82.7,18.5,270
1.3:  82.7,18.5,270
1.31:  82.7,18.5,270
1.33:  82.7,18.5,270
1.35:  82.7,18.5,270
1.36:  82.7,18.5,270
1.38:  82.7,18.5,270
1.4:  82.7,18.5,270
1.41:  82.7,18.5,270
1.43:  82.7,18.5,270
1.45:  82.7,18.5,270
1.46:  82.7,18.5,270
1.48:  82.7,18.5,270
1.5:  82.7,18.5,270
1.51:  82.7,18.5,270
1.53:  82.7,18.5,270
1.55:  82.7,18.5,270
1.56:  82.7,18.5,270
1.58:  82.7,18.5,270
1.6:  82.7,18.5,270
1.61:  82.7,18.5,270
1.63:  82.7,18.5,270
1.65:  82.7,18.5,270
1.66:  82.7,18.5,270
1.68:  82.7,18.5,270
1.7:  82.7,18.5,270
1.71:  82.7,18.5,270
1.73:  82.7,18.5,270
1.75:  82.7,18.5,270
1.76:  82.7,18.5,270
1.78:  82.7,18.5,270
1.8:  82.7,18.5,270
1.81:  82.7,18.5,270
1.83:  82.7,18.5,270
1.85:  82.7,18.5,270
1.86:  82.7,18.5,270
1.88:  82.7,18.5,270
1.9:  82.7,18.5,270
1.91:  82.7,18.5,270
1.93:  82.7,18.5,270
1.95:  82.7,18.5,270
1.96:  82.7,18.5,270
1.98:  82.7,18.5,270
2:  82.7,18.5,270
2.01:  82.7,18.5,270
2.03:  82.7,18.5,270.2
2.05:  82.7,18.5,270.4
2.06:  82.7,18.5,270.7
2.08:  82.7,18.5,270.9
2.1:  82.7,18.5,271
2.11:  82.7,18.5,270.9
2.13:  82.7,18.5,270.6
2.15:  82.7,18.5,270.3
2.16:  82.7,18.5,271.1
2.18:  82.7,18.5,273
2.2:  82.7,18.5,275.4
2.21:  82.7,18.5,277.2
2.23:  82.7,18.5,277
2.25:  82.7,18.5,276.9
2.26:  82.7,18.5,276.9
2.28:  82.7,18.5,276.9
2.3:  82.7,18.5,276.9
2.31:  82.7,18.5,276.9
2.33:  82.7,18.5,276.9
2.35:  82.7,18.5,276.9
2.36:  82.7,18.5,276.9
2.38:  82.7,18.5,276.9
2.4:  82.7,18.5,276.9
2.41:  82.7,18.5,276.9
2.43:  82.7,18.5,276.9
2.45:  82.7,18.5,276.9
2.46:  82.7,18.5,276.9
2.48:  82.7,18.5,276.9
2.5:  82.7,18.5,276.9
2.51:  82.7,18.5,276.9
2.53:  82.7,18.5,276.9
2.55:  82.7,18.5,276.9
2.56:  82.7,18.5,276.9
2.58:  82.7,18.5,276.9
2.6:  82.7,18.5,276.9
2.61:  82.7,18.5,276.9
2.63:  82.7,18.5,276.9
2.65:  82.7,18.5,276.9
2.66:  82.7,18.5,276.9
2.68:  82.7,18.5,276.9
2.7:  82.7,18.5,276.9
2.71:  82.7,18.5,276.9
2.73:  82.7,18.5,276.9
2.75:  82.7,18.5,276.9
2.76:  82.7,18.5,276.9
2.78:  82.7,18.5,276.9
2.8:  82.7,18.5,276.9
2.81:  82.7,18.5,276.9
2.83:  82.7,18.5,276.9
2.85:  82.7,18.5,276.7
2.86:  82.7,18.5,277.3
2.88:  82.7,18.5,271.1
2.9:  82.7,18.5,264.6
2.91:  82.7,18.5,257.6
2.93:  82.7,18.5,250
2.95:  82.7,18.5,242
2.96:  82.7,18.5,234
2.98:  82.7,18.5,226.1
3:  82.7,18.5,218.4
3.01:  82.7,18.5,207.4
3.03:  82.7,18.5,200.4
3.05:  82.7,18.5,193.6
3.06:  82.7,18.5,187.3
3.08:  82.7,18.5,181.6
3.1:  82.7,18.5,176.6
3.11:  82.7,18.5,172
3.13:  82.7,18.5,167.4
3.15:  82.7,18.5,162.6
3.16:  82.7,18.5,157.8
3.18:  82.7,18.5,153
3.2:  82.7,18.5,148.5
3.21:  82.7,18.5,143
3.23:  82.7,18.5,140.2
3.25:  82.7,18.5,138.6
3.26:  82.7,18.5,138.1
3.28:  82.7,18.5,138.6
3.3:  82.7,18.5,140.3
3.31:  82.7,18.5,142.7
3.33:  82.7,18.5,145.4
3.35:  82.7,18.5,148
3.36:  82.7,18.5,149.5
3.38:  82.7,18.5,150.5
3.4:  82.7,18.5,150.8
3.41:  82.7,18.5,150.7
3.43:  82.7,18.5,150.4
3.45:  82.7,18.5,150.4
3.46:  82.7,18.5,150.6
3.48:  82.7,18.5,151.7
3.5:  82.7,18.5,154.5
3.51:  82.7,18.5,158.1
3.53:  82.7,18.5,161.3
3.55:  82.7,18.5,164.4
3.56:  82.7,18.5,167.2
3.58:  82.7,18.5,169.8
3.6:  82.7,18.5,172.4
3.61:  82.7,18.5,177
3.63:  82.7,18.5,181.1
3.65:  82.7,18.5,185.8
3.66:  82.7,18.5,191.3
3.68:  82.7,18.5,197.9
3.7:  82.7,18.5,205.4
3.71:  82.7,18.5,211.8
3.73:  82.7,18.5,216.9
3.75:  82.7,18.5,220.4
3.77:  82.7,18.5,222.5
3.78:  82.7,18.5,223.3
3.8:  82.7,18.5,222.9
3.81:  82.7,18.5,219.8
3.83:  82.7,18.5,216.9
3.85:  82.7,18.5,214
3.86:  82.7,18.5,211.9
3.88:  82.7,18.5,211.3
3.9:  82.7,18.5,212.2
3.91:  82.7,18.5,214.7
3.93:  82.7,18.5,218.4
3.95:  82.7,18.5,223.6
3.96:  82.7,18.5,229.8
3.98:  82.7,18.5,236.1
4:  82.7,18.5,242.5
4.01:  82.7,18.5,250.5
4.03:  82.7,18.5,254.1
4.05:  82.7,18.5,256
4.06:  82.7,18.5,256.4
4.08:  82.7,18.5,256.1
4.1:  82.7,18.5,254.9
4.11:  82.7,18.5,253.5
4.13:  82.7,18.5,252.3
4.15:  82.7,18.5,251.9
4.16:  82.7,18.5,251.9
4.18:  82.7,18.5,252
4.2:  82.7,18.5,252.2
4.21:  82.7,18.5,252.3
4.23:  82.7,18.5,252.2
4.25:  82.7,18.5,251.9
4.26:  82.7,18.5,251.5
4.28:  82.7,18.5,251.2
4.3:  82.7,18.5,251.1
4.31:  82.7,18.5,251.1
4.33:  82.7,18.5,251.1
4.35:  82.7,18.5,251.1
4.36:  82.7,18.5,251
4.38:  82.7,18.5,250.9
4.4:  82.7,18.5,250.3
4.41:  82.7,18.5,249.6
4.43:  82.7,18.5,249.6
4.45:  82.7,18.5,249.6
4.46:  82.7,18.5,249.6
4.48:  82.7,18.5,249.6
4.5:  82.7,18.5,249.6
4.51:  82.7,18.5,249.6
4.53:  82.7,18.5,249.6
4.55:  82.7,18.5,249.6
4.56:  82.7,18.5,249.6
4.58:  82.7,18.5,249.6
4.6:  82.7,18.5,249.6
4.61:  82.7,18.5,249.6
4.63:  82.7,18.5,249.6
4.65:  82.7,18.5,249.6
4.66:  82.7,18.5,249.6
4.68:  82.7,18.5,249.6
4.7:  82.7,18.5,249.6
4.71:  82.7,18.5,249.6
4.73:  82.7,18.5,249.6
4.75:  82.7,18.5,249.6
4.76:  82.7,18.5,249.6
4.78:  82.7,18.5,249.6
4.8:  82.7,18.5,249.6
4.81:  82.7,18.5,249.6
4.83:  82.7,18.5,249.6
4.85:  82.7,18.5,249.6
4.86:  82.7,18.5,249.6
4.88:  82.7,18.5,249.6
4.9:  82.7,18.5,249.6
4.91:  82.7,18.5,249.6
4.93:  82.7,18.5,249.6
4.95:  82.7,18.5,249.6
4.96:  82.7,18.5,249.6
4.98:  82.7,18.5,249.6
5:  82.7,18.5,249.6
5.01:  82.7,18.5,249.6
5.03:  82.7,18.5,249.6
5.05:  82.7,18.5,249.6
5.06:  82.7,18.5,249.6
5.08:  82.7,18.5,249.6
5.1:  82.7,18.5,249.6
5.11:  82.7,18.5,249.7
5.13:  82.7,18.5,249.8
5.15:  82.7,18.5,249.9
5.16:  82.7,18.5,249.9
5.18:  82.7,18.5,250
5.2:  82.7,18.5,250
5.21:  82.7,18.5,249.9
5.23:  82.7,18.5,249.6
5.25:  82.7,18.5,249.4
5.26:  82.7,18.5,249.1
5.28:  82.7,18.5,248.9
5.3:  82.7,18.5,248.7
5.31:  82.7,18.5,248.7
5.33:  82.7,18.5,248.7
5.35:  82.7,18.5,248.7
5.36:  82.7,18.5,248.7
5.38:  82.7,18.5,248.7
5.4:  82.7,18.5,248.7
5.41:  82.7,18.5,248.7
5.43:  82.7,18.5,248.7
5.45:  82.7,18.5,248.7
5.46:  82.7,18.5,248.7
5.48:  82.7,18.5,248.7
5.5:  82.7,18.5,248.7
5.51:  82.7,18.5,248.7
5.53:  82.7,18.5,248.7
5.55:  82.7,18.5,248.7
5.56:  82.7,18.5,248.7
5.58:  82.7,18.5,248.7
5.6:  82.7,18.5,248.8
5.61:  82.7,18.5,248.8
5.63:  82.7,18.5,248.8
5.65:  82.7,18.5,248.8
5.66:  82.7,18.5,248.8
5.68:  82.7,18.5,248.8
5.7:  82.7,18.5,248.9
5.71:  82.7,18.5,248.9
5.73:  82.7,18.5,248.9
5.75:  82.7,18.5,248.9
5.76:  82.7,18.5,248.9
5.78:  82.7,18.5,248.9
5.8:  82.7,18.5,248.9
5.81:  82.7,18.5,249
5.83:  82.7,18.5,249
5.85:  82.7,18.5,249.1
5.86:  82.7,18.5,249.1
5.88:  82.7,18.5,249.1
5.9:  82.7,18.5,249.1
5.91:  82.7,18.5,249.1
5.93:  82.7,18.5,249.1
5.95:  82.7,18.5,249.1
5.96:  82.7,18.5,249.1
5.98:  82.7,18.5,249.1
6:  82.7,18.5,249.1
6.01:  82.7,18.5,249.1
6.03:  82.7,18.5,249.1
6.05:  82.7,18.5,249.1
6.06:  82.7,18.5,249.1
6.08:  82.7,18.5,249.1
6.1:  82.7,18.5,249.1
6.11:  82.7,18.5,249.1
6.13:  82.7,18.5,249.1
6.15:  82.7,18.5,249.1
6.16:  82.7,18.5,249.1
6.18:  82.7,18.5,249.2
6.2:  82.7,18.5,249.2
6.21:  82.7,18.5,249.2
6.23:  82.7,18.5,249.2
6.25:  82.7,18.5,249.2
6.26:  82.7,18.5,249.2
6.28:  82.7,18.5,249.2
6.3:  82.7,18.5,249.2
6.31:  82.7,18.5,249.2
6.33:  82.7,18.5,249.2
6.35:  82.7,18.5,249.2
6.36:  82.7,18.5,249.2
6.38:  82.7,18.5,249.2
6.4:  82.7,18.5,249.2
6.41:  82.7,18.5,249.2
6.43:  82.7,18.5,249.2
6.45:  82.7,18.5,249.2
6.46:  82.7,18.5,249.2
6.48:  82.7,18.5,249.2
6.5:  82.7,18.5,249.2
6.51:  82.7,18.5,249.2
6.53:  82.7,18.5,249.2
6.55:  82.7,18.5,249.2
6.56:  82.7,18.5,249.2
6.58:  82.7,18.5,249.2
6.6:  82.7,18.5,249.2
6.61:  82.7,18.5,249.2
6.63:  82.7,18.5,249.1
6.65:  82.7,18.5,249.1
6.66:  82.7,18.5,249.1
6.68:  82.7,18.5,249
6.7:  82.7,18.5,249
6.71:  82.7,18.5,249
6.73:  82.7,18.5,249
6.75:  82.7,18.5,249
6.76:  82.7,18.5,249
6.78:  82.7,18.5,249
6.8:  82.7,18.5,249
6.81:  82.7,18.5,248.9
6.83:  82.7,18.5,248.9
6.85:  82.7,18.5,248.9
6.86:  82.7,18.5,248.9
6.88:  82.7,18.5,248.9
6.9:  82.7,18.5,248.9
6.91:  82.7,18.5,248.9
6.93:  82.7,18.5,248.9
6.95:  82.7,18.5,248.9
6.96:  82.7,18.5,248.9
6.98:  82.7,18.5,248.9
7:  82.7,18.5,248.9
7.01:  82.7,18.5,248.9
7.03:  82.7,18.5,248.9
7.05:  82.7,18.5,248.9
7.06:  82.7,18.5,248.9
7.08:  82.7,18.5,248.9
7.1:  82.7,18.5,248.9
7.11:  82.7,18.5,248.9
7.13:  82.7,18.5,248.9
7.15:  82.7,18.5,248.9
7.16:  82.7,18.5,248.9
7.18:  82.7,18.5,248.9
7.2:  82.7,18.5,248.9
7.21:  82.7,18.5,248.9
7.23:  82.7,18.5,248.9
7.25:  82.7,18.5,248.9
7.26:  82.7,18.5,248.9
7.28:  82.7,18.5,248.9
7.3:  82.7,18.5,248.9
7.31:  82.7,18.5,248.9
7.33:  82.7,18.5,249
7.35:  82.7,18.5,249
7.36:  82.7,18.5,249
7.38:  82.7,18.5,249
7.4:  82.7,18.5,249
7.41:  82.7,18.5,249
7.43:  82.7,18.5,249
7.45:  82.7,18.5,249.1
7.46:  82.7,18.5,249.1
7.48:  82.7,18.5,249.1
7.5:  82.7,18.5,249.1
7.51:  82.7,18.5,249.1
7.53:  82.7,18.5,249.1
7.55:  82.7,18.5,249.2
7.56:  82.7,18.5,249.2
7.58:  82.7,18.5,249.2
7.6:  82.7,18.5,249.2
7.61:  82.7,18.5,249.2
7.63:  82.7,18.5,249.2
7.65:  82.7,18.5,249.2
7.66:  82.7,18.5,249.2
7.68:  82.7,18.5,249.2
7.7:  82.7,18.5,249.2
7.71:  82.7,18.5,249.2
7.73:  82.7,18.5,249.2
7.75:  82.7,18.5,249.2
7.76:  82.7,18.5,249.2
7.78:  82.7,18.5,249.2
7.8:  82.7,18.5,249.2
7.81:  82.7,18.5,249.2
7.83:  82.7,18.5,249.2
7.85:  82.7,18.5,249.2
7.86:  82.7,18.5,249.2
7.88:  82.7,18.5,249.2
7.9:  82.7,18.5,249.2
7.91:  82.7,18.5,249.2
7.93:  82.7,18.5,249.3
7.95:  82.7,18.5,249.3
7.96:  82.7,18.5,249.3
7.98:  82.7,18.5,249.4001
8:  82.7,18.5,249.4001
8.01:  82.7,18.5,249.4001
8.03:  82.7,18.5,249.4001
8.05:  82.7,18.5,249.4001
8.06:  82.7,18.5,249.4001
8.08:  82.7,18.5,249.4001
8.1:  82.7,18.5,249.4001
8.11:  82.7,18.5,249.4001
8.13:  82.7,18.5,249.4001
8.15:  82.7,18.5,249.4001
8.16:  82.7,18.5,249.4001
8.18:  82.7,18.5,249.4001
8.2:  82.7,18.5,249.4001
8.21:  82.7,18.5,249.4001
8.23:  82.7,18.5,249.5
8.25:  82.7,18.5,249.5
8.26:  82.7,18.5,249.5
8.28:  82.7,18.5,249.6001
8.3:  82.7,18.5,249.6001
8.31:  82.7,18.5,249.6001
8.33:  82.7,18.5,249.6001
8.35:  82.7,18.5,249.6001
8.36:  82.7,18.5,249.5
8.38:  82.7,18.5,249.4001
8.4:  82.7,18.5,249.2
8.41:  82.7,18.5,249.2
8.43:  82.7,18.5,249.2
8.45:  82.7,18.5,249.2
8.46:  82.7,18.5,249.2
8.48:  82.7,18.5,249.2
8.5:  82.7,18.5,249.2
8.51:  82.7,18.5,249.2
8.53:  82.7,18.5,249.5
8.55:  82.7,18.5,250.1
8.56:  82.7,18.5,251.3
8.58:  82.7,18.5,252.9
8.6:  82.7,18.5,254.7
8.61:  82.7,18.5,257.1
8.63:  82.7,18.5,258.4
8.65:  82.7,18.5,259.3
8.66:  82.7,18.5,259.7
8.68:  82.7,18.5,259.7
8.7:  82.7,18.5,259.6
8.71:  82.7,18.5,259.4
8.73:  82.7,18.5,258.6
8.75:  82.7,18.5,257.3
8.76:  82.7,18.5,255.4
8.78:  82.7,18.5,253.1
8.8:  82.7,18.5,250.2
8.81:  82.7,18.5,245.6
8.83:  82.7,18.5,242.6
8.85:  82.7,18.5,239.2
8.86:  82.7,18.5,236.3
8.88:  82.7,18.5,234.2
8.9:  82.7,18.5,231.8
8.91:  82.7,18.5,229
8.93:  82.7,18.5,225.9
8.95:  82.7,18.5,222.8
8.96:  82.7,18.5,219.8
8.98:  82.7,18.5,217
9:  82.7,18.5,214.3
9.01:  82.7,18.5,210.4
9.03:  82.69419,18.48936,208.6001
9.05:  82.68282,18.46721,207.2
9.06:  82.6664,18.43355,206
9.08:  82.64557,18.38806,204.6
9.1:  82.61949,18.32752,203.3
9.11:  82.59173,18.2588,202
9.13:  82.56004,18.17918,201.7001
9.15:  82.5233,18.08684,201.7001
9.16:  82.48159,17.98204,201.7001
9.18:  82.43576,17.86686,201.7001
9.2:  82.38506,17.73947,201.7001
9.21:  82.33034,17.60195,201.7001
9.23:  82.26772,17.44461,201.7001
9.25:  82.20442,17.28554,201.7001
9.26:  82.13547,17.11226,201.7001
9.28:  82.06155,16.92652,201.7001
9.3:  81.98283,16.7287,201.7001
9.31:  81.90003,16.52064,201.7001
9.33:  81.81234,16.30029,201.7001
9.35:  81.71917,16.06734,201.8
9.36:  81.62487,15.83511,202.1
9.38:  81.52936,15.60452,202.5
9.4:  81.43307,15.37319,202.6001
9.41:  81.33797,15.139,202.1
9.43:  81.24928,14.91386,201.5
9.45:  81.15533,14.66784,200.9
9.46:  81.06885,14.43528,200.4
9.48:  80.98569,14.20806,200.1001
9.5:  80.90066,13.97314,199.9001
9.51:  80.81578,13.73609,199.7
9.53:  80.73279,13.50042,199.4001
9.55:  80.651,13.26289,199
9.56:  80.57265,13.03008,198.6001
9.58:  80.49426,12.79022,198.1001
9.6:  80.41389,12.529,197.1001
9.61:  80.35028,12.31006,196.2001
9.63:  80.28477,12.07225,195.4001
9.65:  80.22134,11.82693,194.5
9.66:  80.16232,11.58846,193.9001
9.68:  80.10387,11.3412,193.3
9.7:  80.04814,11.09788,192.9001
9.71:  79.99329,10.85447,192.7
9.73:  79.93887,10.60697,192.4001
9.75:  79.88422,10.35636,192.3
9.76:  79.83326,10.12064,192.2
9.78:  79.78082,9.876005,192.1001
9.8:  79.72858,9.630292,192
9.81:  79.67794,9.385735,191.7001
9.83:  79.62921,9.14405,191.4001
9.85:  79.58121,8.897159,191.0001
9.86:  79.53458,8.650347,190.7
9.88:  79.49004,8.405236,190.3
9.9:  79.44764,8.159786,189.8
9.91:  79.407,7.914257,189.4001
9.93:  79.367,7.664541,189.1001
9.95:  79.32877,7.417644,188.8
9.96:  79.29191,7.170962,188.5001
9.98:  79.25463,6.915434,188.3
10:  79.21993,6.674672,188.2
10.01:  79.18439,6.427986,188.2
10.03:  79.14904,6.182727,188.2
10.05:  79.11311,5.9334,188.2
10.06:  79.07793,5.686182,188.1001
10.08:  79.04318,5.442012,188.1001
10.1:  79.0067,5.185673,188.1001
10.11:  78.97254,4.94263,188
10.13:  78.93815,4.694768,187.9001
10.15:  78.90292,4.437653,187.8
10.16:  78.87049,4.194567,187.6001
10.18:  78.83804,3.948133,187.5
10.2:  78.80668,3.703259,187.3
10.21:  78.776,3.46041,187.2001
10.23:  78.74303,3.199401,187.2001
10.25:  78.71278,2.95999,187.2001
10.26:  78.68023,2.698678,187.1
10.28:  78.65146,2.464343,187
10.3:  78.62124,2.214637,186.9001
10.31:  78.59153,1.969147,186.9001
10.33:  78.56145,1.72053,186.9001
10.35:  78.53133,1.471676,186.9001
10.36:  78.50131,1.223623,186.9001
10.38:  78.47138,0.9762729,186.9001
10.4:  78.44162,0.7267218,186.8
10.41:  78.4122,0.4799784,186.8
10.43:  78.38328,0.2337589,186.7001
10.45:  78.35374,-0.01766123,186.7001
10.46:  78.3245,-0.2665786,186.7001
10.48:  78.29529,-0.5152307,186.7001
10.5:  78.26636,-0.7614949,186.7001
10.51:  78.23679,-1.017092,186.6001
10.53:  78.2092,-1.259262,186.5
10.55:  78.18212,-1.504461,186.3
10.56:  78.15524,-1.756018,186.1001
10.58:  78.12948,-2.005267,185.9
10.6:  78.10601,-2.253558,185.4001
10.61:  78.08539,-2.504401,184.7001
10.63:  78.06789,-2.748528,184.1001
10.65:  78.05287,-3.00123,183.4001
10.66:  78.04109,-3.251116,182.7
10.68:  78.03274,-3.502807,181.9
10.7:  78.02797,-3.751331,181.1001
10.71:  78.02666,-4.001382,180.3
10.73:  78.02884,-4.251302,179.5
10.75:  78.03497,-4.502206,178.6001
10.76:  78.04495,-4.750623,177.7
10.78:  78.05809,-5.00131,177
10.8:  78.0738,-5.251068,176.4
10.82:  78.09359,-5.520529,175.8
10.83:  78.11403,-5.78025,175.5001
10.85:  78.13228,-5.997579,175.2001
10.86:  78.15462,-6.247983,174.9001
10.88:  78.17986,-6.505267,174.4001
10.9:  78.20538,-6.748153,174.0001
10.91:  78.23252,-6.993981,173.7001
10.93:  78.2609,-7.251081,173.7001
10.95:  78.28732,-7.490404,173.7001
10.96:  78.31491,-7.740254,173.7001
10.98:  78.34206,-7.986253,173.7001
11:  78.36958,-8.235525,173.7001
11.01:  78.397,-8.483781,173.7001
11.03:  78.42409,-8.729161,173.7001
11.05:  78.45187,-8.980844,173.7001
11.06:  78.47929,-9.229211,173.7001
11.08:  78.50622,-9.473108,173.7001
11.1:  78.53382,-9.723138,173.7001
11.11:  78.56156,-9.974452,173.7001
11.13:  78.58907,-10.22362,173.7001
11.15:  78.61636,-10.47081,173.7001
11.16:  78.64382,-10.71951,173.7001
11.18:  78.67128,-10.96827,173.7001
11.2:  78.69885,-11.21801,173.7001
11.21:  78.72632,-11.46678,173.7001
11.23:  78.75347,-11.71276,173.7001
11.25:  78.78127,-11.96449,173.7001
11.26:  78.80846,-12.21078,173.7001
11.28:  78.83586,-12.45905,173.7001
11.3:  78.86296,-12.7045,173.7001
11.31:  78.89084,-12.95701,173.7001
11.33:  78.91811,-13.20409,173.7001
11.35:  78.94569,-13.45385,173.7001
11.36:  78.97313,-13.70241,173.7001
11.38:  79.00056,-13.95083,173.7001
11.4:  79.02802,-14.19566,173.6001
11.41:  79.05712,-14.44722,173.4001
11.43:  79.08593,-14.69243,173.3
11.45:  79.11555,-14.94464,173.3
11.46:  79.1451,-15.19234,173.2
11.48:  79.17457,-15.43954,173.2
11.5:  79.20427,-15.68863,173.2
11.51:  79.23383,-15.93655,173.2
11.53:  79.26302,-16.18496,173.3
11.55:  79.29211,-16.43261,173.3
11.56:  79.32122,-16.68043,173.3
11.58:  79.35041,-16.92893,173.3
11.6:  79.37964,-17.17773,173.3
11.61:  79.40843,-17.42282,173.3
11.63:  79.43723,-17.6717,173.4001
11.65:  79.46584,-17.91893,173.4001
11.66:  79.49508,-18.17171,173.4001
11.68:  79.52384,-18.42033,173.4001
11.7:  79.55329,-18.67881,173.5001
11.71:  79.58126,-18.92425,173.5001
11.73:  79.60903,-19.17187,173.6001
11.75:  79.63589,-19.41513,173.7001
11.76:  79.66359,-19.66603,173.7001
11.78:  79.69076,-19.91614,173.8
11.8:  79.71701,-20.16177,173.9
11.81:  79.74329,-20.41188,174.0001
11.83:  79.76848,-20.65557,174.1001
11.85:  79.79358,-20.90705,174.3
11.86:  79.81846,-21.16543,174.5
11.88:  79.83966,-21.40296,174.9001
11.9:  79.86122,-21.66522,175.3001
11.92:  79.87977,-21.91192,175.7
11.93:  79.89809,-22.17394,176.0001
11.95:  79.9128,-22.40133,176.3
11.96:  79.92754,-22.64939,176.6001
11.98:  79.94202,-22.90059,176.7001
12:  79.95592,-23.14932,176.8
12.01:  79.96989,-23.39912,176.8
12.03:  79.98389,-23.64961,176.8
12.05:  79.99778,-23.89807,176.8
12.06:  80.01182,-24.14916,176.8
12.08:  80.02551,-24.394,176.8
12.1:  80.03957,-24.64541,176.8
12.11:  80.0536,-24.89631,176.8
12.13:  80.06755,-25.14602,176.8
12.15:  80.08157,-25.39676,176.8
12.16:  80.09534,-25.6431,176.8
12.18:  80.10948,-25.89602,176.8
12.2:  80.12334,-26.14387,176.8
12.21:  80.1371,-26.39004,176.8
12.23:  80.15134,-26.6446,176.8
12.25:  80.16523,-26.89314,176.8
12.26:  80.17934,-27.14538,176.8
12.28:  80.19317,-27.39286,176.8
12.3:  80.20672,-27.64305,176.9001
12.31:  80.22028,-27.89334,176.9001
12.33:  80.23332,-28.1423,177
12.35:  80.24648,-28.39322,177
12.36:  80.25946,-28.64107,177
12.38:  80.27256,-28.89104,177
12.4:  80.2857,-29.14177,177
12.41:  80.29932,-29.39321,176.9001
12.43:  80.31333,-29.63628,176.7001
12.45:  80.32934,-29.89074,176.4
12.46:  80.34505,-30.14038,176.4
12.48:  80.36057,-30.38713,176.4
12.5:  80.37627,-30.63663,176.4
12.51:  80.39204,-30.88738,176.4
12.53:  80.40778,-31.13742,176.4
12.55:  80.42335,-31.38493,176.4
12.56:  80.43929,-31.63829,176.4
12.58:  80.45471,-31.88347,176.4
12.6:  80.47108,-32.14372,176.4
12.61:  80.48637,-32.38675,176.4
12.63:  80.50235,-32.64068,176.4
12.65:  80.51772,-32.88498,176.4
12.66:  80.53358,-33.13715,176.4
12.68:  80.5491,-33.38369,176.4
12.7:  80.56477,-33.63287,176.4
12.71:  80.58043,-33.88177,176.4
12.73:  80.59611,-34.13092,176.4
12.75:  80.61185,-34.38109,176.4
12.76:  80.62749,-34.6298,176.4
12.78:  80.64317,-34.87899,176.4
12.8:  80.65891,-35.12916,176.4
12.81:  80.67464,-35.37916,176.4
12.83:  80.69024,-35.62714,176.4
12.85:  80.70599,-35.87745,176.4
12.86:  80.72153,-36.12457,176.4
12.88:  80.73738,-36.37646,176.4
12.9:  80.75285,-36.62221,176.4
12.91:  80.76873,-36.87477,176.4
12.93:  80.78441,-37.12397,176.4
12.95:  80.80017,-37.37443,176.4
12.96:  80.81602,-37.62632,176.4
12.98:  80.8316,-37.87397,176.4
13:  80.84727,-38.12318,176.4
13.01:  80.86295,-38.37233,176.4
13.03:  80.87844,-38.6185,176.4
13.05:  80.89445,-38.87293,176.4
13.06:  80.91016,-39.12278,176.4
13.08:  80.9257,-39.36972,176.4
13.1:  80.94138,-39.61894,176.4
13.11:  80.95712,-39.869,176.4
13.13:  80.97374,-40.11938,176.2001
13.15:  80.99007,-40.36527,176.2001
13.16:  81.00687,-40.61823,176.2001
13.18:  81.02296,-40.86702,176.3
13.2:  81.03875,-41.11789,176.4
13.21:  81.05396,-41.36664,176.5001
13.23:  81.06921,-41.61592,176.5001
13.25:  81.08456,-41.86707,176.5001
13.26:  81.09937,-42.11615,176.6001
13.28:  81.11417,-42.36542,176.6001
13.3:  81.12884,-42.61223,176.6001
13.31:  81.14369,-42.86227,176.6001
13.33:  81.15859,-43.11306,176.6001
13.35:  81.17307,-43.36418,176.7001
13.36:  81.18735,-43.61179,176.7001
13.38:  81.20168,-43.86029,176.7001
13.4:  81.21608,-44.11015,176.7001
13.41:  81.23058,-44.36157,176.7001
13.43:  81.24489,-44.60969,176.7001
13.45:  81.2594,-44.8614,176.7001
13.46:  81.2737,-45.10957,176.7001
13.48:  81.2881,-45.35922,176.7001
13.5:  81.30238,-45.60684,176.7001
13.51:  81.31691,-45.85889,176.7001
13.53:  81.3313,-46.10834,176.7001
13.55:  81.34586,-46.36083,176.7001
13.56:  81.36012,-46.60815,176.7001
13.58:  81.37459,-46.85911,176.7001
13.6:  81.38888,-47.10706,176.7001
13.61:  81.40297,-47.35133,176.7001
13.63:  81.41705,-47.60337,176.8
13.65:  81.43073,-47.85593,176.9001
13.66:  81.44362,-48.10171,177
13.68:  81.45603,-48.3556,177.2001
13.7:  81.46732,-48.60432,177.4001
13.71:  81.47655,-48.8561,177.9001
13.73:  81.48395,-49.10508,178.3
13.75:  81.48963,-49.3555,178.7001
13.76:  81.49354,-49.60412,179.1001
13.78:  81.49572,-49.85434,179.5
13.8:  81.49572,-50.12258,180
13.81:  81.49489,-50.3605,180.2
13.83:  81.49315,-50.60938,180.4001
13.85:  81.49143,-50.85564,180.4001
13.86:  81.48969,-51.10567,180.4001
13.88:  81.48795,-51.35347,180.4001
13.9:  81.48622,-51.60215,180.4001
13.91:  81.48446,-51.85417,180.4001
13.93:  81.48273,-52.10189,180.4001
13.95:  81.48096,-52.35493,180.4001
13.96:  81.47923,-52.60352,180.4001
13.98:  81.47704,-52.85409,180.5
14:  81.47488,-53.10211,180.5
14.01:  81.47266,-53.35547,180.5
14.03:  81.4705,-53.60246,180.5
14.05:  81.46831,-53.85466,180.5
14.06:  81.46569,-54.10479,180.6001
14.08:  81.46307,-54.35433,180.6001
14.1:  81.46004,-54.60268,180.7
14.11:  81.45696,-54.85461,180.7
14.13:  81.45352,-55.10084,180.8
14.15:  81.45,-55.3531,180.8
14.16:  81.44561,-55.6044,181
14.18:  81.44045,-55.85061,181.2
14.2:  81.43336,-56.1044,181.6001
14.21:  81.4226,-56.3613,182.4001
14.23:  81.41041,-56.60192,182.9001
14.26:  81.3954,-56.86223,183.3
14.28:  81.38038,-57.10098,183.6001
14.3:  81.36254,-57.36267,183.9
14.32:  81.3444,-57.60969,184.2001
14.33:  81.32449,-57.85721,184.6
14.35:  81.30276,-58.10054,185.1001
14.36:  81.27836,-58.34948,185.6001
14.38:  81.25198,-58.59626,186.1001
14.4:  81.22327,-58.84441,186.6001
14.42:  81.19182,-59.09338,187.2001
14.43:  81.15034,-59.34124,189.5
14.45:  81.09683,-59.58062,192.6001
14.46:  81.02376,-59.82265,196.8
14.48:  80.93058,-60.05444,201.9001
14.5:  80.81264,-60.2772,207.9
14.52:  80.67089,-60.48114,214.8
14.53:  80.49924,-60.66457,223.1001
14.55:  80.30396,-60.81824,231.8
14.56:  80.09026,-60.94262,239.8
14.58:  79.85687,-61.03929,247.5
14.6:  79.61598,-61.10836,254.0001
14.62:  79.36538,-61.15481,259.5001
14.63:  79.11243,-61.17783,264.8
14.65:  78.87064,-61.19431,266.1
14.67:  78.62184,-61.21127,266.1
14.68:  78.37273,-61.22826,266.1
14.7:  78.1237,-61.24524,266.1
14.72:  77.87516,-61.26218,266.1
14.73:  77.62431,-61.27928,266.1
14.75:  77.37452,-61.29631,266.1
14.76:  77.12912,-61.31304,266.1
14.78:  76.877,-61.33022,266.1
14.8:  76.62821,-61.34719,266.1
14.81:  76.38131,-61.36402,266.1
14.83:  76.12847,-61.38125,266.1
14.85:  75.88004,-61.39819,266.1
14.87:  75.63038,-61.41521,266.1
14.88:  75.37875,-61.43237,266.1
14.9:  75.13193,-61.44919,266.1
14.91:  74.88442,-61.46606,266.1
14.93:  74.63385,-61.48315,266.1
14.95:  74.38107,-61.49994,266.2001
14.97:  74.1324,-61.51645,266.2001
14.98:  73.8814,-61.5318,266.5001
15:  73.63226,-61.54399,267.2001
15.01:  73.38741,-61.55297,267.9001
15.03:  73.13393,-61.55916,268.6
15.05:  72.88318,-61.56441,268.8
15.06:  72.63277,-61.56966,268.8
15.08:  72.38448,-61.57486,268.8
15.1:  72.1353,-61.58008,268.8
15.11:  71.88792,-61.58526,268.8
15.13:  71.63419,-61.59057,268.8
15.15:  71.3847,-61.5958,268.8
15.16:  71.12055,-61.60087,268.9001
15.18:  70.88431,-61.60541,268.9001
15.2:  70.63366,-61.61022,268.9001
15.21:  70.38716,-61.61495,268.9001
15.23:  70.13437,-61.61937,269.0001
15.25:  69.88413,-61.62373,269.0001
15.27:  69.63833,-61.62802,269.0001
15.28:  69.38412,-61.63246,269.0001
15.3:  69.13531,-61.6368,269.0001
15.32:  68.88601,-61.64116,269.0001
15.33:  68.63349,-61.64556,269.0001
15.35:  68.38455,-61.64991,269.0001
15.36:  68.1345,-61.65427,269.0001
15.38:  67.885,-61.65906,268.9001
15.4:  67.63468,-61.66387,268.9001
15.41:  67.38458,-61.66867,268.9001
15.43:  67.13938,-61.67338,268.9001
15.45:  66.88519,-61.67826,268.9001
15.46:  66.63525,-61.68349,268.8
15.48:  66.38603,-61.68871,268.8
15.5:  66.13568,-61.69396,268.8
15.51:  65.8853,-61.6992,268.8
15.53:  65.63585,-61.70443,268.8
15.55:  65.38577,-61.70967,268.8
15.56:  65.13406,-61.71494,268.8
15.58:  64.88676,-61.72012,268.8
15.6:  64.63493,-61.72539,268.8
15.62:  64.38851,-61.73055,268.8
15.63:  64.12437,-61.73609,268.8
15.65:  63.87986,-61.74121,268.8
15.66:  63.61456,-61.74677,268.8
15.68:  63.38565,-61.75156,268.8
15.7:  63.13548,-61.7568,268.8
15.71:  62.88617,-61.76202,268.8
15.73:  62.63593,-61.76727,268.8
15.75:  62.39022,-61.77241,268.8
15.77:  62.13457,-61.77777,268.8
15.78:  61.87762,-61.78315,268.8
15.8:  61.6366,-61.7882,268.8
15.81:  61.38538,-61.79346,268.8
15.83:  61.1367,-61.79867,268.8
15.85:  60.88562,-61.80392,268.8
15.86:  60.63665,-61.80914,268.8
15.88:  60.38735,-61.81436,268.8
15.9:  60.13679,-61.81961,268.8
15.91:  59.88572,-61.82487,268.8
15.93:  59.63647,-61.83009,268.8
15.95:  59.38613,-61.83533,268.8
15.97:  59.13811,-61.84053,268.8
15.98:  58.88551,-61.84582,268.8
16:  58.63939,-61.85098,268.8
16.01:  58.38461,-61.85631,268.8
16.03:  58.13733,-61.86149,268.8
16.05:  57.88759,-61.86672,268.8
16.06:  57.63847,-61.87194,268.8
16.08:  57.38817,-61.87719,268.8
16.1:  57.13784,-61.88243,268.8
16.11:  56.88942,-61.88763,268.8
16.13:  56.63739,-61.89291,268.8
16.15:  56.3881,-61.89813,268.8
16.17:  56.1384,-61.90336,268.8
16.18:  55.88604,-61.90821,268.9
16.2:  55.63795,-61.91254,269.0001
16.22:  55.38781,-61.91647,269.1
16.23:  55.12935,-61.91962,269.3
16.25:  54.88647,-61.92217,269.4
16.27:  54.63764,-61.92477,269.4
16.28:  54.38705,-61.92696,269.5001
16.3:  54.1243,-61.92879,269.6
16.32:  53.8803,-61.93007,269.7
16.33:  53.63525,-61.93093,269.8
16.35:  53.38354,-61.93093,270.0001
16.37:  53.1375,-61.92878,270.5001
16.38:  52.88709,-61.92135,271.7
16.4:  52.63868,-61.90441,273.9
16.42:  52.39027,-61.87171,277.5001
16.43:  52.14812,-61.8041,285.6
16.45:  51.92164,-61.70843,292.9
16.46:  51.70663,-61.57616,301.6
16.48:  51.51745,-61.41228,310.9001
16.5:  51.35898,-61.21867,320.7
16.51:  51.23788,-60.9993,331.1
16.53:  51.16053,-60.76403,341.8
16.55:  51.12579,-60.51367,352.1
16.57:  51.12883,-60.26416,0.7000402
16.58:  51.1572,-60.01525,6.500041
16.6:  51.19318,-59.76856,8.300042
16.61:  51.23003,-59.51602,8.300042
16.63:  51.26496,-59.27654,8.300042
16.65:  51.30132,-59.02733,8.300042
16.67:  51.33755,-58.77894,8.300042
16.68:  51.3736,-58.53184,8.300042
16.7:  51.40963,-58.28487,8.300042
16.72:  51.44559,-58.03839,8.300042
16.73:  51.48313,-57.78108,8.300042
16.75:  51.51792,-57.54261,8.300042
16.76:  51.55413,-57.29434,8.300042
16.78:  51.59008,-57.04794,8.300042
16.8:  51.62616,-56.80067,8.300042
16.81:  51.66179,-56.55643,8.300042
16.83:  51.6978,-56.30958,8.300042
16.85:  51.73426,-56.05966,8.300042
16.86:  51.77058,-55.81066,8.300042
16.88:  51.80655,-55.56409,8.300042
16.9:  51.83376,-55.31768,6.300042
16.92:  51.83729,-55.06465,0.800042
16.93:  51.81495,-54.81437,354.9001
16.95:  51.76802,-54.57063,349.1
16.96:  51.69777,-54.32884,343.8
16.98:  51.61275,-54.099,339.7
17:  51.51176,-53.86673,336.5
17.02:  51.39,-53.62145,333.6
17.03:  51.2859,-53.41714,333
17.05:  51.16753,-53.25462,332.9001
17.07:  51.02933,-53.23827,333
17.08:  50.88316,-53.20919,333.4
17.1:  50.73098,-53.16915,333.8
17.12:  50.56178,-53.11266,333.8
17.13:  50.39343,-53.04134,333.8
17.15:  50.2248,-52.955,333.9
17.17:  50.04908,-52.84756,334
17.18:  49.87376,-52.71838,334.2
17.2:  49.70371,-52.56776,334.4
17.22:  49.54343,-52.39632,334.5
17.23:  49.39566,-52.20388,334.5
17.25:  49.26573,-51.99357,334.6
17.26:  49.15899,-51.76672,334.8
17.28:  49.05401,-51.54057,335.1
17.3:  48.95064,-51.31375,335.5
17.32:  48.84815,-51.0857,335.8
17.33:  48.74649,-50.85628,336.1
17.35:  48.6471,-50.62662,336.6
17.37:  48.54993,-50.39545,337.2
17.38:  48.45654,-50.16312,338.1
17.4:  48.37026,-49.93359,339.4001
17.42:  48.28848,-49.69337,341.2
17.43:  48.2141,-49.44224,343.5
17.45:  48.14947,-49.20761,344.6
17.47:  48.08798,-48.96985,345.5
17.48:  48.02884,-48.72541,346.4001
17.5:  47.9749,-48.48209,347.5
17.51:  47.92627,-48.23873,348.7
17.53:  47.87851,-47.9975,348.8
17.55:  47.82926,-47.74877,348.8
17.57:  47.78115,-47.50582,348.8
17.58:  47.73202,-47.25768,348.8
17.6:  47.68363,-47.0133,348.8
17.62:  47.63494,-46.7674,348.8
17.63:  47.58516,-46.51597,348.8
17.65:  47.53724,-46.27398,348.8
17.66:  47.48889,-46.02979,348.8
17.68:  47.44093,-45.78757,348.8
17.7:  47.39227,-45.54184,348.8
17.71:  47.34403,-45.29819,348.8
17.73:  47.2952,-45.05155,348.8
17.75:  47.24682,-44.80724,348.8
17.77:  47.19962,-44.56214,349.1
17.78:  47.15136,-44.31383,349
17.8:  47.10471,-44.0693,349.2
17.82:  47.05965,-43.82376,349.6
17.83:  47.01686,-43.57604,350.2
17.85:  46.97755,-43.33335,350.8
17.87:  46.94007,-43.08255,351.5
17.88:  46.90575,-42.83527,352.1
17.9:  46.87335,-42.58575,352.6
17.91:  46.84213,-42.33863,352.8
17.93:  46.81211,-42.09412,353
17.95:  46.78139,-41.84397,353
17.96:  46.75085,-41.59521,353
17.98:  46.72002,-41.34772,352.9001
18:  46.68806,-41.09825,352.7
18.02:  46.65427,-40.85154,352.2
18.03:  46.61525,-40.60238,351.1
18.05:  46.57171,-40.36039,349.8
18.07:  46.52053,-40.11325,348.3
18.08:  46.46153,-39.86937,346.4001
18.1:  46.39162,-39.62064,344.3
18.12:  46.3145,-39.38046,342.2
18.13:  46.23407,-39.15458,340.4001
18.15:  46.14585,-38.9211,339.3
18.17:  46.05513,-38.6896,338.6
18.18:  45.96215,-38.45478,338.4
18.2:  45.87053,-38.22337,338.4
18.22:  45.77898,-37.99096,338.5
18.23:  45.68832,-37.75843,338.7
18.25:  45.5939,-37.51626,338.7
18.27:  45.50562,-37.28981,338.7
18.28:  45.41454,-37.05621,338.7
18.3:  45.32531,-36.82734,338.7
18.32:  45.23347,-36.59421,338.5
18.33:  45.14037,-36.36026,338.3
18.35:  45.04715,-36.13067,337.9001
18.37:  44.94617,-35.88927,337.3
18.38:  44.84918,-35.66513,336.6
18.4:  44.748,-35.43788,336
18.42:  44.64571,-35.21447,335.4001
18.43:  44.53413,-34.97841,334.7
18.45:  44.44011,-34.75869,334.1
18.47:  44.34922,-34.52459,333.2
18.48:  44.26528,-34.28618,332.2
18.5:  44.18696,-34.04564,330.8
18.51:  44.1101,-33.79877,328.8
18.53:  44.03322,-33.54928,326.3
18.55:  43.95465,-33.29588,323.6
18.57:  43.87453,-33.03691,321.1
18.58:  43.79441,-32.77603,318.8
18.6:  43.71373,-32.50941,316.7
18.62:  43.62395,-32.21619,314.1
18.63:  43.54634,-31.95041,312.8
18.65:  43.47084,-31.66991,312
18.66:  43.40047,-31.37458,311.7
18.68:  43.3383,-31.06972,311.7
18.7:  43.28525,-30.75359,311.9001
18.71:  43.24461,-30.42806,312.6
18.73:  43.2207,-30.09401,314
18.75:  43.20044,-29.74586,316.5
18.77:  43.19368,-29.44057,320.2
18.78:  43.20421,-29.13231,325.2
18.8:  43.23584,-28.83044,331.1
18.82:  43.29069,-28.53759,337.7
18.83:  43.38055,-28.25809,347
18.85:  43.48276,-27.99733,352.7
18.86:  43.59655,-27.74108,357.5
18.88:  43.71076,-27.49157,0.5000386
18.9:  43.82182,-27.23445,1.800039
18.92:  43.90957,-26.98911,0.6000389
18.93:  43.89399,-26.74145,356.4
18.95:  43.83847,-26.50288,349.7
18.97:  43.73441,-26.27497,341.1
18.98:  43.58059,-26.0722,331.3
19:  43.38554,-25.90886,321.2
19.01:  43.15754,-25.78709,312.1
19.03:  42.90909,-25.71739,302.3
19.05:  42.64926,-25.6721,299.1
19.07:  42.37885,-25.64344,297.8
19.08:  42.10323,-25.60275,297.5
19.1:  41.8587,-25.55622,297.4
19.12:  41.59824,-25.49395,297.3
19.13:  41.35681,-25.42456,297.2
19.15:  41.12444,-25.34574,297.2
19.16:  40.89027,-25.25319,297.2
19.18:  40.66402,-25.15059,297.2
19.2:  40.44102,-25.03599,297.2
19.21:  40.21991,-24.92235,297.2
19.23:  39.99822,-24.80842,297.2
19.25:  39.76847,-24.69035,297.2
19.27:  39.55034,-24.57825,297.2
19.28:  39.32833,-24.46414,297.2
19.3:  39.10688,-24.35033,297.2
19.32:  38.887,-24.23733,297.2
19.33:  38.66182,-24.1216,297.2
19.35:  38.44022,-24.00772,297.2
19.36:  38.21766,-23.89334,297.2
19.38:  37.99511,-23.77896,297.2
19.4:  37.77636,-23.66654,297.2
19.41:  37.55411,-23.55232,297.2
19.43:  37.32793,-23.43608,297.2
19.45:  37.10811,-23.3231,297.2
19.46:  36.88161,-23.20869,296.8
19.48:  36.65783,-23.09955,296
19.5:  36.43044,-22.99448,294.8
19.52:  36.20132,-22.89533,293.4
19.53:  35.96891,-22.8019,291.9
19.55:  35.73468,-22.71479,290.4
19.57:  35.49973,-22.63481,288.8
19.58:  35.2589,-22.55841,287.6
19.6:  35.02015,-22.48633,286.8
19.62:  34.7796,-22.41644,286.2
19.63:  34.53952,-22.34986,285.5
19.65:  34.3005,-22.28626,284.9
19.67:  34.05569,-22.22477,284.1
19.68:  33.81191,-22.16759,283.2
19.7:  33.56724,-22.11425,282.3
19.72:  33.32225,-22.0644,281.5
19.73:  33.07658,-22.01754,280.8
19.75:  32.83071,-21.97463,279.9
19.77:  32.58454,-21.93696,278.7
19.78:  32.33475,-21.90407,277.5
19.8:  32.08768,-21.87679,276.3
19.82:  31.84081,-21.85433,275.2
19.83:  31.58756,-21.83839,273.6
19.85:  31.34291,-21.826,272.9
19.86:  31.0908,-21.81411,272.7
19.88:  30.84277,-21.80241,272.7
19.9:  30.59133,-21.79056,272.7
19.91:  30.34271,-21.77883,272.7
19.93:  30.09129,-21.76698,272.7
19.95:  29.84138,-21.75519,272.7
19.96:  29.59244,-21.74345,272.7
19.98:  29.34488,-21.73178,272.7
20:  29.09294,-21.71989,272.7
20.01:  28.84384,-21.70815,272.7
20.03:  28.59277,-21.69631,272.7
20.05:  28.34316,-21.68454,272.7
20.07:  28.09389,-21.67278,272.7
20.08:  27.84301,-21.66095,272.7
20.1:  27.59438,-21.64922,272.7
20.12:  27.33812,-21.63714,272.7
20.13:  27.09197,-21.62553,272.7
20.15:  26.84264,-21.61377,272.7
20.16:  26.5934,-21.60245,272.6
20.18:  26.34724,-21.59429,271.9
20.2:  26.0943,-21.59031,270.9
20.21:  25.84487,-21.59118,269.8
20.23:  25.59593,-21.59901,268.2
20.25:  25.33716,-21.61076,267.4
20.27:  25.09259,-21.624,266.9
20.28:  24.84319,-21.63795,266.8
20.3:  24.59735,-21.65169,266.8
20.31:  24.34874,-21.66559,266.8
20.33:  24.09874,-21.67957,266.8
20.35:  23.84812,-21.69402,266.7
20.37:  23.5947,-21.70908,266.6
20.38:  23.34809,-21.72373,266.6
20.4:  23.09852,-21.73899,266.5
20.41:  22.85061,-21.75415,266.5
20.43:  22.60272,-21.76975,266.4
20.45:  22.35022,-21.78608,266.3
20.47:  22.10141,-21.8026,266.2
20.48:  21.85101,-21.82011,266
20.5:  21.60136,-21.83757,266
20.52:  21.35409,-21.85486,266
20.53:  21.10296,-21.87242,266
20.55:  20.8535,-21.88987,266
20.57:  20.60488,-21.90725,266
20.58:  20.35492,-21.92473,266
20.6:  20.10904,-21.94192,266
20.62:  19.85069,-21.95999,266
20.63:  19.60375,-21.97726,266
20.65:  19.35587,-21.99459,266
20.66:  19.10708,-22.01286,265.8
20.68:  18.8594,-22.03409,265.1
20.7:  18.60974,-22.06121,263.8
20.72:  18.36237,-22.0951,262.2
20.73:  18.11402,-22.13577,260.7
20.75:  17.87085,-22.18392,258.8
20.77:  17.63023,-22.24169,256.5
20.78:  17.37728,-22.31374,254.1
20.8:  17.1492,-22.38741,252.1
20.82:  16.89297,-22.48168,249.8
20.83:  16.67454,-22.5664,248.8
20.85:  16.44955,-22.65639,248.2
20.86:  16.2171,-22.75031,248
20.88:  15.98829,-22.84369,247.8
20.9:  15.74771,-22.92833,247.7
20.92:  15.50856,-22.99987,247.6
20.93:  15.26328,-23.06253,247.1
20.95:  15.01587,-23.1177,246.1
20.96:  14.76361,-23.16832,244.6
20.98:  14.50635,-23.21544,242.9
21:  14.24495,-23.26006,241
21.01:  13.98292,-23.30301,238.9
21.03:  13.71036,-23.35137,235.7
21.05:  13.43781,-23.39868,233.6
21.06:  13.15319,-23.44669,231.6
21.08:  12.86519,-23.49345,229.8
21.1:  12.57321,-23.53803,228.3
21.11:  12.26771,-23.58092,227
21.13:  11.95782,-23.61961,226
21.15:  11.63911,-23.6555,224.9
21.17:  11.31335,-23.68873,223.8
21.18:  10.97624,-23.71522,223.5
21.2:  10.63376,-23.73293,223.5
21.22:  10.28066,-23.74217,223.5
21.23:  9.923852,-23.75463,223
21.25:  9.561912,-23.77044,222.5
21.27:  9.218791,-23.78722,222.2
21.28:  8.859792,-23.80603,222
21.3:  8.515924,-23.82405,222
21.32:  8.143635,-23.84291,222.1
21.33:  7.80497,-23.86007,222.1
21.35:  7.449009,-23.87748,222.2
21.37:  7.09863,-23.894,222.3
21.38:  6.744579,-23.90946,222.5
21.4:  6.392833,-23.92297,222.8
21.43:  6.038185,-23.93474,223.1
21.45:  5.684891,-23.94337,223.6
21.47:  5.334585,-23.95193,223.6
21.48:  4.979569,-23.96061,223.6
21.5:  4.631474,-23.96851,223.7
21.52:  4.281846,-23.9825,224.2
21.53:  3.946602,-23.99909,225.2
21.55:  3.618918,-24.01086,227.6
21.57:  3.299201,-24.01121,231.3
21.58:  2.98788,-23.98753,237.5
21.6:  2.689696,-23.93183,245.6
21.62:  2.405298,-23.83884,255.1
21.63:  2.143934,-23.70942,265.4
21.65:  1.931078,-23.52112,282.7
21.67:  1.757696,-23.30345,294.9
21.68:  1.626033,-23.05994,307.4
21.7:  1.542259,-22.80406,320.1
21.72:  1.502637,-22.54067,332.2
21.73:  1.501159,-22.2817,343
21.75:  1.529089,-22.02453,352.2
21.77:  1.578179,-21.77943,2.261126E-05
21.78:  1.638245,-21.52914,5.000022
21.8:  1.697481,-21.28585,8.000022
21.82:  1.773622,-21.0432,8.900022
21.83:  1.861433,-20.80447,8.900022
21.85:  1.962189,-20.5663,8.900022
21.86:  2.073961,-20.33274,8.900022
21.88:  2.198624,-20.09984,8.900022
21.9:  2.33649,-19.86746,8.900022
21.91:  2.486395,-19.63759,8.900022
21.93:  2.646776,-19.41213,8.900022
21.95:  2.823018,-19.18406,8.900022
21.97:  3.009821,-18.96025,8.900022
21.98:  3.20858,-18.73878,8.900022
22:  3.420726,-18.51818,8.900022
22.02:  3.641767,-18.30276,8.900022
22.03:  3.880907,-18.08477,9.000023
22.05:  4.134184,-17.87492,10.00002
22.06:  4.404114,-17.6821,12.50002
22.08:  4.702725,-17.50629,16.00002
22.1:  5.03001,-17.36396,21.50002
22.12:  5.369109,-17.26416,28.60002
22.13:  5.718304,-17.21446,36.90002
22.15:  6.069407,-17.21753,45.50002
22.16:  6.419147,-17.27731,54.70002
22.18:  6.749797,-17.39181,64.10002
22.2:  7.067036,-17.5612,73.10003
22.22:  7.361668,-17.77369,80.80003
22.23:  7.622016,-18.00565,86.70004
22.25:  7.863286,-18.26079,91.60003
22.26:  8.100919,-18.51296,91.70003
22.28:  8.343823,-18.77072,91.70003
22.3:  8.585366,-19.02704,91.70003
22.31:  8.830952,-19.28765,91.70003
22.33:  9.071331,-19.54274,91.70003
22.35:  9.316441,-19.80284,91.70003
22.36:  9.558034,-20.05921,91.70003
22.38:  9.79574,-20.31146,91.70003
22.4:  10.0421,-20.57289,91.70003
22.42:  10.28468,-20.83032,91.70003
22.43:  10.52847,-21.07603,91.70003
22.45:  10.7712,-21.30786,91.70003
22.46:  11.01133,-21.52472,91.70003
22.48:  11.25532,-21.73223,91.70003
22.5:  11.5021,-21.92905,91.70003
22.52:  11.7478,-22.11211,91.70003
22.53:  11.99233,-22.28159,91.70003
22.55:  12.23575,-22.43775,91.70003
22.57:  12.48349,-22.58375,91.70003
22.58:  12.72981,-22.71618,91.70003
22.6:  12.97601,-22.8359,91.70003
22.61:  13.22308,-22.94334,91.70003
22.63:  13.46729,-23.03769,91.80003
22.65:  13.71777,-23.1239,92.30003
22.67:  13.96159,-23.19642,92.50003
22.68:  14.21155,-23.25834,92.60002
22.7:  14.46116,-23.30737,92.60002
22.72:  14.70944,-23.34271,92.40002
22.73:  14.9601,-23.36304,91.80003
22.75:  15.20895,-23.36739,91.00002
22.77:  15.45791,-23.36695,89.90002
22.78:  15.71923,-23.36057,88.60003
22.8:  15.96392,-23.3486,87.20003
22.82:  16.2094,-23.33101,85.90002
22.83:  16.45781,-23.30884,84.90003
22.85:  16.71605,-23.28032,83.70003
22.87:  16.95628,-23.25253,83.40002
22.88:  17.20215,-23.22321,83.20003
22.9:  17.44859,-23.19382,83.20003
22.92:  17.69828,-23.16317,83.00003
22.93:  17.94696,-23.13175,82.80003
22.95:  18.21358,-23.09712,82.60003
22.96:  18.4513,-23.06371,82.00002
22.98:  18.68631,-23.02691,81.10002
23:  18.94515,-22.98081,79.90002
23.02:  19.18117,-22.93193,78.30003
23.03:  19.42409,-22.87451,76.70004
23.05:  19.66524,-22.80581,74.10004
23.07:  19.89918,-22.7316,72.40003
23.08:  20.13793,-22.64846,70.80003
23.1:  20.37709,-22.5711,69.20004
23.12:  20.61758,-22.49994,67.80004
23.13:  20.86168,-22.43515,66.60004
23.15:  21.12046,-22.37553,65.60004
23.17:  21.36273,-22.3273,64.70004
23.18:  21.61998,-22.28425,63.80003
23.2:  21.87861,-22.24862,62.90004
23.22:  22.15047,-22.21864,61.90004
23.23:  22.42429,-22.19534,60.90003
23.25:  22.70364,-22.17522,59.30003
23.27:  22.9835,-22.16,58.10004
23.28:  23.27949,-22.14901,56.90003
23.3:  23.57755,-22.14242,55.70004
23.32:  23.87797,-22.14069,54.70004
23.33:  24.19337,-22.14382,53.70004
23.35:  24.51334,-22.15195,52.80004
23.37:  24.84191,-22.1661,52.10004
23.38:  25.17835,-22.18722,51.60004
23.4:  25.51838,-22.21589,51.30005
23.42:  25.87276,-22.25377,51.10004
23.43:  26.2234,-22.29,50.90005
23.45:  26.58679,-22.32691,50.80005
23.46:  26.92289,-22.36105,50.80005
23.48:  27.27476,-22.3968,50.80005
23.5:  27.62784,-22.43328,50.90004
23.52:  27.98289,-22.4706,51.00004
23.53:  28.34908,-22.51038,51.20005
23.55:  28.68949,-22.54796,51.30005
23.57:  29.03708,-22.58634,51.30005
23.58:  29.39376,-22.62635,51.40005
23.6:  29.74113,-22.66654,51.60005
23.62:  30.09202,-22.70776,51.70005
23.63:  30.4339,-22.7403,51.90005
23.65:  30.77097,-22.76556,52.30005
23.67:  31.09418,-22.78299,52.70005
23.68:  31.41803,-22.79295,53.10005
23.7:  31.72734,-22.79668,53.80005
23.72:  32.0344,-22.79562,54.80005
23.73:  32.33338,-22.79212,56.30005
23.75:  32.62399,-22.79048,58.70005
23.77:  32.90956,-22.79308,61.70005
23.78:  33.18972,-22.79881,64.60004
23.8:  33.462,-22.80475,67.00005
23.82:  33.69641,-22.71147,68.30004
23.83:  33.92372,-22.61053,68.90005
23.85:  34.14962,-22.49988,69.60005
23.87:  34.36944,-22.38212,70.30005
23.88:  34.59351,-22.25329,71.40005
23.9:  34.81445,-22.1204,73.00005
23.92:  35.03881,-21.98396,75.40005
23.93:  35.26512,-21.84971,78.60005
23.95:  35.5101,-21.71284,82.70005
23.97:  35.74566,-21.59476,87.60004
23.98:  36.00378,-21.48537,93.60004
24:  36.2738,-21.39603,100.5
24.01:  36.55808,-21.33061,108
24.03:  36.85011,-21.29062,115.2001
24.05:  37.15675,-21.29181,125.2
24.07:  37.46483,-21.31316,130.8
24.08:  37.78576,-21.35175,135.5
24.1:  38.11302,-21.40087,138.9
24.12:  38.4434,-21.45686,141.6
24.13:  38.783,-21.51659,143.5
24.15:  39.12694,-21.57553,144.7
24.17:  39.47968,-21.64091,145.5
24.18:  39.82527,-21.71059,146.4
24.2:  40.16986,-21.78509,147.2
24.21:  40.51567,-21.8662,148.2
24.23:  40.85262,-21.95334,149.5
24.25:  41.19354,-22.05627,151.8
24.27:  41.53537,-22.17065,153.5
24.28:  41.8633,-22.2913,155.2
24.3:  42.19426,-22.42368,156.8
24.32:  42.51772,-22.56098,158
24.33:  42.84434,-22.70367,158.6
24.35:  43.15973,-22.8441,159
24.37:  43.48618,-22.99013,159.1
24.38:  43.80834,-23.13424,159.1
24.4:  44.13572,-23.27863,158.8
24.42:  44.45649,-23.41084,157.4
24.43:  44.7942,-23.53176,154.7
24.45:  45.15231,-23.61509,148.1
24.47:  45.48528,-23.66011,142.7
24.48:  45.83934,-23.67062,136.7
24.5:  46.18961,-23.64367,130.6
24.52:  46.54309,-23.57943,124.7
24.53:  46.88058,-23.48457,119.3
24.55:  47.21112,-23.36098,114.5
24.56:  47.5363,-23.21416,110.7
24.58:  47.84575,-23.05648,108
24.6:  48.15865,-22.88447,106.2
24.62:  48.46774,-22.70674,105.1
24.63:  48.77105,-22.52736,104.4
24.65:  49.07299,-22.3445,103.8
24.66:  49.37113,-22.16322,103.7
24.68:  49.67257,-21.97994,103.7
24.7:  49.97923,-21.79349,103.7
24.72:  50.28035,-21.61041,103.7
24.73:  50.58157,-21.42727,103.7
24.75:  50.88393,-21.254,103.7
24.77:  51.18393,-21.09281,103.7
24.78:  51.47087,-20.94875,103.7
24.8:  51.76206,-20.81327,103.7
24.82:  52.04887,-20.69057,103.7
24.83:  52.33216,-20.58017,103.7
24.85:  52.61609,-20.48072,103.7
24.87:  52.89104,-20.39525,103.7
24.88:  53.16768,-20.32057,103.7
24.9:  53.44069,-20.25677,103.4
24.92:  53.7063,-20.20348,102.9
24.93:  53.97472,-20.15907,102.4
24.95:  54.23378,-20.12763,102.4
24.97:  54.49741,-20.10783,102.4
24.98:  54.75632,-20.10097,102.5
25:  55.01273,-20.10735,102.7
25.01:  55.26354,-20.12705,103
25.03:  55.50872,-20.16006,103.4
25.05:  55.76395,-20.18423,104
25.07:  56.01511,-20.19682,104.2
25.08:  56.27483,-20.19828,104.4
25.1:  56.54866,-20.18647,104.4
25.12:  56.8044,-20.16421,104.4
25.13:  57.06951,-20.12995,104.5
25.15:  57.33513,-20.08528,104.7
25.17:  57.61239,-20.02729,104.8
25.18:  57.90157,-19.95707,105.3
25.2:  58.1752,-19.88512,106.3
25.22:  58.46288,-19.80703,107.9
25.23:  58.74551,-19.7518,110
25.25:  59.03084,-19.72132,112.8
25.26:  59.30695,-19.70693,113.7
25.28:  59.58155,-19.70382,113.7
25.3:  59.85352,-19.71236,113.7
25.32:  60.11356,-19.73175,113.7
25.33:  60.37626,-19.76347,113.7
25.35:  60.64198,-19.78338,113.7
25.37:  60.90991,-19.79175,113.7
25.38:  61.18408,-19.78873,113.7
25.4:  61.46132,-19.77445,113.7
25.41:  61.7455,-19.74865,113.7
25.43:  62.03408,-19.71152,113.7
25.45:  62.33157,-19.66221,113.7
25.47:  62.62767,-19.60276,113.7
25.48:  62.93512,-19.53096,113.8
25.5:  63.24643,-19.45373,114.8
25.52:  63.56701,-19.3795,117.4
25.53:  63.89751,-19.31371,120.8
25.55:  64.2394,-19.25893,124.5
25.57:  64.59097,-19.21888,128.5
25.58:  64.94308,-19.20289,132.4
25.6:  65.29735,-19.20969,136.1
25.61:  65.64941,-19.2374,139.5
25.63:  65.99757,-19.28323,142.5
25.65:  66.34505,-19.35393,146.5
25.66:  66.68472,-19.43548,148.5
25.68:  67.02698,-19.52719,150
25.7:  67.37105,-19.6265,151.1
25.72:  67.71012,-19.72758,151.6
25.73:  68.04766,-19.82949,151.8
25.75:  68.38811,-19.93228,151.8
25.77:  68.72073,-20.03397,152
25.78:  69.06417,-20.13963,152.1
25.8:  69.40008,-20.24425,152.3
25.82:  69.73955,-20.35128,152.5
25.83:  70.07536,-20.45845,152.7
25.85:  70.40835,-20.56536,152.8
25.87:  70.74583,-20.67307,152.7
25.88:  71.08327,-20.77882,152.4
25.9:  71.42263,-20.87421,150.7
25.92:  71.77089,-20.94823,147
25.93:  72.12438,-20.98539,141
25.95:  72.4782,-20.9687,132.3
25.97:  72.82042,-20.88464,121.2
25.98:  73.13461,-20.72662,108.3
26:  73.4073,-20.49618,94.80003
26.02:  73.62308,-20.20775,81.80003
26.03:  73.77334,-19.88842,70.20004
26.05:  73.84723,-19.54669,57.20004
26.07:  73.88228,-19.20163,50.80003
26.08:  73.89094,-18.84717,46.40004
26.1:  73.88412,-18.49217,43.90004
26.12:  73.86806,-18.13856,42.40004
26.13:  73.84574,-17.77355,41.50004
26.15:  73.8245,-17.43596,41.40004
26.16:  73.80219,-17.08118,41.40004
26.18:  73.78018,-16.73155,41.40004
26.2:  73.75768,-16.37378,41.40004
26.22:  73.74486,-16.02943,41.40004
26.23:  73.74139,-15.69344,41.40004
26.25:  73.74734,-15.36463,41.40004
26.27:  73.76218,-15.05087,41.40004
26.28:  73.78716,-14.73497,41.40004
26.3:  73.82117,-14.43169,41.40004
26.32:  73.86451,-14.13695,41.40004
26.33:  73.9173,-13.85001,41.40004
26.35:  73.97891,-13.57351,41.40004
26.36:  74.05095,-13.3013,41.40004
26.38:  74.1308,-13.04225,41.40004
26.4:  74.22231,-12.78513,41.40004
26.41:  74.32214,-12.53934,41.40004
26.43:  74.4298,-12.30489,41.40004
26.45:  74.54978,-12.07305,41.40004
26.46:  74.6769,-11.85353,41.40004
26.48:  74.81331,-11.64219,41.40004
26.5:  74.96062,-11.43628,41.30003
26.52:  75.1149,-11.24167,41.30003
26.53:  75.28014,-11.05279,41.20004
26.55:  75.44236,-10.86082,40.20004
26.57:  75.59757,-10.66429,38.30004
26.58:  75.74326,-10.46155,35.70004
26.6:  75.87749,-10.25245,32.70004
26.62:  76.0001,-10.03397,29.30004
26.63:  76.10973,-9.810188,26.10003
26.65:  76.2048,-9.577229,22.20004
26.67:  76.29881,-9.344539,22.00004
26.68:  76.39173,-9.114557,22.00004
26.7:  76.48585,-8.881608,22.00004
26.72:  76.57903,-8.65098,22.00004
26.73:  76.67262,-8.419348,22.00004
26.75:  76.76678,-8.186267,22.00004
26.77:  76.86016,-7.955149,22.00004
26.78:  76.95402,-7.722856,22.00004
26.8:  77.04726,-7.492075,22.00004
26.82:  77.14124,-7.259468,22.00004
26.83:  77.23455,-7.02851,22.00004
26.85:  77.33115,-6.789422,22.00004
26.87:  77.42338,-6.561145,22.00004
26.88:  77.51585,-6.33227,22.00004
26.9:  77.60945,-6.100597,22.00004
26.92:  77.70277,-5.869621,22.00004
26.93:  77.79644,-5.637782,22.00004
26.95:  77.89035,-5.405344,22.00004
26.97:  77.98414,-5.173214,22.00004
26.98:  78.07731,-4.942605,22.00004
27:  78.18317,-4.714328,22.00004
27.02:  78.30003,-4.49196,22.00004
27.03:  78.42877,-4.274647,22.10004
27.05:  78.57007,-4.062919,22.40004
27.07:  78.72208,-3.857641,22.50004
27.08:  78.88829,-3.653171,22.40004
27.1:  79.06262,-3.453339,21.80004
27.12:  79.24361,-3.253827,20.40004
27.13:  79.42789,-3.051564,18.10003
27.15:  79.61176,-2.842712,14.80004
27.17:  79.79459,-2.621103,10.70004
27.18:  79.97192,-2.387383,6.200037
27.2:  80.1154,-2.141233,1.400037
27.23:  80.22604,-1.885603,356.8
27.25:  80.30418,-1.622964,352.3
27.26:  80.3418,-1.357069,346.2
27.28:  80.35081,-1.09553,342.6
27.3:  80.33263,-0.8318672,339.3
27.32:  80.29086,-0.5770963,336.6
27.33:  80.24968,-0.3183629,334.2
27.35:  80.21062,-0.05955708,332.1
27.37:  80.1711,0.2097859,329.8
27.38:  80.12941,0.4818159,327
27.4:  80.08247,0.7568914,323.7
27.41:  80.02717,1.037958,320
27.43:  79.96259,1.317324,316
27.45:  79.88237,1.607816,311.5
27.46:  79.77634,1.893287,304.6
27.48:  79.65456,2.17862,300
27.5:  79.51611,2.470071,295.9
27.52:  79.36739,2.764509,292.8
27.53:  79.2133,3.063289,290.7
27.55:  79.05727,3.37032,289.5
27.57:  78.90553,3.685606,289.3
27.58:  78.74769,4.01358,289.3
27.6:  78.59746,4.325739,289.3
27.62:  78.44304,4.646603,289.3
27.63:  78.29008,4.964437,289.3
27.65:  78.1374,5.28168,289.3
27.66:  77.98413,5.600147,289.3
27.68:  77.83197,5.916314,289.3
27.7:  77.67885,6.234468,289.3
27.72:  77.52393,6.556354,289.3
27.73:  77.37051,6.875155,289.3
27.75:  77.21743,7.193232,289.3
27.77:  77.06432,7.511353,289.3
27.78:  76.9106,7.830779,289.3
27.8:  76.75941,8.144926,289.3
27.82:  76.60381,8.468239,289.3
27.83:  76.45055,8.786688,289.3
27.85:  76.29816,9.103337,289.3
27.87:  76.1445,9.422616,289.3
27.88:  75.99059,9.742419,289.3
27.9:  75.83968,10.06024,289.6
27.92:  75.68269,10.39385,289.8
27.93:  75.53696,10.70356,289.8
27.95:  75.38377,11.02045,289.2
27.97:  75.22211,11.33636,287.9
27.98:  75.05177,11.64493,286.1
28:  74.86726,11.94719,283.6
28.02:  74.67069,12.23536,280.7
28.03:  74.45154,12.51993,277.4
28.05:  74.21988,12.78455,273.8
28.06:  73.96124,13.02829,268.3
28.08:  73.6949,13.25177,265
28.1:  73.40914,13.4671,262
28.12:  73.11707,13.66634,259.3
28.13:  72.81662,13.85555,257.2
28.15:  72.51504,14.03675,256
28.17:  72.20943,14.21749,255.6
28.18:  71.90543,14.39871,255.8
28.2:  71.59341,14.58545,255.9
28.22:  71.30072,14.76062,255.9
28.23:  70.9974,14.94216,255.9
28.25:  70.69486,15.12322,255.9
28.26:  70.39392,15.30333,255.9
28.28:  70.09155,15.48429,255.9
28.3:  69.78385,15.66845,255.9
28.32:  69.48068,15.84989,255.9
28.33:  69.17703,16.03162,255.9
28.35:  68.87463,16.2126,255.9
28.37:  68.57117,16.3837,255.9
28.38:  68.27605,16.53985,255.9
28.4:  67.98267,16.68462,255.9
28.42:  67.69116,16.81781,255.9
28.43:  67.40323,16.93866,255.9
28.45:  67.11916,17.04712,255.9
28.47:  66.83517,17.14444,255.9
28.48:  66.55655,17.22887,255.9
28.5:  66.28278,17.30081,255.9
28.51:  66.00809,17.36152,255.9
28.53:  65.74136,17.40928,255.9
28.55:  65.47286,17.44564,255.9
28.56:  65.20737,17.46973,255.9
28.58:  64.94707,17.48154,255.9
28.6:  64.69046,17.48131,255.9
28.62:  64.4333,17.4687,255.9
28.63:  64.18217,17.44416,255.9
28.65:  63.93336,17.40605,255.6
28.66:  63.68887,17.3525,254.8
28.68:  63.45108,17.2871,254.6
28.7:  63.20838,17.22025,254.6
28.72:  62.96709,17.15379,254.6
28.73:  62.72101,17.09915,254.6
28.75:  62.47593,17.0577,254.7
28.77:  62.22279,17.02771,254.7
28.78:  61.96928,17.01005,254.7
28.8:  61.71399,17.00477,254.8
28.82:  61.45096,17.01166,254.8
28.83:  61.18598,17.03112,254.9
28.85:  60.91758,17.06321,255
28.86:  60.64735,17.10962,255.5
28.88:  60.37796,17.16861,255.8
28.9:  60.10647,17.21794,256.1
28.92:  59.83902,17.25677,256.5
28.93:  59.57546,17.28561,257
28.95:  59.31667,17.30491,257.6
28.97:  59.05928,17.31437,258.1
28.98:  58.80261,17.31328,258.5
29:  58.55059,17.30176,258.9001
29.01:  58.29906,17.27864,259.1
29.03:  58.05387,17.24475,259.3
29.05:  57.80661,17.19847,259.4
29.06:  57.55986,17.15274,259.5001
29.08:  57.3181,17.10837,259.6
29.1:  57.07178,17.06316,259.6
29.12:  56.82361,17.01761,259.6
29.13:  56.57799,16.97253,259.6
29.15:  56.33208,16.92785,259.7
29.17:  56.08593,16.88356,259.8
29.18:  55.83936,16.83963,259.9001
29.2:  55.59389,16.79679,260.1
29.22:  55.34566,16.75436,260.3
29.23:  55.10046,16.71421,260.7
29.25:  54.8544,16.67612,261.2001
29.26:  54.60744,16.64317,262.4001
29.28:  54.35946,16.61448,263.4001
29.3:  54.10897,16.59035,264.5001
29.32:  53.85864,16.57109,265.6001
29.33:  53.60834,16.55578,266.5001
29.35:  53.36002,16.54277,267.0001
29.37:  53.1077,16.53087,267.3
29.38:  52.86006,16.51919,267.3
29.4:  52.61037,16.50742,267.3
29.42:  52.36204,16.49571,267.3
29.43:  52.11168,16.4839,267.3
29.45:  51.86209,16.47213,267.3
29.47:  51.61228,16.46035,267.3
29.48:  51.36211,16.44855,267.3
29.5:  51.11362,16.43684,267.3
29.51:  50.86335,16.42503,267.3
29.53:  50.61514,16.41333,267.3
29.55:  50.36393,16.40148,267.3
29.57:  50.11448,16.38972,267.3
29.58:  49.86389,16.3779,267.3
29.6:  49.61462,16.36615,267.3
29.62:  49.36365,16.35431,267.3
29.63:  49.11484,16.34258,267.3
29.65:  48.86415,16.33119,267.4001
29.66:  48.61445,16.32029,267.5001
29.68:  48.36788,16.31039,267.7001
29.7:  48.11539,16.30201,268.1001
29.72:  47.86587,16.29504,268.4001
29.73:  47.61559,16.2898,268.8001
29.75:  47.36619,16.28588,269.1001
29.77:  47.11415,16.28325,269.4001
29.78:  46.86219,16.28061,269.4001
29.8:  46.61523,16.27802,269.4001
29.82:  46.36619,16.27541,269.4001
29.83:  46.11555,16.28534,269.4001
29.85:  45.86728,16.30747,269.4001
29.87:  45.61507,16.34263,269.4001
29.88:  45.36467,16.39,269.4001
29.9:  45.11568,16.44942,269.4001
29.91:  44.86345,16.52222,269.4001
29.93:  44.61296,16.60694,269.4001
29.95:  44.36277,16.70393,269.4001
29.97:  44.11097,16.81406,269.4001
29.98:  43.85805,16.93728,269.4001
30:  43.60737,17.04702,269.4001
30.01:  43.3574,17.14412,269.4001
30.03:  43.10786,17.22873,269.4001
30.05:  42.85762,17.30118,269.4001
30.07:  42.60471,17.36171,269.4001
30.08:  42.35391,17.40924,269.4001
30.1:  42.10416,17.44417,269.4001
30.12:  41.85229,17.46674,269.4001
30.13:  41.60326,17.47668,269.4001
30.15:  41.35566,17.47431,269.4001
30.17:  41.10202,17.4721,269.5001
30.18:  40.85262,17.47036,269.6001
30.2:  40.6024,17.46905,269.7001
30.22:  40.35077,17.46861,269.9001
30.23:  40.10169,17.46904,270.1001
30.25:  39.85191,17.47035,270.3001
30.27:  39.60225,17.47253,270.5001
30.28:  39.34891,17.47562,270.7001
30.3:  39.10192,17.47907,270.8001
30.31:  38.85326,17.48255,270.8001
30.33:  38.60622,17.486,270.8001
30.35:  38.35296,17.48953,270.8001
30.37:  38.10238,17.49303,270.8001
30.38:  37.85311,17.49651,270.8001
30.4:  37.60318,17.5,270.8001
30.42:  37.35548,17.50346,270.8001
30.43:  37.10289,17.50699,270.8001
30.45:  36.85441,17.51046,270.8001
30.47:  36.60255,17.51442,270.9001
30.48:  36.35341,17.51833,270.9001
30.5:  36.10651,17.52221,270.9001
30.52:  35.85669,17.52614,270.9001
30.53:  35.60395,17.53011,270.9001
30.55:  35.35554,17.53401,270.9001
30.56:  35.10324,17.53797,270.9001
30.58:  34.85542,17.5423,271.0001
30.6:  34.60408,17.54669,271.0001
30.61:  34.35326,17.55107,271.0001
30.63:  34.10569,17.55539,271.0001
30.65:  33.85452,17.55977,271.0001
30.67:  33.60522,17.56412,271.0001
30.68:  33.35392,17.56851,271.0001
30.7:  33.09776,17.57298,271.0001
30.72:  32.85238,17.57726,271.0001
30.73:  32.60219,17.58163,271.0001
30.75:  32.35497,17.58595,271.0001
30.77:  32.10739,17.59027,271.0001
30.78:  31.85382,17.5947,271.0001
30.8:  31.605,17.59904,271.0001
30.82:  31.35328,17.60343,271.0001
30.83:  31.10438,17.60778,271.0001
30.85:  30.85465,17.61214,271.0001
30.87:  30.60448,17.61651,271.0001
30.88:  30.35402,17.62088,271.0001
30.9:  30.10531,17.62522,271.0001
30.92:  29.85432,17.6296,271.0001
30.93:  29.60419,17.63397,271.0001
30.95:  29.35628,17.6383,271.0001
30.97:  29.10487,17.64268,271.0001
30.98:  28.85422,17.64706,271.0001
31:  28.60504,17.65141,271.0001
31.02:  28.35427,17.65579,271.0001
31.03:  28.10493,17.66014,271.0001
31.05:  27.85623,17.66448,271.0001
31.06:  27.60442,17.66888,271.0001
31.08:  27.35804,17.67318,271.0001
31.1:  27.10511,17.67759,271.0001
31.12:  26.85485,17.68196,271.0001
31.13:  26.6053,17.68632,271.0001
31.15:  26.35676,17.69066,271.0001
31.17:  26.10675,17.69502,271.0001
31.18:  25.85471,17.69942,271.0001
31.2:  25.60697,17.70374,271.0001
31.22:  25.35493,17.70815,271.0001
31.23:  25.10484,17.71251,271.0001
31.25:  24.85834,17.71681,271.0001
31.26:  24.60561,17.72123,271.0001
31.28:  24.35854,17.72554,271.0001
31.3:  24.10623,17.72994,271.0001
31.31:  23.85379,17.73435,271.0001
31.33:  23.60798,17.73864,271.0001
31.35:  23.35667,17.74303,271.0001
31.37:  23.10461,17.74743,271.0001
31.38:  22.85496,17.75179,271.0001
31.4:  22.60597,17.75613,271.0001
31.42:  22.3549,17.76052,271.0001
31.43:  22.10555,17.76487,271.0001
31.45:  21.85724,17.7692,271.0001
31.47:  21.60444,17.77361,271.0001
31.48:  21.3546,17.77798,271.0001
31.5:  21.10574,17.78232,271.0001
31.52:  20.8556,17.78669,271.0001
31.53:  20.60523,17.79106,271.0001
31.55:  20.35568,17.79541,271.0001
31.57:  20.10485,17.79979,271.0001
31.58:  19.85526,17.80415,271.0001
31.6:  19.60619,17.8085,271.0001
31.62:  19.35613,17.81286,271.0001
31.63:  19.10571,17.81724,271.0001
31.65:  18.85755,17.82157,271.0001
31.67:  18.60655,17.82595,271.0001
31.68:  18.35569,17.83033,271.0001
31.7:  18.11792,17.83448,271.0001
31.72:  17.89699,17.83834,271.0001
31.73:  17.68108,17.8421,271.0001
31.75:  17.48241,17.84557,271.0001
31.76:  17.29308,17.84888,271.0001
31.78:  17.11955,17.85191,271.0001
31.8:  16.95669,17.85475,271.0001
31.82:  16.80606,17.85738,271.0001
31.83:  16.66866,17.85978,271.0001
31.85:  16.54393,17.86196,271.0001
31.87:  16.43107,17.86393,271.0001
31.88:  16.33113,17.86567,271.0001
31.9:  16.24407,17.86719,271.0001
31.92:  16.16831,17.86851,271.0001
31.93:  16.10602,17.8696,271.0001
31.95:  16.05629,17.87047,271.0001
31.97:  16.01831,17.87113,271.0001
31.98:  15.99359,17.87156,271.0001
32:  15.98106,17.87178,271.0001
32.02:  15.98106,17.87178,271.0001
32.03:  15.98106,17.87178,271.0001
32.05:  15.98106,17.87178,271.0001
32.07:  15.98106,17.87178,271.0001
32.08:  15.98106,17.87178,271.0001
32.1:  15.98106,17.87178,271.0001
32.12:  15.98106,17.87178,271.0001
32.13:  15.98106,17.87178,271.0001
32.15:  15.98106,17.87178,270.9001
32.17:  15.98106,17.87178,270.9001
32.18:  15.98106,17.87178,270.9001
32.2:  15.98106,17.87178,270.9001
32.22:  15.98106,17.87178,270.9001
32.23:  15.98106,17.87178,270.9001
32.25:  15.98106,17.87178,270.9001
32.26:  15.98106,17.87178,270.8001
32.28:  15.98106,17.87178,270.7001
32.3:  15.98106,17.87178,270.6001
32.32:  15.98106,17.87178,270.5001
32.33:  15.98106,17.87178,270.5001
32.35:  15.98106,17.87178,270.5001
32.37:  15.98106,17.87178,270.5001
32.38:  15.98106,17.87178,270.4001
32.4:  15.98106,17.87178,270.4001
32.42:  15.98106,17.87178,270.4001
32.43:  15.98106,17.87178,270.4001
32.45:  15.98106,17.87178,270.4001
32.47:  15.98106,17.87178,270.3001
32.48:  15.98106,17.87178,270.3001
32.5:  15.98106,17.87178,270.3001
32.52:  15.98106,17.87178,270.3001
32.53:  15.98106,17.87178,270.2001
32.55:  15.98106,17.87178,270.2001
32.57:  15.98106,17.87178,270.2001
32.58:  15.98106,17.87178,270.2001
32.6:  15.98106,17.87178,270.2001
32.62:  15.98106,17.87178,270.2001
32.63:  15.98106,17.87178,270.2001
32.65:  15.98106,17.87178,270.2001
32.67:  15.98106,17.87178,270.1001
32.68:  15.98106,17.87178,270.1001
32.7:  15.98106,17.87178,270.1001
32.71:  15.98106,17.87178,270.1001
32.73:  15.98106,17.87178,270.1001
