ParticipantNo: 11002
Controller type: Gamepad
Training Level:
0.02:  82.7,18.5,270
0.04:  82.7,18.5,270
0.06:  82.7,18.5,269.9663
0.08:  82.7,18.5,269.9327
0.09:  82.7,18.5,269.899
0.11:  82.7,18.5,269.8653
0.13:  82.7,18.5,269.8316
0.14:  82.7,18.5,269.798
0.16:  82.7,18.5,269.7643
0.18:  82.7,18.5,269.737
0.19:  82.7,18.5,269.7097
0.21:  82.7,18.5,269.6823
0.23:  82.7,18.5,269.6486
0.24:  82.7,18.5,269.6213
0.26:  82.7,18.5,269.5876
0.28:  82.7,18.5,269.5603
0.29:  82.7,18.5,269.5266
0.31:  82.7,18.5,269.493
0.33:  82.7,18.5,269.4593
0.34:  82.7,18.5,269.4319
0.36:  82.7,18.5,269.3983
0.38:  82.7,18.5,269.371
0.39:  82.7,18.5,269.3373
0.41:  82.7,18.5,269.3036
0.43:  82.7,18.5,269.2699
0.44:  82.7,18.5,269.2363
0.46:  82.7,18.5,269.2026
0.48:  82.7,18.5,269.1689
0.49:  82.7,18.5,269.1353
0.51:  82.7,18.5,269.1016
0.53:  82.7,18.5,269.0616
0.54:  82.7,18.5,269.0279
0.56:  82.7,18.5,268.9942
0.58:  82.7,18.5,268.9669
0.59:  82.7,18.5,268.9332
0.61:  82.7,18.5,268.8932
0.63:  82.7,18.5,268.8596
0.64:  82.7,18.5,268.8195
0.66:  82.7,18.5,268.7922
0.68:  82.7,18.5,268.7522
0.69:  82.7,18.5,268.7185
0.71:  82.7,18.5,268.6912
0.73:  82.7,18.5,268.6575
0.74:  82.7,18.5,268.6302
0.76:  82.7,18.5,268.5965
0.78:  82.7,18.5,268.5692
0.79:  82.7,18.5,268.5355
0.81:  82.7,18.5,268.4955
0.83:  82.7,18.5,268.4619
0.84:  82.7,18.5,268.4282
0.86:  82.7,18.5,268.3945
0.88:  82.7,18.5,268.3608
0.89:  82.7,18.5,268.3271
0.91:  82.7,18.5,268.2935
0.93:  82.7,18.5,268.2661
0.94:  82.7,18.5,268.2388
0.96:  82.7,18.5,268.2051
0.98:  82.7,18.5,268.1778
0.99:  82.7,18.5,268.1442
1.01:  82.7,18.5,268.1105
1.03:  82.7,18.5,268.0768
1.04:  82.7,18.5,268.0432
1.06:  82.7,18.5,268.0095
1.08:  82.7,18.5,267.9758
1.09:  82.7,18.5,267.9421
1.11:  82.7,18.5,267.9085
1.13:  82.7,18.5,267.8748
1.14:  82.7,18.5,267.8411
1.16:  82.7,18.5,267.8075
1.18:  82.7,18.5,267.7802
1.19:  82.7,18.5,267.7528
1.21:  82.7,18.5,267.7191
1.23:  82.7,18.5,267.6855
1.24:  82.7,18.5,267.6518
1.26:  82.7,18.5,267.6245
1.28:  82.7,18.5,267.5908
1.29:  82.7,18.5,267.5571
1.31:  82.7,18.5,267.5234
1.33:  82.7,18.5,267.4898
1.34:  82.7,18.5,267.4561
1.36:  82.7,18.5,267.4288
1.38:  82.7,18.5,267.4015
1.39:  82.7,18.5,267.3678
1.41:  82.7,18.5,267.3405
1.43:  82.7,18.5,267.3068
1.44:  82.7,18.5,267.2794
1.46:  82.7,18.5,267.2458
1.48:  82.7,18.5,267.2121
1.49:  82.7,18.5,267.1784
1.51:  82.7,18.5,267.1448
1.53:  82.7,18.5,267.1111
1.54:  82.7,18.5,267.0775
1.56:  82.7,18.5,267.0501
1.58:  82.7,18.5,267.0228
1.59:  82.7,18.5,266.9891
1.61:  82.7,18.5,266.9554
1.63:  82.7,18.5,266.9281
1.64:  82.7,18.5,266.8944
1.66:  82.7,18.5,266.8607
1.68:  82.7,18.5,266.8271
1.69:  82.7,18.5,266.7997
1.71:  82.7,18.5,266.7661
1.73:  82.7,18.5,266.7324
1.74:  82.7,18.5,266.6988
1.76:  82.7,18.5,266.6651
1.78:  82.7,18.5,266.6314
1.79:  82.7,18.5,266.5977
1.81:  82.7,18.5,266.5641
1.83:  82.7,18.5,266.5304
1.84:  82.7,18.5,266.4968
1.86:  82.7,18.5,266.4631
1.88:  82.7,18.5,266.4357
1.89:  82.7,18.5,266.4084
1.91:  82.7,18.5,266.3811
1.93:  82.7,18.5,266.3538
1.94:  82.7,18.5,266.3201
1.96:  82.7,18.5,266.2864
1.98:  82.7,18.5,266.2527
1.99:  82.7,18.5,266.2191
2.01:  82.7,18.5,266.1854
2.03:  82.7,18.5,266.1517
2.04:  82.7,18.5,266.118
2.06:  82.7,18.5,266.0844
2.08:  82.7,18.5,266.0507
2.09:  82.7,18.5,266.0234
2.11:  82.7,18.5,265.9897
2.13:  82.7,18.5,265.9624
2.14:  82.7,18.5,265.9351
2.16:  82.7,18.5,265.9077
2.18:  82.7,18.5,265.8741
2.19:  82.7,18.5,265.8404
2.21:  82.7,18.5,265.813
2.23:  82.7,18.5,265.7857
2.24:  82.7,18.5,265.7584
2.26:  82.7,18.5,265.7247
2.28:  82.7,18.5,265.691
2.29:  82.7,18.5,265.6573
2.31:  82.7,18.5,265.6237
2.33:  82.7,18.5,265.59
2.34:  82.7,18.5,265.5564
2.36:  82.7,18.5,265.529
2.38:  82.7,18.5,265.4954
2.39:  82.7,18.5,265.4617
2.41:  82.7,18.5,265.4344
2.43:  82.7,18.5,265.407
2.44:  82.7,18.5,265.3797
2.46:  82.7,18.5,265.346
2.48:  82.7,18.5,265.3123
2.49:  82.7,18.5,265.2787
2.51:  82.7,18.5,265.245
2.53:  82.7,18.5,265.2177
2.54:  82.7,18.5,265.184
2.56:  82.7,18.5,265.1567
2.58:  82.7,18.5,265.123
2.59:  82.7,18.5,265.0893
2.61:  82.7,18.5,265.0493
2.63:  82.7,18.5,265.0157
2.64:  82.7,18.5,264.982
2.66:  82.7,18.5,264.9483
2.68:  82.7,18.5,264.9146
2.69:  82.7,18.5,264.881
2.71:  82.7,18.5,264.8536
2.73:  82.7,18.5,264.8263
2.74:  82.7,18.5,264.7926
2.76:  82.7,18.5,264.759
2.78:  82.7,18.5,264.7253
2.79:  82.7,18.5,264.6916
2.81:  82.7,18.5,264.658
2.83:  82.7,18.5,264.6243
2.84:  82.7,18.5,264.5843
2.86:  82.7,18.5,264.5506
2.88:  82.7,18.5,264.5233
2.89:  82.7,18.5,264.4896
2.91:  82.7,18.5,264.4559
2.93:  82.7,18.5,264.4223
2.94:  82.7,18.5,264.3886
2.96:  82.7,18.5,264.3549
2.98:  82.7,18.5,264.3276
2.99:  82.7,18.5,264.3003
3.01:  82.7,18.5,264.2666
3.03:  82.7,18.5,264.2393
3.04:  82.7,18.5,264.2119
3.06:  82.7,18.5,264.1783
3.08:  82.7,18.5,264.1509
3.09:  82.7,18.5,264.1172
3.11:  82.7,18.5,264.0836
3.13:  82.7,18.5,264.0499
3.14:  82.7,18.5,264.0162
3.16:  82.7,18.5,263.9826
3.18:  82.7,18.5,263.9489
3.19:  82.7,18.5,263.9152
3.21:  82.7,18.5,263.8816
3.23:  82.7,18.5,263.8479
3.24:  82.7,18.5,263.8206
3.26:  82.7,18.5,263.7869
3.28:  82.7,18.5,263.7532
3.29:  82.7,18.5,263.7195
3.31:  82.7,18.5,263.6922
3.33:  82.7,18.5,263.6649
3.34:  82.7,18.5,263.6312
3.36:  82.7,18.5,263.5975
3.38:  82.7,18.5,263.5639
3.39:  82.7,18.5,263.5302
3.41:  82.7,18.5,263.4965
3.43:  82.7,18.5,263.4628
3.44:  82.7,18.5,263.4292
3.46:  82.7,18.5,263.3955
3.48:  82.7,18.5,263.3618
3.49:  82.7,18.5,263.3345
3.51:  82.7,18.5,263.3072
3.53:  82.7,18.5,263.2798
3.54:  82.7,18.5,263.2462
3.56:  82.7,18.5,263.2062
3.58:  82.7,18.5,263.1725
3.59:  82.7,18.5,263.1388
3.61:  82.7,18.5,263.1052
3.63:  82.7,18.5,263.0778
3.64:  82.7,18.5,263.0442
3.66:  82.7,18.5,263.0105
3.68:  82.7,18.5,262.9832
3.69:  82.7,18.5,262.9495
3.71:  82.7,18.5,262.9158
3.73:  82.7,18.5,262.8821
3.74:  82.7,18.5,262.8485
3.76:  82.7,18.5,262.8148
3.78:  82.7,18.5,262.7811
3.79:  82.7,18.5,262.7538
3.81:  82.7,18.5,262.7202
3.83:  82.7,18.5,262.6865
3.84:  82.7,18.5,262.6591
3.86:  82.7,18.5,262.6255
3.88:  82.7,18.5,262.5918
3.89:  82.7,18.5,262.5581
3.91:  82.7,18.5,262.5308
3.93:  82.7,18.5,262.4971
3.94:  82.7,18.5,262.4571
3.96:  82.7,18.5,262.4235
3.98:  82.7,18.5,262.3898
3.99:  82.7,18.5,262.3561
4.01:  82.7,18.5,262.3288
4.03:  82.7,18.5,262.2888
4.04:  82.7,18.5,262.2551
4.06:  82.7,18.5,262.2214
4.08:  82.7,18.5,262.1877
4.09:  82.7,18.5,262.1541
4.11:  82.7,18.5,262.1204
4.13:  82.7,18.5,262.0931
4.14:  82.7,18.5,262.0658
4.16:  82.7,18.5,262.0321
4.18:  82.7,18.5,261.9984
4.19:  82.7,18.5,261.9648
4.21:  82.7,18.5,261.9311
4.23:  82.7,18.5,261.8974
4.24:  82.7,18.5,261.8637
4.26:  82.7,18.5,261.8364
4.28:  82.7,18.5,261.8027
4.29:  82.7,18.5,261.7691
4.31:  82.7,18.5,261.7354
4.33:  82.7,18.5,261.7017
4.34:  82.7,18.5,261.6681
4.36:  82.7,18.5,261.6407
4.38:  82.7,18.5,261.6071
4.39:  82.7,18.5,261.5797
4.41:  82.7,18.5,261.5524
4.43:  82.7,18.5,261.5251
4.44:  82.7,18.5,261.466
4.46:  82.7,18.5,261.3563
4.48:  82.7,18.5,261.1325
4.49:  82.7,18.5,260.7883
4.51:  82.7,18.5,260.311
4.53:  82.7,18.5,259.6815
4.54:  82.7,18.5,259.0014
4.56:  82.7,18.5,258.3276
4.58:  82.7,18.5,257.6538
4.59:  82.7,18.5,256.98
4.61:  82.7,18.5,256.3062
4.63:  82.7,18.5,255.6324
4.64:  82.7,18.5,254.9586
4.66:  82.7,18.5,254.2848
4.68:  82.7,18.5,253.611
4.69:  82.7,18.5,252.9372
4.71:  82.7,18.5,252.2571
4.73:  82.7,18.5,251.5706
4.74:  82.7,18.5,250.8778
4.76:  82.7,18.5,250.147
4.78:  82.7,18.5,249.3908
4.79:  82.7,18.5,248.6283
4.81:  82.7,18.5,247.8531
4.83:  82.7,18.5,247.0779
4.84:  82.7,18.5,246.309
4.86:  82.7,18.5,245.5338
4.88:  82.72659,18.50709,244.7586
4.89:  82.82446,18.50165,243.9834
4.91:  82.96468,18.49564,243.2082
4.93:  83.14041,18.47611,242.433
4.94:  83.34567,18.4562,241.6641
4.96:  83.58264,18.42292,240.8889
4.98:  83.821,18.39226,240.1137
4.99:  84.06663,18.36406,239.3322
5.01:  84.30817,18.33967,238.5506
5.03:  84.55036,18.31851,237.7754
5.04:  84.80049,18.3001,236.9939
5.06:  85.04116,18.28375,236.2123
5.08:  85.27985,18.26743,235.4308
5.09:  85.52505,18.24146,234.6492
5.11:  85.76407,18.18126,233.8677
5.13:  85.99091,18.08141,233.0862
5.14:  86.19369,17.94527,232.311
5.16:  86.36964,17.77083,231.5294
5.18:  86.52814,17.57684,230.7479
5.19:  86.68714,17.38753,229.9727
5.21:  86.85481,17.19335,229.1911
5.23:  87.01824,17.00921,228.4096
5.24:  87.17039,16.8097,227.6281
5.26:  87.30445,16.59476,226.8465
5.28:  87.40912,16.36275,226.065
5.29:  87.48063,16.12354,225.2834
5.31:  87.51397,15.88416,224.5019
5.33:  87.52289,15.63945,223.7204
5.34:  87.49792,15.38547,222.9388
5.36:  87.45622,15.14101,222.1509
5.38:  87.38557,14.89919,221.3694
5.39:  87.27558,14.66429,220.5878
5.41:  87.14803,14.44634,219.8
5.43:  87.00361,14.24076,219.0121
5.44:  86.84901,14.04446,218.2242
5.46:  86.69865,13.84805,217.4363
5.48:  86.54751,13.64495,216.6548
5.49:  86.40115,13.44252,215.8669
5.51:  86.25759,13.2381,215.079
5.53:  86.1164,13.03111,214.2975
5.54:  85.98043,12.82574,213.5096
5.56:  85.84369,12.61298,212.7281
5.58:  85.71303,12.40344,211.9465
5.59:  85.58236,12.18739,211.165
5.61:  85.45573,11.97142,210.3835
5.63:  85.33368,11.75652,209.5956
5.64:  85.20734,11.52677,208.8077
5.66:  85.09352,11.3129,208.0198
5.68:  84.97957,11.09147,207.2319
5.69:  84.86417,10.85946,206.4441
5.71:  84.76973,10.63534,205.6562
5.73:  84.70079,10.39417,204.8683
5.74:  84.64629,10.14722,204.0804
5.76:  84.59438,9.895652,203.2926
5.78:  84.54612,9.644386,202.5047
5.79:  84.4903,9.387373,201.7168
5.81:  84.41722,9.156491,200.9289
5.83:  84.34504,8.917018,200.1411
5.84:  84.27644,8.677586,199.3531
5.86:  84.21091,8.436407,198.5653
5.88:  84.14883,8.194771,197.7774
5.89:  84.08741,7.941337,196.9895
5.91:  84.03558,7.703169,196.2017
5.93:  83.98347,7.459024,195.4138
5.94:  83.93534,7.217244,194.6259
5.96:  83.89652,6.966334,193.838
5.98:  83.86396,6.717333,193.0501
5.99:  83.83401,6.460981,192.2623
6.01:  83.80895,6.217455,191.4744
6.03:  83.78667,5.967236,190.6865
6.04:  83.76722,5.708426,189.8986
6.06:  83.75208,5.461744,189.1107
6.08:  83.74004,5.20858,188.3229
6.09:  83.73155,4.963754,187.5857
6.11:  83.72527,4.71243,187.0323
6.13:  83.7205,4.462289,186.6881
6.14:  83.71597,4.206328,186.6164
6.16:  83.71169,3.957042,186.5827
6.18:  83.70995,3.707791,186.5554
6.19:  83.71315,3.458135,186.528
6.21:  83.72141,3.204364,186.5007
6.23:  83.73219,2.951749,186.4734
6.24:  83.7553,2.69714,186.446
6.26:  83.77853,2.442542,186.4187
6.28:  83.80187,2.188188,186.3914
6.29:  83.82774,1.933906,186.364
6.31:  83.85368,1.679955,186.3367
6.33:  83.87984,1.425262,186.3094
6.34:  83.90588,1.172514,186.2884
6.36:  83.93237,0.9166711,186.2611
6.38:  83.95878,0.6627242,186.2337
6.39:  83.98795,0.406903,186.2001
6.41:  84.01706,0.1528251,186.1727
6.43:  84.04388,-0.101322,186.1454
6.44:  84.07086,-0.3557172,186.1181
6.46:  84.10036,-0.6097531,186.0844
6.48:  84.1274,-0.8622259,186.0571
6.49:  84.15749,-1.118904,186.0234
6.51:  84.18503,-1.373182,185.9897
6.53:  84.21281,-1.628559,185.9624
6.54:  84.24378,-1.889411,185.9351
6.56:  84.27148,-2.141676,185.9077
6.58:  84.30235,-2.399557,185.8804
6.59:  84.33305,-2.654787,185.8467
6.61:  84.36262,-2.899541,185.8194
6.63:  84.3909,-3.152475,185.7921
6.64:  84.42068,-3.417737,185.7647
6.66:  84.44864,-3.665606,185.7374
6.68:  84.4799,-3.920355,185.7101
6.69:  84.51095,-4.172339,185.6827
6.71:  84.53988,-4.425639,185.6554
6.73:  84.56905,-4.679882,185.6281
6.74:  84.60064,-4.933104,185.5944
6.76:  84.63248,-5.187324,185.5671
6.78:  84.66456,-5.442391,185.5397
6.79:  84.69422,-5.696419,185.5124
6.81:  84.72637,-5.950155,185.4851
6.83:  84.7587,-6.204244,185.4577
6.84:  84.79119,-6.458756,185.4304
6.86:  84.82151,-6.714176,185.4031
6.88:  84.85163,-6.966946,185.3757
6.89:  84.88448,-7.22135,185.3484
6.91:  84.91489,-7.474442,185.3211
6.93:  84.94278,-7.725457,185.2937
6.94:  84.97137,-7.981691,185.2664
6.96:  84.99004,-8.23454,185.2391
6.98:  85.00399,-8.487606,185.2118
6.99:  85.01072,-8.73938,185.1781
7.01:  85.00299,-8.988353,185.1444
7.03:  84.9831,-9.238333,185.1107
7.04:  84.96091,-9.487776,185.0834
7.06:  84.93885,-9.737148,185.0561
7.08:  84.91703,-9.985403,185.0224
7.09:  84.89447,-10.24391,184.9887
7.11:  84.87363,-10.48385,184.9614
7.13:  84.85209,-10.73345,184.9341
7.14:  84.82984,-10.99265,184.9067
7.16:  84.8095,-11.23115,184.8731
7.18:  84.78857,-11.47833,184.8394
7.19:  84.76678,-11.73722,184.8121
7.21:  84.74654,-11.97908,184.7847
7.23:  84.72581,-12.22819,184.7574
7.24:  84.70469,-12.48337,184.7301
7.26:  84.68487,-12.72431,184.7027
7.28:  84.66437,-12.97505,184.6754
7.29:  84.6441,-13.22422,184.6481
7.31:  84.62358,-13.47818,184.6207
7.33:  84.60349,-13.7287,184.5871
7.34:  84.58404,-13.97254,184.5597
7.36:  84.56443,-14.21987,184.5324
7.38:  84.54488,-14.468,184.5051
7.39:  84.52465,-14.7259,184.4841
7.41:  84.50574,-14.96789,184.4694
7.43:  84.48623,-15.2183,184.4548
7.44:  84.46695,-15.46664,184.4401
7.46:  84.44779,-15.71373,184.4318
7.48:  84.42852,-15.96254,184.4298
7.49:  84.40894,-16.21524,184.4298
7.51:  84.3897,-16.46367,184.4298
7.53:  84.37038,-16.71303,184.4298
7.54:  84.35126,-16.95988,184.4298
7.56:  84.33411,-17.21349,184.4298
7.58:  84.32462,-17.46214,184.4298
7.59:  84.31748,-17.71383,184.4318
7.61:  84.31284,-17.96281,184.4338
7.63:  84.31039,-18.21967,184.4738
7.64:  84.30769,-18.46664,184.5518
7.66:  84.30934,-18.7148,184.6615
7.68:  84.31281,-18.96594,184.8093
7.69:  84.31795,-19.21836,184.9887
7.71:  84.32223,-19.46858,185.1745
7.73:  84.32813,-19.72026,185.3666
7.74:  84.33322,-19.97225,185.5524
7.76:  84.33755,-20.22906,185.7445
7.78:  84.34338,-20.48063,185.9366
7.79:  84.35313,-20.73053,186.1288
7.81:  84.35965,-20.98015,186.3209
7.83:  84.36788,-21.2347,186.513
7.84:  84.37756,-21.48548,186.7051
7.86:  84.38885,-21.73762,186.8972
7.88:  84.3994,-21.99215,187.0893
7.89:  84.41155,-22.24732,187.2815
7.91:  84.42757,-22.50047,187.4736
7.93:  84.44276,-22.75407,187.6657
7.94:  84.45705,-23.00629,187.8515
7.96:  84.47076,-23.26364,188.0436
7.98:  84.48133,-23.52416,188.2294
7.99:  84.49305,-23.77474,188.4152
8.01:  84.50401,-24.02713,188.6073
8.03:  84.51411,-24.27984,188.8057
8.04:  84.52352,-24.54112,189.0295
8.06:  84.53385,-24.79086,189.266
8.08:  84.5409,-25.04574,189.5089
8.09:  84.54671,-25.29711,189.7707
8.12:  84.55372,-25.55608,190.0832
8.13:  84.55881,-25.98565,190.4148
8.14:  84.55924,-26.06204,190.7653
8.16:  84.56145,-26.31522,191.1349
8.18:  84.56194,-26.57351,191.5235
8.19:  84.56296,-26.8285,191.9438
8.21:  84.56693,-27.09389,192.3831
8.23:  84.57582,-27.34879,192.8287
8.24:  84.58273,-27.60464,193.2807
8.26:  84.59027,-27.87174,193.7327
8.28:  84.59613,-28.12786,194.1846
8.29:  84.60829,-28.38108,194.6366
8.31:  84.62062,-28.63103,195.0886
8.33:  84.63449,-28.88963,195.5405
8.34:  84.65268,-29.13863,195.9925
8.36:  84.67467,-29.39256,196.4445
8.38:  84.69774,-29.64546,196.8965
8.39:  84.71889,-29.89975,197.3548
8.41:  84.73852,-30.14884,197.8131
8.43:  84.75784,-30.40248,198.265
8.44:  84.77607,-30.65578,198.717
8.46:  84.79491,-30.91383,199.169
8.48:  84.81104,-31.16176,199.6209
8.49:  84.82776,-31.41502,200.0729
8.51:  84.84563,-31.66706,200.5249
8.53:  84.8614,-31.91739,200.9769
8.54:  84.87647,-32.17164,201.4225
8.56:  84.88937,-32.42342,201.8808
8.58:  84.90113,-32.67103,202.3328
8.59:  84.91234,-32.92424,202.7847
8.61:  84.92014,-33.17143,203.243
8.63:  84.92599,-33.41868,203.695
8.64:  84.92904,-33.68037,204.147
8.66:  84.93311,-33.92264,204.599
8.68:  84.93308,-34.17065,205.0573
8.69:  84.92991,-34.43174,205.5092
8.71:  84.92721,-34.67318,205.9612
8.73:  84.92242,-34.92416,206.4132
8.74:  84.91669,-35.1758,206.8651
8.76:  84.91233,-35.42433,207.3171
8.78:  84.90932,-35.67142,207.7691
8.79:  84.90648,-35.92364,208.2211
8.81:  84.90505,-36.16824,208.673
8.83:  84.90807,-36.41976,209.125
8.84:  84.91459,-36.6715,209.577
8.86:  84.92341,-36.9263,210.0226
8.88:  84.93582,-37.18402,210.4746
8.89:  84.94869,-37.43639,210.9266
8.91:  84.96139,-37.6846,211.3785
8.93:  84.97351,-37.93293,211.8305
8.94:  84.98454,-38.1874,212.2825
8.96:  84.99277,-38.43662,212.7344
8.98:  85.00098,-38.68388,213.1801
8.99:  85.00745,-38.93908,213.632
9.01:  85.01186,-39.19009,214.0777
9.03:  85.01227,-39.4415,214.5296
9.04:  85.01272,-39.69317,214.9816
9.06:  85.01119,-39.94234,215.4336
9.08:  85.01054,-40.19024,215.8855
9.09:  85.00992,-40.43912,216.3375
9.11:  85.01224,-40.68731,216.7895
9.13:  85.01408,-40.93168,217.2415
9.14:  85.0174,-41.17334,217.6934
9.16:  85.02235,-41.42089,218.1454
9.18:  85.02905,-41.66485,218.5974
9.19:  85.03546,-41.91162,219.0493
9.21:  85.04646,-42.15244,219.5013
9.23:  85.05743,-42.3947,219.9533
9.24:  85.06988,-42.63505,220.3989
9.26:  85.08063,-42.88008,220.8509
9.28:  85.08932,-43.12156,221.3029
9.29:  85.09617,-43.36551,221.7548
9.31:  85.10285,-43.60963,222.2132
9.33:  85.10745,-43.85075,222.6714
9.34:  85.10844,-44.09423,223.1298
9.36:  85.10926,-44.33795,223.5881
9.38:  85.10813,-44.58168,224.0464
9.39:  85.10673,-44.82647,224.511
9.41:  85.10168,-45.06851,224.9757
9.43:  85.09636,-45.30929,225.4467
9.44:  85.08875,-45.56139,225.9113
9.46:  85.08127,-45.80028,226.3823
9.48:  85.07186,-46.03797,226.8533
9.49:  85.06203,-46.27937,227.3306
9.51:  85.04853,-46.51945,227.8079
9.53:  85.03121,-46.76083,228.2852
9.54:  85.01337,-47.00569,228.7626
9.56:  84.9934,-47.25065,229.2462
9.58:  84.97214,-47.48698,229.7299
9.59:  84.94819,-47.7298,230.2199
9.61:  84.92118,-47.96536,230.7225
9.63:  84.89341,-48.2029,231.2569
9.64:  84.86188,-48.45193,231.804
9.66:  84.82874,-48.68242,232.3637
9.68:  84.79319,-48.92463,232.9361
9.69:  84.75616,-49.16052,233.5085
9.71:  84.71648,-49.39787,234.0808
9.73:  84.67429,-49.6354,234.6596
9.74:  84.63142,-49.8726,235.2446
9.76:  84.58224,-50.1113,235.8234
9.78:  84.53278,-50.34772,236.4021
9.79:  84.48016,-50.58734,236.9808
9.81:  84.42413,-50.82291,237.5596
9.83:  84.36768,-51.05728,238.1319
9.84:  84.30916,-51.28986,238.7107
9.86:  84.24799,-51.5229,239.2957
9.88:  84.18329,-51.75318,239.8745
9.89:  84.11712,-51.986,240.4532
9.91:  84.04567,-52.2218,241.0383
9.93:  83.97534,-52.45131,241.6233
9.94:  83.90275,-52.67988,242.2084
9.96:  83.82719,-52.90963,242.7935
9.98:  83.74706,-53.13987,243.3722
9.99:  83.66742,-53.36637,243.9573
10.01:  83.58559,-53.59174,244.5423
10.03:  83.50076,-53.81817,245.1274
10.04:  83.41438,-54.04174,245.7125
10.06:  83.32497,-54.26632,246.2975
10.08:  83.23412,-54.49244,246.8889
10.09:  83.13853,-54.72343,247.4803
10.11:  83.04664,-54.9391,248.0781
10.13:  82.94689,-55.16666,248.6695
10.14:  82.8485,-55.38916,249.2672
10.16:  82.7498,-55.60615,249.865
10.18:  82.65037,-55.82282,250.4691
10.19:  82.54597,-56.04413,251.0731
10.21:  82.44029,-56.26216,251.6772
10.23:  82.33012,-56.47956,252.2813
10.26:  82.22058,-56.69392,252.8854
10.28:  82.10368,-56.91687,253.4894
10.29:  81.99274,-57.1231,254.0935
10.31:  81.8741,-57.33821,254.6976
10.33:  81.75507,-57.54875,255.3017
10.34:  81.62984,-57.76484,255.9121
10.36:  81.5088,-57.96871,256.5162
10.38:  81.38254,-58.1763,257.1266
10.39:  81.25446,-58.38517,257.737
10.41:  81.12439,-58.5891,258.3474
10.43:  80.99274,-58.79074,258.9579
10.44:  80.85796,-58.99247,259.5683
10.46:  80.72066,-59.19334,260.1724
10.48:  80.58183,-59.39191,260.7764
10.49:  80.4403,-59.58979,261.3932
10.51:  80.29648,-59.78631,262.0163
10.53:  80.15204,-59.97915,262.652
10.54:  80.00436,-60.17169,263.3068
10.56:  79.85339,-60.36389,263.968
10.58:  79.70222,-60.5518,264.6354
10.59:  79.54752,-60.7396,265.2965
10.61:  79.38448,-60.93007,265.9703
10.63:  79.22674,-61.1075,266.6378
10.64:  79.06566,-61.28699,267.3116
10.66:  78.89648,-61.46595,267.9854
10.68:  78.72732,-61.64318,268.6655
10.69:  78.55929,-61.81021,269.352
10.71:  78.37185,-61.98714,270.0385
10.73:  78.19142,-62.14877,270.7249
10.74:  78.00544,-62.30682,271.4178
10.76:  77.81493,-62.46268,272.1106
10.78:  77.62023,-62.61808,272.8034
10.79:  77.42482,-62.77019,273.5025
10.81:  77.22674,-62.92052,274.2017
10.83:  77.02737,-63.06807,274.8945
10.84:  76.82624,-63.21319,275.5873
10.86:  76.62251,-63.35648,276.2801
10.88:  76.41917,-63.4958,276.9792
10.89:  76.21316,-63.63337,277.6657
10.91:  76.00264,-63.77029,278.3586
10.93:  75.79408,-63.90238,279.0513
10.94:  75.58236,-64.03307,279.7125
10.96:  75.36963,-64.16122,280.3356
10.98:  75.1548,-64.28745,280.9587
10.99:  74.93894,-64.41113,281.5881
11.01:  74.7243,-64.531,282.2175
11.03:  74.50526,-64.65018,282.847
11.04:  74.28587,-64.76645,283.4764
11.06:  74.06469,-64.88058,284.1058
11.08:  73.8424,-64.99223,284.7289
11.09:  73.61864,-65.10159,285.352
11.11:  73.38676,-65.21178,285.9814
11.13:  73.16937,-65.31217,286.6109
11.14:  72.94479,-65.41291,287.2403
11.16:  72.70821,-65.51592,287.8697
11.18:  72.48382,-65.6107,288.4991
11.19:  72.25122,-65.70596,289.1286
11.21:  72.02563,-65.79549,289.7517
11.23:  71.79297,-65.88488,290.3811
11.24:  71.56191,-65.97076,291.0105
11.26:  71.32018,-66.05762,291.6336
11.28:  71.09232,-66.13668,292.2631
11.29:  70.85598,-66.21573,292.9052
11.31:  70.6195,-66.29379,293.5536
11.33:  70.38205,-66.36919,294.2021
11.34:  70.14327,-66.44011,294.8568
11.36:  69.90797,-66.50709,295.5116
11.38:  69.66576,-66.57301,296.1727
11.39:  69.42583,-66.63535,296.8339
11.41:  69.18281,-66.6955,297.495
11.43:  68.94318,-66.75187,298.1624
11.44:  68.70301,-66.80542,298.8299
11.46:  68.45749,-66.85716,299.4974
11.48:  68.21726,-66.90488,300.1648
11.49:  67.96931,-66.95113,300.8323
11.51:  67.72466,-66.9938,301.5061
11.53:  67.47948,-67.03359,302.1799
11.54:  67.2338,-67.07053,302.8474
11.56:  66.98678,-67.10308,303.5211
11.58:  66.73528,-67.13486,304.1949
11.59:  66.48838,-67.1631,304.8751
11.61:  66.24909,-67.18762,305.5489
11.63:  65.99139,-67.21288,306.2227
11.64:  65.75183,-67.23351,306.8965
11.66:  65.49854,-67.25233,307.5703
11.68:  65.25098,-67.26598,308.244
11.69:  65.00348,-67.2767,308.9178
11.71:  64.75626,-67.28448,309.598
11.73:  64.50603,-67.28937,310.2781
11.74:  64.25874,-67.2913,310.9519
11.76:  64.01033,-67.29029,311.632
11.78:  63.76208,-67.28635,312.3058
11.79:  63.51485,-67.27953,312.9796
11.81:  63.26584,-67.26973,313.6534
11.83:  63.01151,-67.25669,314.3336
11.84:  62.77126,-67.24154,315.0074
11.86:  62.52232,-67.2229,315.6812
11.88:  62.27523,-67.20147,316.3549
11.89:  62.01935,-67.17622,317.0351
11.91:  61.77513,-67.14919,317.7152
11.93:  61.52974,-67.11909,318.389
11.94:  61.28329,-67.08593,319.0628
11.96:  61.03884,-67.05008,319.743
11.98:  60.79639,-67.0116,320.4167
11.99:  60.54775,-66.96911,321.0969
12.01:  60.30591,-66.92484,321.7707
12.03:  60.06445,-66.87771,322.4445
12.04:  59.81982,-66.82693,323.1246
12.06:  59.57924,-66.77048,323.8047
12.08:  59.33969,-66.7113,324.4785
12.09:  59.08822,-66.64603,325.1523
12.11:  58.85201,-66.58172,325.8325
12.13:  58.61831,-66.51512,326.5063
12.14:  58.37935,-66.44398,327.1801
12.16:  58.14476,-66.37113,327.8539
12.18:  57.90774,-66.29248,328.5277
12.19:  57.67718,-66.21291,329.2078
12.21:  57.44018,-66.13001,329.8816
12.23:  57.20935,-66.0442,330.5617
12.24:  56.97893,-65.95542,331.2419
12.26:  56.74529,-65.86222,331.9157
12.28:  56.5186,-65.77069,332.5895
12.29:  56.29148,-65.67382,333.2696
12.31:  56.06413,-65.57366,333.9434
12.33:  55.84062,-65.47205,334.6172
12.34:  55.61704,-65.36719,335.2973
12.36:  55.39517,-65.25993,335.9711
12.38:  55.17365,-65.14957,336.6512
12.4:  54.95467,-65.03721,337.3314
12.41:  54.72501,-64.91595,338.0052
12.43:  54.51736,-64.80145,338.679
12.44:  54.30116,-64.68069,339.3528
12.46:  54.08738,-64.55798,340.0266
12.48:  53.87424,-64.43047,340.694
12.49:  53.66573,-64.30424,341.3615
12.51:  53.45273,-64.1719,342.0226
12.53:  53.24351,-64.03857,342.6774
12.54:  53.03844,-63.9046,343.3258
12.56:  52.83232,-63.76659,343.9743
12.58:  52.62909,-63.62716,344.6227
12.59:  52.42904,-63.48658,345.2648
12.61:  52.22576,-63.34028,345.9133
12.63:  52.03016,-63.19614,346.5554
12.64:  51.83085,-63.04576,347.2038
12.66:  51.63485,-62.89441,347.8459
12.68:  51.44186,-62.74189,348.4881
12.69:  51.25072,-62.58531,349.1302
12.71:  51.06057,-62.42802,349.7659
12.73:  50.8707,-62.26746,350.389
12.74:  50.68342,-62.10556,351.0121
12.76:  50.49693,-61.94099,351.5972
12.78:  50.30967,-61.77242,352.1632
12.79:  50.13197,-61.60953,352.6786
12.81:  49.95007,-61.44025,353.1115
12.83:  49.76693,-61.26791,353.4304
12.84:  49.58718,-61.09788,353.5782
12.86:  49.41087,-60.93105,353.5865
12.88:  49.23188,-60.76169,353.5865
12.89:  49.05079,-60.59035,353.5845
12.91:  48.8718,-60.42104,353.5762
12.93:  48.69516,-60.25406,353.5615
12.94:  48.51464,-60.08349,353.5469
12.96:  48.33623,-59.91503,353.5259
12.98:  48.15642,-59.74323,353.4986
12.99:  47.98061,-59.57021,353.4712
13.01:  47.80895,-59.39391,353.4376
13.03:  47.63934,-59.21579,353.3849
13.04:  47.46914,-59.03238,353.3322
13.06:  47.3015,-58.84284,353.2732
13.08:  47.13279,-58.64828,353.2141
13.09:  46.96592,-58.44456,353.1488
13.11:  46.82591,-58.24458,353.0771
13.13:  46.69207,-58.03303,352.9991
13.14:  46.56432,-57.8137,352.9083
13.16:  46.44925,-57.58649,352.7923
13.18:  46.35052,-57.34413,352.6635
13.19:  46.25859,-57.10787,352.5094
13.21:  46.1736,-56.86549,352.311
13.23:  46.09504,-56.61461,352.0745
13.24:  46.02932,-56.37727,351.7873
13.26:  45.9664,-56.12768,351.4494
13.28:  45.91925,-55.88893,351.0735
13.29:  45.87631,-55.64296,350.6596
13.31:  45.83363,-55.39632,350.1823
13.33:  45.78881,-55.15081,349.6542
13.34:  45.7414,-54.90519,349.0755
13.36:  45.69171,-54.66199,348.4524
13.38:  45.63716,-54.41,347.7849
13.4:  45.58244,-54.17124,347.0921
13.41:  45.52124,-53.91916,346.3549
13.43:  45.46177,-53.68773,345.5861
13.44:  45.39585,-53.44514,344.7982
13.46:  45.32769,-53.20729,344.0103
13.48:  45.2535,-52.9612,343.2224
13.49:  45.17956,-52.72763,342.4346
13.51:  45.11173,-52.48383,341.6467
13.53:  45.0492,-52.24473,340.8588
13.54:  44.98452,-52.00144,340.0709
13.56:  44.92152,-51.75888,339.2831
13.58:  44.86415,-51.51315,338.4952
13.59:  44.81233,-51.26377,337.7073
13.61:  44.75974,-51.01608,336.9194
13.63:  44.70533,-50.76515,336.1315
13.64:  44.64779,-50.5164,335.3437
13.66:  44.5922,-50.25934,334.5558
13.68:  44.53912,-50.00816,333.7679
13.69:  44.485,-49.75773,332.98
13.71:  44.43521,-49.50775,332.1921
13.73:  44.39886,-49.2462,331.4043
13.74:  44.36211,-49.00036,330.6164
13.76:  44.32589,-48.75423,329.8285
13.78:  44.29225,-48.5026,329.0406
13.79:  44.2737,-48.24974,328.2527
13.81:  44.26032,-47.99407,327.4649
13.83:  44.25053,-47.74626,326.677
13.84:  44.23695,-47.49166,325.8891
13.86:  44.22006,-47.2399,325.1012
13.88:  44.19632,-46.98829,324.3134
13.89:  44.17074,-46.74057,323.5255
13.91:  44.14154,-46.4914,322.7376
13.93:  44.12807,-46.24302,321.9497
13.94:  44.11115,-45.9944,321.1618
13.96:  44.09296,-45.74778,320.374
13.98:  44.07394,-45.49008,319.5861
13.99:  44.05622,-45.24986,318.7982
14.01:  44.03581,-44.9997,318.0103
14.03:  44.01299,-44.76058,317.2224
14.04:  43.98597,-44.51342,316.4346
14.06:  43.95621,-44.2721,315.6467
14.08:  43.92942,-44.02258,314.8588
14.09:  43.89835,-43.76647,314.0709
14.11:  43.86524,-43.52176,313.2831
14.13:  43.82924,-43.28062,312.4952
14.14:  43.78831,-43.03023,311.7073
14.16:  43.74453,-42.78367,310.9194
14.18:  43.6986,-42.54413,310.1315
14.2:  43.64792,-42.29824,309.3437
14.21:  43.59205,-42.04481,308.5558
14.23:  43.53764,-41.81318,307.7679
14.24:  43.47767,-41.57282,306.98
14.26:  43.42221,-41.3283,306.1921
14.28:  43.36403,-41.08022,305.4043
14.29:  43.30551,-40.84521,304.6164
14.31:  43.24548,-40.60398,303.8285
14.33:  43.20021,-40.36537,303.0406
14.34:  43.15456,-40.11486,302.2527
14.36:  43.10777,-39.87668,301.4649
14.38:  43.05875,-39.63617,300.677
14.39:  43.00841,-39.38177,299.8891
14.41:  42.9587,-39.13876,299.1012
14.43:  42.90535,-38.89507,298.3134
14.44:  42.8482,-38.65018,297.5255
14.46:  42.78704,-38.3967,296.7376
14.48:  42.72452,-38.15856,295.9497
14.49:  42.65756,-37.91711,295.1618
14.51:  42.58898,-37.66986,294.374
14.53:  42.52365,-37.43311,293.5861
14.54:  42.45624,-37.19445,292.7982
14.56:  42.38331,-36.94921,292.0103
14.58:  42.31173,-36.72007,291.2224
14.59:  42.23465,-36.48476,290.4345
14.61:  42.15439,-36.25068,289.6467
14.63:  42.07153,-36.01939,288.8588
14.64:  41.97927,-35.77832,288.0709
14.66:  41.88811,-35.54957,287.283
14.68:  41.79417,-35.32297,286.4951
14.69:  41.69587,-35.09476,285.7073
14.71:  41.59587,-34.87114,284.9194
14.73:  41.49154,-34.64156,284.1315
14.74:  41.386,-34.41758,283.3436
14.76:  41.27826,-34.19683,282.5558
14.78:  41.16545,-33.97354,281.7679
14.79:  41.05114,-33.75479,280.98
14.81:  40.93314,-33.53636,280.1921
14.83:  40.81341,-33.32184,279.4042
14.84:  40.68913,-33.10619,278.6164
14.86:  40.56147,-32.89526,277.8285
14.88:  40.42774,-32.68101,277.0406
14.89:  40.29292,-32.47149,276.2527
14.91:  40.16234,-32.26138,275.4648
14.93:  40.03564,-32.05648,274.677
14.94:  39.90008,-31.84386,273.8891
14.96:  39.77016,-31.63995,273.1012
14.98:  39.64077,-31.43934,272.3133
14.99:  39.5116,-31.23267,271.5255
15.01:  39.37836,-31.01941,270.7376
15.03:  39.24893,-30.81608,269.9497
15.04:  39.11639,-30.60789,269.1618
15.06:  38.98553,-30.40086,268.3739
15.08:  38.86237,-30.19194,267.5861
15.09:  38.73395,-29.97855,266.7982
15.11:  38.60592,-29.76167,266.0103
15.13:  38.47758,-29.54465,265.2224
15.14:  38.34531,-29.32352,264.4345
15.16:  38.21442,-29.1071,263.6467
15.18:  38.08549,-28.89626,262.8588
15.19:  37.95381,-28.68744,262.0709
15.21:  37.81718,-28.48125,261.283
15.23:  37.6719,-28.26431,260.4951
15.24:  37.53402,-28.06442,259.7073
15.26:  37.38845,-27.86329,258.9194
15.28:  37.2317,-27.65286,258.1315
15.29:  37.07789,-27.45582,257.3436
15.31:  36.91997,-27.26264,256.5558
15.33:  36.75703,-27.0722,255.7679
15.34:  36.5747,-26.88664,254.98
15.36:  36.38982,-26.70997,254.1921
15.38:  36.19973,-26.53615,253.4042
15.39:  36.00934,-26.36928,252.7685
15.41:  35.81536,-26.20892,252.3482
15.43:  35.61684,-26.05004,252.2068
15.44:  35.41832,-25.89576,252.1604
15.46:  35.21792,-25.74276,252.1267
15.48:  35.01592,-25.59045,252.0994
15.49:  34.81522,-25.43928,252.0721
15.51:  34.60873,-25.29675,252.0448
15.53:  34.39891,-25.15676,252.0238
15.54:  34.18348,-25.01781,251.9964
15.56:  33.96762,-24.87872,251.9691
15.58:  33.75067,-24.74321,251.9354
15.59:  33.53398,-24.6099,251.9018
15.61:  33.31757,-24.47881,251.8681
15.63:  33.09818,-24.35016,251.8344
15.64:  32.88331,-24.22434,251.8008
15.66:  32.66597,-24.09724,251.7671
15.68:  32.45019,-23.97309,251.7334
15.69:  32.22522,-23.85201,251.6997
15.71:  32.00519,-23.7415,251.6661
15.73:  31.77201,-23.63617,251.6324
15.74:  31.53158,-23.53181,251.5987
15.76:  31.30404,-23.43321,251.5651
15.78:  31.07296,-23.33327,251.5251
15.79:  30.83916,-23.23231,251.4914
15.81:  30.60665,-23.13208,251.4577
15.83:  30.37517,-23.03244,251.4241
15.84:  30.1401,-22.94297,251.3904
15.86:  29.90362,-22.86252,251.3567
15.88:  29.66522,-22.78315,251.323
15.89:  29.42188,-22.70746,251.2894
15.91:  29.17598,-22.64393,251.2557
15.93:  28.93089,-22.59272,251.222
15.94:  28.68691,-22.54404,251.1884
15.96:  28.43084,-22.49667,251.1547
15.98:  28.19102,-22.45576,251.1147
15.99:  27.94116,-22.41448,251.081
16.01:  27.69361,-22.37373,251.0473
16.03:  27.44001,-22.33331,251.0137
16.04:  27.1901,-22.29364,250.98
16.06:  26.92736,-22.26015,250.9464
16.08:  26.67663,-22.23929,250.9063
16.09:  26.4242,-22.22388,250.8727
16.11:  26.17164,-22.2163,250.839
16.13:  25.91842,-22.21658,250.8053
16.14:  25.66413,-22.22242,250.7717
16.16:  25.40737,-22.23156,250.738
16.18:  25.15071,-22.24084,250.7043
16.19:  24.89394,-22.25028,250.6707
16.21:  24.63469,-22.2607,250.637
16.23:  24.37896,-22.27112,250.6033
16.24:  24.11246,-22.28214,250.5696
16.26:  23.85481,-22.29294,250.536
16.28:  23.60171,-22.30371,250.5023
16.29:  23.34072,-22.31499,250.4623
16.31:  23.08096,-22.32636,250.4286
16.33:  22.82823,-22.33688,250.3949
16.34:  22.56713,-22.34862,250.3613
16.36:  22.31393,-22.35945,250.3276
16.38:  22.05417,-22.37144,250.2939
16.39:  21.7951,-22.38591,250.2603
16.41:  21.52735,-22.39859,250.2266
16.43:  21.27827,-22.41056,250.1866
16.44:  21.01844,-22.42319,250.1529
16.46:  20.75286,-22.43629,250.1129
16.48:  20.50168,-22.44883,250.0793
16.49:  20.24317,-22.46189,250.0456
16.51:  19.98356,-22.47516,250.0119
16.53:  19.72573,-22.48848,249.9782
16.54:  19.46752,-22.50198,249.9446
16.56:  19.20933,-22.51563,249.9109
16.58:  18.95012,-22.52952,249.8709
16.59:  18.69123,-22.54354,249.8372
16.61:  18.43313,-22.55767,249.8036
16.63:  18.17497,-22.57198,249.7635
16.64:  17.91646,-22.58647,249.7299
16.66:  17.65799,-22.6011,249.6962
16.68:  17.39161,-22.61634,249.6625
16.69:  17.144,-22.63069,249.6225
16.71:  16.88483,-22.64585,249.5889
16.73:  16.61991,-22.6615,249.5552
16.74:  16.36016,-22.67701,249.5215
16.76:  16.10944,-22.69212,249.4879
16.78:  15.84151,-22.70843,249.4542
16.79:  15.58537,-22.72417,249.4205
16.81:  15.32917,-22.74006,249.3868
16.83:  15.06701,-22.75648,249.3532
16.84:  14.81453,-22.77244,249.3195
16.86:  14.55818,-22.7888,249.2858
16.88:  14.29348,-22.80585,249.2522
16.89:  14.03639,-22.82256,249.2185
16.91:  13.78025,-22.84172,249.1785
16.93:  13.52427,-22.85872,249.1385
16.94:  13.26459,-22.87612,249.1048
16.96:  13.00512,-22.89371,249.0585
16.98:  12.74827,-22.91142,248.9931
16.99:  12.48961,-22.92954,248.9277
17.01:  12.231,-22.948,248.856
17.03:  11.97391,-22.96689,248.7336
17.04:  11.71485,-22.98672,248.5605
17.06:  11.45707,-23.00758,248.3114
17.08:  11.19943,-23.02984,247.9988
17.09:  10.94051,-23.05407,247.5912
17.11:  10.674,-23.08125,247.1139
17.13:  10.42576,-23.1091,246.5352
17.14:  10.17111,-23.14537,245.8741
17.16:  9.916743,-23.19033,245.1496
17.18:  9.665931,-23.24541,244.3744
17.19:  9.416454,-23.30625,243.5865
17.21:  9.172036,-23.36943,242.7986
17.23:  8.917376,-23.43902,242.0107
17.24:  8.673681,-23.50922,241.2229
17.26:  8.431061,-23.58274,240.435
17.28:  8.179064,-23.6629,239.6471
17.29:  7.942627,-23.7417,238.8592
17.31:  7.699417,-23.8265,238.0714
17.33:  7.460601,-23.91347,237.2835
17.34:  7.212891,-24.00755,236.4956
17.36:  6.977178,-24.1008,235.7077
17.38:  6.743078,-24.19716,234.9199
17.39:  6.508356,-24.29758,234.132
17.43:  6.272778,-24.40221,233.3441
17.44:  6.043456,-24.50786,232.5562
17.46:  5.810312,-24.61919,231.7683
17.48:  5.580327,-24.73292,230.9804
17.49:  5.352778,-24.84936,230.1926
17.51:  5.125668,-24.96955,229.4047
17.53:  4.900272,-25.09283,228.6168
17.54:  4.673752,-25.2208,227.8289
17.56:  4.452555,-25.34981,227.0411
17.58:  4.237663,-25.47913,226.2532
17.59:  4.019767,-25.61438,225.4653
17.61:  3.802861,-25.75318,224.6774
17.63:  3.588895,-25.89428,223.8895
17.64:  3.377969,-26.03758,223.1017
17.66:  3.167278,-26.18499,222.3138
17.68:  2.960374,-26.33403,221.5259
17.69:  2.754603,-26.4866,220.738
17.71:  2.55029,-26.64249,219.9501
17.73:  2.352118,-26.79804,219.1623
17.74:  2.14268,-26.96395,218.3744
17.76:  1.945118,-27.12493,217.5865
17.78:  1.753653,-27.28842,216.7986
17.79:  1.555952,-27.462,216.0108
17.81:  1.369186,-27.63057,215.2229
17.83:  1.182693,-27.80362,214.435
17.84:  1.000957,-27.98358,213.6471
17.86:  0.8254489,-28.16562,212.8593
17.88:  0.649859,-28.35284,212.0714
17.89:  0.4785464,-28.5406,211.2835
17.91:  0.3088001,-28.73186,210.4956
17.93:  0.1428035,-28.92416,209.7077
17.94:  -0.02005944,-29.11816,208.9199
17.96:  -0.1818217,-29.31632,208.132
17.98:  -0.3401598,-29.51582,207.3441
17.99:  -0.4957331,-29.71747,206.5562
18.01:  -0.6492267,-29.92219,205.7684
18.03:  -0.7983769,-30.12692,204.9805
18.04:  -0.9444055,-30.33327,204.1926
18.06:  -1.090084,-30.54524,203.4047
18.08:  -1.231562,-30.75729,202.6168
18.09:  -1.368384,-30.97305,201.8289
18.11:  -1.503462,-31.18809,201.0411
18.13:  -1.636413,-31.40635,200.2532
18.14:  -1.765296,-31.62464,199.4653
18.16:  -1.885386,-31.84917,198.6774
18.18:  -1.987919,-32.08511,197.8896
18.19:  -2.077553,-32.31166,197.1017
18.21:  -2.169055,-32.54567,196.3138
18.23:  -2.250544,-32.7916,195.5259
18.24:  -2.314076,-33.02384,194.7381
18.26:  -2.373905,-33.26469,193.9502
18.28:  -2.432523,-33.51535,193.1623
18.29:  -2.485157,-33.75526,192.3744
18.31:  -2.534929,-33.99802,191.5865
18.33:  -2.582222,-34.24597,190.7987
18.34:  -2.625237,-34.48965,190.0108
18.36:  -2.665702,-34.73886,189.2229
18.38:  -2.70225,-34.98532,188.435
18.39:  -2.735464,-35.23269,187.6471
18.41:  -2.76542,-35.48172,186.8593
18.43:  -2.792041,-35.732,186.0714
18.44:  -2.814739,-35.97746,185.2835
18.46:  -2.834402,-36.22754,184.4956
18.48:  -2.850623,-36.47785,183.7077
18.49:  -2.863294,-36.72626,182.9199
18.51:  -2.872502,-36.97361,182.132
18.53:  -2.878467,-37.22786,181.3441
18.54:  -2.880872,-37.47552,180.5562
18.56:  -2.879857,-37.72658,179.7684
18.58:  -2.875408,-37.97655,178.9805
18.59:  -2.867502,-38.22709,178.1926
18.61:  -2.856284,-38.47459,177.4047
18.63:  -2.841366,-38.72694,176.6168
18.64:  -2.823334,-38.9742,175.829
18.66:  -2.801657,-39.22403,175.0411
18.68:  -2.776572,-39.47329,174.2532
18.69:  -2.748137,-39.72153,173.4653
18.71:  -2.716248,-39.96968,172.6774
18.73:  -2.681419,-40.21408,171.8896
18.74:  -2.641293,-40.47037,171.1017
18.76:  -2.599621,-40.71452,170.3138
18.78:  -2.555182,-40.9549,169.5259
18.79:  -2.504625,-41.20879,168.7381
18.81:  -2.453696,-41.44737,167.9502
18.83:  -2.398267,-41.6906,167.1623
18.85:  -2.335124,-41.93045,166.3744
18.86:  -2.26047,-42.17993,165.5865
18.88:  -2.182102,-42.41323,164.7987
18.89:  -2.091379,-42.64251,164.0108
18.91:  -1.990171,-42.87541,163.2229
18.93:  -1.881809,-43.10383,162.435
18.94:  -1.768149,-43.32434,161.6471
18.96:  -1.645723,-43.54886,160.8593
18.98:  -1.520918,-43.77044,160.0714
18.99:  -1.391598,-43.98802,159.2835
19.01:  -1.258832,-44.20457,158.4956
19.03:  -1.12281,-44.41973,157.7077
19.04:  -0.9849071,-44.63137,156.9199
19.06:  -0.8428567,-44.84296,156.132
19.08:  -0.6985981,-45.05157,155.3441
19.09:  -0.5540327,-45.25876,154.5562
19.11:  -0.4099062,-45.4677,153.7684
19.13:  -0.2787593,-45.68168,152.9805
19.14:  -0.1632521,-45.90069,152.1926
19.16:  -0.04314891,-46.12102,151.4047
19.18:  0.07967889,-46.33915,150.6168
19.19:  0.205147,-46.55498,149.829
19.21:  0.3346529,-46.77086,149.0411
19.23:  0.4700645,-46.98971,148.2532
19.24:  0.5993987,-47.19246,147.4653
19.26:  0.7372965,-47.40221,146.6774
19.28:  0.8698477,-47.61086,145.8896
19.29:  0.999754,-47.8273,145.1017
19.31:  1.130258,-48.04277,144.3138
19.33:  1.263166,-48.26507,143.5259
19.34:  1.387407,-48.47555,142.7381
19.36:  1.516241,-48.69179,141.9501
19.38:  1.645093,-48.90604,141.1623
19.39:  1.777035,-49.12339,140.3744
19.41:  1.911032,-49.33744,139.5865
19.43:  2.048483,-49.55043,138.7986
19.44:  2.189288,-49.75782,138.0108
19.46:  2.336126,-49.96358,137.2229
19.48:  2.499394,-50.16462,136.435
19.49:  2.659444,-50.34882,135.6471
19.51:  2.83582,-50.53497,134.8593
19.53:  3.013627,-50.7071,134.0714
19.54:  3.195721,-50.8786,133.2835
19.56:  3.377323,-51.04498,132.4956
19.58:  3.563651,-51.21104,131.7077
19.59:  3.753,-51.37518,130.9198
19.61:  3.943109,-51.53544,130.132
19.63:  4.136047,-51.69361,129.3441
19.64:  4.331319,-51.84925,128.5562
19.66:  4.528089,-52.00171,127.7683
19.68:  4.729311,-52.15323,126.9805
19.69:  4.930466,-52.30041,126.1926
19.71:  5.134923,-52.44574,125.4047
19.73:  5.341542,-52.58836,124.6168
19.74:  5.547246,-52.72622,123.8289
19.76:  5.763574,-52.86693,123.0411
19.78:  5.968555,-52.99628,122.2532
19.79:  6.182344,-53.12711,121.4653
19.81:  6.396277,-53.25402,120.6774
19.83:  6.622283,-53.38392,119.8895
19.84:  6.832421,-53.50089,119.1017
19.86:  7.052856,-53.61965,118.3138
19.88:  7.274595,-53.73521,117.5259
19.89:  7.497864,-53.84769,116.738
19.91:  7.720321,-53.95595,115.9501
19.93:  7.95622,-54.06676,115.1623
19.94:  8.18002,-54.16816,114.3744
19.96:  8.405579,-54.26664,113.5865
19.98:  8.636574,-54.36374,112.7986
19.99:  8.86692,-54.45686,112.0107
20.01:  9.100999,-54.54776,111.2229
20.03:  9.334965,-54.63493,110.435
20.04:  9.569111,-54.71852,109.6471
20.06:  9.805857,-54.79939,108.8592
20.08:  10.04405,-54.87711,108.0714
20.09:  10.28195,-54.95113,107.2835
20.11:  10.5213,-55.02201,106.4956
20.13:  10.76484,-55.0905,105.7077
20.14:  11.00351,-55.15914,104.9198
20.16:  11.24261,-55.23452,104.132
20.18:  11.48121,-55.31125,103.3441
20.19:  11.71815,-55.39665,102.5562
20.21:  11.95359,-55.49592,101.7683
20.23:  12.18775,-55.59088,100.9804
20.24:  12.42394,-55.69065,100.1926
20.26:  12.66116,-55.7948,99.40469
20.28:  12.89642,-55.89751,98.61681
20.29:  13.13159,-56.00147,97.82893
20.31:  13.36493,-56.1041,97.04105
20.33:  13.60957,-56.2077,96.25317
20.34:  13.83771,-56.30385,95.46529
20.36:  14.07633,-56.39725,94.67741
20.38:  14.31182,-56.48646,93.88953
20.39:  14.54955,-56.57529,93.10165
20.41:  14.78755,-56.66051,92.31378
20.43:  15.02969,-56.74098,91.52589
20.44:  15.26987,-56.81715,90.73801
20.46:  15.52074,-56.89294,89.95013
20.48:  15.76269,-56.96241,89.16226
20.49:  16.00307,-57.03025,88.37437
20.51:  16.2492,-57.09608,87.5865
20.53:  16.50279,-57.1577,86.79862
20.54:  16.74122,-57.21217,86.01074
20.56:  16.99084,-57.26802,85.22287
20.58:  17.23915,-57.3176,84.43499
20.59:  17.48481,-57.36316,83.64712
20.61:  17.74477,-57.40768,82.85924
20.63:  17.99287,-57.44666,82.07136
20.64:  18.23921,-57.4819,81.28348
20.66:  18.49074,-57.51437,80.49561
20.68:  18.74261,-57.54336,79.70773
20.69:  18.9949,-57.56889,78.91985
20.71:  19.25642,-57.59415,78.13197
20.73:  19.50788,-57.61497,77.34409
20.74:  19.75428,-57.62967,76.55621
20.76:  20.00816,-57.64367,75.76833
20.78:  20.26227,-57.65417,74.98046
20.79:  20.51643,-57.65883,74.19258
20.81:  20.76674,-57.65998,73.40471
20.83:  21.03041,-57.65757,72.61683
20.84:  21.27856,-57.65188,71.82896
20.86:  21.53037,-57.64265,71.04108
20.88:  21.78274,-57.62991,70.2532
20.89:  22.03731,-57.61591,69.46532
20.91:  22.2911,-57.5961,68.67744
20.93:  22.5431,-57.57293,67.88956
20.94:  22.79275,-57.54652,67.10168
20.96:  23.04558,-57.51625,66.3138
20.98:  23.29835,-57.48482,65.52592
20.99:  23.55674,-57.44665,64.73804
21.01:  23.80115,-57.40941,63.95017
21.03:  24.05942,-57.36642,63.1623
21.04:  24.30195,-57.3203,62.37442
21.06:  24.55098,-57.27177,61.58654
21.08:  24.79789,-57.21774,60.79866
21.09:  25.04116,-57.161,60.01079
21.11:  25.29191,-57.09885,59.22291
21.13:  25.53811,-57.03666,58.43503
21.14:  25.78091,-56.96935,57.64714
21.16:  26.03314,-56.89819,56.85927
21.18:  26.26812,-56.82604,56.07139
21.19:  26.51534,-56.74638,55.28352
21.21:  26.75142,-56.67231,54.49563
21.23:  27.00231,-56.60407,53.70776
21.24:  27.24191,-56.53536,52.91988
21.26:  27.47876,-56.4648,52.132
21.28:  27.71222,-56.39175,51.34412
21.29:  27.95374,-56.31493,50.55624
21.31:  28.19335,-56.23749,49.76836
21.33:  28.42995,-56.15976,48.98048
21.34:  28.67093,-56.07448,48.1926
21.36:  28.90795,-55.98692,47.40472
21.38:  29.14898,-55.89409,46.61684
21.39:  29.37801,-55.80225,45.82896
21.41:  29.60866,-55.70605,45.04109
21.43:  29.83754,-55.60687,44.25321
21.44:  30.06911,-55.50521,43.46533
21.46:  30.30014,-55.39998,42.67745
21.48:  30.52466,-55.29149,41.88958
21.49:  30.74968,-55.17891,41.1017
21.51:  30.96707,-55.05875,40.31382
21.53:  31.1849,-54.92335,39.52594
21.54:  31.39018,-54.77258,38.73806
21.56:  31.59049,-54.61148,37.95018
21.58:  31.78949,-54.43724,37.1623
21.59:  31.97081,-54.26772,36.37442
21.61:  32.13917,-54.08267,35.58654
21.63:  32.29818,-53.88829,34.79867
21.64:  32.45314,-53.69344,34.01079
21.66:  32.60536,-53.49252,33.22291
21.68:  32.74755,-53.28703,32.43503
21.69:  32.8832,-53.07631,31.64715
21.71:  33.01171,-52.86123,30.85927
21.73:  33.1344,-52.64935,30.0714
21.74:  33.25805,-52.42886,29.28352
21.76:  33.41722,-52.24194,28.49564
21.78:  33.54787,-52.0345,27.70776
21.79:  33.66475,-51.80431,26.91988
21.81:  33.77256,-51.58455,26.132
21.83:  33.87911,-51.3596,25.34413
21.84:  33.98497,-51.12793,24.55625
21.86:  34.08486,-50.9011,23.76837
21.88:  34.18278,-50.67019,22.98049
21.89:  34.27646,-50.44056,22.19261
21.91:  34.3678,-50.20755,21.40473
21.93:  34.45612,-49.97277,20.61685
21.94:  34.54003,-49.74007,19.82897
21.96:  34.62145,-49.50417,19.0411
21.98:  34.70014,-49.26557,18.25322
21.99:  34.7752,-49.027,17.46534
22.01:  34.84721,-48.78666,16.67746
22.03:  34.91587,-48.54544,15.88958
22.04:  34.9803,-48.30709,15.12705
22.06:  35.04306,-48.06363,14.45326
22.08:  35.10308,-47.82028,13.85552
22.09:  35.16264,-47.56995,13.38453
22.11:  35.21757,-47.33207,13.00228
22.13:  35.27409,-47.08277,12.77213
22.14:  35.327,-46.84763,12.68142
22.16:  35.38128,-46.60523,12.6224
22.18:  35.43581,-46.3609,12.58239
22.19:  35.49034,-46.11592,12.54872
22.21:  35.54435,-45.87275,12.52139
22.23:  35.59856,-45.62833,12.50673
22.24:  35.65293,-45.38309,12.49842
22.26:  35.70671,-45.1404,12.49644
22.28:  35.76051,-44.89768,12.49644
22.29:  35.81477,-44.65285,12.49644
22.31:  35.86868,-44.40958,12.49644
22.33:  35.92339,-44.16275,12.49644
22.34:  35.97713,-43.92026,12.49644
22.36:  36.03145,-43.67517,12.49644
22.38:  36.08519,-43.43269,12.49644
22.39:  36.13945,-43.18782,12.49445
22.41:  36.19343,-42.94422,12.49445
22.43:  36.24755,-42.69997,12.49247
22.44:  36.30201,-42.45412,12.49049
22.46:  36.35599,-42.2104,12.48851
22.48:  36.41196,-41.95764,12.48653
22.49:  36.46557,-41.71552,12.48455
22.51:  36.51811,-41.47818,12.48257
22.53:  36.56787,-41.23045,12.48059
22.54:  36.61409,-40.98808,12.48059
22.56:  36.65665,-40.7384,12.48059
22.58:  36.69859,-40.49241,12.48059
22.59:  36.73836,-40.2445,12.48059
22.61:  36.77796,-39.99757,12.47861
22.63:  36.81775,-39.74929,12.47029
22.64:  36.85215,-39.50363,12.45563
22.66:  36.88709,-39.25338,12.43464
22.68:  36.92397,-39.00611,12.40731
22.69:  36.95854,-38.75679,12.37998
22.71:  36.99291,-38.5079,12.3463
22.73:  37.0269,-38.26044,12.3063
22.74:  37.06057,-38.01385,12.25995
22.76:  37.09455,-37.7635,12.2136
22.78:  37.1279,-37.51583,12.15458
22.79:  37.16117,-37.26707,12.1019
22.81:  37.19432,-37.01726,12.04288
22.83:  37.22673,-36.77107,11.98385
22.84:  37.26012,-36.51534,11.92483
22.86:  37.29169,-36.27165,11.86581
22.88:  37.32333,-36.02546,11.80679
22.89:  37.35614,-35.76775,11.74143
22.91:  37.38738,-35.52018,11.67607
22.93:  37.41801,-35.27492,11.60437
22.94:  37.45312,-35.02989,11.52
22.96:  37.49075,-34.7812,11.41028
22.98:  37.53241,-34.53411,11.25618
22.99:  37.57538,-34.28833,11.03872
23.01:  37.62209,-34.04235,10.75153
23.03:  37.66867,-33.78824,10.38829
23.04:  37.71135,-33.54539,9.968009
23.06:  37.75189,-33.30289,9.490686
23.08:  37.79071,-33.05515,8.905619
23.1:  37.8267,-32.80621,8.225486
23.11:  37.85989,-32.55349,7.481972
23.13:  37.90293,-32.31088,6.694093
23.14:  37.96577,-32.07339,5.906215
23.16:  38.0417,-31.82113,5.118336
23.18:  38.1238,-31.57762,4.330457
23.19:  38.22589,-31.33303,3.542578
23.21:  38.3259,-31.10233,2.754699
23.23:  38.43424,-30.87327,1.966821
23.24:  38.55543,-30.64986,1.178942
23.26:  38.68252,-30.42911,0.3910628
23.28:  38.81451,-30.20649,359.6032
23.29:  38.94574,-29.99054,358.8153
23.31:  39.08088,-29.78077,358.0274
23.33:  39.22371,-29.5681,357.2395
23.34:  39.36552,-29.3631,356.4517
23.36:  39.50771,-29.16087,355.6638
23.38:  39.65018,-28.96096,354.8759
23.39:  39.79815,-28.75053,354.088
23.41:  39.93898,-28.5443,353.3001
23.43:  40.07654,-28.33678,352.5123
23.44:  40.21598,-28.14146,351.7244
23.46:  40.36744,-27.94147,350.9365
23.48:  40.51681,-27.74137,350.1487
23.49:  40.66781,-27.53317,349.3607
23.51:  40.81007,-27.33123,348.5729
23.53:  40.94839,-27.12903,347.785
23.54:  41.08683,-26.92379,346.9971
23.56:  41.22198,-26.71408,346.2093
23.58:  41.35877,-26.49527,345.4214
23.59:  41.48214,-26.28862,344.6335
23.61:  41.61169,-26.06813,343.8456
23.63:  41.7342,-25.85289,343.0577
23.64:  41.84975,-25.63983,342.2698
23.66:  41.96822,-25.42149,341.482
23.68:  42.08029,-25.20056,340.6941
23.69:  42.19195,-24.97657,339.9062
23.71:  42.29832,-24.75175,339.1183
23.73:  42.4012,-24.52633,338.3304
23.74:  42.50367,-24.30195,337.5426
23.76:  42.60369,-24.07471,336.7547
23.78:  42.71055,-23.84435,335.9668
23.79:  42.81721,-23.61432,335.1789
23.81:  42.92092,-23.37841,334.3911
23.83:  43.01942,-23.14972,333.6032
23.84:  43.11295,-22.91999,332.8153
23.86:  43.20868,-22.6753,332.0274
23.88:  43.29407,-22.44784,331.2395
23.89:  43.38196,-22.20832,330.4517
23.91:  43.46422,-21.96945,329.6638
23.93:  43.5428,-21.73063,328.8759
23.94:  43.61774,-21.49188,328.088
23.96:  43.68909,-21.24658,327.3001
23.98:  43.75842,-21.00262,326.5249
23.99:  43.82242,-20.75832,325.7624
24.01:  43.88423,-20.51664,325.0062
24.03:  43.9447,-20.26646,324.25
24.04:  44.00322,-20.01679,323.4938
24.06:  44.05586,-19.77077,322.7376
24.08:  44.10626,-19.52683,321.9751
24.09:  44.15236,-19.2792,321.2063
24.11:  44.19702,-19.02919,320.4311
24.13:  44.23942,-18.77163,319.6495
24.14:  44.27444,-18.52876,318.868
24.16:  44.30938,-18.27304,318.0801
24.18:  44.33978,-18.02508,317.2922
24.19:  44.36534,-17.77535,316.5043
24.21:  44.38928,-17.52275,315.7165
24.23:  44.4151,-17.2736,314.9286
24.24:  44.44586,-17.03252,314.1407
24.26:  44.4736,-16.7884,313.3528
24.28:  44.49976,-16.54591,312.5649
24.29:  44.52127,-16.29533,311.7771
24.31:  44.54222,-16.05192,310.9892
24.33:  44.56165,-15.81037,310.2013
24.34:  44.5815,-15.5641,309.4134
24.36:  44.59744,-15.32541,308.6255
24.38:  44.61585,-15.081,307.8377
24.39:  44.6357,-14.83553,307.0498
24.41:  44.6535,-14.58946,306.2619
24.43:  44.67508,-14.33742,305.474
24.44:  44.69837,-14.08913,304.6862
24.46:  44.72548,-13.83495,303.8983
24.48:  44.75375,-13.58858,303.1104
24.49:  44.78059,-13.3334,302.3225
24.51:  44.80576,-13.08182,301.5346
24.53:  44.83927,-12.83385,300.7468
24.54:  44.87343,-12.57911,299.9589
24.56:  44.90881,-12.33038,299.171
24.58:  44.95118,-12.08881,298.3831
24.59:  44.99754,-11.84916,297.5952
24.61:  45.04945,-11.60386,296.8074
24.63:  45.11295,-11.362,296.0195
24.64:  45.18222,-11.12401,295.2316
24.66:  45.26629,-10.88531,294.4437
24.68:  45.34894,-10.64758,293.6559
24.69:  45.44108,-10.41658,292.868
24.71:  45.53547,-10.18387,292.0801
24.73:  45.62652,-9.950261,291.2922
24.74:  45.71344,-9.717835,290.5043
24.76:  45.79809,-9.48164,289.7165
24.78:  45.87922,-9.24507,288.9286
24.8:  45.95684,-9.008155,288.1407
24.81:  46.03475,-8.758809,287.3528
24.83:  46.10406,-8.525813,286.5649
24.84:  46.17169,-8.286443,285.777
24.86:  46.23574,-8.047227,284.9892
24.88:  46.29718,-7.804447,284.2013
24.89:  46.35501,-7.561917,283.4134
24.91:  46.40962,-7.318124,282.6255
24.93:  46.46107,-7.07334,281.8694
24.94:  46.50913,-6.829538,281.1512
24.96:  46.55505,-6.58123,280.4774
24.98:  46.59898,-6.32814,279.848
24.99:  46.63754,-6.091709,279.2629
25.01:  46.67604,-5.841485,278.7475
25.03:  46.71205,-5.593986,278.2766
25.04:  46.74671,-5.342961,277.8626
25.06:  46.77922,-5.094543,277.455
25.08:  46.80978,-4.849778,277.1171
25.09:  46.83888,-4.606821,276.8299
25.11:  46.86802,-4.354731,276.5934
25.13:  46.8959,-4.106997,276.4203
25.14:  46.92337,-3.859552,276.336
25.16:  46.95146,-3.603679,276.2643
25.18:  46.97789,-3.360064,276.1926
25.19:  47.00452,-3.112211,276.1335
25.21:  47.03115,-2.862841,276.0936
25.23:  47.05759,-2.613808,276.0599
25.24:  47.08363,-2.367364,276.0326
25.26:  47.10988,-2.117822,276.0052
25.28:  47.13597,-1.868355,275.9716
25.29:  47.16178,-1.620552,275.9442
25.31:  47.18732,-1.374048,275.9169
25.33:  47.21318,-1.123348,275.8896
25.34:  47.23938,-0.8681555,275.8622
25.36:  47.2647,-0.6204053,275.8349
25.38:  47.28954,-0.3762453,275.8076
25.39:  47.31472,-0.1275219,275.7802
25.41:  47.34002,0.1236029,275.7529
25.43:  47.36448,0.3676428,275.7256
25.44:  47.38932,0.6165767,275.6982
25.46:  47.4142,0.8671553,275.6709
25.48:  47.4388,1.116117,275.6436
25.49:  47.46381,1.370404,275.6162
25.51:  47.48769,1.614383,275.5889
25.53:  47.51249,1.869367,275.5552
25.54:  47.53645,2.117574,275.5152
25.56:  47.55997,2.363742,275.4562
25.58:  47.58314,2.609335,275.3908
25.59:  47.60661,2.861407,275.3192
25.61:  47.62892,3.104333,275.2474
25.63:  47.65172,3.356016,275.1758
25.64:  47.67432,3.609092,275.1041
25.66:  47.69624,3.858308,275.026
25.68:  47.71785,4.107894,274.948
25.69:  47.73856,4.351559,274.8573
25.71:  47.75928,4.600481,274.7602
25.73:  47.77968,4.850823,274.6568
25.74:  47.79937,5.098048,274.5534
25.76:  47.81882,5.34845,274.4437
25.78:  47.8383,5.605849,274.3277
25.79:  47.85632,5.850086,274.218
25.81:  47.87435,6.101175,274.1082
25.83:  47.89146,6.345932,273.9985
25.84:  47.90819,6.592498,273.8824
25.86:  47.92472,6.843207,273.7727
25.88:  47.94083,7.095286,273.6566
25.89:  47.95623,7.343609,273.5469
25.91:  47.97119,7.593141,273.4308
25.93:  47.98545,7.83938,273.3148
25.94:  47.99948,8.090378,273.1987
25.96:  48.01305,8.342532,273.0826
25.98:  48.02604,8.593051,272.9666
25.99:  48.0384,8.841278,272.8505
26.01:  48.05018,9.087974,272.7345
26.03:  48.06174,9.341464,272.6121
26.04:  48.07249,9.589194,272.4833
26.06:  48.08283,9.841386,272.3482
26.08:  48.09234,10.09168,272.1751
26.09:  48.10078,10.3387,271.9577
26.11:  48.10825,10.591,271.6959
26.13:  48.11911,10.84025,271.3706
26.14:  48.14043,11.08788,270.9947
26.16:  48.16766,11.33993,270.5681
26.18:  48.20235,11.58951,270.0971
26.19:  48.24702,11.84041,269.5437
26.21:  48.30603,12.09159,268.9207
26.23:  48.38398,12.34635,268.2342
26.24:  48.47675,12.57779,267.4907
26.26:  48.58414,12.80792,266.7155
26.28:  48.70357,13.02762,265.9276
26.3:  48.83192,13.24122,265.1397
26.31:  48.98487,13.45328,264.3518
26.33:  49.13971,13.63935,263.5639
26.34:  49.30214,13.81327,262.7761
26.36:  49.4786,13.99687,261.9882
26.38:  49.65747,14.15981,261.2003
26.39:  49.84482,14.31683,260.4124
26.41:  50.03301,14.47343,259.6245
26.43:  50.22421,14.62135,258.8367
26.44:  50.42004,14.76197,258.0488
26.46:  50.62297,14.9,257.2609
26.48:  50.83854,15.02892,256.473
26.49:  51.0579,15.14527,255.6852
26.51:  51.28315,15.25446,254.8973
26.53:  51.51525,15.34347,254.1094
26.54:  51.74467,15.43249,253.3215
26.56:  51.98044,15.51971,252.5336
26.58:  52.21465,15.59951,251.7458
26.59:  52.45874,15.68376,250.9579
26.61:  52.68722,15.76615,250.17
26.63:  52.92844,15.85691,249.3821
26.64:  53.15534,15.94586,248.5943
26.66:  53.38759,16.0406,247.8064
26.68:  53.61634,16.13762,247.0185
26.69:  53.84374,16.23777,246.2306
26.71:  54.06902,16.3407,245.4427
26.73:  54.2975,16.44892,244.6548
26.74:  54.52006,16.55812,243.867
26.76:  54.74505,16.67236,243.0791
26.78:  54.96692,16.78889,242.2912
26.79:  55.186,16.90783,241.5033
26.81:  55.40455,17.03039,240.7155
26.83:  55.62222,17.15643,239.9276
26.84:  55.83197,17.28177,239.1397
26.86:  56.05351,17.41831,238.3518
26.88:  56.26238,17.55105,237.564
26.89:  56.46893,17.68634,236.7761
26.91:  56.67585,17.82597,235.9882
26.93:  56.88002,17.96787,235.2003
26.94:  57.08276,18.11295,234.4124
26.96:  57.28467,18.26167,233.6245
26.98:  57.48469,18.4133,232.8367
26.99:  57.68165,18.56691,232.0488
27.01:  57.87356,18.72087,231.2609
27.03:  58.07016,18.88309,230.473
27.04:  58.26257,19.03997,229.6852
27.06:  58.46128,19.19375,228.8973
27.08:  58.66164,19.34059,228.1094
27.09:  58.87226,19.48389,227.3215
27.11:  59.08378,19.61687,226.5336
27.13:  59.30006,19.74284,225.7458
27.14:  59.51539,19.86609,224.9579
27.16:  59.7316,19.98253,224.17
27.18:  59.95672,20.0797,223.3821
27.19:  60.1921,20.17298,222.5943
27.21:  60.41105,20.26093,221.8064
27.23:  60.63833,20.34637,221.0185
27.24:  60.87612,20.42645,220.2306
27.26:  61.11393,20.49643,219.4427
27.28:  61.34446,20.56345,218.6549
27.29:  61.57687,20.62738,217.867
27.31:  61.8092,20.69473,217.0791
27.33:  62.04228,20.76374,216.2912
27.34:  62.2719,20.83517,215.5033
27.36:  62.50128,20.91,214.7155
27.38:  62.73293,20.98911,213.9276
27.39:  62.96284,21.07118,213.1397
27.41:  63.19419,21.15202,212.3518
27.43:  63.42302,21.23348,211.5639
27.44:  63.64461,21.31582,210.7761
27.46:  63.87615,21.38516,209.9882
27.48:  64.10956,21.44053,209.2003
27.49:  64.3435,21.49215,208.4124
27.51:  64.57743,21.53424,207.6246
27.53:  64.81279,21.57488,206.8367
27.54:  65.04343,21.60514,206.0488
27.56:  65.28493,21.63054,205.2609
27.58:  65.52362,21.65436,204.473
27.59:  65.77098,21.67232,203.6852
27.61:  66.01538,21.6858,202.8973
27.63:  66.25365,21.68679,202.1094
27.64:  66.49385,21.68329,201.3215
27.66:  66.73496,21.68224,200.5336
27.68:  66.97142,21.6853,199.7458
27.69:  67.20937,21.69165,198.9579
27.71:  67.44962,21.69276,198.17
27.73:  67.68913,21.68709,197.3821
27.74:  67.93066,21.68166,196.5943
27.76:  68.17445,21.67353,195.8064
27.78:  68.42035,21.66337,195.0185
27.79:  68.66788,21.64639,194.2306
27.81:  68.91481,21.61534,193.4427
27.83:  69.15542,21.57874,192.6548
27.84:  69.3975,21.53285,191.867
27.86:  69.64209,21.48496,191.0791
27.88:  69.88448,21.44095,190.2912
27.89:  70.1279,21.4002,189.5033
27.91:  70.38496,21.36079,188.7155
27.93:  70.62386,21.32752,187.9276
27.94:  70.86172,21.2683,187.1397
27.96:  71.09162,21.17329,186.3518
27.98:  71.30833,21.05282,185.64
27.99:  71.50559,20.90747,185.0359
28.01:  71.67902,20.74377,184.5966
28.03:  71.82696,20.54988,184.3855
28.04:  71.95651,20.34963,184.3138
28.06:  72.0818,20.13985,184.2865
28.08:  72.20702,19.915,184.2655
28.09:  72.32249,19.69829,184.2508
28.11:  72.43631,19.47312,184.2425
28.13:  72.54688,19.24979,184.2405
28.14:  72.65914,19.02772,184.2405
28.16:  72.77113,18.80153,184.2405
28.18:  72.88238,18.5768,184.2405
28.19:  72.99397,18.35147,184.2322
28.21:  73.10489,18.1276,184.2239
28.23:  73.21687,17.90165,184.2156
28.24:  73.32628,17.68098,184.2072
28.26:  73.43919,17.45333,184.1989
28.28:  73.55001,17.22997,184.1906
28.29:  73.67167,16.99944,184.1823
28.31:  73.79317,16.78355,184.1676
28.33:  73.92169,16.56383,184.153
28.34:  74.04407,16.36014,184.1383
28.36:  74.17329,16.1583,184.1237
28.38:  74.30689,15.95254,184.109
28.39:  74.43829,15.75986,184.0943
28.41:  74.58009,15.56163,184.0797
28.43:  74.72413,15.36628,184.0714
28.44:  74.87324,15.17609,184.063
28.46:  75.0274,14.98509,184.0611
28.48:  75.18337,14.79471,184.0591
28.49:  75.33892,14.60486,184.0591
28.51:  75.49557,14.41366,184.0591
28.53:  75.6522,14.22248,184.0591
28.54:  75.80696,14.03358,184.0591
28.56:  75.964,13.8419,184.0591
28.58:  76.12087,13.64755,184.0591
28.59:  76.2735,13.46126,184.0591
28.61:  76.4324,13.26731,184.0591
28.63:  76.5734,13.07354,184.0591
28.64:  76.71229,12.87953,184.0591
28.66:  76.85429,12.675,184.0674
28.68:  76.98771,12.47689,184.0694
28.69:  77.1227,12.27609,184.1157
28.71:  77.25794,12.07161,184.1938
28.73:  77.39239,11.86723,184.3352
28.74:  77.52457,11.66488,184.521
28.76:  77.65879,11.46041,184.7448
28.78:  77.78896,11.25666,184.9939
28.79:  77.91946,11.05092,185.2874
28.81:  78.05056,10.84441,185.619
28.83:  78.17936,10.63584,185.9759
28.84:  78.3046,10.43015,186.3391
28.86:  78.42825,10.22033,186.7024
28.88:  78.55396,10.0078,187.072
28.89:  78.67426,9.797578,187.4352
28.91:  78.79322,9.586603,187.7984
28.93:  78.91879,9.364766,188.1617
28.94:  79.03454,9.157233,188.5249
28.96:  79.14993,8.947198,188.8882
28.98:  79.26591,8.732904,189.2514
28.99:  79.38156,8.515941,189.6146
29.01:  79.49521,8.299427,189.9779
29.03:  79.60876,8.079743,190.3411
29.04:  79.71882,7.863448,190.7044
29.06:  79.82681,7.643476,191.0676
29.08:  79.933,7.423679,191.4308
29.09:  80.04221,7.198547,191.7941
29.13:  80.14312,6.982736,192.1573
29.14:  80.24757,6.755618,192.5206
29.16:  80.34733,6.539608,192.8838
29.18:  80.44627,6.320619,193.2534
29.19:  80.54559,6.098079,193.623
29.21:  80.64134,5.874802,194.0052
29.23:  80.73814,5.649425,194.4318
29.24:  80.83151,5.42175,194.9155
29.26:  80.92198,5.200404,195.4435
29.28:  81.01027,4.97256,196.0349
29.29:  81.09866,4.736868,196.658
29.31:  81.18046,4.510883,197.3191
29.33:  81.26118,4.280535,198.0119
29.34:  81.33727,4.048461,198.7174
29.36:  81.4098,3.817618,199.4293
29.38:  81.48083,3.586112,200.1601
29.39:  81.54831,3.350053,200.9163
29.41:  81.61359,3.109597,201.6788
29.43:  81.67701,2.869067,202.4477
29.44:  81.7336,2.635973,203.2229
29.46:  81.78723,2.401053,204.0108
29.48:  81.83901,2.158907,204.7986
29.49:  81.88835,1.911599,205.5865
29.51:  81.93188,1.676683,206.3744
29.53:  81.97437,1.436989,207.1623
29.54:  82.01225,1.195691,207.9501
29.56:  82.04662,0.9551668,208.738
29.58:  82.07821,0.710002,209.5259
29.59:  82.10614,0.4669606,210.3138
29.61:  82.13142,0.2167135,211.1017
29.63:  82.15186,-0.01779771,211.8896
29.64:  82.16999,-0.2651385,212.6774
29.66:  82.18444,-0.5080664,213.4653
29.68:  82.196,-0.7609377,214.2532
29.69:  82.20367,-1.001212,215.0411
29.71:  82.20811,-1.245369,215.8289
29.73:  82.20919,-1.490708,216.6168
29.74:  82.20692,-1.73323,217.4047
29.76:  82.20127,-1.978059,218.1926
29.78:  82.19215,-2.225648,218.9805
29.79:  82.17941,-2.477354,219.7683
29.81:  82.16395,-2.717206,220.5562
29.83:  82.14495,-2.960027,221.3441
29.84:  82.12179,-3.211511,222.132
29.86:  82.09687,-3.446647,222.9199
29.88:  82.06763,-3.69048,223.7077
29.89:  82.03699,-3.930302,224.4956
29.91:  81.99981,-4.181705,225.2835
29.93:  81.96176,-4.416601,226.0714
29.94:  81.91637,-4.665649,226.8593
29.96:  81.867,-4.899685,227.6471
29.98:  81.80764,-5.141126,228.435
29.99:  81.7404,-5.385602,229.2229
30.01:  81.66649,-5.630857,230.0045
30.03:  81.58637,-5.873068,230.7733
30.04:  81.49771,-6.104948,231.5041
30.06:  81.39645,-6.328394,232.216
30.08:  81.28566,-6.55208,232.9151
30.09:  81.16975,-6.771893,233.6079
30.11:  81.04265,-6.999153,234.3008
30.13:  80.91149,-7.211981,234.9872
30.14:  80.76453,-7.424987,235.68
30.16:  80.6151,-7.619151,236.3728
30.18:  80.45245,-7.815209,237.0656
30.19:  80.28248,-8.00317,237.7648
30.21:  80.10928,-8.189106,238.4639
30.23:  79.93163,-8.37173,239.1758
30.24:  79.7429,-8.560047,239.8876
30.26:  79.56272,-8.735437,240.5994
30.28:  79.37734,-8.912274,241.3176
30.29:  79.18949,-9.086209,242.0294
30.31:  78.99805,-9.259065,242.7476
30.33:  78.80384,-9.430041,243.4657
30.34:  78.60785,-9.59832,244.1776
30.36:  78.40952,-9.76436,244.8894
30.38:  78.20779,-9.929041,245.6012
30.39:  78.00106,-10.09352,246.3194
30.41:  77.79581,-10.25266,247.0375
30.43:  77.58884,-10.41206,247.7494
30.44:  77.39063,-10.56741,248.4548
30.46:  77.19305,-10.72603,249.154
30.48:  76.99524,-10.88783,249.8531
30.49:  76.802,-11.047,250.5523
30.51:  76.61008,-11.20526,251.2451
30.53:  76.41714,-11.36645,251.9252
30.54:  76.22369,-11.53039,252.5547
30.56:  76.03226,-11.69207,253.1588
30.58:  75.83834,-11.85387,253.7248
30.59:  75.64343,-12.01343,254.2592
30.61:  75.44782,-12.17369,254.7492
30.63:  75.25346,-12.33327,255.1948
30.64:  75.05742,-12.49204,255.5771
30.66:  74.86096,-12.65292,255.7692
30.68:  74.66226,-12.81559,255.7775
30.69:  74.46381,-12.97517,255.7775
30.71:  74.26928,-13.13443,255.7775
30.73:  74.07027,-13.29736,255.7755
30.74:  73.87257,-13.4564,255.7672
30.76:  73.67013,-13.61937,255.7462
30.78:  73.47904,-13.77614,255.7189
30.79:  73.28356,-13.93388,255.6789
30.81:  73.08462,-14.09477,255.6198
30.83:  72.88137,-14.25947,255.5608
30.84:  72.68571,-14.4088,255.4828
30.86:  72.4838,-14.55122,255.3604
30.88:  72.26686,-14.69752,255.1366
30.89:  72.05228,-14.8336,254.8431
30.91:  71.82712,-14.96639,254.4355
30.93:  71.61269,-15.09197,253.9455
30.94:  71.38657,-15.2166,253.3097
30.96:  71.16243,-15.32755,252.5789
30.98:  70.93188,-15.43196,251.791
30.99:  70.69152,-15.52539,251.0031
31.01:  70.46346,-15.60743,250.2152
31.03:  70.22886,-15.69549,249.4274
31.04:  69.995,-15.78695,248.6395
31.06:  69.76596,-15.88018,247.8516
31.08:  69.53426,-15.97823,247.0637
31.09:  69.3083,-16.07753,246.2758
31.11:  69.07841,-16.18235,245.488
31.13:  68.85208,-16.28934,244.7001
31.14:  68.61199,-16.38713,243.9122
31.16:  68.38241,-16.46399,243.1243
31.18:  68.13014,-16.52638,242.3365
31.19:  67.86321,-16.56787,241.5486
31.21:  67.61436,-16.58696,240.7607
31.23:  67.36172,-16.58911,239.9728
31.24:  67.11118,-16.56698,239.1849
31.26:  66.86246,-16.53081,238.3971
31.28:  66.60736,-16.48825,237.6092
31.29:  66.36766,-16.43288,236.8213
31.31:  66.11936,-16.36489,236.0334
31.33:  65.87142,-16.29707,235.2455
31.34:  65.63372,-16.22784,234.4577
31.36:  65.40062,-16.15595,233.6698
31.38:  65.16127,-16.0806,232.8819
31.39:  64.92331,-15.99998,232.094
31.41:  64.68784,-15.91669,231.3062
31.43:  64.45038,-15.83279,230.5183
31.44:  64.21035,-15.74903,229.7304
31.46:  63.96798,-15.6611,228.9425
31.48:  63.72376,-15.57399,228.1546
31.49:  63.48269,-15.48944,227.3668
31.51:  63.2337,-15.40594,226.5789
31.53:  62.99449,-15.33056,225.791
31.54:  62.75487,-15.25866,225.0031
31.56:  62.51153,-15.18808,224.2152
31.58:  62.26409,-15.11999,223.4274
31.59:  62.01571,-15.05529,222.6395
31.61:  61.76947,-14.99475,221.8516
31.63:  61.51796,-14.93881,221.0637
31.64:  61.2673,-14.88666,220.2758
31.66:  61.01598,-14.84014,219.488
31.68:  60.75993,-14.79638,218.7001
31.69:  60.50661,-14.75881,217.9122
31.71:  60.2475,-14.72402,217.1243
31.73:  59.99117,-14.6944,216.3365
31.74:  59.73314,-14.66694,215.5486
31.76:  59.48093,-14.64481,214.7607
31.78:  59.22068,-14.62434,213.9728
31.79:  58.965,-14.60777,213.185
31.81:  58.7036,-14.59443,212.3971
31.83:  58.44385,-14.58475,211.6092
31.84:  58.18407,-14.57865,210.8213
31.86:  57.92855,-14.57616,210.0334
31.88:  57.66773,-14.57721,209.2455
31.89:  57.41032,-14.583,208.4577
31.91:  57.1544,-14.59107,207.6698
31.93:  56.88899,-14.60309,206.8819
31.94:  56.63311,-14.61821,206.0941
31.96:  56.37686,-14.63689,205.3062
31.98:  56.11538,-14.66388,204.5183
31.99:  55.86208,-14.70283,203.7304
32.01:  55.60455,-14.75171,202.9425
32.03:  55.35814,-14.80337,202.1546
32.04:  55.11553,-14.86116,201.3668
32.06:  54.8633,-14.92492,200.5789
32.08:  54.62452,-14.99372,199.791
32.09:  54.38657,-15.06788,199.0031
32.11:  54.15234,-15.14594,198.2152
32.13:  53.91014,-15.2346,197.4274
32.14:  53.67305,-15.32719,196.6395
32.16:  53.43897,-15.42234,195.8516
32.18:  53.20039,-15.5274,195.0637
32.19:  52.97139,-15.63368,194.2759
32.21:  52.73289,-15.74839,193.488
32.23:  52.50728,-15.86247,192.7001
32.24:  52.28497,-15.97874,191.9122
32.26:  52.06524,-16.09965,191.1243
32.28:  51.84053,-16.22516,190.3365
32.29:  51.61996,-16.35237,189.5486
32.31:  51.39536,-16.48606,188.7607
32.33:  51.18345,-16.61617,187.9728
32.34:  50.96541,-16.75421,187.185
32.36:  50.75842,-16.89147,186.3971
32.38:  50.54789,-17.03284,185.6409
32.39:  50.33618,-17.17817,185.0558
32.41:  50.12735,-17.32286,184.8067
32.43:  49.91919,-17.45556,184.8067
32.44:  49.69541,-17.56799,184.8593
32.46:  49.44439,-17.63343,185.2289
32.48:  49.19337,-17.64913,185.8837
32.49:  48.9464,-17.62024,186.6716
32.51:  48.69905,-17.58786,187.4595
32.53:  48.45175,-17.55202,188.2473
32.54:  48.20486,-17.51027,189.0352
32.56:  47.96557,-17.44175,189.8231
32.58:  47.73024,-17.33246,190.611
32.59:  47.50426,-17.19659,191.3988
32.61:  47.30009,-17.02407,192.1867
32.63:  47.13242,-16.83955,192.9746
32.64:  47.00215,-16.62476,193.7625
32.66:  46.90558,-16.39972,194.5504
32.68:  46.84231,-16.15465,195.3382
32.69:  46.81912,-15.9075,196.1261
32.71:  46.83411,-15.65658,196.914
32.73:  46.88802,-15.41559,197.7019
32.74:  46.96812,-15.17606,198.4898
32.76:  47.04972,-14.94274,199.2776
32.78:  47.12915,-14.7253,200.0655
32.79:  47.22318,-14.60184,200.8534
32.81:  47.35443,-14.58378,201.6413
32.83:  47.5019,-14.64466,202.4292
32.84:  47.67518,-14.71898,203.217
32.86:  47.85981,-14.8012,204.0049
32.88:  48.04174,-14.90981,204.7928
32.89:  48.21161,-15.04812,205.5807
32.91:  48.37198,-15.22048,206.3686
32.93:  48.52523,-15.39995,207.1564
32.94:  48.68378,-15.59458,207.9443
32.96:  48.82572,-15.77381,208.7322
32.98:  48.97242,-15.96813,209.5201
32.99:  49.11371,-16.16073,210.308
33.01:  49.25152,-16.35797,211.0958
33.03:  49.38496,-16.56267,211.8837
33.04:  49.51665,-16.77947,212.6716
33.06:  49.63315,-16.98786,213.4595
33.08:  49.74925,-17.207,214.2473
33.09:  49.85959,-17.4271,215.0352
33.11:  49.96333,-17.65619,215.8231
33.13:  50.05786,-17.88634,216.611
33.14:  50.14321,-18.12081,217.3989
33.16:  50.2117,-18.35643,218.1867
33.18:  50.27027,-18.59472,218.9746
33.19:  50.31298,-18.8353,219.7625
33.21:  50.34598,-19.08018,220.5504
33.23:  50.36875,-19.32683,221.3383
33.24:  50.37235,-19.57161,222.1261
33.26:  50.36069,-19.81486,222.914
33.28:  50.34,-20.06259,223.7019
33.29:  50.31266,-20.30768,224.4898
33.31:  50.27929,-20.56111,225.2776
33.33:  50.243,-20.79715,226.0655
33.34:  50.20206,-21.04106,226.8534
33.36:  50.15847,-21.28056,227.6413
33.38:  50.11266,-21.52173,228.4292
33.39:  50.06002,-21.77169,229.217
33.41:  50.00651,-22.00953,230.0049
33.43:  49.95042,-22.24375,230.7928
33.44:  49.89125,-22.4892,231.5807
33.46:  49.83718,-22.71396,232.3686
33.48:  49.78898,-22.93905,233.1564
33.49:  49.75025,-23.14044,233.9443
33.51:  49.71015,-23.30296,234.7322
33.53:  49.68573,-23.43447,235.5201
33.54:  49.67193,-23.51244,236.308
33.56:  49.66832,-23.52928,237.0958
33.58:  49.66832,-23.52928,237.8837
33.59:  49.66832,-23.52928,238.6716
33.61:  49.66832,-23.52928,239.4595
33.63:  49.66832,-23.52928,240.2474
33.64:  49.66832,-23.52928,241.0352
33.66:  49.66832,-23.52928,241.8231
33.68:  49.66832,-23.52928,242.611
33.69:  49.66832,-23.52928,243.3989
33.71:  49.66832,-23.52928,244.1868
33.73:  49.66832,-23.52928,244.9746
33.74:  49.66632,-23.52483,245.7625
33.76:  49.66041,-23.51119,246.5504
33.78:  49.65205,-23.49118,247.3383
33.79:  49.63833,-23.457,248.1262
33.81:  49.62166,-23.41377,248.914
33.83:  49.60395,-23.3659,249.7019
33.84:  49.58316,-23.30722,250.4898
33.86:  49.56305,-23.24786,251.2777
33.88:  49.54287,-23.18551,252.0656
33.89:  49.52362,-23.12312,252.8534
33.91:  49.50499,-23.05968,253.6413
33.93:  49.48798,-22.99861,254.4292
33.94:  49.47375,-22.94471,255.2171
33.96:  49.46912,-22.92612,256.0049
33.98:  49.46912,-22.92612,256.7928
33.99:  49.46912,-22.92612,257.5807
34.01:  49.46912,-22.92612,258.3686
34.03:  49.46912,-22.92612,259.1565
34.04:  49.46912,-22.92612,259.9443
34.06:  49.46912,-22.92612,260.7322
34.08:  49.46912,-22.92612,261.5201
34.09:  49.46912,-22.92612,262.308
34.11:  49.46912,-22.92612,263.0959
34.13:  49.46912,-22.92612,263.8837
34.14:  49.46912,-22.92612,264.6716
34.16:  49.46912,-22.92612,265.4595
34.18:  49.46912,-22.92612,266.2474
34.19:  49.46912,-22.92612,267.0352
34.21:  49.46912,-22.92612,267.8231
34.23:  49.46912,-22.92612,268.611
34.24:  49.46912,-22.92612,269.3989
34.26:  49.46912,-22.92612,270.1868
34.28:  49.46912,-22.92612,270.9746
34.29:  49.46912,-22.92612,271.7625
34.31:  49.46912,-22.92612,272.5504
34.33:  49.46912,-22.92612,273.3383
34.34:  49.46912,-22.92612,274.1262
34.36:  49.46912,-22.92612,274.914
34.38:  49.46912,-22.92612,275.7019
34.39:  49.46912,-22.92612,276.4898
34.41:  49.46912,-22.92612,277.2777
34.43:  49.46912,-22.92612,278.0656
34.44:  49.46912,-22.92612,278.8534
34.46:  49.46912,-22.92612,279.6413
34.48:  49.46912,-22.92612,280.4292
34.49:  49.46912,-22.92612,281.2171
34.51:  49.46912,-22.92612,282.0049
34.53:  49.46912,-22.92612,282.7928
34.54:  49.46912,-22.92612,283.5807
34.56:  49.46912,-22.92612,284.3686
34.58:  49.45731,-22.92292,285.1565
34.59:  49.43848,-22.91754,285.9443
34.61:  49.41626,-22.90571,286.7322
34.63:  49.39197,-22.87763,287.5201
34.64:  49.35911,-22.83558,288.308
34.66:  49.32719,-22.77375,289.0959
34.68:  49.28735,-22.69691,289.8837
34.69:  49.24633,-22.60176,290.6716
34.71:  49.21026,-22.49786,291.4595
34.73:  49.17652,-22.3764,292.2474
34.74:  49.14413,-22.25501,293.0352
34.76:  49.10982,-22.12399,293.8231
34.78:  49.06985,-21.98162,294.611
34.79:  49.03291,-21.83155,295.3989
34.81:  48.98535,-21.67023,296.1868
34.83:  48.93441,-21.5026,296.9746
34.84:  48.87713,-21.3239,297.7625
34.86:  48.81618,-21.14766,298.5504
34.88:  48.75333,-20.96226,299.3383
34.89:  48.68738,-20.768,300.1262
34.91:  48.61634,-20.56962,300.914
34.93:  48.54467,-20.35229,301.7019
34.94:  48.47245,-20.12293,302.4898
34.96:  48.40432,-19.89371,303.2777
34.98:  48.33676,-19.6544,304.0656
34.99:  48.27313,-19.41653,304.8534
35.01:  48.21217,-19.17546,305.6413
35.03:  48.15574,-18.93859,306.4292
35.04:  48.10125,-18.69507,307.2171
35.06:  48.05108,-18.45545,308.0049
35.08:  48.00155,-18.20985,308.7928
35.09:  47.95016,-17.963,309.5807
35.11:  47.8671,-17.72893,310.3686
35.13:  47.76019,-17.50254,311.1565
35.14:  47.63681,-17.27579,311.9443
35.16:  47.5237,-17.06095,312.7322
35.18:  47.40892,-16.83727,313.5201
35.19:  47.29737,-16.61231,314.308
35.21:  47.18641,-16.37863,315.0959
35.23:  47.08533,-16.15452,315.8837
35.24:  46.983,-15.92481,316.6716
35.26:  46.8833,-15.68646,317.4595
35.28:  46.79117,-15.45743,318.2474
35.29:  46.69661,-15.21918,319.0352
35.31:  46.61213,-14.9889,319.8231
35.33:  46.52738,-14.75021,320.611
35.34:  46.44426,-14.51267,321.3989
35.36:  46.3686,-14.27674,322.1868
35.38:  46.29097,-14.03365,322.9746
35.39:  46.21767,-13.7927,323.7625
35.41:  46.14957,-13.54897,324.5504
35.43:  46.08315,-13.30692,325.3383
35.44:  46.0224,-13.06386,326.1262
35.46:  45.96598,-12.82052,326.914
35.48:  45.91106,-12.56797,327.7019
35.49:  45.86123,-12.32255,328.4898
35.51:  45.81937,-12.07907,329.1699
35.53:  45.78428,-11.82979,329.6663
35.54:  45.75403,-11.58464,329.9154
35.56:  45.72555,-11.33541,329.9154
35.58:  45.70078,-11.07898,329.9008
35.59:  45.68841,-10.82761,329.8671
35.61:  45.68134,-10.57763,329.8144
35.63:  45.67733,-10.32849,329.7491
35.64:  45.67497,-10.06676,329.671
35.66:  45.67211,-9.823785,329.5106
35.68:  45.67005,-9.563765,329.2487
35.69:  45.66772,-9.317875,328.8792
35.71:  45.66531,-9.061164,328.4019
35.73:  45.66489,-8.815722,327.7787
35.74:  45.66516,-8.567183,326.9909
35.76:  45.66471,-8.324521,326.203
35.78:  45.66629,-8.073331,325.4151
35.79:  45.66982,-7.827365,324.6272
35.81:  45.67678,-7.580316,323.8394
35.83:  45.68821,-7.318484,323.0515
35.84:  45.69886,-7.074311,322.2636
35.86:  45.70776,-6.829169,321.4757
35.88:  45.72026,-6.581053,320.6878
35.89:  45.73591,-6.337829,319.9
35.91:  45.75688,-6.094144,319.1121
35.93:  45.77915,-5.83636,318.3242
35.94:  45.79798,-5.600688,317.5363
35.96:  45.81567,-5.357992,316.7484
35.98:  45.83391,-5.105982,315.9606
35.99:  45.85723,-4.854405,315.1727
36.01:  45.87741,-4.598396,314.3848
36.03:  45.89705,-4.3536,313.5969
36.04:  45.92056,-4.10862,312.8091
36.06:  45.94216,-3.869025,312.0212
36.08:  45.96305,-3.621558,311.2333
36.09:  45.98011,-3.379792,310.4454
36.11:  45.99388,-3.137232,309.6575
36.13:  46.01204,-2.890632,308.8697
36.14:  46.03102,-2.652122,308.0818
36.16:  46.05029,-2.41048,307.2939
36.18:  46.06691,-2.158235,306.506
36.19:  46.08075,-1.917526,305.7181
36.21:  46.09011,-1.673377,304.9303
36.23:  46.09614,-1.427897,304.1424
36.24:  46.10013,-1.181254,303.3545
36.26:  46.09942,-0.9402007,302.5667
36.28:  46.0953,-0.693123,301.7787
36.29:  46.08784,-0.4482992,300.9909
36.31:  46.07671,-0.1965635,300.203
36.33:  46.06283,0.04262185,299.4151
36.34:  46.04527,0.2871906,298.6272
36.36:  46.02478,0.5263574,297.8394
36.38:  45.99984,0.7769279,297.0515
36.39:  45.97324,1.023208,296.2636
36.41:  45.94271,1.262948,295.4757
36.43:  45.91005,1.503208,294.6878
36.44:  45.87301,1.750267,293.9
36.46:  45.83359,1.990568,293.1121
36.48:  45.78993,2.235606,292.3242
36.49:  45.74331,2.477897,291.5363
36.51:  45.69336,2.719524,290.7484
36.53:  45.63907,2.958986,289.9606
36.54:  45.58167,3.196909,289.1727
36.56:  45.51976,3.430745,288.3848
36.58:  45.45228,3.672115,287.5969
36.59:  45.38623,3.908382,286.8091
36.61:  45.31567,4.14336,286.0212
36.63:  45.2426,4.3795,285.2333
36.64:  45.16562,4.612402,284.4454
36.66:  45.08684,4.840198,283.6575
36.68:  45.00347,5.074867,282.8697
36.69:  44.91751,5.306687,282.0818
36.71:  44.82855,5.536833,281.2939
36.73:  44.73635,5.765919,280.506
36.74:  44.6404,5.9952,279.7181
36.76:  44.54097,6.218781,278.9303
36.78:  44.43832,6.446287,278.1424
36.79:  44.33374,6.669811,277.3545
36.81:  44.22634,6.891386,276.5666
36.83:  44.11538,7.112504,275.7787
36.84:  43.99787,7.338836,274.9909
36.86:  43.88634,7.546623,274.203
36.88:  43.76628,7.760394,273.4151
36.89:  43.63993,7.976802,272.6272
36.91:  43.51083,8.192548,271.8394
36.93:  43.38313,8.401965,271.0515
36.94:  43.25464,8.606278,270.2636
36.96:  43.12226,8.808123,269.4757
36.98:  42.98425,9.012362,268.6878
36.99:  42.84349,9.216955,267.9
37.01:  42.70092,9.418211,267.1121
37.03:  42.55554,9.617547,266.3242
37.04:  42.40496,9.821718,265.5363
37.06:  42.25626,10.01427,264.7484
37.08:  42.10509,10.20245,263.9606
37.09:  41.95216,10.38756,263.1727
37.11:  41.7909,10.57945,262.3848
37.13:  41.63111,10.76237,261.5969
37.14:  41.46084,10.95197,260.8091
37.16:  41.29945,11.12868,260.0212
37.18:  41.13209,11.30693,259.2333
37.19:  40.96096,11.48425,258.4454
37.21:  40.78001,11.66666,257.6575
37.23:  40.60901,11.83436,256.8697
37.24:  40.43018,12.00498,256.0818
37.26:  40.25219,12.17019,255.2939
37.28:  40.06861,12.33627,254.563
37.29:  39.87743,12.5056,253.959
37.31:  39.69471,12.66509,253.545
37.33:  39.51104,12.82401,253.2959
37.34:  39.32266,12.98631,253.1735
37.36:  39.13059,13.1514,253.1081
37.38:  38.94429,13.31116,253.0428
37.39:  38.75804,13.46883,252.9837
37.41:  38.57231,13.62475,252.9184
37.43:  38.38282,13.78349,252.8594
37.44:  38.18808,13.94181,252.8003
37.46:  37.99567,14.09103,252.7413
37.48:  37.79637,14.24097,252.6886
37.49:  37.59578,14.38734,252.6486
37.51:  37.39694,14.53227,252.615
37.53:  37.19699,14.67597,252.575
37.54:  36.99523,14.82016,252.5349
37.56:  36.79543,14.96274,252.4949
37.58:  36.59102,15.10839,252.4549
37.59:  36.38536,15.25231,252.4149
37.61:  36.17948,15.39199,252.3749
37.63:  35.97403,15.52706,252.3349
37.64:  35.74871,15.66977,252.2949
37.66:  35.53476,15.79547,252.2549
37.68:  35.32055,15.92115,252.2212
37.69:  35.10567,16.04705,252.1875
37.71:  34.89157,16.17233,252.1539
37.73:  34.66972,16.29788,252.1202
37.74:  34.45259,16.41665,252.0865
37.76:  34.23771,16.53213,252.0529
37.78:  34.01275,16.64878,252.0128
37.79:  33.78708,16.76171,251.9792
37.81:  33.55676,16.87106,251.9455
37.83:  33.32601,16.97662,251.9055
37.84:  33.09156,17.0739,251.8718
37.86:  32.86089,17.16374,251.8318
37.88:  32.62261,17.24892,251.7982
37.89:  32.36706,17.32322,251.7581
37.91:  32.1271,17.37218,251.7181
37.93:  31.88511,17.42138,251.6781
37.94:  31.62998,17.46266,251.6381
37.96:  31.38144,17.49725,251.6045
37.98:  31.12748,17.52685,251.5645
37.99:  30.87142,17.54768,251.5245
38.01:  30.6178,17.56588,251.4844
38.03:  30.35613,17.58216,251.4508
38.04:  30.10865,17.59652,251.4171
38.06:  29.85401,17.60886,251.3834
38.08:  29.59738,17.61568,251.3498
38.09:  29.3419,17.62228,251.3098
38.11:  29.08649,17.62642,251.2761
38.13:  28.83258,17.63266,251.2361
38.14:  28.56715,17.6366,251.1961
38.16:  28.31651,17.6424,251.1561
38.18:  28.06436,17.64582,251.1224
38.19:  27.81307,17.65132,251.0824
38.21:  27.55399,17.65683,251.0487
38.23:  27.29754,17.66211,251.0087
38.24:  27.04156,17.66723,250.975
38.26:  26.78871,17.67211,250.935
38.28:  26.53071,17.67458,250.895
38.29:  26.26844,17.67694,250.8614
38.31:  26.01806,17.67904,250.8277
38.33:  25.76608,17.68101,250.794
38.34:  25.51408,17.68283,250.7603
38.36:  25.25842,17.68681,250.7203
38.38:  25.00007,17.69068,250.6867
38.39:  24.74298,17.69437,250.653
38.41:  24.48917,17.69558,250.6193
38.43:  24.23395,17.69892,250.5793
38.44:  23.97977,17.69978,250.5393
38.46:  23.72455,17.70276,250.4993
38.48:  23.46187,17.70565,250.4593
38.49:  23.20331,17.70598,250.4193
38.51:  22.94977,17.70844,250.3856
38.53:  22.70024,17.70847,250.352
38.54:  22.44357,17.70834,250.3183
38.56:  22.19276,17.70805,250.2783
38.58:  21.92803,17.70758,250.2446
38.59:  21.67337,17.70927,250.2109
38.61:  21.42163,17.7108,250.1773
38.63:  21.16854,17.71216,250.1373
38.64:  20.91011,17.71337,250.0973
38.66:  20.65812,17.7121,250.0573
38.68:  20.40001,17.71297,250.0236
38.69:  20.14456,17.71363,249.9772
38.71:  19.88849,17.71412,249.9372
38.73:  19.63193,17.71442,249.8972
38.74:  19.36856,17.71455,249.8572
38.76:  19.12297,17.7145,249.8172
38.78:  18.86452,17.71426,249.7772
38.79:  18.60924,17.71155,249.7372
38.81:  18.35316,17.71093,249.6908
38.83:  18.0987,17.70787,249.6572
38.84:  17.83443,17.70453,249.6235
38.86:  17.58546,17.70125,249.5898
38.88:  17.33397,17.69778,249.5562
38.89:  17.07782,17.69638,249.5162
38.91:  16.82662,17.69259,249.4825
38.93:  16.56906,17.69088,249.4488
38.94:  16.3134,17.689,249.4088
38.96:  16.04868,17.68688,249.3688
38.98:  15.79922,17.6847,249.3288
38.99:  15.54622,17.68006,249.2951
39.01:  15.2887,17.67747,249.2551
39.03:  15.02456,17.67142,249.2151
39.04:  14.77372,17.66855,249.1751
39.06:  14.52133,17.66241,249.1351
39.08:  14.26161,17.65908,249.0951
39.09:  13.99696,17.65226,249.0551
39.11:  13.74813,17.64651,249.0214
39.13:  13.49531,17.6428,248.9877
39.14:  13.23643,17.63651,248.9541
39.16:  12.98256,17.62934,248.9141
39.18:  12.7255,17.62277,248.8804
39.19:  12.47318,17.61616,248.8467
39.21:  12.217,17.6093,248.813
39.23:  11.96101,17.60459,248.7731
39.24:  11.70504,17.59738,248.733
39.26:  11.45526,17.59017,248.693
39.28:  11.19725,17.58245,248.634
39.29:  10.94028,17.5768,248.5687
39.31:  10.68827,17.57097,248.5033
39.33:  10.42352,17.56212,248.4316
39.34:  10.17352,17.55345,248.3599
39.36:  9.919634,17.54348,248.2819
39.38:  9.660942,17.53526,248.1975
39.39:  9.392854,17.52714,248.0941
39.41:  9.13885,17.51579,247.9717
39.43:  8.87968,17.5034,247.7923
39.44:  8.626554,17.4902,247.5431
39.46:  8.376317,17.47569,247.2115
39.48:  8.117442,17.45883,246.804
39.49:  7.864508,17.4408,246.2696
39.51:  7.608675,17.42184,245.5895
39.53:  7.354652,17.39718,244.8016
39.54:  7.092403,17.36807,244.0137
39.56:  6.843389,17.33697,243.2258
39.58:  6.602842,17.29292,242.438
39.59:  6.385403,17.23131,241.6501
39.61:  6.203576,17.1496,240.8622
39.63:  6.054901,17.06402,240.0743
39.64:  5.934762,16.99265,239.2864
39.66:  5.846091,16.9383,238.4986
39.68:  5.7881,16.90166,237.7107
39.69:  5.761486,16.88432,236.9228
39.71:  5.749567,16.87633,236.1349
39.73:  5.749567,16.87633,235.347
39.74:  5.749567,16.87633,234.5592
39.76:  5.749567,16.87633,233.7713
39.78:  5.749567,16.87633,232.9834
39.79:  5.749567,16.87633,232.1955
39.81:  5.749567,16.87633,231.4076
39.83:  5.749567,16.87633,230.6198
39.84:  5.749567,16.87633,229.8319
39.86:  5.749567,16.87633,229.044
39.88:  5.744002,16.87136,228.2561
39.89:  5.731369,16.85977,227.4682
39.91:  5.7153,16.84462,226.6804
39.93:  5.692036,16.82207,225.8925
39.94:  5.642028,16.80665,225.1046
39.96:  5.553956,16.80898,224.3167
39.98:  5.416265,16.84055,223.5289
39.99:  5.238362,16.89895,222.741
40.03:  5.0179,16.98471,221.9531
40.04:  4.783623,17.07865,221.1652
40.06:  4.540017,17.17246,220.3773
40.08:  4.305892,17.25894,219.5895
40.09:  4.073081,17.34131,218.8016
40.11:  3.833832,17.42313,218.0137
40.13:  3.594337,17.50053,217.2258
40.14:  3.343882,17.57769,216.4379
40.16:  3.112642,17.64777,215.6501
40.18:  2.875215,17.71618,214.8622
40.19:  2.630221,17.78314,214.0743
40.21:  2.387632,17.84587,213.2864
40.23:  2.137764,17.90928,212.4986
40.24:  1.900781,17.96597,211.7107
40.26:  1.673327,18.01398,210.9228
40.28:  1.496519,18.02937,210.1349
40.29:  1.378639,18.00729,209.347
40.31:  1.328459,17.95013,208.5592
40.33:  1.305452,17.90654,207.822
40.34:  1.302108,17.90003,207.1926
40.36:  1.302108,17.90003,206.6455
40.38:  1.302108,17.90003,206.1745
40.39:  1.302108,17.90003,205.7669
40.41:  1.302108,17.90003,205.429
40.43:  1.302108,17.90003,205.1862
40.44:  1.302108,17.90003,205.0702
40.46:  1.302108,17.90003,204.9985
40.48:  1.302108,17.90003,204.9394
40.49:  1.302108,17.90003,204.8868
40.51:  1.302108,17.90003,204.8404
40.53:  1.302108,17.90003,204.8004
40.54:  1.302108,17.90003,204.7667
40.56:  1.302108,17.90003,204.7394
40.58:  1.302108,17.90003,204.7121
40.59:  1.302108,17.90003,204.6847
40.61:  1.302108,17.90003,204.6511
40.63:  1.302108,17.90003,204.6174
40.64:  1.302108,17.90003,204.5837
40.66:  1.302108,17.90003,204.5437
40.68:  1.302108,17.90003,204.5037
40.69:  1.302108,17.90003,204.4447
40.71:  1.302108,17.90003,204.3667
40.73:  1.302108,17.90003,204.2506
40.74:  1.302108,17.90003,204.0395
40.76:  1.302108,17.90003,203.6382
40.78:  1.302108,17.90003,203.0848
40.79:  1.302108,17.90003,202.354
40.81:  1.302108,17.90003,201.5661
40.83:  1.302108,17.90003,200.7782
40.84:  1.302108,17.90003,199.9903
40.86:  1.302108,17.90003,199.2025
40.88:  1.302108,17.90003,198.4146
40.89:  1.302108,17.90003,197.6267
40.91:  1.302108,17.90003,196.8388
40.93:  1.302108,17.90003,196.0509
40.94:  1.302108,17.90003,195.2631
40.96:  1.302108,17.90003,194.4752
40.98:  1.302108,17.90003,193.6873
40.99:  1.302108,17.90003,192.8994
41.01:  1.302108,17.90003,192.1116
41.03:  1.302108,17.90003,191.3237
41.04:  1.302108,17.90003,190.5358
41.06:  1.302108,17.90003,189.7479
41.08:  1.302108,17.90003,188.96
41.09:  1.302108,17.90003,188.1722
41.11:  1.302108,17.90003,187.3843
41.13:  1.302108,17.90003,186.5964
41.14:  1.302108,17.90003,185.8085
41.16:  1.302108,17.90003,185.0206
41.18:  1.302108,17.90003,184.2328
41.19:  1.302108,17.90003,183.4449
41.21:  1.302108,17.90003,182.657
41.23:  1.302108,17.90003,181.8691
41.24:  1.302108,17.90003,181.0813
41.26:  1.302108,17.90003,180.2934
41.28:  1.302108,17.90003,179.5182
41.29:  1.302108,17.90003,178.819
41.31:  1.302108,17.90003,178.2023
41.33:  1.302108,17.90003,177.7123
41.34:  1.302108,17.90003,177.349
41.36:  1.302108,17.90003,177.1759
41.38:  1.302108,17.90003,177.1169
41.39:  1.302108,17.90003,177.0642
41.41:  1.302108,17.90003,177.0179
41.43:  1.302108,17.90003,176.9779
41.44:  1.302108,17.90003,176.9442
41.46:  1.302108,17.90003,176.9042
41.48:  1.302108,17.90003,176.8642
41.49:  1.302108,17.90003,176.8242
41.51:  1.302108,17.90003,176.7842
41.53:  1.302108,17.90003,176.7505
41.54:  1.302108,17.90003,176.7168
41.56:  1.302108,17.90003,176.6768
41.58:  1.302108,17.90003,176.6431
41.59:  1.302108,17.90003,176.6095
41.61:  1.302108,17.90003,176.5758
41.63:  1.302108,17.90003,176.5358
41.64:  1.302108,17.90003,176.5021
41.66:  1.302108,17.90003,176.4685
41.68:  1.302108,17.90003,176.4348
41.69:  1.302108,17.90003,176.4011
41.71:  1.302108,17.90003,176.3674
41.73:  1.302108,17.90003,176.3338
41.74:  1.302108,17.90003,176.3001
41.76:  1.302108,17.90003,176.2664
41.78:  1.302108,17.90003,176.2264
41.79:  1.302108,17.90003,176.1928
41.81:  1.302108,17.90003,176.1591
41.83:  1.302108,17.90003,176.1254
41.84:  1.302108,17.90003,176.0854
41.86:  1.302108,17.90003,176.0517
41.88:  1.302108,17.90003,176.0181
41.89:  1.302108,17.90003,175.9844
41.91:  1.302108,17.90003,175.9444
41.93:  1.302108,17.90003,175.9044
41.94:  1.302108,17.90003,175.8707
41.96:  1.302108,17.90003,175.8371
41.98:  1.302108,17.90003,175.8034
41.99:  1.302108,17.90003,175.7697
42.01:  1.302108,17.90003,175.7424
42.03:  1.302108,17.90003,175.7087
42.04:  1.302108,17.90003,175.675
42.06:  1.302108,17.90003,175.6477
42.08:  1.302108,17.90003,175.614
42.09:  1.302108,17.90003,175.5804
42.11:  1.302108,17.90003,175.5404
42.13:  1.302108,17.90003,175.5067
42.14:  1.302108,17.90003,175.473
42.16:  1.302108,17.90003,175.433
42.18:  1.302108,17.90003,175.3993
42.19:  1.302108,17.90003,175.3657
42.21:  1.302108,17.90003,175.332
42.23:  1.302108,17.90003,175.2983
42.24:  1.302108,17.90003,175.2646
42.26:  1.302108,17.90003,175.231
42.28:  1.302108,17.90003,175.191
42.29:  1.302108,17.90003,175.1573
42.31:  1.302108,17.90003,175.1236
42.33:  1.302108,17.90003,175.09
42.34:  1.302108,17.90003,175.0563
42.36:  1.302108,17.90003,175.0226
42.38:  1.302108,17.90003,174.989
42.39:  1.302108,17.90003,174.9553
42.41:  1.302108,17.90003,174.9216
42.43:  1.302108,17.90003,174.888
42.44:  1.302108,17.90003,174.8479
42.46:  1.302108,17.90003,174.8143
42.48:  1.302108,17.90003,174.7806
42.49:  1.302108,17.90003,174.7469
42.51:  1.302108,17.90003,174.7133
42.53:  1.302108,17.90003,174.6796
42.54:  1.302108,17.90003,174.6523
42.56:  1.302108,17.90003,174.6186
42.58:  1.302108,17.90003,174.5849
42.59:  1.302108,17.90003,174.5513
42.61:  1.302108,17.90003,174.5176
42.63:  1.302108,17.90003,174.4839
42.64:  1.302108,17.90003,174.4502
42.66:  1.302108,17.90003,174.4166
42.68:  1.302108,17.90003,174.3829
42.69:  1.302108,17.90003,174.3492
42.71:  1.302108,17.90003,174.3156
42.73:  1.302108,17.90003,174.2819
42.74:  1.302108,17.90003,174.2482
42.76:  1.302108,17.90003,174.2146
42.78:  1.302108,17.90003,174.1809
42.79:  1.302108,17.90003,174.1472
42.81:  1.302108,17.90003,174.1135
42.83:  1.302108,17.90003,174.0862
42.84:  1.302108,17.90003,174.0525
42.86:  1.302108,17.90003,174.0189
42.88:  1.302108,17.90003,173.9852
42.89:  1.302108,17.90003,173.9515
42.91:  1.302108,17.90003,173.9179
42.93:  1.302108,17.90003,173.8842
42.94:  1.302108,17.90003,173.8505
42.96:  1.302108,17.90003,173.8105
42.98:  1.302108,17.90003,173.7768
42.99:  1.302108,17.90003,173.7368
43.01:  1.302108,17.90003,173.7032
43.03:  1.302108,17.90003,173.6695
43.04:  1.302108,17.90003,173.6358
43.06:  1.302108,17.90003,173.6085
43.08:  1.302108,17.90003,173.5748
43.09:  1.302108,17.90003,173.5475
43.11:  1.302108,17.90003,173.5138
43.13:  1.302108,17.90003,173.4865
43.14:  1.302108,17.90003,173.4528
43.16:  1.302108,17.90003,173.4191
43.18:  1.302108,17.90003,173.3791
43.19:  1.302108,17.90003,173.3518
43.21:  1.302108,17.90003,173.3181
43.23:  1.302108,17.90003,173.2781
43.24:  1.302108,17.90003,173.2445
43.26:  1.302108,17.90003,173.2045
43.28:  1.302108,17.90003,173.1708
43.29:  1.302108,17.90003,173.1308
43.31:  1.302108,17.90003,173.0971
43.33:  1.302108,17.90003,173.0634
43.34:  1.302108,17.90003,173.0298
43.36:  1.302108,17.90003,172.9961
43.38:  1.302108,17.90003,172.9561
43.39:  1.302108,17.90003,172.9224
43.41:  1.302108,17.90003,172.8887
43.43:  1.302108,17.90003,172.8614
43.44:  1.302108,17.90003,172.8277
43.46:  1.302108,17.90003,172.7941
43.48:  1.302108,17.90003,172.7541
43.49:  1.302108,17.90003,172.7204
43.51:  1.302108,17.90003,172.6867
43.53:  1.302108,17.90003,172.653
43.54:  1.302108,17.90003,172.6194
43.56:  1.302108,17.90003,172.5857
43.58:  1.302108,17.90003,172.552
43.59:  1.302108,17.90003,172.5184
43.61:  1.302108,17.90003,172.4847
43.63:  1.302108,17.90003,172.451
43.64:  1.302108,17.90003,172.4174
43.66:  1.302108,17.90003,172.3773
43.68:  1.302108,17.90003,172.3373
43.69:  1.302108,17.90003,172.3037
43.71:  1.302108,17.90003,172.27
43.73:  1.302108,17.90003,172.2363
43.74:  1.302108,17.90003,172.2027
43.76:  1.302108,17.90003,172.169
43.78:  1.302108,17.90003,172.129
43.79:  1.302108,17.90003,172.0953
43.81:  1.302108,17.90003,172.0616
43.83:  1.302108,17.90003,172.028
43.84:  1.302108,17.90003,171.9943
43.86:  1.302108,17.90003,171.9606
43.88:  1.302108,17.90003,171.927
43.89:  1.302108,17.90003,171.8933
43.91:  1.302108,17.90003,171.8533
43.93:  1.302108,17.90003,171.8196
43.94:  1.302108,17.90003,171.7859
43.96:  1.302108,17.90003,171.7523
43.98:  1.302108,17.90003,171.7186
43.99:  1.302108,17.90003,171.6849
44.01:  1.302108,17.90003,171.6513
44.03:  1.302108,17.90003,171.6176
44.04:  1.302108,17.90003,171.5839
44.06:  1.302108,17.90003,171.5439
44.08:  1.302108,17.90003,171.5102
44.09:  1.302108,17.90003,171.4766
44.11:  1.302108,17.90003,171.4429
44.13:  1.302108,17.90003,171.4029
44.14:  1.302108,17.90003,171.3756
44.16:  1.302108,17.90003,171.3419
44.18:  1.302108,17.90003,171.3082
44.19:  1.302108,17.90003,171.2746
44.21:  1.302108,17.90003,171.2472
44.23:  1.302108,17.90003,171.2136
44.24:  1.302108,17.90003,171.1799
44.26:  1.302108,17.90003,171.1462
44.28:  1.302108,17.90003,171.1125
44.29:  1.302108,17.90003,171.0725
44.31:  1.302108,17.90003,171.0389
44.33:  1.302108,17.90003,171.0115
44.34:  1.302108,17.90003,170.9779
44.36:  1.302108,17.90003,170.9442
44.38:  1.302108,17.90003,170.9105
44.39:  1.302108,17.90003,170.8769
44.41:  1.302108,17.90003,170.8368
44.43:  1.302108,17.90003,170.8032
44.44:  1.302108,17.90003,170.7695
44.46:  1.302108,17.90003,170.7295
44.48:  1.302108,17.90003,170.6958
44.49:  1.302108,17.90003,170.6622
44.51:  1.302108,17.90003,170.6285
44.53:  1.302108,17.90003,170.5948
44.54:  1.302108,17.90003,170.5612
44.56:  1.302108,17.90003,170.5275
44.58:  1.302108,17.90003,170.4938
44.59:  1.302108,17.90003,170.4601
44.61:  1.302108,17.90003,170.4265
44.63:  1.302108,17.90003,170.3928
44.65:  1.302108,17.90003,170.3591
44.66:  1.302108,17.90003,170.3255
44.68:  1.302108,17.90003,170.2918
44.69:  1.302108,17.90003,170.2581
44.71:  1.302108,17.90003,170.2244
44.73:  1.302108,17.90003,170.1908
44.74:  1.302108,17.90003,170.1571
44.76:  1.302108,17.90003,170.1234
44.78:  1.302108,17.90003,170.0898
44.79:  1.302108,17.90003,170.0561
44.81:  1.302108,17.90003,170.0288
44.83:  1.302108,17.90003,169.9951
44.84:  1.302108,17.90003,169.9614
44.86:  1.302108,17.90003,169.9278
44.88:  1.302108,17.90003,169.8941
44.89:  1.302108,17.90003,169.8604
44.91:  1.302108,17.90003,169.8267
44.93:  1.302108,17.90003,169.7931
44.94:  1.302108,17.90003,169.7594
44.96:  1.302108,17.90003,169.7257
44.98:  1.302108,17.90003,169.6921
44.99:  1.302108,17.90003,169.6584
45.01:  1.302108,17.90003,169.6247
45.03:  1.302108,17.90003,169.591
45.04:  1.302108,17.90003,169.5574
45.06:  1.302108,17.90003,169.5237
45.08:  1.302108,17.90003,169.49
45.09:  1.302108,17.90003,169.45
45.11:  1.302108,17.90003,169.4164
45.13:  1.302108,17.90003,169.3827
45.14:  1.302108,17.90003,169.349
45.16:  1.302108,17.90003,169.3154
45.18:  1.302108,17.90003,169.2817
45.19:  1.302108,17.90003,169.248
45.21:  1.302108,17.90003,169.2143
45.23:  1.302108,17.90003,169.1807
45.24:  1.302108,17.90003,169.147
45.26:  1.302108,17.90003,169.1133
45.28:  1.302108,17.90003,169.0797
45.29:  1.302108,17.90003,169.046
45.31:  1.302108,17.90003,169.0123
45.33:  1.302108,17.90003,168.9787
45.34:  1.302108,17.90003,168.945
45.36:  1.302108,17.90003,168.9176
45.38:  1.302108,17.90003,168.884
45.39:  1.302108,17.90003,168.8503
45.41:  1.302108,17.90003,168.8166
45.43:  1.302108,17.90003,168.783
45.44:  1.302108,17.90003,168.7493
45.46:  1.302108,17.90003,168.7156
45.48:  1.302108,17.90003,168.6756
45.49:  1.302108,17.90003,168.6356
45.51:  1.302108,17.90003,168.6019
45.53:  1.302108,17.90003,168.5683
45.54:  1.302108,17.90003,168.5346
45.56:  1.302108,17.90003,168.5009
45.58:  1.302108,17.90003,168.4673
45.59:  1.302108,17.90003,168.4336
45.61:  1.302108,17.90003,168.4063
45.63:  1.302108,17.90003,168.3726
45.64:  1.302108,17.90003,168.3326
45.66:  1.302108,17.90003,168.2989
45.68:  1.302108,17.90003,168.2652
45.69:  1.302108,17.90003,168.2316
45.71:  1.302108,17.90003,168.1979
45.73:  1.302108,17.90003,168.1642
45.74:  1.302108,17.90003,168.1306
45.76:  1.302108,17.90003,168.0969
45.78:  1.302108,17.90003,168.0632
45.79:  1.302108,17.90003,168.0296
45.81:  1.302108,17.90003,167.9959
45.83:  1.302108,17.90003,167.9622
45.84:  1.302108,17.90003,167.9285
45.86:  1.302108,17.90003,167.8949
45.88:  1.302108,17.90003,167.8612
45.89:  1.302108,17.90003,167.8275
45.91:  1.302108,17.90003,167.7939
45.93:  1.302108,17.90003,167.7602
45.94:  1.302108,17.90003,167.7265
45.96:  1.302108,17.90003,167.6992
45.98:  1.302108,17.90003,167.6655
45.99:  1.302108,17.90003,167.6319
46.01:  1.302108,17.90003,167.5982
46.03:  1.302108,17.90003,167.5645
46.04:  1.302108,17.90003,167.5308
46.06:  1.302108,17.90003,167.4972
46.08:  1.302108,17.90003,167.4572
46.09:  1.302108,17.90003,167.4235
46.11:  1.302108,17.90003,167.3898
46.13:  1.302108,17.90003,167.3562
46.14:  1.302108,17.90003,167.3225
46.16:  1.302108,17.90003,167.2888
46.18:  1.302108,17.90003,167.2551
46.19:  1.302108,17.90003,167.2215
46.21:  1.302108,17.90003,167.1815
46.23:  1.302108,17.90003,167.1478
46.24:  1.302108,17.90003,167.1141
46.26:  1.302108,17.90003,167.0805
46.28:  1.302108,17.90003,167.0468
