ParticipantNo: 12009
Controller type: Gamepad
Training Level:
0.04:  82.7,18.5,270
0.09:  82.7,18.5,270
0.11:  82.7,18.5,270
0.12:  82.7,18.5,270
0.14:  82.7,18.5,270
0.15:  82.7,18.5,270
0.17:  82.7,18.5,270
0.19:  82.7,18.5,270
0.2:  82.7,18.5,270
0.22:  82.7,18.5,270
0.24:  82.7,18.5,270
0.25:  82.7,18.5,270
0.27:  82.7,18.5,270
0.29:  82.7,18.5,270
0.3:  82.7,18.5,270
0.32:  82.7,18.5,270
0.34:  82.7,18.5,270
0.35:  82.7,18.5,270
0.37:  82.7,18.5,270
0.39:  82.7,18.5,270
0.4:  82.7,18.5,270
0.42:  82.7,18.5,270
0.44:  82.7,18.5,270
0.45:  82.7,18.5,270
0.47:  82.7,18.5,270
0.49:  82.7,18.5,270
0.5:  82.7,18.5,270
0.52:  82.7,18.5,270
0.54:  82.7,18.5,270
0.55:  82.7,18.5,270
0.57:  82.7,18.5,270
0.59:  82.7,18.5,270
0.6:  82.7,18.5,270
0.62:  82.7,18.5,270
0.64:  82.7,18.5,270
0.65:  82.7,18.5,270
0.67:  82.7,18.5,269.998
0.69:  82.7,18.5,269.998
0.7:  82.7,18.5,269.998
0.72:  82.7,18.5,269.998
0.74:  82.7,18.5,269.998
0.75:  82.7,18.5,269.998
0.77:  82.7,18.5,269.998
0.79:  82.7,18.5,269.998
0.8:  82.7,18.5,269.998
0.82:  82.7,18.5,269.998
0.84:  82.7,18.5,269.998
0.85:  82.7,18.5,269.998
0.87:  82.7,18.5,269.998
0.89:  82.7,18.5,269.998
0.9:  82.7,18.5,269.998
0.92:  82.7,18.5,269.998
0.94:  82.7,18.5,269.998
0.95:  82.7,18.5,269.998
0.97:  82.7,18.5,269.998
0.99:  82.7,18.5,269.998
1:  82.7,18.5,269.998
1.02:  82.7,18.5,269.998
1.04:  82.7,18.5,269.998
1.05:  82.7,18.5,269.998
1.07:  82.7,18.5,269.998
1.09:  82.7,18.5,269.998
1.1:  82.7,18.5,269.998
1.12:  82.7,18.5,269.998
1.14:  82.7,18.5,269.998
1.15:  82.7,18.5,269.998
1.17:  82.7,18.5,269.998
1.19:  82.7,18.5,269.998
1.2:  82.7,18.5,269.998
1.22:  82.7,18.5,269.998
1.24:  82.7,18.5,269.998
1.25:  82.7,18.5,269.998
1.27:  82.7,18.5,269.998
1.29:  82.7,18.5,269.998
1.3:  82.7,18.5,269.998
1.32:  82.7,18.5,269.998
1.34:  82.7,18.5,269.998
1.35:  82.7,18.5,269.998
1.37:  82.7,18.5,269.998
1.39:  82.7,18.5,269.998
1.4:  82.7,18.5,269.998
1.42:  82.7,18.5,269.998
1.44:  82.7,18.5,269.998
1.45:  82.7,18.5,269.998
1.47:  82.7,18.5,269.998
1.49:  82.7,18.5,269.998
1.5:  82.7,18.5,269.998
1.52:  82.7,18.5,269.998
1.54:  82.7,18.5,269.998
1.55:  82.7,18.5,269.998
1.57:  82.7,18.5,269.998
1.59:  82.7,18.5,269.998
1.6:  82.7,18.5,269.998
1.62:  82.7,18.5,269.998
1.64:  82.7,18.5,269.998
1.65:  82.7,18.5,269.998
1.67:  82.7,18.5,269.998
1.69:  82.7,18.5,269.998
1.7:  82.7,18.5,269.998
1.72:  82.7,18.5,269.998
1.74:  82.7,18.5,269.998
1.75:  82.7,18.5,269.998
1.77:  82.7,18.5,269.998
1.79:  82.7,18.5,269.998
1.8:  82.7,18.5,269.998
1.82:  82.7,18.5,269.998
1.84:  82.7,18.5,269.998
1.85:  82.7,18.5,269.998
1.87:  82.7,18.5,269.998
1.89:  82.7,18.5,269.998
1.9:  82.7,18.5,269.998
1.92:  82.7,18.5,269.998
1.94:  82.7,18.5,269.998
1.95:  82.7,18.5,269.998
1.97:  82.7,18.5,269.998
1.99:  82.7,18.5,269.998
2:  82.7,18.5,269.998
2.02:  82.7,18.5,269.998
2.04:  82.7,18.5,269.998
2.05:  82.7,18.5,269.998
2.07:  82.7,18.5,269.998
2.09:  82.7,18.5,269.998
2.1:  82.7,18.5,269.998
2.12:  82.7,18.5,269.998
2.14:  82.7,18.5,269.998
2.15:  82.7,18.5,269.998
2.17:  82.7,18.5,269.998
2.19:  82.7,18.5,269.998
2.2:  82.7,18.5,269.998
2.22:  82.7,18.5,269.998
2.24:  82.7,18.5,269.998
2.25:  82.7,18.5,269.998
2.27:  82.7,18.5,269.998
2.29:  82.7,18.5,269.998
2.3:  82.7,18.5,269.998
2.32:  82.7,18.5,269.998
2.34:  82.7,18.5,269.998
2.35:  82.7,18.5,269.998
2.37:  82.7,18.5,269.998
2.39:  82.7,18.5,269.998
2.4:  82.7,18.5,269.998
2.42:  82.7,18.5,269.998
2.44:  82.7,18.5,269.998
2.45:  82.7,18.5,269.998
2.47:  82.7,18.5,269.998
2.49:  82.7,18.5,269.998
2.5:  82.7,18.5,269.998
2.52:  82.7,18.5,269.998
2.54:  82.7,18.5,269.998
2.55:  82.7,18.5,269.998
2.57:  82.7,18.5,269.998
2.59:  82.7,18.5,269.998
2.6:  82.7,18.5,269.998
2.62:  82.7,18.5,269.998
2.64:  82.7,18.5,269.998
2.65:  82.7,18.5,269.998
2.67:  82.7,18.5,269.998
2.69:  82.7,18.5,269.998
2.7:  82.7,18.5,269.998
2.72:  82.7,18.5,269.998
2.74:  82.7,18.5,269.998
2.75:  82.7,18.5,269.998
2.77:  82.7,18.5,269.998
2.79:  82.7,18.5,269.998
2.8:  82.7,18.5,269.998
2.82:  82.7,18.5,269.998
2.84:  82.7,18.5,269.998
2.85:  82.7,18.5,269.998
2.87:  82.7,18.5,269.998
2.89:  82.7,18.5,269.998
2.9:  82.7,18.5,269.998
2.92:  82.7,18.5,269.998
2.94:  82.7,18.5,269.998
2.95:  82.7,18.5,269.998
2.97:  82.7,18.5,269.998
2.99:  82.7,18.5,269.998
3:  82.7,18.5,269.998
3.02:  82.7,18.5,269.998
3.04:  82.7,18.5,269.998
3.05:  82.7,18.5,269.998
3.07:  82.7,18.5,269.998
3.09:  82.7,18.5,269.998
3.1:  82.7,18.5,269.998
3.12:  82.7,18.5,269.998
3.14:  82.7,18.5,269.998
3.15:  82.7,18.5,269.998
3.17:  82.7,18.5,269.998
3.19:  82.7,18.5,269.998
3.2:  82.7,18.5,269.998
3.22:  82.7,18.5,269.998
3.24:  82.7,18.5,269.998
3.25:  82.7,18.5,269.998
3.27:  82.7,18.5,269.998
3.29:  82.7,18.5,269.998
3.3:  82.7,18.5,269.998
3.32:  82.7,18.5,269.998
3.34:  82.7,18.5,269.998
3.35:  82.7,18.5,269.998
3.37:  82.7,18.5,269.998
3.39:  82.7,18.5,269.998
3.4:  82.7,18.5,269.998
3.42:  82.7,18.5,269.998
3.44:  82.7,18.5,269.998
3.45:  82.7,18.5,269.998
3.47:  82.7,18.5,269.998
3.49:  82.7,18.5,269.998
3.5:  82.7,18.5,269.998
3.52:  82.7,18.5,269.998
3.54:  82.7,18.5,269.998
3.55:  82.7,18.5,269.998
3.57:  82.7,18.5,269.996
3.59:  82.7,18.5,269.996
3.6:  82.7,18.5,269.996
3.62:  82.7,18.5,269.996
3.64:  82.7,18.5,269.996
3.65:  82.7,18.5,269.996
3.67:  82.7,18.5,269.996
3.69:  82.7,18.5,269.996
3.7:  82.7,18.5,269.996
3.72:  82.7,18.5,269.996
3.74:  82.7,18.5,269.996
3.75:  82.7,18.5,269.996
3.77:  82.7,18.5,269.996
3.79:  82.7,18.5,269.996
3.8:  82.7,18.5,269.996
3.82:  82.7,18.5,269.996
3.84:  82.7,18.5,269.996
3.85:  82.7,18.5,269.996
3.87:  82.7,18.5,269.996
3.89:  82.7,18.5,269.996
3.9:  82.7,18.5,269.996
3.92:  82.7,18.5,269.996
3.94:  82.7,18.5,269.996
3.95:  82.7,18.5,269.996
3.97:  82.7,18.5,269.996
3.99:  82.7,18.5,269.996
4:  82.7,18.5,269.996
4.02:  82.7,18.5,269.996
4.04:  82.7,18.5,269.996
4.05:  82.7,18.5,269.996
4.07:  82.7,18.5,269.996
4.09:  82.7,18.5,269.996
4.1:  82.7,18.5,269.996
4.12:  82.7,18.5,269.996
4.14:  82.7,18.5,269.996
4.15:  82.7,18.5,269.996
4.17:  82.7,18.5,269.996
4.19:  82.7,18.5,269.996
4.2:  82.7,18.5,269.996
4.22:  82.7,18.5,269.996
4.24:  82.7,18.5,269.996
4.25:  82.7,18.5,269.996
4.27:  82.7,18.5,269.996
4.29:  82.7,18.5,269.996
4.3:  82.7,18.5,269.996
4.32:  82.7,18.5,269.996
4.34:  82.7,18.5,269.996
4.35:  82.7,18.5,269.996
4.37:  82.7,18.5,269.996
4.39:  82.7,18.5,269.996
4.4:  82.7,18.5,269.996
4.42:  82.7,18.5,269.996
4.44:  82.7,18.5,269.9941
4.45:  82.7,18.5,269.9941
4.47:  82.7,18.5,269.9941
4.49:  82.7,18.5,269.9941
4.5:  82.7,18.5,269.9921
4.52:  82.7,18.5,269.9921
4.54:  82.7,18.5,269.9921
4.55:  82.7,18.5,269.9921
4.57:  82.7,18.5,269.9921
4.59:  82.7,18.5,269.9921
4.6:  82.7,18.5,269.9921
4.62:  82.7,18.5,269.9921
4.64:  82.7,18.5,269.9921
4.65:  82.7,18.5,269.9921
4.67:  82.7,18.5,269.9921
4.69:  82.7,18.5,269.9921
4.7:  82.7,18.5,269.9921
4.72:  82.7,18.5,269.9921
4.74:  82.7,18.5,269.9921
4.75:  82.7,18.5,269.9921
4.77:  82.7,18.5,269.9921
4.79:  82.7,18.5,269.9921
4.8:  82.7,18.5,269.9921
4.82:  82.7,18.5,269.9921
4.84:  82.7,18.5,269.9921
4.85:  82.7,18.5,269.9921
4.87:  82.7,18.5,269.9921
4.89:  82.7,18.5,269.9921
4.9:  82.7,18.5,269.9921
4.92:  82.7,18.5,269.9921
4.94:  82.7,18.5,269.9921
4.95:  82.7,18.5,269.9921
4.97:  82.7,18.5,269.9921
4.99:  82.7,18.5,269.9921
5:  82.7,18.5,269.9921
5.02:  82.7,18.5,269.9921
5.04:  82.7,18.5,269.9921
5.05:  82.7,18.5,269.9921
5.07:  82.7,18.5,269.9921
5.09:  82.7,18.5,269.9921
5.1:  82.7,18.5,269.9921
5.12:  82.7,18.5,269.9921
5.14:  82.7,18.5,269.9921
5.15:  82.7,18.5,269.9921
5.17:  82.7,18.5,269.9921
5.19:  82.7,18.5,269.9921
5.2:  82.7,18.5,269.9921
5.22:  82.7,18.5,269.9921
5.24:  82.7,18.5,269.9921
5.25:  82.7,18.5,269.9921
5.27:  82.7,18.5,269.9921
5.29:  82.7,18.5,269.9921
5.3:  82.7,18.5,269.9901
5.32:  82.7,18.5,269.9901
5.34:  82.7,18.5,269.9901
5.35:  82.7,18.5,269.9901
5.37:  82.7,18.5,269.9901
5.39:  82.7,18.5,269.9901
5.4:  82.7,18.5,269.9901
5.42:  82.7,18.5,269.9901
5.44:  82.7,18.5,269.9901
5.45:  82.7,18.5,269.9901
5.47:  82.7,18.5,269.9901
5.49:  82.7,18.5,269.9881
5.5:  82.7,18.5,269.9881
5.52:  82.7,18.5,269.9881
5.54:  82.7,18.5,269.9881
5.55:  82.7,18.5,269.9881
5.57:  82.7,18.5,269.9881
5.59:  82.7,18.5,269.9861
5.6:  82.7,18.5,269.9861
5.62:  82.7,18.5,269.9861
5.64:  82.7,18.5,269.9861
5.65:  82.7,18.5,269.9861
5.67:  82.7,18.5,269.9861
5.69:  82.7,18.5,269.9861
5.7:  82.7,18.5,269.9861
5.72:  82.7,18.5,269.9861
5.74:  82.7,18.5,269.9861
5.75:  82.7,18.5,269.9861
5.77:  82.7,18.5,269.9861
5.79:  82.7,18.5,269.9842
5.8:  82.7,18.5,269.9842
5.82:  82.7,18.5,269.9842
5.84:  82.7,18.5,269.9842
5.85:  82.7,18.5,269.9842
5.87:  82.7,18.5,269.9842
5.89:  82.7,18.5,269.9842
5.9:  82.7,18.5,269.9842
5.92:  82.7,18.5,269.9842
5.94:  82.7,18.5,269.9842
5.95:  82.7,18.5,269.9842
5.97:  82.7,18.5,269.9842
5.99:  82.7,18.5,269.9842
6:  82.7,18.5,269.9842
6.02:  82.7,18.5,269.9842
6.04:  82.7,18.5,269.9842
6.05:  82.7,18.5,269.9842
6.07:  82.7,18.5,269.9842
6.09:  82.7,18.5,269.9842
6.1:  82.7,18.5,269.9842
6.12:  82.7,18.5,269.9842
6.14:  82.7,18.5,269.9842
6.15:  82.7,18.5,269.9842
6.17:  82.7,18.5,269.9842
6.19:  82.7,18.5,269.9842
6.2:  82.7,18.5,269.9842
6.22:  82.7,18.5,269.9842
6.24:  82.7,18.5,269.9842
6.25:  82.7,18.5,269.9842
6.27:  82.7,18.5,269.9842
6.29:  82.7,18.5,269.9842
6.3:  82.7,18.5,269.9842
6.32:  82.7,18.5,269.9842
6.34:  82.7,18.5,269.9842
6.35:  82.7,18.5,269.9842
6.37:  82.7,18.5,269.9842
6.39:  82.7,18.5,269.9842
6.4:  82.7,18.5,269.9842
6.42:  82.7,18.5,269.9842
6.44:  82.7,18.5,269.9842
6.45:  82.7,18.5,269.9842
6.47:  82.7,18.5,269.9842
6.49:  82.7,18.5,269.9842
6.5:  82.7,18.5,269.9842
6.52:  82.7,18.5,269.9842
6.54:  82.7,18.5,269.9842
6.55:  82.7,18.5,269.9842
6.57:  82.7,18.5,269.9842
6.59:  82.7,18.5,269.9842
6.6:  82.7,18.5,269.9842
6.62:  82.7,18.5,269.9842
6.64:  82.7,18.5,269.9842
6.65:  82.7,18.5,269.9842
6.67:  82.7,18.5,269.9842
6.69:  82.7,18.5,269.9842
6.7:  82.7,18.5,269.9842
6.72:  82.7,18.5,269.9842
6.74:  82.7,18.5,269.9842
6.75:  82.7,18.5,269.9842
6.77:  82.7,18.5,269.9842
6.79:  82.7,18.5,269.9842
6.8:  82.7,18.5,269.9842
6.82:  82.7,18.5,269.9842
6.84:  82.7,18.5,269.9842
6.85:  82.7,18.5,269.9822
6.87:  82.7,18.5,269.9822
6.89:  82.7,18.5,269.9822
6.9:  82.7,18.5,269.9822
6.92:  82.7,18.5,269.9822
6.94:  82.7,18.5,269.9822
6.95:  82.7,18.5,269.9822
6.97:  82.7,18.5,269.9822
6.99:  82.7,18.5,269.9802
7:  82.7,18.5,269.9802
7.02:  82.7,18.5,269.9802
7.04:  82.7,18.5,269.9802
7.05:  82.7,18.5,269.9802
7.07:  82.7,18.5,269.9802
7.09:  82.7,18.5,269.9802
7.1:  82.7,18.5,269.9802
7.12:  82.7,18.5,269.9802
7.14:  82.7,18.5,269.9802
7.15:  82.7,18.5,269.9802
7.17:  82.7,18.5,269.9802
7.19:  82.7,18.5,269.9802
7.2:  82.7,18.5,269.9802
7.22:  82.7,18.5,269.9802
7.24:  82.7,18.5,269.9802
7.25:  82.7,18.5,269.9802
7.27:  82.7,18.5,269.9802
7.29:  82.7,18.5,269.9802
7.3:  82.7,18.5,269.9802
7.32:  82.7,18.5,269.9802
7.34:  82.7,18.5,269.9802
7.35:  82.7,18.5,269.9802
7.37:  82.7,18.5,269.9802
7.39:  82.7,18.5,269.9802
7.4:  82.7,18.5,269.9802
7.42:  82.7,18.5,269.9802
7.44:  82.7,18.5,269.9802
7.45:  82.7,18.5,269.9802
7.47:  82.7,18.5,269.9719
7.49:  82.7,18.5,269.9572
7.5:  82.7,18.5,269.9426
7.52:  82.7,18.5,269.9216
7.54:  82.7,18.5,269.9006
7.55:  82.7,18.5,269.8796
7.57:  82.7,18.5,269.8586
7.59:  82.7,18.5,269.8439
7.6:  82.7,18.5,269.8293
7.62:  82.7,18.5,269.8083
7.64:  82.7,18.5,269.7936
7.65:  82.7,18.5,269.7853
7.67:  82.7,18.5,269.777
7.69:  82.7,18.5,269.7687
7.7:  82.7,18.5,269.7667
7.72:  82.7,18.5,269.7647
7.74:  82.7,18.5,269.7627
7.75:  82.7,18.5,269.7544
7.77:  82.7,18.5,269.7461
7.79:  82.7,18.5,269.7378
7.8:  82.7,18.5,269.7358
7.82:  82.7,18.5,269.7338
7.84:  82.7,18.5,269.7255
7.85:  82.7,18.5,269.7235
7.87:  82.7,18.5,269.7215
7.89:  82.7,18.5,269.7195
7.9:  82.7,18.5,269.7175
7.92:  82.7,18.5,269.7092
7.94:  82.7,18.5,269.6882
7.95:  82.7,18.5,269.6609
7.97:  82.7,18.5,269.6019
7.99:  82.7,18.5,269.5238
8:  82.7,18.5,269.3254
8.02:  82.7,18.5,269.0128
8.04:  82.7,18.5,268.5989
8.05:  82.7,18.5,268.0582
8.07:  82.7,18.5,267.4098
8.09:  82.7,18.5,266.6599
8.1:  82.7,18.5,265.872
8.12:  82.7,18.5,265.0841
8.14:  82.7,18.5,264.2963
8.15:  82.7,18.5,263.5084
8.17:  82.7,18.5,262.7205
8.19:  82.7,18.5,261.9326
8.2:  82.7,18.5,261.1448
8.22:  82.7,18.5,260.3569
8.24:  82.7,18.5,259.569
8.25:  82.7,18.5,258.7811
8.27:  82.7,18.5,257.9932
8.29:  82.7,18.5,257.2054
8.3:  82.7,18.5,256.4175
8.32:  82.7,18.5,255.6296
8.34:  82.7,18.5,254.8417
8.35:  82.7,18.5,254.0538
8.37:  82.7,18.5,253.266
8.39:  82.7,18.5,252.4781
8.4:  82.7,18.5,251.6902
8.42:  82.7,18.5,250.9023
8.44:  82.7,18.5,250.1145
8.45:  82.7,18.5,249.3266
8.47:  82.7,18.5,248.5387
8.49:  82.7,18.5,247.7508
8.5:  82.7,18.5,246.963
8.52:  82.7,18.5,246.175
8.54:  82.7,18.5,245.3872
8.55:  82.7,18.5,244.5993
8.57:  82.7,18.5,243.8114
8.59:  82.7,18.5,243.0235
8.6:  82.7,18.5,242.2357
8.62:  82.7,18.5,241.4478
8.64:  82.7,18.5,240.6599
8.65:  82.7,18.5,239.872
8.67:  82.7,18.5,239.0842
8.69:  82.7,18.5,238.2963
8.7:  82.7,18.5,237.5084
8.72:  82.7,18.5,236.7205
8.74:  82.7,18.5,235.9326
8.75:  82.7,18.5,235.1447
8.77:  82.7,18.5,234.3569
8.79:  82.7,18.5,233.569
8.8:  82.7,18.5,232.7811
8.82:  82.7,18.5,231.9932
8.84:  82.7,18.5,231.2054
8.85:  82.7,18.5,230.4175
8.87:  82.7,18.5,229.6296
8.89:  82.7,18.5,228.8417
8.9:  82.7,18.5,228.0538
8.92:  82.7,18.5,227.266
8.94:  82.7,18.5,226.4781
8.95:  82.7,18.5,225.6902
8.97:  82.7,18.5,224.9023
8.99:  82.7,18.5,224.1145
9:  82.7,18.5,223.3266
9.02:  82.7,18.5,222.5387
9.04:  82.7,18.5,221.7508
9.05:  82.7,18.5,220.963
9.07:  82.7,18.5,220.1751
9.09:  82.7,18.5,219.3872
9.1:  82.7,18.5,218.5993
9.12:  82.7,18.5,217.8114
9.14:  82.7,18.5,217.0236
9.15:  82.7,18.5,216.2357
9.17:  82.7,18.5,215.4478
9.19:  82.7,18.5,214.6599
9.2:  82.7,18.5,213.872
9.22:  82.7,18.5,213.0842
9.24:  82.7,18.5,212.2963
9.25:  82.7,18.5,211.5084
9.27:  82.7,18.5,210.7205
9.29:  82.7,18.5,209.9326
9.3:  82.7,18.5,209.1448
9.32:  82.7,18.5,208.3569
9.34:  82.7,18.5,207.569
9.35:  82.7,18.5,206.7811
9.37:  82.69463,18.48898,205.9933
9.39:  82.66344,18.42273,205.2054
9.4:  82.64555,18.19205,204.4175
9.42:  82.64079,17.94348,203.6296
9.44:  82.6361,17.68503,202.8418
9.45:  82.61215,17.43937,202.0539
9.47:  82.56768,17.19153,201.266
9.49:  82.5032,16.94885,200.4781
9.5:  82.42852,16.71118,199.6902
9.52:  82.35325,16.47645,198.9023
9.54:  82.27899,16.23344,198.1145
9.55:  82.20924,15.99338,197.3266
9.57:  82.14296,15.75301,196.5387
9.59:  82.07794,15.50391,195.7508
9.6:  82.01944,15.26643,194.963
9.62:  81.96334,15.02444,194.1751
9.64:  81.91004,14.77926,193.3872
9.65:  81.86042,14.53482,192.5993
9.67:  81.81409,14.28939,191.8114
9.69:  81.77106,14.04278,191.0236
9.7:  81.72898,13.79596,190.2357
9.72:  81.68829,13.55138,189.4478
9.74:  81.65038,13.30248,188.6599
9.75:  81.61643,13.05722,187.8784
9.77:  81.58533,12.80738,187.0968
9.79:  81.55823,12.56246,186.3153
9.8:  81.53368,12.30967,185.5464
9.82:  81.51276,12.05969,184.7839
9.84:  81.49525,11.81197,184.0404
9.85:  81.48074,11.5615,183.3159
9.87:  81.46931,11.31196,182.6231
9.89:  81.4605,11.06048,182.0063
9.9:  81.45397,10.81153,181.5037
9.92:  81.44913,10.55579,181.0834
9.94:  81.44599,10.31221,180.7392
9.95:  81.4437,10.05408,180.509
9.97:  81.44217,9.811194,180.3613
9.99:  81.44085,9.561299,180.3022
10:  81.43946,9.310351,180.3169
10.02:  81.43777,9.061494,180.3886
10.04:  81.43568,8.811533,180.4793
10.05:  81.4331,8.562932,180.5954
10.07:  81.42995,8.312181,180.7178
10.09:  81.42628,8.06315,180.8465
10.1:  81.42197,7.811585,180.9816
10.12:  81.41711,7.562222,181.1167
10.14:  81.41164,7.312405,181.2517
10.15:  81.4056,7.062599,181.3868
10.17:  81.39907,6.812748,181.4965
10.19:  81.39224,6.56332,181.5682
10.2:  81.38497,6.305278,181.6146
10.22:  81.37793,6.059694,181.6419
10.24:  81.37077,5.812212,181.6566
10.25:  81.36357,5.56434,181.6649
10.27:  81.35623,5.313228,181.6732
10.29:  81.34899,5.065266,181.6732
10.3:  81.34164,4.813635,181.6732
10.32:  81.33431,4.562842,181.6732
10.34:  81.32708,4.313873,181.6649
10.35:  81.31986,4.064306,181.6566
10.37:  81.31266,3.814101,181.6482
10.39:  81.30551,3.564358,181.6399
10.4:  81.29838,3.314028,181.6316
10.42:  81.29128,3.064446,181.6296
10.44:  81.28422,2.814909,181.6213
10.45:  81.27715,2.565149,181.6213
10.47:  81.27007,2.314898,181.6213
10.49:  81.26297,2.064296,181.6213
10.5:  81.25587,1.813274,181.6213
10.52:  81.24885,1.565293,181.6213
10.54:  81.24176,1.315244,181.6233
10.55:  81.23465,1.064731,181.6253
10.57:  81.22757,0.815551,181.6272
10.59:  81.22045,0.5651372,181.6292
10.6:  81.2133,0.3141374,181.6312
10.62:  81.2062,0.065135,181.6332
10.64:  81.19906,-0.1850846,181.6352
10.65:  81.19192,-0.4350356,181.6371
10.67:  81.18464,-0.6893406,181.6391
10.69:  81.1776,-0.9347135,181.6411
10.7:  81.17044,-1.183591,181.6494
10.72:  81.16328,-1.431283,181.6577
10.74:  81.15592,-1.683151,181.6724
10.75:  81.14854,-1.933496,181.6871
10.77:  81.14114,-2.183503,181.6954
10.79:  81.13369,-2.433367,181.71
10.8:  81.12618,-2.683567,181.7184
10.82:  81.11862,-2.933472,181.733
10.84:  81.11102,-3.183272,181.7413
10.85:  81.10336,-3.433217,181.756
10.87:  81.09566,-3.682425,181.7706
10.89:  81.08784,-3.93326,181.7853
10.9:  81.07999,-4.183696,181.7936
10.92:  81.07218,-4.432216,181.8019
10.94:  81.06425,-4.682214,181.8166
10.95:  81.05628,-4.931318,181.8313
10.97:  81.04824,-5.181759,181.8396
10.99:  81.04013,-5.432422,181.8542
11:  81.03194,-5.684193,181.8625
11.02:  81.02385,-5.931788,181.8709
11.04:  81.01562,-6.181838,181.8855
11.05:  81.00739,-6.430599,181.8938
11.07:  80.99906,-6.681634,181.9021
11.09:  80.9907,-6.931414,181.9168
11.1:  80.98232,-7.180913,181.9251
11.12:  80.97392,-7.430251,181.9271
11.14:  80.96546,-7.680557,181.9354
11.15:  80.95673,-7.938905,181.9374
11.17:  80.94859,-8.179372,181.9394
11.19:  80.94007,-8.430766,181.9394
11.2:  80.93172,-8.677529,181.9394
11.22:  80.92318,-8.92968,181.9394
11.24:  80.91449,-9.186151,181.9394
11.25:  80.90608,-9.434424,181.9394
11.27:  80.89751,-9.687457,181.9394
11.29:  80.88927,-9.931109,181.9394
11.3:  80.88083,-10.18028,181.9394
11.32:  80.87243,-10.42835,181.9394
11.34:  80.86394,-10.67901,181.9394
11.35:  80.85519,-10.93753,181.9394
11.37:  80.84698,-11.1797,181.9394
11.39:  80.83853,-11.42935,181.9394
11.4:  80.83011,-11.67818,181.9394
11.42:  80.82163,-11.92842,181.9394
11.44:  80.81319,-12.17786,181.9394
11.45:  80.80473,-12.42742,181.9394
11.47:  80.79625,-12.67803,181.9394
11.49:  80.78777,-12.92857,181.9394
11.5:  80.77931,-13.17837,181.9394
11.52:  80.77089,-13.42691,181.9394
11.54:  80.76242,-13.67712,181.9394
11.55:  80.75391,-13.92831,181.9394
11.57:  80.74548,-14.1774,181.9394
11.59:  80.73701,-14.42748,181.9394
11.6:  80.72855,-14.67732,181.9394
11.62:  80.72012,-14.92612,181.9394
11.64:  80.71166,-15.17615,181.9394
11.65:  80.70317,-15.4269,181.9394
11.67:  80.69453,-15.68192,181.9394
11.69:  80.68604,-15.93263,181.9394
11.7:  80.67774,-16.17789,181.9394
11.72:  80.66933,-16.42637,181.9394
11.74:  80.66087,-16.67597,181.9394
11.75:  80.65241,-16.92579,181.9394
11.77:  80.64394,-17.17607,181.9394
11.79:  80.63551,-17.42522,181.9394
11.8:  80.627,-17.67638,181.9394
11.82:  80.61859,-17.92467,181.9394
11.84:  80.6101,-18.17544,181.9394
11.85:  80.60167,-18.42455,181.9374
11.87:  80.59321,-18.67479,181.9374
11.89:  80.58478,-18.92425,181.9354
11.9:  80.57645,-19.17102,181.9334
11.92:  80.56791,-19.4243,181.9315
11.94:  80.55948,-19.6744,181.9295
11.95:  80.55112,-19.92289,181.9275
11.97:  80.54269,-20.17418,181.9192
11.99:  80.53433,-20.42404,181.9172
12:  80.52592,-20.6756,181.9152
12.02:  80.51767,-20.92354,181.9069
12.04:  80.50939,-21.17307,181.8986
12.05:  80.50111,-21.423,181.8986
12.07:  80.49285,-21.67216,181.8986
12.09:  80.48454,-21.92294,181.8986
12.1:  80.47626,-22.1724,181.8986
12.12:  80.46798,-22.4225,181.8986
12.14:  80.45968,-22.67276,181.8986
12.15:  80.45146,-22.92064,181.8986
12.17:  80.44285,-23.18056,181.8986
12.19:  80.43481,-23.42292,181.8986
12.2:  80.42644,-23.67565,181.8986
12.22:  80.41826,-23.92246,181.8986
12.24:  80.41006,-24.1698,181.8986
12.25:  80.4017,-24.42206,181.8986
12.27:  80.39342,-24.67187,181.8986
12.29:  80.38515,-24.92133,181.8986
12.3:  80.37684,-25.17182,181.8986
12.32:  80.36867,-25.41835,181.8986
12.34:  80.36033,-25.67013,181.8966
12.35:  80.35216,-25.91715,181.8946
12.37:  80.34379,-26.17027,181.8946
12.39:  80.33548,-26.4216,181.8927
12.4:  80.32725,-26.67116,181.8907
12.42:  80.31889,-26.92453,181.8887
12.44:  80.31065,-27.17461,181.8867
12.45:  80.30253,-27.42122,181.8867
12.47:  80.29434,-27.66987,181.8847
12.49:  80.2861,-27.92046,181.8847
12.5:  80.27788,-28.17149,181.8764
12.52:  80.26978,-28.41889,181.8744
12.54:  80.2616,-28.66919,181.8725
12.55:  80.25345,-28.91856,181.8705
12.57:  80.24529,-29.16884,181.8685
12.59:  80.23714,-29.41903,181.8665
12.6:  80.22906,-29.66711,181.8645
12.62:  80.22086,-29.91912,181.8625
12.64:  80.21278,-30.16802,181.8606
12.65:  80.20468,-30.41757,181.8586
12.67:  80.19637,-30.67373,181.8586
12.69:  80.1882,-30.9256,181.8566
12.7:  80.18027,-31.17057,181.8546
12.72:  80.17226,-31.41775,181.8546
12.74:  80.1642,-31.66714,181.8526
12.75:  80.1562,-31.91475,181.8507
12.77:  80.14811,-32.16512,181.8507
12.79:  80.13999,-32.41753,181.8423
12.8:  80.132,-32.66616,181.8404
12.82:  80.12397,-32.91644,181.8384
12.84:  80.11596,-33.16622,181.8364
12.85:  80.10796,-33.41692,181.8281
12.87:  80.10004,-33.66626,181.8198
12.89:  80.09209,-33.91676,181.8178
12.9:  80.08412,-34.16813,181.8158
12.92:  80.07626,-34.41699,181.8075
12.94:  80.06841,-34.66615,181.8055
12.95:  80.06055,-34.91644,181.7972
12.97:  80.05278,-35.1655,181.7889
12.99:  80.04499,-35.41612,181.7805
13:  80.03734,-35.66236,181.7786
13.02:  80.02953,-35.91507,181.7702
13.04:  80.02184,-36.16505,181.7619
13.05:  80.01418,-36.41514,181.7536
13.07:  80.00658,-36.66477,181.7453
13.09:  79.99903,-36.9128,181.7433
13.1:  79.99133,-37.16592,181.7413
13.12:  79.98383,-37.41398,181.733
13.14:  79.97625,-37.66481,181.731
13.15:  79.96851,-37.9214,181.729
13.17:  79.96104,-38.16882,181.7271
13.19:  79.95366,-38.41483,181.7188
13.2:  79.94617,-38.6656,181.7104
13.22:  79.93873,-38.91509,181.7085
13.24:  79.93135,-39.16383,181.7001
13.25:  79.92402,-39.41092,181.6982
13.27:  79.91651,-39.66448,181.6962
13.29:  79.90913,-39.91489,181.6879
13.3:  79.90158,-40.17261,181.6795
13.32:  79.89449,-40.41454,181.6776
13.34:  79.88718,-40.66471,181.6756
13.35:  79.87988,-40.91512,181.6673
13.37:  79.87267,-41.16327,181.6653
13.39:  79.86543,-41.41365,181.657
13.4:  79.85822,-41.66405,181.6486
13.42:  79.8509,-41.91964,181.6403
13.44:  79.84396,-42.16235,181.6383
13.45:  79.8365,-42.42434,181.63
13.47:  79.82974,-42.66312,181.6217
13.49:  79.82269,-42.91249,181.6197
13.5:  79.81573,-43.15977,181.6114
13.52:  79.80867,-43.41221,181.6031
13.54:  79.8017,-43.66256,181.5948
13.55:  79.79474,-43.91306,181.5928
13.57:  79.78784,-44.16219,181.5845
13.59:  79.78104,-44.40944,181.5761
13.6:  79.77419,-44.65997,181.5678
13.62:  79.76734,-44.91144,181.5595
13.64:  79.76057,-45.16161,181.5512
13.65:  79.75378,-45.41231,181.5492
13.67:  79.7469,-45.66801,181.5409
13.69:  79.74038,-45.91188,181.5326
13.7:  79.7337,-46.16187,181.5306
13.72:  79.72713,-46.40826,181.5286
13.74:  79.72041,-46.66111,181.5203
13.75:  79.71381,-46.91141,181.512
13.77:  79.70724,-47.1606,181.51
13.79:  79.70065,-47.41071,181.508
13.8:  79.69404,-47.66237,181.506
13.82:  79.68751,-47.91119,181.5041
13.84:  79.68099,-48.16067,181.4957
13.85:  79.67423,-48.41969,181.4938
13.87:  79.66797,-48.66047,181.4918
13.89:  79.66147,-48.91014,181.4898
13.9:  79.65498,-49.16027,181.4878
13.92:  79.6485,-49.41001,181.4858
13.94:  79.642,-49.66053,181.4858
13.95:  79.63554,-49.9094,181.4858
13.97:  79.62907,-50.15919,181.4858
13.99:  79.62257,-50.40932,181.4858
14:  79.61606,-50.66055,181.4858
14.02:  79.60959,-50.91031,181.4839
14.04:  79.60315,-51.15939,181.4819
14.05:  79.59666,-51.41022,181.4819
14.07:  79.59023,-51.65886,181.4819
14.09:  79.58373,-51.91001,181.4819
14.1:  79.57725,-52.16052,181.4819
14.12:  79.57084,-52.4086,181.4799
14.14:  79.56438,-52.65903,181.4779
14.15:  79.55794,-52.90915,181.4759
14.17:  79.5515,-53.15892,181.4759
14.19:  79.54513,-53.40625,181.4759
14.2:  79.53863,-53.65855,181.4759
14.22:  79.53217,-53.90923,181.4759
14.24:  79.52577,-54.15751,181.4759
14.25:  79.51927,-54.40959,181.4759
14.27:  79.51285,-54.65896,181.4759
14.29:  79.50642,-54.90877,181.4759
14.3:  79.49995,-55.15951,181.4759
14.32:  79.49355,-55.40794,181.4759
14.34:  79.48711,-55.65808,181.4759
14.35:  79.48066,-55.90828,181.4759
14.37:  79.47423,-56.15782,181.4759
14.4:  79.46778,-56.40816,181.4759
14.42:  79.46136,-56.65758,181.4759
14.44:  79.45477,-56.91343,181.4759
14.45:  79.44842,-57.15959,181.4759
14.47:  79.44201,-57.40826,181.4759
14.49:  79.44048,-57.65735,181.4759
14.5:  79.44623,-57.90479,181.4759
14.52:  79.46715,-58.16042,181.4759
14.54:  79.49967,-58.40949,181.4759
14.55:  79.5422,-58.66047,181.4759
14.57:  79.59202,-58.91137,181.4759
14.59:  79.64932,-59.16035,181.4759
14.6:  79.71176,-59.41045,181.4759
14.62:  79.77684,-59.65586,181.4759
14.64:  79.85361,-59.89438,181.4759
14.65:  79.93578,-60.12933,181.4759
14.67:  80.01952,-60.36189,181.4759
14.69:  80.10803,-60.60083,181.4759
14.7:  80.19474,-60.83491,181.4759
14.72:  80.28071,-61.067,181.4759
14.74:  80.36887,-61.305,181.4759
14.75:  80.45593,-61.54004,181.4759
14.77:  80.54359,-61.77669,181.4759
14.79:  80.63017,-62.01041,181.4759
14.8:  80.7162,-62.24268,181.4759
14.82:  80.80474,-62.4817,181.4759
14.84:  80.89146,-62.71583,181.4759
14.85:  80.9789,-62.95189,181.4779
14.87:  81.0659,-63.18688,181.4862
14.89:  81.15284,-63.42183,181.4946
14.9:  81.23971,-63.65693,181.5219
14.92:  81.3261,-63.8919,181.6126
14.94:  81.40872,-64.12759,181.7603
14.95:  81.48473,-64.36792,181.9525
14.97:  81.55406,-64.60892,182.208
14.99:  81.62176,-64.84947,182.5395
15:  81.68022,-65.1025,182.9344
15.02:  81.73293,-65.34245,183.4054
15.04:  81.78418,-65.58978,183.9334
15.05:  81.83056,-65.84129,184.5185
15.07:  81.87382,-66.09119,185.1479
15.09:  81.91476,-66.34554,185.8217
15.1:  81.95253,-66.60051,186.5399
15.12:  81.98652,-66.85674,187.2707
15.14:  82.01463,-67.11279,188.0333
15.15:  82.03724,-67.36695,188.8211
15.17:  82.05571,-67.62079,189.609
15.19:  82.07142,-67.87721,190.3969
15.2:  82.08067,-68.12009,191.1848
15.22:  82.0864,-68.12009,191.9727
15.24:  82.08853,-68.12009,192.7605
15.25:  82.08475,-68.12009,193.5484
15.27:  82.07748,-68.12009,194.3363
15.29:  82.06668,-68.12009,195.1242
15.3:  82.05234,-68.12015,195.912
15.32:  82.03214,-68.12027,196.6999
15.34:  82.00851,-68.12037,197.4878
15.35:  81.97799,-68.12056,198.2757
15.37:  81.94592,-68.1207,199.0636
15.39:  81.90766,-68.12096,199.8514
15.4:  81.86248,-68.12126,200.6393
15.42:  81.81297,-68.12161,201.4272
15.44:  81.76087,-68.12167,202.2151
15.45:  81.70393,-68.12208,203.003
15.47:  81.64317,-68.12233,203.7908
15.49:  81.58171,-68.12241,204.5787
15.5:  81.51533,-68.12288,205.3666
15.52:  81.44346,-68.12318,206.1545
15.54:  81.37004,-68.1235,206.9424
15.55:  81.2879,-68.12405,207.7302
15.57:  81.20663,-68.12441,208.5181
15.59:  81.12108,-68.12478,209.306
15.6:  81.03238,-68.12516,210.0939
15.62:  80.94021,-68.12556,210.8818
15.64:  80.84227,-68.12625,211.6696
15.65:  80.73885,-68.127,212.4575
15.67:  80.63231,-68.12778,213.2454
15.69:  80.51699,-68.1286,214.0333
15.7:  80.39833,-68.12946,214.8212
15.72:  80.27226,-68.13075,215.609
15.74:  80.13786,-68.13253,216.3969
15.75:  79.99674,-68.134,217.1848
15.77:  79.85027,-68.13509,217.9727
15.79:  79.70189,-68.1362,218.7606
15.8:  79.54479,-68.13735,219.5484
15.82:  79.38442,-68.13854,220.3363
15.84:  79.22068,-68.13976,221.1242
15.85:  79.05348,-68.1405,221.9121
15.87:  78.88463,-68.14124,222.7
15.89:  78.71136,-68.14198,223.4878
15.9:  78.5369,-68.14275,224.2757
15.92:  78.36321,-68.14352,225.0636
15.94:  78.181,-68.1443,225.8515
15.95:  77.99913,-68.1451,226.6394
15.97:  77.8092,-68.1459,227.4272
15.99:  77.62827,-68.14672,228.2151
16:  77.43951,-68.14755,229.003
16.02:  77.24821,-68.14838,229.7909
16.04:  77.05562,-68.14923,230.5788
16.05:  76.86081,-68.15008,231.3666
16.07:  76.66215,-68.15094,232.1545
16.09:  76.46401,-68.15182,232.9424
16.1:  76.2621,-68.15269,233.7303
16.12:  76.05238,-68.15359,234.5181
16.14:  75.85263,-68.15449,235.306
16.15:  75.64442,-68.1554,236.0939
16.17:  75.43805,-68.15632,236.8818
16.19:  75.22423,-68.15724,237.6696
16.2:  75.01141,-68.15817,238.4575
16.22:  74.79595,-68.15912,239.2454
16.24:  74.57986,-68.16006,240.0333
16.25:  74.36172,-68.16103,240.8212
16.27:  74.14157,-68.16199,241.6091
16.29:  73.92094,-68.16296,242.3969
16.3:  73.69775,-68.16394,243.1848
16.32:  73.47321,-68.16492,243.9727
16.34:  73.24651,-68.16592,244.7606
16.35:  73.01903,-68.16692,245.5485
16.37:  72.7913,-68.16792,246.3363
16.39:  72.55957,-68.16893,247.1242
16.4:  72.3286,-68.16994,247.9121
16.42:  72.09692,-68.17097,248.7
16.44:  71.85305,-68.172,249.4879
16.45:  71.62533,-68.17303,250.2757
16.47:  71.38984,-68.17406,251.0636
16.49:  71.15182,-68.1751,251.8515
16.5:  70.91311,-68.17616,252.6394
16.52:  70.67379,-68.17721,253.4272
16.54:  70.43217,-68.17827,254.2151
16.55:  70.19116,-68.17932,255.003
16.57:  69.94915,-68.18039,255.7909
16.59:  69.70624,-68.18147,256.5788
16.6:  69.4621,-68.18253,257.3666
16.62:  69.21724,-68.18361,258.1545
16.64:  68.97404,-68.18468,258.9424
16.65:  68.72861,-68.18577,259.7303
16.67:  68.48228,-68.18685,260.5182
16.69:  68.23184,-68.18793,261.306
16.7:  67.9844,-68.18902,262.0939
16.72:  67.73534,-68.19012,262.8818
16.74:  67.48667,-68.19121,263.6697
16.75:  67.23975,-68.1923,264.4576
16.77:  66.98933,-68.1934,265.2454
16.79:  66.74078,-68.1945,266.0333
16.8:  66.49059,-68.19559,266.8212
16.82:  66.23983,-68.19669,267.6091
16.84:  65.99061,-68.19778,268.3969
16.85:  65.74433,-68.19888,269.1848
16.87:  65.49135,-68.19901,269.9727
16.89:  65.241,-68.19569,270.7606
16.9:  64.9912,-68.18893,271.5485
16.92:  64.74131,-68.17873,272.3363
16.94:  64.4851,-68.16475,273.1242
16.95:  64.24221,-68.14814,273.9121
16.97:  63.99205,-68.12757,274.7
16.99:  63.7444,-68.10378,275.4879
17:  63.49605,-68.07647,276.2757
17.02:  63.24597,-68.04548,277.0636
17.04:  62.9994,-68.01148,277.8515
17.05:  62.754,-67.9742,278.6394
17.07:  62.50622,-67.93305,279.4272
17.09:  62.26057,-67.88879,280.2151
17.1:  62.01412,-67.84337,281.003
17.12:  61.76774,-67.79696,281.7909
17.14:  61.52326,-67.74492,282.5788
17.15:  61.27901,-67.69442,283.3666
17.17:  61.03773,-67.64106,284.1545
17.19:  60.79165,-67.58308,284.9424
17.2:  60.54871,-67.52483,285.7303
17.22:  60.3063,-67.46316,286.5182
17.24:  60.0629,-67.39767,287.306
17.25:  59.82347,-67.3297,288.0939
17.27:  59.58449,-67.25829,288.8818
17.29:  59.34493,-67.18311,289.6697
17.3:  59.10782,-67.10509,290.4576
17.32:  58.87038,-67.02334,291.2454
17.34:  58.63649,-66.93919,292.0333
17.35:  58.40126,-66.85089,292.8212
17.37:  58.16788,-66.75961,293.6091
17.39:  57.93694,-66.66559,294.3969
17.4:  57.70605,-66.56787,295.1848
17.42:  57.47833,-66.46778,295.9727
17.44:  57.24924,-66.3633,296.7606
17.45:  57.02386,-66.25675,297.5484
17.47:  56.79867,-66.14648,298.3363
17.49:  56.57541,-66.03342,299.1052
17.5:  56.35284,-65.91711,299.836
17.52:  56.1318,-65.7983,300.5035
17.54:  55.91402,-65.67839,301.0822
17.55:  55.69559,-65.55572,301.5659
17.57:  55.47834,-65.43185,301.9354
17.59:  55.26123,-65.30694,302.1592
17.6:  55.04489,-65.18211,302.231
17.62:  54.82799,-65.05695,302.231
17.64:  54.6109,-64.93174,302.2226
17.65:  54.39529,-64.80751,302.1953
17.67:  54.17796,-64.68259,302.1363
17.69:  53.95564,-64.55519,302.0582
17.7:  53.7388,-64.43159,301.9295
17.72:  53.52418,-64.31024,301.731
17.74:  53.30772,-64.18899,301.5009
17.75:  53.0874,-64.06989,301.201
17.77:  52.86731,-63.94977,300.8695
17.79:  52.64763,-63.83444,300.5063
17.8:  52.42567,-63.71706,300.1176
17.82:  52.20251,-63.60107,299.7101
17.84:  51.98018,-63.4875,299.3024
17.85:  51.75692,-63.3755,298.8885
17.87:  51.53441,-63.26587,298.4745
17.89:  51.30719,-63.15596,298.0606
17.9:  51.08061,-63.04836,297.6467
17.92:  50.85283,-62.94221,297.2327
17.94:  50.62079,-62.83611,296.8188
17.95:  50.39698,-62.73571,296.4048
17.97:  50.1688,-62.63533,295.9909
17.99:  49.93935,-62.53637,295.5769
18:  49.70832,-62.4387,295.163
18.02:  49.47916,-62.34376,294.7491
18.04:  49.24562,-62.24901,294.3288
18.05:  49.01404,-62.157,293.9148
18.07:  48.78308,-62.06719,293.4946
18.09:  48.54699,-61.97734,293.0806
18.1:  48.31144,-61.88961,292.673
18.12:  48.07539,-61.80363,292.2591
18.14:  47.84035,-61.71995,291.8451
18.15:  47.60654,-61.63859,291.4312
18.17:  47.36659,-61.55704,291.0172
18.19:  47.13197,-61.47913,290.616
18.2:  46.8913,-61.4011,290.2084
18.22:  46.65353,-61.32577,289.8261
18.24:  46.41346,-61.254,289.4502
18.25:  46.17447,-61.18169,289.0806
18.27:  45.93536,-61.11095,288.7237
18.29:  45.69477,-61.04142,288.3668
18.3:  45.44593,-60.97114,288.0162
18.32:  45.21173,-60.90657,287.6594
18.34:  44.97032,-60.8416,287.3088
18.35:  44.73121,-60.77887,286.9456
18.37:  44.48663,-60.71634,286.5886
18.39:  44.24334,-60.65574,286.2318
18.4:  43.99973,-60.59659,285.8939
18.42:  43.75571,-60.53874,285.5813
18.44:  43.51311,-60.48255,285.2878
18.45:  43.26868,-60.42958,285.0323
18.47:  43.02199,-60.38218,284.8022
18.49:  42.77452,-60.34311,284.572
18.5:  42.52791,-60.31243,284.3545
18.52:  42.27262,-60.29153,284.1434
18.54:  42.01971,-60.27896,283.9386
18.55:  41.76209,-60.26951,283.7338
18.57:  41.50581,-60.26584,283.529
18.59:  41.25165,-60.2684,283.3242
18.6:  40.99221,-60.27613,283.1194
18.62:  40.7394,-60.28885,282.9146
18.64:  40.49195,-60.31055,282.7098
18.65:  40.24514,-60.34084,282.505
18.67:  39.99503,-60.37713,282.3002
18.69:  39.75004,-60.41444,282.0955
18.7:  39.50037,-60.45249,281.8907
18.72:  39.24776,-60.49281,281.6859
18.74:  39.00815,-60.53193,281.4811
18.75:  38.76173,-60.57307,281.2763
18.77:  38.51933,-60.61443,281.0715
18.79:  38.2727,-60.65742,280.8667
18.8:  38.0274,-60.70108,280.6619
18.82:  37.7822,-60.74562,280.4571
18.84:  37.53811,-60.79084,280.2586
18.85:  37.29493,-60.83682,280.0475
18.87:  37.04912,-60.88421,279.8427
18.89:  36.80457,-60.93229,279.6316
18.9:  36.5602,-60.98124,279.4268
18.92:  36.31649,-61.03093,279.2283
18.94:  36.07291,-61.0814,279.0489
18.95:  35.82931,-61.13255,278.8948
18.97:  35.58764,-61.18387,278.7661
18.99:  35.33011,-61.23482,278.65
19:  35.08772,-61.2754,278.5783
19.02:  34.83195,-61.30433,278.5129
19.04:  34.57716,-61.32805,278.4539
19.05:  34.32181,-61.34244,278.4076
19.07:  34.06864,-61.35207,278.3739
19.09:  33.81398,-61.3619,278.3402
19.1:  33.56094,-61.36701,278.3066
19.12:  33.30596,-61.37225,278.2856
19.14:  33.05439,-61.37269,278.2646
19.15:  32.80269,-61.37323,278.2436
19.17:  32.54978,-61.37138,278.2353
19.19:  32.29986,-61.36961,278.2206
19.2:  32.04532,-61.36784,278.2123
19.22:  31.79303,-61.36613,278.204
19.24:  31.54048,-61.36446,278.1957
19.25:  31.28826,-61.36279,278.1937
19.27:  31.03489,-61.36355,278.1937
19.29:  30.78348,-61.36189,278.1937
19.3:  30.52964,-61.36266,278.1937
19.32:  30.27667,-61.36098,278.1937
19.34:  30.02589,-61.35933,278.1937
19.35:  29.77376,-61.35766,278.1937
19.37:  29.51972,-61.35598,278.1937
19.39:  29.26917,-61.34949,278.1937
19.4:  29.0175,-61.34054,278.1937
19.42:  28.76747,-61.3292,278.1957
19.44:  28.51516,-61.31776,278.1957
19.45:  28.26502,-61.30641,278.1976
19.47:  28.01576,-61.29266,278.1996
19.49:  27.76522,-61.28122,278.2143
19.5:  27.51315,-61.26961,278.2353
19.52:  27.26265,-61.25544,278.2816
19.54:  27.01041,-61.2433,278.3533
19.55:  26.76043,-61.23091,278.4377
19.57:  26.50871,-61.218,278.5347
19.59:  26.25807,-61.20219,278.6508
19.6:  26.00769,-61.18826,278.7859
19.62:  25.75651,-61.17117,278.9336
19.64:  25.50674,-61.15591,279.0941
19.65:  25.25739,-61.1375,279.2672
19.67:  25.0061,-61.12062,279.4402
19.69:  24.75962,-61.09848,279.6197
19.7:  24.50694,-61.07494,279.8055
19.72:  24.25723,-61.05067,280.0356
19.74:  24.00799,-61.02541,280.2721
19.75:  23.75769,-60.99894,280.5212
19.77:  23.50929,-60.9691,280.7767
19.79:  23.25411,-60.93711,281.0703
19.8:  23.00801,-60.90488,281.3892
19.82:  22.76155,-60.87117,281.7144
19.84:  22.51491,-60.83595,282.0522
19.85:  22.26761,-60.79667,282.3901
19.87:  22.0214,-60.75603,282.7407
19.89:  21.77452,-60.71369,283.0976
19.9:  21.52834,-60.66986,283.4608
19.92:  21.28305,-60.62459,283.8241
19.94:  21.03514,-60.57721,284.1873
19.95:  20.79072,-60.52888,284.5506
19.97:  20.54878,-60.47948,284.9075
19.99:  20.29946,-60.42692,285.2707
20:  20.05619,-60.37155,285.6276
20.02:  19.80931,-60.31372,285.9908
20.04:  19.56778,-60.25549,286.3604
20.05:  19.32798,-60.19607,286.7236
20.07:  19.08296,-60.1337,287.0869
20.09:  18.84095,-60.07047,287.4501
20.1:  18.59875,-60.00554,287.8134
20.12:  18.35786,-59.93678,288.1766
20.14:  18.12065,-59.86744,288.5399
20.15:  17.8783,-59.7949,288.9094
20.17:  17.64259,-59.72271,289.2727
20.19:  17.39467,-59.64507,289.6359
20.2:  17.16243,-59.57068,290.0055
20.22:  16.92346,-59.49247,290.3687
20.24:  16.68707,-59.416,290.732
20.25:  16.44986,-59.33239,291.1015
20.27:  16.21548,-59.24807,291.4711
20.29:  15.97509,-59.15718,291.8344
20.3:  15.74917,-59.06499,292.1976
20.32:  15.51768,-58.96879,292.5672
20.34:  15.28839,-58.87179,292.9304
20.35:  15.0592,-58.77309,293.3
20.37:  14.83065,-58.67278,293.6949
20.39:  14.60102,-58.57005,294.1025
20.4:  14.37445,-58.46672,294.5165
20.42:  14.15067,-58.36264,294.9431
20.44:  13.91587,-58.25127,295.376
20.45:  13.69358,-58.14376,295.809
20.47:  13.47211,-58.03453,296.2546
20.49:  13.24807,-57.92185,296.7003
20.5:  13.02596,-57.80793,297.1522
20.52:  12.80494,-57.69236,297.6042
20.54:  12.58487,-57.57501,298.0688
20.55:  12.36554,-57.4557,298.5462
20.57:  12.14661,-57.33416,299.0362
20.59:  11.93042,-57.21168,299.5325
20.6:  11.71209,-57.08545,300.0352
20.62:  11.49128,-56.95506,300.5632
20.64:  11.28268,-56.82924,301.0976
20.65:  11.06948,-56.69787,301.6383
20.67:  10.85894,-56.56536,302.1853
20.69:  10.64981,-56.43084,302.7514
20.7:  10.44577,-56.2879,303.3301
20.72:  10.24467,-56.13477,303.9215
20.74:  10.04655,-55.98061,304.5193
20.75:  9.854239,-55.82147,305.1233
20.77:  9.66683,-55.65339,305.7337
20.79:  9.486557,-55.48167,306.3441
20.8:  9.301523,-55.29089,306.9609
20.82:  9.134789,-55.1083,307.5904
20.84:  8.969824,-54.91638,308.2261
20.85:  8.814431,-54.71575,308.8746
20.87:  8.668627,-54.51024,309.5357
20.89:  8.52819,-54.30513,310.1968
20.9:  8.391508,-54.09188,310.8579
20.92:  8.266892,-53.87639,311.5254
20.94:  8.147635,-53.65979,312.1928
20.95:  8.029055,-53.44161,312.8603
20.97:  7.913758,-53.22511,313.5278
20.99:  7.802151,-53.00449,314.1952
21:  7.693583,-52.78172,314.8627
21.02:  7.586234,-52.55664,315.5301
21.04:  7.481862,-52.33103,316.2039
21.05:  7.380315,-52.10471,316.8651
21.07:  7.280422,-51.87494,317.5325
21.09:  7.185562,-51.6496,318.2
21.1:  7.091763,-51.41939,318.8611
21.12:  6.99936,-51.18489,319.5222
21.14:  6.910966,-50.95277,320.1833
21.15:  6.823113,-50.72044,320.8508
21.17:  6.740056,-50.48604,321.5182
21.19:  6.660562,-50.25312,322.1857
21.2:  6.582592,-50.01564,322.8531
21.22:  6.506823,-49.77546,323.5206
21.24:  6.435138,-49.53865,324.1881
21.25:  6.365873,-49.29984,324.8555
21.27:  6.2801,-49.05784,325.5167
21.29:  6.180325,-48.82584,326.1778
21.3:  6.069327,-48.59768,326.7945
21.32:  5.951715,-48.37774,327.3796
21.34:  5.828615,-48.15785,327.952
21.35:  5.706476,-47.93975,328.5054
21.37:  5.583821,-47.72096,329.0397
21.39:  5.458636,-47.50803,329.5487
21.4:  5.329539,-47.28407,330.0388
21.42:  5.210599,-47.07376,330.5097
21.44:  5.088418,-46.85375,330.9554
21.45:  4.968832,-46.6344,331.401
21.47:  4.847329,-46.40748,331.834
21.49:  4.732748,-46.18954,332.2669
21.5:  4.618303,-45.96787,332.6935
21.52:  4.506198,-45.74683,333.1075
21.54:  4.396365,-45.52645,333.5087
21.55:  4.281033,-45.29086,333.9164
21.57:  4.17664,-45.07371,334.3239
21.59:  4.069699,-44.84715,334.7316
21.6:  3.964907,-44.62099,335.1392
21.62:  3.860743,-44.392,335.5404
21.64:  3.758665,-44.16329,335.948
21.65:  3.659244,-43.9362,336.3557
21.67:  3.560523,-43.70628,336.7632
21.69:  3.463954,-43.47688,337.1708
21.7:  3.36763,-43.24335,337.5848
21.72:  3.280973,-43.00913,338.0114
21.74:  3.200793,-42.77283,338.4507
21.75:  3.124453,-42.53389,338.9153
21.77:  3.054645,-42.2923,339.399
21.79:  2.987536,-42.05227,339.8954
21.8:  2.924288,-41.80875,340.398
21.82:  2.865978,-41.56551,340.9197
21.84:  2.818962,-41.31756,341.4477
21.85:  2.776521,-41.06818,341.9758
21.87:  2.738672,-40.81737,342.5038
21.89:  2.700874,-40.5675,343.0318
21.9:  2.665381,-40.31731,343.5598
21.92:  2.632168,-40.0666,344.0879
21.94:  2.601338,-39.81639,344.6096
21.95:  2.572602,-39.56479,345.1186
21.97:  2.546189,-39.31376,345.6276
21.99:  2.522105,-39.06382,346.1302
22:  2.499416,-38.80487,346.6266
22.02:  2.479928,-38.55822,347.1166
22.04:  2.462065,-38.30571,347.5876
22.05:  2.446295,-38.05469,348.0395
22.07:  2.432448,-37.80248,348.4915
22.09:  2.420555,-37.54941,348.9435
22.1:  2.410683,-37.29758,349.3891
22.12:  2.402679,-37.0437,349.8284
22.14:  2.396689,-36.79259,350.2677
22.15:  2.392509,-36.5395,350.688
22.17:  2.390134,-36.28673,351.0956
22.19:  2.389529,-36.0344,351.4969
22.2:  2.390674,-35.77343,351.8854
22.22:  2.393339,-35.52745,352.255
22.24:  2.397613,-35.27542,352.6056
22.25:  2.403447,-35.0214,352.9498
22.27:  2.398529,-34.7725,353.2687
22.29:  2.382724,-34.52303,353.5685
22.3:  2.36333,-34.27506,353.843
22.32:  2.337451,-34.02578,354.0732
22.34:  2.312355,-33.77505,354.2843
22.35:  2.288191,-33.52631,354.4511
22.37:  2.264666,-33.2775,354.5988
22.39:  2.241779,-33.02888,354.7403
22.4:  2.219362,-32.77955,354.8627
22.42:  2.197433,-32.53154,354.947
22.44:  2.175833,-32.28371,355.0187
22.45:  2.154108,-32.03243,355.0587
22.47:  2.132656,-31.78324,355.0797
22.49:  2.110975,-31.53096,355.088
22.5:  2.089335,-31.27873,355.0964
22.52:  2.068873,-31.03982,355.1047
22.54:  2.047218,-30.78655,355.113
22.55:  2.026042,-30.53845,355.1213
22.57:  2.004771,-30.28882,355.1296
22.59:  1.981144,-30.03998,355.138
22.62:  1.950261,-29.79202,355.1463
22.64:  1.915913,-29.53635,355.1546
22.65:  1.880529,-29.29091,355.1629
22.67:  1.843142,-29.04832,355.1649
22.69:  1.807163,-28.79862,355.1669
22.7:  1.772111,-28.55531,355.1689
22.72:  1.736513,-28.30814,355.1708
22.74:  1.700203,-28.05597,355.1728
22.75:  1.66466,-27.80906,355.1748
22.77:  1.628976,-27.56118,355.1748
22.79:  1.593348,-27.31362,355.1768
22.8:  1.557495,-27.06444,355.1788
22.82:  1.526785,-26.81665,355.1808
22.84:  1.50578,-26.56741,355.1827
22.85:  1.484775,-26.31817,355.1827
22.87:  1.463875,-26.07007,355.1847
22.89:  1.443104,-25.8234,355.1867
22.9:  1.421914,-25.57166,355.1887
22.92:  1.400931,-25.32226,355.1906
22.94:  1.380007,-25.07347,355.1926
22.95:  1.359059,-24.82428,355.1946
22.97:  1.338388,-24.57829,355.1966
22.99:  1.31718,-24.32581,355.1986
23:  1.296292,-24.07703,355.2006
23.02:  1.275361,-23.82764,355.2025
23.04:  1.254355,-23.57692,355.2108
23.05:  1.233593,-23.329,355.2128
23.07:  1.212143,-23.07287,355.2128
23.09:  1.191703,-22.8288,355.2128
23.1:  1.171009,-22.5816,355.2148
23.12:  1.150161,-22.33246,355.2168
23.14:  1.129223,-22.08213,355.2188
23.15:  1.108487,-21.83411,355.2208
23.17:  1.087652,-21.58448,355.2291
23.19:  1.06692,-21.33564,355.2374
23.2:  1.046584,-21.09079,355.252
23.22:  1.025046,-20.83102,355.2604
23.24:  1.004748,-20.58577,355.2687
23.25:  0.9843207,-20.33853,355.277
23.27:  0.9638431,-20.0899,355.2917
23.29:  0.943409,-19.84135,355.3
23.3:  0.9229645,-19.5919,355.3146
23.32:  0.902543,-19.34229,355.323
23.34:  0.8821076,-19.09171,355.3376
23.35:  0.8620704,-18.84456,355.3649
23.37:  0.8421346,-18.5972,355.3923
23.39:  0.8221502,-18.34671,355.4386
23.4:  0.8027878,-18.10082,355.4977
23.42:  0.7831386,-17.84723,355.5693
23.44:  0.7643563,-17.60046,355.6474
23.45:  0.7459422,-17.35225,355.7571
23.47:  0.7277802,-17.09897,355.8985
23.49:  0.7107625,-16.85235,356.0526
23.5:  0.6941991,-16.60043,356.2384
23.52:  0.6786513,-16.35118,356.4305
23.54:  0.6640223,-16.10142,356.648
23.55:  0.6503763,-15.85173,356.8718
23.57:  0.637886,-15.60282,357.1273
23.59:  0.62665,-15.35339,357.4208
23.6:  0.61674,-15.10372,357.727
23.62:  0.6082817,-14.8542,358.0585
23.64:  0.6014078,-14.6067,358.4091
23.65:  0.5960728,-14.35383,358.7914
23.67:  0.592494,-14.1038,359.18
23.69:  0.5906367,-13.85349,359.5749
23.7:  0.5905607,-13.60461,359.9825
23.72:  0.5923537,-13.3535,0.4091089
23.74:  0.5961369,-13.10179,0.8610796
23.75:  0.6018507,-12.8525,1.31305
23.77:  0.6095591,-12.60325,1.771359
23.79:  0.6193703,-12.35269,2.242343
23.8:  0.6311805,-12.10407,2.719666
23.82:  0.6450651,-11.85598,3.203325
23.84:  0.6612997,-11.60404,3.686985
23.85:  0.6794333,-11.35536,4.170646
23.87:  0.6997241,-11.10613,4.654305
23.89:  0.7221019,-10.85725,5.137966
23.9:  0.7466257,-10.60811,5.621626
23.92:  0.7731793,-10.35986,6.105286
23.94:  0.8016948,-10.11299,6.588945
23.95:  0.8326869,-9.86342,7.078943
23.97:  0.8654869,-9.616366,7.562603
23.99:  0.9004492,-9.369045,8.046264
24:  0.9376245,-9.121372,8.536263
24.02:  0.9764844,-8.876746,9.026259
24.04:  1.018434,-8.626502,9.516258
24.05:  1.061617,-8.381595,9.999918
24.07:  1.107095,-8.135975,10.48992
24.09:  1.154763,-7.890287,10.97991
24.1:  1.204373,-7.645649,11.46358
24.12:  1.256334,-7.400217,11.95357
24.14:  1.310314,-7.155458,12.43723
24.15:  1.366233,-6.911838,12.92723
24.17:  1.42393,-6.669852,13.41089
24.19:  1.483339,-6.429694,13.89455
24.2:  1.546011,-6.185217,14.37821
24.22:  1.61031,-5.942916,14.86187
24.24:  1.674238,-5.700679,15.34553
24.25:  1.737592,-5.459292,15.82919
24.27:  1.800864,-5.216983,16.31919
24.29:  1.863842,-4.974463,16.80285
24.3:  1.928358,-4.734475,17.29285
24.32:  1.992856,-4.493372,17.78285
24.34:  2.059141,-4.253811,18.27284
24.35:  2.127973,-4.012975,18.75651
24.37:  2.198996,-3.77228,19.2465
24.39:  2.272592,-3.53041,19.73016
24.4:  2.349745,-3.28442,20.22016
24.42:  2.424723,-3.052337,20.71016
24.44:  2.503333,-2.815854,21.19382
24.45:  2.582047,-2.578088,21.68382
24.47:  2.653509,-2.337883,22.16748
24.49:  2.725141,-2.095994,22.65114
24.5:  2.791987,-1.852081,23.14113
24.52:  2.851029,-1.608343,23.62479
24.54:  2.906952,-1.355563,24.10845
24.55:  2.956389,-1.096909,24.59211
24.57:  2.999814,-0.8499417,25.08211
24.59:  3.034625,-0.6028289,25.57211
24.6:  3.057558,-0.3560006,26.06211
24.62:  3.07609,-0.1055887,26.5521
24.64:  3.085855,0.1461268,27.03576
24.65:  3.092161,0.3914937,27.52576
24.67:  3.092897,0.6375338,28.00942
24.69:  3.091434,0.8869732,28.49942
24.7:  3.088743,1.135111,28.98308
24.72:  3.080622,1.382152,29.46674
24.74:  3.073056,1.637939,29.9504
24.75:  3.067071,1.883994,30.43406
24.77:  3.063944,2.130442,30.91772
24.79:  3.06084,2.378376,31.40772
24.8:  3.061924,2.623797,31.89771
24.82:  3.063079,2.875633,32.38771
24.84:  3.066337,3.123632,32.87771
24.85:  3.071765,3.373853,33.36771
24.87:  3.081308,3.620811,33.85771
24.89:  3.090846,3.866545,34.34771
24.9:  3.104774,4.116219,34.83771
24.92:  3.120714,4.363845,35.32771
24.94:  3.139311,4.618725,35.8177
24.95:  3.156859,4.858675,36.3077
24.97:  3.1791,5.105307,36.7977
24.99:  3.203427,5.351784,37.28136
25:  3.227848,5.599071,37.76502
25.02:  3.256328,5.844825,38.25502
25.04:  3.294029,6.100404,38.77036
25.05:  3.337844,6.332419,39.30473
25.07:  3.387179,6.569438,39.86444
25.09:  3.440674,6.808906,40.43049
25.1:  3.502751,7.049909,41.00922
25.12:  3.57416,7.285859,41.6133
25.14:  3.656773,7.523289,42.2364
25.15:  3.744709,7.757907,42.86583
25.17:  3.842692,7.98935,43.5016
25.19:  3.948012,8.217066,44.13737
25.2:  4.063937,8.442442,44.77314
25.22:  4.193316,8.668654,45.40891
25.24:  4.3244,8.886145,46.04467
25.25:  4.457559,9.100404,46.68678
25.27:  4.602409,9.31449,47.32255
25.29:  4.751257,9.520926,47.96466
25.3:  4.905177,9.72543,48.60043
25.32:  5.060962,9.923762,49.24253
25.34:  5.221339,10.12334,49.8783
25.35:  5.383705,10.32082,50.52041
25.37:  5.548282,10.51648,51.16252
25.39:  5.713782,10.70882,51.80463
25.4:  5.882731,10.90077,52.44674
25.42:  6.053447,11.09036,53.09518
25.44:  6.226593,11.27832,53.74363
25.45:  6.402544,11.4615,54.39841
25.47:  6.577219,11.64264,55.05318
25.49:  6.758834,11.82323,55.71431
25.5:  6.947447,12.00654,56.36909
25.52:  7.127214,12.1773,57.02387
25.54:  7.30946,12.34645,57.685
25.55:  7.502993,12.51538,58.34611
25.57:  7.696127,12.67691,59.00723
25.59:  7.893574,12.83202,59.66202
25.6:  8.095814,12.98716,60.32314
25.62:  8.30549,13.14107,60.98426
25.64:  8.50609,13.28183,61.65172
25.65:  8.711215,13.4222,62.32551
25.67:  8.922076,13.56289,62.99931
25.69:  9.134412,13.69803,63.67945
25.7:  9.3493,13.82841,64.35323
25.72:  9.566724,13.95399,65.03337
25.74:  9.783755,14.07592,65.71352
25.75:  10.00586,14.19726,66.39365
25.77:  10.22751,14.31493,67.08012
25.79:  10.45002,14.42966,67.76659
25.8:  10.6748,14.5422,68.44672
25.82:  10.90021,14.65169,69.13319
25.84:  11.12711,14.75858,69.81967
25.85:  11.35653,14.8633,70.50614
25.87:  11.58523,14.96441,71.19261
25.89:  11.816,15.06315,71.87909
25.9:  12.04552,15.16603,72.56556
25.92:  12.27226,15.28306,73.25204
25.94:  12.49474,15.40791,73.93851
25.95:  12.71605,15.54021,74.62498
25.97:  12.91837,15.68983,75.31779
25.99:  13.11084,15.84591,76.0106
26:  13.29709,16.00859,76.70341
26.02:  13.47274,16.18657,77.38988
26.04:  13.64245,16.37281,78.07635
26.05:  13.79863,16.55412,78.76917
26.07:  13.95583,16.74281,79.45564
26.09:  14.10341,16.93153,80.14211
26.1:  14.24636,17.12655,80.82858
26.12:  14.3856,17.32336,81.51505
26.14:  14.52486,17.51813,82.20153
26.15:  14.66745,17.71852,82.88799
26.17:  14.8106,17.91469,83.57447
26.19:  14.95586,18.10882,84.26094
26.2:  15.1082,18.3074,84.94742
26.22:  15.25404,18.49286,85.6339
26.24:  15.40672,18.6823,86.32036
26.25:  15.56068,18.86868,87.01318
26.27:  15.72339,19.06091,87.69965
26.29:  15.87819,19.23937,88.39246
26.3:  16.03818,19.41938,89.08527
26.32:  16.20264,19.59997,89.77809
26.34:  16.36642,19.77553,90.46456
26.35:  16.53558,19.95256,91.15102
26.37:  16.70504,20.12571,91.8375
26.39:  16.87716,20.29741,92.52398
26.4:  17.05883,20.46937,93.21044
26.42:  17.23429,20.62924,93.89692
26.44:  17.41431,20.78704,94.5834
26.45:  17.60097,20.93991,95.26987
26.47:  17.78935,21.08607,95.95634
26.49:  17.9841,21.22685,96.64916
26.5:  18.1824,21.36229,97.3483
26.52:  18.38416,21.49452,98.05379
26.54:  18.59876,21.6294,98.76562
26.55:  18.80079,21.74724,99.47744
26.57:  19.01482,21.86196,100.1956
26.59:  19.23063,21.97246,100.9138
26.6:  19.45301,22.08283,101.6319
26.62:  19.66891,22.18499,102.3501
26.64:  19.90154,22.2876,103.0682
26.65:  20.12016,22.38078,103.7864
26.67:  20.34611,22.47011,104.4982
26.69:  20.58008,22.55404,105.2101
26.7:  20.81373,22.63248,105.9219
26.72:  21.05523,22.70729,106.6337
26.74:  21.2941,22.77802,107.3519
26.75:  21.53896,22.84225,108.07
26.77:  21.78528,22.89367,108.7882
26.79:  22.02846,22.93698,109.5063
26.8:  22.26852,22.97021,110.2245
26.82:  22.51635,23.00021,110.9363
26.84:  22.75963,23.02657,111.6545
26.85:  23.00568,23.04792,112.3727
26.87:  23.25213,23.06288,113.0908
26.89:  23.49885,23.07476,113.809
26.9:  23.74329,23.08021,114.5272
26.92:  23.99631,23.08157,115.2517
26.94:  24.2461,23.07976,115.9762
26.95:  24.49767,23.07372,116.6943
26.97:  24.75006,23.0645,117.4125
26.99:  25.00001,23.04899,118.1306
27:  25.25543,23.02438,118.8488
27.02:  25.5054,22.99712,119.5669
27.04:  25.75668,22.96426,120.2851
27.05:  26.00831,22.92813,121.0033
27.07:  26.2543,22.88964,121.7278
27.09:  26.50477,22.84488,122.4523
27.1:  26.75222,22.79744,123.1704
27.12:  26.99658,22.74275,123.8949
27.14:  27.24069,22.68163,124.6131
27.15:  27.48144,22.61574,125.3376
27.17:  27.72052,22.54468,126.0558
27.19:  27.95739,22.46532,126.7803
27.2:  28.1933,22.37719,127.5048
27.22:  28.42608,22.28434,128.2292
27.24:  28.65753,22.18603,128.9601
27.25:  28.88418,22.08563,129.6846
27.27:  29.11629,21.97928,130.4091
27.29:  29.34072,21.87296,131.1399
27.3:  29.57006,21.76069,131.8771
27.32:  29.79738,21.645,132.6143
27.34:  30.02573,21.52432,133.3514
27.35:  30.24896,21.39996,134.0886
27.37:  30.46882,21.27374,134.8258
27.39:  30.69344,21.1437,135.563
27.4:  30.91154,21.01092,136.3002
27.42:  31.12889,20.87473,137.0373
27.44:  31.3435,20.73917,137.7745
27.45:  31.56156,20.59747,138.5117
27.47:  31.77341,20.45305,139.2489
27.49:  31.98206,20.30762,139.986
27.5:  32.18975,20.16176,140.7232
27.52:  32.39322,20.01572,141.4604
27.54:  32.59994,19.87002,142.1976
27.55:  32.80956,19.73065,142.9347
27.57:  33.02431,19.59978,143.6783
27.59:  33.24393,19.47383,144.4154
27.6:  33.46313,19.34812,145.1526
27.62:  33.68122,19.2231,145.8898
27.64:  33.89456,19.09457,146.627
27.65:  34.10854,18.96574,147.3641
27.67:  34.32044,18.83823,148.1076
27.69:  34.53128,18.71152,148.8448
27.7:  34.74781,18.59154,149.5693
27.72:  34.97784,18.47418,150.2621
27.74:  35.20176,18.36541,150.8535
27.75:  35.42305,18.26475,151.3308
27.77:  35.64714,18.1665,151.7004
27.79:  35.87666,18.07636,151.9813
27.8:  36.10151,18.00146,152.1861
27.82:  36.33775,17.9351,152.3275
27.84:  36.57415,17.88129,152.3485
27.85:  36.81097,17.83988,152.3485
27.87:  37.04696,17.80952,152.3402
27.89:  37.29271,17.79584,152.3192
27.9:  37.54515,17.79646,152.2855
27.92:  37.78675,17.81579,152.2265
27.94:  38.02663,17.85323,152.1421
27.95:  38.25697,17.89429,152.0134
27.97:  38.49842,17.94137,151.8212
27.99:  38.73522,17.98926,151.5911
28:  38.98043,18.04255,151.3166
28.02:  39.21329,18.09452,150.9977
28.04:  39.44919,18.14859,150.6662
28.05:  39.68281,18.20606,150.3156
28.07:  39.91825,18.2631,149.9587
28.09:  40.15252,18.32146,149.5891
28.1:  40.39042,18.38316,149.2005
28.12:  40.62655,18.4462,148.7929
28.14:  40.85834,18.51225,148.3853
28.15:  41.09631,18.57869,147.9777
28.17:  41.32876,18.64538,147.5701
28.19:  41.56327,18.71765,147.1625
28.2:  41.79386,18.78983,146.7549
28.22:  42.02711,18.86536,146.3473
28.24:  42.25645,18.94074,145.9397
28.25:  42.48922,19.01731,145.5321
28.27:  42.71862,19.09634,145.1245
28.29:  42.94899,19.17253,144.7232
28.3:  43.18159,19.24557,144.3156
28.32:  43.41574,19.31037,143.908
28.34:  43.6554,19.36567,143.5067
28.35:  43.89831,19.40662,143.0991
28.37:  44.1436,19.44313,142.6978
28.39:  44.39313,19.47008,142.3029
28.4:  44.64547,19.49422,141.9333
28.42:  44.89186,19.50923,141.5701
28.44:  45.13359,19.51729,141.2195
28.45:  45.37817,19.52044,140.8753
28.47:  45.63286,19.51183,140.5374
28.49:  45.86896,19.49871,140.2122
28.5:  46.11064,19.46936,139.8933
28.52:  46.35292,19.42893,139.5744
28.54:  46.59277,19.38678,139.2556
28.55:  46.83186,19.34418,138.943
28.57:  47.07169,19.2977,138.6432
28.59:  47.30944,19.24045,138.3433
28.6:  47.55054,19.17018,138.0751
28.62:  47.78086,19.08647,137.8133
28.64:  48.01026,18.9949,137.5641
28.65:  48.24617,18.89958,137.3213
28.67:  48.48208,18.80429,137.0785
28.69:  48.71815,18.7101,136.8357
28.7:  48.95548,18.61656,136.5929
28.72:  49.19453,18.52238,136.3564
28.74:  49.43749,18.42891,136.1262
28.75:  49.67254,18.33959,135.8898
28.77:  49.90766,18.25136,135.6533
28.79:  50.14621,18.16299,135.4104
28.8:  50.38329,18.07738,135.174
28.82:  50.61749,17.99613,134.9375
28.84:  50.85921,17.92052,134.701
28.85:  51.09715,17.86046,134.4645
28.87:  51.35277,17.80508,134.228
28.89:  51.59277,17.7608,133.9916
28.9:  51.83632,17.71965,133.7487
28.92:  52.0823,17.68057,133.5059
28.94:  52.33204,17.65259,133.2631
28.95:  52.57749,17.6331,133.0203
28.97:  52.81933,17.62362,132.7838
28.99:  53.0641,17.62555,132.5473
29:  53.305,17.63686,132.3108
29.02:  53.54716,17.65621,132.068
29.04:  53.78904,17.68351,131.8315
29.05:  54.02411,17.72157,131.595
29.07:  54.26027,17.76978,131.3586
29.09:  54.49223,17.82362,131.1221
29.1:  54.72817,17.88942,130.8856
29.12:  54.96421,17.96124,130.6491
29.14:  55.19738,18.03893,130.4126
29.15:  55.43028,18.12115,130.1761
29.17:  55.66401,18.20834,129.9397
29.19:  55.89286,18.29704,129.7032
29.2:  56.12124,18.38896,129.4667
29.22:  56.35073,18.48242,129.2302
29.24:  56.57736,18.57581,128.9937
29.25:  56.80481,18.66832,128.7572
29.27:  57.03182,18.76407,128.5208
29.29:  57.25461,18.85912,128.2843
29.3:  57.48145,18.95698,128.0542
29.32:  57.7136,19.05116,127.824
29.34:  57.94262,19.13798,127.5938
29.35:  58.17789,19.22452,127.3764
29.37:  58.40713,19.29259,127.1779
29.39:  58.63818,19.35474,127.0175
29.4:  58.87291,19.41252,126.8824
29.42:  59.11857,19.46211,126.8107
29.44:  59.3565,19.51225,126.7517
29.45:  59.59496,19.56268,126.7117
29.47:  59.8385,19.60891,126.6717
29.49:  60.08366,19.65387,126.638
29.5:  60.31916,19.69721,126.6044
29.52:  60.56078,19.74348,126.577
29.54:  60.80227,19.78813,126.556
29.55:  61.04308,19.83441,126.5414
29.57:  61.28383,19.87902,126.5331
29.59:  61.52313,19.92343,126.5184
29.6:  61.76605,19.97025,126.5101
29.62:  62.00595,20.01484,126.5018
29.64:  62.24594,20.05948,126.4935
29.65:  62.48305,20.10362,126.4851
29.67:  62.728,20.14926,126.4768
29.69:  62.96602,20.19361,126.4768
29.7:  63.20853,20.23525,126.4748
29.72:  63.44832,20.27293,126.4748
29.74:  63.69046,20.30923,126.4748
29.75:  63.93112,20.3418,126.4748
29.77:  64.17463,20.37122,126.4748
29.79:  64.42441,20.39251,126.4748
29.8:  64.66122,20.40415,126.4748
29.82:  64.90411,20.40923,126.4768
29.84:  65.15088,20.40047,126.5105
29.85:  65.39608,20.37259,126.5822
29.87:  65.64356,20.32729,126.6856
29.89:  65.89095,20.27569,126.865
29.9:  66.13239,20.20397,127.1015
29.92:  66.3733,20.10842,127.4267
29.94:  66.61394,20.00645,127.7899
29.95:  66.84293,19.89727,128.1976
29.97:  67.0626,19.78278,128.6242
29.99:  67.28574,19.6588,129.0635
30:  67.50561,19.53166,129.5028
30.02:  67.71938,19.40583,129.9421
30.04:  67.93608,19.27322,130.3814
30.05:  68.15273,19.1383,130.827
30.07:  68.36525,19.00078,131.2726
30.09:  68.57368,18.8607,131.7182
30.1:  68.78263,18.71794,132.1575
30.12:  68.98669,18.57324,132.6032
30.14:  69.19881,18.41721,133.0488
30.15:  69.39837,18.268,133.4944
30.17:  69.58884,18.12033,133.9401
30.19:  69.79225,17.96009,134.3857
30.2:  69.99327,17.79922,134.825
30.22:  70.18224,17.6456,135.2643
30.24:  70.37594,17.48878,135.7036
30.25:  70.56948,17.32645,136.1429
30.27:  70.7626,17.16514,136.5822
30.29:  70.95533,16.99842,137.0151
30.3:  71.14565,16.83123,137.4544
30.32:  71.33057,16.66946,137.8874
30.34:  71.51733,16.50032,138.3203
30.35:  71.70428,16.33175,138.7533
30.37:  71.88976,16.16188,139.1926
30.39:  72.07299,15.99152,139.6255
30.4:  72.25747,15.81738,140.0585
30.42:  72.43562,15.64327,140.4978
30.44:  72.61588,15.46438,140.9371
30.45:  72.79245,15.28985,141.3764
30.47:  72.97023,15.10793,141.8157
30.49:  73.14403,14.92733,142.255
30.5:  73.31992,14.74532,142.688
30.52:  73.49014,14.563,143.1209
30.54:  73.66404,14.37754,143.5539
30.55:  73.83177,14.19231,143.9931
30.57:  74.00157,14.00559,144.4261
30.59:  74.16953,13.81808,144.8591
30.6:  74.33425,13.62767,145.292
30.62:  74.49303,13.43375,145.7313
30.64:  74.64268,13.23662,146.1643
30.65:  74.79471,13.03326,146.5845
30.67:  74.94408,12.83483,146.9541
30.69:  75.09275,12.63124,147.2286
30.7:  75.2396,12.42904,147.3764
30.72:  75.38539,12.22815,147.3974
30.74:  75.5238,12.04385,147.3974
30.75:  75.63453,11.89348,147.3974
30.77:  75.71799,11.77654,147.3974
30.79:  75.76392,11.70471,147.3974
30.8:  75.76392,11.70471,147.3974
30.82:  75.76392,11.70471,147.3974
30.84:  75.76392,11.70471,147.3974
30.85:  75.76392,11.70471,147.3974
30.87:  75.76392,11.70471,147.3974
30.89:  75.76392,11.70471,147.3974
30.9:  75.76392,11.70471,147.3974
30.92:  75.76392,11.70471,147.3974
30.94:  75.76392,11.70471,147.3974
30.95:  75.76392,11.70471,147.3974
30.97:  75.76392,11.70471,147.3974
30.99:  75.76392,11.70471,147.3974
31:  75.76392,11.70471,147.3974
31.02:  75.76392,11.70471,147.3974
31.04:  75.76392,11.70471,147.3974
31.05:  75.76392,11.70471,147.3974
31.07:  75.76392,11.70471,147.3974
31.09:  75.76392,11.70471,147.3974
31.1:  75.76392,11.70471,147.3974
31.12:  75.76392,11.70471,147.3974
31.14:  75.76392,11.70471,147.3974
31.15:  75.76392,11.70471,147.3974
31.17:  75.76392,11.70471,147.3974
31.19:  75.76392,11.70471,147.3974
31.2:  75.76392,11.70471,147.3974
31.22:  75.76392,11.70471,147.3974
31.24:  75.76392,11.70471,147.3974
31.25:  75.76392,11.70471,147.3974
31.27:  75.76392,11.70471,147.3974
31.29:  75.76392,11.70471,147.3974
31.3:  75.76392,11.70471,147.3974
31.32:  75.76392,11.70471,147.3974
31.34:  75.76392,11.70471,147.3974
31.35:  75.76392,11.70471,147.3974
31.37:  75.76392,11.70471,147.3974
31.39:  75.76392,11.70471,147.3974
31.4:  75.76392,11.70471,147.3974
31.42:  75.76392,11.70471,147.3974
31.44:  75.76392,11.70471,147.3974
31.45:  75.76392,11.70471,147.3974
31.47:  75.76392,11.70471,147.3974
31.49:  75.76392,11.70471,147.3974
31.5:  75.76392,11.70471,147.3974
31.52:  75.76392,11.70471,147.3974
31.54:  75.76392,11.70471,147.3974
31.55:  75.76392,11.70471,147.3974
31.57:  75.76392,11.70471,147.3974
31.59:  75.76392,11.70471,147.3974
31.6:  75.76392,11.70471,147.3974
31.62:  75.76392,11.70471,147.3974
31.64:  75.76392,11.70471,147.3974
31.65:  75.76392,11.70471,147.3974
31.67:  75.76392,11.70471,147.3974
31.69:  75.76392,11.70471,147.3974
31.7:  75.76392,11.70471,147.3974
31.72:  75.76392,11.70471,147.3974
31.74:  75.76392,11.70471,147.3974
31.75:  75.76392,11.70471,147.3974
31.77:  75.76392,11.70471,147.3974
31.79:  75.76392,11.70471,147.3974
31.8:  75.76392,11.70471,147.3974
31.82:  75.76392,11.70471,147.3974
31.84:  75.76392,11.70471,147.3974
31.85:  75.76392,11.70471,147.3974
31.87:  75.76392,11.70471,147.3974
31.89:  75.76392,11.70471,147.3974
31.9:  75.76392,11.70471,147.3974
31.92:  75.76392,11.70471,147.3974
31.94:  75.76392,11.70471,147.3974
31.95:  75.76392,11.70471,147.3974
31.97:  75.76392,11.70471,147.3974
31.99:  75.76392,11.70471,147.3974
