ParticipantNo: 11008
Controller type: Keyboard and Mouse
Training Level:
0.02:  82.7,18.5,270
0.04:  82.7,18.5,270
0.06:  82.7,18.5,270
0.08:  82.7,18.5,270
0.09:  82.7,18.5,270
0.11:  82.7,18.5,270
0.13:  82.7,18.5,270
0.14:  82.7,18.5,270
0.16:  82.7,18.5,270
0.18:  82.7,18.5,270
0.19:  82.7,18.5,270
0.21:  82.7,18.5,270
0.23:  82.7,18.5,270
0.24:  82.7,18.5,270
0.26:  82.7,18.5,270
0.28:  82.7,18.5,270
0.29:  82.7,18.5,270
0.31:  82.7,18.5,270
0.33:  82.7,18.5,270
0.34:  82.7,18.5,270
0.36:  82.7,18.5,270
0.38:  82.7,18.5,270
0.39:  82.7,18.5,270
0.41:  82.7,18.5,270
0.43:  82.7,18.5,270
0.44:  82.7,18.5,270
0.46:  82.7,18.5,270
0.48:  82.7,18.5,270
0.49:  82.7,18.5,270
0.51:  82.7,18.5,270
0.53:  82.7,18.5,270
0.54:  82.7,18.5,270
0.56:  82.7,18.5,270
0.58:  82.7,18.5,270
0.59:  82.7,18.5,270
0.61:  82.7,18.5,270
0.63:  82.7,18.5,270
0.64:  82.7,18.5,270
0.66:  82.7,18.5,270
0.68:  82.7,18.5,270
0.69:  82.7,18.5,270
0.71:  82.7,18.5,270
0.73:  82.7,18.5,270
0.74:  82.7,18.5,270
0.76:  82.7,18.5,270
0.78:  82.7,18.5,270
0.79:  82.7,18.5,270
0.81:  82.7,18.5,270
0.83:  82.7,18.5,270
0.84:  82.7,18.5,270
0.86:  82.7,18.5,270
0.88:  82.7,18.5,270
0.89:  82.7,18.5,270
0.91:  82.7,18.5,270
0.93:  82.7,18.5,270
0.94:  82.7,18.5,270
0.96:  82.7,18.5,270
0.98:  82.7,18.5,270
0.99:  82.7,18.5,270
1.01:  82.7,18.5,270
1.03:  82.7,18.5,270
1.04:  82.7,18.5,270
1.06:  82.7,18.5,270
1.08:  82.7,18.5,270
1.09:  82.7,18.5,270
1.11:  82.7,18.5,270
1.13:  82.7,18.5,270
1.14:  82.7,18.5,270
1.16:  82.7,18.5,270
1.18:  82.7,18.5,270
1.19:  82.7,18.5,270
1.21:  82.7,18.5,270
1.23:  82.7,18.5,270
1.24:  82.7,18.5,270
1.26:  82.7,18.5,270
1.28:  82.7,18.5,270
1.29:  82.7,18.5,270
1.31:  82.7,18.5,270
1.33:  82.7,18.5,270
1.34:  82.7,18.5,270
1.36:  82.7,18.5,270
1.38:  82.7,18.5,270
1.39:  82.7,18.5,270
1.41:  82.7,18.5,270
1.43:  82.7,18.5,270
1.44:  82.7,18.5,270
1.46:  82.7,18.5,270
1.48:  82.7,18.5,270
1.49:  82.7,18.5,270
1.51:  82.7,18.5,270
1.53:  82.7,18.5,270
1.54:  82.7,18.5,270
1.56:  82.7,18.5,270
1.58:  82.7,18.5,270
1.59:  82.7,18.5,270
1.61:  82.7,18.5,270
1.63:  82.7,18.5,270
1.64:  82.7,18.5,270
1.66:  82.7,18.5,270
1.68:  82.7,18.5,270
1.69:  82.7,18.5,270
1.71:  82.7,18.5,270
1.73:  82.7,18.5,270
1.74:  82.7,18.5,270
1.76:  82.7,18.5,270
1.78:  82.7,18.5,270
1.79:  82.7,18.5,270
1.81:  82.7,18.5,270
1.83:  82.7,18.5,270
1.84:  82.7,18.5,270
1.86:  82.7,18.5,270
1.88:  82.7,18.5,270
1.89:  82.7,18.5,270
1.91:  82.7,18.5,270
1.93:  82.7,18.5,270
1.94:  82.7,18.5,270
1.96:  82.7,18.5,270
1.98:  82.7,18.5,270
1.99:  82.7,18.5,270
2.01:  82.7,18.5,270
2.03:  82.7,18.5,270
2.04:  82.7,18.5,270
2.06:  82.7,18.5,270
2.08:  82.7,18.5,270
2.09:  82.7,18.5,270
2.11:  82.7,18.5,270
2.13:  82.7,18.5,270
2.14:  82.7,18.5,270
2.16:  82.7,18.5,270
2.18:  82.7,18.5,270
2.19:  82.7,18.5,270
2.21:  82.7,18.5,270
2.23:  82.7,18.5,270
2.24:  82.7,18.5,270
2.26:  82.7,18.5,270
2.28:  82.7,18.5,270
2.29:  82.7,18.5,270
2.31:  82.7,18.5,270
2.33:  82.7,18.5,270
2.34:  82.7,18.5,270
2.36:  82.7,18.5,270
2.38:  82.7,18.5,270
2.39:  82.7,18.5,270
2.41:  82.7,18.5,270
2.43:  82.7,18.5,270
2.44:  82.7,18.5,270
2.46:  82.7,18.5,270
2.48:  82.7,18.5,270
2.49:  82.7,18.5,270
2.51:  82.7,18.5,270
2.53:  82.7,18.5,270
2.54:  82.7,18.5,270
2.56:  82.7,18.5,270
2.58:  82.7,18.5,270
2.59:  82.7,18.5,270
2.61:  82.7,18.5,270
2.63:  82.7,18.5,270
2.64:  82.7,18.5,270
2.66:  82.7,18.5,270
2.68:  82.7,18.5,270
2.69:  82.7,18.5,270
2.71:  82.7,18.5,270
2.73:  82.7,18.5,270
2.74:  82.7,18.5,270
2.76:  82.7,18.5,270
2.78:  82.7,18.5,270
2.79:  82.7,18.5,270
2.81:  82.7,18.5,270
2.83:  82.7,18.5,270
2.84:  82.7,18.5,270
2.86:  82.7,18.5,270
2.88:  82.7,18.5,270
2.89:  82.7,18.5,270
2.91:  82.7,18.5,270
2.93:  82.7,18.5,270
2.94:  82.7,18.5,270
2.96:  82.7,18.5,270
2.98:  82.7,18.5,270
2.99:  82.7,18.5,270
3.01:  82.7,18.5,270
3.03:  82.7,18.5,270
3.04:  82.7,18.5,270
3.06:  82.7,18.5,270
3.08:  82.7,18.5,270
3.09:  82.7,18.5,270
3.11:  82.7,18.5,270
3.13:  82.7,18.5,270
3.14:  82.7,18.5,270
3.16:  82.7,18.5,270
3.18:  82.7,18.5,270
3.19:  82.7,18.5,270
3.21:  82.7,18.5,270
3.23:  82.7,18.5,270
3.24:  82.7,18.5,270
3.26:  82.7,18.5,270
3.28:  82.7,18.5,270
3.29:  82.7,18.5,270
3.31:  82.7,18.5,270
3.33:  82.7,18.5,270
3.34:  82.7,18.5,270
3.36:  82.7,18.5,270
3.38:  82.7,18.5,270
3.39:  82.7,18.5,270
3.41:  82.7,18.5,270
3.43:  82.7,18.5,270
3.44:  82.7,18.5,270
3.46:  82.7,18.5,270
3.48:  82.7,18.5,270
3.49:  82.7,18.5,270
3.51:  82.7,18.5,270
3.53:  82.7,18.5,270
3.54:  82.7,18.5,270
3.56:  82.7,18.5,270
3.58:  82.7,18.5,270
3.59:  82.7,18.5,270
3.61:  82.7,18.5,270
3.63:  82.7,18.5,270
3.64:  82.7,18.5,270
3.66:  82.7,18.5,270
3.68:  82.7,18.5,270
3.69:  82.7,18.5,270
3.71:  82.7,18.5,270
3.73:  82.7,18.5,270
3.74:  82.7,18.5,270
3.76:  82.7,18.5,270
3.78:  82.7,18.5,270
3.79:  82.7,18.5,270
3.81:  82.7,18.5,270
3.83:  82.7,18.5,270
3.84:  82.7,18.5,270
3.86:  82.7,18.5,270
3.88:  82.7,18.5,270
3.89:  82.7,18.5,270
3.91:  82.7,18.5,270
3.93:  82.7,18.5,270
3.94:  82.7,18.5,270
3.96:  82.7,18.5,270
3.98:  82.7,18.5,270
3.99:  82.7,18.5,270
4.01:  82.7,18.5,270
4.03:  82.7,18.5,270
4.04:  82.7,18.5,270
4.06:  82.7,18.5,270
4.08:  82.7,18.5,270
4.09:  82.7,18.5,270
4.11:  82.7,18.5,270
4.13:  82.7,18.5,270
4.14:  82.7,18.5,270
4.16:  82.7,18.5,270
4.18:  82.7,18.5,270
4.19:  82.7,18.5,270
4.21:  82.7,18.5,270
4.23:  82.7,18.5,270
4.24:  82.7,18.5,270
4.26:  82.7,18.5,270
4.28:  82.7,18.5,270
4.29:  82.7,18.5,270
4.31:  82.7,18.5,270
4.33:  82.7,18.5,270
4.34:  82.7,18.5,270
4.36:  82.7,18.5,270
4.38:  82.7,18.5,270
4.39:  82.7,18.5,270
4.41:  82.7,18.5,270
4.43:  82.7,18.5,270
4.44:  82.7,18.5,270
4.46:  82.7,18.5,270
4.48:  82.7,18.5,270
4.49:  82.7,18.5,270
4.51:  82.7,18.5,270
4.53:  82.7,18.5,270
4.54:  82.7,18.5,270
4.56:  82.7,18.5,270
4.58:  82.7,18.5,270
4.59:  82.7,18.5,270
4.61:  82.7,18.5,270
4.63:  82.7,18.5,270
4.64:  82.7,18.5,270
4.66:  82.7,18.5,270
4.68:  82.7,18.5,270
4.69:  82.7,18.5,270
4.71:  82.7,18.5,270
4.73:  82.7,18.5,270
4.74:  82.7,18.5,270
4.76:  82.7,18.5,270
4.78:  82.7,18.5,270
4.79:  82.7,18.5,270
4.81:  82.7,18.5,270
4.83:  82.7,18.5,270
4.84:  82.7,18.5,270
4.86:  82.7,18.5,270
4.88:  82.7,18.5,270
4.89:  82.7,18.5,270
4.91:  82.7,18.5,270
4.93:  82.7,18.5,270
4.94:  82.7,18.5,270
4.96:  82.7,18.5,270
4.98:  82.7,18.5,270
4.99:  82.7,18.5,270
5.01:  82.7,18.5,270
5.03:  82.7,18.5,270
5.04:  82.7,18.5,270
5.06:  82.7,18.5,270
5.08:  82.7,18.5,270
5.09:  82.7,18.5,270
5.11:  82.7,18.5,270
5.13:  82.7,18.5,270
5.14:  82.7,18.5,270
5.16:  82.7,18.5,270
5.18:  82.7,18.5,270
5.19:  82.7,18.5,270
5.21:  82.7,18.5,270
5.23:  82.7,18.5,270
5.24:  82.7,18.5,270
5.26:  82.7,18.5,270
5.28:  82.7,18.5,270
5.29:  82.7,18.5,270
5.31:  82.7,18.5,270
5.33:  82.7,18.5,270
5.34:  82.7,18.5,270
5.36:  82.7,18.5,270
5.38:  82.7,18.5,270
5.39:  82.7,18.5,270
5.41:  82.7,18.5,270
5.43:  82.7,18.5,270
5.44:  82.7,18.5,270
5.46:  82.7,18.5,270
5.48:  82.7,18.5,270
5.49:  82.7,18.5,270
5.51:  82.7,18.5,270
5.53:  82.7,18.5,270
5.54:  82.7,18.5,270
5.56:  82.7,18.5,270
5.58:  82.7,18.5,270
5.59:  82.7,18.5,270
5.61:  82.7,18.5,270
5.63:  82.7,18.5,270
5.64:  82.7,18.5,270
5.66:  82.7,18.5,270
5.68:  82.7,18.5,270
5.69:  82.7,18.5,270
5.71:  82.7,18.5,270
5.73:  82.7,18.5,270
5.74:  82.7,18.5,270
5.76:  82.7,18.5,270
5.78:  82.7,18.5,270
5.79:  82.7,18.5,270
5.81:  82.7,18.5,270
5.83:  82.7,18.5,270
5.84:  82.7,18.5,270
5.86:  82.7,18.5,270
5.88:  82.7,18.5,270
5.89:  82.7,18.5,270
5.91:  82.7,18.5,270
5.93:  82.7,18.5,270
5.94:  82.7,18.5,270
5.96:  82.7,18.5,270
5.98:  82.7,18.5,270
5.99:  82.7,18.5,270
6.01:  82.7,18.5,270
6.03:  82.7,18.5,270
6.04:  82.7,18.5,270
6.06:  82.7,18.5,270
6.08:  82.7,18.5,270
6.09:  82.7,18.5,270
6.11:  82.7,18.5,270
6.13:  82.7,18.5,270
6.14:  82.7,18.5,270
6.16:  82.7,18.5,270
6.18:  82.7,18.5,270
6.19:  82.7,18.5,270
6.21:  82.7,18.5,270
6.23:  82.7,18.5,270
6.24:  82.7,18.5,270
6.26:  82.7,18.5,270
6.28:  82.7,18.5,270
6.29:  82.7,18.5,270
6.31:  82.7,18.5,270
6.33:  82.7,18.5,270
6.34:  82.7,18.5,270
6.36:  82.7,18.5,270
6.38:  82.7,18.5,270
6.39:  82.7,18.5,270
6.41:  82.7,18.5,270
6.43:  82.7,18.5,270
6.44:  82.7,18.5,270
6.46:  82.7,18.5,270
6.48:  82.7,18.5,270
6.49:  82.7,18.5,270
6.51:  82.7,18.5,270
6.53:  82.7,18.5,270
6.54:  82.7,18.5,270
6.56:  82.7,18.5,270
6.58:  82.7,18.5,270
6.59:  82.7,18.5,270
6.61:  82.7,18.5,270
6.63:  82.7,18.5,270
6.64:  82.7,18.5,270
6.66:  82.7,18.5,270
6.68:  82.7,18.5,270
6.69:  82.7,18.5,270
6.71:  82.7,18.5,270
6.73:  82.7,18.5,270
6.74:  82.7,18.5,270
6.76:  82.7,18.5,270
6.78:  82.7,18.5,270
6.79:  82.7,18.5,270
6.81:  82.7,18.5,270
6.83:  82.7,18.5,270
6.84:  82.7,18.5,270
6.86:  82.7,18.5,270
6.88:  82.7,18.5,270
6.89:  82.7,18.5,270
6.91:  82.7,18.5,270
6.93:  82.7,18.5,270
6.94:  82.7,18.5,270
6.96:  82.7,18.5,270
6.98:  82.7,18.5,270
6.99:  82.7,18.5,270
7.01:  82.7,18.5,270
7.03:  82.7,18.5,270
7.04:  82.7,18.5,270
7.06:  82.7,18.5,270
7.08:  82.7,18.5,270
7.09:  82.7,18.5,270
7.11:  82.7,18.5,270
7.13:  82.7,18.5,270
7.14:  82.68744,18.5,270
7.16:  82.66219,18.5,270
7.18:  82.62482,18.5,270
7.19:  82.57439,18.5,270
7.21:  82.51289,18.5,270
7.23:  82.4346,18.5,270
7.24:  82.34892,18.5,270
7.26:  82.249,18.5,270
7.28:  82.13728,18.5,270
7.29:  82.01068,18.49956,269.8
7.31:  81.8739,18.49574,268.4
7.33:  81.72375,18.48918,267.5
7.34:  81.55538,18.48065,267.1
7.36:  81.38655,18.47151,266.9
7.38:  81.19904,18.46168,267
7.39:  80.99928,18.45366,267.7
7.41:  80.78708,18.44699,268.2
7.43:  80.56354,18.44153,268.6
7.44:  80.32276,18.43648,268.8
7.46:  80.07301,18.43212,269
7.48:  79.82496,18.42823,269.1
7.49:  79.57368,18.42516,269.3
7.51:  79.32378,18.42385,269.7
7.53:  79.07484,18.42428,270.1
7.54:  78.82154,18.42605,270.4
7.56:  78.57092,18.42824,270.5
7.58:  78.3243,18.43039,270.5
7.59:  78.07446,18.43257,270.5
7.61:  77.82455,18.43475,270.5
7.63:  77.57592,18.43692,270.5
7.64:  77.32287,18.43913,270.5
7.66:  77.07632,18.44128,270.5
7.68:  76.82344,18.44349,270.5
7.69:  76.57361,18.44567,270.5
7.71:  76.32701,18.44782,270.5
7.73:  76.0751,18.45002,270.5
7.74:  75.82442,18.45221,270.5
7.76:  75.5736,18.45439,270.5
7.78:  75.32529,18.45656,270.5
7.79:  75.07312,18.45876,270.5
7.81:  74.82491,18.46093,270.5
7.83:  74.57696,18.46309,270.5
7.84:  74.32426,18.4653,270.5
7.86:  74.0732,18.46749,270.5
7.88:  73.82616,18.46964,270.5
7.89:  73.57188,18.47186,270.5
7.91:  73.32051,18.47406,270.5
7.93:  73.07313,18.47622,270.5
7.94:  72.82199,18.47841,270.5
7.96:  72.57317,18.48058,270.5
7.98:  72.32404,18.48275,270.5
7.99:  72.07546,18.48492,270.5
8.01:  71.80898,18.48725,270.5
8.03:  71.5667,18.48936,270.5
8.04:  71.31878,18.49152,270.5
8.06:  71.07707,18.49363,270.5
8.08:  70.82593,18.49582,270.5
8.09:  70.57376,18.49803,270.5
8.11:  70.32312,18.50065,270.6
8.13:  70.07551,18.50411,270.8
8.14:  69.81333,18.50868,271
8.16:  69.5657,18.51387,271.2
8.18:  69.32392,18.52062,271.6
8.19:  69.07657,18.52969,272.1
8.21:  68.82286,18.53988,272.3
8.23:  68.57652,18.55021,272.4
8.24:  68.32519,18.56118,272.5
8.26:  68.07669,18.57203,272.5
8.28:  67.82726,18.58292,272.5
8.29:  67.5752,18.59349,272.4
8.31:  67.32577,18.60394,272.4
8.33:  67.0761,18.61397,272.3
8.34:  66.82621,18.62357,272.2
8.36:  66.57376,18.63282,272.1
8.38:  66.32195,18.64074,271.8
8.39:  66.07763,18.64799,271.7
8.41:  65.82751,18.6541,271.4
8.43:  65.57907,18.65844,271
8.44:  65.32667,18.65932,270.2
8.46:  65.06483,18.65612,269.3
8.48:  64.82105,18.64974,268.5
8.49:  64.57573,18.6416,268.1
8.51:  64.32687,18.63204,267.8
8.53:  64.07862,18.6212,267.5
8.54:  63.83086,18.61038,267.5
8.56:  63.57898,18.59938,267.5
8.58:  63.32851,18.58845,267.5
8.59:  63.07923,18.57713,267.4
8.61:  62.82903,18.56533,267.3
8.63:  62.5816,18.55366,267.3
8.64:  62.31752,18.54121,267.3
8.66:  62.07319,18.52926,267.2
8.68:  61.82685,18.51635,267
8.69:  61.55939,18.50139,266.8
8.71:  61.32534,18.48626,266.3
8.73:  61.08377,18.46894,265.9
8.74:  60.83109,18.44861,265.4
8.76:  60.58287,18.4269,265
8.78:  60.32515,18.40117,264.3
8.79:  60.08517,18.37679,264.2
8.81:  59.83654,18.3511,264.1
8.83:  59.57031,18.32359,264.1
8.84:  59.33361,18.29913,264.1
8.86:  59.08672,18.27361,264.1
8.88:  58.84318,18.24845,264.1
8.89:  58.59174,18.22291,264.2
8.91:  58.34453,18.19823,264.3
8.93:  58.0965,18.17391,264.4
8.95:  57.85046,18.15065,264.6
8.96:  57.56906,18.12554,264.9
8.98:  57.34361,18.10621,265.1
8.99:  57.10126,18.08629,265.3
9.01:  56.84325,18.06643,265.6
9.03:  56.60336,18.04924,265.9
9.04:  56.35139,18.0325,266.2
9.06:  56.10439,18.01696,266.4
9.08:  55.85408,18.00209,266.6
9.09:  55.60212,17.98756,266.7
9.11:  55.35184,17.97401,266.9
9.13:  55.10437,17.96147,267.1
9.14:  54.84059,17.94903,267.3
9.16:  54.59586,17.93792,267.4
9.18:  54.34754,17.92708,267.5
9.19:  54.08201,17.91595,267.6
9.21:  53.85287,17.90675,267.7
9.23:  53.6061,17.89683,267.7
9.24:  53.35392,17.88715,267.8
9.26:  53.10582,17.87848,268
9.28:  52.85643,17.87065,268.2
9.29:  52.60225,17.86354,268.4
9.31:  52.35913,17.8576,268.6
9.33:  52.09843,17.85214,268.8
9.34:  51.85553,17.8479,269
9.36:  51.60537,17.84397,269.1
9.38:  51.35837,17.84052,269.2
9.39:  51.10573,17.837,269.2
9.41:  50.85697,17.83352,269.2
9.43:  50.60919,17.83006,269.2
9.44:  50.35994,17.82658,269.2
9.46:  50.10556,17.82303,269.2
9.48:  49.85813,17.82001,269.3
9.49:  49.60516,17.81692,269.3
9.51:  49.35965,17.81434,269.4
9.53:  49.09527,17.8125,269.6
9.54:  48.84985,17.81121,269.7
9.56:  48.59994,17.81034,269.8
9.58:  48.35067,17.80991,269.9
9.59:  48.10497,17.80948,269.9
9.61:  47.85631,17.80904,269.9
9.63:  47.60816,17.80861,269.9
9.64:  47.35521,17.80817,269.9
9.66:  47.10666,17.80773,269.9
9.68:  46.8568,17.8073,269.9
9.69:  46.60975,17.80687,269.9
9.71:  46.35672,17.80643,269.9
9.73:  46.10943,17.80599,269.9
9.74:  45.85395,17.80555,269.9
9.76:  45.60637,17.80511,269.9
9.78:  45.35769,17.80468,269.9
9.79:  45.10666,17.80424,269.9
9.81:  44.85634,17.8038,269.9
9.83:  44.61008,17.80338,269.9
9.84:  44.35065,17.80292,269.9
9.86:  44.10032,17.80248,269.9
9.88:  43.85542,17.80206,269.9
9.89:  43.60367,17.80162,269.9
9.91:  43.35905,17.80119,269.9
9.93:  43.09584,17.80073,269.9
9.94:  42.85313,17.80031,269.9
9.96:  42.60184,17.79987,269.9
9.98:  42.35763,17.79944,269.9
9.99:  42.1024,17.799,269.9
10.01:  41.85506,17.79856,269.9
10.03:  41.60576,17.79813,269.9
10.04:  41.3559,17.79769,269.9
10.06:  41.10642,17.79726,269.9
10.08:  40.85822,17.79683,269.9
10.09:  40.60471,17.79638,269.9
10.11:  40.35548,17.79595,269.9
10.13:  40.10829,17.79552,269.9
10.14:  39.85593,17.79507,269.9
10.16:  39.60562,17.79464,269.9
10.18:  39.35735,17.7942,269.9
10.19:  39.1063,17.79377,269.9
10.21:  38.84607,17.79331,269.9
10.23:  38.60116,17.79288,269.9
10.24:  38.35344,17.79245,269.9
10.26:  38.10646,17.79202,269.9
10.28:  37.8472,17.79157,269.9
10.29:  37.60309,17.79114,269.9
10.31:  37.3543,17.79027,269.8
10.33:  37.10583,17.78854,269.6
10.34:  36.85785,17.78594,269.4
10.36:  36.60605,17.78287,269.3
10.38:  36.35257,17.77888,269.1
10.39:  36.10846,17.77505,269.1
10.41:  35.85466,17.77062,269
10.43:  35.60802,17.76588,268.9
10.44:  35.35689,17.76106,268.9
10.46:  35.10926,17.75631,268.9
10.48:  34.85783,17.75104,268.8
10.49:  34.60558,17.74575,268.8
10.51:  34.35848,17.74058,268.8
10.53:  34.10813,17.73533,268.8
10.54:  33.8566,17.73006,268.8
10.56:  33.6058,17.72481,268.8
10.58:  33.35886,17.71964,268.8
10.59:  33.10648,17.71435,268.8
10.61:  32.85783,17.70914,268.8
10.63:  32.60909,17.70393,268.8
10.64:  32.3575,17.69866,268.8
10.66:  32.105,17.69337,268.8
10.68:  31.85805,17.6882,268.8
10.69:  31.56158,17.68199,268.8
10.71:  31.35304,17.67762,268.8
10.73:  31.10087,17.67234,268.8
10.74:  30.85398,17.66717,268.8
10.76:  30.6096,17.66205,268.8
10.78:  30.35945,17.65681,268.8
10.79:  30.107,17.65152,268.8
10.81:  29.85748,17.64629,268.8
10.83:  29.61017,17.64111,268.8
10.84:  29.35753,17.63582,268.8
10.86:  29.10833,17.6306,268.8
10.88:  28.85783,17.62535,268.8
10.89:  28.59987,17.61995,268.8
10.91:  28.35146,17.61475,268.8
10.93:  28.10494,17.60958,268.8
10.94:  27.85221,17.60429,268.8
10.96:  27.60821,17.59918,268.8
10.98:  27.35782,17.59393,268.8
10.99:  27.10636,17.58866,268.8
11.01:  26.85889,17.58348,268.8
11.03:  26.61094,17.57829,268.8
11.04:  26.35704,17.57297,268.8
11.06:  26.10647,17.56728,268.7
11.08:  25.85986,17.56125,268.6
11.09:  25.60692,17.55507,268.6
11.11:  25.35859,17.54857,268.5
11.13:  25.1107,17.54208,268.5
11.14:  24.84221,17.53505,268.5
11.16:  24.59751,17.52821,268.4
11.18:  24.35662,17.52148,268.4
11.19:  24.10551,17.51447,268.4
11.21:  23.85652,17.50751,268.4
11.23:  23.60861,17.50059,268.4
11.24:  23.35766,17.49358,268.4
11.26:  23.1069,17.48657,268.4
11.28:  22.85936,17.47966,268.4
11.29:  22.60834,17.47265,268.4
11.31:  22.36037,17.46572,268.4
11.33:  22.11036,17.45874,268.4
11.34:  21.85901,17.45172,268.4
11.36:  21.61056,17.44478,268.4
11.38:  21.36226,17.43784,268.4
11.39:  21.11166,17.43084,268.4
11.41:  20.86141,17.42385,268.4
11.43:  20.61135,17.41687,268.4
11.44:  20.3605,17.40986,268.4
11.46:  20.11024,17.40287,268.4
11.48:  19.86244,17.39595,268.4
11.49:  19.61032,17.3889,268.4
11.51:  19.36118,17.38194,268.4
11.53:  19.1133,17.37502,268.4
11.54:  18.85962,17.36749,268.3
11.56:  18.61075,17.3588,268
11.58:  18.36246,17.34839,267.6
11.59:  18.11308,17.33358,266.6
11.61:  17.8624,17.31649,266.1
11.63:  17.61559,17.29793,265.7
11.64:  17.36471,17.2773,265.3
11.66:  17.11435,17.25496,264.9
11.68:  16.86747,17.23162,264.6
11.69:  16.61516,17.20644,264.3
11.71:  16.36765,17.17999,263.9
11.73:  16.10802,17.15087,263.6
11.74:  15.8657,17.12197,263.2
11.76:  15.62143,17.09111,262.8
11.78:  15.35646,17.0534,261.9
11.79:  15.13295,17.0188,261.2
11.81:  14.88097,16.97618,260.4
11.83:  14.63665,16.93134,259.6
11.84:  14.39073,16.88309,258.9
11.86:  14.14701,16.83217,258.2
11.88:  13.90493,16.77762,257.3
11.89:  13.65991,16.71789,256.3
11.91:  13.41906,16.65425,255.2
11.93:  13.17995,16.58524,253.9
11.94:  12.93857,16.50821,252.3
11.96:  12.70522,16.42465,250.3
11.98:  12.47474,16.32252,246.1
11.99:  12.25498,16.21055,243
12.01:  12.03604,16.08414,240
12.03:  11.83017,15.94994,236.9
12.04:  11.62571,15.79975,233.7
12.06:  11.43189,15.64054,230.6
12.08:  11.24932,15.47558,227.9
12.09:  11.06828,15.29829,225.6
12.11:  10.89488,15.11998,224.2
12.13:  10.72362,14.94077,223.7
12.14:  10.55048,14.75703,223.3
12.16:  10.38085,14.57576,223.1
12.18:  10.205,14.38718,223
12.19:  10.03797,14.20807,223
12.21:  9.863765,14.02126,223
12.23:  9.692456,13.83755,223
12.24:  9.527492,13.66065,223
12.26:  9.355403,13.4761,223
12.28:  9.187444,13.29599,223
12.29:  9.01579,13.11191,223
12.31:  8.844972,12.92873,223
12.33:  8.676745,12.74833,223
12.34:  8.503948,12.56303,223
12.36:  8.333001,12.38099,223.2
12.38:  8.152504,12.20237,225.3
12.39:  7.979087,12.03016,225.2
12.41:  7.803062,11.84978,224.3
12.43:  7.635634,11.66834,222.7
12.44:  7.472012,11.47541,220.3
12.46:  7.319369,11.27503,217.3
12.48:  7.18119,11.07018,214
12.49:  7.052703,10.85378,210.7
12.51:  6.937214,10.63193,207.5
12.53:  6.832281,10.4069,205
12.54:  6.733,10.17637,203.3
12.56:  6.637419,9.945618,202.5
12.58:  6.541395,9.709138,202.1
12.59:  6.450261,9.483573,202
12.61:  6.356435,9.250175,201.9
12.63:  6.264575,9.019341,201.7
12.64:  6.171742,8.784871,201.6
12.66:  6.080588,8.554643,201.6
12.68:  5.985188,8.312455,201.5
12.69:  5.897391,8.089571,201.5
12.71:  5.805145,7.855391,201.5
12.73:  5.713556,7.622878,201.5
12.74:  5.622119,7.390751,201.5
12.76:  5.530229,7.157475,201.5
12.78:  5.438732,6.921583,201.2
12.79:  5.351407,6.694093,201
12.81:  5.26365,6.458121,200.4
12.83:  5.176343,6.208814,199.3
12.84:  5.101271,5.974991,197.8
12.86:  5.031823,5.73595,196.2
12.88:  4.969106,5.498577,194.8
12.89:  4.91033,5.257467,193.7
12.91:  4.853508,5.013287,193.1
12.93:  4.798575,4.771501,192.8
12.94:  4.742822,4.526102,192.8
12.96:  4.68816,4.283551,192.7
12.98:  4.633571,4.041317,192.7
12.99:  4.578054,3.796959,192.8
13.01:  4.520435,3.551302,193.2
13.03:  4.461312,3.312396,193.9
13.04:  4.397156,3.067847,194.7
13.06:  4.333646,2.825761,194.7
13.08:  4.270271,2.58419,194.7
13.09:  4.206901,2.342637,194.7
13.11:  4.143233,2.099952,194.7
13.13:  4.080538,1.860973,194.7
13.14:  4.016106,1.615371,194.7
13.16:  3.950906,1.366846,194.7
13.18:  3.889446,1.132573,194.7
13.19:  3.825181,0.8876114,194.7
13.21:  3.762615,0.6491237,194.7
13.23:  3.699477,0.4084554,194.7
13.24:  3.635257,0.1636622,194.7
13.26:  3.572827,-0.0743075,194.7
13.28:  3.5087,-0.3187438,194.7
13.29:  3.445521,-0.559566,194.7
13.31:  3.381923,-0.801987,194.7
13.33:  3.31937,-1.040427,194.7
13.34:  3.255312,-1.2846,194.7
13.36:  3.19074,-1.528994,194.8
13.38:  3.128444,-1.766452,194.7
13.39:  3.068402,-2.009073,193.9
13.41:  3.010663,-2.255244,193.2
13.43:  2.956988,-2.49937,192.4
13.44:  2.909082,-2.741312,191.2
13.46:  2.866891,-2.990759,189.6
13.48:  2.831993,-3.239073,188
13.49:  2.803766,-3.486819,186.5
13.51:  2.780558,-3.736988,185.3
13.53:  2.761116,-3.984024,184.5
13.54:  2.74398,-4.235379,183.9
13.56:  2.728873,-4.482392,183.5
13.58:  2.714971,-4.739074,183.1
13.59:  2.703146,-4.980865,182.8
13.61:  2.692549,-5.23369,182.4
13.63:  2.684371,-5.480216,181.9
13.64:  2.678639,-5.732783,181.3
13.66:  2.675137,-5.983608,180.8
13.68:  2.672977,-6.231097,180.5
13.69:  2.671673,-6.480047,180.3
13.71:  2.670352,-6.732437,180.3
13.73:  2.66948,-6.982007,180.2
13.74:  2.668614,-7.230279,180.2
13.76:  2.667742,-7.479987,180.2
13.78:  2.666866,-7.730882,180.2
13.79:  2.665987,-7.982715,180.2
13.81:  2.665115,-8.232506,180.2
13.83:  2.664248,-8.481052,180.2
13.84:  2.663372,-8.731774,180.2
13.86:  2.662496,-8.982718,180.2
13.88:  2.661635,-9.229402,180.2
13.89:  2.660751,-9.482758,180.2
13.91:  2.65988,-9.732177,180.2
13.93:  2.659011,-9.981212,180.2
13.94:  2.658137,-10.23133,180.2
13.96:  2.65726,-10.48274,180.2
13.98:  2.656389,-10.73223,180.2
13.99:  2.655522,-10.98047,180.2
14.01:  2.654642,-11.23257,180.2
14.03:  2.65378,-11.47962,180.2
14.04:  2.652895,-11.73296,180.2
14.06:  2.651581,-11.98402,180.3
14.08:  2.650294,-12.22974,180.3
14.09:  2.648972,-12.48223,180.3
14.11:  2.647655,-12.73381,180.3
14.13:  2.646361,-12.9808,180.3
14.14:  2.645034,-13.23426,180.3
14.16:  2.643734,-13.48255,180.3
14.18:  2.642368,-13.74349,180.3
14.19:  2.641117,-13.98232,180.3
14.21:  2.639828,-14.22859,180.3
14.23:  2.638505,-14.4811,180.3
14.24:  2.63719,-14.73237,180.3
14.26:  2.635876,-14.9832,180.3
14.28:  2.634581,-15.23065,180.3
14.29:  2.633263,-15.48234,180.3
14.31:  2.631961,-15.73099,180.3
14.33:  2.630653,-15.98081,180.3
14.34:  2.628888,-16.2335,180.4
14.36:  2.627143,-16.48353,180.4
14.38:  2.625417,-16.73078,180.4
14.39:  2.62365,-16.98379,180.4
14.41:  2.621865,-17.23953,180.4
14.43:  2.620184,-17.48026,180.4
14.44:  2.618441,-17.72988,180.4
14.46:  2.616676,-17.98266,180.4
14.48:  2.61495,-18.22991,180.4
14.49:  2.613206,-18.47969,180.4
14.51:  2.61144,-18.73264,180.4
14.53:  2.609701,-18.98181,180.4
14.54:  2.607948,-19.23288,180.4
14.56:  2.606205,-19.48258,180.4
14.58:  2.604459,-19.73254,180.4
14.59:  2.602709,-19.98322,180.4
14.61:  2.600965,-20.23299,180.4
14.63:  2.599239,-20.48022,180.4
14.64:  2.597472,-20.73339,180.4
14.66:  2.595737,-20.98184,180.4
14.68:  2.593996,-21.23123,180.4
14.69:  2.592244,-21.48222,180.4
14.71:  2.59051,-21.73053,180.4
14.73:  2.588767,-21.98023,180.4
14.74:  2.587007,-22.23232,180.4
14.76:  2.585258,-22.4828,180.4
14.78:  2.583536,-22.72947,180.4
14.79:  2.581791,-22.97938,180.4
14.81:  2.580028,-23.23199,180.4
14.83:  2.578292,-23.48053,180.4
14.84:  2.576498,-23.73759,180.4
14.86:  2.574749,-23.988,180.4
14.88:  2.573048,-24.23162,180.4
14.89:  2.571288,-24.48374,180.4
14.91:  2.569549,-24.73281,180.4
14.93:  2.567812,-24.98159,180.4
14.94:  2.566067,-25.23161,180.4
14.96:  2.564314,-25.48271,180.4
14.98:  2.562591,-25.72945,180.4
14.99:  2.560821,-25.983,180.4
15.01:  2.559082,-26.23213,180.4
15.03:  2.557344,-26.48107,180.4
15.04:  2.555609,-26.72957,180.4
15.06:  2.553849,-26.98162,180.4
15.08:  2.552106,-27.23126,180.4
15.09:  2.55034,-27.48424,180.4
15.11:  2.548604,-27.73292,180.4
15.13:  2.546833,-27.98654,180.4
15.14:  2.545106,-28.2339,180.4
15.16:  2.543395,-28.47904,180.4
15.18:  2.54163,-28.73178,180.4
15.19:  2.53988,-28.98246,180.4
15.21:  2.538128,-29.23343,180.4
15.23:  2.53684,-29.47935,180.3
15.24:  2.535508,-29.73363,180.3
15.26:  2.5342,-29.98344,180.3
15.28:  2.532903,-30.23127,180.3
15.29:  2.531604,-30.47938,180.3
15.31:  2.530281,-30.73197,180.3
15.33:  2.528986,-30.97931,180.3
15.34:  2.527666,-31.23141,180.3
15.36:  2.526364,-31.47998,180.3
15.38:  2.525053,-31.73041,180.3
15.39:  2.523729,-31.98323,180.3
15.41:  2.522428,-32.23178,180.3
15.43:  2.521127,-32.48024,180.3
15.44:  2.519809,-32.73178,180.3
15.46:  2.51849,-32.98378,180.3
15.48:  2.517203,-33.22959,180.3
15.49:  2.515868,-33.48455,180.3
15.51:  2.514565,-33.73341,180.3
15.53:  2.513259,-33.98272,180.3
15.54:  2.511947,-34.23334,180.3
15.56:  2.51066,-34.47909,180.3
15.58:  2.509338,-34.73163,180.3
15.59:  2.508028,-34.98177,180.3
15.61:  2.506715,-35.23257,180.3
15.63:  2.505378,-35.48778,180.3
15.64:  2.504065,-35.73854,180.3
15.66:  2.502777,-35.98465,180.3
15.68:  2.501425,-36.24286,180.3
15.69:  2.500153,-36.48579,180.3
15.71:  2.498841,-36.73623,180.3
15.73:  2.497558,-36.98122,180.3
15.74:  2.496234,-37.23415,180.3
15.76:  2.494933,-37.48256,180.3
15.78:  2.493626,-37.7322,180.3
15.79:  2.49231,-37.98349,180.3
15.81:  2.490989,-38.23572,180.3
15.83:  2.489702,-38.48165,180.3
15.84:  2.488377,-38.73469,180.3
15.86:  2.487094,-38.9796,180.3
15.88:  2.485786,-39.22943,180.3
15.89:  2.48446,-39.48264,180.3
15.91:  2.483153,-39.73231,180.3
15.93:  2.481857,-39.9799,180.3
15.94:  2.480538,-40.23175,180.3
15.96:  2.479217,-40.48396,180.3
15.98:  2.477931,-40.72948,180.3
15.99:  2.4766,-40.98378,180.3
16.01:  2.475317,-41.22876,180.3
16.03:  2.473999,-41.48053,180.3
16.04:  2.472677,-41.73289,180.3
16.06:  2.471368,-41.98287,180.3
16.08:  2.470079,-42.22903,180.3
16.09:  2.468739,-42.48507,180.3
16.11:  2.467444,-42.73235,180.3
16.13:  2.466132,-42.98296,180.3
16.14:  2.464824,-43.23272,180.3
16.16:  2.463511,-43.48352,180.3
16.18:  2.46222,-43.73002,180.3
16.19:  2.460894,-43.98332,180.3
16.21:  2.459605,-44.22949,180.3
16.23:  2.458298,-44.47908,180.3
16.24:  2.456989,-44.72909,180.3
16.26:  2.455666,-44.98174,180.3
16.28:  2.45393,-45.23033,180.4
16.29:  2.452171,-45.4823,180.4
16.31:  2.450858,-45.73309,180.3
16.33:  2.450858,-45.97954,180
16.34:  2.453958,-46.23329,179.3
16.36:  2.4604,-46.47931,178.5
16.38:  2.476868,-46.73397,176.3
16.39:  2.502516,-46.97799,174
16.41:  2.539844,-47.22481,171.4
16.43:  2.589239,-47.46978,168.6
16.44:  2.651742,-47.71499,165.7
16.46:  2.724349,-47.951,162.9
16.48:  2.808657,-48.18647,160.3
16.49:  2.902925,-48.42097,158.1
16.51:  3.004805,-48.6498,156
16.53:  3.114687,-48.87509,154
16.54:  3.230474,-49.0947,152.2
16.56:  3.354557,-49.31401,150.5
16.58:  3.481908,-49.52513,148.9
16.59:  3.622476,-49.73353,146
16.61:  3.773346,-49.93966,143.8
16.63:  3.927876,-50.13533,141.7
16.64:  4.087767,-50.32254,139.5
16.66:  4.259087,-50.5069,137.1
16.68:  4.435307,-50.67947,134.4
16.69:  4.624667,-50.84759,131.6
16.71:  4.816784,-51.00317,129
16.73:  5.018344,-51.15123,126.3
16.74:  5.228449,-51.29082,123.6
16.76:  5.441703,-51.41997,121.2
16.78:  5.657468,-51.53957,119
16.79:  5.882086,-51.65059,116.3
16.81:  6.111827,-51.75674,114.8
16.83:  6.337571,-51.85537,113.6
16.84:  6.581187,-51.95727,112.7
16.86:  6.806916,-52.04802,111.9
16.88:  7.03977,-52.13787,111.1
16.89:  7.2708,-52.22379,110.4
16.91:  7.506524,-52.30772,109.6
16.93:  7.740752,-52.38792,108.9
16.94:  7.980857,-52.46779,108.4
16.96:  8.215605,-52.54452,108.1
16.98:  8.455747,-52.62208,107.9
16.99:  8.69448,-52.69919,107.9
17.01:  8.929963,-52.77525,107.9
17.03:  9.16718,-52.85141,107.8
17.04:  9.40152,-52.92665,107.8
17.06:  9.640403,-53.00335,107.8
17.08:  9.886222,-53.08227,107.8
17.09:  10.12108,-53.15767,107.8
17.11:  10.35905,-53.23316,107.6
17.13:  10.59566,-53.30777,107.5
17.14:  10.83749,-53.38216,107.1
17.16:  11.07726,-53.45455,106.8
17.18:  11.31192,-53.5254,106.8
17.19:  11.55431,-53.59858,106.8
17.21:  11.79163,-53.67023,106.8
17.23:  12.03046,-53.74234,106.8
17.24:  12.27068,-53.81487,106.8
17.26:  12.51225,-53.8878,106.8
17.28:  12.74798,-53.95897,106.8
17.29:  12.99001,-54.03205,106.8
17.31:  13.23067,-54.10471,106.8
17.33:  13.46647,-54.1759,106.8
17.34:  13.70967,-54.24932,106.8
17.36:  13.94767,-54.32118,106.8
17.38:  14.18583,-54.39308,106.8
17.39:  14.42398,-54.46498,106.8
17.41:  14.66323,-54.53722,106.8
17.43:  14.90123,-54.60908,106.8
17.44:  15.14201,-54.68177,106.8
17.46:  15.38353,-54.75469,106.8
17.48:  15.62346,-54.82713,106.8
17.49:  15.86001,-54.899,106.9
17.51:  16.09954,-54.97315,107.2
17.53:  16.33638,-55.04964,107.9
17.54:  16.57628,-55.13038,108.6
17.56:  16.8128,-55.21182,109
17.58:  17.04635,-55.29224,109
17.59:  17.28475,-55.37432,109
17.61:  17.52138,-55.45534,108.9
17.63:  17.75744,-55.53524,108.7
17.64:  17.99662,-55.61435,108.3
17.66:  18.23604,-55.68983,107.5
17.68:  18.48181,-55.76403,106.8
17.69:  18.71611,-55.83122,106
17.71:  18.95315,-55.89607,105.3
17.73:  19.19494,-55.9604,104.9
17.74:  19.43941,-56.02454,104.7
17.76:  19.6805,-56.08779,104.7
17.78:  19.91946,-56.15047,104.7
17.79:  20.16428,-56.21424,104.6
17.81:  20.40362,-56.27614,104.5
17.83:  20.64506,-56.33813,104.4
17.84:  20.89109,-56.40039,104.2
17.86:  21.13218,-56.46095,104.1
17.88:  21.37421,-56.52084,103.9
17.89:  21.61885,-56.58048,103.7
17.91:  21.86337,-56.63964,103.6
17.93:  22.11531,-56.69966,103.4
17.94:  22.34676,-56.75437,103.3
17.96:  22.59096,-56.8112,103.1
17.98:  22.83836,-56.86786,102.9
17.99:  23.07877,-56.92248,102.8
18.01:  23.32089,-56.97749,102.8
18.03:  23.5638,-57.03267,102.8
18.04:  23.80685,-57.08745,102.7
18.06:  24.06252,-57.14507,102.7
18.08:  24.30308,-57.19884,102.6
18.09:  24.54252,-57.25192,102.5
18.11:  24.78779,-57.30584,102.4
18.13:  25.03004,-57.35822,102.2
18.14:  25.2762,-57.41099,102.1
18.16:  25.52202,-57.46325,102
18.18:  25.76351,-57.51413,101.9
18.19:  26.01082,-57.5658,101.8
18.21:  26.25438,-57.61624,101.7
18.23:  26.49725,-57.66653,101.7
18.24:  26.75027,-57.71893,101.7
18.26:  26.99413,-57.76943,101.7
18.28:  27.23373,-57.81861,101.6
18.29:  27.47956,-57.86908,101.6
18.31:  27.72517,-57.91905,101.5
18.33:  27.96725,-57.9683,101.5
18.34:  28.21703,-58.01866,101.4
18.36:  28.45762,-58.06674,101.3
18.38:  28.70152,-58.11503,101.2
18.39:  28.94887,-58.16311,101
18.41:  29.19218,-58.21041,101
18.43:  29.4363,-58.25742,100.9
18.44:  29.68599,-58.3055,100.9
18.46:  29.92871,-58.3518,100.8
18.48:  30.17538,-58.39841,100.7
18.49:  30.42261,-58.44512,100.7
18.51:  30.66906,-58.49125,100.6
18.53:  30.91078,-58.53605,100.5
18.54:  31.15963,-58.58217,100.5
18.56:  31.4065,-58.62748,100.4
18.58:  31.66216,-58.67393,100.3
18.59:  31.90329,-58.71776,100.3
18.61:  32.14737,-58.76168,100.2
18.63:  32.39463,-58.80616,100.2
18.64:  32.63563,-58.84909,100.1
18.66:  32.88169,-58.89248,99.99997
18.68:  33.12519,-58.93497,99.89996
18.69:  33.37558,-58.97823,99.79997
18.71:  33.63231,-59.02211,99.69997
18.73:  33.87341,-59.06245,99.49998
18.74:  34.11598,-59.10261,99.39997
18.76:  34.36381,-59.1432,99.29997
18.78:  34.61023,-59.18267,99.09998
18.79:  34.85709,-59.22132,98.89997
18.81:  35.10432,-59.25871,98.59998
18.83:  35.34776,-59.29423,98.29997
18.84:  35.59906,-59.32999,98.09998
18.86:  35.84499,-59.36324,97.69997
18.88:  36.10522,-59.39612,97.19998
18.89:  36.34925,-59.42435,96.59998
18.91:  36.59454,-59.45013,95.99998
18.93:  36.83843,-59.47362,95.49998
18.94:  37.08841,-59.49637,95.19998
18.96:  37.33664,-59.51809,94.99998
18.98:  37.58707,-59.53867,94.69998
18.99:  37.83141,-59.5579,94.49998
19.01:  38.08491,-59.57652,94.19997
19.03:  38.33107,-59.5933,93.89997
19.04:  38.58442,-59.6088,93.49998
19.06:  38.83423,-59.6232,93.29997
19.08:  39.08032,-59.63653,93.09998
19.09:  39.33097,-59.64923,92.89998
19.11:  39.58234,-59.66108,92.69997
19.13:  39.82998,-59.67233,92.59997
19.14:  40.09246,-59.68333,92.39998
19.16:  40.339,-59.69237,92.09998
19.18:  40.58508,-59.69924,91.59998
19.19:  40.82956,-59.70522,91.39997
19.21:  41.08183,-59.7105,91.19997
19.23:  41.32885,-59.71524,91.09998
19.24:  41.5817,-59.7201,91.09998
19.26:  41.83551,-59.72453,90.99998
19.28:  42.07862,-59.72877,90.99998
19.29:  42.32802,-59.73312,90.99998
19.31:  42.57851,-59.73706,90.89999
19.33:  42.84121,-59.74073,90.79998
19.34:  43.08404,-59.74412,90.79998
19.36:  43.34333,-59.74774,90.79998
19.38:  43.58369,-59.75109,90.79998
19.39:  43.83248,-59.75457,90.79998
19.41:  44.07864,-59.75801,90.79998
19.43:  44.33051,-59.76152,90.79998
19.44:  44.58244,-59.76504,90.79998
19.46:  44.82989,-59.76849,90.79998
19.48:  45.07873,-59.77197,90.79998
19.49:  45.33002,-59.77548,90.79998
19.51:  45.58127,-59.77899,90.79998
19.53:  45.8277,-59.78243,90.79998
19.54:  46.08084,-59.78596,90.79998
19.56:  46.33054,-59.78945,90.79998
19.58:  46.57827,-59.79291,90.79998
19.59:  46.82965,-59.79642,90.79998
19.61:  47.0814,-59.79993,90.79998
19.63:  47.32693,-59.80336,90.79998
19.64:  47.59108,-59.80705,90.79998
19.66:  47.8302,-59.81039,90.79998
19.68:  48.07765,-59.81385,90.79998
19.69:  48.33254,-59.81741,90.79998
19.71:  48.57902,-59.82085,90.79998
19.73:  48.82824,-59.82433,90.79998
19.74:  49.08007,-59.82784,90.79998
19.76:  49.33099,-59.83134,90.79998
19.78:  49.57841,-59.8348,90.79998
19.79:  49.82962,-59.83831,90.79998
19.81:  50.07938,-59.8418,90.79998
19.83:  50.34035,-59.84544,90.79998
19.84:  50.58266,-59.84882,90.79998
19.86:  50.8341,-59.85233,90.79998
19.88:  51.09075,-59.85592,90.79998
19.89:  51.34003,-59.85983,90.89999
19.91:  51.58319,-59.8645,91.09999
19.93:  51.82721,-59.86961,91.19999
19.94:  52.08294,-59.87542,91.3
19.96:  52.32714,-59.88139,91.39999
19.98:  52.57766,-59.88751,91.39999
19.99:  52.82883,-59.89408,91.49999
20.01:  53.07954,-59.90065,91.49999
20.03:  53.32582,-59.9071,91.49999
20.04:  53.57899,-59.91373,91.49999
20.06:  53.82888,-59.92027,91.49999
20.08:  54.0766,-59.92676,91.49999
20.09:  54.3283,-59.93335,91.49999
20.11:  54.57577,-59.93983,91.49999
20.13:  54.82641,-59.94639,91.49999
20.14:  55.08931,-59.95328,91.49999
20.16:  55.33335,-59.95967,91.49999
20.18:  55.57836,-59.96608,91.49999
20.19:  55.83292,-59.97275,91.49999
20.21:  56.07833,-59.97918,91.49999
20.23:  56.32924,-59.98575,91.49999
20.24:  56.58031,-59.99232,91.49999
20.26:  56.82874,-59.99883,91.49999
20.28:  57.07621,-60.00531,91.49999
20.29:  57.32852,-60.01191,91.49999
20.31:  57.57647,-60.01841,91.49999
20.33:  57.82464,-60.02491,91.49999
20.34:  58.07772,-60.03153,91.49999
20.36:  58.32841,-60.0381,91.49999
20.38:  58.57401,-60.04453,91.49999
20.39:  58.82832,-60.05119,91.49999
20.41:  59.07407,-60.05762,91.49999
20.43:  59.32407,-60.06417,91.49999
20.44:  59.5751,-60.07074,91.49999
20.46:  59.8231,-60.07724,91.49999
20.48:  60.07633,-60.08387,91.49999
20.49:  60.32562,-60.0904,91.49999
20.51:  60.57586,-60.09695,91.49999
20.53:  60.8251,-60.10347,91.49999
20.54:  61.07282,-60.11039,91.6
20.56:  61.32112,-60.11733,91.6
20.58:  61.57335,-60.12482,91.7
20.59:  61.82389,-60.13225,91.7
20.61:  62.0771,-60.13977,91.7
20.63:  62.32373,-60.14666,91.6
20.64:  62.57687,-60.15329,91.49999
20.66:  62.82501,-60.15978,91.49999
20.68:  63.07362,-60.16629,91.49999
20.69:  63.32588,-60.1729,91.49999
20.71:  63.57669,-60.17947,91.49999
20.73:  63.82486,-60.18596,91.49999
20.74:  64.07486,-60.19251,91.49999
20.76:  64.32643,-60.1991,91.49999
20.78:  64.58079,-60.20576,91.49999
20.79:  64.82798,-60.21223,91.49999
20.81:  65.07461,-60.21869,91.49999
20.83:  65.32626,-60.22528,91.49999
20.84:  65.57466,-60.23178,91.49999
20.86:  65.82632,-60.23837,91.49999
20.88:  66.07346,-60.24442,91.39999
20.89:  66.32536,-60.25013,91.3
20.91:  66.57535,-60.25493,91.09999
20.93:  66.82603,-60.25931,90.99999
20.94:  67.07532,-60.26366,90.99999
20.96:  67.32579,-60.26803,90.99999
20.98:  67.57162,-60.27232,90.99999
20.99:  67.82501,-60.27674,90.99999
21.01:  68.07291,-60.28107,90.99999
21.03:  68.32158,-60.28541,90.99999
21.04:  68.57566,-60.28984,90.99999
21.06:  68.82442,-60.29419,90.99999
21.08:  69.07162,-60.2985,90.99999
21.09:  69.32487,-60.30248,90.89999
21.11:  69.57526,-60.30642,90.89999
21.13:  69.82128,-60.31028,90.89999
21.14:  70.07688,-60.31474,91
21.16:  70.3252,-60.31908,91
21.18:  70.57771,-60.32393,91.1
21.19:  70.82092,-60.32902,91.2
21.21:  71.07643,-60.33482,91.3
21.23:  71.32104,-60.34037,91.3
21.24:  71.57216,-60.34607,91.3
21.26:  71.82508,-60.35225,91.40001
21.28:  72.07086,-60.35868,91.5
21.29:  72.32473,-60.36578,91.60001
21.31:  72.57468,-60.37319,91.7
21.33:  72.82151,-60.38095,91.8
21.34:  73.07508,-60.38936,91.9
21.36:  73.32596,-60.39812,92
21.38:  73.5744,-60.40723,92.1
21.39:  73.82243,-60.41676,92.2
21.41:  74.07413,-60.42687,92.3
21.43:  74.32066,-60.4372,92.4
21.44:  74.57334,-60.44823,92.5
21.46:  74.82258,-60.45912,92.5
21.48:  75.06963,-60.47034,92.6
21.49:  75.32121,-60.48176,92.6
21.51:  75.56924,-60.49346,92.7
21.53:  75.81961,-60.50526,92.7
21.54:  76.06961,-60.51749,92.8
21.56:  76.31711,-60.5296,92.8
21.58:  76.56721,-60.54183,92.8
21.61:  76.81879,-60.55413,92.8
21.63:  77.07038,-60.56688,92.90001
21.64:  77.31654,-60.57935,92.90001
21.66:  77.57023,-60.5922,92.90001
21.68:  77.81494,-60.6046,92.90001
21.69:  78.06584,-60.61731,92.90001
21.71:  78.31715,-60.63004,92.90001
21.73:  78.56849,-60.64277,92.90001
21.74:  78.81365,-60.65519,92.90001
21.76:  79.06519,-60.66793,92.90001
21.78:  79.3131,-60.68049,92.90001
21.79:  79.56319,-60.69316,92.90001
21.81:  79.814,-60.70586,92.90001
21.83:  80.0659,-60.71862,92.90001
21.84:  80.31553,-60.73083,92.8
21.86:  80.56584,-60.74264,92.7
21.88:  80.81373,-60.75389,92.60001
21.89:  81.06248,-60.76432,92.4
21.91:  81.31528,-60.77403,92.2
21.93:  81.56508,-60.78014,91.40001
21.94:  81.80239,-60.77889,89.7
21.96:  82.02779,-60.76748,87.1
21.98:  82.23688,-60.74328,83.40001
21.99:  82.43403,-60.69849,77.2
22.01:  82.61057,-60.64351,72.70001
22.03:  82.77412,-60.57743,68.00001
22.04:  82.91788,-60.50481,63.20001
22.06:  83.04773,-60.42586,58.7
22.08:  83.15867,-60.34614,54.3
22.09:  83.25466,-60.26645,50.30001
22.11:  83.33582,-60.18917,46.40001
22.13:  83.40506,-60.11465,42.90001
22.14:  83.4605,-60.0481,39.80001
22.16:  83.50618,-59.98793,37.20001
22.18:  83.54175,-59.93713,35.00001
22.19:  83.56988,-59.89246,32.20001
22.21:  83.58768,-59.86236,30.60001
22.23:  83.60004,-59.84024,29.20001
22.24:  83.60593,-59.82922,28.10001
22.26:  83.60593,-59.82922,27.20001
22.28:  83.61123,-59.81868,26.70001
22.29:  83.62188,-59.79721,26.40001
22.31:  83.63856,-59.76347,26.30001
22.33:  83.66034,-59.71881,26.00001
22.34:  83.68765,-59.66104,25.30001
22.36:  83.71793,-59.59397,24.30001
22.38:  83.75231,-59.51415,23.30001
22.39:  83.79038,-59.42086,22.20001
22.41:  83.83041,-59.31975,21.60001
22.43:  83.87534,-59.20211,20.90001
22.44:  83.92158,-59.07574,20.10001
22.46:  83.97115,-58.9326,19.10001
22.48:  84.02116,-58.77777,17.90001
22.49:  84.07041,-58.61255,16.60001
22.51:  84.121,-58.42887,15.40001
22.53:  84.17004,-58.23648,14.30001
22.54:  84.21857,-58.03118,13.30001
22.56:  84.26609,-57.80953,12.10001
22.58:  84.3116,-57.57758,11.10001
22.59:  84.35474,-57.33042,9.900013
22.61:  84.39469,-57.08905,9.400011
22.63:  84.4347,-56.83931,9.100012
22.64:  84.47389,-56.59462,9.100012
22.66:  84.51429,-56.34519,9.200012
22.68:  84.55466,-56.09861,9.300013
22.69:  84.59452,-55.85522,9.300013
22.71:  84.63484,-55.60901,9.300013
22.73:  84.67583,-55.35872,9.300013
22.74:  84.71618,-55.1123,9.300013
22.76:  84.75681,-54.86416,9.300013
22.78:  84.79704,-54.61856,9.300013
22.79:  84.83711,-54.3738,9.300013
22.81:  84.87785,-54.12504,9.300013
22.83:  84.91836,-53.8777,9.300013
22.84:  84.95963,-53.62566,9.300013
22.86:  84.99941,-53.38271,9.300013
22.88:  85.03954,-53.13766,9.300013
22.9:  85.07932,-52.89476,9.300013
22.91:  85.12588,-52.61949,9.600012
22.93:  85.17015,-52.40188,11.50001
22.94:  85.22917,-52.15603,13.50001
22.96:  85.29417,-51.91516,15.10001
22.98:  85.37121,-51.65837,16.70001
22.99:  85.43803,-51.4398,17.00001
23.01:  85.51385,-51.19486,17.20001
23.03:  85.5866,-50.95839,17.10001
23.04:  85.66093,-50.70744,16.50001
23.06:  85.72646,-50.47432,15.70002
23.08:  85.79002,-50.23203,14.70001
23.09:  85.8468,-49.99554,13.50001
23.11:  85.89958,-49.74723,12.00001
23.13:  85.94438,-49.50314,10.40001
23.14:  85.98278,-49.2579,8.900014
23.16:  86.0163,-49.00676,7.600014
23.18:  86.04529,-48.75993,6.700013
23.19:  86.06999,-48.51244,5.700013
23.21:  86.09238,-48.26637,5.200014
23.23:  86.11361,-48.01367,4.800013
23.24:  86.13171,-47.76704,4.200013
23.26:  86.14725,-47.51299,3.500013
23.28:  86.15948,-47.25375,2.700013
23.29:  86.16778,-47.01608,2.000013
23.31:  86.17347,-46.76524,1.300013
23.33:  86.17743,-46.51336,0.9000133
23.34:  86.18002,-46.26664,0.6000133
23.36:  86.18132,-46.01725,0.3000133
23.38:  86.18176,-45.76457,0.1000133
23.39:  86.18089,-45.51451,359.8
23.41:  86.17873,-45.26791,359.5
23.43:  86.17476,-45.01477,359.1
23.44:  86.16869,-44.76663,358.6
23.46:  86.16076,-44.51403,358.2
23.48:  86.15086,-44.26757,357.7
23.49:  86.13783,-44.01905,357
23.51:  86.12044,-43.76382,356.1
23.53:  86.09964,-43.51619,355.2
23.54:  86.07595,-43.27021,354.5
23.56:  86.0486,-43.01838,353.8
23.58:  86.02029,-42.77369,353.4
23.59:  85.99084,-42.52681,353.2
23.61:  85.96027,-42.27784,353
23.63:  85.92906,-42.02723,352.9
23.64:  85.8978,-41.77976,352.8
23.66:  85.86617,-41.53283,352.7
23.68:  85.83343,-41.28075,352.6
23.69:  85.80157,-41.0355,352.6
23.71:  85.76939,-40.78766,352.6
23.73:  85.73721,-40.53988,352.6
23.74:  85.70528,-40.29411,352.6
23.76:  85.67263,-40.04267,352.6
23.78:  85.64054,-39.79559,352.6
23.79:  85.60689,-39.53651,352.6
23.81:  85.5761,-39.2994,352.6
23.83:  85.54401,-39.05238,352.6
23.84:  85.51194,-38.80544,352.6
23.86:  85.47964,-38.55667,352.6
23.88:  85.44736,-38.30822,352.6
23.89:  85.41547,-38.0626,352.6
23.91:  85.38281,-37.81123,352.6
23.93:  85.34863,-37.55159,352.5
23.94:  85.31678,-37.30961,352.5
23.96:  85.28498,-37.06807,352.5
23.98:  85.2523,-36.81988,352.5
23.99:  85.21999,-36.57446,352.5
24.01:  85.18699,-36.3271,352.4
24.03:  85.15244,-36.0682,352.4
24.04:  85.11937,-35.82029,352.4
24.06:  85.08719,-35.57914,352.4
24.08:  85.05424,-35.33223,352.4
24.09:  85.02187,-35.0896,352.4
24.11:  84.98815,-34.83689,352.4
24.13:  84.95573,-34.59389,352.4
24.14:  84.92213,-34.34214,352.4
24.16:  84.88909,-34.09446,352.4
24.18:  84.85593,-33.84591,352.4
24.19:  84.82335,-33.59844,352.5
24.21:  84.79189,-33.35292,352.7
24.23:  84.75919,-33.09035,352.9
24.24:  84.73135,-32.85684,353.2
24.26:  84.70401,-32.60522,353.8
24.28:  84.67823,-32.34695,354.3
24.29:  84.65715,-32.11068,354.9
24.31:  84.63644,-31.85887,355.3
24.33:  84.61578,-31.59621,355.5
24.34:  84.59737,-31.357,355.6
24.36:  84.57803,-31.10569,355.6
24.38:  84.55915,-30.86035,355.6
24.39:  84.54024,-30.61451,355.6
24.41:  84.52088,-30.36298,355.6
24.43:  84.50169,-30.11362,355.6
24.44:  84.48281,-29.8682,355.6
24.46:  84.46244,-29.60352,355.6
24.48:  84.44373,-29.36026,355.6
24.49:  84.42458,-29.11135,355.6
24.51:  84.40562,-28.86495,355.6
24.53:  84.3867,-28.6191,355.6
24.54:  84.36774,-28.37283,355.6
24.56:  84.34834,-28.12058,355.6
24.58:  84.32909,-27.87047,355.6
24.59:  84.30979,-27.6196,355.6
24.61:  84.29088,-27.37381,355.6
24.63:  84.27164,-27.12374,355.6
24.64:  84.25262,-26.87654,355.6
24.66:  84.23325,-26.62483,355.6
24.68:  84.2142,-26.37726,355.6
24.69:  84.19469,-26.12941,355.5
24.71:  84.1751,-25.88054,355.5
24.73:  84.15549,-25.63123,355.5
24.74:  84.13569,-25.37975,355.5
24.76:  84.11613,-25.13126,355.5
24.78:  84.09655,-24.88244,355.5
24.79:  84.07657,-24.63409,355.4
24.81:  84.05659,-24.3857,355.4
24.83:  84.03635,-24.13418,355.4
24.84:  84.01648,-23.88719,355.4
24.86:  83.99593,-23.63729,355.3
24.88:  83.97549,-23.38861,355.3
24.89:  83.95496,-23.13888,355.3
24.91:  83.93459,-22.89108,355.3
24.93:  83.9139,-22.63953,355.3
24.94:  83.89321,-22.38783,355.3
24.96:  83.87267,-22.13806,355.3
24.98:  83.85119,-21.87674,355.3
24.99:  83.8316,-21.63841,355.3
25.01:  83.81076,-21.39028,355.2
25.03:  83.78999,-21.14286,355.2
25.04:  83.76936,-20.89725,355.2
25.06:  83.74825,-20.64584,355.2
25.08:  83.72742,-20.3979,355.2
25.09:  83.7065,-20.14878,355.2
25.11:  83.68471,-19.89454,355.1
25.13:  83.66359,-19.64814,355.1
25.14:  83.64218,-19.39847,355.1
25.16:  83.62106,-19.15202,355.1
25.18:  83.59944,-18.89989,355.1
25.19:  83.57821,-18.65225,355.1
25.21:  83.55666,-18.40095,355.1
25.23:  83.53545,-18.15354,355.1
25.24:  83.51428,-17.90661,355.1
25.26:  83.49274,-17.65538,355.1
25.28:  83.47137,-17.40608,355.1
25.29:  83.44953,-17.15127,355.1
25.31:  83.42852,-16.90623,355.1
25.33:  83.40726,-16.65814,355.1
25.34:  83.38655,-16.41159,355.2
25.36:  83.36619,-16.15852,355.4
25.38:  83.34785,-15.91458,355.7
25.39:  83.33122,-15.65755,356.3
25.41:  83.31635,-15.41422,356.5
25.43:  83.30099,-15.16316,356.5
25.44:  83.28588,-14.91615,356.5
25.46:  83.27044,-14.66372,356.5
25.48:  83.25523,-14.41512,356.5
25.49:  83.24009,-14.16742,356.5
25.51:  83.22466,-13.91525,356.5
25.53:  83.20934,-13.66471,356.5
25.54:  83.19436,-13.41978,356.5
25.56:  83.17884,-13.16605,356.5
25.58:  83.16359,-12.91675,356.5
25.59:  83.14821,-12.66525,356.5
25.61:  83.13322,-12.4201,356.5
25.63:  83.11785,-12.1689,356.5
25.64:  83.10254,-11.91849,356.5
25.66:  83.08751,-11.67282,356.5
25.68:  83.07199,-11.41908,356.5
25.69:  83.05692,-11.1727,356.5
25.71:  83.04153,-10.92095,356.5
25.73:  83.02627,-10.67148,356.5
25.74:  83.01094,-10.42094,356.5
25.76:  82.99581,-10.17361,356.5
25.78:  82.98042,-9.9219,356.5
25.79:  82.96484,-9.667105,356.5
25.81:  82.94975,-9.420328,356.5
25.83:  82.9349,-9.177593,356.5
25.84:  82.91962,-8.927768,356.5
25.86:  82.90436,-8.678277,356.5
25.88:  82.88887,-8.425071,356.5
25.89:  82.87385,-8.179505,356.5
25.91:  82.85832,-7.925554,356.5
25.93:  82.84253,-7.667453,356.5
25.94:  82.82775,-7.425767,356.5
25.96:  82.81223,-7.171879,356.5
25.98:  82.7972,-6.926211,356.5
25.99:  82.7821,-6.679475,356.5
26.01:  82.76683,-6.429746,356.5
26.03:  82.75147,-6.178689,356.5
26.04:  82.73644,-5.932909,356.5
26.06:  82.72098,-5.680063,356.5
26.08:  82.70572,-5.430508,356.5
26.09:  82.69065,-5.184234,356.5
26.11:  82.67525,-4.932312,356.5
26.13:  82.6599,-4.681375,356.5
26.14:  82.64488,-4.435833,356.5
26.16:  82.62982,-4.182359,356.6
26.18:  82.61539,-3.932099,356.7
26.19:  82.60158,-3.685041,356.8
26.21:  82.58758,-3.434645,356.8
26.23:  82.5735,-3.174728,356.9
26.24:  82.56036,-2.931967,356.9
26.26:  82.5474,-2.684855,357
26.28:  82.53429,-2.434772,357
26.29:  82.52138,-2.188288,357
26.31:  82.5082,-1.93681,357
26.33:  82.49514,-1.687624,357
26.34:  82.48218,-1.440323,357
26.36:  82.46915,-1.191633,357
26.38:  82.45586,-0.9380665,357
26.39:  82.44298,-0.6922943,357
26.41:  82.42963,-0.4376408,357
26.43:  82.41656,-0.188218,357
26.44:  82.40361,0.05892931,357
26.46:  82.39045,0.3100462,357
26.48:  82.37728,0.5613069,357
26.49:  82.3639,0.8083414,356.9
26.51:  82.34899,1.066944,356.7
26.53:  82.33292,1.329643,356.5
26.54:  82.31818,1.557605,356.3
26.56:  82.30006,1.810326,355.9
26.58:  82.28103,2.05778,355.6
26.59:  82.25967,2.30694,355.1
26.61:  82.23777,2.552283,354.9
26.63:  82.214,2.80378,354.6
26.64:  82.18975,3.051023,354.4
26.66:  82.16367,3.30338,354.1
26.68:  82.13613,3.552842,353.7
26.69:  82.10718,3.795667,353.2
26.71:  82.07298,4.055486,352.5
26.73:  82.03621,4.304434,351.6
26.74:  81.99348,4.559752,350.5
26.76:  81.94997,4.787839,349.2
26.78:  81.89659,5.028655,347.5
26.79:  81.82629,5.277098,344.2
26.81:  81.74904,5.506645,341.4
26.83:  81.65699,5.740324,338.5
26.84:  81.55311,5.965133,335.2
26.86:  81.43311,6.188008,331.7
26.88:  81.303,6.397842,328.2
26.9:  81.15958,6.602679,325
26.91:  80.99675,6.812591,322.2
26.93:  80.84024,6.997798,319.8
26.94:  80.67236,7.182935,317.8
26.96:  80.5023,7.360905,316.3
26.98:  80.31062,7.551916,314.9
26.99:  80.14526,7.713278,314.3
27.01:  79.96915,7.883348,314
27.03:  79.78688,8.05875,313.9
27.04:  79.60995,8.229007,313.9
27.06:  79.42788,8.405451,314.1
27.08:  79.24935,8.57846,314.1
27.09:  79.07127,8.751035,314.1
27.11:  78.89059,8.926119,314.1
27.13:  78.71012,9.101007,314.1
27.14:  78.53297,9.272684,314.1
27.16:  78.35085,9.449171,314.1
27.18:  78.17158,9.622896,314.1
27.19:  77.99409,9.794886,314.1
27.21:  77.81243,9.970929,314.1
27.23:  77.63313,10.14469,314.1
27.24:  77.45457,10.31833,314.2
27.26:  77.2757,10.49533,314.7
27.28:  77.09979,10.67124,315
27.29:  76.92496,10.84606,315
27.31:  76.74462,11.02516,314.8
27.33:  76.56865,11.19808,314.5
27.34:  76.38887,11.3723,314.1
27.36:  76.2058,11.54724,313.7
27.38:  76.02435,11.71884,313.4
27.4:  75.83961,11.88871,312.6
27.41:  75.64532,12.06242,311.8
27.43:  75.45545,12.22345,310.3
27.44:  75.26238,12.37702,308.5
27.46:  75.06693,12.52112,306.4
27.48:  74.86212,12.66083,304.3
27.49:  74.65041,12.79416,302.2
27.51:  74.43335,12.9215,300.4
27.53:  74.20698,13.04544,298.7
27.54:  73.98508,13.16046,297.4
27.56:  73.76423,13.27009,296.4
27.58:  73.53901,13.378,295.6
27.59:  73.31519,13.4819,294.9
27.61:  73.09129,13.58393,294.5
27.63:  72.86114,13.68688,294.1
27.64:  72.63471,13.78628,293.7
27.66:  72.40067,13.88658,293.2
27.68:  72.17181,13.98326,292.9
27.69:  71.9419,14.07943,292.7
27.71:  71.70943,14.17572,292.5
27.73:  71.47852,14.2709,292.4
27.74:  71.25227,14.36415,292.4
27.76:  71.01541,14.4613,292.3
27.78:  70.78697,14.55499,292.3
27.79:  70.55756,14.64907,292.3
27.81:  70.32597,14.74406,292.3
27.83:  70.09151,14.84022,292.3
27.84:  69.86121,14.9342,292.2
27.86:  69.62864,15.02911,292.2
27.88:  69.39716,15.12357,292.2
27.89:  69.16533,15.21818,292.2
27.91:  68.93532,15.31205,292.2
27.93:  68.69962,15.40824,292.2
27.94:  68.47334,15.50058,292.2
27.96:  68.2439,15.59421,292.2
27.98:  68.00838,15.69032,292.2
27.99:  67.77955,15.78371,292.2
28.01:  67.54546,15.87924,292.2
28.03:  67.31411,15.97365,292.2
28.04:  67.08279,16.06805,292.2
28.06:  66.84863,16.16361,292.2
28.08:  66.61871,16.25743,292.2
28.09:  66.38575,16.35251,292.2
28.11:  66.1554,16.44651,292.2
28.13:  65.92381,16.54102,292.2
28.14:  65.6945,16.6346,292.2
28.16:  65.4593,16.73058,292.2
28.18:  65.23295,16.82295,292.2
28.19:  65.00163,16.91735,292.2
28.21:  64.76898,17.0123,292.2
28.23:  64.5358,17.10746,292.2
28.24:  64.30897,17.20002,292.2
28.26:  64.07265,17.29646,292.2
28.28:  63.84568,17.38909,292.2
28.29:  63.60235,17.48839,292.2
28.31:  63.3754,17.58101,292.2
28.33:  63.14695,17.67424,292.2
28.34:  62.91804,17.76765,292.2
28.36:  62.68276,17.86367,292.2
28.38:  62.45205,17.95735,292.1
28.39:  62.22011,18.04638,291
28.41:  61.98687,18.12944,289.6
28.43:  61.74483,18.20715,287.8
28.44:  61.50821,18.27455,285.9
28.46:  61.26234,18.33585,284
28.48:  61.01839,18.39128,282.8
28.49:  60.77813,18.44234,282
28.51:  60.52933,18.49432,281.8
28.53:  60.2844,18.54504,281.7
28.54:  60.03931,18.59535,281.6
28.56:  59.79395,18.64527,281.5
28.58:  59.55276,18.69347,281.3
28.59:  59.30807,18.74103,281
28.61:  59.05916,18.78761,280.6
28.63:  58.81148,18.83396,280.6
28.64:  58.56639,18.88027,280.7
28.66:  58.32523,18.92715,281
28.68:  58.07712,18.97718,281.4
28.69:  57.83429,19.03012,282.3
28.71:  57.58852,19.08506,282.6
28.73:  57.33329,19.14211,282.6
28.74:  57.10418,19.19332,282.6
28.76:  56.85678,19.24862,282.6
28.78:  56.6127,19.30318,282.6
28.79:  56.37127,19.35715,282.6
28.81:  56.12612,19.41194,282.6
28.83:  55.8813,19.46667,282.6
28.84:  55.64077,19.52043,282.6
28.86:  55.3932,19.57577,282.6
28.88:  55.14858,19.63045,282.6
28.89:  54.90895,19.68401,282.6
28.91:  54.66417,19.73873,282.6
28.93:  54.41902,19.79353,282.6
28.94:  54.17565,19.84793,282.6
28.96:  53.92841,19.90364,282.7
28.98:  53.66729,19.95915,282
28.99:  53.4315,20.00285,280.5
29.01:  53.1911,20.04049,278.9
29.03:  52.94537,20.07241,277.4
29.04:  52.69603,20.09817,275.9
29.06:  52.44909,20.11674,274.3
29.08:  52.19595,20.12956,272.9
29.09:  51.94769,20.1365,271.6
29.11:  51.69511,20.13914,270.6
29.13:  51.44816,20.13871,269.9
29.14:  51.19883,20.13654,269.5
29.16:  50.945,20.13344,269.3
29.18:  50.69608,20.12996,269.2
29.19:  50.44493,20.12514,268.9
29.21:  50.19936,20.11956,268.7
29.23:  49.94795,20.11298,268.5
29.24:  49.69131,20.10536,268.3
29.26:  49.44664,20.09768,268.2
29.28:  49.19659,20.08938,268.1
29.29:  48.94548,20.08017,267.9
29.31:  48.69795,20.07066,267.8
29.33:  48.44954,20.06025,267.6
29.34:  48.20106,20.04897,267.4
29.36:  47.9479,20.03703,267.3
29.38:  47.69777,20.0248,267.2
29.39:  47.452,20.01192,267
29.41:  47.20116,19.99789,266.8
29.43:  46.95085,19.9839,266.8
29.44:  46.70193,19.96998,266.8
29.46:  46.4511,19.95596,266.8
29.48:  46.19959,19.94189,266.8
29.49:  45.95417,19.92817,266.8
29.51:  45.70198,19.91407,266.8
29.53:  45.4537,19.90019,266.8
29.54:  45.20186,19.88611,266.8
29.56:  44.95255,19.87218,266.8
29.58:  44.70246,19.85819,266.8
29.59:  44.45539,19.84438,266.8
29.61:  44.20329,19.83028,266.8
29.63:  43.95752,19.81654,266.8
29.64:  43.70868,19.80263,266.8
29.66:  43.45427,19.78885,266.9
29.68:  43.20486,19.77578,267
29.69:  42.95855,19.7646,267.4
29.71:  42.70617,19.75446,267.7
29.73:  42.44511,19.7458,268.1
29.74:  42.20658,19.73872,268.3
29.76:  41.95661,19.73217,268.5
29.78:  41.70576,19.72604,268.6
29.79:  41.44697,19.71972,268.6
29.81:  41.20726,19.71386,268.6
29.83:  40.95496,19.7077,268.6
29.84:  40.70791,19.70166,268.6
29.86:  40.45952,19.69559,268.6
29.88:  40.20665,19.68941,268.6
29.89:  39.96024,19.68338,268.6
29.91:  39.70551,19.67716,268.6
29.93:  39.46022,19.67116,268.6
29.94:  39.20923,19.66503,268.6
29.96:  38.95785,19.65889,268.6
29.98:  38.7069,19.65275,268.6
29.99:  38.45251,19.64654,268.6
30.01:  38.20177,19.64041,268.6
30.03:  37.95686,19.63442,268.6
30.04:  37.70943,19.62838,268.6
30.06:  37.45736,19.62222,268.6
30.08:  37.20839,19.61613,268.6
30.09:  36.95991,19.61006,268.6
30.11:  36.70793,19.6039,268.6
30.13:  36.46096,19.59786,268.6
30.14:  36.21134,19.59176,268.6
30.16:  35.95856,19.58559,268.6
30.18:  35.70819,19.57947,268.6
30.19:  35.46201,19.57345,268.6
30.21:  35.21098,19.56732,268.6
30.23:  34.95822,19.56114,268.6
30.24:  34.7121,19.55512,268.6
30.26:  34.45936,19.54895,268.6
30.28:  34.2062,19.54276,268.6
30.29:  33.96182,19.53679,268.6
30.31:  33.70702,19.53056,268.6
30.33:  33.45999,19.52452,268.6
30.34:  33.21122,19.51844,268.6
30.36:  32.95034,19.51207,268.6
30.38:  32.70322,19.50603,268.6
30.39:  32.45969,19.50008,268.6
30.41:  32.20518,19.49386,268.6
30.43:  31.95872,19.48783,268.6
30.44:  31.71022,19.48176,268.6
30.46:  31.4587,19.47561,268.6
30.48:  31.20843,19.4695,268.6
30.49:  30.95988,19.46342,268.6
30.51:  30.70933,19.4573,268.6
30.53:  30.4609,19.45123,268.6
30.54:  30.21233,19.44515,268.6
30.56:  29.95825,19.43894,268.6
30.58:  29.7093,19.43286,268.6
30.59:  29.46297,19.42684,268.6
30.61:  29.21151,19.42069,268.6
30.63:  28.95963,19.41454,268.6
30.64:  28.71069,19.40845,268.6
30.66:  28.45829,19.40228,268.6
30.68:  28.21049,19.39623,268.6
30.69:  27.95975,19.3901,268.6
30.71:  27.71129,19.38403,268.6
30.73:  27.46001,19.37789,268.6
30.74:  27.20387,19.37163,268.6
30.76:  26.95575,19.36556,268.6
30.78:  26.70588,19.35946,268.6
30.79:  26.46173,19.35349,268.6
30.81:  26.21123,19.34737,268.6
30.83:  25.96338,19.34174,268.7
30.84:  25.71283,19.33606,268.7
30.86:  25.46413,19.33085,268.8
30.88:  25.1965,19.32571,268.9
30.89:  24.95431,19.32106,268.9
30.91:  24.70722,19.31631,268.9
30.93:  24.45897,19.31155,268.9
30.94:  24.20897,19.30675,268.9
30.96:  23.96423,19.30205,268.9
30.98:  23.71063,19.29718,268.9
30.99:  23.46544,19.29247,268.9
31.01:  23.21079,19.28758,268.9
31.03:  22.96362,19.28284,268.9
31.04:  22.71473,19.27806,268.9
31.06:  22.46084,19.27318,268.9
31.08:  22.21142,19.26839,268.9
31.09:  21.96269,19.26362,268.9
31.11:  21.71324,19.25883,268.9
31.13:  21.46088,19.25398,268.9
31.14:  21.21479,19.24926,268.9
31.16:  20.96044,19.24437,268.9
31.18:  20.71251,19.23961,268.9
31.19:  20.46332,19.23483,268.9
31.21:  20.21273,19.23002,268.9
31.23:  19.96125,19.22519,268.9
31.24:  19.70614,19.22029,268.9
31.26:  19.4556,19.21548,268.9
31.28:  19.21267,19.21081,268.9
31.29:  18.96552,19.20607,268.9
31.31:  18.71013,19.20116,268.9
31.33:  18.46284,19.19642,268.9
31.34:  18.21536,19.19166,268.9
31.36:  17.96186,19.1868,268.9
31.38:  17.71194,19.182,268.9
31.39:  17.466,19.17728,268.9
31.41:  17.21149,19.17239,268.9
31.43:  16.96731,19.1677,268.9
31.44:  16.7156,19.16287,268.9
31.46:  16.46285,19.15801,268.9
31.48:  16.21218,19.1532,268.9
31.49:  15.96624,19.14848,268.9
31.51:  15.71335,19.14362,268.9
31.53:  15.46364,19.13883,268.9
31.54:  15.21586,19.13407,268.9
31.56:  14.96233,19.1292,268.9
31.58:  14.71243,19.1244,268.9
31.59:  14.46372,19.11963,268.9
31.61:  14.21094,19.11477,268.9
31.63:  13.96137,19.10998,268.9
31.64:  13.70859,19.10513,268.9
31.66:  13.45726,19.1003,268.9
31.68:  13.2117,19.09559,268.9
31.69:  12.95703,19.09114,269
31.71:  12.71274,19.08688,269
31.73:  12.46261,19.08251,269
31.74:  12.21623,19.07864,269.1
31.76:  11.9628,19.07466,269.1
31.78:  11.71373,19.07075,269.1
31.79:  11.46363,19.06682,269.1
31.81:  11.21445,19.06204,268.9
31.83:  10.96317,19.05589,268.6
31.84:  10.71647,19.04685,267.9
31.86:  10.46372,19.03227,266.7
31.88:  10.20963,19.0096,264.9
31.89:  9.969984,18.97932,262.8
31.91:  9.719105,18.93554,260.1
31.93:  9.465503,18.87978,257.6
31.94:  9.235463,18.81857,255.1
31.96:  8.996161,18.74495,252.9
31.98:  8.758794,18.66276,250.9
31.99:  8.525198,18.5679,247.9
32.01:  8.289102,18.46229,245.9
32.03:  8.072193,18.35603,243.9
32.04:  7.850671,18.23625,241.6
32.06:  7.636929,18.10985,239.4
32.08:  7.43012,17.97554,237
32.09:  7.228078,17.83249,234.7
32.11:  7.026649,17.67793,232.5
32.13:  6.834563,17.52015,230.6
32.14:  6.647852,17.35727,228.9
32.16:  6.461656,17.18605,227.4
32.18:  6.281334,17.01252,226.1
32.19:  6.103276,16.83133,224.5
32.21:  5.935299,16.6537,223.4
32.23:  5.767724,16.47018,222.4
32.24:  5.602326,16.28389,221.6
32.26:  5.436808,16.09146,220.7
32.28:  5.276273,15.89946,219.9
32.29:  5.120946,15.70833,219.1
32.31:  4.963427,15.50887,218.3
32.33:  4.811617,15.31103,217.5
32.35:  4.663766,15.11268,216.7
32.36:  4.507753,14.89715,215.9
32.38:  4.372027,14.70403,215.1
32.39:  4.231275,14.49614,214.1
32.41:  4.095518,14.29026,213.4
32.43:  3.959712,14.0779,212.6
32.44:  3.827245,13.86509,211.9
32.46:  3.699933,13.65404,211.1
32.48:  3.573712,13.43804,210.3
32.49:  3.443614,13.20902,209.6
32.51:  3.323799,12.99108,208.8
32.53:  3.209864,12.77589,207.9
32.54:  3.098603,12.55659,206.9
32.56:  2.987288,12.32936,206.1
32.58:  2.882522,12.10773,205.3
32.59:  2.778936,11.87724,204.2
32.61:  2.68061,11.65002,203.4
32.63:  2.583785,11.41741,202.6
32.64:  2.489773,11.18473,202
32.66:  2.396937,10.95144,201.7
32.68:  2.305229,10.71981,201.6
32.69:  2.214217,10.48994,201.6
32.71:  2.120778,10.25633,201.8
32.73:  2.023331,10.01514,202
32.74:  1.929159,9.787785,202.5
32.76:  1.833495,9.557969,202.6
32.78:  1.738809,9.330498,202.6
32.79:  1.63995,9.093006,202.6
32.81:  1.546998,8.869701,202.6
32.83:  1.45089,8.638818,202.6
32.84:  1.356396,8.411809,202.6
32.86:  1.258603,8.176878,202.6
32.88:  1.162399,7.945762,202.6
32.89:  1.067405,7.717554,202.6
32.91:  0.9710397,7.48605,202.6
32.93:  0.8745904,7.254345,202.6
32.94:  0.7793471,7.025538,202.6
32.96:  0.6824136,6.79267,202.6
32.98:  0.5859695,6.560978,202.6
32.99:  0.4840158,6.3265,203.5
33.01:  0.3848779,6.104875,204.1
33.03:  0.2830691,5.876208,204
33.04:  0.1818745,5.64677,203.8
33.06:  0.08259924,5.417357,203.4
33.08:  -0.01392035,5.185484,202.6
33.09:  -0.1034408,4.957055,201.4
33.11:  -0.1893231,4.718507,199.8
33.13:  -0.2648011,4.482003,197.7
33.14:  -0.3314039,4.241841,195.5
33.16:  -0.3902812,3.9966,193.5
33.18:  -0.4416476,3.750722,191.8
33.19:  -0.484389,3.505825,189.9
33.21:  -0.5240601,3.260888,189.2
33.23:  -0.5622256,3.011474,188.7
33.24:  -0.5999467,2.752905,188.3
33.26:  -0.6325456,2.517978,187.9
33.28:  -0.6659268,2.267797,187.6
33.29:  -0.6956076,2.022528,186.9
33.31:  -0.7235648,1.760925,186.1
33.33:  -0.7457656,1.512169,185.1
33.34:  -0.7638782,1.271279,184.3
33.36:  -0.7792749,1.019544,183.5
33.38:  -0.7916873,0.774521,182.9
33.39:  -0.8016019,0.5164338,182.2
33.41:  -0.8086844,0.2777974,181.7
33.43:  -0.8139968,0.02418506,181.2
33.44:  -0.8170098,-0.222422,180.7
33.46:  -0.8178936,-0.4756115,180.2
33.48:  -0.8165823,-0.7260331,179.7
33.49:  -0.8131514,-0.9717332,179.2
33.51:  -0.8082542,-1.226779,178.9
33.53:  -0.8026146,-1.475292,178.7
33.54:  -0.7961278,-1.723015,178.5
33.56:  -0.789096,-1.974755,178.4
33.58:  -0.7816682,-2.225023,178.3
33.59:  -0.7743858,-2.47039,178.3
33.61:  -0.7668766,-2.723402,178.3
33.63:  -0.7594554,-2.973446,178.3
33.64:  -0.7516253,-3.237268,178.3
33.66:  -0.7445937,-3.474185,178.3
33.68:  -0.7371715,-3.724266,178.3
33.69:  -0.7298741,-3.97014,178.3
33.71:  -0.7223121,-4.224928,178.3
33.73:  -0.714968,-4.472376,178.3
33.74:  -0.7075166,-4.72344,178.3
33.76:  -0.7001747,-4.970809,178.3
33.78:  -0.6926741,-5.223529,178.3
33.79:  -0.6853233,-5.471202,178.3
33.81:  -0.6775504,-5.733097,178.3
33.83:  -0.6703617,-5.975309,178.3
33.84:  -0.6630625,-6.221246,178.3
33.86:  -0.6556739,-6.47019,178.3
33.88:  -0.6481924,-6.722267,178.3
33.89:  -0.6404895,-6.981804,178.3
33.91:  -0.6333507,-7.222334,178.3
33.93:  -0.6256998,-7.480117,178.3
33.94:  -0.6186085,-7.719048,178.3
33.96:  -0.6110886,-7.97242,178.3
33.98:  -0.6037042,-8.221225,178.3
33.99:  -0.5962794,-8.471388,178.3
34.01:  -0.5888498,-8.721716,178.3
34.03:  -0.581426,-8.971849,178.3
34.04:  -0.5741357,-9.217484,178.3
34.06:  -0.5665337,-9.473622,178.3
34.08:  -0.5592012,-9.720675,178.3
34.09:  -0.5513637,-9.970069,178.2
34.11:  -0.5425987,-10.22107,178
34.13:  -0.5335307,-10.46836,177.9
34.14:  -0.5226212,-10.71823,177.5
34.16:  -0.5102813,-10.97054,177.2
34.18:  -0.4967058,-11.2212,176.9
34.19:  -0.4810536,-11.46998,176.4
34.21:  -0.4642599,-11.71632,176.1
34.23:  -0.4458212,-11.96741,175.8
34.24:  -0.4246382,-12.23069,175.4
34.26:  -0.4033304,-12.46944,174.9
34.28:  -0.3793253,-12.71874,174.5
34.3:  -0.3541657,-12.9622,174.1
34.31:  -0.3254088,-13.22691,173.8
34.33:  -0.2983792,-13.46789,173.6
34.34:  -0.2698539,-13.71443,173.4
34.36:  -0.2405953,-13.9598,173.2
34.38:  -0.209598,-14.20516,172.8
34.39:  -0.1755635,-14.45689,172.3
34.41:  -0.1418293,-14.7,172.1
34.43:  -0.1063878,-14.94902,171.9
34.44:  -0.06957606,-15.20448,171.8
34.46:  -0.03480829,-15.44575,171.8
34.48:  0.0004290789,-15.69028,171.8
34.49:  0.03612172,-15.93797,171.8
34.51:  0.07242721,-16.18683,171.7
34.53:  0.1082158,-16.43216,171.7
34.54:  0.143941,-16.67704,171.7
34.56:  0.1805576,-16.92804,171.7
34.58:  0.2165485,-17.17475,171.7
34.59:  0.2522964,-17.41979,171.7
34.61:  0.2886627,-17.66907,171.7
34.63:  0.3244191,-17.91417,171.7
34.64:  0.3604814,-18.16137,171.7
34.66:  0.3973306,-18.41396,171.7
34.68:  0.4330974,-18.65913,171.7
34.69:  0.470791,-18.91751,171.7
34.71:  0.5061351,-19.15979,171.7
34.73:  0.54155,-19.40255,171.7
34.74:  0.5775188,-19.64911,171.7
34.76:  0.613574,-19.89626,171.7
34.78:  0.6494251,-20.14201,171.7
34.79:  0.6853138,-20.38801,171.7
34.81:  0.7217159,-20.63754,171.7
34.84:  0.7577453,-20.88451,171.7
34.86:  0.7937335,-21.1312,171.7
34.88:  0.8298575,-21.37882,171.7
34.89:  0.8662388,-21.62821,171.7
34.91:  0.9021615,-21.87445,171.7
34.93:  0.9384704,-22.12334,171.7
34.94:  0.974571,-22.3708,171.7
34.96:  1.010129,-22.61454,171.7
34.98:  1.046998,-22.86726,171.7
34.99:  1.082724,-23.11216,171.7
35.01:  1.118499,-23.35739,171.7
35.03:  1.154012,-23.60383,171.8
35.04:  1.189442,-23.85593,172
35.06:  1.22244,-24.09999,172.3
35.08:  1.254551,-24.35065,172.7
35.09:  1.284586,-24.59885,173.1
35.11:  1.312303,-24.84595,173.6
35.13:  1.337655,-25.09554,174.2
35.14:  1.360884,-25.34594,174.7
35.16:  1.38067,-25.59185,175.4
35.18:  1.397895,-25.84451,176.1
35.19:  1.412298,-26.0943,176.7
35.21:  1.421922,-26.34484,177.8
35.23:  1.428804,-26.59122,178.4
35.25:  1.434078,-26.84297,178.8
35.26:  1.438215,-27.10632,179.1
35.28:  1.440837,-27.3567,179.4
35.29:  1.442064,-27.59105,179.7
35.31:  1.442064,-27.8439,180
35.33:  1.440755,-28.09397,180.3
35.34:  1.438145,-28.34318,180.6
35.36:  1.434249,-28.59118,180.9
35.38:  1.428981,-28.8427,181.2
35.39:  1.422834,-29.09419,181.4
35.41:  1.414993,-29.34372,181.8
35.43:  1.405982,-29.58946,182.1
35.44:  1.395839,-29.842,182.3
35.46:  1.38491,-30.09232,182.5
35.48:  1.373285,-30.33883,182.7
35.49:  1.361386,-30.59115,182.7
35.51:  1.34888,-30.83801,182.9
35.53:  1.335537,-31.09262,183
35.54:  1.322712,-31.33733,183
35.56:  1.309204,-31.58674,183.1
35.58:  1.295453,-31.84065,183.1
35.59:  1.282003,-32.089,183.1
35.61:  1.268592,-32.33664,183.1
35.63:  1.254941,-32.58869,183.1
35.64:  1.241402,-32.83868,183.1
35.66:  1.228115,-33.08401,183.1
35.68:  1.214695,-33.34008,183
35.69:  1.202154,-33.58765,182.9
35.71:  1.190532,-33.8341,182.7
35.73:  1.179013,-34.08776,182.6
35.75:  1.168703,-34.33375,182.4
35.76:  1.158485,-34.59975,182.2
35.78:  1.149804,-34.83648,182.1
35.79:  1.14062,-35.08696,182.1
35.81:  1.131078,-35.33535,182.2
35.83:  1.120237,-35.58364,182.5
35.84:  1.109307,-35.83397,182.5
35.86:  1.098454,-36.08256,182.5
35.88:  1.087435,-36.33493,182.5
35.89:  1.076533,-36.58463,182.5
35.91:  1.06582,-36.82999,182.5
35.93:  1.054738,-37.08382,182.5
35.94:  1.043652,-37.33773,182.5
35.96:  1.032672,-37.58923,182.5
35.98:  1.021962,-37.83453,182.5
35.99:  1.011237,-38.08017,182.5
36.01:  0.999786,-38.34243,182.5
36.03:  0.9892833,-38.58298,182.5
36.04:  0.9784083,-38.83206,182.5
36.06:  0.9674934,-39.08206,182.5
36.08:  0.9565887,-39.33181,182.5
36.09:  0.9454044,-39.58798,182.5
36.11:  0.9344394,-39.83912,182.5
36.13:  0.9238096,-40.08258,182.5
36.14:  0.9128242,-40.33419,182.5
36.16:  0.9021355,-40.579,182.5
36.18:  0.8906195,-40.83261,182.6
36.19:  0.8776274,-41.08051,183
36.21:  0.8639091,-41.33381,183.1
36.23:  0.8510565,-41.57906,183
36.24:  0.8384841,-41.84565,182.7
36.26:  0.8316655,-42.0754,181.7
36.28:  0.8303414,-42.32829,180.3
36.29:  0.8364755,-42.57928,178.6
36.31:  0.851505,-42.82501,176.5
36.33:  0.8766488,-43.07692,174.3
36.34:  0.91208,-43.32587,171.9
36.36:  0.9548132,-43.56822,170
36.38:  1.005517,-43.81744,168.5
36.39:  1.057928,-44.06191,167.9
36.41:  1.112049,-44.30603,167.5
36.43:  1.166472,-44.54753,167.3
36.44:  1.224368,-44.80236,167.2
36.46:  1.279543,-45.04135,167
36.48:  1.336964,-45.28238,166.6
36.49:  1.395396,-45.52765,166.6
36.51:  1.451966,-45.76511,166.6
36.53:  1.509966,-46.00856,166.6
36.54:  1.568074,-46.25248,166.6
36.56:  1.625059,-46.49167,166.6
36.58:  1.684134,-46.73964,166.6
36.59:  1.741428,-46.98014,166.6
36.61:  1.79908,-47.22213,166.6
36.63:  1.857525,-47.46746,166.6
36.64:  1.915714,-47.71171,166.6
36.66:  1.972815,-47.9514,166.6
36.68:  2.031409,-48.19735,166.6
36.69:  2.08919,-48.43989,166.6
36.71:  2.14643,-48.68016,166.6
36.73:  2.205855,-48.92768,166.5
36.74:  2.265531,-49.17064,166.2
36.76:  2.326695,-49.40714,165.5
36.78:  2.394371,-49.65284,164.6
36.79:  2.466417,-49.89146,163.2
36.81:  2.553509,-50.12945,159.9
36.83:  2.649874,-50.35429,156.8
36.84:  2.763112,-50.58042,153.4
36.86:  2.888395,-50.79568,149.8
36.88:  3.028357,-51.00396,146.1
36.89:  3.181325,-51.20259,142.4
36.91:  3.34196,-51.38804,139.1
36.93:  3.518157,-51.57177,136.2
36.94:  3.697851,-51.74409,133.8
36.96:  3.883943,-51.91106,131.9
36.98:  4.07607,-52.07285,130.1
36.99:  4.274317,-52.23111,128.6
37.01:  4.468775,-52.37871,127.2
37.03:  4.670106,-52.53153,127.2
37.04:  4.867706,-52.68151,127.2
37.06:  5.064594,-52.83096,127.2
37.08:  5.267486,-52.98497,127.2
37.09:  5.465375,-53.13517,127.2
37.11:  5.662353,-53.28469,127.2
37.13:  5.865597,-53.43896,127.2
37.14:  6.067566,-53.59226,127.2
37.16:  6.26235,-53.74011,127.2
37.18:  6.461346,-53.89116,127.2
37.19:  6.659268,-54.04139,127.2
37.21:  6.866327,-54.19855,127.2
37.23:  7.063841,-54.34956,127.4
37.24:  7.261667,-54.50468,128.1
37.26:  7.449985,-54.65501,128.6
37.28:  7.64699,-54.81284,128.7
37.29:  7.838601,-54.9658,128.6
37.31:  8.036488,-55.12096,128.1
37.33:  8.238732,-55.27281,126.9
37.34:  8.442331,-55.41537,125
37.36:  8.652886,-55.55055,122.7
37.38:  8.869203,-55.67544,120
37.39:  9.092881,-55.7899,117.1
37.41:  9.320072,-55.88774,113.3
37.43:  9.552337,-55.97737,111.1
37.44:  9.789663,-56.06141,109.5
37.46:  10.02736,-56.14186,108.7
37.48:  10.26381,-56.2196,108.2
37.49:  10.50337,-56.29698,107.9
37.51:  10.74,-56.37204,107.6
37.53:  10.98048,-56.44649,107.2
37.54:  11.21926,-56.51767,106.6
37.56:  11.45829,-56.58666,106.1
37.58:  11.69696,-56.6533,105.6
37.6:  11.94151,-56.71928,105.1
37.61:  12.19485,-56.78527,104.6
37.63:  12.42377,-56.84405,104.4
37.64:  12.66809,-56.90587,104.2
37.66:  12.90949,-56.96606,104
37.68:  13.1531,-57.02634,103.9
37.69:  13.3939,-57.08549,103.8
37.71:  13.63906,-57.14571,103.8
37.73:  13.88035,-57.20498,103.8
37.74:  14.12264,-57.26449,103.8
37.76:  14.36549,-57.32414,103.8
37.78:  14.60946,-57.38406,103.8
37.79:  14.85221,-57.44369,103.8
37.81:  15.09092,-57.50232,103.8
37.83:  15.33573,-57.562,103.7
37.84:  15.58026,-57.6216,103.7
37.86:  15.82127,-57.68036,103.7
37.88:  16.0652,-57.73982,103.7
37.89:  16.30993,-57.79948,103.7
37.91:  16.54914,-57.8578,103.7
37.93:  16.79354,-57.91737,103.7
37.94:  17.03559,-57.97593,103.6
37.96:  17.29194,-58.03748,103.5
37.98:  17.5264,-58.0929,103.2999
38:  17.7698,-58.14909,103
38.01:  18.0252,-58.20618,102.6
38.03:  18.26344,-58.25856,102.4
38.04:  18.50562,-58.31092,102.2
38.06:  18.74863,-58.36258,102
38.08:  18.98605,-58.41217,101.8
38.09:  19.23532,-58.46379,101.7
38.11:  19.48013,-58.5136,101.5
38.13:  19.7255,-58.56308,101.4
38.14:  19.98308,-58.61454,101.2999
38.16:  20.21271,-58.66002,101.2
38.18:  20.46218,-58.70896,101.1
38.19:  20.70538,-58.75579,100.8999
38.21:  20.95306,-58.80259,100.6999
38.23:  21.1954,-58.84794,100.5999
38.24:  21.45383,-58.89491,100.2999
38.26:  21.68797,-58.93619,99.99995
38.28:  21.93639,-58.97865,99.69994
38.29:  22.18414,-59.01967,99.39993
38.31:  22.42702,-59.05857,99.09995
38.33:  22.67845,-59.0975,98.79994
38.35:  22.92331,-59.13278,98.19994
38.36:  23.1835,-59.16842,97.79993
38.38:  23.45734,-59.2035,97.29994
38.39:  23.66799,-59.23011,97.19994
38.41:  23.91608,-59.26057,96.99994
38.43:  24.17374,-59.29221,96.99994
38.44:  24.40897,-59.32109,96.99994
38.46:  24.65958,-59.35186,96.99994
38.48:  24.90568,-59.38208,96.99994
38.49:  25.15734,-59.41253,96.89993
38.51:  25.40092,-59.44201,96.89993
38.53:  25.65289,-59.4725,96.89993
38.54:  25.89909,-59.50186,96.79994
38.56:  26.14813,-59.53111,96.69994
38.58:  26.39773,-59.56044,96.69994
38.59:  26.64542,-59.58953,96.69994
38.61:  26.89142,-59.61843,96.69994
38.63:  27.14119,-59.64777,96.69994
38.64:  27.39073,-59.67709,96.69994
38.66:  27.63828,-59.70617,96.69994
38.68:  27.889,-59.73562,96.69994
38.69:  28.13459,-59.76447,96.69994
38.71:  28.38136,-59.79346,96.69994
38.73:  28.63177,-59.82287,96.69994
38.74:  28.88168,-59.85223,96.69994
38.76:  29.12663,-59.881,96.69994
38.78:  29.3771,-59.91043,96.69994
38.79:  29.62402,-59.93943,96.69994
38.81:  29.87099,-59.96844,96.69994
38.83:  30.11957,-59.99765,96.69994
38.84:  30.36983,-60.02705,96.69994
38.86:  30.61584,-60.05595,96.69994
38.88:  30.86578,-60.0853,96.69994
38.89:  31.11594,-60.11469,96.69994
38.91:  31.36107,-60.14349,96.69994
38.93:  31.61325,-60.17311,96.69994
38.94:  31.86033,-60.20214,96.69994
38.96:  32.10535,-60.23092,96.69994
38.98:  32.35313,-60.26003,96.69994
38.99:  32.60466,-60.28958,96.69994
39.01:  32.85289,-60.31874,96.69994
39.03:  33.09916,-60.34854,96.89994
39.04:  33.35099,-60.37991,97.09994
39.06:  33.60649,-60.41309,97.39994
39.08:  33.85536,-60.44585,97.49994
39.09:  34.0914,-60.47692,97.49994
39.11:  34.33896,-60.50952,97.49994
39.13:  34.58992,-60.54211,97.39994
39.14:  34.83853,-60.57352,97.19994
39.16:  35.08252,-60.60348,96.99994
39.18:  35.33588,-60.63279,96.59993
39.19:  35.58335,-60.65924,96.09993
39.21:  35.83508,-60.68259,95.29993
39.23:  36.09065,-60.70405,94.79993
39.24:  36.34212,-60.7234,94.39993
39.26:  36.5876,-60.74057,93.99994
39.28:  36.82641,-60.75643,93.79994
39.29:  37.07563,-60.77211,93.59994
39.31:  37.32384,-60.78685,93.39993
39.33:  37.57323,-60.8008,93.19993
39.34:  37.82155,-60.81381,92.99993
39.36:  38.07309,-60.82655,92.89993
39.38:  38.32629,-60.83849,92.69993
39.39:  38.57692,-60.84943,92.49993
39.41:  38.82678,-60.85903,92.19993
39.43:  39.07375,-60.86809,92.09993
39.44:  39.32101,-60.87629,91.89993
39.46:  39.58429,-60.88503,91.89993
39.48:  39.83202,-60.89281,91.79993
39.49:  40.07802,-60.90054,91.79993
39.51:  40.32238,-60.90822,91.79993
39.53:  40.57391,-60.91612,91.79993
39.54:  40.82506,-60.92402,91.79993
39.56:  41.07085,-60.93174,91.79993
39.58:  41.31969,-60.93956,91.79993
39.6:  41.57447,-60.94756,91.79993
39.61:  41.83872,-60.95587,91.79993
39.63:  42.07408,-60.96326,91.79993
39.64:  42.32468,-60.97114,91.79993
39.66:  42.56949,-60.97883,91.79993
39.68:  42.82475,-60.98685,91.79993
39.69:  43.07225,-60.99463,91.79993
39.71:  43.32014,-61.00242,91.79993
39.73:  43.57342,-61.01038,91.79993
39.74:  43.82551,-61.01786,91.69993
39.76:  44.06933,-61.0251,91.69993
39.78:  44.32,-61.03254,91.69993
39.79:  44.57413,-61.04008,91.69993
39.81:  44.82012,-61.04738,91.69993
39.83:  45.0705,-61.05481,91.69993
39.84:  45.31782,-61.06215,91.69993
39.86:  45.57128,-61.06968,91.69993
39.88:  45.82058,-61.07707,91.69993
39.89:  46.07067,-61.0845,91.69993
39.91:  46.32033,-61.0919,91.69993
39.93:  46.57158,-61.09936,91.69993
39.94:  46.82003,-61.10674,91.69993
39.96:  47.06993,-61.11415,91.69993
39.98:  47.31889,-61.12154,91.69993
39.99:  47.57177,-61.12904,91.69993
40.01:  47.81804,-61.13635,91.69993
40.03:  48.08092,-61.14416,91.69993
40.04:  48.32041,-61.15126,91.69993
40.06:  48.568,-61.15861,91.69993
40.08:  48.82297,-61.16618,91.69993
40.09:  49.06865,-61.17347,91.69993
40.11:  49.31844,-61.18088,91.69993
40.13:  49.56964,-61.18834,91.69993
40.14:  49.82065,-61.19579,91.69993
40.16:  50.06747,-61.20311,91.69993
40.18:  50.32137,-61.21065,91.69993
40.19:  50.57068,-61.21805,91.69993
40.21:  50.81704,-61.22536,91.69993
40.23:  51.07019,-61.23287,91.69993
40.24:  51.3203,-61.2403,91.69993
40.26:  51.56616,-61.24759,91.69993
40.28:  51.82121,-61.25516,91.69993
40.29:  52.0679,-61.26205,91.59993
40.31:  52.31699,-61.26814,91.39993
40.33:  52.5704,-61.27079,90.59993
40.34:  52.81967,-61.26905,89.59993
40.36:  53.06828,-61.26297,88.59994
40.38:  53.31985,-61.25243,87.59994
40.39:  53.57067,-61.23841,86.79993
40.41:  53.81738,-61.22289,86.39993
40.43:  54.06502,-61.20687,86.29993
40.44:  54.31744,-61.19055,86.29993
40.46:  54.56693,-61.17398,86.19994
40.48:  54.8161,-61.15699,86.09994
40.49:  55.06595,-61.13996,86.09994
40.51:  55.31174,-61.12277,85.99994
40.53:  55.5655,-61.10502,85.99994
40.54:  55.81414,-61.0872,85.89993
40.56:  56.06445,-61.06882,85.79993
40.58:  56.31202,-61.05021,85.69994
40.59:  56.57152,-61.03069,85.69994
40.61:  56.81755,-61.01176,85.59994
40.63:  57.06718,-60.99255,85.59994
40.64:  57.31583,-60.97342,85.59994
40.66:  57.55862,-60.95474,85.59994
40.68:  57.81001,-60.93495,85.49993
40.69:  58.05752,-60.91547,85.49993
40.71:  58.30446,-60.89604,85.49993
40.73:  58.55489,-60.87633,85.49993
40.74:  58.80615,-60.85655,85.49993
40.76:  59.05038,-60.83733,85.49993
40.78:  59.30321,-60.81743,85.49993
40.79:  59.55241,-60.79782,85.49993
40.81:  59.80219,-60.77816,85.49993
40.83:  60.05201,-60.7585,85.49993
40.84:  60.29748,-60.73918,85.49993
40.86:  60.54922,-60.71937,85.49993
40.88:  60.79834,-60.69976,85.49993
40.89:  61.04925,-60.67957,85.39993
40.91:  61.28701,-60.66003,85.29993
40.93:  61.51035,-60.64167,85.29993
40.94:  61.7197,-60.62408,85.19993
40.96:  61.91779,-60.60745,85.19993
40.98:  62.10721,-60.59121,85.09993
40.99:  62.28102,-60.57631,85.09993
41.01:  62.44206,-60.5625,85.09993
41.03:  62.59244,-60.54961,85.09993
41.04:  62.7298,-60.53783,85.09993
41.06:  62.85314,-60.52726,85.09993
41.08:  62.96612,-60.51757,85.09993
41.09:  63.06641,-60.50898,85.09993
41.11:  63.15308,-60.50155,85.09993
41.13:  63.22874,-60.49506,85.09993
41.14:  63.29079,-60.48974,85.09993
41.16:  63.34032,-60.4855,85.09993
41.18:  63.37883,-60.48219,85.09993
41.19:  63.40324,-60.4801,85.09993
41.21:  63.41574,-60.47903,85.09993
41.23:  63.41574,-60.47903,85.09993
41.24:  63.41574,-60.47903,85.09993
41.26:  63.41574,-60.47903,85.09993
41.28:  63.41574,-60.47903,85.09993
41.29:  63.41574,-60.47903,85.09993
41.31:  63.41574,-60.47903,85.09993
41.33:  63.41574,-60.47903,85.09993
41.34:  63.41574,-60.47903,85.09993
41.36:  63.41574,-60.47903,85.09993
41.38:  63.41574,-60.47903,84.99993
41.39:  63.41574,-60.47903,84.99993
41.41:  63.41574,-60.47903,84.99993
41.43:  63.41574,-60.47903,84.99993
41.44:  63.41574,-60.47903,84.99993
41.46:  63.41574,-60.47903,84.99993
41.48:  63.41574,-60.47903,84.99993
41.49:  63.41574,-60.47903,84.99993
41.51:  63.41574,-60.47903,84.99993
41.53:  63.41574,-60.47903,84.99993
41.54:  63.41574,-60.47903,84.99993
41.56:  63.41574,-60.47903,84.99993
41.58:  63.41574,-60.47903,84.99993
41.59:  63.41574,-60.47903,84.99993
41.61:  63.41574,-60.47903,84.99993
41.63:  63.41574,-60.47903,84.99993
41.64:  63.41574,-60.47903,84.99993
41.66:  63.41574,-60.47903,84.99993
41.68:  63.41574,-60.47903,84.99993
41.69:  63.41574,-60.47903,84.99993
41.71:  63.41574,-60.47903,84.99993
41.73:  63.41574,-60.47903,84.99993
41.74:  63.41574,-60.47903,84.99993
41.76:  63.41574,-60.47903,84.99993
41.78:  63.41574,-60.47903,84.99993
41.79:  63.41574,-60.47903,84.99993
41.81:  63.41574,-60.47903,84.99993
41.83:  63.41574,-60.47903,84.99993
41.84:  63.41574,-60.47903,84.99993
41.86:  63.41574,-60.47903,84.99993
41.88:  63.41574,-60.47903,84.99993
41.89:  63.41574,-60.47903,84.99993
41.91:  63.41574,-60.47903,84.99993
41.93:  63.41574,-60.47903,84.99993
41.94:  63.41574,-60.47903,84.99993
41.96:  63.41574,-60.47903,84.99993
41.98:  63.41574,-60.47903,84.99993
41.99:  63.41574,-60.47903,84.99993
42.01:  63.41574,-60.47903,84.99993
42.03:  63.41574,-60.47903,84.99993
42.04:  63.41574,-60.47903,84.99993
