ParticipantNo: 22005
Controller type: Gamepad
Training Level:
0.02:  82.7,18.5,270
0.04:  82.7,18.5,270
0.06:  82.7,18.5,270
0.09:  82.7,18.5,270
0.1:  82.7,18.5,270
0.12:  82.7,18.5,270
0.14:  82.7,18.5,270
0.15:  82.7,18.5,270
0.17:  82.7,18.5,270
0.19:  82.7,18.5,270
0.2:  82.7,18.5,270
0.22:  82.7,18.5,270
0.24:  82.7,18.5,270
0.25:  82.7,18.5,270
0.27:  82.7,18.5,270
0.29:  82.7,18.5,270
0.3:  82.7,18.5,270
0.32:  82.7,18.5,270
0.34:  82.7,18.5,270
0.35:  82.7,18.5,270
0.37:  82.7,18.5,270
0.39:  82.7,18.5,270
0.4:  82.7,18.5,270
0.42:  82.7,18.5,270
0.44:  82.7,18.5,270
0.45:  82.7,18.5,270
0.47:  82.7,18.5,270
0.49:  82.7,18.5,270
0.5:  82.7,18.5,270
0.52:  82.7,18.5,270
0.54:  82.7,18.5,270
0.55:  82.7,18.5,270
0.57:  82.7,18.5,270
0.59:  82.7,18.5,270
0.6:  82.7,18.5,270
0.62:  82.7,18.5,270
0.64:  82.7,18.5,270
0.65:  82.7,18.5,270
0.67:  82.7,18.5,270
0.69:  82.7,18.5,270
0.7:  82.7,18.5,270
0.72:  82.7,18.5,270
0.74:  82.7,18.5,270
0.75:  82.7,18.5,270
0.77:  82.7,18.5,270
0.79:  82.7,18.5,270
0.8:  82.7,18.5,270
0.82:  82.7,18.5,270
0.84:  82.7,18.5,270
0.85:  82.7,18.5,270
0.87:  82.7,18.5,270
0.89:  82.7,18.5,270
0.9:  82.7,18.5,270
0.92:  82.7,18.5,270
0.94:  82.7,18.5,270
0.95:  82.7,18.5,270
0.97:  82.7,18.5,270
0.99:  82.7,18.5,270
1:  82.7,18.5,270
1.02:  82.7,18.5,270
1.04:  82.7,18.5,270
1.05:  82.7,18.5,270
1.07:  82.7,18.5,270
1.09:  82.7,18.5,270
1.1:  82.7,18.5,270
1.12:  82.7,18.5,270
1.14:  82.7,18.5,270
1.15:  82.7,18.5,270
1.17:  82.7,18.5,270
1.19:  82.7,18.5,270
1.2:  82.7,18.5,270
1.22:  82.7,18.5,270
1.24:  82.7,18.5,270
1.25:  82.7,18.5,270
1.27:  82.7,18.5,270
1.29:  82.7,18.5,270
1.3:  82.7,18.5,270
1.32:  82.7,18.5,270
1.34:  82.7,18.5,270
1.35:  82.7,18.5,270
1.37:  82.7,18.5,270
1.39:  82.7,18.5,270
1.4:  82.7,18.5,270
1.42:  82.7,18.5,270
1.44:  82.7,18.5,270
1.45:  82.7,18.5,270
1.47:  82.7,18.5,270
1.49:  82.7,18.5,270
1.5:  82.7,18.5,270
1.52:  82.7,18.5,270
1.54:  82.7,18.5,270
1.55:  82.7,18.5,270
1.57:  82.7,18.5,270
1.59:  82.7,18.5,270
1.6:  82.7,18.5,270
1.62:  82.7,18.5,270
1.64:  82.7,18.5,270
1.65:  82.7,18.5,270
1.67:  82.7,18.5,270
1.69:  82.7,18.5,270
1.7:  82.7,18.5,270
1.72:  82.7,18.5,270
1.74:  82.7,18.5,270
1.75:  82.7,18.5,270
1.77:  82.7,18.5,270
1.79:  82.7,18.5,270
1.8:  82.7,18.5,270
1.82:  82.7,18.5,270
1.84:  82.7,18.5,270
1.85:  82.7,18.5,270
1.87:  82.7,18.5,270
1.89:  82.7,18.5,270
1.9:  82.7,18.5,270
1.92:  82.7,18.5,270
1.94:  82.7,18.5,270
1.95:  82.7,18.5,270
1.97:  82.7,18.5,270
1.99:  82.7,18.5,270
2:  82.7,18.5,270
2.02:  82.7,18.5,270
2.04:  82.7,18.5,270
2.05:  82.7,18.5,270
2.07:  82.7,18.5,270
2.09:  82.7,18.5,270
2.1:  82.7,18.5,270
2.12:  82.7,18.5,270
2.14:  82.7,18.5,270
2.15:  82.7,18.5,270
2.17:  82.7,18.5,270
2.19:  82.7,18.5,270
2.2:  82.7,18.5,270
2.22:  82.7,18.5,270
2.24:  82.7,18.5,270
2.25:  82.7,18.5,270
2.27:  82.7,18.5,270
2.29:  82.7,18.5,270
2.3:  82.7,18.5,270
2.32:  82.7,18.5,270
2.34:  82.7,18.5,270
2.35:  82.7,18.5,270
2.37:  82.7,18.5,270
2.39:  82.7,18.5,270
2.4:  82.7,18.5,270
2.42:  82.7,18.5,270
2.44:  82.7,18.5,270
2.45:  82.7,18.5,270
2.47:  82.7,18.5,270
2.49:  82.7,18.5,270
2.5:  82.7,18.5,270
2.52:  82.7,18.5,270
2.54:  82.7,18.5,270
2.55:  82.7,18.5,270
2.57:  82.7,18.5,270
2.59:  82.7,18.5,270
2.6:  82.7,18.5,270
2.62:  82.7,18.5,270
2.64:  82.7,18.5,270
2.65:  82.7,18.5,270
2.67:  82.7,18.5,270
2.69:  82.7,18.5,270
2.7:  82.7,18.5,270
2.72:  82.7,18.5,270
2.74:  82.7,18.5,270
2.75:  82.7,18.5,270
2.77:  82.7,18.5,270
2.79:  82.7,18.5,270
2.8:  82.7,18.5,270
2.82:  82.7,18.5,270
2.84:  82.7,18.5,270
2.85:  82.7,18.5,270
2.87:  82.7,18.5,270
2.89:  82.7,18.5,270
2.9:  82.7,18.5,270
2.92:  82.7,18.5,270
2.94:  82.7,18.5,270
2.95:  82.7,18.5,270
2.97:  82.7,18.5,270
2.99:  82.7,18.5,270
3:  82.7,18.5,270
3.02:  82.7,18.5,270
3.04:  82.7,18.5,270
3.05:  82.7,18.5,270
3.07:  82.7,18.5,270
3.09:  82.7,18.5,270
3.1:  82.7,18.5,270
3.12:  82.7,18.5,270
3.14:  82.7,18.5,270
3.15:  82.7,18.5,270
3.17:  82.7,18.5,270
3.19:  82.7,18.5,270
3.2:  82.7,18.5,270
3.22:  82.7,18.5,270
3.24:  82.7,18.5,270
3.25:  82.7,18.5,270
3.27:  82.7,18.5,270
3.29:  82.7,18.5,270
3.3:  82.7,18.5,270
3.32:  82.7,18.5,270
3.34:  82.7,18.5,270
3.35:  82.7,18.5,270
3.37:  82.7,18.5,270
3.39:  82.7,18.5,270
3.4:  82.7,18.5,270
3.42:  82.7,18.5,270
3.44:  82.7,18.5,270
3.45:  82.7,18.5,270
3.47:  82.7,18.5,270
3.49:  82.7,18.5,270
3.5:  82.7,18.5,270
3.52:  82.7,18.5,270
3.54:  82.7,18.5,270
3.55:  82.7,18.5,270
3.57:  82.7,18.5,270
3.59:  82.7,18.5,270
3.6:  82.7,18.5,270
3.62:  82.7,18.5,270
3.64:  82.7,18.5,270
3.65:  82.7,18.5,270
3.67:  82.7,18.5,270
3.69:  82.7,18.5,270
3.7:  82.7,18.5,270
3.72:  82.7,18.5,270
3.74:  82.7,18.5,270
3.75:  82.7,18.5,270
3.77:  82.7,18.5,270
3.79:  82.7,18.5,270
3.8:  82.7,18.5,270
3.82:  82.7,18.5,270
3.84:  82.7,18.5,270
3.85:  82.7,18.5,270
3.87:  82.7,18.5,270
3.89:  82.7,18.5,270
3.9:  82.7,18.5,270
3.92:  82.7,18.5,270
3.94:  82.7,18.5,270
3.95:  82.7,18.5,270
3.97:  82.7,18.5,270
3.99:  82.7,18.5,270
4:  82.7,18.5,270
4.02:  82.7,18.5,270
4.04:  82.7,18.5,270
4.05:  82.7,18.5,270
4.07:  82.7,18.5,270
4.09:  82.7,18.5,270
4.1:  82.7,18.5,270
4.12:  82.7,18.5,270
4.14:  82.7,18.5,270
4.15:  82.7,18.5,270
4.17:  82.7,18.5,270
4.19:  82.7,18.5,270
4.2:  82.7,18.5,270
4.22:  82.7,18.5,270
4.24:  82.7,18.5,270
4.25:  82.7,18.5,270
4.27:  82.7,18.5,270
4.29:  82.7,18.5,270
4.3:  82.7,18.5,270
4.32:  82.7,18.5,270
4.34:  82.7,18.5,270
4.35:  82.7,18.5,270
4.37:  82.7,18.5,270
4.39:  82.7,18.5,270
4.4:  82.7,18.5,270
4.42:  82.7,18.5,270
4.44:  82.7,18.5,270
4.45:  82.7,18.5,270
4.47:  82.7,18.5,270
4.49:  82.7,18.5,270
4.5:  82.7,18.5,270
4.52:  82.7,18.5,270
4.54:  82.7,18.5,270
4.55:  82.7,18.5,270
4.57:  82.7,18.5,270
4.59:  82.7,18.5,270
4.6:  82.7,18.5,270
4.62:  82.7,18.5,270
4.64:  82.7,18.5,270
4.65:  82.7,18.5,270
4.67:  82.7,18.5,270
4.69:  82.7,18.5,270
4.7:  82.7,18.5,270
4.72:  82.7,18.5,270
4.74:  82.7,18.5,270
4.75:  82.7,18.5,270
4.77:  82.7,18.5,270
4.79:  82.7,18.5,270
4.8:  82.7,18.5,270
4.82:  82.7,18.5,270
4.84:  82.7,18.5,270
4.85:  82.7,18.5,270
4.87:  82.7,18.5,270
4.89:  82.7,18.5,270
4.9:  82.7,18.5,270
4.92:  82.7,18.5,270
4.94:  82.7,18.5,270
4.95:  82.7,18.5,270
4.97:  82.7,18.5,270
4.99:  82.7,18.5,270
5:  82.7,18.5,270
5.02:  82.7,18.5,270
5.04:  82.7,18.5,270
5.05:  82.7,18.5,270
5.07:  82.7,18.5,270
5.09:  82.7,18.5,270
5.1:  82.7,18.5,270
5.12:  82.7,18.5,270
5.14:  82.7,18.5,270
5.15:  82.7,18.5,270
5.17:  82.7,18.5,270
5.19:  82.7,18.5,270
5.2:  82.7,18.5,270
5.22:  82.7,18.5,270
5.24:  82.7,18.5,270
5.25:  82.7,18.5,270
5.27:  82.7,18.5,270
5.29:  82.7,18.5,270
5.3:  82.7,18.5,270
5.32:  82.7,18.5,270
5.34:  82.7,18.5,270
5.35:  82.7,18.5,270
5.37:  82.7,18.5,270
5.39:  82.7,18.5,270
5.4:  82.7,18.5,270
5.42:  82.7,18.5,270
5.44:  82.7,18.5,270
5.45:  82.7,18.5,270
5.47:  82.7,18.5,270
5.49:  82.7,18.5,270
5.5:  82.7,18.5,270
5.52:  82.7,18.5,270
5.54:  82.7,18.5,270
5.55:  82.7,18.5,270
5.57:  82.7,18.5,270
5.59:  82.7,18.5,270
5.6:  82.7,18.5,270
5.62:  82.7,18.5,270
5.64:  82.7,18.5,270
5.65:  82.7,18.5,270
5.67:  82.7,18.5,270
5.69:  82.7,18.5,270
5.7:  82.7,18.5,270
5.72:  82.7,18.5,270
5.74:  82.7,18.5,270
5.75:  82.7,18.5,270
5.77:  82.7,18.5,270
5.79:  82.7,18.5,270
5.8:  82.7,18.5,270
5.82:  82.7,18.5,270
5.84:  82.7,18.5,270
5.85:  82.7,18.5,270
5.87:  82.7,18.5,270
5.89:  82.7,18.5,270
5.9:  82.7,18.5,270
5.92:  82.7,18.5,270
5.94:  82.7,18.5,270
5.95:  82.7,18.5,270
5.97:  82.7,18.5,270
5.99:  82.7,18.5,270
6:  82.7,18.5,270
6.02:  82.7,18.5,270
6.04:  82.7,18.5,270
6.05:  82.7,18.5,270
6.07:  82.7,18.5,270
6.09:  82.7,18.5,270
6.1:  82.7,18.5,270
6.12:  82.7,18.5,270
6.14:  82.7,18.5,270
6.15:  82.7,18.5,270
6.17:  82.7,18.5,270
6.19:  82.7,18.5,270
6.2:  82.7,18.5,270
6.22:  82.7,18.5,270
6.24:  82.7,18.5,270
6.25:  82.7,18.5,270
6.27:  82.7,18.5,270
6.29:  82.7,18.5,270
6.3:  82.7,18.5,270
6.32:  82.7,18.5,270
6.34:  82.7,18.5,270
6.35:  82.7,18.5,270
6.37:  82.7,18.5,270
6.39:  82.7,18.5,270
6.4:  82.7,18.5,270
6.42:  82.7,18.5,270
6.44:  82.7,18.5,270
6.45:  82.7,18.5,270
6.47:  82.7,18.5,270
6.49:  82.7,18.5,270
6.5:  82.7,18.5,270
6.52:  82.7,18.5,270
6.54:  82.7,18.5,270
6.55:  82.7,18.5,270
6.57:  82.7,18.5,270
6.59:  82.7,18.5,270
6.6:  82.7,18.5,270
6.62:  82.7,18.5,270
6.64:  82.7,18.5,270
6.65:  82.7,18.5,270
6.67:  82.7,18.5,270
6.69:  82.7,18.5,270
6.7:  82.7,18.5,270
6.72:  82.7,18.48778,270
6.74:  82.7,18.46406,270
6.75:  82.7,18.42948,270
6.77:  82.7,18.39043,270
6.79:  82.7,18.34095,270
6.8:  82.7,18.28705,270
6.82:  82.70492,18.23042,270
6.84:  82.7146,18.16511,270
6.85:  82.73692,18.09567,270
6.87:  82.76863,18.00296,270
6.89:  82.8147,17.89869,270
6.9:  82.87527,17.78008,270
6.92:  82.94068,17.64441,270
6.94:  83.01074,17.50429,270
6.95:  83.09234,17.35347,270
6.97:  83.17572,17.20388,270
6.99:  83.25838,17.05556,270
7:  83.34216,16.90281,270
7.02:  83.42767,16.74888,270
7.04:  83.5276,16.59045,270
7.05:  83.63657,16.41957,270
7.07:  83.75233,16.24222,270
7.09:  83.87134,16.06251,270
7.1:  83.99417,15.8758,270
7.12:  84.12478,15.68605,270
7.14:  84.25533,15.49748,270
7.15:  84.38897,15.30444,270
7.17:  84.52425,15.10768,270
7.19:  84.66409,14.91386,270
7.2:  84.80589,14.71828,270
7.22:  84.94839,14.52171,270
7.24:  85.0896,14.32695,270
7.25:  85.23241,14.12996,270
7.27:  85.37531,13.93286,270
7.29:  85.51473,13.73719,270
7.3:  85.65953,13.53996,270
7.32:  85.80121,13.34454,270
7.34:  85.94042,13.15252,270
7.35:  86.08056,12.9583,270
7.37:  86.21995,12.76266,270
7.39:  86.36215,12.56897,270
7.4:  86.50408,12.3732,270
7.42:  86.64481,12.17569,270
7.44:  86.78259,11.98231,270
7.45:  86.92568,11.78495,270
7.47:  87.06815,11.58845,270
7.49:  87.20916,11.39395,270
7.5:  87.35001,11.19627,270
7.52:  87.49142,11.00366,270
7.54:  87.63204,10.80969,270
7.55:  87.7768,10.61252,270
7.57:  87.9188,10.41911,270
7.59:  88.05836,10.22567,270
7.6:  88.19766,10.03017,270
7.62:  88.34198,9.82762,270
7.64:  88.47559,9.640089,270
7.65:  88.62288,9.439479,270
7.67:  88.76188,9.247754,270
7.69:  88.87481,9.051295,270
7.7:  88.87481,8.856012,270
7.72:  88.87481,8.658609,270
7.74:  88.87481,8.465935,270
7.75:  88.87481,8.267904,270
7.77:  88.87481,8.073849,270
7.79:  88.87481,7.885002,270
7.8:  88.87481,7.70136,270
7.82:  88.87481,7.526243,270
7.84:  88.87481,7.358857,270
7.85:  88.87481,7.193734,270
7.87:  88.87481,7.036207,270
7.89:  88.87481,6.880494,270
7.9:  88.87481,6.735527,270
7.92:  88.87481,6.591665,270
7.94:  88.87481,6.450504,270
7.95:  88.87481,6.309293,270
7.97:  88.87481,6.169724,270
7.99:  88.87481,6.029888,270
8:  88.87481,5.887432,270
8.02:  88.87481,5.754079,270
8.04:  88.87481,5.633731,270
8.05:  88.87481,5.522317,270
8.07:  88.87481,5.413755,270
8.09:  88.87481,5.309137,270
8.1:  88.87481,5.205405,270
8.12:  88.87481,5.10561,270
8.14:  88.87481,5.008864,270
8.15:  88.87481,4.90981,270
8.17:  88.87481,4.814255,270
8.19:  88.87481,4.720934,270
8.2:  88.87481,4.632795,270
8.22:  88.87481,4.554003,270
8.24:  88.87481,4.483819,270
8.25:  88.87481,4.418011,270
8.27:  88.87481,4.35791,270
8.29:  88.87481,4.30188,270
8.3:  88.87481,4.292019,270
8.32:  88.87481,4.292019,270
8.34:  88.87481,4.292019,270
8.35:  88.87481,4.292019,270
8.37:  88.87481,4.292019,270
8.39:  88.87481,4.292019,270
8.4:  88.87481,4.292019,270
8.42:  88.87481,4.292019,270
8.44:  88.87481,4.292019,270
8.45:  88.87481,4.292019,270
8.47:  88.87481,4.292019,270
8.49:  88.87481,4.292019,270
8.5:  88.87481,4.292019,270
8.52:  88.87481,4.292019,270
8.54:  88.87481,4.292019,270
8.55:  88.83524,4.292019,270
8.57:  88.74677,4.292019,270
8.59:  88.61119,4.292019,270
8.6:  88.43751,4.267557,270
8.62:  88.24332,4.235602,270
8.64:  88.04025,4.205518,270
8.65:  87.82546,4.171347,270
8.67:  87.58408,4.120146,270
8.69:  87.34099,4.069601,270
8.7:  87.09019,4.015506,270
8.72:  86.84229,3.963963,270
8.74:  86.59667,3.910987,270
8.75:  86.34328,3.858819,270
8.77:  86.09306,3.809755,270
8.79:  85.84438,3.760994,270
8.8:  85.59303,3.71171,270
8.82:  85.3441,3.6629,270
8.84:  85.09664,3.614379,270
8.85:  84.84338,3.564719,270
8.87:  84.59277,3.518038,270
8.89:  84.34294,3.469051,270
8.9:  84.09403,3.420246,270
8.92:  83.84187,3.373273,270
8.94:  83.5954,3.324946,270
8.95:  83.34357,3.275568,270
8.97:  83.0936,3.229005,270
8.99:  82.84626,3.182932,270
9:  82.58797,3.132286,270
9.02:  82.34289,3.086635,270
9.04:  82.09586,3.038197,270
9.05:  81.84449,2.988909,270
9.07:  81.59492,2.942422,270
9.09:  81.3344,2.891337,270
9.1:  81.08936,2.843292,270
9.12:  80.84077,2.794547,270
9.14:  80.59614,2.74658,270
9.15:  80.34646,2.697624,270
9.17:  80.09571,2.648457,270
9.19:  79.84321,2.598947,270
9.2:  79.59393,2.552513,270
9.22:  79.34218,2.505618,270
9.24:  79.09514,2.459601,270
9.25:  78.84296,2.412628,270
9.27:  78.5949,2.36642,270
9.29:  78.34281,2.319462,270
9.3:  78.09405,2.270684,270
9.32:  77.84372,2.224054,270
9.34:  77.59561,2.175406,270
9.35:  77.34341,2.128428,270
9.37:  77.09332,2.07939,270
9.39:  76.84489,2.030677,270
9.4:  76.59328,1.981343,270
9.42:  76.3425,1.932169,270
9.44:  76.09523,1.883685,270
9.45:  75.84371,1.836834,270
9.47:  75.59328,1.790185,270
9.49:  75.3493,1.74627,270
9.5:  75.13037,1.73397,270
9.52:  74.94651,1.73397,270
9.54:  74.78407,1.73397,270
9.55:  74.65209,1.73397,270
9.57:  74.55105,1.73397,270
9.59:  74.46762,1.73397,270
9.6:  74.38795,1.73397,270
9.62:  74.31036,1.73397,270
9.64:  74.24754,1.73397,270
9.65:  74.22545,1.73397,270
9.67:  74.22545,1.73397,270
9.69:  74.22545,1.73397,270
9.7:  74.22545,1.73397,270
9.72:  74.22545,1.73397,270
9.74:  74.22545,1.73397,270
9.75:  74.22545,1.73397,270
9.77:  74.22545,1.73397,270
9.79:  74.22545,1.73397,270
9.8:  74.22545,1.73397,270
9.82:  74.22545,1.73397,270
9.84:  74.22545,1.73397,270
9.85:  74.22545,1.73397,270
9.87:  74.22545,1.73397,270
9.89:  74.22545,1.73397,270
9.9:  74.22545,1.73397,270
9.92:  74.22545,1.73397,270
9.94:  74.22545,1.73397,270
9.95:  74.22545,1.73397,270
9.97:  74.22545,1.73397,270
9.99:  74.22545,1.73397,270
10:  74.22545,1.73397,270
10.02:  74.22545,1.73397,270
10.04:  74.22545,1.73397,270
10.05:  74.22545,1.73397,270
10.07:  74.22545,1.73397,270
10.09:  74.22545,1.73397,270
10.1:  74.22545,1.73397,270
10.12:  74.22545,1.73397,270
10.14:  74.22545,1.73397,270
10.15:  74.22545,1.746091,270
10.17:  74.22545,1.789068,270
10.19:  74.22545,1.875027,270
10.2:  74.22545,2.001572,270
10.22:  74.22545,2.171391,270
10.24:  74.22545,2.36267,270
10.25:  74.22545,2.570206,270
10.27:  74.22545,2.791491,270
10.29:  74.22545,3.031944,270
10.3:  74.22545,3.278844,270
10.32:  74.22545,3.532544,270
10.34:  74.22545,3.779534,270
10.35:  74.22545,4.031553,270
10.37:  74.22545,4.28139,270
10.39:  74.22545,4.529577,270
10.4:  74.22545,4.780316,270
10.42:  74.22545,5.030183,270
10.44:  74.22545,5.279718,270
10.45:  74.22545,5.53208,270
10.47:  74.22545,5.78312,270
10.49:  74.22545,6.032067,270
10.5:  74.22544,6.281771,270
10.52:  74.22544,6.532195,270
10.54:  74.22544,6.778754,270
10.55:  74.22544,7.031499,270
10.57:  74.22544,7.287716,270
10.59:  74.22544,7.536071,270
10.6:  74.22544,7.782844,270
10.62:  74.22544,8.028337,270
10.64:  74.22544,8.278521,270
10.65:  74.22544,8.530457,270
10.67:  74.22544,8.780106,270
10.69:  74.22544,9.031713,270
10.7:  74.22544,9.281074,270
10.72:  74.22544,9.540743,270
10.74:  74.22544,9.782213,270
10.75:  74.22544,10.03182,270
10.77:  74.22544,10.28151,270
10.79:  74.22544,10.53178,270
10.8:  74.22544,10.7816,270
10.82:  74.22544,11.04011,270
10.84:  74.22544,11.28239,270
10.85:  74.22544,11.53143,270
10.87:  74.22544,11.7812,270
10.89:  74.22544,12.03067,270
10.9:  74.22544,12.27893,270
10.92:  74.22544,12.53178,270
10.94:  74.22544,12.779,270
10.95:  74.22544,13.03173,270
10.97:  74.22544,13.28241,270
10.99:  74.22544,13.53203,270
11:  74.22544,13.78183,270
11.02:  74.22544,14.032,270
11.04:  74.22544,14.27854,270
11.05:  74.22544,14.53066,270
11.07:  74.22544,14.7785,270
11.09:  74.22544,15.03284,270
11.1:  74.22544,15.28162,270
11.12:  74.22544,15.52837,270
11.14:  74.22544,15.79409,270
11.15:  74.22544,16.03478,270
11.17:  74.22544,16.28264,270
11.19:  74.22544,16.49584,270
11.2:  74.22544,16.67879,270
11.22:  74.22544,16.83148,270
11.24:  74.22544,16.93768,270
11.25:  74.22544,16.99219,270
11.27:  74.22544,16.9971,270
11.29:  74.22544,16.9971,270
11.3:  74.22544,16.9971,270
11.32:  74.22544,16.9971,270
11.34:  74.22544,16.9971,270
11.35:  74.22544,16.9971,270
11.37:  74.22544,16.9971,270
11.39:  74.22544,16.9971,270
11.4:  74.22544,16.9971,270
11.42:  74.22544,16.9971,270
11.44:  74.22544,16.9971,270
11.45:  74.22544,16.9971,270
11.47:  74.22544,16.9971,270
11.49:  74.22544,16.9971,270
11.5:  74.22544,16.9971,270
11.52:  74.22544,16.9971,270
11.54:  74.22544,16.9971,270
11.55:  74.22544,16.9971,270
11.57:  74.22544,16.9971,270
11.59:  74.22544,16.9971,270
11.6:  74.22544,16.9971,270
11.62:  74.22544,16.9971,270
11.64:  74.22544,16.9971,270
11.65:  74.22544,16.9971,270
11.67:  74.20583,16.9971,270
11.69:  74.14225,16.9971,270
11.7:  74.03209,16.9971,270
11.72:  73.86942,16.9971,270
11.74:  73.66244,16.9971,270
11.75:  73.40907,16.9971,270
11.77:  73.16039,16.9971,270
11.79:  72.90803,16.9971,270
11.8:  72.65907,16.9971,270
11.82:  72.40849,16.9971,270
11.84:  72.16202,16.9971,270
11.85:  71.90934,16.9971,270
11.87:  71.65934,16.9971,270
11.89:  71.40937,16.9971,270
11.9:  71.15862,16.9971,270
11.92:  70.90787,16.9971,270
11.94:  70.66203,16.9971,270
11.95:  70.40926,16.9971,270
11.97:  70.15877,16.9971,270
11.99:  69.9091,16.9971,270
12:  69.65936,16.9971,270
12.02:  69.41146,16.9971,270
12.04:  69.16117,16.9971,270
12.05:  68.90858,16.9971,270
12.07:  68.65876,16.9971,270
12.09:  68.40823,16.9971,270
12.1:  68.16173,16.9971,270
12.12:  67.90809,16.9971,270
12.14:  67.66174,16.9971,270
12.15:  67.40891,16.9971,270
12.17:  67.15861,16.9971,270
12.19:  66.90937,16.9971,270
12.2:  66.65908,16.9971,270
12.22:  66.41135,16.9971,270
12.24:  66.16154,16.9971,270
12.25:  65.9093,16.9971,270
12.27:  65.65903,16.9971,270
12.29:  65.40878,16.9971,270
12.3:  65.15861,16.9971,270
12.32:  64.91128,16.9971,270
12.34:  64.66182,16.9971,270
12.35:  64.40905,16.9971,270
12.37:  64.15923,16.9971,270
12.39:  63.90783,16.9971,270
12.4:  63.65904,16.9971,270
12.42:  63.4085,16.9971,270
12.44:  63.16119,16.9971,270
12.45:  62.90891,16.9971,270
12.47:  62.66065,16.9971,270
12.49:  62.40836,16.9971,270
12.5:  62.15965,16.9971,270
12.52:  61.9082,16.9971,270
12.54:  61.66239,16.9971,270
12.55:  61.40854,16.9971,270
12.57:  61.16032,16.9971,270
12.59:  60.90826,16.9971,270
12.6:  60.65904,16.9971,270
12.62:  60.40794,16.9971,270
12.64:  60.16299,16.9971,270
12.65:  59.90166,16.9971,270
12.67:  59.65725,16.9971,270
12.69:  59.40757,16.9971,270
12.7:  59.16098,16.9971,270
12.72:  58.90888,16.9971,270
12.74:  58.65321,16.9971,270
12.75:  58.40355,16.9971,270
12.77:  58.15733,16.9971,270
12.79:  57.90829,16.9971,270
12.8:  57.6585,16.9971,270
12.82:  57.40789,16.9971,270
12.84:  57.16186,16.9971,270
12.85:  56.90932,16.9971,270
12.87:  56.65916,16.9971,270
12.89:  56.40815,16.9971,270
12.9:  56.15919,16.9971,270
12.92:  55.90825,16.9971,270
12.94:  55.65307,16.9971,270
12.95:  55.40418,16.9971,270
12.97:  55.15598,16.9971,270
12.99:  54.90637,16.9971,270
13:  54.65683,16.9971,270
13.02:  54.40542,16.9971,270
13.04:  54.16011,16.9971,270
13.05:  53.909,16.9971,270
13.07:  53.65843,16.9971,270
13.09:  53.40771,16.9971,270
13.1:  53.15928,16.9971,270
13.12:  52.90751,16.9971,270
13.14:  52.65174,16.9971,270
13.15:  52.4082,16.9971,270
13.17:  52.16191,16.9971,270
13.19:  51.90865,16.9971,270
13.2:  51.65914,16.9971,270
13.22:  51.40822,16.9971,270
13.24:  51.16197,16.9971,270
13.25:  50.90927,16.9971,270
13.27:  50.65878,16.9971,270
13.29:  50.40869,16.9971,270
13.3:  50.16085,16.9971,270
13.32:  49.9079,16.9971,270
13.34:  49.66149,16.9971,270
13.35:  49.40838,16.9971,270
13.37:  49.15809,16.9971,270
13.39:  48.9091,16.9971,270
13.4:  48.65919,16.9971,270
13.42:  48.41083,16.9971,270
13.44:  48.15176,16.9971,270
13.45:  47.9012,16.9971,270
13.47:  47.6551,16.9971,270
13.49:  47.40643,16.9971,270
13.5:  47.15196,16.9971,270
13.52:  46.9066,16.9971,270
13.54:  46.66232,16.9971,270
13.55:  46.40841,16.9971,270
13.57:  46.16058,16.9971,270
13.59:  45.90986,16.9971,270
13.6:  45.65881,16.9971,270
13.62:  45.40815,16.9971,270
13.64:  45.16123,16.9971,270
13.65:  44.90871,16.9971,270
13.67:  44.65845,16.9971,270
13.69:  44.40874,16.9971,270
13.7:  44.15896,16.9971,270
13.72:  43.90868,16.9971,270
13.74:  43.66267,16.9971,270
13.75:  43.40892,16.9971,270
13.77:  43.15907,16.9971,270
13.79:  42.90871,16.9971,270
13.8:  42.65095,16.9971,270
13.82:  42.40358,16.9971,270
13.84:  42.15718,16.9971,270
13.85:  41.90642,16.9971,270
13.87:  41.65642,16.9971,270
13.89:  41.41853,16.9971,270
13.9:  41.18807,16.9971,270
13.92:  40.95287,16.9971,270
13.94:  40.72222,16.9971,270
13.95:  40.48714,16.9971,270
13.97:  40.25606,16.9971,270
13.99:  40.02235,16.9971,270
14:  39.78886,16.9971,270
14.02:  39.54745,16.9971,270
14.04:  39.32122,16.9971,270
14.05:  39.08796,16.9971,270
14.07:  38.84951,16.9971,270
14.09:  38.62259,16.9971,270
14.1:  38.38988,16.9971,270
14.12:  38.15734,16.9971,270
14.14:  37.92699,16.9971,270
14.15:  37.69287,16.9971,270
14.17:  37.45932,16.9971,270
14.19:  37.22818,16.9971,270
14.2:  36.99463,16.9971,270
14.22:  36.76534,16.9971,270
14.24:  36.5316,16.9971,270
14.25:  36.29598,16.9971,270
14.27:  36.06293,16.9971,270
14.29:  35.83023,16.9971,270
14.3:  35.59596,16.9971,270
14.32:  35.36449,16.9971,270
14.34:  35.13472,16.9971,270
14.35:  34.89867,16.9971,270
14.37:  34.66621,16.9971,270
14.39:  34.43254,16.9971,270
14.4:  34.19993,16.9971,270
14.42:  33.9679,16.9971,270
14.44:  33.7375,16.9971,270
14.45:  33.50219,16.9971,270
14.47:  33.27168,16.9971,270
14.49:  33.03506,16.9971,270
14.5:  32.80728,16.9971,270
14.52:  32.57656,16.9971,270
14.54:  32.35876,16.9971,270
14.55:  32.13885,16.9971,270
14.57:  31.92435,16.9971,270
14.59:  31.70262,16.9971,270
14.6:  31.49925,16.9971,270
14.62:  31.288,16.9971,270
14.64:  31.08032,16.9971,270
14.65:  30.86731,16.9971,270
14.67:  30.65427,16.9971,270
14.69:  30.43427,16.9971,270
14.7:  30.22562,16.9971,270
14.72:  30.01262,16.9971,270
14.74:  29.80275,16.9971,270
14.75:  29.59017,16.9971,270
14.77:  29.37708,16.9971,270
14.79:  29.16585,16.9971,270
14.8:  28.95504,16.9971,270
14.82:  28.74103,16.9971,270
14.84:  28.53337,16.9971,270
14.85:  28.32053,16.9971,270
14.87:  28.10708,16.9971,270
14.89:  27.89554,16.9971,270
14.9:  27.67841,16.9971,270
14.92:  27.46489,16.9971,270
14.94:  27.24931,16.9971,270
14.95:  27.03127,16.9971,270
14.97:  26.81772,16.9971,270
14.99:  26.60002,16.9971,270
15:  26.3839,16.9971,270
15.02:  26.16804,16.9971,270
15.04:  25.95522,16.9971,270
15.05:  25.73433,16.9971,270
15.07:  25.51862,16.9971,270
15.09:  25.3025,16.9971,270
15.1:  25.08951,16.9971,270
15.12:  24.8714,16.99709,270
15.14:  24.65905,16.99709,270
15.15:  24.44239,16.99709,270
15.17:  24.22187,16.99709,270
15.19:  24.00674,16.99709,270
15.2:  23.78564,16.99709,270
15.22:  23.56964,16.99709,270
15.24:  23.35475,16.99709,270
15.25:  23.13455,16.99709,270
15.27:  22.91552,16.99709,270
15.29:  22.69856,16.99709,270
15.3:  22.47956,16.99709,270
15.32:  22.26391,16.99709,270
15.34:  22.05082,16.99709,270
15.35:  21.83281,16.99709,270
15.37:  21.61789,16.99709,270
15.39:  21.39783,16.99709,270
15.4:  21.18065,16.99709,270
15.42:  20.96117,16.99709,270
15.44:  20.74679,16.99709,270
15.45:  20.52558,16.99709,270
15.47:  20.30813,16.99709,270
15.49:  20.09007,16.99709,270
15.5:  19.87189,16.99709,270
15.52:  19.65326,16.99709,270
15.54:  19.43733,16.99709,270
15.55:  19.21757,16.99709,270
15.57:  19.00162,16.99709,270
15.59:  18.78565,16.99709,270
15.6:  18.56433,16.99709,270
15.62:  18.34775,16.99709,270
15.64:  18.14049,16.99709,270
15.65:  17.91725,16.99709,270
15.67:  17.70966,16.99709,270
15.69:  17.49083,16.99709,270
15.7:  17.2795,16.99709,270
15.72:  17.0595,16.99709,270
15.74:  16.84784,16.99709,270
15.75:  16.62915,16.99709,270
15.77:  16.4134,16.99709,270
15.79:  16.19699,16.99709,270
15.8:  15.98216,16.99709,270
15.82:  15.77129,16.99709,270
15.84:  15.56121,16.99709,270
15.85:  15.36259,16.99709,270
15.87:  15.17533,16.99709,270
15.89:  15.00533,16.99709,270
15.9:  14.85289,16.99709,270
15.92:  14.74582,16.99709,270
15.94:  14.69814,16.99709,270
15.95:  14.69814,16.99709,270
15.97:  14.69814,16.99709,270
15.99:  14.69814,16.99709,270
16:  14.69814,16.99709,270
16.02:  14.69814,16.99709,270
16.04:  14.69814,16.99709,270
16.05:  14.69814,16.99709,270
16.07:  14.69814,16.99709,270
16.09:  14.69814,16.99709,270
16.1:  14.69814,16.99709,270
16.12:  14.69814,16.99709,270
16.14:  14.69814,16.99709,270
16.15:  14.69814,16.99709,270
16.17:  14.69814,16.99709,270
16.19:  14.69814,16.99709,270
16.2:  14.69814,16.99709,270
16.22:  14.69814,16.99709,270
16.24:  14.69814,16.99709,270
16.25:  14.69814,16.99709,270
16.27:  14.69814,16.99709,270
16.29:  14.69814,16.99709,270
16.3:  14.69814,16.99709,270
16.32:  14.69814,16.99709,270
16.34:  14.69814,16.99709,270
16.35:  14.69814,16.99709,270
16.37:  14.69814,16.99709,270
16.39:  14.69814,16.99709,270
16.4:  14.69814,16.99709,270
16.42:  14.69814,16.99709,270
16.44:  14.69814,16.99709,270
16.45:  14.69814,16.99709,270
16.47:  14.69814,16.99709,270
16.49:  14.69814,16.99709,270
16.5:  14.69814,16.99709,270
16.52:  14.69814,16.99709,270
16.54:  14.69814,16.99709,270
16.55:  14.69814,16.99709,270
16.57:  14.69814,16.99709,270
16.59:  14.69814,16.97262,270
16.6:  14.64871,16.83668,270
16.62:  14.54795,16.60996,270
16.64:  14.4497,16.39429,270
16.65:  14.35023,16.17049,270
16.67:  14.25405,15.95408,270
16.69:  14.15582,15.73306,270
16.7:  14.06062,15.5076,270
16.72:  13.97916,15.29196,270
16.74:  13.90163,15.07392,270
16.75:  13.8251,14.85173,270
16.77:  13.7494,14.63196,270
16.79:  13.67136,14.40537,270
16.8:  13.59596,14.18648,270
16.82:  13.52038,13.96706,270
16.84:  13.44565,13.7501,270
16.85:  13.36919,13.52319,270
16.87:  13.29403,13.29528,270
16.89:  13.21734,13.06274,270
16.9:  13.14192,12.83403,270
16.92:  13.06526,12.60158,270
16.94:  12.99022,12.37405,270
16.95:  12.91348,12.14135,270
16.97:  12.83975,11.91031,270
16.99:  12.76378,11.87599,270
17:  12.69048,11.87599,270
17.02:  12.61687,11.87599,270
17.04:  12.54425,11.87599,270
17.05:  12.46982,11.87599,270
17.07:  12.39364,11.87599,270
17.09:  12.31762,11.87599,270
17.1:  12.24433,11.87599,270
17.12:  12.17046,11.87599,270
17.14:  12.09519,11.87599,270
17.15:  12.02083,11.87599,270
17.17:  11.94509,11.87599,270
17.19:  11.86925,11.87599,270
17.2:  11.79584,11.87599,270
17.22:  11.72274,11.87599,270
17.24:  11.65184,11.87599,270
17.25:  11.58,11.87599,270
17.27:  11.51111,11.87599,270
17.29:  11.44278,11.87599,270
17.3:  11.37178,11.87594,270
17.32:  11.29653,11.87346,270
17.34:  11.2152,11.8676,270
17.35:  11.12496,11.85788,270
17.37:  11.02883,11.84385,270
17.39:  10.92444,11.82435,270
17.4:  10.81491,11.7992,270
17.42:  10.70165,11.7681,270
17.44:  10.60111,11.73686,270
17.45:  10.52163,11.70891,270
17.47:  10.44864,11.68048,270
17.49:  10.37407,11.64743,270
17.5:  10.2952,11.60995,270
17.52:  10.21725,11.56788,270
17.54:  10.1327,11.52,270
17.55:  10.05296,11.46934,270
17.57:  9.980225,11.41963,270
17.59:  9.936696,11.38892,270
17.6:  9.936696,11.38892,270
17.62:  9.936696,11.38892,270
17.64:  9.936696,11.38892,270
17.65:  9.936696,11.38892,270
17.67:  9.936696,11.38892,270
17.69:  9.936696,11.38892,270
17.7:  9.936696,11.38892,270
17.72:  9.936696,11.38892,270
17.74:  9.936696,11.38892,270
17.75:  9.936696,11.38892,270
17.77:  9.936696,11.38892,270
17.79:  9.936696,11.38892,270
17.8:  9.936696,11.38892,270
17.82:  9.936696,11.38892,270
17.84:  9.936696,11.38892,270
17.85:  9.936696,11.38892,270
17.87:  9.936696,11.38892,270
17.89:  9.936696,11.38892,270
17.9:  9.936696,11.38892,270
17.92:  9.936696,11.38892,270
17.94:  9.936696,11.38892,270
17.95:  9.936696,11.38892,270
17.97:  9.936696,11.38892,270
17.99:  9.936696,11.38892,270
18:  9.936696,11.38892,270
18.02:  9.936696,11.38892,270
18.04:  9.936696,11.38892,270
18.05:  9.936696,11.38892,270
18.07:  9.934341,11.38719,270
18.09:  9.928518,11.38288,270
18.1:  9.91442,11.37239,270
18.12:  9.893049,11.35624,270
18.14:  9.866071,11.33541,270
18.15:  9.838301,11.31334,270
18.17:  9.808274,11.28878,270
18.19:  9.775611,11.2612,270
18.2:  9.74292,11.23261,270
18.22:  9.71042,11.20317,270
18.24:  9.676335,11.17098,270
18.25:  9.642454,11.13735,270
18.27:  9.604124,11.0979,270
18.29:  9.560669,11.05105,270
18.3:  9.514072,10.99925,270
18.32:  9.468878,10.9462,270
18.34:  9.422409,10.88839,270
18.35:  9.376513,10.82591,270
18.37:  9.329349,10.75699,270
18.39:  9.28222,10.68284,270
18.4:  9.232601,10.60086,270
18.42:  9.176841,10.49564,270
18.44:  9.124047,10.38601,270
18.45:  9.075537,10.2678,270
18.47:  9.03264,10.1454,270
18.49:  8.995484,10.01855,270
18.5:  8.96534,9.89122,270
18.52:  8.94832,9.779872,270
18.54:  8.94832,9.747095,270
18.55:  8.94832,9.747095,270
18.57:  8.94832,9.747095,270
18.59:  8.94832,9.747095,270
18.6:  8.94832,9.747095,270
18.62:  8.94832,9.747095,270
18.64:  8.94832,9.747095,270
18.65:  8.94832,9.747095,270
18.67:  8.94832,9.747095,270
18.69:  8.94832,9.747095,270
18.7:  8.94832,9.747095,270
18.72:  8.94832,9.747095,270
18.74:  8.94832,9.747095,270
18.75:  8.94832,9.747095,270
18.77:  8.94832,9.747095,270
18.79:  8.94832,9.747095,270
18.8:  8.94832,9.747095,270
18.82:  8.94832,9.747095,270
18.84:  8.94832,9.747095,270
18.85:  8.948559,9.748408,270
18.87:  8.94935,9.75275,270
18.89:  8.950553,9.759277,270
18.9:  8.952352,9.768902,270
18.92:  8.955065,9.783113,270
18.94:  8.958846,9.802314,270
18.95:  8.964146,9.828151,270
18.97:  8.971412,9.861771,270
18.99:  8.981045,9.903543,270
19:  8.992601,9.950014,270
19.02:  9.006128,10.00028,270
19.04:  9.021052,10.05147,270
19.05:  9.038896,10.10812,270
19.07:  9.059334,10.168,270
19.09:  9.083092,10.23223,270
19.1:  9.110905,10.30149,270
19.12:  9.14304,10.37505,270
19.14:  9.179174,10.45099,270
19.15:  9.222959,10.53551,270
19.17:  9.272172,10.62218,270
19.19:  9.326263,10.70912,270
19.2:  9.390408,10.80328,270
19.22:  9.468308,10.90698,270
19.24:  9.556101,11.01182,270
19.25:  9.658786,11.12138,270
19.27:  9.776055,11.23196,270
19.29:  9.908816,11.3414,270
19.3:  10.05634,11.44621,270
19.32:  10.22332,11.54667,270
19.34:  10.40611,11.63055,270
19.35:  10.60852,11.70267,270
19.37:  10.82117,11.75746,270
19.39:  11.0445,11.79429,270
19.4:  11.27157,11.80982,270
19.42:  11.50574,11.80422,270
19.44:  11.73466,11.80422,270
19.45:  11.96941,11.80422,270
19.47:  12.20339,11.80422,270
19.49:  12.4365,11.80422,270
19.5:  12.66883,11.80422,270
19.52:  12.90205,11.80422,270
19.54:  13.13206,11.80422,270
19.55:  13.36719,11.80422,270
19.57:  13.60068,11.80422,270
19.59:  13.83867,11.80422,270
19.6:  14.06575,11.80422,270
19.62:  14.29999,11.80422,270
19.64:  14.52956,11.80422,270
19.65:  14.76392,11.80422,270
19.67:  14.97366,11.80422,270
19.69:  15.15867,11.80422,270
19.7:  15.30978,11.80422,270
19.72:  15.30978,11.80422,270
19.74:  15.30978,11.80422,270
19.75:  15.30978,11.80422,270
19.77:  15.30978,11.80422,270
19.79:  15.30978,11.80422,270
19.8:  15.30978,11.80422,270
19.82:  15.30978,11.80422,270
19.84:  15.30978,11.80422,270
19.85:  15.30978,11.80422,270
19.87:  15.30978,11.80422,270
19.89:  15.30978,11.80422,270
19.9:  15.30978,11.80422,270
19.92:  15.30978,11.80422,270
19.94:  15.30978,11.80422,270
19.95:  15.30978,11.80422,270
19.97:  15.30978,11.80422,270
19.99:  15.30978,11.80422,270
20:  15.30978,11.80422,270
20.02:  15.30978,11.80422,270
20.04:  15.30978,11.80422,270
20.05:  15.30978,11.80422,270
20.07:  15.30978,11.80422,270
20.09:  15.30978,11.80422,270
20.1:  15.30978,11.80422,270
20.12:  15.30978,11.80422,270
20.14:  15.30978,11.80422,270
20.15:  15.30978,11.80422,270
20.17:  15.30978,11.80422,270
20.19:  15.30978,11.80422,270
20.2:  15.30978,11.80422,270
20.22:  15.30978,11.80422,270
20.24:  15.30978,11.80422,270
20.25:  15.30978,11.80422,270
20.27:  15.30978,11.80422,270
20.29:  15.30978,11.80422,270
20.3:  15.30978,11.80422,270
20.32:  15.30978,11.80422,270
20.34:  15.30978,11.80422,270
20.35:  15.30978,11.80422,270
20.37:  15.30978,11.80422,270
20.39:  15.30978,11.80422,270
20.4:  15.30978,11.80422,270
20.42:  15.30978,11.80422,270
20.44:  15.30978,11.80422,270
20.45:  15.30978,11.80422,270
20.47:  15.30978,11.80422,270
20.49:  15.30978,11.80422,270
20.5:  15.30978,11.80422,270
20.52:  15.30978,11.80422,270
20.54:  15.28773,11.80422,270
20.55:  15.22083,11.80422,270
20.57:  15.10775,11.80422,270
20.59:  14.97778,11.80422,270
20.6:  14.84611,11.80422,270
20.62:  14.71286,11.80422,270
20.64:  14.58268,11.80422,270
20.65:  14.4539,11.80422,270
20.67:  14.33097,11.80422,270
20.69:  14.21602,11.80422,270
20.7:  14.10324,11.80422,270
20.72:  13.99237,11.80422,270
20.74:  13.89112,11.80422,270
20.75:  13.79203,11.80422,270
20.77:  13.69388,11.80422,270
20.79:  13.59622,11.80422,270
20.8:  13.49744,11.80422,270
20.82:  13.40103,11.80422,270
20.84:  13.29909,11.80422,270
20.85:  13.20741,11.80422,270
20.87:  13.11036,11.80422,270
20.89:  13.01486,11.80422,270
20.9:  12.92178,11.80422,270
20.92:  12.83313,11.80422,270
20.94:  12.74635,11.80422,270
20.95:  12.66205,11.80422,270
20.97:  12.58093,11.80422,270
20.99:  12.50508,11.80422,270
21:  12.42893,11.80422,270
21.02:  12.35888,11.80422,270
21.04:  12.29029,11.80422,270
21.05:  12.22087,11.80422,270
21.07:  12.15539,11.80422,270
21.09:  12.08598,11.80422,270
21.1:  12.018,11.80422,270
21.12:  11.95096,11.80422,270
21.14:  11.88547,11.80422,270
21.15:  11.81983,11.80422,270
21.17:  11.75645,11.80422,270
21.19:  11.69356,11.80422,270
21.2:  11.63248,11.80422,270
21.22:  11.57612,11.80422,270
21.24:  11.52771,11.80422,270
21.25:  11.48711,11.80422,270
21.27:  11.45837,11.80422,270
21.29:  11.43402,11.80422,270
21.3:  11.41189,11.80422,270
21.32:  11.41189,11.80422,270
21.34:  11.41189,11.80422,270
21.35:  11.41189,11.80422,270
21.37:  11.41189,11.80422,270
21.39:  11.41189,11.80422,270
21.4:  11.41189,11.80422,270
21.42:  11.41189,11.80422,270
21.44:  11.41189,11.80422,270
21.45:  11.41189,11.80422,270
21.47:  11.41189,11.80422,270
21.49:  11.41189,11.80422,270
21.5:  11.41189,11.80422,270
21.52:  11.41189,11.80422,270
21.54:  11.41189,11.80422,270
21.55:  11.41189,11.80422,270
21.57:  11.41189,11.80422,270
21.59:  11.41189,11.80422,270
21.6:  11.41189,11.80422,270
21.62:  11.41189,11.80422,270
21.64:  11.41189,11.80422,270
21.65:  11.41189,11.80422,270
21.67:  11.41189,11.80422,270
21.69:  11.41189,11.80422,270
21.7:  11.41189,11.80422,270
21.72:  11.41189,11.80422,270
21.74:  11.41361,11.80423,270
21.75:  11.41785,11.80424,270
21.77:  11.42238,11.80425,270
21.79:  11.4323,11.80425,270
21.8:  11.44703,11.80425,270
21.82:  11.46725,11.80425,270
21.84:  11.48644,11.80425,270
21.85:  11.50598,11.80425,270
21.87:  11.52789,11.80425,270
21.89:  11.54757,11.80425,270
21.9:  11.56722,11.80425,270
21.92:  11.58671,11.80425,270
21.94:  11.60853,11.80425,270
21.95:  11.62836,11.80425,270
21.97:  11.64796,11.80425,270
21.99:  11.66757,11.80425,270
22:  11.68715,11.80425,270
22.02:  11.70684,11.80425,270
22.04:  11.72622,11.80425,270
22.05:  11.74603,11.80425,270
22.07:  11.76809,11.80425,270
22.09:  11.79021,11.80425,270
22.1:  11.81219,11.80425,270
22.12:  11.8344,11.80425,270
22.14:  11.85604,11.80425,270
22.15:  11.87894,11.80425,270
22.17:  11.89832,11.80425,270
22.19:  11.91791,11.80425,270
22.2:  11.93742,11.80425,270
22.22:  11.95697,11.80425,270
22.24:  11.97622,11.80425,270
22.25:  11.99859,11.80425,270
22.27:  12.01817,11.80425,270
22.29:  12.03785,11.80425,270
22.3:  12.05991,11.80425,270
22.32:  12.0821,11.80425,270
22.34:  12.10131,11.80425,270
22.35:  12.12367,11.80425,270
22.37:  12.14571,11.80425,270
22.39:  12.16775,11.80425,270
22.4:  12.18007,11.80425,270
22.42:  12.18007,11.80425,270
22.44:  12.18007,11.80425,270
22.45:  12.18007,11.80425,270
22.47:  12.18007,11.80425,270
22.49:  12.18007,11.80425,270
22.5:  12.18007,11.80425,270
22.52:  12.18007,11.80425,270
22.54:  12.18007,11.80425,270
22.55:  12.18007,11.80425,270
22.57:  12.18007,11.80425,270
22.59:  12.18007,11.80425,270
22.6:  12.18007,11.80425,270
22.62:  12.18007,11.80425,270
22.64:  12.18007,11.80425,270
22.65:  12.18007,11.80425,270
22.67:  12.18007,11.80425,270
22.69:  12.18007,11.80425,270
22.7:  12.18739,11.80425,270
22.72:  12.21206,11.80425,270
22.74:  12.24105,11.80425,270
22.75:  12.27094,11.80425,270
22.77:  12.30274,11.80425,270
22.79:  12.337,11.80425,270
22.8:  12.37367,11.80425,270
22.82:  12.41564,11.80425,270
22.84:  12.45652,11.80425,270
22.85:  12.50366,11.80425,270
22.87:  12.55279,11.80425,270
22.89:  12.60425,11.80425,270
22.9:  12.66185,11.80425,270
22.92:  12.72077,11.80425,270
22.94:  12.78562,11.80425,270
22.95:  12.86379,11.80425,270
22.97:  12.94203,11.80425,270
22.99:  13.02069,11.80425,270
23:  13.0989,11.80425,270
23.02:  13.17807,11.80425,270
23.04:  13.24753,11.80425,270
23.05:  13.29223,11.80425,270
23.07:  13.29223,11.80425,270
23.09:  13.29223,11.80425,270
23.1:  13.29223,11.80425,270
23.12:  13.29223,11.80425,270
23.14:  13.29223,11.80425,270
23.15:  13.29223,11.80425,270
23.17:  13.29223,11.80425,270
23.19:  13.29223,11.80425,270
23.2:  13.29223,11.80425,270
23.22:  13.29223,11.80425,270
23.24:  13.29223,11.80425,270
23.25:  13.29223,11.80425,270
23.27:  13.29223,11.80425,270
23.29:  13.29223,11.80425,270
23.3:  13.29223,11.80425,270
23.32:  13.29223,11.80425,270
23.34:  13.29223,11.80425,270
23.35:  13.29223,11.80425,270
23.37:  13.29223,11.80425,270
23.39:  13.29223,11.80425,270
23.4:  13.29223,11.80425,270
23.42:  13.29223,11.80425,270
23.44:  13.29223,11.80425,270
23.45:  13.29223,11.80425,270
23.47:  13.29223,11.80425,270
23.49:  13.29715,11.80425,270
23.5:  13.30929,11.80425,270
23.52:  13.33649,11.80425,270
23.54:  13.38253,11.80425,270
23.55:  13.44934,11.80425,270
23.57:  13.53264,11.80425,270
23.59:  13.63702,11.80425,270
23.6:  13.7557,11.80425,270
23.62:  13.88038,11.80425,270
23.64:  14.01912,11.80425,270
23.65:  14.16735,11.80425,270
23.67:  14.33143,11.80425,270
23.69:  14.50386,11.80425,270
23.7:  14.69614,11.80175,270
23.72:  14.89054,11.80175,270
23.74:  15.08456,11.80175,270
23.75:  15.29723,11.80175,270
23.77:  15.51846,11.80175,270
23.79:  15.75941,11.80175,270
23.8:  16.00106,11.80175,270
23.82:  16.24622,11.80175,270
23.84:  16.48961,11.80175,270
23.85:  16.73516,11.80175,270
23.87:  16.96813,11.80175,270
23.89:  17.18531,11.80175,270
23.9:  17.39563,11.80175,270
23.92:  17.58967,11.80175,270
23.94:  17.77606,11.80175,270
23.95:  17.95821,11.80175,270
23.97:  18.12774,11.80175,270
23.99:  18.28705,11.80175,270
24:  18.4329,11.80175,270
24.02:  18.55476,11.80175,270
24.04:  18.66209,11.80175,270
24.05:  18.74895,11.80175,270
24.07:  18.81353,11.80175,270
24.09:  18.8649,11.80175,270
24.1:  18.9019,11.80175,270
24.12:  18.92151,11.80175,270
24.14:  18.92876,11.80175,270
24.15:  18.93124,11.80175,270
24.17:  18.93365,11.80175,270
24.19:  18.93616,11.80175,270
24.2:  18.93616,11.80175,270
24.22:  18.94103,11.80175,270
24.24:  18.95821,11.80175,270
24.25:  18.98499,11.80175,270
24.27:  19.02937,11.80175,270
24.29:  19.08749,11.80175,270
24.3:  19.15353,11.80175,270
24.32:  19.23298,11.80175,270
24.34:  19.31178,11.80175,270
24.35:  19.39498,11.80175,270
24.37:  19.47789,11.80175,270
24.39:  19.56085,11.80175,270
24.4:  19.64435,11.80175,270
24.42:  19.7278,11.80175,270
24.44:  19.81091,11.80175,270
24.45:  19.89444,11.80175,270
24.47:  19.97807,11.80175,270
24.49:  20.06131,11.80175,270
24.5:  20.14466,11.80175,270
24.52:  20.23021,11.80175,270
24.54:  20.31606,11.80175,270
24.55:  20.40642,11.80175,270
24.57:  20.49749,11.80175,270
24.59:  20.58924,11.80175,270
24.6:  20.67976,11.80175,270
24.62:  20.76986,11.80175,270
24.64:  20.86268,11.80175,270
24.65:  20.95948,11.80175,270
24.67:  21.05964,11.80175,270
24.69:  21.16031,11.80175,270
24.7:  21.26265,11.80175,270
24.72:  21.36272,11.80175,270
24.74:  21.4608,11.80175,270
24.75:  21.55977,11.80175,270
24.77:  21.66015,11.80175,270
24.79:  21.76076,11.80175,270
24.8:  21.8613,11.80175,270
24.82:  21.96198,11.80175,270
24.84:  22.06051,11.80175,270
24.85:  22.16259,11.80175,270
24.87:  22.263,11.80175,270
24.89:  22.36341,11.80175,270
24.9:  22.45402,11.80175,270
24.92:  22.53163,11.80175,270
24.94:  22.59779,11.80175,270
24.95:  22.6568,11.80175,270
24.97:  22.70125,11.80175,270
24.99:  22.72798,11.80175,270
25:  22.74275,11.80175,270
25.02:  22.74275,11.80175,270
25.04:  22.74275,11.80175,270
25.05:  22.74275,11.80175,270
25.07:  22.74275,11.80175,270
25.09:  22.74275,11.80175,270
25.1:  22.74275,11.80175,270
25.12:  22.74275,11.80175,270
25.14:  22.74275,11.80175,270
25.15:  22.74275,11.80175,270
25.17:  22.74275,11.80175,270
25.19:  22.74275,11.80175,270
25.2:  22.74275,11.80175,270
25.22:  22.74275,11.80175,270
25.24:  22.74275,11.80175,270
25.25:  22.74275,11.80175,270
25.27:  22.74275,11.80175,270
25.29:  22.74275,11.80175,270
25.3:  22.74275,11.80175,270
25.32:  22.74275,11.80175,270
25.34:  22.74275,11.80175,270
25.35:  22.74275,11.80175,270
25.37:  22.74275,11.80175,270
25.39:  22.74275,11.80175,270
25.4:  22.74275,11.80175,270
25.42:  22.74275,11.80175,270
25.44:  22.74275,11.80175,270
25.45:  22.74275,11.80175,270
25.47:  22.74275,11.80175,270
25.49:  22.74275,11.80175,270
25.5:  22.74275,11.80175,270
25.52:  22.74275,11.80175,270
25.54:  22.74275,11.80175,270
25.55:  22.74275,11.80175,270
25.57:  22.74275,11.80175,270
25.59:  22.74275,11.80175,270
25.6:  22.74275,11.80175,270
25.62:  22.74275,11.80175,270
25.64:  22.74275,11.80175,270
25.65:  22.74275,11.80175,270
25.67:  22.74275,11.80175,270
25.69:  22.74275,11.80175,270
25.7:  22.74275,11.80175,270
25.72:  22.74275,11.80175,270
25.74:  22.74275,11.80175,270
25.75:  22.74275,11.80175,270
25.77:  22.74275,11.80175,270
25.79:  22.74275,11.80175,270
25.8:  22.74275,11.80175,270
25.82:  22.74275,11.80175,270
25.84:  22.74275,11.80175,270
25.85:  22.74275,11.80175,270
25.87:  22.74024,11.80175,270
25.89:  22.7186,11.80175,270
25.9:  22.68448,11.80175,270
25.92:  22.64278,11.80175,270
25.94:  22.59938,11.80175,270
25.95:  22.55231,11.80175,270
25.97:  22.50318,11.80175,270
25.99:  22.45433,11.80175,270
26:  22.39047,11.80175,270
26.02:  22.317,11.80175,270
26.04:  22.24191,11.80175,270
26.05:  22.16249,11.80175,270
26.07:  22.07905,11.80175,270
26.09:  21.99039,11.80175,270
26.1:  21.9024,11.80175,270
26.12:  21.81207,11.80175,270
26.14:  21.72738,11.80175,270
26.15:  21.6378,11.80175,270
26.17:  21.54979,11.80175,270
26.19:  21.46106,11.80175,270
26.2:  21.37339,11.80175,270
26.22:  21.28566,11.80175,270
26.24:  21.19772,11.80175,270
26.25:  21.10646,11.80175,270
26.27:  21.02019,11.80175,270
26.29:  20.93201,11.80175,270
26.3:  20.8438,11.80175,270
26.32:  20.75623,11.80175,270
26.34:  20.66818,11.80175,270
26.35:  20.57922,11.80175,270
26.37:  20.49091,11.80175,270
26.39:  20.40268,11.80175,270
26.4:  20.31429,11.80175,270
26.42:  20.22567,11.80175,270
26.44:  20.13887,11.80175,270
26.45:  20.04946,11.80175,270
26.47:  19.96138,11.80175,270
26.49:  19.87434,11.80175,270
26.5:  19.78469,11.80175,270
26.52:  19.69703,11.80175,270
26.54:  19.60938,11.80175,270
26.55:  19.5203,11.80175,270
26.57:  19.43188,11.80175,270
26.59:  19.34443,11.80175,270
26.6:  19.25554,11.80175,270
26.62:  19.16684,11.80175,270
26.64:  19.0801,11.80175,270
26.65:  18.9909,11.80175,270
26.67:  18.90276,11.80175,270
26.69:  18.81551,11.80175,270
26.7:  18.7262,11.80175,270
26.72:  18.63803,11.80175,270
26.74:  18.55087,11.80175,270
26.75:  18.45957,11.80175,270
26.77:  18.37286,11.80175,270
26.79:  18.28557,11.80175,270
26.8:  18.19437,11.80175,270
26.82:  18.10577,11.80175,270
26.84:  18.01854,11.80175,270
26.85:  17.92974,11.80175,270
26.87:  17.84103,11.80175,270
26.89:  17.75032,11.80175,270
26.9:  17.66323,11.80175,270
26.92:  17.57589,11.80175,270
26.94:  17.48792,11.80175,270
26.95:  17.3993,11.80175,270
26.97:  17.30918,11.80175,270
26.99:  17.22357,11.80175,270
27:  17.13502,11.80175,270
27.02:  17.04681,11.80175,270
27.04:  16.95976,11.80175,270
27.05:  16.87083,11.80175,270
27.07:  16.78238,11.80175,270
27.09:  16.69448,11.80175,270
27.1:  16.60646,11.80175,270
27.12:  16.51488,11.80175,270
27.14:  16.42824,11.80175,270
27.15:  16.33898,11.80175,270
27.17:  16.25135,11.80175,270
27.19:  16.16222,11.80175,270
27.2:  16.0742,11.80175,270
27.22:  15.98525,11.80175,270
27.24:  15.89932,11.80175,270
27.25:  15.81068,11.80175,270
27.27:  15.72209,11.80175,270
27.29:  15.63239,11.80175,270
27.3:  15.5449,11.80175,270
27.32:  15.45584,11.80175,270
27.34:  15.36591,11.80175,270
27.35:  15.27739,11.80175,270
27.37:  15.19306,11.80175,270
27.39:  15.106,11.80175,270
27.4:  15.01779,11.80175,270
27.42:  14.93024,11.80175,270
27.44:  14.84079,11.80175,270
27.45:  14.75368,11.80175,270
27.47:  14.66558,11.80175,270
27.49:  14.58115,11.80175,270
27.5:  14.493,11.80175,270
27.52:  14.40452,11.80175,270
27.54:  14.31811,11.80175,270
27.55:  14.2312,11.80175,270
27.57:  14.14261,11.80175,270
27.59:  14.05473,11.80175,270
27.6:  13.97003,11.80175,270
27.62:  13.88023,11.80175,270
27.64:  13.79336,11.80175,270
27.65:  13.70658,11.80175,270
27.67:  13.6206,11.80175,270
27.69:  13.5373,11.80175,270
27.7:  13.457,11.80175,270
27.72:  13.38061,11.80175,270
27.74:  13.33209,11.80175,270
27.75:  13.31724,11.80175,270
27.77:  13.31724,11.80175,270
27.79:  13.31724,11.80175,270
27.8:  13.31724,11.80175,270
27.82:  13.31724,11.80175,270
27.84:  13.31724,11.80175,270
27.85:  13.31724,11.80175,270
27.87:  13.31724,11.80175,270
27.89:  13.31724,11.80175,270
27.9:  13.31724,11.80175,270
27.92:  13.31724,11.80175,270
27.94:  13.31724,11.80175,270
27.95:  13.31724,11.80175,270
27.97:  13.31724,11.80175,270
27.99:  13.31724,11.80175,270
28:  13.31724,11.80175,270
28.02:  13.31724,11.80175,270
28.04:  13.31724,11.80175,270
28.05:  13.31724,11.80175,270
28.07:  13.31724,11.80175,270
28.09:  13.31724,11.80175,270
28.1:  13.31724,11.80175,270
28.12:  13.31724,11.80175,270
28.14:  13.31724,11.80175,270
28.15:  13.31724,11.80175,270
28.17:  13.31724,11.80175,270
28.19:  13.31724,11.80175,270
28.2:  13.31724,11.80175,270
28.22:  13.31724,11.80175,270
28.24:  13.31724,11.80175,270
28.25:  13.31724,11.80175,270
28.27:  13.31724,11.80175,270
28.29:  13.31724,11.80175,270
28.3:  13.31724,11.80175,270
28.32:  13.31724,11.80175,270
28.34:  13.31724,11.80175,270
28.35:  13.31724,11.80175,270
28.37:  13.31724,11.80175,270
28.39:  13.31724,11.80175,270
28.4:  13.31724,11.80175,270
28.42:  13.31724,11.80175,270
28.44:  13.31724,11.80175,270
28.45:  13.31724,11.80175,270
28.47:  13.31724,11.80175,270
28.49:  13.31724,11.80175,270
28.5:  13.31724,11.80175,270
28.52:  13.31724,11.80175,270
28.54:  13.31724,11.80175,270
28.55:  13.31724,11.80175,270
28.57:  13.31724,11.80175,270
28.59:  13.31724,11.80175,270
28.6:  13.31724,11.80175,270
28.62:  13.31724,11.80175,270
28.64:  13.31724,11.80175,270
28.65:  13.31724,11.80175,270
28.67:  13.31724,11.80175,270
28.69:  13.31724,11.80175,270
28.7:  13.31724,11.80175,270
28.72:  13.31724,11.80175,270
28.74:  13.31724,11.80175,270
28.75:  13.31724,11.80175,270
28.77:  13.31724,11.80175,270
28.79:  13.31724,11.80175,270
28.8:  13.31724,11.80175,270
28.82:  13.31724,11.80175,270
28.84:  13.31724,11.80175,270
28.85:  13.31724,11.80175,270
28.87:  13.31724,11.80175,270
28.89:  13.31724,11.80175,270
28.9:  13.31724,11.80175,270
28.92:  13.31724,11.80175,270
28.94:  13.31724,11.80175,270
28.95:  13.31724,11.80175,270
28.97:  13.31724,11.80175,270
28.99:  13.31724,11.80175,270
29:  13.31724,11.80175,270
29.02:  13.31724,11.80175,270
29.04:  13.31724,11.80175,270
29.05:  13.31724,11.80175,270
29.07:  13.31724,11.80175,270
29.09:  13.31724,11.80175,270
29.1:  13.31724,11.80175,270
29.12:  13.31724,11.80175,270
29.14:  13.31724,11.80175,270
29.15:  13.31724,11.80175,270
29.17:  13.31724,11.80175,270
29.19:  13.31724,11.80175,270
29.2:  13.31724,11.80175,270
29.22:  13.31724,11.80175,270
29.24:  13.31724,11.80175,270
29.25:  13.31724,11.80175,270
29.27:  13.31724,11.80175,270
29.29:  13.31724,11.80175,270
29.3:  13.31724,11.80175,270
29.32:  13.31724,11.80175,270
29.34:  13.31724,11.80175,270
29.35:  13.31724,11.80175,270
29.37:  13.31724,11.80175,270
29.39:  13.31724,11.80175,270
29.4:  13.31724,11.80175,270
29.42:  13.31724,11.80175,270
29.44:  13.31724,11.80175,270
29.45:  13.31724,11.80175,270
29.47:  13.31724,11.80175,270
29.49:  13.31724,11.80175,270
29.5:  13.31724,11.80175,270
29.52:  13.31724,11.80175,270
29.54:  13.31724,11.80175,270
29.55:  13.31724,11.80175,270
29.57:  13.31724,11.80175,270
29.59:  13.31724,11.80175,270
29.6:  13.31724,11.80175,270
29.62:  13.31724,11.80175,270
29.64:  13.31724,11.80175,270
29.65:  13.31724,11.80175,270
29.67:  13.31724,11.80175,270
29.69:  13.31724,11.80175,270
29.7:  13.31724,11.80175,270
29.72:  13.31724,11.80175,270
29.74:  13.31724,11.80175,270
29.75:  13.31724,11.80175,270
29.77:  13.31724,11.80175,270
29.79:  13.31724,11.80175,270
29.8:  13.31724,11.80175,270
29.82:  13.31724,11.80175,270
29.84:  13.31724,11.80175,270
29.85:  13.31724,11.80175,270
29.87:  13.31724,11.80175,270
29.89:  13.31724,11.80175,270
29.9:  13.29516,11.80175,270
29.92:  13.2088,11.80175,270
29.94:  13.06742,11.80175,270
29.95:  12.88099,11.80175,270
29.97:  12.69142,11.80175,270
29.99:  12.50022,11.80175,270
30:  12.30973,11.80175,270
30.02:  12.11765,11.80175,270
30.04:  11.9287,11.80175,270
30.05:  11.73566,11.80175,270
30.07:  11.54427,11.80175,270
30.09:  11.35392,11.80175,270
30.1:  11.15511,11.79564,270
30.12:  10.96536,11.77132,270
30.14:  10.77596,11.71723,270
30.15:  10.58551,11.66034,270
30.17:  10.39671,11.60395,270
30.19:  10.20233,11.54589,270
30.2:  10.03502,11.50286,270
30.22:  9.896264,11.50286,270
30.24:  9.801877,11.50286,270
30.25:  9.767499,11.50286,270
30.27:  9.767499,11.50286,270
30.29:  9.767499,11.50286,270
30.3:  9.767499,11.50286,270
30.32:  9.767499,11.50286,270
30.34:  9.767499,11.50286,270
30.35:  9.767499,11.50286,270
30.37:  9.767499,11.50286,270
30.39:  9.767499,11.50286,270
30.4:  9.767499,11.50286,270
30.42:  9.767499,11.50286,270
30.44:  9.767499,11.50286,270
30.45:  9.767499,11.50286,270
30.47:  9.767499,11.50286,270
30.49:  9.767499,11.50286,270
30.5:  9.767499,11.50286,270
30.52:  9.767499,11.50286,270
30.54:  9.767499,11.50286,270
30.55:  9.767499,11.50286,270
30.57:  9.767499,11.50286,270
30.59:  9.767499,11.45356,270
30.6:  9.767499,11.3517,270
30.62:  9.720207,11.21319,270
30.64:  9.591847,11.09293,270
30.65:  9.472669,10.95599,270
30.67:  9.356387,10.8016,270
30.69:  9.246482,10.62842,270
30.7:  9.146092,10.43605,270
30.72:  9.059097,10.22524,270
30.74:  8.990834,10.00183,270
30.75:  8.941463,9.761031,270
30.77:  8.917985,9.514091,270
30.79:  8.917985,9.264822,270
30.8:  8.917985,9.014252,270
30.82:  8.917985,8.763999,270
30.84:  8.917985,8.517239,270
30.85:  8.917985,8.257638,270
30.87:  8.917985,8.009964,270
30.89:  8.917985,7.759507,270
30.9:  8.917985,7.512717,270
30.92:  8.917985,7.263706,270
30.94:  8.917985,7.017702,270
30.95:  8.917985,6.766397,270
30.97:  8.917985,6.51592,270
30.99:  8.917986,6.264566,270
31:  8.917986,6.019243,270
31.02:  8.917986,5.76958,270
31.04:  8.917986,5.519047,270
31.05:  8.917986,5.268821,270
31.07:  8.917986,5.01748,270
31.09:  8.917986,4.770065,270
31.1:  8.917986,4.518934,270
31.12:  8.917986,4.27013,270
31.14:  8.917986,4.018498,270
31.15:  8.917986,3.764245,270
31.17:  8.917986,3.51626,270
31.19:  8.917986,3.263713,270
31.2:  8.917986,3.014987,270
31.22:  8.917986,2.763788,270
31.24:  8.917986,2.514353,270
31.25:  8.917986,2.264719,270
31.27:  8.917986,2.015018,270
31.29:  8.917986,1.762735,270
31.3:  8.917986,1.50662,270
31.32:  8.917986,1.263286,270
31.34:  8.917986,1.015247,270
31.35:  8.917986,0.7591324,270
31.37:  8.917986,0.6045084,270
31.39:  8.917986,0.6045084,270
31.4:  8.917986,0.6045084,270
31.42:  8.917986,0.6045084,270
31.44:  8.917986,0.6045084,270
31.45:  8.917986,0.6045084,270
31.47:  8.917986,0.6045084,270
31.49:  8.917986,0.6045084,270
31.5:  8.917986,0.6045084,270
31.52:  8.917986,0.6045084,270
31.54:  8.917986,0.6045084,270
31.55:  8.917986,0.6045084,270
31.57:  8.917986,0.6045084,270
31.59:  8.917986,0.6045084,270
31.6:  8.917986,0.6045084,270
31.62:  8.917986,0.6045084,270
31.64:  8.917986,0.6045084,270
31.65:  8.917986,0.6045084,270
31.67:  8.917986,0.6045084,270
31.69:  8.917986,0.6045084,270
31.7:  8.917986,0.6045084,270
31.72:  8.917986,0.6045084,270
31.74:  8.917986,0.6045084,270
31.75:  8.917986,0.6045084,270
31.77:  8.917986,0.6045084,270
31.79:  8.917986,0.6045084,270
31.8:  8.917986,0.5922446,270
31.82:  8.917986,0.5584307,270
31.84:  8.917986,0.4995722,270
31.85:  8.917986,0.4115077,270
31.87:  8.917986,0.2958939,270
31.89:  8.917986,0.1494463,270
31.9:  8.917986,-0.0164607,270
31.92:  8.917986,-0.2083717,270
31.94:  8.917986,-0.4294268,270
31.95:  8.917986,-0.6561716,270
31.97:  8.917986,-0.8825526,270
31.99:  8.917986,-1.107997,270
32:  8.917986,-1.333415,270
32.02:  8.917986,-1.556972,270
32.04:  8.917986,-1.781414,270
32.05:  8.917987,-2.008922,270
32.07:  8.917987,-2.235224,270
32.09:  8.917987,-2.460387,270
32.1:  8.917987,-2.682936,270
32.12:  8.917987,-2.919884,270
32.14:  8.917987,-3.139481,270
32.15:  8.917987,-3.362693,270
32.17:  8.917987,-3.587672,270
32.19:  8.917987,-3.813415,270
32.2:  8.917987,-4.03873,270
32.22:  8.917987,-4.264402,270
32.24:  8.917987,-4.487112,270
32.25:  8.917987,-4.714952,270
32.27:  8.917987,-4.946499,270
32.29:  8.917987,-5.163727,270
32.3:  8.917987,-5.398287,270
32.32:  8.917987,-5.622426,270
32.34:  8.917987,-5.84113,270
32.35:  8.917987,-6.073415,270
32.37:  8.917987,-6.298254,270
32.39:  8.917987,-6.518986,270
32.4:  8.917987,-6.744794,270
32.42:  8.917987,-6.970349,270
32.44:  8.917987,-7.192495,270
32.45:  8.917987,-7.420768,270
32.47:  8.917987,-7.646472,270
32.49:  8.917987,-7.871975,270
32.5:  8.917987,-8.097454,270
32.52:  8.917987,-8.329305,270
32.54:  8.917987,-8.552142,270
32.55:  8.917987,-8.776053,270
32.57:  8.917987,-9.001894,270
32.59:  8.917987,-9.227576,270
32.6:  8.917987,-9.423735,270
32.62:  8.917987,-9.56422,270
32.64:  8.917987,-9.56422,270
32.65:  8.917987,-9.56422,270
32.67:  8.917987,-9.56422,270
32.69:  8.917987,-9.56422,270
32.7:  8.917987,-9.56422,270
32.72:  8.917987,-9.56422,270
32.74:  8.917987,-9.56422,270
32.75:  8.917987,-9.56422,270
32.77:  8.917987,-9.56422,270
32.79:  8.917987,-9.56422,270
32.8:  8.917987,-9.56422,270
32.82:  8.917987,-9.56422,270
32.84:  8.917987,-9.56422,270
32.85:  8.917987,-9.56422,270
32.87:  8.917987,-9.56422,270
32.89:  8.917987,-9.56422,270
32.9:  8.917987,-9.56422,270
32.92:  8.917987,-9.56422,270
32.94:  8.917987,-9.56422,270
32.95:  8.917987,-9.56422,270
32.97:  8.917987,-9.56422,270
32.99:  8.917987,-9.56422,270
33:  8.917987,-9.56422,270
33.02:  8.917987,-9.56422,270
33.04:  8.917987,-9.56422,270
33.05:  8.917987,-9.56422,270
33.07:  8.917987,-9.56422,270
33.09:  8.917987,-9.56422,270
33.1:  8.917987,-9.56422,270
33.12:  8.917987,-9.56422,270
33.14:  8.917987,-9.56422,270
33.15:  8.917987,-9.56422,270
33.17:  8.917987,-9.56422,270
33.19:  8.917987,-9.56422,270
33.2:  8.917987,-9.56422,270
33.22:  8.917987,-9.56422,270
33.24:  8.917987,-9.56422,270
33.25:  8.917987,-9.56422,270
33.27:  8.917987,-9.56422,270
33.29:  8.917987,-9.56422,270
33.3:  8.917987,-9.56422,270
33.32:  8.917987,-9.56422,270
33.34:  8.917987,-9.56422,270
33.35:  8.917987,-9.56422,270
33.37:  8.917987,-9.56422,270
33.39:  8.917987,-9.56422,270
33.4:  8.917987,-9.56422,270
33.42:  8.917987,-9.56422,270
33.44:  8.917987,-9.56422,270
33.45:  8.917987,-9.56422,270
33.47:  8.917987,-9.56422,270
33.49:  8.917987,-9.56422,270
33.5:  8.917987,-9.56422,270
33.52:  8.917987,-9.56422,270
33.54:  8.917987,-9.56422,270
33.55:  8.917987,-9.56422,270
33.57:  8.917987,-9.56422,270
33.59:  8.917987,-9.56422,270
33.6:  8.917987,-9.56422,270
33.62:  8.917987,-9.56422,270
33.64:  8.917987,-9.56422,270
33.65:  8.917987,-9.56422,270
33.67:  8.917987,-9.56422,270
33.69:  8.917987,-9.56422,270
33.7:  8.917987,-9.56422,270
33.72:  8.917987,-9.56422,270
33.74:  8.917987,-9.56422,270
33.75:  8.917987,-9.56422,270
33.77:  8.917987,-9.56422,270
33.79:  8.917987,-9.56422,270
33.8:  8.917987,-9.56422,270
33.82:  8.917987,-9.56422,270
33.84:  8.917987,-9.56422,270
33.85:  8.917987,-9.56422,270
33.87:  8.917987,-9.56422,270
33.89:  8.917987,-9.56422,270
33.9:  8.917987,-9.56422,270
33.92:  8.917987,-9.56422,270
33.94:  8.917987,-9.56422,270
33.95:  8.917987,-9.56422,270
33.97:  8.917987,-9.56422,270
33.99:  8.917987,-9.56422,270
34:  8.917987,-9.56422,270
34.02:  8.917987,-9.56422,270
34.04:  8.917987,-9.56422,270
34.05:  8.917987,-9.56422,270
34.07:  8.917987,-9.56422,270
34.09:  8.917987,-9.56422,270
34.1:  8.917987,-9.56422,270
34.12:  8.917987,-9.56422,270
34.14:  8.917987,-9.56422,270
34.15:  8.917987,-9.56422,270
34.17:  8.917987,-9.56422,270
34.19:  8.917987,-9.56422,270
34.2:  8.917987,-9.56422,270
34.22:  8.917987,-9.56422,270
34.24:  8.917987,-9.56422,270
34.25:  8.917987,-9.56422,270
34.27:  8.917987,-9.56422,270
34.29:  8.917987,-9.56422,270
34.3:  8.917987,-9.56422,270
34.32:  8.917987,-9.56422,270
34.34:  8.917987,-9.56422,270
34.35:  8.917987,-9.56422,270
34.37:  8.917987,-9.56422,270
34.39:  8.917987,-9.56422,270
34.4:  8.917987,-9.56422,270
34.42:  8.917987,-9.56422,270
34.44:  8.917987,-9.56422,270
34.45:  8.917987,-9.56422,270
34.47:  8.917987,-9.56422,270
34.49:  8.917987,-9.56422,270
34.5:  8.917987,-9.56422,270
34.52:  8.917987,-9.56422,270
34.54:  8.917987,-9.56422,270
34.55:  8.917987,-9.56422,270
34.57:  8.917987,-9.56422,270
34.59:  8.917987,-9.56422,270
34.6:  8.917987,-9.56422,270
34.62:  8.917987,-9.56422,270
34.64:  8.917987,-9.56422,270
34.65:  8.917987,-9.56422,270
34.67:  8.917987,-9.56422,270
34.69:  8.917987,-9.56422,270
34.7:  8.917987,-9.56422,270
34.72:  8.917987,-9.56422,270
34.74:  8.917987,-9.56422,270
34.75:  8.917987,-9.56422,270
34.77:  8.917987,-9.56422,270
34.79:  8.917987,-9.56422,270
34.8:  8.917987,-9.56422,270
34.82:  8.917987,-9.56422,270
34.84:  8.917987,-9.56422,270
34.85:  8.917987,-9.56422,270
34.87:  8.917987,-9.56422,270
34.89:  8.917987,-9.56422,270
34.9:  8.917987,-9.56422,270
34.92:  8.917987,-9.56422,270
34.94:  8.917987,-9.56422,270
34.95:  8.917987,-9.56422,270
34.97:  8.917987,-9.56422,270
34.99:  8.917987,-9.56422,270
35:  8.917987,-9.56422,270
35.02:  8.917987,-9.56422,270
