ParticipantNo: 11007
Controller type: Keyboard and Mouse
Training Level:
0.02:  82.7,18.5,270
0.04:  82.7,18.5,270
0.06:  82.7,18.5,270
0.08:  82.7,18.5,270
0.1:  82.7,18.5,270
0.11:  82.7,18.5,270
0.13:  82.7,18.5,270
0.15:  82.7,18.5,269.9
0.16:  82.7,18.5,269.9
0.18:  82.7,18.5,269.9
0.2:  82.7,18.5,269.9
0.21:  82.7,18.5,269.8
0.23:  82.7,18.5,269.7
0.25:  82.7,18.5,269.6
0.26:  82.7,18.5,269.6
0.28:  82.7,18.5,269.6
0.3:  82.7,18.5,269.6
0.31:  82.7,18.5,269.6
0.33:  82.7,18.5,269.6
0.35:  82.7,18.5,269.6
0.36:  82.7,18.5,269.6
0.38:  82.7,18.5,269.6
0.4:  82.7,18.5,269.6
0.41:  82.7,18.5,269.6
0.43:  82.7,18.5,269.6
0.45:  82.7,18.5,269.6
0.46:  82.7,18.5,269.6
0.48:  82.7,18.5,269.6
0.5:  82.7,18.5,269.6
0.51:  82.7,18.5,269.6
0.53:  82.7,18.5,269.6
0.55:  82.7,18.5,269.6
0.56:  82.7,18.5,269.6
0.58:  82.7,18.5,269.6
0.6:  82.7,18.5,269.6
0.61:  82.7,18.5,269.6
0.63:  82.7,18.5,269.6
0.65:  82.7,18.5,269.6
0.66:  82.7,18.5,269.6
0.68:  82.7,18.5,269.6
0.7:  82.7,18.5,269.6
0.71:  82.7,18.5,269.6
0.73:  82.7,18.5,269.6
0.75:  82.7,18.5,269.6
0.76:  82.7,18.5,269.6
0.78:  82.7,18.5,269.6
0.8:  82.7,18.5,269.6
0.81:  82.7,18.5,269.6
0.83:  82.7,18.5,269.6
0.85:  82.7,18.5,269.6
0.86:  82.7,18.5,269.6
0.88:  82.7,18.5,269.6
0.9:  82.7,18.5,269.6
0.91:  82.7,18.5,269.6
0.93:  82.7,18.5,269.6
0.95:  82.7,18.5,269.6
0.96:  82.7,18.5,269.6
0.98:  82.7,18.5,269.6
1:  82.7,18.5,269.6
1.01:  82.7,18.5,269.6
1.03:  82.7,18.5,269.6
1.05:  82.7,18.5,269.6
1.06:  82.7,18.5,269.6
1.08:  82.7,18.5,269.6
1.1:  82.7,18.5,269.6
1.11:  82.7,18.5,269.6
1.13:  82.7,18.5,269.6
1.15:  82.7,18.5,269.6
1.16:  82.7,18.5,269.6
1.18:  82.7,18.5,269.6
1.2:  82.7,18.5,269.6
1.21:  82.7,18.5,269.6
1.23:  82.7,18.5,269.6
1.25:  82.7,18.5,269.6
1.26:  82.7,18.5,269.6
1.28:  82.7,18.5,269.6
1.3:  82.7,18.5,269.6
1.31:  82.7,18.5,269.6
1.33:  82.7,18.5,269.6
1.35:  82.7,18.5,269.6
1.36:  82.7,18.5,269.6
1.38:  82.7,18.5,269.6
1.4:  82.7,18.5,269.6
1.41:  82.7,18.5,269.6
1.43:  82.7,18.5,269.6
1.45:  82.7,18.5,269.6
1.46:  82.7,18.5,269.6
1.48:  82.7,18.5,269.6
1.5:  82.7,18.5,269.6
1.51:  82.7,18.5,269.6
1.53:  82.7,18.5,269.6
1.55:  82.7,18.5,269.6
1.56:  82.7,18.5,269.6
1.58:  82.7,18.5,269.6
1.6:  82.7,18.5,269.6
1.61:  82.7,18.5,269.6
1.63:  82.7,18.5,269.6
1.65:  82.7,18.5,269.6
1.66:  82.7,18.5,269.6
1.68:  82.7,18.5,269.6
1.7:  82.7,18.5,269.6
1.71:  82.7,18.5,269.6
1.73:  82.7,18.5,269.6
1.75:  82.7,18.5,269.6
1.76:  82.7,18.5,269.6
1.78:  82.7,18.5,269.6
1.8:  82.7,18.5,269.6
1.81:  82.7,18.5,269.6
1.83:  82.7,18.5,269.6
1.85:  82.7,18.5,269.6
1.86:  82.7,18.5,269.6
1.88:  82.7,18.5,269.6
1.9:  82.7,18.5,269.6
1.91:  82.7,18.5,269.6
1.93:  82.7,18.5,269.6
1.95:  82.7,18.5,269.6
1.96:  82.7,18.5,269.6
1.98:  82.7,18.5,269.6
2:  82.7,18.5,269.6
2.01:  82.7,18.5,269.6
2.03:  82.7,18.5,269.6
2.05:  82.7,18.5,269.6
2.06:  82.7,18.5,269.6
2.08:  82.7,18.5,269.6
2.1:  82.7,18.5,269.6
2.11:  82.7,18.5,269.6
2.13:  82.7,18.5,269.6
2.15:  82.7,18.5,269.6
2.16:  82.7,18.5,269.6
2.18:  82.7,18.5,269.6
2.2:  82.7,18.5,269.6
2.21:  82.7,18.5,269.6
2.23:  82.7,18.5,269.6
2.25:  82.7,18.5,269.6
2.26:  82.7,18.5,269.6
2.28:  82.7,18.5,269.6
2.3:  82.7,18.5,269.6
2.31:  82.7,18.5,269.6
2.33:  82.7,18.5,269.6
2.35:  82.7,18.5,269.6
2.36:  82.7,18.5,269.6
2.38:  82.7,18.5,269.6
2.4:  82.7,18.5,269.6
2.41:  82.7,18.5,269.6
2.43:  82.7,18.5,269.6
2.45:  82.7,18.5,269.6
2.46:  82.7,18.5,269.6
2.48:  82.7,18.5,269.6
2.5:  82.7,18.5,269.6
2.51:  82.7,18.5,269.6
2.53:  82.7,18.5,269.6
2.55:  82.7,18.5,269.6
2.56:  82.7,18.5,269.6
2.58:  82.7,18.5,269.6
2.6:  82.7,18.5,269.6
2.61:  82.7,18.5,269.6
2.63:  82.7,18.5,269.6
2.65:  82.7,18.5,269.6
2.66:  82.7,18.5,269.6
2.68:  82.7,18.5,269.6
2.7:  82.7,18.5,269.6
2.71:  82.7,18.5,269.6
2.73:  82.7,18.5,269.6
2.75:  82.7,18.5,269.6
2.76:  82.7,18.5,269.6
2.78:  82.7,18.5,269.6
2.8:  82.7,18.5,269.6
2.81:  82.7,18.5,269.6
2.83:  82.7,18.5,269.6
2.85:  82.7,18.5,269.6
2.86:  82.7,18.5,269.6
2.88:  82.7,18.5,269.6
2.9:  82.7,18.5,269.6
2.91:  82.7,18.5,269.6
2.93:  82.7,18.5,269.6
2.95:  82.7,18.5,269.6
2.96:  82.7,18.5,269.6
2.98:  82.7,18.5,269.6
3:  82.7,18.5,269.6
3.01:  82.7,18.5,269.6
3.03:  82.7,18.5,269.6
3.05:  82.7,18.5,269.6
3.06:  82.7,18.5,269.6
3.08:  82.7,18.5,269.6
3.1:  82.7,18.5,269.6
3.11:  82.7,18.5,269.6
3.13:  82.7,18.5,269.6
3.15:  82.7,18.5,269.6
3.16:  82.7,18.5,269.6
3.18:  82.7,18.5,269.6
3.2:  82.7,18.5,269.6
3.21:  82.7,18.5,269.6
3.23:  82.7,18.5,269.6
3.25:  82.7,18.5,269.6
3.26:  82.7,18.5,269.6
3.28:  82.7,18.5,269.6
3.3:  82.7,18.5,269.6
3.31:  82.7,18.5,269.6
3.33:  82.7,18.5,269.6
3.35:  82.7,18.5,269.6
3.36:  82.7,18.5,269.6
3.38:  82.7,18.5,269.6
3.4:  82.7,18.5,269.6
3.41:  82.7,18.5,269.6
3.43:  82.68764,18.49991,269.6
3.45:  82.66276,18.49974,269.6
3.46:  82.62565,18.49948,269.6
3.48:  82.57564,18.49913,269.6
3.5:  82.51334,18.4987,269.6
3.51:  82.43951,18.49818,269.6
3.53:  82.35104,18.49756,269.6
3.55:  82.25147,18.49687,269.6
3.56:  82.13922,18.49608,269.6
3.58:  82.01411,18.49521,269.6
3.6:  81.87872,18.49427,269.6
3.61:  81.7289,18.49322,269.6
3.63:  81.56508,18.49208,269.6
3.65:  81.39007,18.49085,269.6
3.66:  81.20301,18.48955,269.6
3.68:  81.00192,18.48815,269.6
3.7:  80.78938,18.48666,269.6
3.71:  80.5676,18.48473,269.5
3.73:  80.32716,18.48137,269.2
3.75:  80.07751,18.47352,268.2
3.76:  79.82819,18.45521,265.8
3.78:  79.581,18.41783,261.4
3.8:  79.34024,18.35512,255.4
3.81:  79.10792,18.26687,249.2
3.83:  78.87775,18.16051,245.2
3.85:  78.65292,18.05085,244
3.86:  78.42882,17.93961,243.6
3.88:  78.19849,17.82427,243.4
3.9:  77.98282,17.71486,243.1
3.91:  77.76197,17.59841,242.2
3.93:  77.54311,17.4776,241.1
3.95:  77.32702,17.35284,240
3.96:  77.11417,17.22444,238.9
3.98:  76.9002,17.09022,237.9
4:  76.69122,16.95554,237.2
4.01:  76.48135,16.81924,237
4.03:  76.27061,16.68239,237
4.05:  76.06019,16.54626,237.1
4.06:  75.84958,16.41158,237.4
4.08:  75.64201,16.28035,237.7
4.1:  75.42127,16.14188,237.9
4.11:  75.20959,16.01114,238.3
4.13:  75.00191,15.88488,238.7
4.15:  74.7857,15.7565,239.3
4.16:  74.57166,15.63192,239.8
4.18:  74.35613,15.50849,240.2
4.2:  74.13556,15.38319,240.4
4.21:  73.91946,15.25943,240.2
4.23:  73.70078,15.13318,240
4.25:  73.48611,15.00672,239.5
4.26:  73.27103,14.87544,238.6
4.28:  73.0644,14.74732,238.2
4.3:  72.84983,14.61429,238.2
4.31:  72.63918,14.48367,238.2
4.33:  72.42686,14.35203,238.2
4.35:  72.21317,14.21953,238.2
4.36:  71.98972,14.08099,238.2
4.38:  71.78887,13.95646,238.2
4.4:  71.57573,13.82431,238.2
4.41:  71.36376,13.69288,238.2
4.43:  71.15047,13.56064,238.2
4.45:  70.93661,13.42803,238.2
4.46:  70.72525,13.29699,238.2
4.48:  70.5117,13.16458,238.2
4.5:  70.2959,13.03078,238.2
4.51:  70.08805,12.90191,238.2
4.53:  69.87486,12.76972,238.2
4.55:  69.6616,12.6375,238.2
4.56:  69.44837,12.50529,238.2
4.58:  69.23419,12.37249,238.2
4.6:  69.02415,12.24226,238.2
4.61:  68.81436,12.11219,238.2
4.63:  68.6021,11.98058,238.2
4.65:  68.38901,11.84846,238.2
4.66:  68.17515,11.84217,238.2
4.68:  67.96194,11.84217,238.2
4.7:  67.75076,11.84217,238.2
4.71:  67.53804,11.84217,238.2
4.73:  67.32778,11.84217,238.2
4.75:  67.11202,11.84217,238.2
4.76:  66.9032,11.84217,238.2
4.78:  66.70087,11.84217,238.2
4.8:  66.50723,11.84217,238.2
4.81:  66.32982,11.84217,238.2
4.83:  66.15729,11.84217,238.2
4.85:  65.99859,11.84217,238.2
4.86:  65.84964,11.84217,238.2
4.88:  65.71336,11.84217,238.2
4.9:  65.58392,11.84217,238.2
4.91:  65.46732,11.84217,238.2
4.93:  65.36155,11.84217,238.2
4.95:  65.26619,11.84217,238.2
4.96:  65.18137,11.84217,238.2
4.98:  65.10679,11.84217,238.2
5:  65.04383,11.84217,238.2
5.01:  64.99055,11.84217,238.2
5.03:  64.94797,11.84217,238.2
5.05:  64.91628,11.84217,238.2
5.06:  64.89532,11.84217,238.2
5.08:  64.88471,11.84217,238.2
5.1:  64.88471,11.84217,238.2
5.11:  64.88471,11.84217,238.2
5.13:  64.88471,11.84217,238.2
5.15:  64.88471,11.84217,238.2
5.16:  64.88471,11.84217,238.2
5.18:  64.88471,11.84217,238.2
5.2:  64.88471,11.84217,238.2
5.21:  64.88471,11.84217,238.2
5.23:  64.88471,11.84217,238.2
5.25:  64.88471,11.84217,238.2
5.26:  64.88471,11.84217,238.2
5.28:  64.88471,11.84217,238.2
5.3:  64.88471,11.84217,238.2
5.31:  64.88471,11.84217,238.3
5.33:  64.88471,11.84217,238.3
5.35:  64.88471,11.84217,238.3
5.36:  64.88471,11.84217,238.3
5.38:  64.88471,11.84217,238.3
5.4:  64.88471,11.84217,238.3
5.41:  64.88471,11.84217,238.3
5.43:  64.88471,11.84217,238.3
5.45:  64.88471,11.84217,238.3
5.46:  64.88471,11.84217,238.3
5.48:  64.88471,11.84217,238.3
5.5:  64.88471,11.84217,238.3
5.51:  64.88471,11.84217,238.3
5.53:  64.88471,11.84217,238.3
5.55:  64.88471,11.84217,238.3
5.56:  64.88471,11.84217,238.3
5.58:  64.88471,11.84217,238.3
5.6:  64.88471,11.84217,238.3
5.61:  64.88471,11.84217,238.3
5.63:  64.88471,11.84217,238.4
5.65:  64.88471,11.84217,238.5
5.66:  64.88471,11.84217,238.5
5.68:  64.88471,11.84217,238.5
5.7:  64.88471,11.84217,238.5
5.71:  64.88471,11.84217,238.4
5.73:  64.88471,11.84217,238.3
5.75:  64.88471,11.84217,238.1
5.76:  64.88471,11.84217,237.7
5.78:  64.88471,11.84217,237.2
5.8:  64.88471,11.84217,236.7
5.81:  64.88471,11.84217,236.3
5.83:  64.88471,11.84217,235.8
5.85:  64.88471,11.84217,235.5
5.86:  64.88471,11.84217,235.4
5.88:  64.88471,11.84217,235.4
5.9:  64.87429,11.84217,235.6
5.91:  64.85403,11.84217,235.7
5.93:  64.82256,11.84217,235.8
5.95:  64.78103,11.84217,236.2
5.96:  64.72919,11.84217,236.2
5.98:  64.6673,11.84217,235.3
6:  64.59768,11.84217,233.8
6.01:  64.51657,11.84217,233.8
6.03:  64.42526,11.84217,233.8
6.05:  64.32449,11.84217,233.8
6.06:  64.21432,11.84217,233.8
6.08:  64.09255,11.84217,233.8
6.1:  63.96081,11.84217,233.8
6.11:  63.81231,11.84217,233.8
6.13:  63.64629,11.83833,233.8
6.15:  63.46305,11.83457,233.8
6.16:  63.26417,11.83127,233.8
6.18:  63.04303,11.82827,233.8
6.2:  62.81049,11.82567,233.8
6.21:  62.55436,11.8233,233.8
6.23:  62.29435,11.81993,233.8
6.25:  62.02851,11.81666,233.8
6.26:  61.7494,11.81341,233.8
6.28:  61.466,11.81031,233.8
6.3:  61.17794,11.80734,233.8
6.31:  60.87922,11.80446,233.8
6.33:  60.57301,11.8017,233.8
6.35:  60.26025,11.80536,233.8
6.36:  59.94181,11.819,233.8
6.38:  59.61452,11.8428,233.8
6.4:  59.27878,11.87682,233.8
6.41:  58.93793,11.92064,233.8
6.43:  58.58748,11.97488,233.8
6.45:  58.23881,12.02886,233.8
6.46:  57.89341,12.08233,233.8
6.48:  57.54095,12.1369,233.8
6.5:  57.19099,12.19107,233.8
6.51:  56.8437,12.24484,233.8
6.53:  56.49068,12.30012,233.9
6.55:  56.14173,12.35476,233.9
6.56:  55.79282,12.40878,233.8
6.58:  55.44142,12.46192,233.6
6.6:  55.09241,12.51408,233.5
6.61:  54.74507,12.56475,233.3
6.63:  54.39359,12.61477,233.1
6.65:  54.04313,12.66278,232.8
6.66:  53.68947,12.70621,232
6.68:  53.3462,12.7441,231.3
6.7:  52.99134,12.77827,230.5
6.71:  52.63811,12.80607,229.5
6.73:  52.28468,12.82645,228.3
6.75:  51.93074,12.83881,227
6.76:  51.57954,12.84249,225.6
6.78:  51.22115,12.83624,224
6.8:  50.86766,12.82142,222.6
6.81:  50.51851,12.79884,221.3
6.83:  50.16388,12.76844,220.1
6.85:  49.81134,12.72952,218.7
6.86:  49.46391,12.67635,216.3
6.88:  49.11746,12.61089,214.3
6.9:  48.7703,12.53011,211.9
6.91:  48.43323,12.43345,209
6.93:  48.09779,12.31598,205.7
6.95:  47.77332,12.17892,202.1
6.96:  47.45585,12.02133,198.6
6.98:  47.14049,11.84436,195.7
7:  46.83298,11.66177,194.3
7.01:  46.54705,11.48215,194.3
7.03:  46.27006,11.29769,194.3
7.05:  46.00282,11.10864,194.3
7.06:  45.74837,10.91714,194.3
7.08:  45.50153,10.71885,194.3
7.1:  45.27047,10.52049,194.3
7.11:  45.053,10.32059,194.3
7.13:  44.84415,10.11421,194.3
7.15:  44.64889,9.906219,194.3
7.16:  44.46574,9.695189,194.3
7.18:  44.29364,9.47965,194.3
7.2:  44.13526,9.263205,194.3
7.21:  43.98864,9.043306,194.3
7.23:  43.85346,8.819208,194.3
7.25:  43.73043,8.591998,194.3
7.26:  43.62,8.362673,194.3
7.28:  43.52126,8.129286,194.3
7.3:  43.43483,7.893257,194.3
7.31:  43.36181,7.657428,194.2
7.33:  43.30159,7.410236,193.6
7.35:  43.24904,7.169225,192.3
7.36:  43.20475,6.923059,190.2
7.38:  43.17167,6.67176,187.5
7.4:  43.15088,6.424178,184.8
7.41:  43.14174,6.175096,182.1
7.43:  43.1435,5.923576,179.6
7.45:  43.15526,5.674241,177.3
7.46:  43.17873,5.425918,174.6
7.48:  43.20715,5.180251,173.4
7.5:  43.23945,4.931567,172.6
7.51:  43.27372,4.68463,172.1
7.53:  43.3099,4.433539,171.8
7.55:  43.34723,4.18671,171.4
7.56:  43.38621,3.940598,171
7.58:  43.42684,3.692468,170.7
7.6:  43.46832,3.447232,170.4
7.61:  43.51089,3.200801,170.2
7.63:  43.55402,2.953682,170.1
7.65:  43.5976,2.706543,170
7.66:  43.64206,2.459414,169.8
7.68:  43.68619,2.218947,169.6
7.7:  43.73344,1.971274,169.2
7.71:  43.78273,1.7246,168.7
7.73:  43.83682,1.472291,167.9
7.75:  43.89192,1.23737,166.8
7.76:  43.94333,0.994739,165.2
7.78:  43.99139,0.74463,163.4
7.8:  44.03446,0.4972256,161.6
7.81:  44.07307,0.2445377,160
7.83:  44.10604,-0.01040035,158.6
7.85:  44.13203,-0.2709006,157.6
7.86:  44.15145,-0.5348136,156.5
7.88:  44.16226,-0.8002898,155.9
7.9:  44.164,-1.09343,155.3
7.91:  44.1582,-1.364901,154.6
7.93:  44.14476,-1.64584,153.9
7.95:  44.14518,-1.922868,153.3
7.96:  44.15971,-2.197408,152.7
7.98:  44.18778,-2.466269,152.2
8:  44.22785,-2.726448,151.9
8.01:  44.27995,-2.981668,151.7
8.03:  44.34378,-3.231987,151.6
8.05:  44.41845,-3.475729,151.6
8.06:  44.50323,-3.710334,151.5
8.08:  44.60012,-3.942094,151.5
8.1:  44.70936,-4.17042,151.5
8.11:  44.82792,-4.389518,151.5
8.13:  44.94767,-4.61007,151.5
8.15:  45.06697,-4.829788,151.5
8.16:  45.1856,-5.048294,151.5
8.18:  45.30453,-5.267327,151.5
8.2:  45.42354,-5.486512,151.5
8.21:  45.54336,-5.707193,151.5
8.23:  45.66396,-5.9284,151.4
8.25:  45.78433,-6.148258,151.3
8.26:  45.8944,-6.374726,151.2
8.28:  45.99177,-6.601689,151.1
8.3:  46.08131,-6.841625,151
8.31:  46.15869,-7.080887,150.8
8.33:  46.22776,-7.332267,150.6
8.35:  46.28605,-7.58682,150.4
8.36:  46.35567,-7.83367,150.2
8.38:  46.43782,-8.076495,150
8.4:  46.53118,-8.311459,149.8
8.41:  46.63542,-8.538388,149.6
8.43:  46.75983,-8.773367,149.4
8.45:  46.88067,-8.976082,149.2
8.46:  47.01184,-9.189294,148.4
8.48:  47.14245,-9.396691,147.8
8.5:  47.27975,-9.60893,147.1
8.51:  47.41655,-9.814833,146.4
8.53:  47.56001,-10.02356,145.5
8.55:  47.70482,-10.22885,144.8
8.56:  47.84948,-10.42942,144.2
8.58:  47.99944,-10.63357,143.7
8.6:  48.14624,-10.83052,143.3
8.61:  48.29784,-11.0317,143
8.63:  48.45005,-11.23222,142.8
8.65:  48.60182,-11.43074,142.6
8.66:  48.75331,-11.62816,142.5
8.68:  48.90434,-11.82498,142.5
8.7:  49.05689,-12.0238,142.5
8.71:  49.2089,-12.22189,142.5
8.73:  49.37283,-12.41521,142.6
8.75:  49.54224,-12.59619,142.6
8.76:  49.72521,-12.77379,142.7
8.78:  49.91666,-12.94353,142.9
8.8:  50.11663,-13.1051,143
8.81:  50.32542,-13.25955,143.2
8.83:  50.54536,-13.40842,143.4
8.85:  50.77549,-13.55095,143.6
8.86:  51.01406,-13.68671,143.9
8.88:  51.25904,-13.81495,144.2
8.9:  51.51673,-13.9394,144.6
8.91:  51.78148,-14.05748,145
8.93:  52.05893,-14.17165,145.4
8.95:  52.35549,-14.28386,145.8
8.96:  52.6443,-14.38494,146.2
8.98:  52.94747,-14.48351,146.7
9:  53.26076,-14.57995,147.5
9.01:  53.58116,-14.67484,148.5
9.03:  53.91417,-14.76939,149.4
9.05:  54.25544,-14.86211,150.2
9.06:  54.5942,-14.96053,151.2
9.08:  54.92871,-15.06152,151.8
9.1:  55.26927,-15.16759,152.3
9.11:  55.60352,-15.27491,152.8
9.13:  55.9428,-15.38515,153
9.15:  56.28037,-15.49614,153.2
9.16:  56.61612,-15.60718,153.3
9.18:  56.9505,-15.71776,153.3
9.2:  57.28321,-15.8278,153.3
9.21:  57.61634,-15.93797,153.3
9.23:  57.95644,-16.05044,153.3
9.25:  58.29223,-16.1615,153.3
9.26:  58.62899,-16.27287,153.3
9.28:  58.96354,-16.38351,153.3
9.3:  59.29836,-16.49425,153.3
9.31:  59.63517,-16.60629,153.4
9.33:  59.97037,-16.71779,153.4
9.35:  60.30726,-16.83051,153.5
9.36:  60.63777,-16.94239,153.7
9.38:  60.97521,-17.05726,153.8
9.4:  61.30653,-17.17134,154
9.41:  61.6398,-17.28871,154.4
9.43:  61.97894,-17.4108,154.8
9.45:  62.30804,-17.53254,155.3
9.46:  62.63767,-17.6604,156.2
9.48:  62.96228,-17.79089,156.9
9.5:  63.29155,-17.92795,157.6
9.51:  63.61357,-18.06597,158.2
9.53:  63.94118,-18.20978,158.7
9.55:  64.26148,-18.35373,159.2
9.56:  64.5835,-18.50048,159.5
9.58:  64.90349,-18.64902,159.9
9.6:  65.22571,-18.79995,160.1
9.61:  65.54334,-18.95078,160.4
9.63:  65.86364,-19.10562,160.8
9.65:  66.18197,-19.26156,161.1
9.66:  66.49998,-19.42151,161.7
9.68:  66.80894,-19.58098,162.3
9.7:  67.13351,-19.75355,163
9.71:  67.43112,-19.91784,163.9
9.73:  67.74098,-20.0953,164.8
9.75:  68.04308,-20.27539,165.8
9.76:  68.34612,-20.46255,166.7
9.78:  68.64202,-20.65178,167.6
9.8:  68.93707,-20.84707,168.5
9.81:  69.22559,-21.04389,169.3
9.83:  69.51939,-21.24961,170
9.85:  69.80213,-21.45353,170.8
9.86:  70.08654,-21.66862,172.1
9.88:  70.36448,-21.88577,173
9.9:  70.64081,-22.10716,173.7
9.91:  70.9128,-22.33057,174.4
9.93:  71.18555,-22.56026,175.1
9.95:  71.454,-22.79116,175.7
9.96:  71.71882,-23.02299,176.2
9.98:  71.98588,-23.26093,176.7
10:  72.24458,-23.49632,177.3
10.01:  72.50385,-23.73641,177.8
10.03:  72.7619,-23.98044,178.4
10.05:  73.01421,-24.22325,178.9
10.06:  73.2636,-24.47004,179.7
10.08:  73.52048,-24.73605,181
10.1:  73.75475,-24.98638,181.9
10.11:  73.98992,-25.24484,182.7
10.13:  74.22739,-25.5123,183.4
10.15:  74.45908,-25.78073,184.2
10.16:  74.68701,-26.05333,185.1
10.18:  74.90685,-26.32676,186.2
10.2:  75.12368,-26.60729,187.3
10.21:  75.33522,-26.8911,188.3
10.23:  75.54179,-27.17752,189.2
10.25:  75.74455,-27.46495,189.8
10.26:  75.94799,-27.75334,189.8
10.28:  76.15218,-28.0428,189.8
10.3:  76.35502,-28.33034,189.8
10.31:  76.55689,-28.61652,189.8
10.33:  76.76215,-28.90748,189.8
10.35:  76.96682,-29.19762,189.8
10.36:  77.16959,-29.48508,189.8
10.38:  77.38003,-29.78339,189.8
10.4:  77.57787,-30.06384,189.8
10.41:  77.78156,-30.35258,189.8
10.43:  77.98699,-30.64382,189.8
10.45:  78.18893,-30.93008,189.8
10.46:  78.39329,-31.21978,189.8
10.48:  78.5975,-31.50927,189.8
10.5:  78.80873,-31.8087,189.8
10.51:  79.01208,-32.09697,189.8
10.53:  79.21923,-32.39392,190.1
10.55:  79.40698,-32.66506,190.3
10.56:  79.60522,-32.95566,190.7
10.58:  79.80428,-33.25414,191.3
10.6:  79.99549,-33.55085,192.2
10.61:  80.18247,-33.85241,193.2
10.63:  80.36256,-34.15693,194.4
10.65:  80.53576,-34.46556,195.7
10.66:  80.69894,-34.77769,197.4
10.68:  80.85521,-35.08977,198.4
10.7:  81.01083,-35.41168,199.2
10.71:  81.15951,-35.72907,199.9
10.73:  81.30756,-36.05545,200.6
10.75:  81.44939,-36.37702,201.2
10.76:  81.58845,-36.70147,201.8
10.78:  81.727,-37.02947,202.1
10.8:  81.8619,-37.35516,202.5
10.81:  81.99417,-37.67927,202.8
10.83:  82.12744,-38.01247,203.2
10.85:  82.25509,-38.33988,203.7
10.86:  82.3793,-38.67388,204.6
10.88:  82.49597,-39.00151,205.4
10.9:  82.60987,-39.33801,206.3
10.91:  82.71767,-39.67578,207.3
10.93:  82.81974,-40.01602,208.3
10.95:  82.91472,-40.35619,209.4
10.96:  83.00293,-40.69483,210.4
10.98:  83.08672,-41.04386,211.5
11:  83.1617,-41.38207,212.5
11.01:  83.23396,-41.73406,213.4
11.03:  83.29996,-42.08006,214.2
11.05:  83.36224,-42.42971,214.9
11.06:  83.42028,-42.77288,215.4
11.08:  83.47497,-43.12212,216.1
11.1:  83.52787,-43.47608,216.5
11.11:  83.57774,-43.82217,216.8
11.13:  83.62704,-44.17748,217.1
11.15:  83.67355,-44.52597,217.4
11.16:  83.71873,-44.87876,217.7
11.18:  83.76205,-45.23151,218
11.2:  83.8035,-45.57914,218.2
11.21:  83.84302,-45.92597,218.5
11.23:  83.88183,-46.28325,218.8
11.25:  83.91747,-46.63409,219.2
11.26:  83.94876,-46.98475,219.9
11.28:  83.97633,-47.33507,220.5
11.3:  83.99981,-47.68855,221.2
11.31:  84.01646,-48.04144,222.3
11.33:  84.02581,-48.39871,223.5
11.35:  84.02581,-48.75339,225
11.36:  84.0161,-49.10102,226.6
11.38:  83.99609,-49.45903,228.2
11.4:  83.96655,-49.81079,229.8
11.41:  83.92792,-50.16069,231.3
11.43:  83.88028,-50.513,232.7
11.45:  83.82602,-50.8595,233.9
11.46:  83.75983,-51.2132,235.6
11.48:  83.69089,-51.55207,236.5
11.5:  83.61543,-51.89813,237.3
11.51:  83.53642,-52.24035,238
11.53:  83.45148,-52.58878,238.7
11.55:  83.3632,-52.93263,239.4
11.56:  83.27007,-53.27304,240.3
11.58:  83.16943,-53.61279,241.5
11.6:  83.05873,-53.9495,243.2
11.61:  82.93762,-54.27865,245.2
11.63:  82.7996,-54.6054,247.9
11.65:  82.64677,-54.92439,250.6
11.66:  82.47287,-55.22926,254.7
11.68:  82.28587,-55.52621,257.2
11.7:  82.08337,-55.82085,259.5
11.71:  81.8751,-56.10231,261.5
11.73:  81.6537,-56.38366,263.2
11.75:  81.42989,-56.65517,264.5
11.78:  81.19777,-56.92503,265.7
11.8:  80.96706,-57.18307,266.8
11.81:  80.72095,-57.44514,268.2
11.83:  80.47139,-57.69645,269.8
11.85:  80.21126,-57.93649,272.3
11.86:  79.93968,-58.15878,275.7
11.88:  79.64093,-58.35427,281.8
11.9:  79.33697,-58.52138,286.2
11.91:  79.00858,-58.66965,290.7
11.93:  78.68248,-58.78706,295.2
11.95:  78.33739,-58.88146,299.7
11.96:  77.99012,-58.95022,303.8
11.98:  77.63975,-59.0076,305.7
12:  77.29575,-59.06393,305.7
12.01:  76.94462,-59.12143,305.7
12.03:  76.5968,-59.17839,305.7
12.05:  76.2476,-59.23557,305.7
12.06:  75.8968,-59.29302,305.7
12.08:  75.5508,-59.34968,305.7
12.1:  75.19824,-59.40741,305.7
12.11:  74.85506,-59.46361,305.7
12.13:  74.50735,-59.52055,305.7
12.15:  74.15373,-59.57845,305.7
12.16:  73.80749,-59.63515,305.7
12.18:  73.45766,-59.69244,305.7
12.2:  73.11135,-59.74915,305.7
12.21:  72.75803,-59.80701,305.7
12.23:  72.40662,-59.86456,305.7
12.25:  72.06268,-59.92088,305.7
12.26:  71.70941,-59.97873,305.7
12.28:  71.36106,-60.03577,305.7
12.3:  71.01134,-60.09304,305.7
12.31:  70.66335,-60.15002,305.7
12.33:  70.31475,-60.20711,305.7
12.35:  69.97021,-60.26353,305.7
12.36:  69.61749,-60.32129,305.7
12.38:  69.26781,-60.37855,305.7
12.4:  68.91676,-60.43604,305.7
12.41:  68.57045,-60.49275,305.7
12.43:  68.22029,-60.55009,305.7
12.45:  67.87171,-60.60717,305.7
12.46:  67.52357,-60.66418,305.7
12.48:  67.17281,-60.72162,305.7
12.5:  66.82577,-60.77845,305.7
12.51:  66.47588,-60.83575,305.7
12.53:  66.13259,-60.89196,305.7
12.55:  65.77779,-60.95007,305.7
12.56:  65.43071,-61.0069,305.7
12.58:  65.08354,-61.06375,305.7
12.6:  64.73032,-61.12159,305.7
12.61:  64.38216,-61.17861,305.7
12.63:  64.03143,-61.23604,305.7
12.65:  63.68559,-61.29268,305.7
12.66:  63.33646,-61.34985,305.7
12.68:  62.98962,-61.40664,305.7
12.7:  62.63745,-61.46431,305.7
12.71:  62.29214,-61.52086,305.7
12.73:  61.94095,-61.57837,305.7
12.75:  61.5935,-61.63527,305.7
12.76:  61.24352,-61.69258,305.7
12.78:  60.89438,-61.74975,305.7
12.8:  60.5456,-61.80687,305.7
12.81:  60.19896,-61.86363,305.7
12.83:  59.84865,-61.921,305.7
12.85:  59.49784,-61.97844,305.7
12.86:  59.14906,-62.03493,305.8
12.88:  58.79827,-62.08924,306.2
12.9:  58.45205,-62.1416,306.4
12.91:  58.10071,-62.19348,306.6
12.93:  57.75122,-62.24384,306.8
12.95:  57.40119,-62.29428,306.8
12.96:  57.0537,-62.34374,306.9
12.98:  56.70241,-62.39248,307.1
13:  56.349,-62.44027,307.3
13.01:  55.99958,-62.48565,307.6
13.03:  55.64772,-62.52699,308.3
13.05:  55.29581,-62.56273,309.2
13.06:  54.94403,-62.59289,310.1
13.08:  54.5849,-62.61422,311.6
13.1:  54.24223,-62.62859,312.6
13.11:  53.88414,-62.63671,313.7
13.13:  53.53069,-62.63794,314.8
13.15:  53.1764,-62.63114,316.1
13.16:  52.82504,-62.61703,317.3
13.18:  52.47066,-62.59598,318.4
13.2:  52.11783,-62.56945,319.3
13.21:  51.76389,-62.53973,319.8
13.23:  51.41748,-62.5082,320.2
13.25:  51.06117,-62.47264,320.7
13.26:  50.71082,-62.43581,321
13.28:  50.35986,-62.39769,321.2
13.3:  50.01045,-62.36034,321.1
13.31:  49.65854,-62.32398,320.9
13.33:  49.30354,-62.28979,320.5
13.35:  48.95177,-62.2584,320.1
13.36:  48.60114,-62.22896,319.8
13.38:  48.24794,-62.20116,319.5
13.4:  47.89303,-62.17509,319.2
13.41:  47.53995,-62.15041,319
13.43:  47.19075,-62.12599,319
13.45:  46.83483,-62.1011,319
13.46:  46.48973,-62.07697,319
13.48:  46.13484,-62.05215,319
13.5:  45.77916,-62.02728,319
13.51:  45.42763,-62.0027,319
13.53:  45.07507,-61.97805,319
13.55:  44.72458,-61.95354,319
13.56:  44.36637,-61.92849,319
13.58:  44.02032,-61.90429,319
13.6:  43.65879,-61.87838,319.1
13.61:  43.31223,-61.85353,319.1
13.63:  42.95759,-61.82811,319.1
13.65:  42.60611,-61.80292,319.1
13.66:  42.25393,-61.77767,319.1
13.68:  41.90272,-61.7525,319.1
13.7:  41.54984,-61.7272,319.1
13.71:  41.1957,-61.70182,319.1
13.73:  40.84253,-61.6765,319.1
13.75:  40.48771,-61.65107,319.1
13.76:  40.13835,-61.62603,319.1
13.78:  39.78465,-61.60067,319.1
13.8:  39.43159,-61.57537,319.1
13.81:  39.07882,-61.55008,319.1
13.83:  38.72688,-61.52485,319.1
13.85:  38.37116,-61.49935,319.1
13.86:  38.02301,-61.4744,319.1
13.88:  37.6673,-61.4489,319.1
13.9:  37.30212,-61.42272,319.1
13.91:  36.95211,-61.39763,319.1
13.93:  36.60175,-61.37252,319.1
13.95:  36.25656,-61.34777,319.1
13.96:  35.90178,-61.32235,319.1
13.98:  35.55188,-61.29726,319.1
14:  35.19752,-61.27186,319.1
14.01:  34.84768,-61.24678,319.1
14.03:  34.49345,-61.22139,319.1
14.05:  34.14046,-61.19609,319.1
14.06:  33.78843,-61.17086,319.1
14.08:  33.43689,-61.14566,319.1
14.1:  33.08189,-61.12021,319.1
14.11:  32.73108,-61.09507,319.1
14.13:  32.37936,-61.06985,319.1
14.15:  32.02494,-61.04445,319.1
14.16:  31.67345,-61.01925,319.1
14.18:  31.31863,-60.99382,319.1
14.2:  30.96923,-60.96877,319.1
14.21:  30.61474,-60.94336,319.1
14.23:  30.26357,-60.91819,319.1
14.25:  29.90818,-60.89272,319.1
14.26:  29.55748,-60.86819,319
14.28:  29.20495,-60.84354,319
14.3:  28.84921,-60.81866,319
14.31:  28.50042,-60.79428,319
14.33:  28.14595,-60.76949,319
14.35:  27.79101,-60.74467,319
14.36:  27.44059,-60.72017,319
14.38:  27.08904,-60.69558,319
14.4:  26.72065,-60.66982,319
14.41:  26.38302,-60.64621,319
14.43:  26.03055,-60.62157,319
14.45:  25.67641,-60.5968,319
14.46:  25.32475,-60.57159,319.1
14.48:  24.96794,-60.54477,319.3
14.5:  24.62145,-60.5175,319.5
14.51:  24.26616,-60.48829,319.7
14.53:  23.91768,-60.45657,320.2
14.55:  23.54483,-60.41804,320.9
14.56:  23.21187,-60.37834,321.8
14.58:  22.86503,-60.33083,322.8
14.6:  22.51009,-60.27651,323.7
14.61:  22.15079,-60.2151,324.7
14.63:  21.79848,-60.14853,325.7
14.65:  21.46519,-60.08011,326.6
14.66:  21.12464,-60.00462,327.5
14.68:  20.78129,-59.92091,328.7
14.7:  20.44164,-59.83497,329.2
14.71:  20.09692,-59.74453,329.7
14.73:  19.75788,-59.65369,330
14.75:  19.41194,-59.56034,330.1
14.76:  19.07364,-59.46843,330.2
14.78:  18.73236,-59.37507,330.3
14.8:  18.39053,-59.28027,330.5
14.81:  18.05299,-59.18412,330.9
14.83:  17.71206,-59.08378,331.4
14.85:  17.37214,-58.97921,332.1
14.86:  17.00746,-58.85931,333.2
14.88:  16.69702,-58.7512,334.2
14.9:  16.37245,-58.63114,335.3
14.91:  16.04494,-58.5008,336.7
14.93:  15.72087,-58.36258,338.1
14.95:  15.3967,-58.21553,339.4
14.96:  15.0765,-58.06143,340.7
14.98:  14.76286,-57.90162,342
15:  14.45052,-57.73344,343.3
15.01:  14.14287,-57.56009,344.4
15.03:  13.839,-57.3811,345.5
15.05:  13.53839,-57.19471,346.8
15.06:  13.24277,-56.99979,348.4
15.08:  12.95873,-56.7919,351.2
15.1:  12.68027,-56.57277,353.2
15.11:  12.39977,-56.33488,355.3
15.13:  12.14257,-56.09838,357.6
15.15:  11.89455,-55.85036,1.102627E-05
15.16:  11.66103,-55.59373,2.700011
15.18:  11.43685,-55.32274,5.400011
15.2:  11.22509,-55.04274,7.900011
15.21:  11.02202,-54.75056,10.20001
15.23:  10.83213,-54.45364,12.40001
15.25:  10.65065,-54.14554,14.50001
15.26:  10.48351,-53.83512,16.70001
15.28:  10.33226,-53.51516,19.70001
15.3:  10.19187,-53.19383,21.40001
15.31:  10.05892,-52.86476,23.00001
15.33:  9.826085,-52.69557,24.30001
15.35:  9.600757,-52.48363,25.30001
15.36:  9.39391,-52.23076,25.90001
15.38:  9.21589,-51.93791,26.00002
15.4:  9.077321,-51.60449,26.00002
15.41:  8.963615,-51.27427,26.00002
15.43:  8.850626,-50.94612,26.00002
15.45:  8.734582,-50.6091,26.00002
15.46:  8.621503,-50.2807,26.00002
15.48:  8.505024,-49.94242,26.00002
15.5:  8.389867,-49.60798,26.00002
15.51:  8.275036,-49.27448,26.00002
15.53:  8.160328,-48.94135,26.00002
15.55:  8.044894,-48.60611,26.00002
15.56:  7.930085,-48.27267,26.00002
15.58:  7.815668,-47.94038,26.00002
15.6:  7.679486,-47.54488,26.00002
15.61:  7.585088,-47.27073,26.00002
15.63:  7.466572,-46.92653,26.00002
15.65:  7.35369,-46.5987,26.00002
15.66:  7.238872,-46.26524,26.00002
15.68:  7.12392,-45.9314,26.00002
15.7:  7.00839,-45.59587,26.00002
15.71:  6.88238,-45.24003,25.50002
15.73:  6.76551,-44.92409,24.70002
15.75:  6.638781,-44.59395,24.00002
15.76:  6.513164,-44.27176,23.70001
15.78:  6.384758,-43.94578,23.50001
15.8:  6.255351,-43.61894,23.40001
15.81:  6.123687,-43.28639,23.40001
15.83:  5.993378,-42.95727,23.40001
15.85:  5.863011,-42.628,23.40001
15.86:  5.734039,-42.30225,23.40001
15.88:  5.602931,-41.97111,23.40001
15.9:  5.472279,-41.64112,23.40001
15.91:  5.342789,-41.31407,23.40001
15.93:  5.212489,-40.98497,23.40001
15.95:  5.082308,-40.65617,23.40001
15.96:  4.952195,-40.32754,23.40001
15.98:  4.822712,-40.0005,23.40001
16:  4.691906,-39.67012,23.40001
16.01:  4.562555,-39.34342,23.40001
16.03:  4.431448,-39.01228,23.40001
16.05:  4.300856,-38.68244,23.40001
16.06:  4.171546,-38.35584,23.40001
16.08:  4.041664,-38.0278,23.40001
16.1:  3.91183,-37.69987,23.40001
16.11:  3.780981,-37.36939,23.40001
16.13:  3.651067,-37.04126,23.40001
16.15:  3.519905,-36.70998,23.40001
16.16:  3.391778,-36.38637,23.40001
16.18:  3.260099,-36.05379,23.40001
16.2:  3.130346,-35.72607,23.40001
16.21:  2.999818,-35.39639,23.40001
16.23:  2.869586,-35.06747,23.40001
16.25:  2.739175,-34.73808,23.40001
16.26:  2.610174,-34.41226,23.40001
16.28:  2.479799,-34.08297,23.40001
16.3:  2.349953,-33.75502,23.40001
16.31:  2.221587,-33.42407,23.80001
16.33:  2.096494,-33.09302,24.30001
16.35:  1.97798,-32.75835,25.50002
16.36:  1.866075,-32.4239,26.50002
16.38:  1.758566,-32.08905,27.20002
16.4:  1.651417,-31.74921,27.50002
16.41:  1.546606,-31.41063,27.80001
16.43:  1.443919,-31.07264,28.10002
16.45:  1.342985,-30.73621,28.30002
16.46:  1.242209,-30.396,28.50002
16.48:  1.141677,-30.05442,28.60002
16.5:  1.042426,-29.71719,28.60002
16.53:  0.9436789,-29.38168,28.60002
16.55:  0.8433241,-29.03849,28.70002
16.56:  0.7457211,-28.70471,28.70002
16.58:  0.6451085,-28.36065,28.70002
16.6:  0.5470072,-28.02516,28.70002
16.61:  0.4478877,-27.6862,28.70002
16.63:  0.3475949,-27.34323,28.70002
16.65:  0.2488327,-27.00549,28.70002
16.66:  0.1503801,-26.6688,28.70002
16.68:  0.05041165,-26.32694,28.70002
16.7:  -0.04808798,-25.9901,28.70002
16.71:  -0.1488304,-25.64558,28.70002
16.73:  -0.2477915,-25.30716,28.70002
16.75:  -0.3490971,-24.96072,28.70002
16.76:  -0.4494252,-24.61763,28.70002
16.78:  -0.5443132,-24.29313,28.70002
16.8:  -0.6447954,-23.94951,28.70002
16.81:  -0.7427699,-23.61446,28.70002
16.83:  -0.8441524,-23.27,28.60002
16.85:  -0.944478,-22.93346,28.40002
16.86:  -1.048938,-22.59179,28.00002
16.88:  -1.15465,-22.25651,27.50002
16.9:  -1.266674,-21.92171,26.50002
16.91:  -1.381676,-21.5896,25.90002
16.93:  -1.500674,-21.25725,25.30002
16.95:  -1.622069,-20.92372,25.00002
16.96:  -1.744127,-20.59018,24.90002
16.98:  -1.870506,-20.24296,25.00002
17:  -1.982434,-19.92688,25.50002
17.01:  -2.092927,-19.58682,27.00002
17.03:  -2.187161,-19.24931,29.40002
17.05:  -2.264031,-18.90257,32.50002
17.06:  -2.322055,-18.55208,35.60002
17.08:  -2.360101,-18.20746,38.70002
17.1:  -2.372594,-17.84969,43.00002
17.11:  -2.368314,-17.49935,45.70002
17.13:  -2.350349,-17.14473,47.90002
17.15:  -2.32194,-16.79164,49.60003
17.16:  -2.286622,-16.4378,50.70002
17.18:  -2.247098,-16.09091,51.50003
17.2:  -2.202281,-15.73614,52.20002
17.21:  -2.154568,-15.38783,52.80002
17.23:  -2.104111,-15.0333,53.10002
17.25:  -2.053528,-14.68657,53.30003
17.26:  -2.002439,-14.33637,53.30003
17.28:  -1.951112,-13.98879,53.40003
17.3:  -1.899293,-13.63787,53.40003
17.31:  -1.846241,-13.28289,53.50003
17.33:  -1.794486,-12.94068,53.60003
17.35:  -1.741055,-12.58738,53.60003
17.36:  -1.689507,-12.24247,53.50003
17.38:  -1.638023,-11.88956,53.30003
17.4:  -1.591809,-11.53853,52.50003
17.41:  -1.551621,-11.1858,51.50003
17.43:  -1.519583,-10.83377,50.20003
17.45:  -1.496269,-10.48276,48.80003
17.46:  -1.480937,-10.1316,47.50003
17.48:  -1.470339,-9.774542,46.70003
17.5:  -1.46238,-9.423808,46.30003
17.51:  -1.454289,-9.067295,46.30003
17.53:  -1.445147,-8.718163,46.50003
17.55:  -1.432271,-8.349466,47.00003
17.56:  -1.41608,-8.006137,47.70003
17.58:  -1.395713,-7.652913,48.30003
17.6:  -1.372482,-7.303161,48.80003
17.61:  -1.346976,-6.947331,49.10003
17.63:  -1.320624,-6.596863,49.30003
17.65:  -1.293506,-6.244442,49.40003
17.66:  -1.265203,-5.87661,49.40003
17.68:  -1.238416,-5.536246,49.50003
17.7:  -1.210813,-5.185525,49.50003
17.71:  -1.183406,-4.837284,49.50003
17.73:  -1.154592,-4.47917,49.60003
17.75:  -1.125805,-4.129027,49.70003
17.76:  -1.095494,-3.775463,49.90003
17.78:  -1.064189,-3.424697,50.10003
17.8:  -1.030165,-3.071349,50.50003
17.81:  -0.9914246,-2.720445,51.30003
17.83:  -0.945556,-2.37204,52.50003
17.85:  -0.8889868,-2.022772,54.20003
17.86:  -0.8180615,-1.674164,56.50003
17.88:  -0.7320316,-1.336656,59.30003
17.9:  -0.6161885,-0.9983066,63.90003
17.91:  -0.4848742,-0.6749191,67.10002
17.93:  -0.3329074,-0.3548782,70.40002
17.95:  -0.1647149,-0.04510659,73.50002
17.96:  0.01989672,0.258526,76.30003
17.98:  0.2151828,0.5535708,78.50002
18:  0.4194591,0.8442263,80.10002
18.01:  0.6295959,1.131341,81.20002
18.03:  0.8392859,1.413689,81.60002
18.05:  1.051719,1.69973,81.60002
18.06:  1.261002,1.984633,81.30003
18.08:  1.464895,2.268381,80.70004
18.1:  1.668763,2.562803,79.70003
18.11:  1.863585,2.849475,79.20004
18.13:  2.063227,3.145456,79.00003
18.15:  2.257603,3.435811,78.80003
18.16:  2.454678,3.730198,78.80003
18.18:  2.653548,4.025034,79.00003
18.2:  2.854727,4.321059,79.20003
18.21:  3.052834,4.607162,79.70003
18.23:  3.256906,4.896452,80.20004
18.25:  3.466251,5.186717,80.80003
18.26:  3.675997,5.47225,81.30003
18.28:  3.886655,5.753842,81.80003
18.3:  4.100284,6.03427,82.30003
18.31:  4.312031,6.311224,82.40003
18.33:  4.53024,6.594573,82.60004
18.35:  4.744856,6.872253,82.70004
18.36:  4.963775,7.154482,82.80003
18.38:  5.181172,7.432737,83.00003
18.4:  5.400011,7.709835,83.30003
18.41:  5.622997,7.986185,83.90003
18.43:  5.848667,8.258005,84.70004
18.45:  6.080486,8.525623,85.90003
18.46:  6.318248,8.783283,87.70004
18.48:  6.565189,9.032824,89.70003
18.5:  6.832541,9.276094,92.70004
18.51:  7.095784,9.500925,94.50003
18.53:  7.372896,9.726128,95.90003
18.55:  7.649538,9.942264,97.00003
18.56:  7.931114,10.15599,97.80003
18.58:  8.220064,10.37058,98.40003
18.6:  8.50418,10.57776,98.90003
18.61:  8.791219,10.78326,99.40003
18.63:  9.079191,10.98416,100.1
18.65:  9.37411,11.18308,101
18.66:  9.672202,11.37667,102
18.68:  9.96834,11.56243,102.9
18.7:  10.26676,11.74602,103.4
18.71:  10.56857,11.9317,103.4
18.73:  10.86813,12.11599,103.4
18.75:  11.17584,12.30529,103.4
18.76:  11.47714,12.49065,103.4
18.78:  11.77324,12.67281,103.4
18.8:  12.07788,12.86023,103.4
18.81:  12.37811,13.04493,103.4
18.83:  12.6764,13.22844,103.4
18.85:  12.97986,13.41513,103.4
18.86:  13.2832,13.60174,103.4
18.88:  13.5818,13.78544,103.4
18.9:  13.88433,13.97156,103.4
18.91:  14.18557,14.15689,103.4
18.93:  14.48508,14.34115,103.4
18.95:  14.78783,14.5274,103.4
18.96:  15.08921,14.71281,103.4
18.98:  15.38871,14.89706,103.4
19:  15.69134,15.08324,103.4
19.01:  15.99322,15.26896,103.4
19.03:  16.29202,15.45278,103.4
19.05:  16.59437,15.63879,103.4
19.06:  16.8962,15.82375,103.5
19.08:  17.19633,16.00839,103.4
19.1:  17.49887,16.19306,103.6
19.11:  17.80119,16.36972,104.7
19.13:  18.11377,16.54156,106.2
19.15:  18.42564,16.70253,107.7
19.16:  18.74438,16.85868,108.9
19.18:  19.08032,17.01391,110.2
19.2:  19.40155,17.15358,111.5
19.21:  19.72103,17.28526,112.6
19.23:  20.04487,17.41282,113.5
19.25:  20.37499,17.53757,114.3
19.26:  20.71245,17.66106,114.9
19.28:  21.04232,17.77787,115.5
19.3:  21.38953,17.89675,116.1
19.31:  21.72075,18.00757,116.5
19.33:  22.04703,18.11422,116.9
19.35:  22.38576,18.22232,117.3
19.36:  22.72415,18.32771,117.7
19.38:  23.05891,18.42942,118.1
19.4:  23.40114,18.5308,118.5
19.41:  23.7407,18.62881,118.9
19.43:  24.08034,18.72363,119.4
19.45:  24.42306,18.81675,119.8
19.46:  24.76683,18.90693,120.3
19.48:  25.107,18.99238,120.9
19.5:  25.45095,19.07052,122.2
19.51:  25.79244,19.14186,123.2
19.53:  26.1438,19.20953,124.1
19.55:  26.49398,19.27127,125
19.56:  26.84456,19.32743,125.9
19.58:  27.19128,19.37739,126.8
19.6:  27.54619,19.42159,127.9
19.61:  27.89734,19.45726,129.2
19.63:  28.24542,19.48343,130.7
19.65:  28.60051,19.5008,132.2
19.66:  28.9738,19.50927,133.7
19.68:  29.31033,19.50869,135.1
19.7:  29.66049,19.49707,136.9
19.71:  30.00861,19.48065,137.7
19.73:  30.36556,19.45945,138.4
19.75:  30.71812,19.43417,139.1
19.76:  31.0753,19.40418,139.8
19.78:  31.42174,19.37021,140.6
19.8:  31.77571,19.32988,141.5
19.81:  32.12585,19.28378,142.5
19.83:  32.47429,19.23109,143.6
19.85:  32.82272,19.1709,144.8
19.86:  33.17279,19.10222,146.1
19.88:  33.5152,19.02757,147.3
19.9:  33.86016,18.94347,148.7
19.91:  34.19842,18.85725,149.3
19.93:  34.54039,18.77008,149.3
19.95:  34.88395,18.68315,149.2
19.96:  35.23051,18.60186,148.2
19.98:  35.57689,18.53391,146.1
20:  35.92725,18.48529,142.9
20.01:  36.28156,18.45927,139.2
20.03:  36.63182,18.45744,135.3
20.05:  36.98858,18.47801,131.7
20.06:  37.3369,18.51646,128.7
20.08:  37.68924,18.57038,126.3
20.1:  38.03732,18.63615,124.3
20.11:  38.38334,18.70278,124.1
20.13:  38.72969,18.76822,124.3
20.15:  39.07481,18.83094,124.7
20.16:  39.42764,18.88999,125.5
20.18:  39.77443,18.94305,126.3
20.2:  40.12813,18.99276,127
20.21:  40.47392,19.03829,127.5
20.23:  40.82671,19.08223,127.9
20.25:  41.17927,19.12427,128.2
20.26:  41.53124,19.16437,128.5
20.28:  41.88169,19.20306,128.7
20.3:  42.23074,19.24036,128.9
20.31:  42.5843,19.27752,129
20.33:  42.93367,19.31301,129.2
20.35:  43.28975,19.34793,129.4
20.36:  43.63939,19.38098,129.6
20.38:  43.99154,19.41302,129.8
20.4:  44.34347,19.44258,130.2
20.41:  44.69804,19.46923,130.7
20.43:  45.0491,19.49255,131.2
20.45:  45.40265,19.5117,131.9
20.46:  45.75955,19.52728,132.5
20.48:  46.10924,19.53827,133.2
20.5:  46.46374,19.54446,134
20.51:  46.81286,19.54751,134.5
20.53:  47.17022,19.54875,134.8
20.55:  47.52209,19.54998,134.8
20.56:  47.87795,19.55309,134.5
20.58:  48.22789,19.56164,133.6
20.6:  48.57868,19.57266,133.2
20.61:  48.93425,19.58384,133.2
20.63:  49.28819,19.59496,133.2
20.65:  49.64458,19.60616,133.2
20.66:  49.9945,19.61716,133.2
20.68:  50.35019,19.62834,133.2
20.7:  50.70475,19.63948,133.2
20.71:  51.05926,19.65062,133.2
20.73:  51.40762,19.66157,133.2
20.75:  51.76442,19.67278,133.2
20.76:  52.11927,19.68393,133.2
20.78:  52.46845,19.6949,133.2
20.8:  52.82439,19.70609,133.2
20.81:  53.17598,19.71714,133.2
20.83:  53.53101,19.7283,133.2
20.85:  53.88638,19.73946,133.2
20.86:  54.23543,19.75043,133.2
20.88:  54.59119,19.76161,133.2
20.9:  54.94551,19.77275,133.2
20.91:  55.30008,19.78389,133.2
20.93:  55.64713,19.7948,133.2
20.95:  56.00264,19.80597,133.2
20.96:  56.35985,19.81532,133.5
20.98:  56.7084,19.82384,133.6
21:  57.07954,19.83032,134
21.01:  57.4392,19.83283,134.6
21.03:  57.7741,19.82991,135.5
21.05:  58.13288,19.81863,136.8
21.06:  58.48468,19.79896,138.2
21.08:  58.832,19.77224,139.4
21.1:  59.18611,19.73502,141
21.11:  59.52982,19.69343,141.9
21.13:  59.88523,19.64537,142.7
21.15:  60.23123,19.59366,143.5
21.16:  60.57964,19.53598,144.4
21.18:  60.94303,19.46863,145.5
21.2:  61.28226,19.39838,146.7
21.21:  61.62557,19.31975,147.9
21.23:  61.96703,19.23272,149.3
21.25:  62.30556,19.1382,150.6
21.26:  62.64413,19.03662,151.7
21.28:  62.97973,18.92887,152.8
21.3:  63.31493,18.81149,154.3
21.31:  63.64306,18.69076,155.2
21.33:  63.97385,18.56312,156.1
21.35:  64.30127,18.43282,156.7
21.36:  64.63257,18.29762,157.2
21.38:  64.95403,18.16381,157.6
21.4:  65.28345,18.02465,157.9
21.41:  65.60577,17.88651,158.2
21.43:  65.93233,17.7452,158.4
21.45:  66.25679,17.60344,158.6
21.46:  66.57932,17.46119,158.8
21.48:  66.9017,17.31833,158.9
21.5:  67.22754,17.17325,159
21.51:  67.5504,17.02951,159
21.53:  67.87152,16.88654,159
21.55:  68.19521,16.74242,159
21.56:  68.51964,16.5973,159.1
21.58:  68.83713,16.45528,159.1
21.6:  69.17593,16.30301,159.2
21.61:  69.50005,16.15667,159.3
21.63:  69.80532,16.01755,159.5
21.65:  70.1288,15.86876,159.7
21.66:  70.46745,15.71157,159.9
21.68:  70.77648,15.56681,160.1
21.7:  71.08954,15.41547,160.8
21.71:  71.40214,15.25893,161.6
21.73:  71.71605,15.09482,162.6
21.75:  72.02742,14.92294,163.9
21.76:  72.3323,14.74335,165.5
21.78:  72.62878,14.55592,167.3
21.8:  72.92391,14.35535,169.2
21.81:  73.20525,14.15019,171.1
21.83:  73.48837,13.929,173
21.85:  73.75477,13.70625,174.9
21.86:  74.02414,13.46625,176.7
21.88:  74.2775,13.22749,178.3
21.9:  74.52918,12.97138,180.5
21.91:  74.76727,12.71784,181.8
21.93:  75.00493,12.45482,182.9
21.95:  75.23603,12.18991,183.9
21.96:  75.46765,11.91679,184.7
21.98:  75.69283,11.65033,184.8
22:  75.92566,11.37481,184.8
22.01:  76.15297,11.10582,184.8
22.03:  76.379,10.83836,184.8
22.05:  76.60731,10.56819,184.8
22.06:  76.83746,10.29583,184.8
22.08:  77.06236,10.02971,184.8
22.1:  77.29282,9.756986,184.8
22.11:  77.51761,9.490994,184.8
22.13:  77.74754,9.218902,184.8
22.15:  77.97598,8.948589,184.8
22.16:  78.20488,8.677711,184.8
22.18:  78.43465,8.405821,184.8
22.2:  78.66232,8.136413,184.8
22.21:  78.89196,7.864665,184.8
22.23:  79.11695,7.598423,184.8
22.25:  79.34692,7.326294,184.8
22.26:  79.57434,7.057178,184.8
22.28:  79.80064,6.789397,184.8
22.31:  80.03085,6.516006,184.9
22.33:  80.25399,6.245311,185.5
22.35:  80.47078,5.963805,187.4
22.36:  80.67394,5.67687,189.7
22.38:  80.87257,5.37678,191.5
22.4:  81.05798,5.08121,192.9
22.41:  81.23988,4.774847,194.3
22.43:  81.41132,4.469363,195.7
22.45:  81.57554,4.155232,197.4
22.46:  81.73101,3.836462,199
22.48:  81.87687,3.51343,200.7
22.5:  82.01273,3.190235,202.2
22.51:  82.13628,2.854425,204.8
22.53:  82.24711,2.525104,206.4
22.55:  82.35131,2.18426,208
22.56:  82.44588,1.847803,209.3
22.58:  82.53688,1.498464,210.4
22.6:  82.61952,1.156877,211.4
22.61:  82.69689,0.8107277,212.4
22.63:  82.76763,0.4630615,213.5
22.65:  82.83068,0.116094,214.7
22.66:  82.88399,-0.2282104,216.2
22.68:  82.92652,-0.5797051,218.1
22.7:  82.95556,-0.9329499,220.3
22.71:  82.95805,-1.289597,224.6
22.73:  82.94218,-1.639057,227.6
22.75:  82.90567,-1.992372,230.9
22.76:  82.84589,-2.342099,234.7
22.78:  82.76123,-2.686776,238.8
22.8:  82.65264,-3.017044,243.2
22.81:  82.5157,-3.349282,247.4
22.83:  82.362,-3.667243,250.8
22.85:  82.19611,-3.977909,253.1
22.86:  82.02953,-4.28991,253.1
22.88:  81.86108,-4.605388,253.1
22.9:  81.69605,-4.914449,253.1
22.91:  81.5304,-5.224675,253.1
22.93:  81.36301,-5.538167,253.1
22.95:  81.19838,-5.846504,253.1
22.96:  81.02963,-6.162531,253.1
22.98:  80.86417,-6.472421,253.1
23:  80.6982,-6.783245,253.1
23.01:  80.53091,-7.096566,253.1
23.03:  80.36315,-7.410738,253.1
23.05:  80.19901,-7.718149,253.1
23.06:  80.03059,-8.033589,253.1
23.08:  79.86475,-8.344155,253.1
23.1:  79.69939,-8.653858,253.1
23.11:  79.53166,-8.967981,253.1
23.13:  79.36499,-9.280132,253.1
23.15:  79.20046,-9.588269,253.1
23.16:  79.0323,-9.903214,253.1
23.18:  78.86674,-10.21327,253.1
23.2:  78.7011,-10.52348,253.1
23.21:  78.53235,-10.83952,253.1
23.23:  78.36536,-11.15227,253.1
23.25:  78.19941,-11.46176,253.2
23.26:  78.02934,-11.77632,253.4
23.28:  77.85973,-12.08738,253.6
23.3:  77.69157,-12.39456,253.7
23.31:  77.51963,-12.70601,253.9
23.33:  77.34941,-13.01059,254.2
23.35:  77.17606,-13.31572,254.6
23.36:  76.99598,-13.62639,255.1
23.38:  76.81398,-13.92928,256
23.4:  76.62601,-14.22661,257.3
23.41:  76.42664,-14.52109,259.1
23.43:  76.21629,-14.80434,261.6
23.45:  75.99094,-15.07576,264.7
23.46:  75.7468,-15.33484,268.3
23.48:  75.48687,-15.57723,272
23.5:  75.21661,-15.79843,275.7
23.51:  74.92329,-16.00153,280.3
23.53:  74.62932,-16.1881,282.6
23.55:  74.32646,-16.37441,283.4
23.56:  74.02364,-16.56071,283.4
23.58:  73.72657,-16.74347,283.4
23.6:  73.42535,-16.92879,283.4
23.61:  73.12103,-17.116,283.4
23.63:  72.8188,-17.30193,283.4
23.65:  72.5215,-17.48483,283.4
23.66:  72.21706,-17.67213,283.4
23.68:  71.92092,-17.85431,283.4
23.7:  71.61955,-18.03971,283.4
23.71:  71.31576,-18.22661,283.4
23.73:  71.01242,-18.41323,283.4
23.75:  70.71251,-18.59773,283.4
23.76:  70.41174,-18.78276,283.4
23.78:  70.10811,-18.96956,283.4
23.8:  69.81196,-19.15175,283.4
23.81:  69.50677,-19.33951,283.4
23.83:  69.20472,-19.52533,283.4
23.85:  68.90508,-19.70823,283.6
23.86:  68.60115,-19.88512,284.8
23.88:  68.28796,-20.05588,286.4
23.9:  67.97392,-20.21451,288.2
23.91:  67.65219,-20.3591,290.8
23.93:  67.31585,-20.49911,292.4
23.95:  66.99554,-20.62142,294.1
23.96:  66.66088,-20.73927,295.6
23.98:  66.3244,-20.84795,297.1
24:  65.98469,-20.94858,298.5
24.01:  65.64262,-21.0396,300.1
24.03:  65.29692,-21.12068,301.8
24.05:  64.9515,-21.19158,303.4
24.06:  64.6038,-21.25352,304.9
24.08:  64.25323,-21.30779,306.2
24.1:  63.90477,-21.35428,307.4
24.11:  63.55232,-21.39382,308.6
24.13:  63.20516,-21.43031,309
24.15:  62.84995,-21.46639,309.2
24.16:  62.49813,-21.50212,309.2
24.18:  62.13581,-21.53893,309.2
24.2:  61.79649,-21.57339,309.2
24.21:  61.44204,-21.6094,309.2
24.23:  61.09108,-21.64504,309.2
24.25:  60.74102,-21.67999,309.3
24.26:  60.38568,-21.7142,309.5
24.28:  60.03361,-21.74686,309.7
24.3:  59.68492,-21.77737,310
24.31:  59.32854,-21.80416,310.7
24.33:  58.98011,-21.8267,311.3
24.35:  58.628,-21.847,311.7
24.36:  58.27176,-21.86442,312.2
24.38:  57.92275,-21.88027,312.4
24.4:  57.55085,-21.89651,312.5
24.41:  57.20958,-21.91141,312.5
24.43:  56.86339,-21.92652,312.5
24.45:  56.50891,-21.942,312.5
24.46:  56.15199,-21.95758,312.5
24.48:  55.79882,-21.973,312.5
24.5:  55.45144,-21.98817,312.5
24.51:  55.09428,-22.00376,312.5
24.53:  54.74126,-22.01918,312.5
24.55:  54.39079,-22.03448,312.5
24.56:  54.03431,-22.05004,312.5
24.58:  53.68208,-22.06542,312.5
24.6:  53.33163,-22.08072,312.5
24.61:  52.97486,-22.0963,312.5
24.63:  52.62114,-22.11174,312.5
24.65:  52.27159,-22.127,312.5
24.66:  51.91581,-22.14254,312.5
24.68:  51.56462,-22.15787,312.5
24.7:  51.2131,-22.17322,312.5
24.71:  50.85556,-22.18883,312.5
24.73:  50.50196,-22.20427,312.5
24.75:  50.15084,-22.2196,312.5
24.76:  49.79644,-22.23507,312.5
24.78:  49.44516,-22.24979,312.6
24.8:  49.09049,-22.26404,312.7
24.81:  48.73526,-22.27769,312.8
24.83:  48.38122,-22.28943,313.1
24.85:  48.0294,-22.29803,313.6
24.86:  47.67272,-22.30176,314.4
24.88:  47.31889,-22.29991,315.3
24.9:  46.96889,-22.29197,316.3
24.91:  46.6118,-22.27575,317.6
24.93:  46.26493,-22.25454,318.5
24.95:  45.91001,-22.22785,319.3
24.96:  45.55919,-22.19654,320.1
24.98:  45.20507,-22.15932,321
25:  44.85434,-22.11688,321.9
25.01:  44.50226,-22.06927,322.7
25.03:  44.15101,-22.01803,323.3
25.05:  43.80539,-21.96453,323.8
25.06:  43.45591,-21.90855,324.1
25.08:  43.10537,-21.85177,324.2
25.1:  42.76136,-21.79606,324.2
25.11:  42.40768,-21.73877,324.2
25.13:  42.05968,-21.68241,324.2
25.15:  41.71297,-21.62626,324.2
25.16:  41.362,-21.56941,324.2
25.18:  41.01517,-21.51324,324.2
25.2:  40.66468,-21.45647,324.2
25.21:  40.31136,-21.39924,324.2
25.23:  39.9658,-21.34328,324.2
25.25:  39.81984,-21.14014,324.3
25.26:  39.68422,-20.92828,324.5
25.28:  39.56168,-20.71269,324.7
25.3:  39.44926,-20.48502,325.2
25.31:  39.3534,-20.24486,326.9
25.33:  39.27632,-19.99952,328.5
25.35:  39.21883,-19.74886,330.4
25.36:  39.18085,-19.48589,332.5
25.38:  39.16529,-19.21454,334.9
25.4:  39.17334,-18.94451,337.5
25.41:  39.20459,-18.66444,339.8
25.43:  39.2574,-18.3828,341.8
25.45:  39.32878,-18.10373,343.4
25.46:  39.42048,-17.81688,344.7
25.48:  39.52721,-17.53134,345.5
25.5:  39.64753,-17.2459,346
25.51:  39.78373,-16.95205,346.2
25.53:  39.92777,-16.66368,346.2
25.55:  40.08693,-16.36649,346.2
25.56:  40.25793,-16.06689,346.2
25.58:  40.44315,-15.75985,346.1
25.6:  40.62292,-15.45947,345.9
25.61:  40.80555,-15.15312,345.8
25.63:  40.98527,-14.84922,345.6
25.65:  41.16164,-14.54618,345.2
25.66:  41.3388,-14.23685,344.8
25.68:  41.51644,-13.92029,344.3
25.7:  41.68267,-13.61667,343.7
25.71:  41.84659,-13.30312,342.6
25.73:  42.00328,-12.99293,341.8
25.75:  42.15808,-12.67128,340.7
25.76:  42.30408,-12.34942,339.4
25.78:  42.44142,-12.02587,338
25.8:  42.57051,-11.69983,336.6
25.81:  42.6939,-11.36626,335.3
25.83:  42.79925,-11.03447,334.1
25.85:  42.88626,-10.71156,333.1
25.86:  42.958,-10.38923,332.2
25.88:  43.01406,-10.07229,331.4
25.9:  43.05474,-9.76562,330.7
25.91:  43.08029,-9.459117,329.8
25.93:  43.09117,-9.165974,329.1
25.95:  43.0869,-8.873863,328.2
25.96:  43.06663,-8.590012,327.1
25.98:  43.02855,-8.310317,325.7
26:  42.99207,-8.0252,323.9
26.01:  42.95712,-7.738899,322.1
26.03:  42.92177,-7.442182,320.2
26.05:  42.88605,-7.139281,318.3
26.06:  42.84876,-6.828589,316.3
26.08:  42.80877,-6.509658,314.2
26.1:  42.76722,-6.187961,312.3
26.11:  42.71881,-5.853126,309.8
26.13:  42.67141,-5.5158,308.5
26.15:  42.62311,-5.1643,307.2
26.16:  42.5682,-4.813657,306.1
26.18:  42.50698,-4.462898,305.1
26.2:  42.44124,-4.118257,304.2
26.21:  42.36956,-3.76906,303.4
26.23:  42.29406,-3.422768,302.7
26.25:  42.21498,-3.082975,301.9
26.26:  42.12961,-2.737982,301.1
26.28:  42.03983,-2.393328,300.4
26.3:  41.94678,-2.055516,299.6
26.31:  41.84333,-1.712847,298.2
26.33:  41.7371,-1.381995,297.2
26.35:  41.62171,-1.043046,296.2
26.36:  41.49733,-0.69756,295.2
26.38:  41.37687,-0.3804621,294.2
26.4:  41.24641,-0.05427209,293.2
26.42:  41.10788,0.2736757,292.1
26.43:  40.94849,0.6350599,291.2
26.45:  40.819,0.9205102,290.6
26.46:  40.67068,1.238572,290
26.48:  40.51991,1.556099,289.6
26.5:  40.35636,1.89443,289.2
26.51:  40.20233,2.208837,288.9
26.53:  40.05162,2.511118,288.5
26.55:  39.89103,2.82493,287.9
26.56:  39.72614,3.139008,287.3
26.58:  39.55745,3.452307,286.7
26.6:  39.38892,3.757589,286.1
26.61:  39.21315,4.067006,285.4
26.63:  39.03432,4.370598,284.5
26.65:  38.85071,4.671393,283.6
26.66:  38.66141,4.968534,282.5
26.68:  38.46556,5.265559,281.6
26.7:  38.26535,5.559052,280.7
26.71:  38.06055,5.849379,279.8
26.73:  37.8583,6.132926,279.5
26.75:  37.65177,6.419282,279.2
26.76:  37.44017,6.709449,278.9
26.78:  37.23035,6.993006,278.5
26.8:  37.01991,7.27228,278
26.81:  36.80429,7.552254,277.4
26.83:  36.5864,7.831144,277
26.85:  36.36192,8.113354,276.5
26.86:  36.14202,8.384911,276
26.88:  35.91671,8.65823,275.5
26.9:  35.69109,8.926158,274.9
26.91:  35.4563,9.196262,274
26.93:  35.22544,9.455365,273.3
26.95:  34.98658,9.717878,272.7
26.96:  34.7467,9.977829,272.3
26.98:  34.50292,10.23925,272
27:  34.26342,10.49251,271.6
27.01:  34.01783,10.74861,271.2
27.03:  33.77038,11.00307,270.8
27.05:  33.51979,11.25718,270.4
27.06:  33.27081,11.5053,269.9
27.08:  33.01757,11.75242,269.3
27.1:  32.76182,11.99597,268.5999
27.11:  32.49767,12.23717,267.4
27.13:  32.24061,12.4654,266.5999
27.15:  31.97124,12.69873,265.9
27.16:  31.70111,12.92782,265.2999
27.18:  31.41533,13.16508,264.7
27.2:  31.15316,13.37966,264.3
27.21:  30.87781,13.60264,263.9999
27.23:  30.6055,13.82001,263.5999
27.25:  30.31023,14.05237,263.2
27.26:  30.04246,14.26158,262.9999
27.28:  29.76655,14.47714,262.9999
27.3:  29.49136,14.69214,262.9999
27.31:  29.21206,14.89896,262.9999
27.33:  28.93917,15.08996,262.9999
27.35:  28.6648,15.27063,262.9999
27.36:  28.38978,15.44013,262.9999
27.38:  28.1192,15.59544,262.9999
27.4:  27.8531,15.73694,262.9999
27.41:  27.57636,15.87172,262.9999
27.43:  27.30782,15.99065,262.9999
27.45:  27.0519,16.09304,262.9999
27.46:  26.79118,16.18579,262.9999
27.48:  26.52528,16.26815,262.9999
27.5:  26.25812,16.33833,262.9999
27.51:  26.0039,16.39351,262.9999
27.53:  25.74705,16.43723,262.9999
27.55:  25.49543,16.46831,262.9999
27.56:  25.23807,16.48756,262.9999
27.58:  24.98563,16.49418,262.9999
27.6:  24.73783,16.48865,262.9999
27.61:  24.48635,16.47041,262.9999
27.63:  24.23745,16.43984,262.9999
27.65:  23.98997,16.40946,262.9999
27.66:  23.74175,16.37898,262.9999
27.68:  23.49437,16.3486,262.9999
27.7:  23.24708,16.31824,262.9999
27.71:  22.99754,16.2876,262.9999
27.73:  22.75171,16.25742,262.9999
27.75:  22.5029,16.22687,262.9999
27.76:  22.25269,16.19614,262.9999
27.78:  22.00462,16.16569,262.9999
27.8:  21.75892,16.13552,262.9999
27.81:  21.50916,16.10485,262.9999
27.83:  21.25956,16.0742,262.9999
27.85:  21.01452,16.04412,262.9999
27.86:  20.76433,16.0134,262.9999
27.88:  20.51545,15.98284,262.9999
27.9:  20.26856,15.95252,262.9999
27.91:  20.01989,15.92199,262.9999
27.93:  19.77348,15.8913,262.9
27.95:  19.52523,15.86082,262.9999
27.96:  19.27517,15.83055,263.0999
27.98:  19.02643,15.80089,263.2
28:  18.77911,15.77228,263.4
28.01:  18.52705,15.74356,263.4999
28.03:  18.2794,15.71578,263.5999
28.05:  18.03436,15.68873,263.7
28.06:  17.78256,15.66137,263.8
28.08:  17.53399,15.63481,263.9
28.1:  17.29078,15.60882,263.9
28.11:  17.03899,15.58191,263.9
28.13:  16.7913,15.55544,263.9
28.15:  16.54224,15.52882,263.9
28.16:  16.29294,15.50218,263.9
28.18:  16.04765,15.47596,263.9
28.2:  15.79831,15.44932,263.9
28.21:  15.54574,15.42188,263.8
28.23:  15.29914,15.39509,263.8
28.25:  15.05193,15.3678,263.7
28.26:  14.80173,15.34017,263.7
28.28:  14.55102,15.31205,263.5999
28.3:  14.30504,15.28446,263.5999
28.31:  14.05667,15.25572,263.3999
28.33:  13.80695,15.22639,263.3
28.35:  13.56169,15.19714,263.2
28.36:  13.3159,15.16696,262.9999
28.38:  13.06277,15.13498,262.7999
28.4:  12.81705,15.10307,262.5999
28.41:  12.56708,15.08238,262.4
28.43:  12.31787,15.07322,262.2
28.45:  12.06463,15.07552,261.9999
28.46:  11.80763,15.08956,261.8
28.48:  11.5506,15.11502,261.5999
28.5:  11.29498,15.15137,261.4
28.51:  11.02968,15.2002,261.1
28.53:  10.77249,15.25716,260.7
28.55:  10.50543,15.32536,260.1
28.56:  10.23406,15.40155,259.1
28.58:  9.961081,15.48463,258.1
28.6:  9.686994,15.57345,257
28.61:  9.403953,15.67048,255.9
28.63:  9.114588,15.77412,254.7
28.65:  8.824473,15.88064,253.3
28.66:  8.521399,15.99377,251.8
28.68:  8.212984,16.1102,250.3
28.7:  7.901973,16.227,248.6
28.71:  7.574577,16.34384,246.1
28.73:  7.244002,16.46089,244.5
28.75:  6.90998,16.56877,242.9
28.76:  6.566193,16.6693,241.3
28.78:  6.222481,16.75947,239.7
28.8:  5.882161,16.83929,238.2
28.81:  5.517272,16.91486,236.7
28.83:  5.175457,16.97636,235.2
28.85:  4.833014,17.02876,233.7
28.88:  4.486342,17.07317,232.3
28.9:  4.131612,17.1092,230.8
28.91:  3.776318,17.1353,229.2
28.93:  3.423868,17.14822,227.1
28.95:  3.076324,17.15368,225.9
28.96:  2.721958,17.1543,225.1
28.98:  2.369236,17.15245,224.7
29:  2.026806,17.15006,224.6
29.01:  1.715898,17.14789,224.6
29.03:  1.41209,17.14577,224.6
29.05:  1.128812,17.14379,224.6
29.06:  0.8672813,17.14196,224.6
29.08:  0.6184264,17.14022,224.6
29.1:  0.3897215,17.13863,224.6
29.11:  0.1779827,17.13715,224.6
29.13:  -0.0176751,17.13578,224.6
29.15:  -0.1955043,17.13454,224.6
29.16:  -0.3526998,17.13344,224.6
29.18:  -0.495107,17.13245,224.6
29.2:  -0.6182269,17.13159,224.6
29.21:  -0.7236795,17.13085,224.6
29.23:  -0.8133245,17.13023,224.6
29.25:  -0.88373,17.12974,224.6
29.26:  -0.9361759,17.12937,224.6
29.28:  -0.9719107,17.12912,224.6
29.3:  -0.9894176,17.129,224.6
29.31:  -0.9894176,17.129,224.6
29.33:  -0.9894176,17.129,224.6
29.35:  -0.9894176,17.129,224.6
29.36:  -0.9894176,17.129,224.6
29.38:  -0.9894176,17.129,224.6
29.4:  -0.9894176,17.129,224.6
29.41:  -0.9894176,17.129,224.6
29.43:  -0.9894176,17.129,224.6
29.45:  -0.9894176,17.129,224.6
29.46:  -0.9894176,17.129,224.6
29.48:  -0.9894176,17.129,224.6
29.5:  -0.9894176,17.129,224.5
29.51:  -0.9894176,17.129,224.2
29.53:  -0.9894176,17.129,223.2
29.55:  -0.9894176,17.129,222.4
29.56:  -0.9894176,17.129,221.6
29.58:  -0.9894176,17.129,220.6
29.6:  -0.9894176,17.129,219.4
29.61:  -0.9894176,17.129,218.1
29.63:  -0.9894176,17.129,216.6
29.65:  -0.9894176,17.129,215
29.66:  -0.9894176,17.129,212.9
29.68:  -0.9894176,17.129,210.4
29.7:  -0.9894176,17.129,205.4
29.71:  -0.9894176,17.129,203.8
29.73:  -0.9894176,17.129,198
29.75:  -0.9894176,17.129,194
29.76:  -0.9894176,17.129,190.2
29.78:  -0.9894176,17.129,186.8
29.8:  -0.9894176,17.129,183.9
29.81:  -0.9894176,17.129,181.8
29.83:  -0.9894176,17.129,180.4
29.85:  -0.9894176,17.129,180.2
29.86:  -0.9894176,17.129,180.2
29.88:  -0.9894176,17.129,180.2
29.9:  -0.9894176,17.129,180.2
29.91:  -0.9894176,17.129,180.2
29.93:  -0.9894176,17.129,180.2
29.95:  -0.9894176,17.129,180.2
29.96:  -0.9894176,17.129,180.2
29.98:  -0.9894176,17.129,180.2
30:  -0.9894176,17.129,180.2
30.01:  -0.9894176,17.129,180.2
30.03:  -0.9894176,17.129,180.2
30.05:  -0.9894176,17.129,180.2
30.06:  -0.9894176,17.129,180.2
30.08:  -0.9894176,17.129,180.2
30.1:  -0.9894176,17.129,180.2
30.11:  -0.9894176,17.129,180.2
30.13:  -0.9894176,17.129,180.2
30.15:  -0.9894176,17.129,180.2
30.16:  -0.9894176,17.129,180.2
30.18:  -0.9894176,17.129,180.2
30.2:  -0.9894176,17.129,180.2
30.21:  -0.9894176,17.129,180.2
30.23:  -0.9894176,17.129,180.2
30.25:  -0.9894176,17.129,180.2
30.26:  -0.9894176,17.129,180.2
30.28:  -0.9894176,17.129,180.2
30.3:  -0.9894176,17.129,180.2
30.31:  -0.9894176,17.129,180.2
30.33:  -0.9894176,17.129,180.2
30.35:  -0.9894176,17.129,180.2
30.36:  -0.9894176,17.129,180.2
30.38:  -0.9894176,17.129,180.2
30.4:  -0.9894176,17.129,180.2
30.41:  -0.9894176,17.129,180.2
30.43:  -0.9894176,17.129,180.2
30.45:  -0.9894176,17.129,180.2
30.46:  -0.9894176,17.129,180.2
30.48:  -0.9894176,17.129,180.2
30.5:  -0.9894176,17.129,180.2
30.51:  -0.9894176,17.129,180.2
30.53:  -0.9894176,17.129,180.2
30.55:  -0.9894176,17.129,180.2
30.56:  -0.9894176,17.129,180.2
30.58:  -0.9894176,17.129,180.2
30.6:  -0.9894176,17.129,180.2
30.61:  -0.9894176,17.129,180.2
30.63:  -0.9894176,17.129,180.2
30.65:  -0.9894176,17.129,180.2
30.66:  -0.9894176,17.129,180.2
30.68:  -0.9894176,17.129,180.2
30.7:  -0.9894176,17.129,180.2
30.71:  -0.9894176,17.129,180.2
30.73:  -0.9894176,17.129,180.2
30.75:  -0.9894176,17.129,180.2
30.76:  -0.9894176,17.129,180.2
30.78:  -0.9894176,17.129,180.2
30.8:  -0.9894176,17.129,180.2
30.81:  -0.9894176,17.129,180.2
30.83:  -0.9894176,17.129,180.2
30.85:  -0.9894176,17.129,180.2
30.86:  -0.9894176,17.129,180.2
30.88:  -0.9894176,17.129,180.2
30.9:  -0.9894176,17.129,180.2
30.91:  -0.9894176,17.129,180.2
30.93:  -0.9894176,17.129,180.2
30.95:  -0.9894176,17.129,180.2
30.96:  -0.9894176,17.129,180.2
30.98:  -0.9894176,17.129,180.2
31:  -0.9894176,17.129,180.2
31.01:  -0.9894176,17.129,180.2
31.03:  -0.9894176,17.129,180.2
31.05:  -0.9894176,17.129,180.2
31.06:  -0.9894176,17.129,180.2
31.08:  -0.9894176,17.129,180.2
31.1:  -0.9894176,17.129,180.2
31.11:  -0.9894176,17.129,180.2
31.13:  -0.9894176,17.129,180.2
31.15:  -0.9894176,17.129,180.2
31.16:  -0.9894176,17.129,180.2
31.18:  -0.9894176,17.129,180.2
31.2:  -0.9894176,17.129,180.2
31.21:  -0.9894176,17.129,180.2
31.23:  -0.9894176,17.129,180.2
31.25:  -0.9894176,17.129,180.2
31.26:  -0.9894176,17.129,180.2
31.28:  -0.9894176,17.129,180.2
31.3:  -0.9894176,17.129,180.1
31.31:  -0.9894176,17.129,180
31.33:  -0.9894176,17.129,179.7
31.35:  -0.9894176,17.129,179.5
31.36:  -0.9894176,17.129,179.4
31.38:  -0.9894176,17.129,179.3
31.4:  -0.9894176,17.129,179.2
31.41:  -0.9894176,17.129,179
31.43:  -0.9894176,17.129,178.9
31.45:  -0.9894176,17.129,178.8
31.46:  -0.9894176,17.129,178.7
31.48:  -0.9894176,17.129,178.7
31.5:  -0.9894176,17.129,178.6
31.51:  -0.9894176,17.129,178.5
31.53:  -0.9894176,17.129,178.3
31.55:  -0.9894176,17.129,178.1
31.56:  -0.9894176,17.129,177.8
31.58:  -0.9894176,17.129,177.5
31.6:  -0.9894176,17.129,177.3
31.61:  -0.9894176,17.129,177
31.63:  -0.9894176,17.129,176.8
31.65:  -0.9894176,17.129,176.6
31.66:  -0.9894176,17.129,176.5
31.68:  -0.9894176,17.129,176.5
31.7:  -0.9894176,17.129,176.5
31.71:  -0.9894176,17.129,176.5
31.73:  -0.9894176,17.129,176.5
31.75:  -0.9894176,17.129,176.5
31.76:  -0.9894176,17.129,176.5
31.78:  -0.9894176,17.129,176.5
31.8:  -0.9894176,17.129,176.5
31.81:  -0.9894176,17.129,176.5
31.83:  -0.9894176,17.129,176.5
31.85:  -0.9894176,17.129,176.5
31.86:  -0.9894176,17.129,176.5
31.88:  -0.9894176,17.129,176.6
31.9:  -0.9894176,17.129,176.6
31.91:  -0.9894176,17.129,176.6
31.93:  -0.9894176,17.129,176.6
31.95:  -0.9894176,17.129,176.6
31.96:  -0.9894176,17.129,176.6
31.98:  -0.9894176,17.129,176.6
32:  -0.9894176,17.129,176.6
32.01:  -0.9894176,17.129,176.6
32.03:  -0.9894176,17.129,176.6
32.05:  -0.9894176,17.129,176.6
32.06:  -0.9894176,17.129,176.6
32.08:  -0.9894176,17.129,176.6
32.1:  -0.9894176,17.129,176.6
32.11:  -0.9894176,17.129,176.6
32.13:  -0.9894176,17.129,176.6
