ParticipantNo: 12011
Controller type: Gamepad
Training Level:
0.02:  82.7,18.5,270
0.04:  82.7,18.5,270
0.06:  82.7,18.5,269.9727
0.07:  82.7,18.5,269.9453
0.09:  82.7,18.5,269.9117
0.11:  82.7,18.5,269.8843
0.12:  82.7,18.5,269.8506
0.14:  82.7,18.5,269.817
0.16:  82.7,18.5,269.7897
0.17:  82.7,18.5,269.756
0.19:  82.7,18.5,269.7286
0.21:  82.7,18.5,269.7013
0.22:  82.7,18.5,269.674
0.24:  82.7,18.5,269.6467
0.26:  82.7,18.5,269.613
0.27:  82.7,18.5,269.5857
0.29:  82.7,18.5,269.5583
0.31:  82.7,18.5,269.531
0.32:  82.7,18.5,269.5037
0.34:  82.7,18.5,269.47
0.36:  82.7,18.5,269.4363
0.37:  82.7,18.5,269.409
0.39:  82.7,18.5,269.3753
0.41:  82.7,18.5,269.3416
0.42:  82.7,18.5,269.308
0.44:  82.7,18.5,269.2743
0.46:  82.7,18.5,269.247
0.47:  82.7,18.5,269.2133
0.49:  82.7,18.5,269.1796
0.51:  82.7,18.5,269.1523
0.52:  82.7,18.5,269.1187
0.54:  82.7,18.5,269.085
0.56:  82.7,18.5,269.0576
0.57:  82.7,18.5,269.0303
0.59:  82.7,18.5,269.003
0.61:  82.7,18.5,268.9693
0.62:  82.7,18.5,268.9356
0.64:  82.7,18.5,268.9019
0.66:  82.7,18.5,268.8683
0.67:  82.7,18.5,268.8409
0.69:  82.7,18.5,268.8073
0.71:  82.7,18.5,268.7736
0.72:  82.7,18.5,268.7463
0.74:  82.7,18.5,268.7189
0.76:  82.7,18.5,268.6853
0.77:  82.7,18.5,268.6579
0.79:  82.7,18.5,268.6306
0.81:  82.7,18.5,268.6033
0.82:  82.7,18.5,268.5759
0.84:  82.7,18.5,268.5486
0.86:  82.7,18.5,268.515
0.87:  82.7,18.5,268.4813
0.89:  82.7,18.5,268.4476
0.91:  82.7,18.5,268.4139
0.92:  82.7,18.5,268.3802
0.94:  82.7,18.5,268.3529
0.96:  82.7,18.5,268.3193
0.97:  82.7,18.5,268.2856
0.99:  82.7,18.5,268.2519
1.01:  82.7,18.5,268.2246
1.02:  82.7,18.5,268.1973
1.04:  82.7,18.5,268.1699
1.06:  82.7,18.5,268.1363
1.07:  82.7,18.5,268.1089
1.09:  82.7,18.5,268.0816
1.11:  82.7,18.5,268.0543
1.13:  82.7,18.5,268.0269
1.14:  82.7,18.5,267.9996
1.16:  82.7,18.5,267.9659
1.17:  82.7,18.5,267.9323
1.19:  82.7,18.5,267.8986
1.21:  82.7,18.5,267.8649
1.22:  82.7,18.5,267.8312
1.24:  82.7,18.5,267.7976
1.26:  82.7,18.5,267.7639
1.27:  82.7,18.5,267.7366
1.29:  82.7,18.5,267.7029
1.31:  82.7,18.5,267.6756
1.32:  82.7,18.5,267.6419
1.34:  82.7,18.5,267.6146
1.36:  82.7,18.5,267.5872
1.38:  82.7,18.5,267.5599
1.39:  82.7,18.5,267.5262
1.41:  82.7,18.5,267.4989
1.42:  82.7,18.5,267.4652
1.44:  82.7,18.5,267.4379
1.46:  82.7,18.5,267.4106
1.47:  82.7,18.5,267.3832
1.49:  82.7,18.5,267.3495
1.51:  82.7,18.5,267.3159
1.53:  82.7,18.5,267.2886
1.54:  82.7,18.5,267.2549
1.56:  82.7,18.5,267.2212
1.57:  82.7,18.5,267.1939
1.59:  82.7,18.5,267.1602
1.61:  82.7,18.5,267.1265
1.62:  82.7,18.5,267.0992
1.64:  82.7,18.5,267.0719
1.66:  82.7,18.5,267.0382
1.68:  82.7,18.5,267.0045
1.69:  82.7,18.5,266.9709
1.71:  82.7,18.5,266.9372
1.72:  82.7,18.5,266.9099
1.74:  82.7,18.5,266.8762
1.76:  82.7,18.5,266.8425
1.77:  82.7,18.5,266.8088
1.79:  82.7,18.5,266.7752
1.81:  82.7,18.5,266.7415
1.82:  82.7,18.5,266.7078
1.84:  82.7,18.5,266.6742
1.86:  82.7,18.5,266.6405
1.87:  82.7,18.5,266.6132
1.89:  82.7,18.5,266.5858
1.91:  82.7,18.5,266.5585
1.92:  82.7,18.5,266.5248
1.94:  82.7,18.5,266.4911
1.96:  82.7,18.5,266.4638
1.97:  82.7,18.5,266.4302
1.99:  82.7,18.5,266.4028
2.01:  82.7,18.5,266.3755
2.02:  82.7,18.5,266.3418
2.04:  82.7,18.5,266.3082
2.06:  82.7,18.5,266.2745
2.08:  82.7,18.5,266.2472
2.09:  82.7,18.5,266.2135
2.11:  82.7,18.5,266.1798
2.13:  82.7,18.5,266.1525
2.14:  82.7,18.5,266.1252
2.16:  82.7,18.5,266.0978
2.17:  82.7,18.5,266.0705
2.19:  82.7,18.5,266.0432
2.21:  82.7,18.5,266.0095
2.22:  82.7,18.5,265.9758
2.24:  82.7,18.5,265.9421
2.26:  82.7,18.5,265.9148
2.27:  82.7,18.5,265.8811
2.29:  82.7,18.5,265.8475
2.31:  82.7,18.5,265.8138
2.32:  82.7,18.5,265.7802
2.34:  82.7,18.5,265.7465
2.36:  82.7,18.5,265.7191
2.37:  82.7,18.5,265.6855
2.39:  82.7,18.5,265.6518
2.41:  82.7,18.5,265.6181
2.42:  82.7,18.5,265.5845
2.44:  82.7,18.5,265.5571
2.46:  82.7,18.5,265.5298
2.47:  82.7,18.5,265.4961
2.49:  82.7,18.5,265.4688
2.51:  82.7,18.5,265.4415
2.52:  82.7,18.5,265.4141
2.54:  82.7,18.5,265.3868
2.56:  82.7,18.5,265.3531
2.57:  82.7,18.5,265.3195
2.59:  82.7,18.5,265.2858
2.61:  82.7,18.5,265.2521
2.62:  82.7,18.5,265.2248
2.64:  82.7,18.5,265.1911
2.66:  82.7,18.5,265.1638
2.68:  82.7,18.5,265.1301
2.69:  82.7,18.5,265.1028
2.71:  82.7,18.5,265.0691
2.72:  82.7,18.5,265.0354
2.74:  82.7,18.5,265.0018
2.76:  82.7,18.5,264.9681
2.78:  82.7,18.5,264.9344
2.79:  82.7,18.5,264.9008
2.81:  82.7,18.5,264.8671
2.82:  82.7,18.5,264.8398
2.84:  82.7,18.5,264.8061
2.86:  82.7,18.5,264.7787
2.87:  82.7,18.5,264.7451
2.89:  82.7,18.5,264.7114
2.91:  82.7,18.5,264.6777
2.92:  82.7,18.5,264.6504
2.94:  82.7,18.5,264.6231
2.96:  82.7,18.5,264.5957
2.97:  82.7,18.5,264.5684
2.99:  82.7,18.5,264.5347
3.01:  82.7,18.5,264.5074
3.02:  82.7,18.5,264.4737
3.04:  82.7,18.5,264.4401
3.06:  82.7,18.5,264.4064
3.08:  82.7,18.5,264.3791
3.09:  82.7,18.5,264.3454
3.11:  82.7,18.5,264.3117
3.12:  82.7,18.5,264.278
3.14:  82.7,18.5,264.2444
3.16:  82.7,18.5,264.217
3.17:  82.7,18.5,264.1834
3.19:  82.7,18.5,264.1497
3.21:  82.7,18.5,264.1224
3.22:  82.7,18.5,264.0887
3.24:  82.7,18.5,264.0614
3.26:  82.7,18.5,264.034
3.27:  82.7,18.5,264.0067
3.29:  82.7,18.5,263.9794
3.31:  82.7,18.5,263.952
3.32:  82.7,18.5,263.9247
3.34:  82.7,18.5,263.8911
3.36:  82.7,18.5,263.8574
3.37:  82.7,18.5,263.83
3.39:  82.7,18.5,263.8027
3.41:  82.7,18.5,263.769
3.43:  82.7,18.5,263.7417
3.44:  82.7,18.5,263.708
3.46:  82.7,18.5,263.6744
3.47:  82.7,18.5,263.6407
3.49:  82.7,18.5,263.607
3.51:  82.7,18.5,263.5734
3.52:  82.7,18.5,263.5397
3.54:  82.7,18.5,263.5124
3.56:  82.7,18.5,263.485
3.57:  82.7,18.5,263.4577
3.59:  82.7,18.5,263.4304
3.61:  82.7,18.5,263.403
3.62:  82.7,18.5,263.3694
3.64:  82.7,18.5,263.3357
3.66:  82.7,18.5,263.3083
3.67:  82.7,18.5,263.2747
3.69:  82.7,18.5,263.241
3.71:  82.7,18.5,263.2137
3.72:  82.7,18.5,263.1863
3.74:  82.7,18.5,263.1527
3.76:  82.7,18.5,263.119
3.77:  82.7,18.5,263.0917
3.79:  82.7,18.5,263.058
3.81:  82.7,18.5,263.0244
3.82:  82.7,18.5,262.997
3.84:  82.7,18.5,262.9697
3.86:  82.7,18.5,262.9424
3.87:  82.7,18.5,262.915
3.89:  82.7,18.5,262.8813
3.91:  82.7,18.5,262.8477
3.92:  82.7,18.5,262.814
3.94:  82.7,18.5,262.7803
3.96:  82.7,18.5,262.753
3.97:  82.7,18.5,262.7193
3.99:  82.7,18.5,262.692
4.01:  82.7,18.5,262.6647
4.02:  82.7,18.5,262.631
4.04:  82.7,18.5,262.6037
4.06:  82.7,18.5,262.5763
4.07:  82.7,18.5,262.549
4.09:  82.7,18.5,262.5217
4.11:  82.7,18.5,262.488
4.12:  82.7,18.5,262.4543
4.14:  82.7,18.5,262.427
4.16:  82.7,18.5,262.3997
4.17:  82.7,18.5,262.366
4.19:  82.7,18.5,262.3323
4.21:  82.7,18.5,262.2987
4.22:  82.7,18.5,262.265
4.24:  82.7,18.5,262.2313
4.26:  82.7,18.5,262.1977
4.27:  82.7,18.5,262.164
4.29:  82.7,18.5,262.1303
4.31:  82.7,18.5,262.0966
4.32:  82.7,18.5,262.063
4.34:  82.7,18.5,262.0356
4.36:  82.7,18.5,262.0083
4.37:  82.7,18.5,261.981
4.39:  82.7,18.5,261.9536
4.41:  82.7,18.5,261.9263
4.42:  82.7,18.5,261.899
4.44:  82.7,18.5,261.8653
4.46:  82.7,18.5,261.838
4.47:  82.7,18.5,261.8043
4.49:  82.7,18.5,261.7706
4.51:  82.7,18.5,261.737
4.52:  82.7,18.5,261.7033
4.54:  82.7,18.5,261.676
4.56:  82.7,18.5,261.6423
4.57:  82.7,18.5,261.6086
4.59:  82.7,18.5,261.575
4.61:  82.7,18.5,261.5413
4.62:  82.7,18.5,261.5076
4.64:  82.7,18.5,261.4803
4.66:  82.7,18.5,261.453
4.68:  82.7,18.5,261.4256
4.69:  82.7,18.5,261.3983
4.71:  82.7,18.5,261.3646
4.72:  82.7,18.5,261.3373
4.74:  82.7,18.5,261.3036
4.76:  82.7,18.5,261.27
4.77:  82.7,18.5,261.2426
4.79:  82.7,18.5,261.2153
4.81:  82.7,18.5,261.1816
4.82:  82.7,18.5,261.1479
4.84:  82.7,18.5,261.1206
4.86:  82.7,18.5,261.0869
4.87:  82.7,18.5,261.0596
4.89:  82.7,18.5,261.0259
4.91:  82.7,18.5,260.9923
4.92:  82.7,18.5,260.9649
4.94:  82.7,18.5,260.9376
4.96:  82.7,18.5,260.9103
4.97:  82.7,18.5,260.8829
4.99:  82.7,18.5,260.8556
5.01:  82.7,18.5,260.822
5.02:  82.7,18.5,260.7946
5.04:  82.7,18.5,260.7609
5.06:  82.7,18.5,260.7273
5.07:  82.7,18.5,260.6936
5.09:  82.7,18.5,260.6663
5.11:  82.7,18.5,260.6326
5.12:  82.7,18.5,260.6053
5.14:  82.7,18.5,260.5779
5.16:  82.7,18.5,260.5443
5.17:  82.7,18.5,260.5106
5.19:  82.7,18.5,260.4769
5.21:  82.7,18.5,260.4496
5.22:  82.7,18.5,260.4159
5.24:  82.7,18.5,260.3886
5.26:  82.7,18.5,260.3612
5.27:  82.7,18.5,260.3339
5.29:  82.7,18.5,260.3002
5.31:  82.7,18.5,260.2666
5.33:  82.7,18.5,260.2329
5.34:  82.7,18.5,260.1992
5.36:  82.7,18.5,260.1656
5.37:  82.7,18.5,260.1319
5.39:  82.7,18.5,260.0982
5.41:  82.7,18.5,260.0646
5.43:  82.7,18.5,260.0372
5.44:  82.7,18.5,260.0099
5.46:  82.7,18.5,259.9826
5.47:  82.7,18.5,259.9552
5.49:  82.7,18.5,259.9216
5.51:  82.7,18.5,259.8942
5.53:  82.7,18.5,259.8669
5.54:  82.7,18.5,259.8396
5.56:  82.7,18.5,259.8059
5.57:  82.7,18.5,259.7786
5.59:  82.7,18.5,259.7449
5.61:  82.7,18.5,259.7112
5.62:  82.7,18.5,259.6776
5.64:  82.7,18.5,259.6439
5.66:  82.7,18.5,259.6102
5.67:  82.7,18.5,259.5766
5.69:  82.7,18.5,259.5429
5.71:  82.7,18.5,259.5092
5.72:  82.7,18.5,259.4756
5.74:  82.7,18.5,259.4419
5.76:  82.7,18.5,259.4146
5.77:  82.7,18.5,259.3872
5.79:  82.7,18.5,259.3599
5.81:  82.7,18.5,259.3262
5.82:  82.7,18.5,259.2989
5.84:  82.7,18.5,259.2652
5.86:  82.7,18.5,259.2379
5.87:  82.7,18.5,259.2105
5.89:  82.7,18.5,259.1832
5.91:  82.7,18.5,259.1495
5.93:  82.7,18.5,259.1159
5.94:  82.7,18.5,259.0822
5.96:  82.7,18.5,259.0549
5.97:  82.7,18.5,259.0275
5.99:  82.7,18.5,259.0002
6.01:  82.7,18.5,258.9729
6.02:  82.7,18.5,258.9456
6.04:  82.7,18.5,258.9182
6.06:  82.7,18.5,258.8845
6.07:  82.7,18.5,258.8572
6.09:  82.7,18.5,258.8299
6.11:  82.7,18.5,258.8026
6.12:  82.7,18.5,258.7689
6.14:  82.7,18.5,258.7352
6.16:  82.7,18.5,258.7015
6.17:  82.7,18.5,258.6742
6.19:  82.7,18.5,258.6405
6.21:  82.7,18.5,258.6132
6.22:  82.7,18.5,258.5795
6.24:  82.7,18.5,258.5459
6.26:  82.7,18.5,258.5185
6.27:  82.7,18.5,258.4849
6.29:  82.7,18.5,258.4575
6.31:  82.7,18.5,258.4302
6.32:  82.7,18.5,258.4029
6.34:  82.7,18.5,258.3755
6.36:  82.7,18.5,258.3482
6.37:  82.7,18.5,258.3209
6.39:  82.7,18.5,258.2935
6.41:  82.7,18.5,258.2599
6.42:  82.7,18.5,258.2325
6.44:  82.7,18.5,258.1989
6.46:  82.7,18.5,258.1715
6.47:  82.7,18.5,258.1442
6.49:  82.7,18.5,258.1105
6.51:  82.7,18.5,258.0768
6.52:  82.7,18.5,258.0495
6.54:  82.7,18.5,258.0222
6.56:  82.7,18.5,257.9949
6.57:  82.7,18.5,257.9612
6.59:  82.7,18.5,257.9339
6.61:  82.7,18.5,257.9002
6.62:  82.7,18.5,257.8729
6.64:  82.7,18.5,257.8392
6.66:  82.7,18.5,257.8119
6.67:  82.7,18.5,257.7782
6.69:  82.7,18.5,257.7445
6.71:  82.7,18.5,257.7108
6.72:  82.7,18.5,257.6835
6.74:  82.7,18.5,257.6498
6.76:  82.7,18.5,257.6162
6.77:  82.7,18.5,257.5825
6.79:  82.7,18.5,257.5488
6.81:  82.7,18.5,257.5152
6.82:  82.7,18.5,257.4815
6.84:  82.7,18.5,257.4542
6.86:  82.7,18.5,257.4268
6.87:  82.7,18.5,257.3995
6.89:  82.7,18.5,257.3722
6.91:  82.7,18.5,257.3448
6.92:  82.7,18.5,257.3175
6.94:  82.7,18.5,257.2902
6.96:  82.7,18.5,257.2628
6.97:  82.7,18.5,257.2355
6.99:  82.7,18.5,257.2082
7.01:  82.7,18.5,257.1745
7.02:  82.7,18.5,257.1409
7.04:  82.7,18.5,257.1135
7.06:  82.7,18.5,257.0798
7.07:  82.7,18.5,257.0462
7.09:  82.7,18.5,257.0125
7.11:  82.7,18.5,256.9788
7.12:  82.7,18.5,256.9515
7.14:  82.7,18.5,256.9178
7.16:  82.7,18.5,256.8905
7.17:  82.7,18.5,256.8632
7.19:  82.7,18.5,256.8358
7.21:  82.7,18.5,256.8022
7.23:  82.7,18.5,256.7685
7.24:  82.7,18.5,256.7348
7.26:  82.7,18.5,256.7012
7.27:  82.7,18.5,256.6675
7.29:  82.7,18.5,256.6338
7.31:  82.7,18.5,256.6002
7.32:  82.7,18.5,256.5665
7.34:  82.7,18.5,256.5328
7.36:  82.7,18.5,256.4991
7.37:  82.7,18.5,256.4655
7.39:  82.7,18.5,256.4318
7.41:  82.7,18.5,256.4045
7.42:  82.7,18.5,256.3708
7.44:  82.7,18.5,256.3435
7.46:  82.7,18.5,256.3162
7.48:  82.7,18.5,256.2825
7.49:  82.7,18.5,256.2488
7.51:  82.7,18.5,256.2215
7.52:  82.7,18.5,256.1942
7.54:  82.7,18.5,256.1605
7.56:  82.7,18.5,256.1268
7.57:  82.7,18.5,256.0931
7.59:  82.7,18.5,256.0594
7.61:  82.7,18.5,256.0258
7.62:  82.7,18.5,255.9921
7.64:  82.7,18.5,255.9584
7.66:  82.7,18.5,255.9311
7.67:  82.7,18.5,255.9038
7.69:  82.7,18.5,255.8765
7.71:  82.7,18.5,255.8491
7.72:  82.7,18.5,255.8218
7.74:  82.7,18.5,255.7945
7.76:  82.7,18.5,255.7671
7.77:  82.7,18.5,255.7398
7.79:  82.7,18.5,255.7125
7.81:  82.7,18.5,255.6851
7.82:  82.7,18.5,255.6578
7.84:  82.7,18.5,255.6305
7.86:  82.7,18.5,255.6031
7.87:  82.7,18.5,255.5695
7.89:  82.7,18.5,255.5421
7.91:  82.7,18.5,255.5085
7.93:  82.7,18.5,255.4748
7.94:  82.7,18.5,255.4474
7.96:  82.7,18.5,255.4201
7.97:  82.7,18.5,255.3928
7.99:  82.7,18.5,255.3591
8.01:  82.7,18.5,255.3318
8.02:  82.7,18.5,255.3045
8.04:  82.7,18.5,255.2771
8.06:  82.7,18.5,255.2498
8.07:  82.7,18.5,255.2161
8.09:  82.7,18.5,255.1888
8.11:  82.7,18.5,255.1552
8.12:  82.7,18.5,255.1215
8.14:  82.7,18.5,255.0878
8.16:  82.7,18.5,255.0541
8.17:  82.7,18.5,255.0205
8.19:  82.7,18.5,254.9868
8.21:  82.7,18.5,254.9595
8.22:  82.7,18.5,254.9258
8.24:  82.7,18.5,254.8921
8.26:  82.7,18.5,254.8585
8.27:  82.7,18.5,254.8248
8.29:  82.7,18.5,254.7911
8.31:  82.7,18.5,254.7638
8.32:  82.7,18.5,254.7301
8.34:  82.7,18.5,254.6964
8.36:  82.7,18.5,254.6628
8.37:  82.7,18.5,254.6291
8.39:  82.7,18.5,254.6018
8.41:  82.7,18.5,254.5744
8.43:  82.7,18.5,254.5408
8.44:  82.7,18.5,254.5071
8.46:  82.7,18.5,254.4798
8.48:  82.7,18.5,254.4461
8.49:  82.7,18.5,254.4188
8.51:  82.7,18.5,254.3851
8.52:  82.7,18.5,254.3514
8.54:  82.7,18.5,254.3178
8.56:  82.7,18.5,254.2904
8.57:  82.7,18.5,254.2631
8.59:  82.7,18.5,254.2358
8.61:  82.7,18.5,254.2084
8.62:  82.7,18.5,254.1811
8.64:  82.7,18.5,254.1474
8.66:  82.7,18.5,254.1138
8.67:  82.7,18.5,254.0801
8.69:  82.7,18.5,254.0464
8.71:  82.7,18.5,254.0128
8.72:  82.7,18.5,253.9791
8.74:  82.7,18.5,253.9518
8.76:  82.7,18.5,253.9181
8.77:  82.7,18.5,253.8844
8.79:  82.7,18.5,253.8508
8.81:  82.7,18.5,253.8234
8.82:  82.7,18.5,253.7961
8.84:  82.7,18.5,253.7688
8.86:  82.7,18.5,253.7414
8.87:  82.7,18.5,253.7141
8.89:  82.7,18.5,253.6868
8.91:  82.7,18.5,253.6594
8.93:  82.7,18.5,253.6258
8.94:  82.7,18.5,253.5921
8.96:  82.7,18.5,253.5584
8.97:  82.7,18.5,253.5311
8.99:  82.7,18.5,253.4974
9.01:  82.7,18.5,253.4701
9.02:  82.7,18.5,253.4364
9.04:  82.7,18.5,253.4028
9.06:  82.7,18.5,253.3754
9.07:  82.7,18.5,253.3481
9.09:  82.7,18.5,253.3208
9.11:  82.7,18.5,253.2871
9.13:  82.7,18.5,253.2598
9.14:  82.7,18.5,253.2324
9.16:  82.7,18.5,253.2051
9.17:  82.7,18.5,253.1714
9.19:  82.7,18.5,253.1378
9.21:  82.7,18.5,253.1041
9.22:  82.7,18.5,253.0704
9.24:  82.7,18.5,253.0367
9.26:  82.7,18.5,253.0031
9.27:  82.7,18.5,252.9694
9.29:  82.7,18.5,252.9357
9.31:  82.7,18.5,252.9021
9.33:  82.7,18.5,252.8684
9.34:  82.7,18.5,252.8347
9.36:  82.7,18.5,252.8074
9.37:  82.7,18.5,252.7801
9.39:  82.7,18.5,252.7464
9.41:  82.7,18.5,252.7191
9.42:  82.7,18.5,252.6854
9.44:  82.7,18.5,252.6581
9.46:  82.7,18.5,252.6307
9.47:  82.7,18.5,252.597
9.49:  82.7,18.5,252.5634
9.51:  82.7,18.5,252.5297
9.52:  82.7,18.5,252.496
9.54:  82.7,18.5,252.4624
9.56:  82.7,18.5,252.435
9.57:  82.7,18.5,252.4014
9.59:  82.7,18.5,252.3677
9.61:  82.7,18.5,252.334
9.62:  82.7,18.5,252.3004
9.64:  82.7,18.5,252.273
9.66:  82.7,18.5,252.2457
9.67:  82.7,18.5,252.2184
9.69:  82.7,18.5,252.191
9.71:  82.7,18.5,252.1637
9.72:  82.7,18.5,252.1364
9.74:  82.7,18.5,252.109
9.76:  82.7,18.5,252.0754
9.77:  82.7,18.5,252.0417
9.79:  82.7,18.5,252.0144
9.81:  82.7,18.5,251.9807
9.82:  82.7,18.5,251.947
9.84:  82.7,18.5,251.9134
9.86:  82.7,18.5,251.8797
9.87:  82.7,18.5,251.8524
9.89:  82.7,18.5,251.825
9.91:  82.7,18.5,251.7977
9.92:  82.7,18.5,251.7704
9.94:  82.7,18.5,251.743
9.96:  82.7,18.5,251.7094
9.97:  82.7,18.5,251.6757
9.99:  82.7,18.5,251.6484
10.01:  82.7,18.5,251.621
10.02:  82.7,18.5,251.5937
10.04:  82.7,18.5,251.56
10.06:  82.7,18.5,251.5264
10.07:  82.7,18.5,251.4927
10.09:  82.7,18.5,251.459
10.11:  82.7,18.5,251.4317
10.12:  82.7,18.5,251.398
10.14:  82.7,18.5,251.3643
10.16:  82.7,18.5,251.337
10.17:  82.7,18.5,251.3033
10.19:  82.7,18.5,251.276
10.21:  82.7,18.5,251.2487
10.22:  82.7,18.5,251.2213
10.24:  82.7,18.5,251.194
10.26:  82.7,18.5,251.1667
10.28:  82.7,18.5,251.133
10.29:  82.7,18.5,251.1057
10.31:  82.7,18.5,251.072
10.33:  82.7,18.5,251.0447
10.34:  82.7,18.5,251.011
10.36:  82.7,18.5,250.9774
10.37:  82.7,18.5,250.9437
10.39:  82.7,18.5,250.91
10.41:  82.7,18.5,250.8763
10.42:  82.7,18.5,250.8427
10.44:  82.7,18.5,250.8153
10.46:  82.7,18.5,250.788
10.47:  82.7,18.5,250.7607
10.49:  82.7,18.5,250.7333
10.51:  82.7,18.5,250.706
10.52:  82.7,18.5,250.6787
10.54:  82.7,18.5,250.6514
10.56:  82.7,18.5,250.624
10.58:  82.7,18.5,250.5967
10.59:  82.7,18.5,250.5694
10.61:  82.7,18.5,250.5357
10.62:  82.7,18.5,250.502
10.64:  82.7,18.5,250.4684
10.66:  82.7,18.5,250.4347
10.67:  82.7,18.5,250.4073
10.69:  82.7,18.5,250.3737
10.71:  82.7,18.5,250.34
10.72:  82.7,18.5,250.3063
10.74:  82.7,18.5,250.279
10.76:  82.7,18.5,250.2517
10.77:  82.7,18.5,250.218
10.79:  82.7,18.5,250.1907
10.81:  82.7,18.5,250.1633
10.82:  82.7,18.5,250.1297
10.84:  82.7,18.5,250.1023
10.86:  82.7,18.5,250.0687
10.87:  82.7,18.5,250.0414
10.89:  82.7,18.5,250.014
10.91:  82.7,18.5,249.9803
10.92:  82.7,18.5,249.953
10.94:  82.7,18.5,249.9193
10.96:  82.7,18.5,249.892
10.98:  82.7,18.5,249.8647
10.99:  82.7,18.5,249.831
11.01:  82.7,18.5,249.7973
11.02:  82.7,18.5,249.7637
11.04:  82.7,18.5,249.7363
11.06:  82.7,18.5,249.709
11.07:  82.7,18.5,249.6817
11.09:  82.7,18.5,249.648
11.11:  82.7,18.5,249.6207
11.12:  82.7,18.5,249.587
11.14:  82.7,18.5,249.5533
11.16:  82.7,18.5,249.5197
11.17:  82.7,18.5,249.486
11.19:  82.7,18.5,249.4523
11.21:  82.7,18.5,249.4187
11.23:  82.7,18.5,249.385
11.24:  82.7,18.5,249.3577
11.26:  82.7,18.5,249.324
11.27:  82.7,18.5,249.2903
11.29:  82.7,18.5,249.2567
11.31:  82.7,18.5,249.223
11.32:  82.7,18.5,249.1956
11.34:  82.7,18.5,249.162
11.36:  82.7,18.5,249.1346
11.37:  82.7,18.5,249.1073
11.39:  82.7,18.5,249.08
11.41:  82.7,18.5,249.0463
11.42:  82.7,18.5,249.0127
11.44:  82.7,18.5,248.979
11.46:  82.7,18.5,248.9453
11.47:  82.7,18.5,248.9116
11.49:  82.7,18.5,248.878
11.51:  82.7,18.5,248.8443
11.52:  82.7,18.5,248.8106
11.54:  82.7,18.5,248.777
11.56:  82.7,18.5,248.7496
11.57:  82.7,18.5,248.716
11.59:  82.7,18.5,248.6823
11.61:  82.7,18.5,248.655
11.63:  82.7,18.5,248.6213
11.64:  82.7,18.5,248.594
11.66:  82.7,18.5,248.5666
11.67:  82.7,18.5,248.5393
11.69:  82.7,18.5,248.5056
11.71:  82.7,18.5,248.472
11.72:  82.7,18.5,248.4383
11.74:  82.7,18.5,248.4046
11.76:  82.7,18.5,248.3709
11.77:  82.7,18.5,248.3373
11.79:  82.7,18.5,248.3036
11.81:  82.7,18.5,248.2699
11.82:  82.7,18.5,248.2363
11.84:  82.7,18.5,248.2026
11.86:  82.7,18.5,248.1753
11.87:  82.7,18.5,248.1416
11.89:  82.7,18.5,248.1079
11.91:  82.7,18.5,248.0742
11.92:  82.7,18.5,248.0469
11.94:  82.7,18.5,248.0196
11.96:  82.7,18.5,247.9922
11.97:  82.7,18.5,247.9649
11.99:  82.7,18.5,247.9376
12.01:  82.7,18.5,247.9039
12.02:  82.7,18.5,247.8703
12.04:  82.7,18.5,247.8366
12.06:  82.7,18.5,247.8029
12.07:  82.7,18.5,247.7693
12.09:  82.7,18.5,247.7419
12.11:  82.7,18.5,247.7146
12.12:  82.7,18.5,247.6809
12.14:  82.7,18.5,247.6472
12.16:  82.7,18.5,247.6199
12.18:  82.7,18.5,247.5862
12.19:  82.7,18.5,247.5589
12.21:  82.7,18.5,247.5252
12.22:  82.7,18.5,247.4916
12.24:  82.7,18.5,247.4579
12.26:  82.7,18.5,247.4306
12.27:  82.7,18.5,247.3969
12.29:  82.7,18.5,247.3632
12.31:  82.7,18.5,247.3296
12.33:  82.7,18.5,247.2959
12.34:  82.7,18.5,247.2686
12.36:  82.7,18.5,247.2349
12.37:  82.7,18.5,247.2012
12.39:  82.7,18.5,247.1739
12.41:  82.7,18.5,247.1402
12.42:  82.7,18.5,247.1065
12.44:  82.7,18.5,247.0792
12.46:  82.7,18.5,247.0519
12.47:  82.7,18.5,247.0246
12.49:  82.7,18.5,246.9972
12.51:  82.7,18.5,246.9636
12.52:  82.7,18.5,246.9362
12.54:  82.7,18.5,246.9025
12.56:  82.7,18.5,246.8689
12.57:  82.7,18.5,246.8416
12.59:  82.7,18.5,246.8142
12.61:  82.7,18.5,246.7805
12.62:  82.7,18.5,246.7469
12.64:  82.7,18.5,246.7195
12.66:  82.7,18.5,246.6859
12.67:  82.7,18.5,246.6585
12.69:  82.7,18.5,246.6312
12.71:  82.7,18.5,246.6039
12.72:  82.7,18.5,246.5765
12.74:  82.7,18.5,246.5429
12.76:  82.7,18.5,246.5092
12.77:  82.7,18.5,246.4819
12.79:  82.7,18.5,246.4482
12.81:  82.7,18.5,246.4145
12.82:  82.7,18.5,246.3872
12.84:  82.7,18.5,246.3535
12.86:  82.7,18.5,246.3199
12.87:  82.7,18.5,246.2862
12.89:  82.7,18.5,246.2525
12.91:  82.7,18.5,246.2188
12.92:  82.7,18.5,246.1852
12.94:  82.7,18.5,246.1515
12.96:  82.7,18.5,246.1242
12.97:  82.7,18.5,246.0968
12.99:  82.7,18.5,246.0632
13.01:  82.7,18.5,246.0358
13.02:  82.7,18.5,246.0085
13.04:  82.7,18.5,245.9748
13.06:  82.7,18.5,245.9412
13.07:  82.7,18.5,245.9075
13.09:  82.7,18.5,245.8738
13.11:  82.7,18.5,245.8402
13.12:  82.7,18.5,245.8065
13.14:  82.7,18.5,245.7728
13.16:  82.7,18.5,245.7392
13.17:  82.7,18.5,245.7055
13.19:  82.7,18.5,245.6718
13.21:  82.7,18.5,245.6445
13.23:  82.7,18.5,245.6108
13.24:  82.7,18.5,245.5835
13.26:  82.7,18.5,245.5562
13.27:  82.7,18.5,245.5225
13.29:  82.7,18.5,245.4888
13.31:  82.7,18.5,245.4551
13.32:  82.7,18.5,245.4215
13.34:  82.7,18.5,245.3878
13.36:  82.7,18.5,245.3541
13.37:  82.7,18.5,245.3268
13.39:  82.7,18.5,245.2995
13.41:  82.7,18.5,245.2658
13.42:  82.7,18.5,245.2321
13.44:  82.7,18.5,245.1985
13.46:  82.7,18.5,245.1648
13.47:  82.7,18.5,245.1311
13.49:  82.7,18.5,245.0974
13.51:  82.7,18.5,245.0638
13.52:  82.7,18.5,245.0301
13.54:  82.7,18.5,245.0028
13.56:  82.7,18.5,244.9691
13.57:  82.7,18.5,244.9418
13.59:  82.7,18.5,244.9145
13.61:  82.7,18.5,244.8871
13.62:  82.7,18.5,244.8535
13.64:  82.7,18.5,244.8198
13.66:  82.7,18.5,244.7861
13.67:  82.7,18.5,244.7524
13.69:  82.7,18.5,244.7188
13.71:  82.7,18.5,244.6851
13.72:  82.7,18.5,244.6514
13.74:  82.7,18.5,244.6241
13.76:  82.7,18.5,244.5904
13.77:  82.7,18.5,244.5568
13.79:  82.7,18.5,244.5231
13.81:  82.7,18.5,244.4894
13.82:  82.7,18.5,244.4621
13.84:  82.7,18.5,244.4284
13.86:  82.7,18.5,244.3948
13.87:  82.7,18.5,244.3611
13.89:  82.7,18.5,244.3274
13.91:  82.7,18.5,244.3001
13.92:  82.7,18.5,244.2664
13.94:  82.7,18.5,244.2327
13.96:  82.7,18.5,244.1991
13.97:  82.7,18.5,244.1654
13.99:  82.7,18.5,244.1317
14.01:  82.7,18.5,244.0981
14.02:  82.7,18.5,244.0644
14.04:  82.7,18.5,244.0371
14.06:  82.7,18.5,244.0097
14.07:  82.7,18.5,243.9761
14.09:  82.7,18.5,243.9424
14.11:  82.7,18.5,243.9151
14.12:  82.7,18.5,243.8877
14.14:  82.7,18.5,243.854
14.16:  82.7,18.5,243.8204
14.17:  82.7,18.5,243.7867
14.19:  82.7,18.5,243.7531
14.21:  82.7,18.5,243.7194
14.22:  82.7,18.5,243.692
14.24:  82.7,18.5,243.6584
14.26:  82.7,18.5,243.6247
14.27:  82.7,18.5,243.591
14.29:  82.7,18.5,243.5574
14.31:  82.7,18.5,243.53
14.32:  82.7,18.5,243.5027
14.34:  82.7,18.5,243.469
14.36:  82.7,18.5,243.4417
14.37:  82.7,18.5,243.4144
14.39:  82.7,18.5,243.3871
14.41:  82.7,18.5,243.3597
14.42:  82.7,18.5,243.3324
14.44:  82.7,18.5,243.3051
14.46:  82.7,18.5,243.2777
14.47:  82.7,18.5,243.2504
14.49:  82.7,18.5,243.2231
14.51:  82.7,18.5,243.1894
14.52:  82.7,18.5,243.1557
14.54:  82.7,18.5,243.122
14.56:  82.7,18.5,243.0884
14.57:  82.7,18.5,243.0547
14.59:  82.7,18.5,243.021
14.61:  82.7,18.5,242.9874
14.62:  82.7,18.5,242.9537
14.64:  82.7,18.5,242.92
14.66:  82.7,18.5,242.8864
14.67:  82.7,18.5,242.8527
14.69:  82.7,18.5,242.8254
14.71:  82.7,18.5,242.7917
14.72:  82.7,18.5,242.7644
14.74:  82.7,18.5,242.7307
14.76:  82.7,18.5,242.7034
14.77:  82.7,18.5,242.6697
14.79:  82.7,18.5,242.636
14.81:  82.7,18.5,242.6024
14.82:  82.7,18.5,242.575
14.84:  82.7,18.5,242.5414
14.86:  82.7,18.5,242.514
14.87:  82.7,18.5,242.4803
14.89:  82.7,18.5,242.453
14.91:  82.7,18.5,242.4194
14.92:  82.7,18.5,242.392
14.94:  82.7,18.5,242.3584
14.96:  82.7,18.5,242.3247
14.97:  82.7,18.5,242.2974
14.99:  82.7,18.5,242.2637
15.01:  82.7,18.5,242.2364
15.02:  82.7,18.5,242.2027
15.04:  82.7,18.5,242.169
15.06:  82.7,18.5,242.1353
15.07:  82.7,18.5,242.1017
15.09:  82.7,18.5,242.068
15.11:  82.7,18.5,242.0343
15.12:  82.7,18.5,242.0007
15.14:  82.7,18.5,241.9733
15.16:  82.7,18.5,241.9397
15.17:  82.7,18.5,241.9123
15.19:  82.7,18.5,241.885
15.21:  82.7,18.5,241.8577
15.22:  82.7,18.5,241.824
15.24:  82.7,18.5,241.7967
15.26:  82.7,18.5,241.7693
15.27:  82.7,18.5,241.7357
15.29:  82.7,18.5,241.702
15.31:  82.7,18.5,241.6747
15.32:  82.7,18.5,241.6473
15.34:  82.7,18.5,241.6137
15.36:  82.7,18.5,241.58
15.38:  82.7,18.5,241.5463
15.39:  82.7,18.5,241.5126
15.41:  82.7,18.5,241.4853
15.43:  82.7,18.5,241.4517
15.44:  82.7,18.5,241.4243
15.46:  82.7,18.5,241.397
15.48:  82.7,18.5,241.3697
15.49:  82.7,18.5,241.3423
15.51:  82.7,18.5,241.315
15.52:  82.7,18.5,241.2813
15.54:  82.7,18.5,241.254
15.56:  82.7,18.5,241.2203
15.57:  82.7,18.5,241.193
15.59:  82.7,18.5,241.1593
15.61:  82.7,18.5,241.132
15.62:  82.7,18.5,241.0983
15.64:  82.7,18.5,241.0647
15.66:  82.7,18.5,241.031
15.67:  82.7,18.5,240.9973
15.69:  82.7,18.5,240.9636
15.71:  82.7,18.5,240.93
15.73:  82.7,18.5,240.8963
15.74:  82.7,18.5,240.869
15.76:  82.7,18.5,240.8416
15.77:  82.7,18.5,240.808
15.79:  82.7,18.5,240.7806
15.81:  82.7,18.5,240.7533
15.83:  82.7,18.5,240.7196
15.84:  82.7,18.5,240.686
15.86:  82.7,18.5,240.6586
15.87:  82.7,18.5,240.625
15.89:  82.7,18.5,240.5913
15.91:  82.7,18.5,240.5576
15.92:  82.7,18.5,240.524
15.94:  82.7,18.5,240.4903
15.96:  82.7,18.5,240.4566
15.98:  82.7,18.5,240.4229
15.99:  82.7,18.5,240.3893
16.01:  82.7,18.5,240.3556
16.02:  82.7,18.5,240.3219
16.04:  82.7,18.5,240.2883
16.06:  82.7,18.5,240.2546
16.07:  82.7,18.5,240.2273
16.09:  82.7,18.5,240.1936
16.11:  82.7,18.5,240.1599
16.12:  82.7,18.5,240.1263
16.14:  82.7,18.5,240.0926
16.16:  82.7,18.5,240.0589
16.17:  82.7,18.5,240.0253
16.19:  82.7,18.5,239.9916
16.21:  82.7,18.5,239.9579
16.22:  82.7,18.5,239.9306
16.24:  82.7,18.5,239.8969
16.26:  82.7,18.5,239.8633
16.27:  82.7,18.5,239.8296
16.29:  82.7,18.5,239.7959
16.31:  82.7,18.5,239.7686
16.32:  82.7,18.5,239.7412
16.34:  82.7,18.5,239.7076
16.36:  82.7,18.5,239.6802
16.37:  82.7,18.5,239.6529
16.39:  82.7,18.5,239.6192
16.41:  82.7,18.5,239.5856
16.42:  82.7,18.5,239.5519
16.44:  82.7,18.5,239.5182
16.46:  82.7,18.5,239.4846
16.47:  82.7,18.5,239.4509
16.49:  82.7,18.5,239.4172
16.51:  82.7,18.5,239.3835
16.52:  82.7,18.5,239.3562
16.54:  82.7,18.5,239.3289
16.56:  82.7,18.5,239.3015
16.57:  82.7,18.5,239.2679
16.59:  82.7,18.5,239.2405
16.61:  82.7,18.5,239.2132
16.62:  82.7,18.5,239.1795
16.64:  82.7,18.5,239.1522
16.66:  82.7,18.5,239.1249
16.68:  82.7,18.5,239.0912
16.69:  82.7,18.5,239.0575
16.71:  82.7,18.5,239.0239
16.72:  82.7,18.5,238.9902
16.74:  82.7,18.5,238.9565
16.76:  82.7,18.5,238.9229
16.77:  82.7,18.5,238.8955
16.79:  82.7,18.5,238.8618
16.81:  82.7,18.5,238.8282
16.82:  82.7,18.5,238.7945
16.84:  82.7,18.5,238.7608
16.86:  82.7,18.5,238.7335
16.87:  82.7,18.5,238.7062
16.89:  82.7,18.5,238.6788
16.91:  82.7,18.5,238.6452
16.92:  82.7,18.5,238.6179
16.94:  82.7,18.5,238.5905
16.96:  82.7,18.5,238.5632
16.97:  82.7,18.5,238.5359
16.99:  82.7,18.5,238.5085
17.01:  82.7,18.5,238.4748
17.02:  82.7,18.5,238.4475
17.04:  82.7,18.5,238.4202
17.06:  82.7,18.5,238.3929
17.07:  82.7,18.5,238.3655
17.09:  82.7,18.5,238.3382
17.11:  82.7,18.5,238.3109
17.12:  82.7,18.5,238.2835
17.14:  82.7,18.5,238.2562
17.16:  82.7,18.5,238.2225
17.17:  82.7,18.5,238.1888
17.19:  82.7,18.5,238.1552
17.21:  82.7,18.5,238.1215
17.22:  82.7,18.5,238.0942
17.24:  82.7,18.5,238.0605
17.26:  82.7,18.5,238.0332
17.27:  82.7,18.5,237.9995
17.29:  82.7,18.5,237.9658
17.31:  82.7,18.5,237.9322
17.32:  82.7,18.5,237.9048
17.34:  82.7,18.5,237.8712
17.36:  82.7,18.5,237.8438
17.37:  82.7,18.5,237.8102
17.39:  82.7,18.5,237.7765
17.41:  82.7,18.5,237.7492
17.42:  82.7,18.5,237.7218
17.44:  82.7,18.5,237.6882
17.46:  82.7,18.5,237.6545
17.47:  82.7,18.5,237.6208
17.49:  82.7,18.5,237.5871
17.51:  82.7,18.5,237.5598
17.52:  82.7,18.5,237.5261
17.54:  82.7,18.5,237.4925
17.56:  82.7,18.5,237.4651
17.58:  82.7,18.5,237.4378
17.59:  82.7,18.5,237.4105
17.61:  82.7,18.5,237.3831
17.62:  82.7,18.5,237.3558
17.64:  82.7,18.5,237.3221
17.66:  82.7,18.5,237.2885
17.68:  82.7,18.5,237.2548
17.69:  82.7,18.5,237.2211
17.71:  82.7,18.5,237.1875
17.72:  82.7,18.5,237.1538
17.74:  82.7,18.5,237.1264
17.76:  82.7,18.5,237.0991
17.77:  82.7,18.5,237.0655
17.79:  82.7,18.5,237.0318
17.81:  82.7,18.5,236.9981
17.82:  82.7,18.5,236.9644
17.84:  82.7,18.5,236.9308
17.86:  82.7,18.5,236.9034
17.88:  82.7,18.5,236.8698
17.89:  82.7,18.5,236.8424
17.91:  82.7,18.5,236.8151
17.92:  82.7,18.5,236.7878
17.94:  82.7,18.5,236.7604
17.96:  82.7,18.5,236.7268
17.97:  82.7,18.5,236.6994
17.99:  82.7,18.5,236.6658
18.01:  82.7,18.5,236.6321
18.02:  82.7,18.5,236.5984
18.04:  82.7,18.5,236.5648
18.06:  82.7,18.5,236.5311
18.07:  82.7,18.5,236.4974
18.09:  82.7,18.5,236.4637
18.11:  82.7,18.5,236.4364
18.12:  82.7,18.5,236.4091
18.14:  82.7,18.5,236.3818
18.16:  82.7,18.5,236.3544
18.17:  82.7,18.5,236.3271
18.19:  82.7,18.5,236.2934
18.21:  82.7,18.5,236.2661
18.22:  82.7,18.5,236.2387
18.24:  82.7,18.5,236.2051
18.26:  82.7,18.5,236.1777
18.28:  82.7,18.5,236.1441
18.29:  82.7,18.5,236.1104
18.31:  82.7,18.5,236.0767
18.32:  82.7,18.5,236.0431
18.34:  82.7,18.5,236.0094
18.36:  82.7,18.5,235.9757
18.37:  82.7,18.5,235.942
18.39:  82.7,18.5,235.9084
18.41:  82.7,18.5,235.8811
18.42:  82.7,18.5,235.8537
18.44:  82.7,18.5,235.8201
18.46:  82.7,18.5,235.7927
18.47:  82.7,18.5,235.7654
18.49:  82.7,18.5,235.7381
18.51:  82.7,18.5,235.7107
18.52:  82.7,18.5,235.6771
18.54:  82.7,18.5,235.6497
18.56:  82.7,18.5,235.6224
18.57:  82.7,18.5,235.5951
18.59:  82.7,18.5,235.5614
18.61:  82.7,18.5,235.5277
18.62:  82.7,18.5,235.494
18.64:  82.7,18.5,235.4604
18.66:  82.7,18.5,235.4331
18.67:  82.7,18.5,235.3994
18.69:  82.7,18.5,235.3657
18.71:  82.7,18.5,235.332
18.72:  82.7,18.5,235.2984
18.74:  82.7,18.5,235.271
18.76:  82.7,18.5,235.2437
18.77:  82.7,18.5,235.2164
18.79:  82.7,18.5,235.1891
18.81:  82.7,18.5,235.1617
18.82:  82.7,18.5,235.1281
18.84:  82.7,18.5,235.0944
18.86:  82.7,18.5,235.0607
18.88:  82.7,18.5,235.027
18.89:  82.7,18.5,234.9934
18.91:  82.7,18.5,234.9597
18.92:  82.7,18.5,234.9324
18.94:  82.7,18.5,234.905
18.96:  82.7,18.5,234.8777
18.97:  82.7,18.5,234.8504
18.99:  82.7,18.5,234.8167
19.01:  82.7,18.5,234.783
19.02:  82.7,18.5,234.7557
19.04:  82.7,18.5,234.722
19.06:  82.7,18.5,234.6884
19.07:  82.7,18.5,234.6547
19.09:  82.7,18.5,234.6273
19.11:  82.7,18.5,234.5937
19.12:  82.7,18.5,234.56
19.14:  82.7,18.5,234.5264
19.16:  82.7,18.5,234.4927
19.17:  82.7,18.5,234.459
19.19:  82.7,18.5,234.4317
19.21:  82.7,18.5,234.4044
19.22:  82.7,18.5,234.377
19.24:  82.7,18.5,234.3497
19.26:  82.7,18.5,234.316
19.27:  82.7,18.5,234.2887
19.29:  82.7,18.5,234.2613
19.31:  82.7,18.5,234.234
19.32:  82.7,18.5,234.2067
19.34:  82.7,18.5,234.173
19.36:  82.7,18.5,234.1393
19.37:  82.7,18.5,234.1057
19.39:  82.7,18.5,234.072
19.41:  82.7,18.5,234.0383
19.42:  82.7,18.5,234.011
19.44:  82.7,18.5,233.9773
19.46:  82.7,18.5,233.9436
19.47:  82.7,18.5,233.91
19.49:  82.7,18.5,233.8827
19.51:  82.7,18.5,233.849
19.52:  82.7,18.5,233.8153
19.54:  82.7,18.5,233.7816
19.56:  82.7,18.5,233.7543
19.57:  82.7,18.5,233.727
19.59:  82.7,18.5,233.6996
19.61:  82.7,18.5,233.666
19.62:  82.7,18.5,233.6386
19.64:  82.7,18.5,233.605
19.66:  82.7,18.5,233.5713
19.67:  82.7,18.5,233.5376
19.69:  82.7,18.5,233.504
19.71:  82.7,18.5,233.4703
19.72:  82.7,18.5,233.4366
19.74:  82.7,18.5,233.4093
19.76:  82.7,18.5,233.382
19.77:  82.7,18.5,233.3546
19.79:  82.7,18.5,233.321
19.81:  82.7,18.5,233.2936
19.82:  82.7,18.5,233.2599
