ParticipantNo: 12012
Controller type: Gamepad
Training Level:
0.04:  82.7,18.5,270
0.09:  82.7,18.5,270
0.11:  82.7,18.5,269.9536
0.13:  82.7,18.5,269.9073
0.15:  82.7,18.5,269.861
0.17:  82.7,18.5,269.8146
0.18:  82.7,18.5,269.7683
0.2:  82.7,18.5,269.7283
0.22:  82.7,18.5,269.6883
0.23:  82.7,18.5,269.6419
0.25:  82.7,18.5,269.5956
0.27:  82.7,18.5,269.5492
0.28:  82.7,18.5,269.5092
0.3:  82.7,18.5,269.4629
0.32:  82.7,18.5,269.4229
0.33:  82.7,18.5,269.3765
0.35:  82.7,18.5,269.3365
0.37:  82.7,18.5,269.2902
0.38:  82.7,18.5,269.2438
0.4:  82.7,18.5,269.2038
0.42:  82.7,18.5,269.1574
0.43:  82.7,18.5,269.1111
0.45:  82.7,18.5,269.0648
0.47:  82.7,18.5,269.0247
0.48:  82.7,18.5,268.9784
0.5:  82.7,18.5,268.9384
0.52:  82.7,18.5,268.8984
0.53:  82.7,18.5,268.8584
0.55:  82.7,18.5,268.812
0.57:  82.7,18.5,268.772
0.58:  82.7,18.5,268.732
0.6:  82.7,18.5,268.6857
0.62:  82.7,18.5,268.6393
0.63:  82.7,18.5,268.593
0.65:  82.7,18.5,268.5466
0.67:  82.7,18.5,268.5003
0.68:  82.7,18.5,268.454
0.7:  82.7,18.5,268.4076
0.72:  82.7,18.5,268.3613
0.73:  82.7,18.5,268.3149
0.75:  82.7,18.5,268.2686
0.77:  82.7,18.5,268.2222
0.78:  82.7,18.5,268.1759
0.8:  82.7,18.5,268.1295
0.82:  82.7,18.5,268.0895
0.83:  82.7,18.5,268.0432
0.85:  82.7,18.5,268.0032
0.87:  82.7,18.5,267.9632
0.88:  82.7,18.5,267.9232
0.9:  82.7,18.5,267.8768
0.92:  82.7,18.5,267.8304
0.93:  82.7,18.5,267.7841
0.95:  82.7,18.5,267.7378
0.97:  82.7,18.5,267.6914
0.98:  82.7,18.5,267.6451
1:  82.7,18.5,267.5987
1.02:  82.7,18.5,267.5587
1.03:  82.7,18.5,267.5124
1.05:  82.7,18.5,267.4724
1.07:  82.7,18.5,267.4324
1.08:  82.7,18.5,267.3923
1.1:  82.7,18.5,267.3524
1.12:  82.7,18.5,267.306
1.13:  82.7,18.5,267.2596
1.15:  82.7,18.5,267.2133
1.17:  82.7,18.5,267.167
1.18:  82.7,18.5,267.127
1.2:  82.7,18.5,267.0806
1.22:  82.7,18.5,267.0343
1.23:  82.7,18.5,266.9879
1.25:  82.7,18.5,266.9416
1.27:  82.7,18.5,266.8952
1.28:  82.7,18.5,266.8489
1.3:  82.7,18.5,266.8088
1.32:  82.7,18.5,266.7625
1.33:  82.7,18.5,266.7225
1.35:  82.7,18.5,266.6825
1.37:  82.7,18.5,266.6425
1.38:  82.7,18.5,266.5961
1.4:  82.7,18.5,266.5561
1.42:  82.7,18.5,266.5098
1.43:  82.7,18.5,266.4634
1.45:  82.7,18.5,266.4171
1.47:  82.7,18.5,266.3771
1.48:  82.7,18.5,266.3307
1.5:  82.7,18.5,266.2844
1.52:  82.7,18.5,266.2444
1.53:  82.7,18.5,266.198
1.55:  82.7,18.5,266.158
1.57:  82.7,18.5,266.118
1.58:  82.7,18.5,266.078
1.6:  82.7,18.5,266.038
1.62:  82.7,18.5,265.998
1.63:  82.7,18.5,265.958
1.65:  82.7,18.5,265.9117
1.67:  82.7,18.5,265.8653
1.68:  82.7,18.5,265.819
1.7:  82.7,18.5,265.7726
1.72:  82.7,18.5,265.7263
1.73:  82.7,18.5,265.6862
1.75:  82.7,18.5,265.6399
1.77:  82.7,18.5,265.5936
1.78:  82.7,18.5,265.5472
1.8:  82.7,18.5,265.5009
1.82:  82.7,18.5,265.4545
1.83:  82.7,18.5,265.4145
1.85:  82.7,18.5,265.3682
1.87:  82.7,18.5,265.3282
1.88:  82.7,18.5,265.2881
1.9:  82.7,18.5,265.2418
1.92:  82.7,18.5,265.2018
1.93:  82.7,18.5,265.1618
1.95:  82.7,18.5,265.1154
1.97:  82.7,18.5,265.0691
1.98:  82.7,18.5,265.0228
2:  82.7,18.5,264.9764
2.02:  82.7,18.5,264.9301
2.03:  82.7,18.5,264.8901
2.05:  82.7,18.5,264.85
2.07:  82.7,18.5,264.8101
2.08:  82.7,18.5,264.7701
2.1:  82.7,18.5,264.7237
2.12:  82.7,18.5,264.6837
2.13:  82.7,18.5,264.6373
2.15:  82.7,18.5,264.591
2.17:  82.7,18.5,264.551
2.18:  82.7,18.5,264.5046
2.2:  82.7,18.5,264.4646
2.22:  82.7,18.5,264.4183
2.23:  82.7,18.5,264.3783
2.25:  82.7,18.5,264.3319
2.27:  82.7,18.5,264.2856
2.28:  82.7,18.5,264.2329
2.3:  82.7,18.5,264.1866
2.32:  82.7,18.5,264.1402
2.33:  82.7,18.5,264.0939
2.35:  82.7,18.5,264.0475
2.37:  82.7,18.5,264.0012
2.38:  82.7,18.5,263.9548
2.4:  82.7,18.5,263.9148
2.42:  82.7,18.5,263.8748
2.43:  82.7,18.5,263.8285
2.45:  82.7,18.5,263.7821
2.47:  82.7,18.5,263.7421
2.48:  82.7,18.5,263.7021
2.5:  82.7,18.5,263.6558
2.52:  82.7,18.5,263.6158
2.53:  82.7,18.5,263.5694
2.55:  82.7,18.5,263.5231
2.57:  82.7,18.5,263.4767
2.58:  82.7,18.5,263.4367
2.6:  82.7,18.5,263.3904
2.62:  82.7,18.5,263.344
2.63:  82.7,18.5,263.2977
2.65:  82.7,18.5,263.2577
2.67:  82.7,18.5,263.2177
2.68:  82.7,18.5,263.1776
2.7:  82.7,18.5,263.1376
2.72:  82.7,18.5,263.0976
2.73:  82.7,18.5,263.0576
2.75:  82.7,18.5,263.0176
2.77:  82.7,18.5,262.9776
2.78:  82.7,18.5,262.9376
2.8:  82.7,18.5,262.8976
2.82:  82.7,18.5,262.8513
2.83:  82.7,18.5,262.8049
2.85:  82.7,18.5,262.7585
2.87:  82.7,18.5,262.7122
2.88:  82.7,18.5,262.6659
2.9:  82.7,18.5,262.6195
2.92:  82.7,18.5,262.5732
2.93:  82.7,18.5,262.5268
2.95:  82.7,18.5,262.4868
2.97:  82.7,18.5,262.4405
2.98:  82.7,18.5,262.3941
3:  82.7,18.5,262.3478
3.02:  82.7,18.5,262.3014
3.03:  82.7,18.5,262.2551
3.05:  82.7,18.5,262.2087
3.07:  82.7,18.5,262.1687
3.08:  82.7,18.5,262.1287
3.1:  82.7,18.5,262.0824
3.12:  82.7,18.5,262.036
3.13:  82.7,18.5,261.9833
3.15:  82.7,18.5,261.937
3.17:  82.7,18.5,261.8907
3.18:  82.7,18.5,261.8443
3.2:  82.7,18.5,261.798
3.22:  82.7,18.5,261.7516
3.23:  82.7,18.5,261.7053
3.25:  82.7,18.5,261.6589
3.27:  82.7,18.5,261.6189
3.28:  82.7,18.5,261.5726
3.3:  82.7,18.5,261.5326
3.32:  82.7,18.5,261.4926
3.33:  82.7,18.5,261.4462
3.35:  82.7,18.5,261.3999
3.37:  82.7,18.5,261.3535
3.38:  82.7,18.5,261.3072
3.4:  82.7,18.5,261.2608
3.42:  82.7,18.5,261.2145
3.43:  82.7,18.5,261.1682
3.45:  82.7,18.5,261.1218
3.47:  82.7,18.5,261.0755
3.48:  82.7,18.5,261.0291
3.5:  82.7,18.5,260.9891
3.52:  82.7,18.5,260.9427
3.53:  82.7,18.5,260.8964
3.55:  82.7,18.5,260.8564
3.57:  82.7,18.5,260.8164
3.58:  82.7,18.5,260.7701
3.6:  82.7,18.5,260.7237
3.62:  82.7,18.5,260.6837
3.63:  82.7,18.5,260.6437
3.65:  82.7,18.5,260.5974
3.67:  82.7,18.5,260.551
3.68:  82.7,18.5,260.511
3.7:  82.7,18.5,260.4647
3.72:  82.7,18.5,260.4183
3.73:  82.7,18.5,260.3719
3.75:  82.7,18.5,260.3256
3.77:  82.7,18.5,260.2793
3.78:  82.7,18.5,260.2329
3.8:  82.7,18.5,260.1866
3.82:  82.7,18.5,260.1465
3.83:  82.7,18.5,260.1002
3.85:  82.7,18.5,260.0539
3.87:  82.7,18.5,260.0139
3.88:  82.7,18.5,259.9675
3.9:  82.7,18.5,259.9212
3.92:  82.7,18.5,259.8748
3.93:  82.7,18.5,259.8285
3.95:  82.7,18.5,259.7821
3.97:  82.7,18.5,259.7358
3.98:  82.7,18.5,259.6895
4:  82.7,18.5,259.6431
4.02:  82.7,18.5,259.5967
4.03:  82.7,18.5,259.5504
4.05:  82.7,18.5,259.5104
4.07:  82.7,18.5,259.4641
4.08:  82.7,18.5,259.4241
4.1:  82.7,18.5,259.384
4.12:  82.7,18.5,259.3377
4.13:  82.7,18.5,259.2977
4.15:  82.7,18.5,259.2577
4.17:  82.7,18.5,259.2113
4.18:  82.7,18.5,259.1713
4.2:  82.7,18.5,259.125
4.22:  82.7,18.5,259.085
4.23:  82.7,18.5,259.0386
4.25:  82.7,18.5,258.986
4.27:  82.7,18.5,258.946
4.28:  82.7,18.5,258.8996
4.3:  82.7,18.5,258.8596
4.32:  82.7,18.5,258.8132
4.33:  82.7,18.5,258.7669
4.35:  82.7,18.5,258.7269
4.37:  82.7,18.5,258.6805
4.38:  82.7,18.5,258.6342
4.4:  82.7,18.5,258.5879
4.42:  82.7,18.5,258.5415
4.43:  82.7,18.5,258.4952
4.45:  82.7,18.5,258.4552
4.47:  82.7,18.5,258.4088
4.48:  82.7,18.5,258.3688
4.5:  82.7,18.5,258.3224
4.52:  82.7,18.5,258.2825
4.53:  82.7,18.5,258.2361
4.55:  82.7,18.5,258.1898
4.57:  82.7,18.5,258.1434
4.58:  82.7,18.5,258.0971
4.6:  82.7,18.5,258.0507
4.62:  82.7,18.5,258.0044
4.63:  82.7,18.5,257.958
4.65:  82.7,18.5,257.918
4.67:  82.7,18.5,257.878
4.68:  82.7,18.5,257.838
4.7:  82.7,18.5,257.7917
4.72:  82.7,18.5,257.7517
4.73:  82.7,18.5,257.7053
4.75:  82.7,18.5,257.659
4.77:  82.7,18.5,257.619
4.78:  82.7,18.5,257.579
4.8:  82.7,18.5,257.5326
4.82:  82.7,18.5,257.4863
4.83:  82.7,18.5,257.4399
4.85:  82.7,18.5,257.3936
4.87:  82.7,18.5,257.3472
4.88:  82.7,18.5,257.3009
4.9:  82.7,18.5,257.2545
4.92:  82.7,18.5,257.2145
4.93:  82.7,18.5,257.1745
4.95:  82.7,18.5,257.1345
4.97:  82.7,18.5,257.0945
4.98:  82.7,18.5,257.0545
5:  82.7,18.5,257.0145
5.02:  82.7,18.5,256.9681
5.03:  82.7,18.5,256.9218
5.05:  82.7,18.5,256.8755
5.07:  82.7,18.5,256.8291
5.08:  82.7,18.5,256.7828
5.1:  82.7,18.5,256.7364
5.12:  82.7,18.5,256.6901
5.13:  82.7,18.5,256.6437
5.15:  82.7,18.5,256.5974
5.17:  82.7,18.5,256.5511
5.18:  82.7,18.5,256.511
5.2:  82.7,18.5,256.4647
5.22:  82.7,18.5,256.4183
5.23:  82.7,18.5,256.3783
5.25:  82.7,18.5,256.332
5.27:  82.7,18.5,256.2856
5.28:  82.7,18.5,256.2393
5.3:  82.7,18.5,256.1993
5.32:  82.7,18.5,256.153
5.33:  82.7,18.5,256.1003
5.35:  82.7,18.5,256.0539
5.37:  82.7,18.5,256.0076
5.38:  82.7,18.5,255.9612
5.4:  82.7,18.5,255.9149
5.42:  82.7,18.5,255.8686
5.43:  82.7,18.5,255.8222
5.45:  82.7,18.5,255.7759
5.47:  82.7,18.5,255.7295
5.48:  82.7,18.5,255.6832
5.5:  82.7,18.5,255.6368
5.52:  82.7,18.5,255.5905
5.53:  82.7,18.5,255.5505
5.55:  82.7,18.5,255.5105
5.57:  82.7,18.5,255.4705
5.58:  82.7,18.5,255.4305
5.6:  82.7,18.5,255.3904
5.62:  82.7,18.5,255.3441
5.63:  82.7,18.5,255.2978
5.65:  82.7,18.5,255.2514
5.67:  82.7,18.5,255.2051
5.68:  82.7,18.5,255.1524
5.7:  82.7,18.5,255.106
5.72:  82.7,18.5,255.0597
5.73:  82.7,18.5,255.0134
5.75:  82.7,18.5,254.967
5.77:  82.7,18.5,254.9207
5.78:  82.7,18.5,254.8743
5.8:  82.7,18.5,254.8343
5.82:  82.7,18.5,254.7943
5.83:  82.7,18.5,254.748
5.85:  82.7,18.5,254.7016
5.87:  82.7,18.5,254.6616
5.88:  82.7,18.5,254.6152
5.9:  82.7,18.5,254.5689
5.92:  82.7,18.5,254.5226
5.93:  82.7,18.5,254.4762
5.95:  82.7,18.5,254.4299
5.97:  82.7,18.5,254.3899
5.98:  82.7,18.5,254.3435
6:  82.7,18.5,254.2972
6.02:  82.7,18.5,254.2508
6.03:  82.7,18.5,254.2108
6.05:  82.7,18.5,254.1645
6.07:  82.7,18.5,254.1245
6.08:  82.7,18.5,254.0844
6.1:  82.7,18.5,254.0381
6.12:  82.7,18.5,253.9981
6.13:  82.7,18.5,253.9581
6.15:  82.7,18.5,253.9117
6.17:  82.7,18.5,253.8654
6.18:  82.7,18.5,253.8191
6.2:  82.7,18.5,253.7727
6.22:  82.7,18.5,253.7264
6.23:  82.7,18.5,253.68
6.25:  82.7,18.5,253.64
6.27:  82.7,18.5,253.5937
6.28:  82.7,18.5,253.5537
6.3:  82.7,18.5,253.5137
6.32:  82.7,18.5,253.4673
6.33:  82.7,18.5,253.4273
6.35:  82.7,18.5,253.3873
6.37:  82.7,18.5,253.3473
6.38:  82.7,18.5,253.3073
6.4:  82.7,18.5,253.2673
6.42:  82.7,18.5,253.2209
6.43:  82.7,18.5,253.1682
6.45:  82.7,18.5,253.1156
6.47:  82.7,18.5,253.0692
6.48:  82.7,18.5,253.0229
6.5:  82.7,18.5,252.9765
6.52:  82.7,18.5,252.9302
6.53:  82.7,18.5,252.8838
6.55:  82.7,18.5,252.8375
6.57:  82.7,18.5,252.7848
6.58:  82.7,18.5,252.7448
6.6:  82.7,18.5,252.6984
6.62:  82.7,18.5,252.6584
6.63:  82.7,18.5,252.6184
6.65:  82.7,18.5,252.5721
6.67:  82.7,18.5,252.5257
6.68:  82.7,18.5,252.4794
6.7:  82.7,18.5,252.4394
6.72:  82.7,18.5,252.3994
6.73:  82.7,18.5,252.353
6.75:  82.7,18.5,252.3067
6.77:  82.7,18.5,252.2667
6.78:  82.7,18.5,252.214
6.8:  82.7,18.5,252.1676
6.82:  82.7,18.5,252.1213
6.83:  82.7,18.5,252.075
6.85:  82.7,18.5,252.0286
6.87:  82.7,18.5,251.9823
6.88:  82.7,18.5,251.9359
6.9:  82.7,18.5,251.8959
6.92:  82.7,18.5,251.8496
6.93:  82.7,18.5,251.8096
6.95:  82.7,18.5,251.7695
6.97:  82.7,18.5,251.7232
6.98:  82.7,18.5,251.6832
7:  82.7,18.5,251.6368
7.02:  82.7,18.5,251.5905
7.03:  82.7,18.5,251.5378
7.05:  82.7,18.5,251.4915
7.07:  82.7,18.5,251.4451
7.08:  82.7,18.5,251.3988
7.1:  82.7,18.5,251.3524
7.12:  82.7,18.5,251.3061
7.13:  82.7,18.5,251.2661
7.15:  82.7,18.5,251.2197
7.17:  82.7,18.5,251.1734
7.18:  82.7,18.5,251.127
7.2:  82.7,18.5,251.0807
7.22:  82.7,18.5,251.0407
7.23:  82.7,18.5,251.0007
7.25:  82.7,18.5,250.9607
7.27:  82.7,18.5,250.9143
7.28:  82.7,18.5,250.8743
7.3:  82.7,18.5,250.828
7.32:  82.7,18.5,250.7816
7.33:  82.7,18.5,250.7353
7.35:  82.7,18.5,250.6953
7.37:  82.7,18.5,250.6489
7.38:  82.7,18.5,250.6026
7.4:  82.7,18.5,250.5626
7.42:  82.7,18.5,250.5226
7.43:  82.7,18.5,250.4826
7.45:  82.7,18.5,250.4426
7.47:  82.7,18.5,250.3962
7.48:  82.7,18.5,250.3499
7.5:  82.7,18.5,250.3035
7.52:  82.7,18.5,250.2572
7.53:  82.7,18.5,250.2172
7.55:  82.7,18.5,250.1708
7.57:  82.7,18.5,250.1181
7.58:  82.7,18.5,250.0781
7.6:  82.7,18.5,250.0255
7.62:  82.7,18.5,249.9791
7.63:  82.7,18.5,249.9264
7.65:  82.7,18.5,249.8801
7.67:  82.7,18.5,249.8401
7.68:  82.7,18.5,249.7937
7.7:  82.7,18.5,249.7474
7.72:  82.7,18.5,249.701
7.73:  82.7,18.5,249.661
7.75:  82.7,18.5,249.621
7.77:  82.7,18.5,249.581
7.78:  82.7,18.5,249.5347
7.8:  82.69319,18.49745,249.4883
7.82:  82.65049,18.50529,249.442
7.83:  82.54428,18.53069,249.402
7.85:  82.3591,18.575,249.362
7.87:  82.11707,18.62319,249.3156
7.88:  81.87528,18.67115,249.2756
7.9:  81.63422,18.71746,249.2293
7.92:  81.38013,18.76606,249.1829
7.93:  81.14442,18.81094,249.1366
7.95:  80.90479,18.85637,249.0902
7.97:  80.66278,18.90336,249.0439
7.98:  80.41644,18.94965,248.9975
8:  80.17902,18.99538,248.9575
8.02:  79.93525,19.04776,248.9112
8.03:  79.68819,19.11002,248.8712
8.05:  79.45621,19.1683,248.8312
8.07:  79.22036,19.22739,248.7912
8.08:  78.98137,19.28705,248.7448
8.1:  78.73427,19.34703,248.6985
8.12:  78.49893,19.4074,248.6521
8.13:  78.26215,19.46794,248.6058
8.15:  78.02373,19.52664,248.5594
8.17:  77.78288,19.58573,248.5131
8.18:  77.5433,19.64431,248.4668
8.2:  77.30375,19.70879,248.4204
8.22:  77.06194,19.78453,248.3804
8.23:  76.81696,19.8631,248.3341
8.25:  76.58164,19.93836,248.2877
8.27:  76.34731,20.01116,248.2477
8.28:  76.10921,20.08493,248.2014
8.3:  75.87391,20.15764,248.1613
8.32:  75.62717,20.23371,248.1214
8.33:  75.39749,20.30442,248.1004
8.35:  75.15783,20.3801,248.0794
8.37:  74.91724,20.45599,248.0584
8.38:  74.67876,20.52915,248.0437
8.4:  74.44146,20.60383,248.0227
8.42:  74.19953,20.6799,248.0081
8.43:  73.96102,20.75282,247.9871
8.45:  73.72386,20.82364,247.9661
8.47:  73.48143,20.89794,247.9451
8.48:  73.24117,20.97113,247.9304
8.5:  73.00606,21.04268,247.9158
8.52:  72.76262,21.11873,247.9011
8.53:  72.52428,21.19312,247.8864
8.55:  72.28654,21.26368,247.8718
8.57:  72.04567,21.33872,247.8571
8.58:  71.80573,21.41142,247.8425
8.6:  71.56608,21.47879,247.8278
8.62:  71.31638,21.53242,247.8132
8.63:  71.06862,21.57652,247.7922
8.65:  70.82424,21.61451,247.7775
8.67:  70.57359,21.65341,247.7629
8.68:  70.31886,21.69156,247.7419
8.7:  70.07232,21.72631,247.7272
8.72:  69.8155,21.74995,247.7062
8.73:  69.55989,21.77227,247.6916
8.75:  69.30709,21.78343,247.6769
8.77:  69.05073,21.78469,247.6623
8.78:  68.79406,21.78816,247.6476
8.8:  68.53992,21.78608,247.6266
8.82:  68.27984,21.78066,247.6119
8.83:  68.02119,21.7752,247.5973
8.85:  67.76823,21.76977,247.5763
8.87:  67.50048,21.76157,247.5616
8.88:  67.24873,21.75601,247.5406
8.9:  66.99646,21.75035,247.5197
8.92:  66.72824,21.74422,247.4987
8.93:  66.47638,21.73838,247.4777
8.95:  66.2226,21.73244,247.463
8.97:  65.96329,21.72398,247.4484
8.98:  65.70963,21.71564,247.4337
9:  65.45307,21.70712,247.4127
9.02:  65.19391,21.69841,247.3917
9.03:  64.93636,21.68969,247.3771
9.05:  64.68333,21.68106,247.3624
9.07:  64.42649,21.67224,247.3477
9.08:  64.16924,21.66562,247.3331
9.1:  63.91032,21.65887,247.3121
9.12:  63.64512,21.65189,247.2975
9.13:  63.39079,21.64286,247.2828
9.15:  63.13658,21.63603,247.2681
9.17:  62.87951,21.62906,247.2535
9.18:  62.62283,21.61976,247.2388
9.2:  62.36964,21.61051,247.2242
9.22:  62.10938,21.60094,247.2095
9.23:  61.85526,21.59379,247.1949
9.25:  61.59091,21.5839,247.1739
9.27:  61.3363,21.57655,247.1529
9.28:  61.08101,21.56912,247.1382
9.3:  60.82611,21.56163,247.1236
9.32:  60.56618,21.55162,247.1089
9.33:  60.31004,21.54168,247.0942
9.35:  60.05702,21.5318,247.0796
9.37:  59.80005,21.5217,247.0649
9.38:  59.54012,21.51373,247.0503
9.4:  59.28504,21.50582,247.0293
9.42:  59.02318,21.49529,247.0146
9.43:  58.76948,21.48501,246.9936
9.45:  58.51407,21.47683,246.9726
9.47:  58.24902,21.46586,246.9453
9.48:  57.99368,21.45516,246.918
9.5:  57.7407,21.44668,246.8843
9.52:  57.48421,21.43566,246.857
9.53:  57.21545,21.42639,246.8297
9.55:  56.96853,21.41772,246.796
9.57:  56.70989,21.40939,246.7623
9.58:  56.46005,21.40345,246.735
9.6:  56.19894,21.39809,246.714
9.62:  55.95157,21.393,246.712
9.63:  55.69682,21.38776,246.712
9.65:  55.44364,21.38481,246.712
9.67:  55.1796,21.38406,246.712
9.68:  54.92967,21.38336,246.712
9.7:  54.67781,21.38265,246.712
9.72:  54.4186,21.38192,246.712
9.73:  54.16199,21.3812,246.712
9.75:  53.91049,21.38055,246.7267
9.77:  53.65346,21.37999,246.7477
9.78:  53.39465,21.37948,246.7623
9.8:  53.14132,21.37899,246.7623
9.82:  52.88342,21.37837,246.735
9.83:  52.63065,21.37753,246.6823
9.85:  52.37393,21.3764,246.6233
9.87:  52.11771,21.37502,246.5642
9.88:  51.86201,21.37435,246.5052
9.9:  51.60785,21.38011,246.4462
9.92:  51.34909,21.38797,246.3935
9.93:  51.09034,21.39556,246.3345
9.95:  50.8261,21.40307,246.2818
9.97:  50.57199,21.41,246.2165
9.98:  50.31669,21.41662,246.1384
10:  50.06144,21.42388,246.0477
10.02:  49.806,21.43071,245.9507
10.03:  49.54833,21.43596,245.8219
10.05:  49.29531,21.44156,245.6868
10.07:  49.03919,21.44652,245.5264
10.08:  48.78514,21.45049,245.3153
10.1:  48.53021,21.45329,245.0471
10.12:  48.27483,21.45448,244.6839
10.13:  48.01435,21.45253,244.2256
10.15:  47.75991,21.4482,243.6785
10.17:  47.49116,21.44064,243.0428
10.18:  47.23663,21.43048,242.369
10.2:  46.98701,21.4175,241.6761
10.22:  46.72795,21.40074,240.9516
10.23:  46.47327,21.38199,240.2081
10.25:  46.21815,21.35873,239.4456
10.27:  45.9636,21.33314,238.6767
10.28:  45.71118,21.3043,237.9016
10.3:  45.45749,21.27181,237.12
10.32:  45.19996,21.23417,236.3385
10.33:  44.9454,21.19338,235.5506
10.35:  44.6943,21.1496,234.7627
10.37:  44.44418,21.10349,233.9748
10.38:  44.18133,21.05018,233.1869
10.4:  43.93228,20.99715,232.3991
10.42:  43.68874,20.94179,231.6112
10.43:  43.44016,20.88167,230.8233
10.45:  43.19601,20.81906,230.0354
10.47:  42.94864,20.75199,229.2475
10.48:  42.70062,20.68106,228.4597
10.5:  42.45637,20.60757,227.6718
10.52:  42.21334,20.53078,226.8839
10.53:  41.97061,20.4504,226.096
10.55:  41.73103,20.36628,225.3082
10.57:  41.48687,20.27677,224.5203
10.58:  41.24805,20.1866,223.7324
10.6:  41.01164,20.09359,222.9445
10.62:  40.77236,19.99565,222.1566
10.63:  40.5374,19.89567,221.3688
10.65:  40.30642,19.79361,220.5809
10.67:  40.06682,19.68382,219.7994
10.68:  39.84093,19.57708,219.1256
10.7:  39.6138,19.46702,218.5658
10.72:  39.38171,19.35248,218.1519
10.73:  39.15221,19.23827,217.9598
10.75:  38.92463,19.12373,217.9388
10.77:  38.697,19.01034,217.9388
10.78:  38.46619,18.89557,217.9788
10.8:  38.23663,18.78815,218.1139
10.82:  37.99961,18.68443,218.325
10.83:  37.76509,18.58668,218.5868
10.85:  37.53096,18.49309,218.9437
10.87:  37.29094,18.40647,219.383
10.88:  37.05002,18.322,219.9047
10.9:  36.81141,18.24467,220.5088
10.92:  36.56157,18.1646,221.1699
10.93:  36.32522,18.09413,221.8627
10.95:  36.08406,18.02551,222.5809
10.97:  35.83915,17.96148,223.3434
10.98:  35.58942,17.90328,224.1123
11:  35.34508,17.85323,224.8875
11.02:  35.09522,17.80348,225.669
11.03:  34.84854,17.75783,226.4442
11.05:  34.60031,17.71742,227.2194
11.07:  34.35233,17.67844,227.9946
11.08:  34.10179,17.64599,228.7762
11.1:  33.84513,17.61462,229.4943
11.12:  33.59603,17.58688,230.1111
11.13:  33.34801,17.56064,230.5821
11.15:  33.10496,17.53596,230.8249
11.17:  32.84858,17.51225,230.8712
11.18:  32.59892,17.48576,230.8712
11.2:  32.35782,17.46345,230.8692
11.22:  32.10275,17.42374,230.8546
11.23:  31.85543,17.35487,230.8082
11.25:  31.62219,17.2546,230.7175
11.27:  31.41538,17.10937,230.4367
11.28:  31.2231,16.9479,229.9784
11.3:  31.03554,16.78685,229.3489
11.32:  30.84629,16.61978,228.5611
11.33:  30.69282,16.42167,227.7732
11.35:  30.57064,16.21013,226.9853
11.37:  30.4928,15.97558,226.1974
11.38:  30.45619,15.73182,225.4095
11.4:  30.45608,15.48887,224.6217
11.42:  30.48543,15.24838,223.8338
11.43:  30.54198,15.00849,223.0459
11.45:  30.63805,14.78489,222.258
11.47:  30.75749,14.5788,221.4702
11.48:  30.90538,14.38326,220.6823
11.5:  31.07121,14.19997,219.8944
11.52:  31.25513,14.02738,219.2523
11.53:  31.44965,13.87095,218.8067
11.55:  31.64306,13.71749,218.4308
11.57:  31.84004,13.56251,218.1943
11.58:  32.03843,13.40732,218.0338
11.6:  32.23989,13.25021,217.9495
11.62:  32.43657,13.10311,217.9158
11.63:  32.64767,12.96673,217.9075
11.65:  32.88141,12.85135,217.9055
11.67:  33.1137,12.7724,217.9055
11.68:  33.36543,12.72079,217.9055
11.7:  33.6158,12.68822,217.9055
11.72:  33.87158,12.66041,217.9202
11.73:  34.13327,12.63826,217.9285
11.75:  34.38783,12.61801,217.9368
11.77:  34.64719,12.59738,217.9368
11.78:  34.90482,12.57692,217.9285
11.8:  35.16825,12.55607,217.9138
11.82:  35.4244,12.5359,217.8928
11.83:  35.68053,12.51578,217.8782
11.85:  35.93375,12.49597,217.8635
11.87:  36.18991,12.47399,217.8362
11.88:  36.44839,12.45222,217.7455
11.9:  36.69454,12.4153,217.5851
11.92:  36.94228,12.36371,217.3232
11.93:  37.18362,12.28944,216.9473
11.95:  37.42508,12.21315,216.489
11.97:  37.66389,12.11898,215.9546
11.98:  37.89539,12.01513,215.3632
12:  38.12093,11.90912,214.7274
12.02:  38.34591,11.79008,214.041
12.03:  38.56692,11.67127,213.3038
12.05:  38.77994,11.54406,212.5286
12.07:  38.99373,11.41181,211.7407
12.08:  39.20803,11.28328,210.9528
12.1:  39.4292,11.15474,210.165
12.12:  39.64444,11.03357,209.3771
12.13:  39.86327,10.91431,208.5892
12.15:  40.08121,10.7994,207.8013
12.17:  40.31075,10.68238,207.0134
12.18:  40.53049,10.57413,206.2256
12.2:  40.75562,10.46705,205.4377
12.22:  40.98272,10.36283,204.6498
12.23:  41.2114,10.26168,203.8619
12.25:  41.43917,10.16465,203.0741
12.27:  41.67119,10.06956,202.2862
12.28:  41.89666,9.956944,201.4983
12.3:  42.10798,9.824789,200.7104
12.32:  42.30761,9.673771,199.9225
12.33:  42.48765,9.504886,199.1473
12.35:  42.64381,9.314878,198.4609
12.37:  42.76925,9.103873,197.9202
12.38:  42.87172,8.880136,197.5506
12.4:  42.94738,8.650452,197.3711
12.42:  43.00796,8.403106,197.2994
12.43:  43.04587,8.150792,197.2594
12.45:  43.06202,7.897842,197.2258
12.47:  43.04314,7.651095,197.2048
12.48:  42.99263,7.404557,197.1774
12.5:  42.9198,7.168552,197.1501
12.52:  42.8454,6.927168,197.1291
12.53:  42.77269,6.690918,197.1081
12.55:  42.69907,6.451418,197.0871
12.57:  42.62568,6.212357,197.0661
12.58:  42.55195,5.971792,197.0388
12.6:  42.46961,5.736019,197.0051
12.62:  42.37437,5.493785,196.9778
12.63:  42.28124,5.26942,196.9441
12.65:  42.18618,5.040042,196.9105
12.67:  42.08985,4.807271,196.8831
12.68:  41.99303,4.572941,196.8495
12.7:  41.89514,4.33562,196.8158
12.72:  41.80033,4.105379,196.7821
12.73:  41.70399,3.871122,196.7548
12.75:  41.61142,3.645621,196.7211
12.77:  41.52549,3.410229,196.6874
12.78:  41.45343,3.16935,196.6538
12.8:  41.38227,2.930958,196.6201
12.82:  41.31067,2.690532,196.5864
12.83:  41.23916,2.449948,196.5528
12.85:  41.16849,2.211671,196.5191
12.87:  41.09788,1.973075,196.4854
12.88:  41.02646,1.731204,196.4518
12.9:  40.95633,1.493206,196.4181
12.92:  40.88525,1.251452,196.3844
12.93:  40.81539,1.013343,196.3507
12.95:  40.74545,0.7744025,196.3171
12.97:  40.67533,0.534393,196.2834
12.98:  40.60466,0.2919214,196.2497
13:  40.53563,0.05467185,196.2224
13.02:  40.46592,-0.1854475,196.1887
13.03:  40.39509,-0.4298731,196.1614
13.05:  40.3262,-0.6681126,196.1277
13.07:  40.25724,-0.9070436,196.1004
13.08:  40.18764,-1.148797,196.0604
13.1:  40.11917,-1.387052,196.0331
13.12:  40.04956,-1.62972,196.0057
13.13:  39.98074,-1.870188,195.9721
13.15:  39.91267,-2.108423,195.9447
13.17:  39.84202,-2.356253,195.9111
13.18:  39.77362,-2.596726,195.8774
13.2:  39.70655,-2.833066,195.8437
13.22:  39.63866,-3.072715,195.8164
13.23:  39.5704,-3.314143,195.789
13.25:  39.5025,-3.554705,195.7617
13.27:  39.43336,-3.800225,195.728
13.28:  39.36556,-4.041398,195.7007
13.3:  39.29945,-4.277134,195.6671
13.32:  39.23164,-4.519452,195.6334
13.33:  39.16491,-4.758342,195.606
13.35:  39.09781,-4.999231,195.566
13.37:  39.03168,-5.237339,195.5197
13.38:  38.96441,-5.480382,195.4733
13.4:  38.89862,-5.718671,195.4333
13.42:  38.83225,-5.959729,195.3933
13.43:  38.76328,-6.211063,195.347
13.45:  38.69844,-6.448137,195.2943
13.47:  38.63413,-6.684268,195.2353
13.48:  38.56826,-6.927115,195.1763
13.5:  38.50378,-7.165699,195.1236
13.52:  38.43802,-7.410013,195.0645
13.53:  38.37345,-7.650898,195.0055
13.55:  38.30947,-7.890029,194.9782
13.57:  38.24005,-8.130521,194.9782
13.58:  38.15799,-8.369419,195.0309
13.6:  38.06936,-8.601925,195.2674
13.62:  37.96305,-8.834034,195.694
13.63:  37.83972,-9.066593,196.3044
13.65:  37.70609,-9.286446,196.9909
13.67:  37.5681,-9.493325,197.6837
13.68:  37.4143,-9.705402,198.3702
13.7:  37.2595,-9.908369,199.0693
13.72:  37.09057,-10.10785,199.7685
13.73:  36.91927,-10.29432,200.4613
13.75:  36.74649,-10.47786,201.1604
13.77:  36.56329,-10.65654,201.8659
13.78:  36.37782,-10.83303,202.5714
13.8:  36.19276,-11.00487,203.2705
13.82:  35.99788,-11.17531,203.976
13.83:  35.80491,-11.33996,204.6752
13.85:  35.60852,-11.50209,205.3743
13.87:  35.40893,-11.65994,206.0798
13.88:  35.20658,-11.81878,206.7853
13.9:  35.00449,-11.9707,207.4844
13.92:  34.79633,-12.12321,208.1899
13.93:  34.58775,-12.27212,208.8954
13.95:  34.37492,-12.41089,209.5946
13.97:  34.15565,-12.53993,210.2557
13.98:  33.93024,-12.6656,210.8408
14:  33.70389,-12.78067,211.3371
14.02:  33.46897,-12.89174,211.7637
14.03:  33.23611,-12.99503,212.0826
14.05:  33.0066,-13.09073,212.281
14.07:  32.77456,-13.18361,212.321
14.08:  32.54436,-13.27636,212.321
14.1:  32.31168,-13.36638,212.3191
14.12:  32.07196,-13.44701,212.3171
14.13:  31.83372,-13.52919,212.3088
14.15:  31.59966,-13.61002,212.2878
14.17:  31.36016,-13.69083,212.2604
14.18:  31.11907,-13.77231,212.2331
14.2:  30.88124,-13.85281,212.2058
14.22:  30.64003,-13.93459,212.1785
14.23:  30.40233,-14.01731,212.1511
14.25:  30.16669,-14.09748,212.1174
14.27:  29.92672,-14.17928,212.0838
14.28:  29.68784,-14.26289,212.0501
14.3:  29.45094,-14.34395,212.0164
14.32:  29.20894,-14.42323,211.9828
14.33:  28.9701,-14.49998,211.9491
14.35:  28.7334,-14.5762,211.9154
14.37:  28.49265,-14.64829,211.8818
14.38:  28.24713,-14.72,211.8544
14.4:  28.0066,-14.79038,211.8271
14.42:  27.75974,-14.85906,211.8061
14.43:  27.51645,-14.92681,211.7914
14.45:  27.27464,-14.99777,211.7831
14.47:  27.02959,-15.06781,211.7748
14.48:  26.78331,-15.13648,211.7728
14.5:  26.54378,-15.20513,211.7708
14.52:  26.29902,-15.27705,211.7625
14.53:  26.05436,-15.34533,211.7605
14.55:  25.81594,-15.41372,211.7586
14.57:  25.57187,-15.48546,211.7566
14.58:  25.32691,-15.55747,211.7546
14.6:  25.07715,-15.6272,211.7526
14.62:  24.83601,-15.69814,211.7443
14.63:  24.59237,-15.76622,211.7423
14.65:  24.35312,-15.83661,211.7403
14.67:  24.11109,-15.90787,211.732
14.68:  23.86796,-15.97774,211.73
14.7:  23.62636,-16.04891,211.7217
14.72:  23.38175,-16.12098,211.7197
14.73:  23.13845,-16.1927,211.7114
14.75:  22.89654,-16.26215,211.7094
14.77:  22.6526,-16.33047,211.7075
14.78:  22.40902,-16.40058,211.7055
14.8:  22.16374,-16.46929,211.7035
14.82:  21.92356,-16.54017,211.6952
14.83:  21.67562,-16.61142,211.6932
14.85:  21.43413,-16.67913,211.6912
14.87:  21.19055,-16.75104,211.6892
14.88:  20.94542,-16.82341,211.6873
14.9:  20.70522,-16.89078,211.6853
14.92:  20.4583,-16.96005,211.6833
14.93:  20.21492,-17.03193,211.6813
14.95:  19.97144,-17.10199,211.673
14.97:  19.72749,-17.17223,211.6647
14.98:  19.48215,-17.24291,211.6564
15:  19.23821,-17.31511,211.6481
15.02:  18.99363,-17.38751,211.6461
15.03:  18.75139,-17.45926,211.6378
15.05:  18.50928,-17.53101,211.6294
15.07:  18.26766,-17.60265,211.6211
15.08:  18.02327,-17.67882,211.6065
15.1:  17.78187,-17.75413,211.5918
15.12:  17.53784,-17.83033,211.5772
15.13:  17.28701,-17.90873,211.5625
15.15:  17.05274,-17.98201,211.5478
15.17:  16.81255,-18.0589,211.5268
15.18:  16.56946,-18.13883,211.4995
15.2:  16.33123,-18.22085,211.4785
15.22:  16.08247,-18.31039,211.4575
15.23:  15.85356,-18.40197,211.4365
15.25:  15.62056,-18.50051,211.4092
15.27:  15.38766,-18.6125,211.3882
15.28:  15.16428,-18.73057,211.3672
15.3:  14.93499,-18.85863,211.3399
15.32:  14.71859,-18.99833,211.3189
15.33:  14.51058,-19.15112,211.2915
15.35:  14.31485,-19.31913,211.2642
15.37:  14.12482,-19.49563,211.2432
15.38:  13.93248,-19.6744,211.2222
15.4:  13.74389,-19.85972,211.2012
15.42:  13.57571,-20.04471,211.1802
15.43:  13.41223,-20.2353,211.1592
15.45:  13.25854,-20.43309,211.1382
15.47:  13.1025,-20.64236,211.1109
15.48:  12.95566,-20.83949,211.0836
15.5:  12.81007,-21.03915,211.0563
15.52:  12.65589,-21.24654,211.0289
15.53:  12.50819,-21.4495,211.0016
15.55:  12.36523,-21.6461,210.9806
15.57:  12.21777,-21.8491,210.9533
15.58:  12.06858,-22.05048,210.9323
15.6:  11.91638,-22.26033,210.9113
15.62:  11.77037,-22.45777,210.884
15.63:  11.62068,-22.66035,210.863
15.65:  11.47345,-22.85979,210.8356
15.67:  11.32684,-23.06264,210.8146
15.68:  11.18026,-23.26982,210.7936
15.7:  11.03678,-23.4728,210.7726
15.72:  10.89177,-23.68244,210.7453
15.73:  10.75412,-23.89021,210.718
15.75:  10.62679,-24.10003,210.6906
15.77:  10.49904,-24.31549,210.6633
15.78:  10.3703,-24.53282,210.6423
15.8:  10.24381,-24.74651,210.6213
15.82:  10.11521,-24.96397,210.6003
15.83:  9.983835,-25.18635,210.573
15.85:  9.862284,-25.39227,210.552
15.87:  9.735415,-25.60739,210.531
15.88:  9.607069,-25.82519,210.51
15.9:  9.481378,-26.03872,210.4827
15.92:  9.35152,-26.25957,210.4554
15.93:  9.225391,-26.47431,210.428
15.95:  9.100782,-26.68669,210.4007
15.97:  8.975562,-26.90035,210.3734
15.98:  8.848137,-27.11807,210.3397
16:  8.730888,-27.33814,210.2934
16.02:  8.619279,-27.56382,210.2407
16.03:  8.516575,-27.79414,210.188
16.05:  8.41756,-28.02281,210.1226
16.07:  8.32265,-28.25497,210.0509
16.08:  8.226297,-28.49165,209.9665
16.1:  8.131171,-28.73294,209.8822
16.12:  8.040036,-28.96548,209.7661
16.13:  7.94658,-29.1988,209.6437
16.15:  7.855967,-29.43312,209.5086
16.17:  7.766761,-29.66557,209.3609
16.18:  7.673939,-29.90252,209.2068
16.2:  7.585399,-30.13708,209.0464
16.22:  7.494792,-30.37225,208.8859
16.23:  7.406726,-30.60972,208.7128
16.25:  7.317467,-30.84556,208.5461
16.27:  7.229557,-31.08005,208.3666
16.28:  7.14029,-31.3206,208.1745
16.3:  7.053675,-31.55651,207.976
16.32:  6.967463,-31.79419,207.7522
16.33:  6.882287,-32.03241,207.4904
16.35:  6.799426,-32.26844,207.1588
16.37:  6.717239,-32.5074,206.7956
16.38:  6.636425,-32.74774,206.4007
16.4:  6.558221,-32.98599,205.9867
16.42:  6.480923,-33.22773,205.5474
16.43:  6.403269,-33.47745,205.0891
16.45:  6.333659,-33.70779,204.6308
16.47:  6.262088,-33.95164,204.1725
16.48:  6.192831,-34.19489,203.7079
16.5:  6.125923,-34.43723,203.2496
16.52:  6.060269,-34.68266,202.7913
16.53:  5.994626,-34.92646,202.3329
16.55:  5.934237,-35.1676,201.8746
16.57:  5.872089,-35.41405,201.4163
16.58:  5.809716,-35.65968,200.958
16.6:  5.748104,-35.90073,200.4934
16.62:  5.687443,-36.14621,200.0351
16.63:  5.629658,-36.38836,199.5768
16.65:  5.572894,-36.63496,199.1184
16.67:  5.51646,-36.87822,198.6601
16.68:  5.463758,-37.12518,198.2018
16.7:  5.413239,-37.37154,197.7435
16.72:  5.362094,-37.61882,197.2852
16.73:  5.311213,-37.8627,196.8269
16.75:  5.259637,-38.10778,196.3686
16.77:  5.209992,-38.35343,195.9103
16.78:  5.157094,-38.60048,195.452
16.8:  5.106843,-38.84469,194.9937
16.82:  5.058126,-39.09158,194.529
16.83:  5.009125,-39.3376,194.0707
16.85:  4.961082,-39.58931,193.6124
16.87:  4.916473,-39.83362,193.1541
16.88:  4.873661,-40.07919,192.6958
16.9:  4.833527,-40.3208,192.2375
16.92:  4.793698,-40.57378,191.7538
16.93:  4.757026,-40.82306,191.1751
16.95:  4.723466,-41.07144,190.5013
16.97:  4.694207,-41.31209,189.7388
16.98:  4.667181,-41.56313,188.9509
17:  4.643721,-41.81334,188.163
17.02:  4.623726,-42.06355,187.3751
17.03:  4.607312,-42.31193,186.5872
17.05:  4.594344,-42.55996,185.7994
17.07:  4.58475,-42.8091,185.0115
17.08:  4.578498,-43.0618,184.2236
17.1:  4.575762,-43.31092,183.4357
17.12:  4.576452,-43.56043,182.6479
17.13:  4.580636,-43.81371,181.86
17.15:  4.588386,-44.06968,181.0721
17.17:  4.599301,-44.31746,180.2842
17.18:  4.613604,-44.56478,179.4964
17.2:  4.631296,-44.81171,178.7085
17.22:  4.652632,-45.06131,177.9206
17.23:  4.677189,-45.3085,177.1327
17.25:  4.706411,-45.56652,176.3448
17.27:  4.73756,-45.81139,175.5569
17.28:  4.772426,-46.05831,174.7691
17.3:  4.810481,-46.30341,173.9812
17.32:  4.851664,-46.54656,173.1933
17.33:  4.8977,-46.79737,172.4054
17.35:  4.947562,-47.04945,171.6176
17.37:  4.998579,-47.28994,170.8297
17.38:  5.053432,-47.53208,170.0418
17.4:  5.111416,-47.77263,169.2539
17.42:  5.172947,-48.01331,168.466
17.43:  5.239284,-48.25869,167.6782
17.45:  5.307295,-48.49719,166.8903
17.47:  5.37893,-48.7359,166.1024
17.48:  5.454949,-48.97712,165.3145
17.5:  5.532855,-49.21297,164.5267
17.52:  5.617375,-49.4575,163.7388
17.53:  5.70168,-49.69095,162.9509
17.55:  5.788179,-49.92055,162.163
17.57:  5.879136,-50.15228,161.3751
17.58:  5.974698,-50.38622,160.5872
17.6:  6.072062,-50.61552,159.7994
17.62:  6.176754,-50.85294,159.0115
17.63:  6.27948,-51.07749,158.2236
17.65:  6.384857,-51.29971,157.4357
17.67:  6.494659,-51.52327,156.6479
17.68:  6.608788,-51.74778,155.86
17.7:  6.724181,-51.96725,155.0721
17.72:  6.846792,-52.1877,154.2842
17.73:  6.971747,-52.40526,153.4964
17.75:  7.098163,-52.61853,152.7085
17.77:  7.228356,-52.83144,151.9206
17.78:  7.363199,-53.04528,151.1327
17.8:  7.499212,-53.25455,150.3448
17.82:  7.643813,-53.46162,149.5569
17.83:  7.789995,-53.66494,148.7691
17.85:  7.94249,-53.86282,147.9812
17.87:  8.099832,-54.05739,147.1933
17.88:  8.262632,-54.25314,146.4054
17.9:  8.432294,-54.44768,145.6175
17.92:  8.600481,-54.63165,144.8297
17.93:  8.776454,-54.81532,144.0418
17.95:  8.953398,-54.98495,143.2539
17.97:  9.142764,-55.15495,142.466
17.98:  9.339744,-55.3205,141.6781
18:  9.534917,-55.48,140.8903
18.02:  9.741384,-55.63783,140.1024
18.03:  9.952621,-55.78581,139.3145
18.05:  10.16437,-55.92628,138.5266
18.07:  10.37933,-56.06467,137.7388
18.08:  10.59874,-56.20169,136.9509
18.1:  10.81587,-56.33317,136.163
18.12:  11.04095,-56.46451,135.3751
18.13:  11.25822,-56.58733,134.5872
18.15:  11.47913,-56.70822,133.7993
18.17:  11.70257,-56.82653,133.0115
18.18:  11.93959,-56.94864,132.2236
18.2:  12.1589,-57.05716,131.4357
18.22:  12.39195,-57.16922,130.6478
18.23:  12.62648,-57.27544,129.86
18.25:  12.85854,-57.37927,129.0721
18.27:  13.09167,-57.47651,128.2842
18.28:  13.32856,-57.57409,127.4963
18.3:  13.56617,-57.66885,126.7084
18.32:  13.80616,-57.76084,125.9396
18.33:  14.04719,-57.84966,125.1961
18.35:  14.28582,-57.93413,124.4589
18.37:  14.52729,-58.01865,123.728
18.38:  14.76925,-58.10811,122.9972
18.4:  15.0066,-58.19748,122.2664
18.42:  15.2467,-58.28443,121.5419
18.43:  15.49047,-58.36921,120.811
18.45:  15.73003,-58.45184,120.1246
18.47:  15.97157,-58.53223,119.5015
18.48:  16.2147,-58.61063,118.9671
18.5:  16.46339,-58.69117,118.4961
18.52:  16.69403,-58.7763,118.0758
18.53:  16.92545,-58.86752,117.6682
18.55:  17.15664,-58.96744,117.2987
18.57:  17.38223,-59.07124,116.9544
18.58:  17.61338,-59.17342,116.6546
18.6:  17.83983,-59.27503,116.4118
18.62:  18.07046,-59.38012,116.1816
18.63:  18.29623,-59.48458,115.9515
18.65:  18.52,-59.59246,115.7403
18.67:  18.74483,-59.69981,115.5229
18.68:  18.98056,-59.81133,115.3181
18.7:  19.19825,-59.91343,115.1259
18.72:  19.4268,-60.01974,114.9465
18.73:  19.65375,-60.12454,114.7861
18.75:  19.87974,-60.22831,114.6637
18.77:  20.10552,-60.33158,114.5793
18.78:  20.33471,-60.43607,114.5076
18.8:  20.5626,-60.5397,114.4549
18.82:  20.79058,-60.64319,114.4149
18.83:  21.01852,-60.74647,114.3749
18.85:  21.25319,-60.8526,114.3349
18.87:  21.47212,-60.95143,114.2949
18.88:  21.70243,-61.05523,114.2612
18.9:  21.92846,-61.15694,114.2275
18.92:  22.15653,-61.25941,114.1939
18.93:  22.38617,-61.36239,114.1539
18.95:  22.53446,-61.46082,114.1139
18.97:  22.53446,-61.46082,114.0739
18.98:  22.53446,-61.46082,114.0402
19:  22.53446,-61.46082,114.0065
19.02:  22.53446,-61.46082,113.9729
19.03:  22.53446,-61.46082,113.9329
19.05:  22.53446,-61.46082,113.8928
19.07:  22.53446,-61.46082,113.8592
19.08:  22.53446,-61.46082,113.8255
19.1:  22.53446,-61.46082,113.7918
19.12:  22.53446,-61.46082,113.7582
19.13:  22.53446,-61.46082,113.7245
19.15:  22.53446,-61.46082,113.6908
19.17:  22.53446,-61.46082,113.6572
19.18:  22.53446,-61.46082,113.6171
19.2:  22.53446,-61.46082,113.5835
19.22:  22.53446,-61.46082,113.5435
19.23:  22.53446,-61.46082,113.5098
19.25:  22.53446,-61.46082,113.4698
19.27:  22.53446,-61.46082,113.4298
19.28:  22.53446,-61.46082,113.3898
19.3:  22.53446,-61.46082,113.3561
19.32:  22.53446,-61.46082,113.3161
19.33:  22.53446,-61.46082,113.2761
19.35:  22.53446,-61.46082,113.2361
19.37:  22.53446,-61.46082,113.2024
19.38:  22.53446,-61.46082,113.1751
19.4:  22.53446,-61.46082,113.1351
19.42:  22.53446,-61.46082,113.1014
19.43:  22.53446,-61.46082,113.0677
19.45:  22.53446,-61.46082,113.0341
19.47:  22.53446,-61.46082,113.0067
19.48:  22.53446,-61.46082,112.9794
19.5:  22.53446,-61.46082,112.9457
19.52:  22.53446,-61.46082,112.9184
19.53:  22.53446,-61.46082,112.8847
19.55:  22.53446,-61.46082,112.8511
19.57:  22.53446,-61.46082,112.8174
19.58:  22.53446,-61.46082,112.7837
19.6:  22.53446,-61.46082,112.7564
19.62:  22.53446,-61.46082,112.729
19.63:  22.53446,-61.46082,112.6954
19.65:  22.53446,-61.46082,112.6617
19.67:  22.53446,-61.46082,112.6217
19.68:  22.53446,-61.46082,112.5944
19.7:  22.53446,-61.46082,112.5607
19.72:  22.53446,-61.46082,112.5333
19.73:  22.53446,-61.46082,112.4997
19.75:  22.53446,-61.46082,112.466
19.77:  22.53446,-61.46082,112.4323
19.78:  22.53446,-61.46082,112.3987
19.8:  22.53446,-61.46082,112.3713
19.82:  22.53446,-61.46082,112.3377
19.83:  22.53446,-61.46082,112.304
19.85:  22.53446,-61.46082,112.2703
19.87:  22.53446,-61.46082,112.2367
19.88:  22.53446,-61.46082,112.2093
19.9:  22.53446,-61.46082,112.1757
19.92:  22.53446,-61.46082,112.1483
19.93:  22.53446,-61.46082,112.1147
19.95:  22.53446,-61.46082,112.081
19.97:  22.53446,-61.46082,112.0473
19.98:  22.53446,-61.46082,112.02
20:  22.53446,-61.46082,111.9863
20.02:  22.53446,-61.46082,111.9526
20.03:  22.53446,-61.46082,111.919
20.05:  22.53446,-61.46082,111.8916
20.07:  22.53446,-61.46082,111.8643
20.08:  22.53446,-61.46082,111.8306
20.1:  22.53446,-61.46082,111.7906
20.12:  22.53446,-61.46082,111.757
20.13:  22.53446,-61.46082,111.7233
20.15:  22.53446,-61.46082,111.6896
20.17:  22.53446,-61.46082,111.6623
20.18:  22.53446,-61.46082,111.6286
20.2:  22.53446,-61.46082,111.5949
20.22:  22.53446,-61.46082,111.5613
20.23:  22.53446,-61.46082,111.5276
20.25:  22.53446,-61.46082,111.4939
20.27:  22.53446,-61.46082,111.4666
20.28:  22.53446,-61.46082,111.4329
20.3:  22.53446,-61.46082,111.4056
20.32:  22.53446,-61.46082,111.3783
20.33:  22.53446,-61.46082,111.351
20.35:  22.53446,-61.46082,111.3173
20.37:  22.53446,-61.46082,111.2899
20.38:  22.53446,-61.46082,111.2563
20.4:  22.53446,-61.46082,111.2289
20.42:  22.53446,-61.46082,111.1953
20.43:  22.53446,-61.46082,111.1679
20.45:  22.53446,-61.46082,111.1343
20.47:  22.53446,-61.46082,111.1069
20.48:  22.53446,-61.46082,111.0733
20.5:  22.53446,-61.46082,111.0459
20.52:  22.53446,-61.46082,111.0122
20.53:  22.53446,-61.46082,110.9786
20.55:  22.53446,-61.46082,110.9512
20.57:  22.53446,-61.46082,110.9176
20.58:  22.53446,-61.46082,110.8839
20.6:  22.53446,-61.46082,110.8502
20.62:  22.53446,-61.46082,110.8229
20.63:  22.53446,-61.46082,110.7892
20.65:  22.53446,-61.46082,110.7556
20.67:  22.53446,-61.46082,110.7219
20.68:  22.53446,-61.46082,110.6946
20.7:  22.53446,-61.46082,110.6609
20.72:  22.53446,-61.46082,110.6272
20.73:  22.53446,-61.46082,110.5936
20.75:  22.53446,-61.46082,110.5599
20.77:  22.53446,-61.46082,110.5262
20.78:  22.53446,-61.46082,110.4925
20.8:  22.53446,-61.46082,110.4589
20.82:  22.53446,-61.46082,110.4252
20.83:  22.53446,-61.46082,110.3915
20.85:  22.53446,-61.46082,110.3579
20.87:  22.53446,-61.46082,110.3242
20.88:  22.53446,-61.46082,110.2905
20.9:  22.53446,-61.46082,110.2568
20.92:  22.53446,-61.46082,110.2295
20.93:  22.53446,-61.46082,110.2022
20.95:  22.53446,-61.46082,110.1685
20.97:  22.53446,-61.46082,110.1348
20.98:  22.53446,-61.46082,110.1012
21:  22.53446,-61.46082,110.0675
21.02:  22.53446,-61.46082,110.0402
21.03:  22.53446,-61.46082,110.0002
21.05:  22.53446,-61.46082,109.9728
21.07:  22.53446,-61.46082,109.9455
21.08:  22.53446,-61.46082,109.9118
21.1:  22.53446,-61.46082,109.8782
21.12:  22.53446,-61.46082,109.8508
21.13:  22.53446,-61.46082,109.8235
21.15:  22.56468,-61.47963,109.7898
21.17:  22.69261,-61.53579,109.7561
21.18:  22.93738,-61.62357,109.7288
21.2:  23.16579,-61.70533,109.6951
21.22:  23.40254,-61.78995,109.6678
21.23:  23.63778,-61.87387,109.6341
21.25:  23.87315,-61.95768,109.6005
21.27:  24.10622,-62.04052,109.5668
21.28:  24.34775,-62.11569,109.5331
21.3:  24.59035,-62.17827,109.5058
21.32:  24.83876,-62.22952,109.4721
21.33:  25.08618,-62.27794,109.4384
21.35:  25.33126,-62.32331,109.4048
21.37:  25.58042,-62.3693,109.3711
21.38:  25.84118,-62.40963,109.3438
21.4:  26.09017,-62.43845,109.3101
21.42:  26.34581,-62.45771,109.2764
21.43:  26.6009,-62.47442,109.2428
21.45:  26.85676,-62.4904,109.2154
21.47:  27.10525,-62.50279,109.1818
21.48:  27.35806,-62.51525,109.1481
21.5:  27.61322,-62.52837,109.1144
21.52:  27.86828,-62.53591,109.0807
21.53:  28.12465,-62.53319,109.0471
21.55:  28.37743,-62.51726,109.0134
21.57:  28.6288,-62.49808,108.9797
21.58:  28.88433,-62.47283,108.9397
21.6:  29.12996,-62.44741,108.9061
21.62:  29.38903,-62.41937,108.8724
21.63:  29.63177,-62.38752,108.8387
21.65:  29.87024,-62.34959,108.7987
21.67:  30.11401,-62.30629,108.765
21.68:  30.3594,-62.26135,108.7314
21.7:  30.60273,-62.21782,108.6914
21.72:  30.84661,-62.174,108.6514
21.73:  31.0925,-62.12844,108.6113
21.75:  31.33894,-62.07729,108.5713
21.77:  31.58343,-62.02085,108.5377
21.78:  31.83306,-61.96089,108.4977
21.8:  32.0778,-61.90061,108.464
21.82:  32.32337,-61.83995,108.424
21.83:  32.56632,-61.7763,108.3903
21.85:  32.80391,-61.70905,108.3566
21.87:  33.03975,-61.63715,108.3166
21.88:  33.27645,-61.56483,108.283
21.9:  33.51141,-61.49289,108.2493
21.92:  33.74811,-61.41814,108.2093
21.93:  33.98481,-61.34324,108.1756
21.95:  34.21828,-61.2692,108.1419
21.97:  34.45358,-61.19444,108.1083
21.98:  34.69199,-61.11853,108.0746
22:  34.92782,-61.0433,108.0409
22.02:  35.16441,-60.96766,108.0073
22.03:  35.39752,-60.89296,107.9673
22.05:  35.63436,-60.81691,107.9336
22.07:  35.86858,-60.74155,107.8999
22.08:  36.10694,-60.6647,107.8662
22.1:  36.34082,-60.58915,107.8326
22.12:  36.58689,-60.5095,107.7989
22.13:  36.81654,-60.43706,107.7652
22.15:  37.04794,-60.36185,107.7316
22.17:  37.28889,-60.28554,107.6979
22.18:  37.51794,-60.21284,107.6642
22.2:  37.75477,-60.13901,107.6305
22.22:  37.99374,-60.06583,107.5969
22.23:  38.23014,-59.99327,107.5632
22.25:  38.47181,-59.92253,107.5295
22.27:  38.72249,-59.85269,107.5022
22.28:  38.9649,-59.7864,107.4749
22.3:  39.20355,-59.72311,107.4475
22.32:  39.45026,-59.66108,107.4202
22.33:  39.6962,-59.60128,107.3929
22.35:  39.93856,-59.54772,107.3529
22.37:  40.17994,-59.49955,107.3255
22.38:  40.42333,-59.45424,107.2919
22.4:  40.67522,-59.40836,107.2519
22.42:  40.9154,-59.36775,107.2182
22.43:  41.15804,-59.33422,107.1845
22.45:  41.421,-59.29993,107.1508
22.47:  41.6652,-59.27551,107.1235
22.48:  41.91758,-59.25562,107.0898
22.5:  42.16651,-59.24039,107.0562
22.52:  42.41876,-59.23032,107.0288
22.53:  42.67082,-59.23024,107.0015
22.55:  42.91935,-59.23536,106.9742
22.57:  43.17411,-59.24353,106.9468
22.58:  43.43159,-59.25473,106.9258
22.6:  43.68895,-59.27127,106.9175
22.62:  43.94273,-59.2923,106.9092
22.63:  44.19511,-59.31322,106.9092
22.65:  44.45248,-59.33698,106.9092
22.67:  44.70223,-59.36242,106.9092
22.68:  44.96661,-59.39188,106.9092
22.7:  45.21145,-59.41919,106.9175
22.72:  45.46312,-59.45227,106.9512
22.73:  45.7131,-59.48534,106.9975
22.75:  45.96086,-59.52079,107.0566
22.77:  46.21185,-59.55457,107.1283
22.78:  46.46551,-59.59151,107.2
22.8:  46.71706,-59.62849,107.278
22.82:  46.975,-59.66425,107.356
22.83:  47.22401,-59.70155,107.4341
22.85:  47.46806,-59.73845,107.5121
22.87:  47.71459,-59.77606,107.5901
22.88:  47.96837,-59.81514,107.6682
22.9:  48.21781,-59.85392,107.7525
22.92:  48.47733,-59.89463,107.8306
22.93:  48.72237,-59.93342,107.9086
22.95:  48.96587,-59.97469,107.9866
22.97:  49.21209,-60.01677,108.0647
22.98:  49.46545,-60.06043,108.1427
23:  49.71354,-60.10599,108.2207
23.02:  49.96459,-60.15242,108.2924
23.03:  50.21079,-60.19568,108.3325
23.05:  50.45914,-60.24179,108.3325
23.07:  50.70335,-60.28712,108.3325
23.08:  50.95272,-60.33341,108.3305
23.1:  51.20039,-60.37938,108.3305
23.12:  51.45788,-60.42717,108.3305
23.13:  51.70339,-60.47274,108.3305
23.15:  51.94593,-60.51535,108.3305
23.17:  52.19645,-60.56184,108.3285
23.18:  52.44404,-60.60533,108.3265
23.2:  52.69336,-60.6491,108.3245
23.22:  52.94191,-60.69521,108.3245
23.23:  53.19027,-60.74128,108.3245
23.25:  53.4378,-60.7872,108.3245
23.27:  53.68237,-60.83257,108.3245
23.28:  53.93412,-60.87926,108.3225
23.3:  54.18325,-60.92546,108.3206
23.32:  54.43013,-60.97124,108.3206
23.33:  54.67868,-61.01733,108.3206
23.35:  54.92445,-61.0629,108.3206
23.37:  55.17262,-61.10645,108.3186
23.38:  55.42304,-61.15288,108.3186
23.4:  55.67094,-61.19884,108.3186
23.42:  55.9197,-61.24249,108.3186
23.43:  56.1668,-61.2883,108.3186
23.45:  56.41736,-61.33227,108.3186
23.47:  56.66364,-61.37793,108.3186
23.48:  56.91341,-61.42424,108.3186
23.5:  57.16176,-61.47028,108.3186
23.52:  57.41082,-61.51398,108.3186
23.53:  57.66,-61.55771,108.3186
23.55:  57.90824,-61.60126,108.3166
23.57:  58.15405,-61.64439,108.3166
23.58:  58.40596,-61.6861,108.3166
23.6:  58.65726,-61.72523,108.3146
23.62:  58.90883,-61.76196,108.3146
23.63:  59.16189,-61.79403,108.3146
23.65:  59.41457,-61.82604,108.3146
23.67:  59.66469,-61.85534,108.3146
23.68:  59.92205,-61.88304,108.3146
23.7:  60.178,-61.90577,108.3146
23.72:  60.43429,-61.92076,108.3146
23.73:  60.68233,-61.93169,108.3146
23.75:  60.94489,-61.91663,108.3146
23.77:  61.19696,-61.88671,108.3126
23.78:  61.43777,-61.85069,108.3107
23.8:  61.68039,-61.80441,108.3107
23.82:  61.92387,-61.74374,108.3087
23.83:  62.16314,-61.67224,108.3067
23.85:  62.39748,-61.59716,108.3047
23.87:  62.627,-61.52007,108.3027
23.88:  62.86208,-61.44109,108.3008
23.9:  63.09062,-61.36073,108.3008
23.92:  63.32289,-61.27906,108.3008
23.93:  63.55397,-61.19781,108.3008
23.95:  63.78242,-61.11589,108.3008
23.97:  64.00769,-61.03511,108.3008
23.98:  64.23863,-60.9539,108.2988
24:  64.4696,-60.87107,108.2988
24.02:  64.6991,-60.78877,108.2988
24.03:  64.93011,-60.70753,108.2968
24.05:  65.15768,-60.6259,108.2968
24.07:  65.38297,-60.54511,108.2968
24.08:  65.61407,-60.46222,108.2948
24.1:  65.84495,-60.38099,108.2928
24.12:  66.0862,-60.30733,108.2928
24.13:  66.3285,-60.249,108.2928
24.15:  66.5701,-60.21715,108.2928
24.17:  66.82005,-60.19505,108.2908
24.18:  67.079,-60.18244,108.2908
24.2:  67.32236,-60.19011,108.2889
24.22:  67.57939,-60.20503,108.2889
24.23:  67.83405,-60.23232,108.2889
24.25:  68.08042,-60.28529,108.2889
24.27:  68.32242,-60.34726,108.2889
24.28:  68.56684,-60.40985,108.2889
24.3:  68.80763,-60.4715,108.2889
24.32:  69.05312,-60.53437,108.2889
24.33:  69.29491,-60.59627,108.2869
24.35:  69.53526,-60.6578,108.2849
24.37:  69.77856,-60.72009,108.2849
24.38:  70.02321,-60.78271,108.2849
24.4:  70.27324,-60.84672,108.2849
24.42:  70.50812,-60.90684,108.2829
24.43:  70.7516,-60.96916,108.2829
24.45:  70.99535,-61.03154,108.2809
24.47:  71.23396,-61.0926,108.2809
24.48:  71.48009,-61.15559,108.2809
24.5:  71.72256,-61.21513,108.2809
24.52:  71.96639,-61.27501,108.2809
24.53:  72.21346,-61.32559,108.2809
24.55:  72.46239,-61.36911,108.2809
24.57:  72.71153,-61.40292,108.2809
24.58:  72.9677,-61.43522,108.2809
24.6:  73.22766,-61.46552,108.2809
24.62:  73.48019,-61.49255,108.2809
24.63:  73.73172,-61.51709,108.279
24.65:  73.98344,-61.54165,108.279
24.67:  74.23695,-61.56399,108.277
24.68:  74.50395,-61.58191,108.277
24.7:  74.75425,-61.597,108.275
24.72:  75.01093,-61.61183,108.275
24.73:  75.2645,-61.62349,108.275
24.75:  75.51857,-61.63517,108.275
24.77:  75.76814,-61.64367,108.275
24.78:  76.0223,-61.65231,108.275
24.8:  76.2757,-61.66092,108.273
24.82:  76.52903,-61.66953,108.273
24.83:  76.78219,-61.67813,108.273
24.87:  77.03564,-61.68439,108.273
24.88:  77.28661,-61.69059,108.273
24.9:  77.55331,-61.69226,108.271
24.92:  77.79496,-61.69305,108.271
24.93:  78.05189,-61.68684,108.271
24.95:  78.30676,-61.68068,108.2691
24.97:  78.55685,-61.67155,108.2691
24.98:  78.80928,-61.65687,108.2671
25:  79.06528,-61.63967,108.2671
25.02:  79.31897,-61.62263,108.2671
25.03:  79.57366,-61.60324,108.2651
25.05:  79.82467,-61.58093,108.2651
25.07:  80.07578,-61.5521,108.2651
25.08:  80.32043,-61.52078,108.2651
25.1:  80.56816,-61.48018,108.2651
25.12:  80.8105,-61.4393,108.2651
25.13:  81.05949,-61.39161,108.2651
25.15:  81.30387,-61.33826,108.2651
25.17:  81.54518,-61.27583,108.2631
25.18:  81.77949,-61.20415,108.2631
25.2:  82.01244,-61.12572,108.2631
25.22:  82.2402,-61.04181,108.2548
25.23:  82.46515,-60.94201,108.2338
25.25:  82.67925,-60.82595,108.1748
25.27:  82.88789,-60.70016,108.0017
25.28:  83.08241,-60.56517,107.6701
25.3:  83.28023,-60.42123,107.2055
25.32:  83.4724,-60.27397,106.5951
25.33:  83.66184,-60.12076,105.9022
25.35:  83.84669,-59.96268,105.1334
25.37:  84.02585,-59.79609,104.3455
25.38:  84.19874,-59.62441,103.5576
25.4:  84.36835,-59.4385,102.7697
25.42:  84.52767,-59.24561,101.9819
25.43:  84.68079,-59.05149,101.194
25.45:  84.82859,-58.85514,100.4061
25.47:  84.96268,-58.65138,99.61823
25.48:  85.08613,-58.44202,98.83035
25.5:  85.19502,-58.22163,98.04247
25.52:  85.29001,-57.99577,97.25459
25.53:  85.36883,-57.75156,96.46671
25.55:  85.42568,-57.51602,95.67882
25.57:  85.46835,-57.27238,94.89095
25.58:  85.49839,-57.02448,94.10307
25.6:  85.51301,-56.77223,93.31519
25.62:  85.52393,-56.52489,92.52731
25.63:  85.53155,-56.27377,91.73943
25.65:  85.5359,-56.01198,90.95155
25.67:  85.53658,-55.77066,90.16367
25.68:  85.53389,-55.52301,89.37579
25.7:  85.52768,-55.27113,88.58791
25.72:  85.51808,-55.02138,87.80004
25.73:  85.50506,-54.77187,87.01216
25.75:  85.48875,-54.52466,86.22428
25.77:  85.46871,-54.27365,85.4364
25.78:  85.44582,-54.02919,84.64852
25.8:  85.4186,-53.77623,83.86064
25.82:  85.38892,-53.53197,83.07275
25.83:  85.35554,-53.28552,82.28488
25.85:  85.31863,-53.0386,81.497
25.87:  85.27798,-52.79015,80.70912
25.88:  85.23454,-52.54577,79.92125
25.9:  85.1873,-52.29967,79.13336
25.92:  85.13658,-52.05377,78.3455
25.93:  85.08311,-51.81144,77.55762
25.95:  85.0256,-51.56679,76.76974
25.97:  84.9638,-51.31926,75.98186
25.98:  84.90083,-51.08103,75.19398
26:  84.83293,-50.83777,74.4061
26.02:  84.76228,-50.59743,73.61823
26.03:  84.68836,-50.35819,72.83035
26.05:  84.61201,-50.12262,72.04247
26.07:  84.53076,-49.88319,71.2546
26.08:  84.44843,-49.65112,70.46671
26.1:  84.36063,-49.41405,69.67883
26.12:  84.27051,-49.18059,68.89096
26.13:  84.17809,-48.95067,68.10308
26.15:  84.0807,-48.71768,67.31519
26.17:  83.98236,-48.49122,66.52732
26.18:  83.87952,-48.26305,65.73944
26.2:  83.77361,-48.03641,64.95156
26.22:  83.66336,-47.8087,64.16369
26.23:  83.5524,-47.58736,63.37581
26.25:  83.43639,-47.36368,62.58793
26.27:  83.31807,-47.143,61.80005
26.28:  83.19862,-46.92739,61.01217
26.3:  83.05541,-46.71715,60.22429
26.32:  82.89085,-46.52497,59.43642
26.33:  82.70496,-46.35662,58.64853
26.35:  82.49967,-46.22798,57.86066
26.37:  82.28661,-46.1329,57.07278
26.38:  82.06227,-46.04854,56.2849
26.4:  81.83879,-45.9701,55.49702
26.42:  81.62065,-45.8969,54.70914
26.43:  81.39577,-45.82277,53.92126
26.45:  81.16914,-45.72541,53.13338
26.47:  80.95774,-45.58798,52.3455
26.48:  80.75447,-45.43785,51.55762
26.5:  80.56205,-45.27198,50.76974
26.52:  80.38001,-45.09033,49.98186
26.53:  80.21899,-44.90383,49.19398
26.55:  80.0542,-44.71817,48.40611
26.57:  79.88622,-44.5341,47.61823
26.58:  79.71561,-44.35218,46.83669
26.6:  79.54814,-44.16392,46.09951
26.62:  79.39604,-43.96392,45.41304
26.63:  79.26042,-43.7495,44.73291
26.65:  79.13461,-43.52805,44.07178
26.67:  79.02191,-43.31265,43.41066
26.68:  78.91898,-43.09218,42.74954
26.7:  78.81629,-42.86593,42.08842
26.72:  78.72048,-42.64054,41.43364
26.73:  78.6283,-42.41393,40.79153
26.75:  78.53134,-42.18296,40.15577
26.77:  78.43083,-41.95058,39.53901
26.78:  78.33053,-41.72528,38.92859
26.8:  78.22894,-41.50349,38.31817
26.82:  78.12314,-41.27886,37.70775
26.83:  78.01561,-41.05673,37.09734
26.85:  77.90864,-40.83914,36.48692
26.87:  77.80076,-40.61563,35.89551
26.88:  77.69495,-40.3893,35.34213
26.9:  77.58886,-40.15425,34.83946
26.92:  77.49014,-39.93529,34.38115
26.93:  77.38669,-39.70712,33.96721
26.95:  77.28478,-39.48145,33.57228
26.97:  77.18337,-39.25764,33.19636
26.98:  77.08312,-39.02851,32.83946
27:  76.98629,-38.80737,32.50157
27.02:  76.89576,-38.59234,32.17636
27.03:  76.80582,-38.36797,31.87016
27.05:  76.71864,-38.14459,31.57664
27.07:  76.63373,-37.92059,31.3148
27.08:  76.563,-37.69213,31.06564
27.1:  76.49267,-37.45671,30.82282
27.12:  76.42862,-37.22797,30.59268
27.13:  76.36642,-36.98264,30.36253
27.15:  76.31626,-36.74665,30.15774
27.17:  76.28281,-36.51012,29.9783
27.18:  76.26068,-36.27201,29.82421
27.2:  76.2522,-36.02122,29.70815
27.22:  76.25985,-35.77589,29.62378
27.23:  76.27154,-35.53078,29.55208
27.25:  76.28538,-35.28281,29.50573
27.27:  76.31019,-35.0304,29.46572
27.28:  76.36244,-34.78968,29.43205
27.3:  76.44351,-34.54471,29.40472
27.32:  76.56596,-34.32724,29.38372
27.33:  76.68851,-34.10944,29.36273
27.35:  76.81117,-33.89123,29.34174
27.37:  76.93285,-33.67464,29.32708
27.38:  77.05443,-33.45804,29.30609
27.4:  77.18246,-33.22975,29.28509
27.42:  77.3007,-33.01874,29.2641
27.43:  77.42648,-32.79402,29.23676
27.45:  77.54665,-32.57909,29.20943
27.47:  77.66668,-32.36422,29.18844
27.48:  77.78743,-32.14782,29.16111
27.5:  77.90973,-31.92844,29.14011
27.52:  78.03128,-31.71017,29.11278
27.53:  78.15282,-31.49172,29.09178
27.55:  78.27338,-31.27488,29.07079
27.57:  78.39618,-31.05373,29.04346
27.58:  78.51599,-30.83779,29.02247
27.6:  78.63916,-30.61555,28.99513
27.62:  78.75996,-30.39732,28.9678
27.63:  78.881,-30.17847,28.94681
27.65:  79.00204,-29.95938,28.91948
27.67:  79.12269,-29.74077,28.89214
27.68:  79.24156,-29.52517,28.87115
27.7:  79.36405,-29.30277,28.84381
27.72:  79.47492,-29.08114,28.82282
27.73:  79.58545,-28.85449,28.80182
27.75:  79.68432,-28.62359,28.78083
27.77:  79.77431,-28.38847,28.75984
27.78:  79.85491,-28.15068,28.73251
27.8:  79.93295,-27.89666,28.71151
27.82:  80.00468,-27.6548,28.69052
27.83:  80.07671,-27.41162,28.66952
27.85:  80.14689,-27.16594,28.64853
27.87:  80.22096,-26.92356,28.62753
27.88:  80.31134,-26.75783,28.60654
27.9:  80.33517,-26.71409,28.58555
27.92:  80.33517,-26.71409,28.56455
27.93:  80.33517,-26.71409,28.54356
27.95:  80.33517,-26.71409,28.51622
27.97:  80.33517,-26.71409,28.49523
27.98:  80.33517,-26.71409,28.47424
28:  80.33517,-26.71409,28.44691
28.02:  80.33517,-26.71409,28.42591
28.03:  80.33517,-26.71409,28.39858
28.05:  80.33517,-26.71409,28.37758
28.07:  80.33517,-26.71409,28.35659
28.08:  80.35699,-26.67363,28.32926
28.1:  80.4096,-26.47649,28.30193
28.12:  80.47736,-26.23134,28.28094
28.13:  80.55411,-25.99099,28.25994
28.15:  80.65166,-25.7571,28.23895
28.17:  80.76958,-25.53733,28.21795
28.18:  80.88688,-25.31848,28.19062
28.2:  81.00951,-25.08949,28.16962
28.22:  81.12569,-24.87234,28.14863
28.23:  81.24412,-24.65075,28.1213
28.25:  81.35925,-24.43513,28.10031
28.27:  81.47699,-24.21437,28.07298
28.28:  81.5931,-23.99641,28.04564
28.3:  81.71188,-23.77326,28.02464
28.32:  81.82971,-23.55162,27.99731
28.33:  81.94661,-23.33149,27.96998
28.35:  82.06396,-23.11031,27.94899
28.37:  82.1806,-22.89021,27.92166
28.38:  82.2963,-22.67164,27.89432
28.4:  82.41402,-22.44907,27.87333
28.42:  82.53136,-22.22701,27.85233
28.43:  82.65118,-21.99997,27.825
28.45:  82.76576,-21.7827,27.80401
28.47:  82.88176,-21.56246,27.77668
28.48:  82.99664,-21.34418,27.75568
28.5:  83.11383,-21.12129,27.73469
28.52:  83.23048,-20.89924,27.71369
28.53:  83.34531,-20.68049,27.69904
28.55:  83.46338,-20.4554,27.67804
28.57:  83.57726,-20.23816,27.66339
28.58:  83.69313,-20.01698,27.64873
28.6:  83.81092,-19.7921,27.64675
28.62:  83.92926,-19.5662,27.64675
28.63:  84.04308,-19.3489,27.64675
28.65:  84.1575,-19.13047,27.64675
28.67:  84.27483,-18.90648,27.64675
28.68:  84.38973,-18.68713,27.64675
28.7:  84.50728,-18.46275,27.64675
28.72:  84.62276,-18.24227,27.64675
28.73:  84.73913,-18.02014,27.64675
28.75:  84.85493,-17.79905,27.64675
28.77:  84.97082,-17.57783,27.64675
28.78:  85.08552,-17.35886,27.64675
28.8:  85.20288,-17.13482,27.64675
28.82:  85.31893,-16.91328,27.64675
28.83:  85.43497,-16.69176,27.64675
28.85:  85.55102,-16.47022,27.64675
28.87:  85.66662,-16.2495,27.64477
28.88:  85.78545,-16.02263,27.64279
28.9:  85.89873,-15.80632,27.64081
28.92:  86.01384,-15.58642,27.63249
28.93:  86.13086,-15.36282,27.62417
28.95:  86.24569,-15.1432,27.60318
28.97:  86.36253,-14.91911,27.53782
28.98:  86.47577,-14.70079,27.41542
29:  86.59179,-14.47502,27.19795
29.02:  86.70271,-14.25089,26.89175
29.03:  86.80411,-14.02614,26.52851
29.05:  86.90452,-13.79315,26.12091
29.07:  86.99464,-13.55346,25.64992
29.08:  87.07481,-13.32029,25.12823
29.1:  87.15186,-13.08099,24.55584
29.12:  87.22166,-12.83934,23.92641
29.13:  87.2902,-12.59124,23.25895
29.15:  87.35029,-12.34404,22.57882
29.17:  87.40363,-12.10214,21.89869
29.18:  87.45319,-11.85167,21.19954
29.2:  87.49689,-11.60253,20.50039
29.22:  87.53774,-11.35132,19.78856
29.23:  87.57309,-11.0993,19.07674
29.25:  87.60071,-10.84455,18.35858
29.27:  87.62733,-10.59156,17.64042
29.28:  87.64819,-10.3406,16.92226
29.3:  87.66646,-10.08136,16.2041
29.32:  87.68123,-9.826352,15.48593
29.33:  87.69566,-9.562648,14.76777
29.35:  87.70418,-9.308325,14.08764
29.37:  87.70985,-9.059316,13.47722
29.38:  87.71347,-8.8073,12.99356
29.4:  87.71571,-8.548213,12.66834
29.42:  87.71741,-8.291965,12.55228
29.43:  87.71883,-8.035642,12.48692
29.45:  87.71994,-7.781065,12.42156
29.47:  87.72086,-7.524575,12.37522
29.48:  87.72154,-7.272285,12.32887
29.5:  87.72205,-7.014142,12.28253
29.52:  87.72231,-6.757317,12.22984
29.53:  87.72236,-6.50166,12.1835
29.55:  87.72457,-6.250371,12.13715
29.57:  87.72421,-5.992284,12.09081
29.58:  87.72365,-5.73877,12.04446
29.6:  87.72528,-5.481076,11.99811
29.62:  87.72428,-5.219238,11.95177
29.63:  87.72311,-4.968758,11.90542
29.65:  87.72412,-4.713199,11.85908
29.67:  87.72491,-4.459158,11.81273
29.68:  87.72312,-4.2049,11.76639
29.7:  87.72109,-3.947328,11.72004
29.72:  87.72127,-3.69259,11.67369
29.73:  87.71883,-3.435673,11.62735
29.75:  87.71622,-3.182885,11.581
29.77:  87.71341,-2.927476,11.54099
29.78:  87.7104,-2.672483,11.49465
29.8:  87.70714,-2.413832,11.4483
29.82:  87.70372,-2.157301,11.4083
29.83:  87.70251,-1.902276,11.36195
29.85:  87.69869,-1.646621,11.3156
29.87:  87.69707,-1.392438,11.26926
29.88:  87.69291,-1.139337,11.22925
29.9:  87.68839,-0.8789958,11.17657
29.92:  87.68375,-0.6239406,11.13022
29.93:  87.68134,-0.3700894,11.09021
29.95:  87.67867,-0.1131916,11.03753
29.97:  87.6734,0.1428258,10.99118
29.98:  87.66796,0.3943258,10.93216
30:  87.66201,0.6540874,10.86046
30.02:  87.65335,0.9101676,10.76975
30.03:  87.64413,1.166369,10.64735
30.05:  87.63419,1.42209,10.48059
30.07:  87.62341,1.678246,10.29481
30.08:  87.61188,1.931657,10.10269
30.1:  87.59922,2.190082,9.904236
30.12:  87.58348,2.443152,9.680429
30.13:  87.56646,2.700067,9.450284
30.15:  87.54825,2.956328,9.175775
30.17:  87.52831,3.215725,8.844223
30.18:  87.50739,3.466585,8.474647
30.2:  87.48418,3.723005,8.06704
30.22:  87.45857,3.983227,7.621407
30.23:  87.43134,4.238431,7.150423
30.25:  87.40193,4.493427,6.660425
30.27:  87.37019,4.747705,6.126061
30.28:  87.33653,4.997699,5.572684
30.3:  87.29914,5.255325,4.98128
30.32:  87.25938,5.509521,4.351849
30.33:  87.21662,5.763704,3.690728
30.35:  87.17115,6.015645,3.010593
30.37:  87.12263,6.26693,2.311445
30.38:  87.07124,6.516258,1.593283
30.4:  87.01538,6.770909,0.8687825
30.42:  86.95708,7.021483,0.1442826
30.43:  86.89584,7.270331,359.4135
30.45:  86.83119,7.519149,358.6763
30.47:  86.76314,7.767681,357.9264
30.48:  86.69324,8.010186,357.1639
30.5:  86.618,8.258818,356.4014
30.52:  86.54018,8.504081,355.6388
30.53:  86.45922,8.747986,354.8763
30.55:  86.37254,8.990617,354.1138
30.57:  86.28281,9.231666,353.3513
30.58:  86.19338,9.468918,352.5887
30.6:  86.09845,9.710967,351.8262
30.62:  86.00158,9.948627,351.0637
30.63:  85.90145,10.18521,350.3011
30.65:  85.79823,10.42034,349.5386
30.67:  85.6918,10.65426,348.7761
30.68:  85.58384,10.8834,348.0135
30.7:  85.46987,11.11718,347.251
30.72:  85.35429,11.34649,346.4885
30.73:  85.23206,11.58112,345.726
30.75:  85.11214,11.80404,344.9634
30.77:  84.99014,12.0238,344.2009
30.78:  84.86319,12.24544,343.4384
30.8:  84.73124,12.46888,342.6759
30.82:  84.5983,12.68729,341.9133
30.83:  84.45946,12.90887,341.1698
30.85:  84.32199,13.12206,340.4263
30.87:  84.17982,13.33644,339.6891
30.88:  84.03714,13.54569,338.952
30.9:  83.88605,13.75707,338.2148
30.92:  83.73206,13.96279,337.4839
30.93:  83.5715,14.16771,336.7468
30.95:  83.41151,14.37041,336.0159
30.97:  83.25178,14.56755,335.2851
30.98:  83.08647,14.76633,334.5543
31:  82.91303,14.96953,333.8171
31.02:  82.7472,15.15886,333.0862
31.03:  82.57437,15.35118,332.3554
31.05:  82.39949,15.54082,331.6182
31.07:  82.22148,15.72897,330.8874
31.08:  82.04316,15.90932,330.1502
31.1:  81.85637,16.09348,329.4194
31.12:  81.67178,16.27412,328.6822
31.13:  81.47805,16.45468,327.9514
31.15:  81.29344,16.62322,327.2205
31.17:  81.09921,16.79203,326.4897
31.18:  80.90649,16.95526,325.7589
31.2:  80.70055,17.11503,325.028
31.22:  80.4958,17.26332,324.3479
31.23:  80.28402,17.40678,323.7692
31.25:  80.06543,17.5394,323.3552
31.27:  79.84464,17.66569,323.1124
31.28:  79.62439,17.78102,322.9583
31.3:  79.40601,17.88903,322.8802
31.32:  79.20332,17.98173,322.8339
31.33:  79.00943,18.06257,322.7939
31.35:  78.82609,18.12952,322.7539
31.37:  78.6672,18.1807,322.7076
31.38:  78.53805,18.22581,322.6612
31.4:  78.43114,18.25956,322.6149
31.42:  78.36089,18.28286,322.5685
31.43:  78.35492,18.29064,322.5285
31.45:  78.35492,18.29064,322.4885
31.47:  78.35492,18.29064,322.4421
31.48:  78.35492,18.29064,322.3958
31.5:  78.35492,18.29064,322.3558
31.52:  78.35492,18.29064,322.3158
31.53:  78.35492,18.29064,322.2758
31.55:  78.35492,18.29064,322.2358
31.57:  78.35492,18.29064,322.1894
31.58:  78.35492,18.29064,322.1494
31.6:  78.35492,18.29064,322.1031
31.62:  78.35492,18.29064,322.063
31.63:  78.35492,18.29064,322.0167
31.65:  78.35492,18.29064,321.9767
31.67:  78.35492,18.29064,321.9304
31.68:  78.35492,18.29064,321.8904
31.7:  78.35492,18.29064,321.844
31.72:  78.35492,18.29064,321.7977
31.73:  78.35492,18.29064,321.7577
31.75:  78.35492,18.29064,321.7177
31.77:  78.35492,18.29064,321.6776
31.78:  78.35492,18.29064,321.6313
31.8:  78.35492,18.29064,321.5849
31.82:  78.35492,18.29064,321.5449
31.83:  78.35492,18.29064,321.5049
31.85:  78.35492,18.29064,321.4649
31.87:  78.35492,18.29064,321.4249
31.88:  78.35492,18.29064,321.3849
31.9:  78.35492,18.29064,321.3386
31.92:  78.35492,18.29064,321.2922
31.93:  78.35492,18.29064,321.2458
31.95:  78.35492,18.29064,321.1995
31.97:  78.35492,18.29064,321.1532
31.98:  78.35492,18.29064,321.1068
32:  78.35492,18.29064,321.0605
32.02:  78.35492,18.29064,321.0205
32.03:  78.35492,18.29064,320.9741
32.05:  78.35492,18.29064,320.9341
32.07:  78.35492,18.29064,320.8941
32.08:  78.35492,18.29064,320.8541
32.1:  78.35492,18.29064,320.8141
32.12:  78.35492,18.29064,320.7678
32.13:  78.35492,18.29064,320.7278
32.15:  78.35492,18.29064,320.6877
32.17:  78.35492,18.29064,320.6477
32.18:  78.35492,18.29064,320.6077
32.2:  78.35492,18.29064,320.5677
32.22:  78.35492,18.29064,320.5277
32.23:  78.35492,18.29064,320.4814
32.25:  78.35492,18.29064,320.435
32.27:  78.35492,18.29064,320.3887
32.28:  78.35492,18.29064,320.3487
32.3:  78.35492,18.29064,320.3087
32.32:  78.35492,18.29064,320.2686
32.33:  78.35492,18.29064,320.2223
32.35:  78.35492,18.29064,320.1823
32.37:  78.35492,18.29064,320.1423
32.38:  78.35492,18.29064,320.1023
32.4:  78.35492,18.29064,320.0623
32.42:  78.35492,18.29064,320.0159
32.43:  78.35492,18.29064,319.9696
32.45:  78.35492,18.29064,319.9232
32.47:  78.35492,18.29064,319.8769
32.48:  78.35492,18.29064,319.8369
32.5:  78.35492,18.29064,319.7905
32.52:  78.35492,18.29064,319.7442
32.53:  78.35492,18.29064,319.6978
32.55:  78.35492,18.29064,319.6515
32.57:  78.35492,18.29064,319.6115
32.58:  78.35492,18.29064,319.5715
32.6:  78.35492,18.29064,319.5315
32.62:  78.35492,18.29064,319.4915
32.63:  78.35492,18.29064,319.4451
32.65:  78.35492,18.29064,319.4051
32.67:  78.35492,18.29064,319.3651
32.68:  78.35492,18.29064,319.3251
32.7:  78.35492,18.29064,319.2851
32.72:  78.35492,18.29064,319.2387
32.73:  78.35492,18.29064,319.1924
32.75:  78.35492,18.29064,319.1461
32.77:  78.35492,18.29064,319.0997
32.78:  78.35492,18.29064,319.0597
32.8:  78.35492,18.29064,319.0133
32.82:  78.35492,18.29064,318.967
32.83:  78.35492,18.29064,318.9207
32.85:  78.35492,18.29064,318.8743
32.87:  78.35492,18.29064,318.8279
32.88:  78.35492,18.29064,318.7816
32.9:  78.35492,18.29064,318.7353
32.92:  78.35492,18.29064,318.6889
32.93:  78.35492,18.29064,318.6426
32.95:  78.35492,18.29064,318.6025
32.97:  78.35492,18.29064,318.5562
32.98:  78.35492,18.29064,318.5099
33:  78.35492,18.29064,318.4698
33.02:  78.35492,18.29064,318.4298
33.03:  78.35492,18.29064,318.3898
33.05:  78.35492,18.29064,318.3498
33.07:  78.35492,18.29064,318.3098
33.08:  78.35492,18.29064,318.2635
33.1:  78.35492,18.29064,318.2235
33.12:  78.35492,18.29064,318.1835
33.13:  78.35492,18.29064,318.1371
33.15:  78.35492,18.29064,318.0971
33.17:  78.35492,18.29064,318.0508
33.18:  78.35492,18.29064,318.0107
33.2:  78.35492,18.29064,317.9707
33.22:  78.35492,18.29064,317.9307
33.23:  78.35492,18.29064,317.8907
33.25:  78.35492,18.29064,317.8507
33.27:  78.35492,18.29064,317.8107
33.28:  78.35492,18.29064,317.7644
33.3:  78.35492,18.29064,317.718
33.32:  78.35492,18.29064,317.6717
33.33:  78.35492,18.29064,317.6253
33.35:  78.35492,18.29064,317.5853
33.37:  78.35492,18.29064,317.539
33.38:  78.35492,18.29064,317.499
33.4:  78.35492,18.29064,317.459
33.42:  78.35492,18.29064,317.4126
33.43:  78.35492,18.29064,317.3726
33.45:  78.35492,18.29064,317.3326
33.47:  78.35492,18.29064,317.2926
33.48:  78.35492,18.29064,317.2526
33.5:  78.35492,18.29064,317.2126
33.52:  78.35492,18.29064,317.1662
33.53:  78.35492,18.29064,317.1199
33.55:  78.35492,18.29064,317.0735
33.57:  78.35492,18.29064,317.0272
33.58:  78.35492,18.29064,316.9808
33.6:  78.35492,18.29064,316.9345
33.62:  78.35492,18.29064,316.8881
33.63:  78.35492,18.29064,316.8418
33.65:  78.35492,18.29064,316.7954
33.67:  78.35492,18.29064,316.7491
33.68:  78.35492,18.29064,316.7091
33.7:  78.35492,18.29064,316.6691
33.72:  78.35492,18.29064,316.6291
33.73:  78.35492,18.29064,316.5891
33.75:  78.35492,18.29064,316.549
33.77:  78.35492,18.29064,316.509
33.78:  78.35492,18.29064,316.4691
33.8:  78.35492,18.29064,316.429
33.82:  78.35492,18.29064,316.3827
33.83:  78.35492,18.29064,316.3427
33.85:  78.35492,18.29064,316.2963
33.87:  78.35492,18.29064,316.25
33.88:  78.35492,18.29064,316.2036
33.9:  78.35492,18.29064,316.1573
33.92:  78.35492,18.29064,316.1109
33.93:  78.35492,18.29064,316.0646
