ParticipantNo: 11004
Controller type: Gamepad
Training Level:
0.02:  82.7,18.5,270
0.04:  82.7,18.5,270
0.06:  82.7,18.5,270
0.08:  82.7,18.5,270
0.09:  82.7,18.5,270
0.11:  82.7,18.5,270
0.13:  82.7,18.5,270
0.14:  82.7,18.5,270
0.16:  82.7,18.5,270
0.18:  82.7,18.5,270
0.19:  82.7,18.5,270
0.21:  82.7,18.5,270
0.23:  82.7,18.5,270
0.24:  82.7,18.5,270
0.26:  82.7,18.5,270
0.28:  82.7,18.5,270
0.29:  82.7,18.5,270
0.31:  82.7,18.5,270
0.33:  82.7,18.5,270
0.34:  82.7,18.5,270
0.36:  82.7,18.5,270
0.38:  82.7,18.5,270
0.39:  82.7,18.5,269.998
0.41:  82.7,18.5,269.998
0.43:  82.7,18.5,269.998
0.44:  82.7,18.5,269.998
0.46:  82.7,18.5,269.998
0.48:  82.7,18.5,269.998
0.49:  82.7,18.5,269.998
0.51:  82.7,18.5,269.998
0.53:  82.7,18.5,269.998
0.54:  82.7,18.5,269.998
0.56:  82.7,18.5,269.998
0.58:  82.7,18.5,269.998
0.59:  82.7,18.5,269.998
0.61:  82.7,18.5,269.998
0.63:  82.7,18.5,269.998
0.64:  82.7,18.5,269.998
0.66:  82.7,18.5,269.998
0.68:  82.7,18.5,269.998
0.69:  82.7,18.5,269.998
0.71:  82.7,18.5,269.998
0.73:  82.7,18.5,269.998
0.74:  82.7,18.5,269.998
0.76:  82.7,18.5,269.998
0.78:  82.7,18.5,269.998
0.79:  82.7,18.5,269.998
0.81:  82.7,18.5,269.998
0.83:  82.7,18.5,269.998
0.84:  82.7,18.5,269.998
0.86:  82.7,18.5,269.998
0.88:  82.7,18.5,269.998
0.89:  82.7,18.5,269.998
0.91:  82.7,18.5,269.998
0.93:  82.7,18.5,269.998
0.94:  82.7,18.5,269.998
0.96:  82.7,18.5,269.998
0.98:  82.7,18.5,269.998
0.99:  82.7,18.5,269.998
1.01:  82.7,18.5,269.998
1.03:  82.7,18.5,269.998
1.04:  82.7,18.5,269.998
1.06:  82.7,18.5,269.998
1.08:  82.7,18.5,269.998
1.09:  82.7,18.5,269.998
1.11:  82.7,18.5,269.998
1.13:  82.7,18.5,269.998
1.14:  82.7,18.5,269.998
1.16:  82.7,18.5,269.998
1.18:  82.7,18.5,269.998
1.19:  82.7,18.5,269.998
1.21:  82.7,18.5,269.998
1.23:  82.7,18.5,269.998
1.24:  82.7,18.5,269.998
1.26:  82.7,18.5,269.998
1.28:  82.7,18.5,269.998
1.29:  82.7,18.5,269.996
1.31:  82.7,18.5,269.996
1.33:  82.7,18.5,269.996
1.34:  82.7,18.5,269.996
1.36:  82.7,18.5,269.996
1.38:  82.7,18.5,269.996
1.39:  82.7,18.5,269.996
1.41:  82.7,18.5,269.996
1.43:  82.7,18.5,269.9941
1.44:  82.7,18.5,269.9941
1.46:  82.7,18.5,269.9941
1.48:  82.7,18.5,269.9941
1.49:  82.7,18.5,269.9941
1.51:  82.7,18.5,269.9941
1.53:  82.7,18.5,269.9941
1.54:  82.7,18.5,269.9941
1.56:  82.7,18.5,269.9941
1.58:  82.7,18.5,269.9941
1.59:  82.7,18.5,269.9941
1.61:  82.7,18.5,269.9941
1.63:  82.7,18.5,269.9941
1.64:  82.7,18.5,269.9941
1.66:  82.7,18.5,269.9941
1.68:  82.7,18.5,269.9921
1.69:  82.7,18.5,269.9921
1.71:  82.7,18.5,269.9921
1.73:  82.7,18.5,269.9921
1.74:  82.7,18.5,269.9921
1.76:  82.7,18.5,269.9921
1.78:  82.7,18.5,269.9921
1.79:  82.7,18.5,269.9921
1.81:  82.7,18.5,269.9921
1.83:  82.7,18.5,269.9921
1.84:  82.7,18.5,269.9921
1.86:  82.7,18.5,269.9921
1.88:  82.7,18.5,269.9921
1.89:  82.7,18.5,269.9921
1.91:  82.7,18.5,269.9921
1.93:  82.7,18.5,269.9921
1.94:  82.7,18.5,269.9921
1.96:  82.7,18.5,269.9921
1.98:  82.7,18.5,269.9921
1.99:  82.7,18.5,269.9921
2.01:  82.7,18.5,269.9921
2.03:  82.7,18.5,269.9921
2.04:  82.7,18.5,269.9921
2.06:  82.7,18.5,269.9921
2.08:  82.7,18.5,269.9921
2.09:  82.7,18.5,269.9921
2.11:  82.7,18.5,269.9921
2.13:  82.7,18.5,269.9921
2.14:  82.7,18.5,269.9921
2.16:  82.7,18.5,269.9921
2.18:  82.7,18.5,269.9921
2.19:  82.7,18.5,269.9921
2.21:  82.7,18.5,269.9921
2.23:  82.7,18.5,269.9921
2.24:  82.7,18.5,269.9921
2.26:  82.7,18.5,269.9921
2.28:  82.7,18.5,269.9921
2.29:  82.7,18.5,269.9921
2.31:  82.7,18.5,269.9921
2.33:  82.7,18.5,269.9921
2.34:  82.7,18.5,269.9921
2.36:  82.7,18.5,269.9921
2.38:  82.7,18.5,269.9921
2.39:  82.7,18.5,269.9921
2.41:  82.7,18.5,269.9921
2.43:  82.7,18.5,269.9921
2.44:  82.7,18.5,269.9921
2.46:  82.7,18.5,269.9921
2.48:  82.7,18.5,269.9921
2.49:  82.7,18.5,269.9921
2.51:  82.7,18.5,269.9921
2.53:  82.7,18.5,269.9921
2.54:  82.7,18.5,269.9921
2.56:  82.7,18.5,269.9921
2.58:  82.7,18.5,269.9921
2.59:  82.7,18.5,269.9921
2.61:  82.7,18.5,269.9921
2.63:  82.7,18.5,269.9921
2.64:  82.7,18.5,269.9921
2.66:  82.7,18.5,269.9921
2.68:  82.7,18.5,269.9921
2.69:  82.7,18.5,269.9921
2.71:  82.7,18.5,269.9921
2.73:  82.7,18.5,269.9921
2.74:  82.7,18.5,269.9921
2.76:  82.7,18.5,269.9921
2.78:  82.7,18.5,269.9901
2.79:  82.7,18.5,269.9901
2.81:  82.7,18.5,269.9901
2.83:  82.7,18.5,269.9901
2.84:  82.7,18.5,269.9901
2.86:  82.7,18.5,269.9901
2.88:  82.7,18.5,269.9901
2.89:  82.7,18.5,269.9901
2.91:  82.7,18.5,269.9901
2.93:  82.7,18.5,269.9901
2.94:  82.7,18.5,269.9901
2.96:  82.7,18.5,269.9901
2.98:  82.7,18.5,269.9901
2.99:  82.7,18.5,269.9901
3.01:  82.7,18.5,269.9901
3.03:  82.7,18.5,269.9901
3.04:  82.7,18.5,269.9901
3.06:  82.7,18.5,269.9901
3.08:  82.7,18.5,269.9901
3.09:  82.7,18.5,269.9901
3.11:  82.7,18.5,269.9901
3.13:  82.7,18.5,269.9901
3.14:  82.7,18.5,269.9901
3.16:  82.7,18.5,269.9901
3.18:  82.7,18.5,269.9901
3.19:  82.7,18.5,269.9901
3.21:  82.7,18.5,269.9901
3.23:  82.7,18.5,269.9901
3.24:  82.7,18.5,269.9901
3.26:  82.7,18.5,269.9901
3.28:  82.7,18.5,269.9901
3.29:  82.7,18.5,269.9901
3.31:  82.7,18.5,269.9901
3.33:  82.7,18.5,269.9901
3.34:  82.7,18.5,269.9901
3.36:  82.7,18.5,269.9901
3.38:  82.7,18.5,269.9901
3.39:  82.7,18.5,269.9901
3.41:  82.7,18.5,269.9901
3.43:  82.7,18.5,269.9901
3.44:  82.7,18.5,269.9901
3.46:  82.7,18.5,269.9901
3.48:  82.7,18.5,269.9901
3.49:  82.7,18.5,269.9901
3.51:  82.7,18.5,269.9901
3.53:  82.7,18.5,269.9901
3.54:  82.7,18.5,269.9901
3.56:  82.7,18.5,269.9901
3.58:  82.7,18.5,269.9901
3.59:  82.7,18.5,269.9901
3.61:  82.7,18.5,269.9901
3.63:  82.7,18.5,269.9901
3.64:  82.7,18.5,269.9901
3.66:  82.7,18.5,269.9901
3.68:  82.7,18.5,269.9901
3.69:  82.7,18.5,269.9901
3.71:  82.7,18.5,269.9901
3.73:  82.7,18.5,269.9901
3.74:  82.7,18.5,269.9901
3.76:  82.7,18.5,269.9901
3.78:  82.7,18.5,269.9901
3.79:  82.7,18.5,269.9901
3.81:  82.7,18.5,269.9901
3.83:  82.7,18.5,269.9901
3.84:  82.7,18.5,269.9901
3.86:  82.7,18.5,269.9901
3.88:  82.7,18.5,269.9901
3.89:  82.7,18.5,269.9901
3.91:  82.7,18.5,269.9901
3.93:  82.7,18.5,269.9901
3.94:  82.7,18.5,269.9901
3.96:  82.7,18.5,269.9901
3.98:  82.7,18.5,269.9901
3.99:  82.7,18.5,269.9901
4.01:  82.7,18.5,269.9901
4.03:  82.7,18.5,269.9901
4.04:  82.7,18.5,269.9901
4.06:  82.7,18.5,269.9901
4.08:  82.7,18.5,269.9901
4.09:  82.7,18.5,269.9901
4.11:  82.7,18.5,269.9901
4.13:  82.7,18.5,269.9901
4.14:  82.7,18.5,269.9901
4.16:  82.7,18.5,269.9901
4.18:  82.7,18.5,269.9901
4.19:  82.7,18.5,269.9901
4.21:  82.7,18.5,269.9901
4.23:  82.7,18.5,269.9901
4.24:  82.7,18.5,269.9901
4.26:  82.7,18.5,269.9901
4.28:  82.7,18.5,269.9901
4.29:  82.7,18.5,269.9901
4.31:  82.7,18.5,269.9901
4.33:  82.7,18.5,269.9901
4.34:  82.7,18.5,269.9901
4.36:  82.7,18.46852,269.9901
4.38:  82.67347,18.41061,269.9901
4.39:  82.62413,18.32917,269.9901
4.41:  82.54794,18.22346,269.9901
4.43:  82.43792,18.1086,269.9901
4.44:  82.28552,17.96116,269.9901
4.46:  82.09125,17.80005,269.9901
4.48:  81.9101,17.64984,269.9901
4.49:  81.7207,17.49482,269.9901
4.51:  81.53849,17.33893,269.9901
4.53:  81.36036,17.17294,269.9901
4.54:  81.18716,16.99721,269.9901
4.56:  81.02075,16.81605,269.9901
4.58:  80.87569,16.6274,269.9901
4.59:  80.72981,16.43201,269.9901
4.61:  80.58503,16.23808,269.9901
4.63:  80.4435,16.04524,269.9901
4.64:  80.3008,15.85079,269.9901
4.66:  80.1586,15.65703,269.9901
4.68:  80.01712,15.46426,269.9901
4.69:  79.87527,15.27098,269.9901
4.71:  79.73732,15.09109,269.9901
4.73:  79.64727,14.9864,269.9901
4.74:  79.64727,14.9864,269.9901
4.76:  79.64727,14.9864,269.9901
4.78:  79.64727,14.9864,269.9901
4.79:  79.64727,14.9864,269.9901
4.81:  79.64727,14.9864,269.9881
4.83:  79.64727,14.9864,269.9544
4.84:  79.64727,14.9864,269.9018
4.86:  79.64727,14.9864,269.8174
4.88:  79.64727,14.9864,269.6253
4.89:  79.64727,14.9864,269.2303
4.91:  79.64727,14.9864,268.5439
4.93:  79.64727,14.9864,267.8637
4.94:  79.64727,14.9864,267.1836
4.96:  79.64772,14.97907,266.5034
4.98:  79.65039,14.94256,265.817
4.99:  79.67834,14.87582,265.0925
5.01:  79.77023,14.76909,264.349
5.03:  79.91035,14.62093,263.6055
5.04:  80.07184,14.45039,262.8493
5.06:  80.24118,14.26594,262.0677
5.08:  80.4127,14.08421,261.2798
5.09:  80.58652,13.90505,260.492
5.11:  80.76116,13.72992,259.7041
5.13:  80.94576,13.53577,258.9162
5.14:  81.10815,13.34848,258.1283
5.16:  81.26664,13.15082,257.3405
5.18:  81.40488,12.95289,256.5526
5.19:  81.54362,12.74515,255.7647
5.21:  81.68996,12.53094,254.9768
5.23:  81.83228,12.32465,254.1889
5.24:  81.97097,12.1202,253.4011
5.26:  82.1038,11.90731,252.6132
5.28:  82.22934,11.68917,251.8253
5.29:  82.35474,11.46765,251.0374
5.31:  82.47168,11.24365,250.2495
5.33:  82.58192,11.019,249.4617
5.34:  82.69691,10.79258,248.6738
5.36:  82.81105,10.57007,247.8859
5.38:  82.92728,10.35095,247.098
5.39:  83.04913,10.12869,246.3102
5.41:  83.17259,9.910658,245.5223
5.43:  83.29865,9.695016,244.7344
5.44:  83.42887,9.479099,243.9465
5.46:  83.55464,9.263067,243.1586
5.48:  83.67051,9.041715,242.3708
5.49:  83.78983,8.821196,241.5829
5.51:  83.91164,8.603279,240.795
5.53:  84.03589,8.388019,240.0071
5.54:  84.16385,8.173195,239.2193
5.56:  84.29589,7.958305,238.4314
5.58:  84.42841,7.749144,237.6435
5.59:  84.54768,7.525782,236.8556
5.61:  84.62417,7.284729,236.0677
5.63:  84.65669,7.042538,235.2799
5.64:  84.64922,6.791828,234.492
5.66:  84.61992,6.555556,233.7041
5.68:  84.57227,6.313612,232.9162
5.69:  84.51639,6.076977,232.1284
5.71:  84.46056,5.832448,231.3405
5.73:  84.40855,5.598311,230.5526
5.74:  84.35878,5.358758,229.7647
5.76:  84.31263,5.120386,228.9832
5.78:  84.26865,4.884155,228.2207
5.79:  84.22837,4.642992,227.5088
5.81:  84.19113,4.403869,226.8794
5.83:  84.15609,4.166034,226.4084
5.84:  84.11992,3.92508,226.2099
5.86:  84.0853,3.684261,226.208
5.88:  84.05104,3.445912,226.208
5.89:  84.0181,3.203139,226.208
5.91:  83.9835,2.962493,226.208
5.93:  83.94078,2.729671,226.208
5.94:  83.86742,2.566882,226.208
5.96:  83.83994,2.540536,226.208
5.98:  83.83994,2.540536,226.1996
5.99:  83.8332,2.547563,226.1913
6.01:  83.8182,2.563195,226.1893
6.03:  83.79613,2.586186,226.1747
6.04:  83.77065,2.612716,226.1537
6.06:  83.75708,2.630384,226.1264
6.08:  83.75708,2.630384,226.0737
6.09:  83.75708,2.630384,226.002
6.11:  83.79437,2.592039,225.7972
6.13:  83.87758,2.352924,225.2755
6.14:  83.954,2.123728,224.4876
6.16:  84.02538,1.882518,223.6998
6.18:  84.08737,1.639685,222.9119
6.19:  84.12173,1.40867,222.124
6.21:  84.10861,1.221223,221.3361
6.23:  84.04959,1.084228,220.5482
6.24:  83.97984,1.000398,219.7604
6.26:  83.96622,0.9835724,219.0042
6.28:  83.94497,1.000551,218.6283
6.29:  83.88522,1.048342,218.6556
6.31:  83.81952,1.186244,218.7843
6.33:  83.74961,1.406199,219.0145
6.34:  83.68681,1.639223,219.4474
6.36:  83.62804,1.875264,220.0769
6.38:  83.57302,2.117277,220.7823
6.39:  83.53514,2.320614,221.5132
6.41:  83.51862,2.411655,222.244
6.43:  83.51862,2.411655,222.9749
6.44:  83.51862,2.411655,223.6867
6.46:  83.49683,2.325345,224.3161
6.48:  83.4695,2.087185,224.9329
6.49:  83.43938,1.847332,225.5433
6.51:  83.40714,1.610341,226.1347
6.53:  83.37195,1.366962,226.7071
6.54:  83.33294,1.126145,227.2288
6.56:  83.28693,0.8849553,227.6681
6.58:  83.23718,0.6503887,228.044
6.59:  83.17708,0.4067329,228.3375
6.61:  83.10843,0.1677103,228.6247
6.63:  83.02763,-0.06930591,228.9182
6.64:  82.93642,-0.3107178,229.3068
6.66:  82.84873,-0.5281498,229.8031
6.68:  82.7524,-0.7560936,230.4833
6.69:  82.64923,-0.9831597,231.2522
6.71:  82.53677,-1.216539,232.04
6.73:  82.42691,-1.431944,232.8279
6.74:  82.31037,-1.648169,233.6158
6.76:  82.19247,-1.864426,234.4037
6.78:  82.07155,-2.07914,235.1915
6.79:  81.94442,-2.293346,235.9794
6.81:  81.81752,-2.504861,236.7673
6.83:  81.68795,-2.714231,237.5552
6.84:  81.55259,-2.922264,238.343
6.86:  81.412,-3.136072,239.1309
6.88:  81.27456,-3.338969,239.9188
6.89:  81.13351,-3.537332,240.7067
6.91:  80.98959,-3.737698,241.4946
6.93:  80.84485,-3.940874,242.2825
6.94:  80.703,-4.14172,243.0703
6.96:  80.56251,-4.348022,243.8582
6.98:  80.44409,-4.562441,244.6461
6.99:  80.33494,-4.793735,245.434
7.01:  80.25666,-5.013745,246.2218
7.03:  80.17954,-5.246126,247.0097
7.04:  80.11391,-5.479259,247.7976
7.06:  80.05227,-5.711395,248.5855
7.08:  79.99521,-5.946533,249.31
7.09:  79.93736,-6.182361,249.9331
7.11:  79.87534,-6.41829,250.3977
7.13:  79.81448,-6.659317,250.6405
7.14:  79.75255,-6.890773,250.6489
7.16:  79.6797,-7.118292,250.6489
7.18:  79.58904,-7.342724,250.6489
7.19:  79.48242,-7.564799,250.6469
7.21:  79.35169,-7.772731,250.6385
7.23:  79.21475,-7.974927,250.6366
7.24:  79.06716,-8.176966,250.6283
7.26:  78.91645,-8.378564,250.6263
7.28:  78.76204,-8.577214,250.6263
7.29:  78.60367,-8.778734,250.6346
7.31:  78.44429,-8.977753,250.6936
7.33:  78.27918,-9.179158,250.8794
7.34:  78.11791,-9.361737,251.268
7.36:  77.94692,-9.541913,251.8404
7.38:  77.77657,-9.717318,252.5015
7.39:  77.59281,-9.898449,253.2513
7.41:  77.41409,-10.0653,254.0392
7.43:  77.2326,-10.23012,254.8271
7.44:  77.04869,-10.39259,255.615
7.46:  76.86121,-10.55656,256.4029
7.48:  76.67218,-10.7145,257.1907
7.49:  76.4786,-10.87178,257.9786
7.51:  76.28497,-11.02473,258.7665
7.53:  76.08653,-11.17569,259.5544
7.54:  75.8879,-11.32664,260.3423
7.56:  75.69531,-11.49332,261.1301
7.58:  75.50565,-11.66181,261.918
7.59:  75.32397,-11.82411,262.7059
7.61:  75.14243,-11.9936,263.4938
7.63:  74.95631,-12.16468,264.2817
7.64:  74.77685,-12.32772,265.0695
7.66:  74.59561,-12.48986,265.8574
7.68:  74.41219,-12.65202,266.6453
7.69:  74.2246,-12.81077,267.4332
7.71:  74.03774,-12.96455,268.2211
7.73:  73.84723,-13.11699,269.0089
7.74:  73.65264,-13.27082,269.7968
7.76:  73.45691,-13.41879,270.5847
7.78:  73.25351,-13.5682,271.3726
7.79:  73.05721,-13.70829,272.1604
7.81:  72.85744,-13.84675,272.9483
7.83:  72.65647,-13.9843,273.7362
7.84:  72.45143,-14.11822,274.5241
7.86:  72.24459,-14.24929,275.312
7.88:  72.03859,-14.37814,276.0998
7.89:  71.82826,-14.50345,276.8877
7.91:  71.61716,-14.62755,277.6756
7.93:  71.40365,-14.74693,278.4635
7.94:  71.18552,-14.8651,279.226
7.96:  70.96219,-14.98247,279.9505
7.98:  70.75179,-15.0899,280.6243
7.99:  70.53189,-15.19921,281.2411
8.01:  70.31124,-15.3065,281.7437
8.03:  70.08516,-15.41478,282.0816
8.04:  69.86957,-15.51765,282.166
8.06:  69.64816,-15.62329,282.166
8.08:  69.43083,-15.72698,282.166
8.09:  69.20836,-15.83314,282.166
8.11:  68.98899,-15.93781,282.164
8.13:  68.75853,-16.05003,282.162
8.14:  68.54793,-16.15055,282.16
8.16:  68.32291,-16.25795,282.1581
8.18:  68.10553,-16.36175,282.1497
8.19:  67.88298,-16.46802,282.1478
8.21:  67.65459,-16.57709,282.1458
8.23:  67.43709,-16.68309,282.1438
8.24:  67.21861,-16.78744,282.1418
8.26:  67.00001,-16.89187,282.1398
8.28:  66.78082,-16.99659,282.1378
8.29:  66.55854,-17.10279,282.1359
8.31:  66.33765,-17.20834,282.1339
8.33:  66.10935,-17.31965,282.1319
8.34:  65.89527,-17.42404,282.1299
8.36:  65.67305,-17.53241,282.1279
8.38:  65.4547,-17.63682,282.1196
8.39:  65.23241,-17.74527,282.1176
8.41:  65.01092,-17.85334,282.1157
8.43:  64.79229,-17.96003,282.1137
8.44:  64.57124,-18.06574,282.1137
8.46:  64.34789,-18.17475,282.1117
8.48:  64.12952,-18.27919,282.1117
8.49:  63.90643,-18.3859,282.1117
8.51:  63.68533,-18.49165,282.1117
8.53:  63.46683,-18.59615,282.1137
8.54:  63.24675,-18.70137,282.122
8.56:  63.01629,-18.81104,282.2254
8.58:  62.80032,-18.91272,282.4619
8.59:  62.57846,-19.01534,282.8504
8.61:  62.35857,-19.11475,283.3468
8.63:  62.13474,-19.21522,283.9509
8.64:  61.90867,-19.31144,284.6183
8.66:  61.68048,-19.40517,285.3428
8.68:  61.45381,-19.49673,286.1307
8.69:  61.22669,-19.58485,286.9186
8.71:  60.99277,-19.66984,287.7065
8.73:  60.76403,-19.7494,288.4943
8.74:  60.53146,-19.82673,289.2822
8.76:  60.29864,-19.9006,290.0701
8.78:  60.06494,-19.97123,290.858
8.79:  59.82796,-20.0393,291.6459
8.81:  59.59183,-20.10363,292.4337
8.83:  59.35799,-20.17295,293.2216
8.84:  59.1199,-20.24751,294.0095
8.86:  58.88301,-20.3254,294.7974
8.88:  58.65429,-20.40419,295.5852
8.89:  58.4229,-20.48401,296.3731
8.91:  58.19086,-20.56417,297.161
8.93:  57.9631,-20.64121,297.9489
8.94:  57.73003,-20.71827,298.7368
8.96:  57.49515,-20.79235,299.5246
8.98:  57.26292,-20.86211,300.3125
8.99:  57.02615,-20.92969,301.1004
9.01:  56.79036,-20.99522,301.8883
9.03:  56.55414,-21.05567,302.6761
9.04:  56.31586,-21.11317,303.4641
9.06:  56.07538,-21.16771,304.2519
9.08:  55.83893,-21.21794,305.0398
9.09:  55.59684,-21.26588,305.8277
9.11:  55.35601,-21.31015,306.6155
9.13:  55.10528,-21.35268,307.4034
9.14:  54.87492,-21.38851,308.1913
9.16:  54.62987,-21.42317,308.9792
9.18:  54.39002,-21.45385,309.7417
9.19:  54.14642,-21.48188,310.4662
9.21:  53.90242,-21.50873,311.14
9.23:  53.66011,-21.5311,311.7568
9.24:  53.4164,-21.55125,312.3038
9.26:  53.16989,-21.56982,312.7241
9.28:  52.92826,-21.58669,313.0366
9.29:  52.6822,-21.60302,313.2351
9.31:  52.43827,-21.61873,313.3448
9.33:  52.18959,-21.63461,313.3785
9.34:  51.94648,-21.65012,313.3805
9.36:  51.70489,-21.66556,313.3721
9.38:  51.46473,-21.68101,313.3511
9.39:  51.2195,-21.69703,313.2921
9.41:  50.9665,-21.71391,313.2141
9.43:  50.72551,-21.73038,313.1234
9.44:  50.48938,-21.74704,312.9946
9.46:  50.24197,-21.76549,312.7645
9.48:  50.00038,-21.78495,312.4266
9.49:  49.75574,-21.80643,312.0127
9.51:  49.51198,-21.82991,311.529
9.53:  49.26136,-21.8565,310.9756
9.54:  49.02095,-21.88459,310.3652
9.56:  48.77879,-21.91559,309.7358
9.58:  48.54243,-21.94857,309.0873
9.59:  48.29887,-21.98543,308.4262
9.61:  48.06023,-22.02442,307.7524
9.63:  47.81853,-22.06683,307.0786
9.64:  47.57349,-22.11452,306.4048
9.66:  47.33441,-22.16232,305.7247
9.68:  47.09761,-22.21276,305.0065
9.69:  46.85802,-22.26706,304.263
9.71:  46.6202,-22.32431,303.4941
9.73:  46.38486,-22.38438,302.7126
9.74:  46.14286,-22.44968,301.9311
9.76:  45.90749,-22.51667,301.1432
9.78:  45.67607,-22.58771,300.3553
9.79:  45.44173,-22.66318,299.5674
9.81:  45.20828,-22.74192,298.7795
9.83:  44.97158,-22.82361,297.9917
9.84:  44.74696,-22.90459,297.2038
9.86:  44.51511,-22.98438,296.4159
9.88:  44.28241,-23.05176,295.628
9.89:  44.04139,-23.11783,294.8401
9.91:  43.80233,-23.17222,294.0522
9.93:  43.56266,-23.21974,293.2644
9.94:  43.3097,-23.25448,292.4765
9.96:  43.05482,-23.2696,291.6886
9.98:  42.80415,-23.24653,290.9007
9.99:  42.55097,-23.20388,290.1129
10.01:  42.31276,-23.1307,289.325
10.03:  42.07819,-23.05204,288.5371
10.04:  41.83701,-22.97484,287.7492
10.06:  41.59797,-22.90193,286.9613
10.08:  41.36091,-22.83318,286.1735
10.09:  41.11882,-22.76656,285.3856
10.11:  40.87791,-22.70382,284.5977
10.13:  40.63728,-22.63202,283.8098
10.14:  40.39455,-22.56063,283.0219
10.16:  40.15436,-22.48848,282.2341
10.18:  39.91598,-22.4154,281.4462
10.19:  39.67373,-22.33963,280.6583
10.21:  39.43541,-22.25856,279.8704
10.23:  39.19786,-22.17382,279.0826
10.24:  38.95829,-22.08643,278.2947
10.26:  38.72155,-22.00374,277.5068
10.28:  38.47872,-21.92319,276.7189
10.29:  38.23367,-21.84562,275.931
10.31:  37.99186,-21.75961,275.1432
10.33:  37.75983,-21.6663,274.3553
10.34:  37.52614,-21.57019,273.5674
10.36:  37.2949,-21.47043,272.7795
10.38:  37.06631,-21.37212,271.9916
10.39:  36.83747,-21.27397,271.2038
10.41:  36.60997,-21.18007,270.4159
10.43:  36.3786,-21.08829,269.628
10.44:  36.14391,-20.99398,268.8401
10.46:  35.91983,-20.88649,268.0522
10.48:  35.69503,-20.78243,267.2643
10.49:  35.4666,-20.68048,266.4765
10.51:  35.2413,-20.5824,265.6886
10.53:  35.01785,-20.47822,264.9007
10.54:  34.78502,-20.37491,264.1129
10.56:  34.55507,-20.27531,263.325
10.58:  34.32725,-20.18034,262.5371
10.59:  34.10301,-20.07594,261.7492
10.61:  33.88062,-19.97239,260.9613
10.63:  33.65963,-19.87316,260.1735
10.64:  33.4334,-19.77529,259.3856
10.66:  33.20846,-19.67575,258.5977
10.68:  32.98903,-19.57331,257.8098
10.69:  32.76645,-19.46713,257.0219
10.71:  32.53759,-19.35351,256.2341
10.73:  32.31881,-19.24482,255.4462
10.74:  32.10539,-19.13312,254.6583
10.76:  31.8959,-19.01564,253.8704
10.78:  31.68813,-18.89704,253.0826
10.79:  31.4741,-18.77087,252.2947
10.81:  31.26154,-18.63774,251.5068
10.83:  31.05838,-18.50558,250.7189
10.84:  30.85004,-18.36996,249.931
10.86:  30.64759,-18.23577,249.1432
10.88:  30.44437,-18.09608,248.3553
10.89:  30.24847,-17.9557,247.5674
10.91:  30.05463,-17.80907,246.7795
10.93:  29.86378,-17.66058,245.9916
10.94:  29.67229,-17.51308,245.2038
10.96:  29.4735,-17.35719,244.4159
10.98:  29.28068,-17.20339,243.628
10.99:  29.08986,-17.04276,242.8401
11.01:  28.89718,-16.88382,242.0522
11.03:  28.70433,-16.73035,241.2644
11.04:  28.50826,-16.57867,240.4765
11.06:  28.30964,-16.42934,239.6886
11.08:  28.10403,-16.28198,238.9007
11.09:  27.90662,-16.14189,238.1129
11.11:  27.70562,-16.00336,237.325
11.13:  27.49832,-15.86351,236.5371
11.14:  27.28804,-15.72583,235.7492
11.16:  27.07989,-15.59733,234.9613
11.18:  26.85267,-15.46563,234.1735
11.19:  26.62455,-15.37415,233.3856
11.21:  26.37981,-15.3021,232.5977
11.23:  26.14246,-15.24321,231.8098
11.24:  25.88937,-15.19367,231.0219
11.26:  25.63868,-15.14977,230.2341
11.28:  25.39216,-15.11008,229.4462
11.29:  25.13881,-15.07638,228.6583
11.31:  24.8887,-15.04475,227.8704
11.33:  24.63995,-15.0271,227.0826
11.34:  24.38595,-15.0161,226.2947
11.36:  24.13047,-15.01558,225.5068
11.38:  23.88023,-15.02024,224.7189
11.39:  23.62609,-15.02846,223.931
11.41:  23.37282,-15.04015,223.1432
11.43:  23.12161,-15.0552,222.3553
11.44:  22.87107,-15.07368,221.5674
11.46:  22.61598,-15.09602,220.7795
11.48:  22.36626,-15.12136,219.9916
11.49:  22.11308,-15.15056,219.2038
11.51:  21.86363,-15.1811,218.4159
11.53:  21.61674,-15.21475,217.6344
11.54:  21.36608,-15.2524,216.8528
11.56:  21.11727,-15.29311,216.103
11.58:  20.8731,-15.33635,215.3531
11.59:  20.62279,-15.38403,214.6096
11.61:  20.3772,-15.43413,213.8661
11.63:  20.12492,-15.48903,213.1162
11.64:  19.88576,-15.54438,212.3664
11.66:  19.63235,-15.60649,211.6228
11.68:  19.39444,-15.66806,210.8857
11.69:  19.15285,-15.73391,210.1485
11.71:  18.91574,-15.80186,209.405
11.73:  18.67433,-15.87441,208.6678
11.74:  18.43465,-15.94981,207.9306
11.76:  18.19532,-16.02851,207.1935
11.78:  17.96017,-16.1092,206.4563
11.79:  17.72239,-16.19419,205.7254
11.81:  17.48574,-16.28221,204.9946
11.83:  17.25334,-16.37203,204.2638
11.84:  17.0219,-16.46483,203.5456
11.86:  16.78541,-16.56311,202.8275
11.88:  16.55816,-16.66088,202.1156
11.89:  16.32555,-16.76435,201.4165
11.91:  16.09764,-16.86904,200.7237
11.93:  15.87203,-16.97599,200.0309
11.94:  15.64695,-17.08602,199.3444
11.96:  15.41986,-17.20039,198.6642
11.98:  15.19917,-17.3148,197.9904
11.99:  14.97487,-17.43446,197.3167
12.01:  14.75584,-17.55457,196.6555
12.03:  14.53744,-17.67764,195.9944
12.04:  14.31805,-17.80462,195.3333
12.06:  14.10202,-17.93297,194.6785
12.08:  13.89107,-18.0596,194.0237
12.09:  13.67759,-18.18689,193.388
12.11:  13.45556,-18.30443,192.7649
12.13:  13.21494,-18.38201,192.1481
12.14:  12.95057,-18.39543,191.5314
12.16:  12.71071,-18.34917,190.9146
12.18:  12.46662,-18.3048,190.3042
12.19:  12.21415,-18.22785,189.6874
12.21:  11.99195,-18.11712,189.0707
12.23:  11.76288,-17.96765,188.4603
12.24:  11.56292,-17.81369,187.8498
12.26:  11.37268,-17.64237,187.2394
12.28:  11.19751,-17.46755,186.629
12.29:  11.02354,-17.2776,186.0186
12.31:  10.86515,-17.08337,185.4082
12.33:  10.71201,-16.87436,184.7977
12.34:  10.575,-16.67145,184.1937
12.36:  10.46461,-16.45014,183.5833
12.38:  10.35277,-16.23185,182.9665
12.39:  10.24786,-16.00714,182.3054
12.41:  10.159,-15.77747,181.5999
12.43:  10.07648,-15.53592,180.831
12.44:  10.01038,-15.30626,180.0431
12.46:  9.952965,-15.06288,179.2553
12.48:  9.905375,-14.8221,178.4674
12.49:  9.872867,-14.57224,177.6795
12.51:  9.844849,-14.32663,176.8916
12.53:  9.828001,-14.07927,176.1038
12.54:  9.806932,-13.82214,175.3159
12.56:  9.783319,-13.57563,174.528
12.58:  9.756803,-13.3339,173.7401
12.59:  9.725748,-13.08272,172.9522
12.61:  9.691997,-12.83746,172.1644
12.63:  9.654465,-12.58998,171.3765
12.64:  9.539273,-12.41633,170.5886
12.66:  9.400446,-12.24613,169.8007
12.68:  9.27771,-12.05588,169.0128
12.69:  9.167393,-11.84601,168.2249
12.71:  9.075657,-11.61843,167.4371
12.73:  9.009177,-11.38068,166.6492
12.74:  8.947131,-11.13437,165.8613
12.76:  8.882915,-10.89348,165.0734
12.78:  8.797886,-10.66291,164.2856
12.79:  8.664911,-10.45756,163.4977
12.81:  8.506241,-10.27816,162.7098
12.83:  8.328185,-10.11481,161.9219
12.84:  8.142908,-9.949473,161.134
12.86:  7.955711,-9.78982,160.3462
12.88:  7.770696,-9.63364,159.5583
12.89:  7.577158,-9.477564,158.7704
12.91:  7.383767,-9.325948,157.9825
12.93:  7.190448,-9.178636,157.1946
12.94:  6.990618,-9.03066,156.4068
12.96:  6.790637,-8.882633,155.6189
12.98:  6.599944,-8.737711,154.831
12.99:  6.414966,-8.577791,154.0431
13.01:  6.234356,-8.410353,153.2552
13.03:  6.078947,-8.221885,152.4674
13.04:  5.949076,-8.007059,151.6795
13.06:  5.82697,-7.787753,150.8916
13.08:  5.704088,-7.574022,150.1037
13.09:  5.5758,-7.357824,149.3159
13.11:  5.445752,-7.145372,148.528
13.13:  5.312296,-6.933939,147.7401
13.14:  5.18684,-6.713823,146.9522
13.16:  5.059372,-6.49716,146.1643
13.18:  4.931479,-6.286458,145.3765
13.19:  4.797504,-6.072426,144.5886
13.21:  4.662129,-5.86263,143.8007
13.23:  4.521857,-5.647135,143.0128
13.24:  4.383303,-5.444846,142.2249
13.26:  4.240771,-5.23852,141.4371
13.28:  4.097064,-5.03649,140.6492
13.29:  3.948057,-4.832994,139.8613
13.31:  3.797184,-4.632783,139.0734
13.33:  3.641816,-4.436391,138.2856
13.34:  3.484921,-4.239686,137.4977
13.36:  3.324648,-4.048163,136.7098
13.38:  3.163394,-3.860765,135.9219
13.39:  2.996561,-3.668439,135.134
13.41:  2.830403,-3.482131,134.3462
13.43:  2.66271,-3.299227,133.5583
13.44:  2.495538,-3.107421,132.7704
13.46:  2.335902,-2.91425,131.9825
13.48:  2.182294,-2.721837,131.1946
13.49:  2.024372,-2.525669,130.4068
13.51:  1.868305,-2.329616,129.6189
13.53:  1.720699,-2.129802,128.831
13.54:  1.575452,-1.928823,128.0431
13.56:  1.427857,-1.726417,127.2552
13.58:  1.282278,-1.531279,126.4674
13.59:  1.130795,-1.333947,125.6795
13.61:  0.9953039,-1.130193,124.8916
13.63:  0.8636236,-0.9203216,124.1037
13.64:  0.7294121,-0.7109758,123.3158
13.66:  0.6033797,-0.5025849,122.528
13.68:  0.4735163,-0.2985246,121.7401
13.69:  0.3405384,-0.09171453,120.9522
13.71:  0.2035749,0.1190805,120.1643
13.73:  0.07997727,0.315014,119.3764
13.74:  -0.03515464,0.5385398,118.5886
13.76:  -0.1442567,0.7520644,117.8007
13.78:  -0.2564544,0.9686762,117.0128
13.79:  -0.3665807,1.18899,116.2249
13.81:  -0.4763711,1.404519,115.437
13.83:  -0.5809383,1.621853,114.6492
13.84:  -0.6705487,1.843992,113.8613
13.86:  -0.7486103,2.075198,113.0734
13.88:  -0.8231204,2.301959,112.2855
13.89:  -0.8998918,2.530972,111.4977
13.91:  -0.9785288,2.755266,110.7098
13.93:  -1.061189,2.981045,109.9219
13.94:  -1.15327,3.216719,109.134
13.96:  -1.23975,3.434208,108.3461
13.98:  -1.329795,3.651897,107.5583
13.99:  -1.427417,3.874234,106.7704
14.01:  -1.525303,4.093599,105.9825
14.03:  -1.627146,4.309236,105.1946
14.04:  -1.73483,4.529353,104.4067
14.06:  -1.841523,4.744178,103.6189
14.08:  -1.952743,4.956523,102.831
14.09:  -2.06586,5.169379,102.0431
14.11:  -2.186067,5.388261,101.2552
14.13:  -2.302883,5.594205,100.4674
14.14:  -2.419701,5.79371,99.67947
14.16:  -2.545517,6.001959,98.89159
14.18:  -2.670934,6.203242,98.10371
14.19:  -2.802469,6.408016,97.31583
14.21:  -2.932342,6.60761,96.52795
14.23:  -3.064066,6.804085,95.74008
14.24:  -3.200669,7.001901,94.9522
14.26:  -3.34005,7.19469,94.16432
14.28:  -3.483388,7.387316,93.37645
14.29:  -3.630836,7.57988,92.58857
14.31:  -3.779263,7.768297,91.80069
14.33:  -3.926521,7.952984,91.01281
14.34:  -4.082158,8.13975,90.22494
14.36:  -4.234221,8.320059,89.43705
14.38:  -4.390147,8.499874,88.64917
14.39:  -4.550437,8.679665,87.86129
14.41:  -4.709182,8.855665,87.07342
14.43:  -4.87089,9.027303,86.28554
14.44:  -5.03923,9.203402,85.49765
14.46:  -5.207912,9.375145,84.72245
14.48:  -5.376759,9.542949,84.02964
14.49:  -5.549684,9.709008,83.41922
14.51:  -5.723433,9.873173,82.95457
14.53:  -5.896617,10.03488,82.61668
14.54:  -6.020081,10.19856,82.38654
14.56:  -6.020081,10.36063,82.16907
14.58:  -6.020081,10.51812,81.96427
14.59:  -6.020081,10.67938,81.81652
14.61:  -6.020081,10.84108,81.74483
14.63:  -6.020081,10.99923,81.70482
14.64:  -6.020081,11.15967,81.67115
14.66:  -6.020081,11.3194,81.63747
14.68:  -6.020081,11.47783,81.61015
14.69:  -6.020081,11.6402,81.57648
14.71:  -6.020081,11.80456,81.54915
14.73:  -6.020081,11.9622,81.51547
14.74:  -6.020081,12.11968,81.48814
14.76:  -6.02122,12.28343,81.45448
14.78:  -6.028378,12.46965,81.4208
14.79:  -6.038946,12.67714,81.39347
14.81:  -6.04811,12.90266,81.35981
14.83:  -6.061277,13.14189,81.33247
14.84:  -6.066679,13.39192,81.30515
14.86:  -6.067417,13.63946,81.27781
14.88:  -6.029788,13.87395,81.2378
14.89:  -5.929509,14.09661,81.19779
14.91:  -5.793669,14.29432,81.15145
14.93:  -5.632057,14.46931,81.11144
14.94:  -5.458458,14.63933,81.0651
14.96:  -5.273121,14.80278,81.01875
14.98:  -5.080234,14.94881,80.97874
14.99:  -4.880104,15.09355,80.94507
15.01:  -4.679689,15.23446,80.94309
15.03:  -4.477838,15.37507,80.94309
15.04:  -4.272437,15.51816,80.94309
15.06:  -4.069337,15.65963,80.94507
15.08:  -3.868989,15.79914,80.95339
15.09:  -3.664789,15.94122,80.97439
15.11:  -3.458936,16.08427,81.00805
15.13:  -3.253877,16.22384,81.07975
15.14:  -3.044176,16.36605,81.1768
15.16:  -2.835176,16.50446,81.29919
15.18:  -2.616791,16.64842,81.4216
15.19:  -2.409063,16.78468,81.55034
15.21:  -2.20438,16.91829,81.67908
15.23:  -1.99198,17.0563,81.80148
15.24:  -1.781575,17.19236,81.92388
15.26:  -1.568989,17.32916,82.05262
15.28:  -1.360626,17.46258,82.18137
15.29:  -1.146981,17.59871,82.3101
15.31:  -0.9350365,17.73306,82.44518
15.33:  -0.7255163,17.86514,82.58659
15.34:  -0.5091024,18.00072,82.74701
15.36:  -0.2938674,18.13342,82.92646
15.38:  -0.07632476,18.25494,83.13125
15.39:  0.1509681,18.36086,83.45012
15.41:  0.3840831,18.4547,83.86406
15.43:  0.6235505,18.54456,84.39843
15.44:  0.8623359,18.62866,85.0342
15.46:  1.110112,18.70673,85.75237
15.48:  1.35482,18.7754,86.49587
15.49:  1.604005,18.83167,87.28374
15.51:  1.850395,18.87642,88.07163
15.53:  2.099426,18.9083,88.8595
15.54:  2.352899,18.93224,89.64738
15.56:  2.602494,18.94746,90.43527
15.58:  2.851417,18.95678,91.22315
15.59:  3.10056,18.96024,92.01104
15.61:  3.353399,18.9578,92.79891
15.63:  3.610597,18.94168,93.58679
15.64:  3.857465,18.92279,94.37466
15.66:  4.105945,18.90034,95.16254
15.68:  4.346776,18.87524,95.95042
15.69:  4.596895,18.84569,96.73829
15.71:  4.845239,18.81288,97.52618
15.73:  5.092178,18.77704,98.25701
15.74:  5.339916,18.73833,98.8801
15.76:  5.587601,18.6976,99.33842
15.78:  5.830929,18.65631,99.63194
15.79:  6.080637,18.61332,99.76701
15.81:  6.326077,18.57101,99.78167
15.83:  6.569015,18.52906,99.79632
15.84:  6.820234,18.48565,99.80464
15.86:  7.065347,18.44325,99.81297
15.88:  7.310526,18.40081,99.82128
15.89:  7.554407,18.35855,99.8296
15.91:  7.803985,18.31528,99.83791
15.93:  8.047334,18.27304,99.84624
15.94:  8.297361,18.22961,99.85455
15.96:  8.544806,18.18658,99.86287
15.98:  8.785626,18.14468,99.87119
15.99:  9.034019,18.10139,99.88584
16.01:  9.282576,18.05804,99.89416
16.03:  9.5245,18.0158,99.90248
16.04:  9.775143,17.97201,99.9108
16.06:  10.02028,17.92914,99.91911
16.08:  10.26493,17.88632,99.92743
16.09:  10.51292,17.84288,99.93575
16.11:  10.75894,17.79975,99.94407
16.13:  11.00256,17.75695,99.96506
16.14:  11.2638,17.71077,100.0241
16.16:  11.49915,17.66871,100.1338
16.18:  11.74284,17.62433,100.3196
16.19:  11.9903,17.57796,100.6131
16.21:  12.23473,17.53042,101.008
16.23:  12.47836,17.48088,101.4917
16.24:  12.73482,17.42628,102.0197
16.26:  12.96848,17.37414,102.5794
16.28:  13.20994,17.31775,103.1455
16.29:  13.45531,17.25782,103.7242
16.31:  13.69808,17.19843,104.3093
16.33:  13.93833,17.14204,104.8943
16.34:  14.18454,17.08416,105.4731
16.36:  14.42573,17.02736,106.0581
16.38:  14.66973,16.96979,106.6432
16.39:  14.91694,16.91641,107.2283
16.41:  15.16325,16.86558,107.8133
16.43:  15.40903,16.81721,108.3984
16.44:  15.66391,16.76689,108.9835
16.46:  15.91217,16.72019,109.5685
16.48:  16.15644,16.67886,110.1536
16.49:  16.41047,16.63572,110.7323
16.51:  16.66233,16.59764,111.3047
16.53:  16.91397,16.55959,111.8391
16.54:  17.17788,16.51758,112.2847
16.56:  17.42449,16.47675,112.6416
16.58:  17.67503,16.43395,112.9352
16.59:  17.93031,16.38905,113.216
16.61:  18.17999,16.34393,113.4842
16.63:  18.44178,16.29538,113.746
16.64:  18.68454,16.24922,114.0078
16.66:  18.94145,16.19914,114.2697
16.68:  19.19088,16.14929,114.5442
16.69:  19.44268,16.09756,114.8504
16.71:  19.69413,16.04414,115.2326
16.73:  19.94296,15.98915,115.7036
16.74:  20.19537,15.93071,116.276
16.76:  20.44252,15.87051,116.9308
16.78:  20.69098,15.80667,117.6489
16.79:  20.9408,15.73908,118.3798
16.81:  21.19017,15.67065,119.117
16.83:  21.43382,15.59792,119.8605
16.84:  21.68113,15.52059,120.604
16.86:  21.93451,15.44033,121.3475
16.88:  22.17818,15.36526,122.091
16.89:  22.4175,15.29294,122.8345
16.91:  22.66493,15.22279,123.5717
16.93:  22.91034,15.16104,124.2962
16.94:  23.16279,15.10582,124.9573
16.96:  23.41405,15.05839,125.5424
16.98:  23.66249,15.00786,126.0768
16.99:  23.91234,14.95716,126.5541
17.01:  24.16021,14.9081,127.0187
17.03:  24.40523,14.85752,127.4834
17.04:  24.65033,14.80592,127.9544
17.06:  24.90044,14.75342,128.419
17.08:  25.14359,14.70032,128.8837
17.09:  25.39153,14.64176,129.3546
17.11:  25.63334,14.58254,129.8256
17.13:  25.87525,14.52118,130.2966
17.14:  26.12182,14.45648,130.7676
17.16:  26.36151,14.39145,131.2449
17.18:  26.60324,14.32597,131.7222
17.19:  26.84848,14.25478,132.2502
17.21:  27.09566,14.18017,132.8607
17.23:  27.33352,14.10759,133.5345
17.24:  27.56966,14.02998,134.259
17.26:  27.80512,13.94901,135.0405
17.28:  28.03912,13.86494,135.8284
17.29:  28.28064,13.77439,136.6163
17.31:  28.50795,13.68558,137.4041
17.33:  28.74474,13.5917,138.192
17.34:  28.97485,13.49679,138.9799
17.36:  29.20966,13.39613,139.7678
17.38:  29.43842,13.29433,140.5556
17.39:  29.6685,13.18812,141.3435
17.41:  29.89591,13.07933,142.1314
17.43:  30.11917,12.96873,142.9193
17.44:  30.34468,12.85312,143.7072
17.46:  30.56964,12.73386,144.4951
17.48:  30.78853,12.61393,145.2829
17.49:  31.01042,12.48836,146.0708
17.51:  31.22533,12.36432,146.808
17.53:  31.43593,12.23696,147.4754
17.54:  31.65215,12.10191,148.0542
17.56:  31.86068,11.96917,148.5442
17.58:  32.07462,11.8335,148.9454
17.59:  32.28853,11.69604,149.2897
17.61:  32.49854,11.56751,149.5832
17.63:  32.71891,11.45413,149.864
17.64:  32.92644,11.30709,150.1322
17.66:  33.12594,11.16168,150.394
17.68:  33.32122,11.00447,150.6369
17.69:  33.50193,10.82852,150.8797
17.71:  33.6784,10.64482,151.1162
17.73:  33.84523,10.45606,151.359
17.74:  34.00678,10.2562,151.6018
17.76:  34.16154,10.05541,151.8383
17.78:  34.30473,9.852345,152.0748
17.79:  34.44201,9.638721,152.3176
17.81:  34.56818,9.422394,152.5541
17.83:  34.68352,9.203357,152.7906
17.84:  34.79862,8.977193,153.027
17.86:  34.9103,8.755502,153.2635
17.88:  35.02098,8.533497,153.5
17.89:  35.13245,8.307608,153.7365
17.91:  35.24229,8.082656,153.973
17.93:  35.34997,7.85982,154.2094
17.94:  35.45889,7.632015,154.4459
17.96:  35.56591,7.405743,154.6888
17.98:  35.67091,7.181275,154.9316
17.99:  35.77687,6.952204,155.1744
18.01:  35.88086,6.725178,155.3919
18.03:  35.98684,6.492118,155.5459
18.04:  36.08813,6.268573,155.624
18.06:  36.19177,6.039632,155.645
18.08:  36.29346,5.814888,155.6533
18.09:  36.39693,5.586138,155.6616
18.11:  36.50045,5.357198,155.6699
18.13:  36.60201,5.132499,155.6783
18.14:  36.70832,4.897249,155.6802
18.16:  36.81014,4.671861,155.6886
18.18:  36.91061,4.449382,155.6969
18.19:  37.01385,4.220675,155.7052
18.21:  37.1171,3.991858,155.7135
18.23:  37.21957,3.764405,155.7472
18.24:  37.32242,3.535025,155.8506
18.26:  37.42368,3.306873,156.068
18.28:  37.52218,3.080924,156.444
18.29:  37.62114,2.847676,157.01
18.31:  37.71485,2.618732,157.7408
18.33:  37.80606,2.386849,158.5287
18.34:  37.89605,2.148485,159.3166
18.36:  37.98085,1.914163,160.1045
18.38:  38.06157,1.681157,160.8923
18.39:  38.14085,1.441725,161.6802
18.41:  38.21652,1.202183,162.4681
18.43:  38.28745,0.9664177,163.256
18.44:  38.37141,0.7269723,164.0439
18.46:  38.46759,0.4939933,164.8317
18.48:  38.57622,0.2659818,165.6196
18.49:  38.69765,0.03787279,166.4075
18.51:  38.82157,-0.1768483,167.1954
18.53:  38.96405,-0.3798232,167.9833
18.54:  39.1158,-0.5827512,168.7711
18.56:  39.26653,-0.7772491,169.559
18.58:  39.41627,-0.9652318,170.3469
18.59:  39.57681,-1.158391,171.1348
18.61:  39.73394,-1.347203,171.8783
18.63:  39.89143,-1.535089,172.457
18.64:  40.05439,-1.733793,172.7696
18.66:  40.20819,-1.921284,172.7612
18.68:  40.3666,-2.114193,172.7339
18.69:  40.52377,-2.305154,172.6685
18.71:  40.68224,-2.496456,172.4891
18.73:  40.84059,-2.692822,172.1766
18.74:  40.9966,-2.890237,171.7753
18.76:  41.14884,-3.088509,171.317
18.78:  41.29513,-3.28256,170.827
18.79:  41.44381,-3.481313,170.2736
18.81:  41.59399,-3.683084,169.6505
18.83:  41.73836,-3.881202,168.9704
18.84:  41.88547,-4.088768,168.2395
18.86:  42.02943,-4.295426,167.458
18.88:  42.17458,-4.499385,166.6701
18.89:  42.32417,-4.707459,165.8822
18.91:  42.46723,-4.910778,165.0944
18.93:  42.60508,-5.114164,164.3065
18.94:  42.74717,-5.323199,163.5186
18.96:  42.88169,-5.528665,162.7307
18.98:  43.02116,-5.74323,161.9429
18.99:  43.16344,-5.959988,161.155
19.01:  43.29854,-6.172362,160.3671
19.03:  43.43533,-6.38632,159.5792
19.04:  43.57615,-6.604467,158.7913
19.06:  43.71381,-6.815728,158.0035
19.08:  43.85309,-7.027471,157.2156
19.09:  43.99519,-7.241509,156.4277
19.11:  44.13775,-7.44996,155.6398
19.13:  44.28589,-7.656115,154.8519
19.14:  44.44178,-7.86689,154.0641
19.16:  44.59353,-8.070242,153.2762
19.18:  44.74655,-8.265642,152.4883
19.19:  44.91257,-8.463972,151.7004
19.21:  45.0807,-8.647752,150.9126
19.23:  45.26052,-8.828564,150.1247
19.24:  45.45234,-8.999963,149.3368
19.26:  45.65429,-9.147926,148.5489
19.28:  45.85892,-9.29083,147.761
19.29:  46.06943,-9.429672,146.9731
19.31:  46.28104,-9.565112,146.1853
19.33:  46.4935,-9.697002,145.3974
19.34:  46.7121,-9.828581,144.6095
19.36:  46.93552,-9.958906,143.8216
19.38:  47.14867,-10.07935,143.0338
19.39:  47.3685,-10.1996,142.2459
19.41:  47.59119,-10.31747,141.458
19.43:  47.81045,-10.4297,140.6701
19.44:  48.03813,-10.54231,139.8822
19.46:  48.26368,-10.65003,139.0944
19.48:  48.49093,-10.75475,138.3065
19.49:  48.72446,-10.85853,137.5249
19.51:  48.86515,-10.96702,136.8765
19.53:  48.87994,-11.08861,136.4055
19.54:  48.90601,-11.22503,136.0803
19.56:  48.94068,-11.36286,135.8248
19.58:  48.98703,-11.50811,135.5947
19.59:  49.04716,-11.66402,135.3962
19.61:  49.12275,-11.82501,135.2421
19.63:  49.21517,-11.98928,135.1451
19.64:  49.32921,-12.15989,135.086
19.66:  49.46168,-12.32477,135.0587
19.68:  49.61636,-12.48706,135.0441
19.69:  49.79375,-12.64143,135.0231
19.71:  49.99086,-12.78169,135.0021
19.73:  50.2025,-12.90224,134.9811
19.74:  50.43662,-13.00481,134.9664
19.76:  50.67176,-13.09696,134.9664
19.78:  50.90405,-13.18563,134.9664
19.79:  51.14138,-13.27621,134.9664
19.81:  51.37736,-13.36281,134.9664
19.83:  51.62054,-13.44849,134.9684
19.84:  51.85104,-13.52743,134.9704
19.86:  52.08539,-13.60431,134.9787
19.88:  52.32314,-13.6754,134.987
19.89:  52.56548,-13.74562,134.9953
19.91:  52.80795,-13.81018,135.0036
19.93:  53.04845,-13.87208,135.012
19.94:  53.29107,-13.93453,135.0139
19.96:  53.53434,-13.99721,135.0286
19.98:  53.77465,-14.05714,135.0623
19.99:  54.02169,-14.11899,135.115
20.01:  54.26422,-14.18214,135.174
20.03:  54.5038,-14.24485,135.2457
20.04:  54.75616,-14.30903,135.33
20.06:  54.99586,-14.37396,135.4525
20.08:  55.23438,-14.43811,135.6319
20.09:  55.47973,-14.5028,135.8303
20.11:  55.72298,-14.57023,136.0732
20.13:  55.9622,-14.63554,136.3286
20.14:  56.20411,-14.70276,136.5905
20.16:  56.44674,-14.77359,136.8523
20.18:  56.68777,-14.8431,137.1458
20.19:  56.92881,-14.91626,137.4647
20.21:  57.16987,-14.98873,137.7899
20.23:  57.40788,-15.06177,138.1215
20.24:  57.6513,-15.138,138.4467
20.26:  57.88871,-15.21385,138.7783
20.28:  58.127,-15.29151,139.1098
20.29:  58.37104,-15.37036,139.4414
20.31:  58.61789,-15.45398,139.7729
20.33:  58.84623,-15.53069,140.1044
20.34:  59.0889,-15.61378,140.436
20.36:  59.32982,-15.69786,140.7739
20.38:  59.56285,-15.78071,141.1054
20.39:  59.80453,-15.8682,141.437
20.41:  60.03967,-15.9571,141.7685
20.43:  60.27397,-16.04587,142.1001
20.44:  60.50915,-16.13432,142.438
20.46:  60.74312,-16.22389,142.7759
20.48:  60.97314,-16.31572,143.1138
20.49:  61.20634,-16.41048,143.4643
20.51:  61.4366,-16.5057,143.8149
20.53:  61.66593,-16.60355,144.1655
20.54:  61.90282,-16.70492,144.516
20.56:  62.12842,-16.80309,144.8666
20.58:  62.35555,-16.90493,145.2108
20.59:  62.58377,-17.00756,145.5614
20.61:  62.81773,-17.11448,145.9119
20.63:  63.04252,-17.21801,146.2625
20.64:  63.27041,-17.32697,146.6131
20.66:  63.49404,-17.43329,146.9636
20.68:  63.72218,-17.54204,147.3142
20.69:  63.94933,-17.65204,147.6647
20.71:  64.17173,-17.76369,148.009
20.73:  64.39427,-17.8748,148.3595
20.74:  64.62372,-17.99354,148.7101
20.76:  64.84019,-18.10495,149.0607
20.78:  65.06184,-18.22455,149.4112
20.79:  65.2784,-18.35038,149.7618
20.81:  65.48733,-18.47842,150.1124
20.83:  65.69274,-18.60991,150.4629
20.84:  65.90477,-18.74751,150.8198
20.86:  66.10487,-18.8778,151.1767
20.88:  66.30937,-19.01279,151.5336
20.89:  66.51734,-19.15071,151.8905
20.91:  66.71796,-19.28678,152.2538
20.93:  66.91985,-19.42699,152.617
20.94:  67.12437,-19.57095,152.9802
20.96:  67.32765,-19.71331,153.3435
20.98:  67.52453,-19.85567,153.7067
20.99:  67.72619,-20.00343,154.07
21.01:  67.92396,-20.15032,154.4395
21.03:  68.11909,-20.2972,154.8091
21.04:  68.32311,-20.45285,155.1787
21.06:  68.51266,-20.59937,155.5419
21.08:  68.70979,-20.75231,155.9115
21.09:  68.90193,-20.90215,156.2874
21.11:  69.09213,-21.05372,156.657
21.13:  69.28111,-21.20778,157.0266
21.14:  69.47085,-21.36451,157.3962
21.16:  69.66264,-21.52504,157.7657
21.18:  69.84959,-21.68357,158.1353
21.19:  70.03858,-21.8459,158.4986
21.21:  70.23061,-22.01301,158.8681
21.23:  70.40656,-22.16811,159.2377
21.24:  70.59441,-22.33587,159.601
21.26:  70.77879,-22.49974,159.9706
21.28:  70.95905,-22.66493,160.3401
21.29:  71.14119,-22.83401,160.7097
21.31:  71.32097,-23.00309,161.0793
21.33:  71.50333,-23.17681,161.4488
21.34:  71.67928,-23.34661,161.8184
21.36:  71.85397,-23.51738,162.188
21.38:  72.02866,-23.69036,162.5576
21.39:  72.20282,-23.86503,162.9208
21.41:  72.37435,-24.03925,163.2841
21.43:  72.54661,-24.21645,163.6473
21.44:  72.71381,-24.40017,164.0105
21.46:  72.87598,-24.59397,164.3801
21.48:  73.03047,-24.79111,164.7497
21.49:  73.18367,-24.99294,165.1193
21.51:  73.33081,-25.19851,165.4825
21.53:  73.46389,-25.40957,165.8521
21.54:  73.59459,-25.63024,166.2217
21.56:  73.72215,-25.85989,166.5912
21.58:  73.84364,-26.08326,166.9545
21.59:  73.96329,-26.30671,167.3241
21.61:  74.08209,-26.53195,167.6873
21.63:  74.1971,-26.75986,168.0506
21.64:  74.31205,-26.9913,168.4138
21.66:  74.42289,-27.22905,168.777
21.68:  74.52473,-27.46191,169.0832
21.69:  74.62438,-27.69822,169.307
21.71:  74.71791,-27.93427,169.4801
21.73:  74.80794,-28.16897,169.5645
21.74:  74.8976,-28.40985,169.5918
21.76:  74.98415,-28.64943,169.6002
21.78:  75.06917,-28.8848,169.6021
21.79:  75.15582,-29.12481,169.6105
21.81:  75.23956,-29.36389,169.6124
21.83:  75.32295,-29.60954,169.6144
21.84:  75.40173,-29.84912,169.6144
21.86:  75.47936,-30.08527,169.6164
21.88:  75.55694,-30.32125,169.6184
21.89:  75.63549,-30.56025,169.6204
21.91:  75.71449,-30.80062,169.6223
21.93:  75.79297,-31.03945,169.6243
21.94:  75.87025,-31.2825,169.6243
21.96:  75.94661,-31.52276,169.6326
21.98:  76.02181,-31.75952,169.641
21.99:  76.10414,-32.00241,169.641
22.01:  76.19466,-32.23933,169.6429
22.03:  76.29148,-32.47279,169.6449
22.04:  76.39505,-32.70848,169.6469
22.06:  76.50458,-32.94002,169.6489
22.08:  76.61509,-33.16524,169.6572
22.09:  76.72878,-33.3902,169.6718
22.11:  76.84597,-33.61025,169.6865
22.13:  76.96361,-33.82652,169.7138
22.14:  77.08489,-34.04356,169.7729
22.16:  77.21189,-34.26233,169.8953
22.18:  77.34595,-34.48364,170.0747
22.19:  77.47347,-34.68746,170.2858
22.21:  77.60835,-34.90522,170.5477
22.23:  77.74292,-35.12361,170.8919
22.24:  77.87109,-35.33083,171.3122
22.26:  78.00532,-35.5415,171.8022
22.28:  78.13593,-35.74899,172.3492
22.29:  78.26965,-35.96209,172.9406
22.31:  78.40146,-36.17106,173.5637
22.33:  78.53011,-36.38004,174.1868
22.34:  78.65791,-36.5907,174.8099
22.36:  78.78219,-36.80067,175.433
22.38:  78.90745,-37.01108,176.0561
22.39:  79.03151,-37.22472,176.6792
22.41:  79.15456,-37.4376,177.3023
22.43:  79.27094,-37.6484,177.919
22.44:  79.39108,-37.867,178.5421
22.46:  79.50602,-38.08168,179.1652
22.48:  79.61978,-38.2998,179.7883
22.49:  79.73089,-38.51866,180.4177
22.51:  79.84035,-38.74023,181.0408
22.53:  79.9454,-38.95873,181.6576
22.54:  80.05079,-39.18422,182.2807
22.56:  80.15285,-39.40894,182.9038
22.58:  80.25036,-39.62994,183.5269
22.59:  80.34834,-39.85873,184.15
22.61:  80.44221,-40.08469,184.7731
22.63:  80.53301,-40.31018,185.3961
22.64:  80.62439,-40.53841,186.0192
22.66:  80.71252,-40.77179,186.6423
22.68:  80.79641,-40.99817,187.2654
22.69:  80.87869,-41.23124,187.8885
22.71:  80.96034,-41.46405,188.5116
22.73:  81.0386,-41.69513,189.1284
22.74:  81.11627,-41.92925,189.7515
22.76:  81.19089,-42.16259,190.3746
22.78:  81.26257,-42.3916,190.9977
22.79:  81.33485,-42.62814,191.6208
22.81:  81.40669,-42.86513,192.2439
22.83:  81.47482,-43.09896,192.8669
22.84:  81.54449,-43.3401,193.49
22.86:  81.61328,-43.58032,194.1131
22.88:  81.67808,-43.81635,194.7426
22.89:  81.74241,-44.06172,195.4037
22.91:  81.80267,-44.30354,196.1028
22.93:  81.86433,-44.55537,196.821
22.94:  81.91924,-44.79296,197.5645
22.96:  81.9746,-45.03848,198.3524
22.98:  82.02596,-45.28179,199.1403
22.99:  82.07423,-45.52712,199.9281
23.01:  82.12001,-45.77795,200.716
23.03:  82.16429,-46.02105,201.5039
23.04:  82.21164,-46.26976,202.2918
23.06:  82.25665,-46.51749,203.0797
23.08:  82.30145,-46.75658,203.8675
23.09:  82.34402,-47.00246,204.6554
23.11:  82.38371,-47.24323,205.4433
23.13:  82.42151,-47.49396,206.2312
23.14:  82.45409,-47.73223,207.019
23.16:  82.48358,-47.97253,207.8069
23.18:  82.50955,-48.21124,208.5948
23.19:  82.53214,-48.46452,209.3827
23.21:  82.55131,-48.70102,210.1706
23.23:  82.56796,-48.94868,210.9584
23.24:  82.58105,-49.19381,211.7463
23.26:  82.59075,-49.43866,212.5342
23.28:  82.59699,-49.67988,213.3221
23.29:  82.6,-49.92773,214.11
23.31:  82.59959,-50.1723,214.8978
23.33:  82.59583,-50.41706,215.6857
23.34:  82.58868,-50.66246,216.4736
23.36:  82.57809,-50.90924,217.2615
23.38:  82.56454,-51.1481,218.0494
23.39:  82.54713,-51.39502,218.8372
23.41:  82.52687,-51.63523,219.6251
23.43:  82.50304,-51.87787,220.413
23.44:  82.47583,-52.12063,221.2009
23.46:  82.44524,-52.36321,221.9888
23.48:  82.41098,-52.60786,222.7766
23.49:  82.374,-52.84785,223.5645
23.51:  82.33263,-53.0938,224.3524
23.53:  82.28902,-53.33289,225.1403
23.54:  82.23977,-53.58338,225.9281
23.56:  82.19096,-53.81475,226.716
23.58:  82.13753,-54.05184,227.5039
23.59:  82.08015,-54.2911,228.2918
23.61:  82.01948,-54.52953,229.0797
23.63:  81.95471,-54.77016,229.8675
23.64:  81.88848,-55.00341,230.6554
23.66:  81.81892,-55.23618,231.4433
23.68:  81.74607,-55.46825,232.2312
23.69:  81.6694,-55.70123,233.019
23.71:  81.58994,-55.93199,233.8069
23.73:  81.50808,-56.15945,234.5948
23.76:  81.42167,-56.38961,235.3827
23.78:  81.33117,-56.62094,236.1706
23.79:  81.24016,-56.84447,236.9584
23.81:  81.14257,-57.07142,237.7463
23.83:  81.02957,-57.29425,238.5342
23.84:  80.9033,-57.49851,239.3221
23.86:  80.74844,-57.70196,240.11
23.88:  80.55959,-57.8716,240.8979
23.89:  80.35098,-58.00603,241.6857
23.91:  80.12764,-58.12242,242.4736
23.93:  79.90431,-58.23493,243.2615
23.94:  79.68156,-58.34334,244.0493
23.96:  79.45258,-58.4509,244.8372
23.98:  79.22365,-58.55463,245.6251
23.99:  78.9991,-58.65268,246.413
24.01:  78.76545,-58.75089,247.2009
24.03:  78.53268,-58.84499,247.9888
24.04:  78.30263,-58.93433,248.7766
24.06:  78.06436,-59.02311,249.5645
24.08:  77.82974,-59.10687,250.3524
24.09:  77.59631,-59.18661,251.1403
24.11:  77.3559,-59.26506,251.9282
24.13:  77.11822,-59.33901,252.716
24.14:  76.87094,-59.41224,253.5039
24.16:  76.63364,-59.47898,254.2918
24.18:  76.39781,-59.54182,255.0797
24.19:  76.1554,-59.60286,255.8676
24.21:  75.91012,-59.66104,256.6555
24.23:  75.66054,-59.71663,257.4433
24.24:  75.41868,-59.76702,258.2312
24.26:  75.17247,-59.81479,259.0191
24.28:  74.9299,-59.8584,259.8069
24.29:  74.68506,-59.89896,260.5948
24.31:  74.43562,-59.93676,261.3827
24.33:  74.18756,-59.97087,262.1706
24.34:  73.94337,-60.00103,262.9585
24.36:  73.69162,-60.02862,263.7463
24.38:  73.44204,-60.0525,264.5342
24.39:  73.19698,-60.07256,265.3221
24.41:  72.94413,-60.08975,266.11
24.43:  72.69451,-60.10328,266.8979
24.44:  72.43761,-60.11366,267.6857
24.46:  72.19421,-60.12014,268.4736
24.48:  71.94376,-60.12337,269.2615
24.49:  71.69817,-60.12316,270.0494
24.51:  71.44273,-60.11943,270.8372
24.53:  71.19759,-60.11247,271.6251
24.54:  70.94826,-60.10197,272.413
24.56:  70.69566,-60.08784,273.2009
24.58:  70.44577,-60.07042,273.9888
24.59:  70.19936,-60.04982,274.7766
24.61:  69.94808,-60.02534,275.5645
24.63:  69.70192,-59.99794,276.3524
24.64:  69.44569,-59.96584,277.1403
24.66:  69.20325,-59.93208,277.9282
24.68:  68.95922,-59.89467,278.716
24.69:  68.71284,-59.85342,279.5039
24.71:  68.46449,-59.80832,280.2918
24.73:  68.2226,-59.76096,281.0797
24.74:  67.97593,-59.70912,281.8676
24.76:  67.7311,-59.65415,282.6554
24.78:  67.48547,-59.59543,283.4433
24.79:  67.24758,-59.5351,284.2312
24.81:  67.00315,-59.46952,285.0191
24.83:  66.76305,-59.40154,285.8069
24.84:  66.51827,-59.32859,286.5948
24.86:  66.28445,-59.2554,287.3827
24.88:  66.04723,-59.17754,288.1706
24.89:  65.81396,-59.09741,288.9585
24.91:  65.57631,-59.0121,289.7463
24.93:  65.34175,-58.92424,290.5342
24.94:  65.10959,-58.83362,291.3221
24.96:  64.87721,-58.73922,292.11
24.98:  64.64666,-58.64184,292.8978
24.99:  64.42154,-58.54309,293.6857
25.01:  64.19361,-58.43934,294.4736
25.03:  63.95935,-58.34252,295.2615
25.04:  63.72523,-58.2578,296.0494
25.06:  63.47899,-58.18331,296.8372
25.08:  63.23027,-58.11705,297.6251
25.09:  62.98465,-58.05833,298.413
25.11:  62.73463,-57.99803,299.2009
25.13:  62.49084,-57.93877,299.9888
25.14:  62.24812,-57.88174,300.7766
25.16:  61.99826,-57.8275,301.5645
25.18:  61.74989,-57.77478,302.346
25.19:  61.50326,-57.72443,303.1339
25.21:  61.25519,-57.67255,303.9218
25.23:  60.99859,-57.61519,304.7097
25.24:  60.75563,-57.55964,305.4976
25.26:  60.51092,-57.50111,306.2855
25.28:  60.26866,-57.44061,307.0733
25.29:  60.0259,-57.37875,307.8612
25.31:  59.77973,-57.31715,308.6301
25.33:  59.53844,-57.25578,309.3229
25.34:  59.30182,-57.19407,309.908
25.36:  59.06106,-57.12908,310.3979
25.38:  58.82154,-57.06506,310.7675
25.39:  58.58633,-56.9987,311.0484
25.41:  58.34765,-56.93024,311.2975
25.43:  58.1106,-56.86112,311.5467
25.44:  57.87717,-56.79182,311.8275
25.46:  57.64153,-56.72029,312.1781
25.48:  57.39899,-56.64324,312.6744
25.49:  57.16585,-56.56607,313.3672
25.51:  56.93095,-56.48234,314.1551
25.53:  56.69668,-56.3941,314.943
25.54:  56.46848,-56.30218,315.7309
25.56:  56.23504,-56.2044,316.5187
25.58:  56.00438,-56.10648,317.3066
25.59:  55.77844,-56.00688,318.0945
25.61:  55.55064,-55.90021,318.8824
25.63:  55.32721,-55.79181,319.6703
25.64:  55.10629,-55.68333,320.4582
25.66:  54.87989,-55.56826,321.246
25.68:  54.65767,-55.45145,322.0339
25.69:  54.44103,-55.33121,322.8218
25.71:  54.21436,-55.20399,323.6096
25.73:  54.00199,-55.08091,324.3975
25.74:  53.79151,-54.95504,325.1854
25.76:  53.57813,-54.82341,325.9733
25.78:  53.36695,-54.6891,326.7612
25.79:  53.16011,-54.55352,327.549
25.81:  52.95385,-54.41152,328.3369
25.83:  52.74927,-54.26922,329.1248
25.84:  52.54665,-54.12411,329.9127
25.86:  52.34446,-53.97225,330.7006
25.88:  52.13955,-53.81681,331.4884
25.89:  51.94751,-53.66692,332.2763
25.91:  51.75233,-53.51022,333.0642
25.93:  51.55302,-53.34564,333.8521
25.94:  51.36889,-53.2503,334.64
25.96:  51.17614,-53.24168,335.4279
25.98:  50.96661,-53.20835,336.2157
25.99:  50.76134,-53.15702,337.0036
26.01:  50.55323,-53.08717,337.7915
26.03:  50.34034,-52.99235,338.5794
26.04:  50.13435,-52.87552,339.3672
26.06:  49.93367,-52.7368,340.1551
26.08:  49.74681,-52.57301,340.9366
26.09:  49.57963,-52.39156,341.6485
26.11:  49.40986,-52.20335,342.2526
26.13:  49.23865,-52.01051,342.7045
26.14:  49.07604,-51.82454,342.9093
26.16:  48.91233,-51.63882,342.9093
26.18:  48.75137,-51.44316,342.8757
26.19:  48.61346,-51.24176,342.7849
26.21:  48.48594,-51.01856,342.5485
26.23:  48.38937,-50.79002,342.1345
26.24:  48.3103,-50.55311,341.5431
26.26:  48.22741,-50.31433,340.8566
26.28:  48.14228,-50.07908,340.1068
26.29:  48.05738,-49.84709,339.3379
26.31:  47.98105,-49.60497,338.5754
26.33:  47.91161,-49.36332,337.8129
26.34:  47.85552,-49.10831,337.044
26.36:  47.81392,-48.85783,336.2688
26.38:  47.77602,-48.60423,335.4809
26.39:  47.75114,-48.34615,334.6931
26.41:  47.73026,-48.09226,333.9052
26.43:  47.70917,-47.83975,333.1173
26.44:  47.69238,-47.58825,332.3294
26.46:  47.67599,-47.3283,331.5415
26.48:  47.65543,-47.07627,330.7536
26.49:  47.63049,-46.82563,329.9658
26.51:  47.60128,-46.56807,329.1779
26.53:  47.56904,-46.31488,328.39
26.54:  47.535,-46.06686,327.6021
26.56:  47.4953,-45.81136,326.8142
26.58:  47.45248,-45.55875,326.0264
26.59:  47.40648,-45.30834,325.2385
26.61:  47.35812,-45.05883,324.4506
26.63:  47.30748,-44.8096,323.6628
26.64:  47.25322,-44.56018,322.8748
26.66:  47.19451,-44.3124,322.087
26.68:  47.13264,-44.06147,321.2991
26.69:  47.06815,-43.81921,320.5112
26.71:  47.00093,-43.57171,319.7233
26.73:  46.93064,-43.32626,318.9355
26.74:  46.85141,-43.07494,318.1476
26.76:  46.77328,-42.83855,317.3597
26.78:  46.69154,-42.59531,316.5718
26.79:  46.6063,-42.35937,315.7839
26.81:  46.51672,-42.11526,314.9961
26.83:  46.42333,-41.87745,314.2082
26.84:  46.32814,-41.6445,313.4203
26.86:  46.22671,-41.40571,312.6324
26.88:  46.12344,-41.1716,311.8445
26.89:  46.01858,-40.94246,311.0567
26.91:  45.90825,-40.70987,310.2688
26.93:  45.79686,-40.48086,309.4809
26.94:  45.67981,-40.24838,308.6931
26.96:  45.56216,-40.0247,307.9052
26.98:  45.44211,-39.80175,307.1173
26.99:  45.32051,-39.58521,306.3294
27.01:  45.19305,-39.36335,305.5415
27.03:  45.06538,-39.14803,304.7536
27.04:  44.92949,-38.92143,303.9658
27.06:  44.79708,-38.7115,303.1779
27.08:  44.65937,-38.49968,302.39
27.09:  44.52389,-38.28555,301.6021
27.11:  44.38187,-38.06778,300.8142
27.13:  44.24526,-37.85075,300.0264
27.14:  44.11635,-37.63402,299.2385
27.16:  43.99141,-37.41091,298.4506
27.18:  43.88038,-37.18797,297.6627
27.19:  43.77405,-36.95798,296.8748
27.21:  43.67728,-36.72394,296.087
27.23:  43.5951,-36.48415,295.2991
27.24:  43.51965,-36.23636,294.5112
27.26:  43.44514,-35.99803,293.7233
27.28:  43.36778,-35.75684,292.9355
27.29:  43.28782,-35.51888,292.1476
27.31:  43.20231,-35.27552,291.3597
27.33:  43.11409,-35.0351,290.5718
27.34:  43.02386,-34.79925,289.7839
27.36:  42.92923,-34.56175,288.996
27.38:  42.83025,-34.32294,288.2082
27.39:  42.73076,-34.09193,287.4203
27.41:  42.62636,-33.85813,286.6578
27.43:  42.51872,-33.62899,285.9206
27.44:  42.40881,-33.39841,285.2341
27.46:  42.29845,-33.1692,284.592
27.48:  42.18361,-32.94048,284.0576
27.49:  42.0683,-32.71505,283.631
27.51:  41.95068,-32.48877,283.2551
27.53:  41.83118,-32.26221,282.9109
27.54:  41.70905,-32.03395,282.573
27.56:  41.58584,-31.80664,282.2604
27.58:  41.4652,-31.59008,281.9606
27.59:  41.34118,-31.36685,281.6671
27.61:  41.21415,-31.14061,281.4052
27.63:  41.08811,-30.91848,281.1497
27.64:  40.96228,-30.70207,280.9069
27.66:  40.83178,-30.47978,280.6641
27.68:  40.70431,-30.26159,280.4276
27.69:  40.57427,-30.04417,280.1974
27.71:  40.44231,-29.82554,279.9673
27.73:  40.31047,-29.60908,279.7372
27.74:  40.17762,-29.39288,279.5134
27.76:  40.04402,-29.17734,279.2896
27.78:  39.90923,-28.96176,279.0658
27.79:  39.75053,-28.77067,278.8419
27.81:  39.56381,-28.597,278.6182
27.83:  39.35778,-28.44239,278.3627
27.84:  39.14623,-28.30322,277.9931
27.86:  38.92432,-28.17456,277.4841
27.88:  38.69375,-28.04931,276.8103
27.89:  38.46651,-27.93311,276.0858
27.91:  38.22791,-27.81597,275.3423
27.93:  37.99308,-27.70443,274.5988
27.94:  37.7556,-27.5954,273.8552
27.96:  37.51591,-27.48903,273.1244
27.98:  37.27415,-27.38355,272.571
27.99:  37.03845,-27.28216,272.2775
28.01:  36.79169,-27.17654,272.1741
28.03:  36.5563,-27.07613,272.1024
28.04:  36.32478,-26.97678,272.0307
28.06:  36.08455,-26.87156,271.9527
28.08:  35.85131,-26.77223,271.8746
28.09:  35.61378,-26.66893,271.8029
28.11:  35.37592,-26.56833,271.7313
28.13:  35.1381,-26.46712,271.6595
28.14:  34.90572,-26.36606,271.6005
28.16:  34.66577,-26.26301,271.5415
28.18:  34.4289,-26.1616,271.4761
28.19:  34.19337,-26.06351,271.4171
28.21:  33.9553,-25.96465,271.3581
28.23:  33.70913,-25.86268,271.3054
28.24:  33.47478,-25.76587,271.2527
28.26:  33.24113,-25.66956,271.2064
28.28:  32.99744,-25.56938,271.1537
28.29:  32.76452,-25.47387,271.101
28.31:  32.52637,-25.37299,271.0547
28.33:  32.2914,-25.27368,271.0083
28.34:  32.05397,-25.177,270.962
28.36:  31.81575,-25.08022,270.9156
28.38:  31.57625,-24.98559,270.8756
28.39:  31.33769,-24.90137,270.8356
28.41:  31.08802,-24.82342,270.7956
28.43:  30.84143,-24.75154,270.7556
28.44:  30.59755,-24.68067,270.7093
28.46:  30.34363,-24.61281,270.6629
28.48:  30.10173,-24.5579,270.6166
28.49:  29.84914,-24.50821,270.5766
28.51:  29.59788,-24.45653,270.5302
28.53:  29.35114,-24.40598,270.4839
28.54:  29.09926,-24.35459,270.4375
28.56:  28.84921,-24.30379,270.3912
28.58:  28.59998,-24.25333,270.3512
28.59:  28.35114,-24.20316,270.3048
28.61:  28.10113,-24.15294,270.2648
28.63:  27.8494,-24.10503,270.2248
28.64:  27.60266,-24.05585,270.1785
28.66:  27.34881,-24.00795,270.1321
28.68:  27.10227,-23.96165,270.0858
28.69:  26.85248,-23.91494,270.0394
28.71:  26.60371,-23.86863,269.9931
28.73:  26.34908,-23.82142,269.9531
28.74:  26.10102,-23.7756,269.9131
28.76:  25.84893,-23.72922,269.8731
28.78:  25.60262,-23.68408,269.8331
28.79:  25.35127,-23.6382,269.793
28.81:  25.10209,-23.59533,269.7531
28.83:  24.84852,-23.55686,269.713
28.84:  24.60032,-23.52909,269.673
28.86:  24.34789,-23.51092,269.633
28.88:  24.1024,-23.49823,269.593
28.89:  23.84104,-23.49258,269.553
28.91:  23.60048,-23.49463,269.513
28.93:  23.34875,-23.49697,269.4666
28.94:  23.1014,-23.49944,269.4266
28.96:  22.85155,-23.50212,269.3866
28.98:  22.60175,-23.50497,269.3466
28.99:  22.3517,-23.50802,269.3003
29.01:  22.09992,-23.51127,269.2603
29.03:  21.84188,-23.51479,269.2203
29.04:  21.5976,-23.51828,269.1803
29.06:  21.35158,-23.522,269.1339
29.08:  21.09821,-23.52598,269.1002
29.09:  20.85043,-23.53004,269.0602
29.11:  20.59903,-23.53432,269.0266
29.13:  20.35128,-23.5387,268.9865
29.14:  20.10161,-23.54329,268.9465
29.16:  19.85073,-23.54808,268.9066
29.18:  19.60265,-23.55299,268.8665
29.19:  19.34881,-23.55819,268.8265
29.21:  19.10001,-23.56343,268.7928
29.23:  18.85235,-23.56879,268.7592
29.24:  18.60088,-23.57439,268.7255
29.26:  18.35166,-23.5801,268.6855
29.28:  18.09853,-23.58606,268.6519
29.29:  17.85153,-23.59205,268.6118
29.31:  17.59404,-23.59847,268.5718
29.33:  17.34706,-23.6048,268.5318
29.34:  17.1026,-23.61121,268.4981
29.36:  16.85082,-23.61796,268.4645
29.38:  16.59945,-23.62484,268.4308
29.39:  16.35312,-23.63173,268.3971
29.41:  16.09502,-23.63911,268.3635
29.43:  15.8456,-23.64638,268.3298
29.44:  15.60004,-23.65369,268.2961
29.46:  15.35151,-23.66123,268.2625
29.48:  15.099,-23.66903,268.2288
29.49:  14.85387,-23.67676,268.1951
29.51:  14.60361,-23.68479,268.1614
29.53:  14.35225,-23.69301,268.1277
29.54:  14.10401,-23.70615,268.0941
29.56:  13.85402,-23.72198,268.0604
29.58:  13.603,-23.7405,268.0267
29.59:  13.3551,-23.75893,267.9931
29.61:  13.10507,-23.77767,267.9594
29.63:  12.85698,-23.79886,267.9257
29.64:  12.60594,-23.82044,267.8921
29.66:  12.35515,-23.84215,267.8584
29.68:  12.10651,-23.86382,267.8247
29.69:  11.85718,-23.88571,267.7911
29.71:  11.60737,-23.90532,267.7574
29.73:  11.36066,-23.9248,267.7301
29.74:  11.11113,-23.94465,267.6964
29.76:  10.8602,-23.96724,267.6627
29.78:  10.61138,-23.98731,267.6354
29.79:  10.3623,-24.00754,267.6017
29.81:  10.11148,-24.03054,267.5681
29.83:  9.86222,-24.05108,267.5344
29.84:  9.614768,-24.07162,267.5007
29.86:  9.361129,-24.09532,267.467
29.88:  9.116001,-24.11596,267.4333
29.89:  8.867268,-24.13705,267.3997
29.91:  8.614996,-24.16108,267.366
29.93:  8.364926,-24.18257,267.3324
29.94:  8.119235,-24.20626,267.2987
29.96:  7.868611,-24.22808,267.2714
29.98:  7.618175,-24.25249,267.2377
29.99:  7.371409,-24.27427,267.204
30.01:  7.111382,-24.29736,267.1703
30.03:  6.866649,-24.31924,267.1367
30.04:  6.619902,-24.34145,267.103
30.08:  6.371202,-24.36398,267.0693
30.09:  6.124265,-24.38649,267.0357
30.11:  5.877245,-24.4116,267.002
30.13:  5.624286,-24.43497,266.9683
30.14:  5.37496,-24.46061,266.9347
30.16:  5.125899,-24.48637,266.901
30.18:  4.880956,-24.51185,266.8673
30.19:  4.632185,-24.53785,266.84
30.21:  4.381963,-24.56413,266.8127
30.23:  4.131829,-24.58806,266.779
30.24:  3.883897,-24.61194,266.7453
30.26:  3.635134,-24.63604,266.7116
30.28:  3.383123,-24.66058,266.6843
30.29:  3.134513,-24.68491,266.657
30.31:  2.939167,-24.69643,266.6233
30.33:  2.82513,-24.70323,266.5896
30.34:  2.82513,-24.70323,266.556
30.36:  2.82513,-24.70323,266.5223
30.38:  2.82513,-24.70323,266.4886
30.39:  2.82513,-24.70323,266.4486
30.41:  2.82513,-24.70323,266.4086
30.43:  2.82513,-24.70323,266.3749
30.44:  2.82513,-24.70323,266.3412
30.46:  2.82513,-24.70323,266.3139
30.48:  2.82513,-24.70323,266.2803
30.49:  2.82513,-24.70323,266.2402
30.51:  2.82513,-24.70323,266.2002
30.53:  2.82513,-24.70323,266.1666
30.54:  2.82513,-24.70323,266.1329
30.56:  2.82513,-24.70323,266.0992
30.58:  2.82513,-24.70323,266.0719
30.59:  2.82513,-24.70323,266.0382
30.61:  2.82513,-24.70323,266.0045
30.63:  2.82513,-24.70323,265.9709
30.64:  2.82513,-24.70323,265.9372
30.66:  2.82513,-24.70323,265.9035
30.68:  2.82513,-24.70323,265.8635
30.69:  2.82513,-24.70323,265.8235
30.71:  2.82513,-24.70323,265.7899
30.73:  2.82513,-24.70323,265.7562
30.74:  2.82513,-24.70323,265.7225
30.76:  2.82513,-24.70323,265.6888
30.78:  2.82513,-24.70323,265.6552
30.79:  2.82513,-24.70323,265.6215
30.81:  2.82513,-24.70323,265.5878
30.83:  2.82513,-24.70323,265.5542
30.84:  2.82513,-24.70323,265.5269
30.86:  2.82513,-24.70323,265.4932
30.88:  2.82513,-24.70323,265.4595
30.89:  2.82513,-24.70323,265.4258
30.91:  2.82513,-24.70323,265.3922
30.93:  2.82513,-24.70323,265.3585
30.94:  2.82513,-24.70323,265.3248
30.96:  2.82513,-24.70323,265.2911
30.98:  2.82513,-24.70323,265.2575
30.99:  2.82513,-24.70323,265.2238
31.01:  2.82513,-24.70323,265.1901
31.03:  2.82513,-24.70323,265.1565
31.04:  2.82513,-24.70323,265.1228
31.06:  2.82513,-24.70323,265.0891
31.08:  2.82513,-24.70323,265.0554
31.09:  2.82513,-24.70323,265.0218
31.11:  2.82513,-24.70323,264.9881
31.13:  2.82513,-24.70323,264.9544
31.14:  2.82513,-24.70323,264.9208
31.16:  2.82513,-24.70323,264.8871
31.18:  2.82513,-24.70323,264.8534
31.19:  2.82513,-24.70323,264.8198
31.21:  2.82513,-24.70323,264.7861
31.23:  2.82513,-24.70323,264.7524
31.24:  2.82513,-24.70323,264.7124
31.26:  2.82513,-24.70323,264.6787
31.28:  2.82513,-24.70323,264.6387
31.29:  2.82513,-24.70323,264.6051
31.31:  2.82513,-24.70323,264.5778
31.33:  2.82513,-24.70323,264.5441
31.34:  2.82513,-24.70323,264.5167
31.36:  2.82513,-24.70323,264.4831
31.38:  2.82513,-24.70323,264.4557
31.39:  2.82513,-24.70323,264.4221
31.41:  2.82513,-24.70323,264.3947
31.43:  2.82513,-24.70323,264.3611
31.44:  2.82513,-24.70323,264.3274
31.46:  2.82513,-24.70323,264.2937
31.48:  2.82513,-24.70323,264.2601
31.49:  2.82513,-24.70323,264.2264
31.51:  2.82513,-24.70323,264.199
31.53:  2.82513,-24.70323,264.1654
31.54:  2.82513,-24.70323,264.1317
31.56:  2.82513,-24.70323,264.1044
31.58:  2.82513,-24.70323,264.0644
31.59:  2.82513,-24.70323,264.037
31.61:  2.82513,-24.70323,264.0097
31.63:  2.82513,-24.70323,263.976
31.64:  2.82513,-24.70323,263.9487
31.66:  2.82513,-24.70323,263.9214
31.68:  2.82513,-24.70323,263.894
31.69:  2.82513,-24.70323,263.8667
31.71:  2.82513,-24.70323,263.8394
31.73:  2.82513,-24.70323,263.8057
31.74:  2.82513,-24.70323,263.772
31.76:  2.82513,-24.70323,263.7383
31.78:  2.82513,-24.70323,263.7047
31.79:  2.82513,-24.70323,263.671
31.81:  2.82513,-24.70323,263.6373
31.83:  2.82513,-24.70323,263.61
31.84:  2.82513,-24.70323,263.5827
31.86:  2.82513,-24.70323,263.5553
31.88:  2.82513,-24.70323,263.5217
31.89:  2.82513,-24.70323,263.488
31.91:  2.82513,-24.70323,263.4543
31.93:  2.82513,-24.70323,263.4207
31.94:  2.82513,-24.70323,263.3933
31.96:  2.82513,-24.70323,263.3596
31.98:  2.82513,-24.70323,263.326
31.99:  2.82513,-24.70323,263.2923
32.01:  2.82513,-24.70323,263.2587
32.03:  2.82513,-24.70323,263.225
32.04:  2.82513,-24.70323,263.1977
32.06:  2.82513,-24.70323,263.1767
32.08:  2.82513,-24.70323,263.1557
32.09:  2.82513,-24.70323,263.1347
32.11:  2.82513,-24.70323,263.1137
32.13:  2.82513,-24.70323,263.0927
32.14:  2.82513,-24.70323,263.0717
32.16:  2.82513,-24.70323,263.0507
32.18:  2.82513,-24.70323,263.036
32.19:  2.82513,-24.70323,263.015
32.21:  2.82513,-24.70323,262.994
32.23:  2.82513,-24.70323,262.9731
32.24:  2.82513,-24.70323,262.9521
32.26:  2.82513,-24.70323,262.9311
32.28:  2.82513,-24.70323,262.9101
32.29:  2.82513,-24.70323,262.8891
32.31:  2.82513,-24.70323,262.8681
32.33:  2.82513,-24.70323,262.8471
32.34:  2.82513,-24.70323,262.8325
32.36:  2.82513,-24.70323,262.8241
32.38:  2.82513,-24.70323,262.8241
32.39:  2.82513,-24.70323,262.8241
32.41:  2.82513,-24.70323,262.8241
32.43:  2.82513,-24.70323,262.8241
32.44:  2.82513,-24.70323,262.8241
32.46:  2.82513,-24.70323,262.8241
32.48:  2.82513,-24.70323,262.8241
32.49:  2.82513,-24.70323,262.8241
32.51:  2.82513,-24.70323,262.8241
32.53:  2.82513,-24.70323,262.8241
32.54:  2.82513,-24.70323,262.8241
32.56:  2.82513,-24.70323,262.8241
32.58:  2.82513,-24.70323,262.8241
32.59:  2.82513,-24.70323,262.8241
32.61:  2.82513,-24.70323,262.8241
32.63:  2.82513,-24.70323,262.8221
32.64:  2.82513,-24.70323,262.8138
32.66:  2.82513,-24.70323,262.8119
32.68:  2.82513,-24.70323,262.8099
32.69:  2.82513,-24.70323,262.8079
32.71:  2.82513,-24.70323,262.8059
32.73:  2.82513,-24.70323,262.8039
32.74:  2.82513,-24.70323,262.8019
32.76:  2.82513,-24.70323,262.8
32.78:  2.82513,-24.70323,262.7916
32.79:  2.82513,-24.70323,262.7896
32.81:  2.82513,-24.70323,262.7877
32.83:  2.82513,-24.70323,262.7857
32.84:  2.82513,-24.70323,262.7774
32.86:  2.82513,-24.70323,262.7754
32.88:  2.82513,-24.70323,262.7734
32.89:  2.82513,-24.70323,262.7714
32.91:  2.82513,-24.70323,262.7631
32.93:  2.82513,-24.70323,262.7611
32.94:  2.82513,-24.70323,262.7591
32.96:  2.82513,-24.70323,262.7571
32.98:  2.82513,-24.70323,262.7488
32.99:  2.82513,-24.70323,262.7488
33.01:  2.82513,-24.70323,262.7488
33.03:  2.82513,-24.70323,262.7488
33.04:  2.82513,-24.70323,262.7488
33.06:  2.82513,-24.70323,262.7488
33.08:  2.82513,-24.70323,262.7488
33.09:  2.82513,-24.70323,262.7571
33.11:  2.82513,-24.70323,262.7718
33.13:  2.82513,-24.70323,262.7801
33.14:  2.82513,-24.70323,262.7885
33.16:  2.82513,-24.70323,262.8031
33.18:  2.82513,-24.70323,262.8114
33.19:  2.82513,-24.70323,262.8094
33.21:  2.82513,-24.70323,262.8075
33.23:  2.82513,-24.70323,262.8055
33.24:  2.82513,-24.70323,262.8035
33.26:  2.82513,-24.70323,262.8015
33.28:  2.82513,-24.70323,262.7995
33.29:  2.82513,-24.70323,262.7975
33.31:  2.82513,-24.70323,262.7956
33.33:  2.82513,-24.70323,262.7872
33.34:  2.82513,-24.70323,262.7852
33.36:  2.82513,-24.70323,262.7833
33.38:  2.82513,-24.70323,262.7813
33.39:  2.82513,-24.70323,262.7793
33.41:  2.82513,-24.70323,262.7773
33.43:  2.82513,-24.70323,262.769
33.44:  2.82513,-24.70323,262.767
33.46:  2.82513,-24.70323,262.765
33.48:  2.82513,-24.70323,262.763
33.49:  2.82513,-24.70323,262.763
33.51:  2.82513,-24.70323,262.761
33.53:  2.82513,-24.70323,262.7591
33.54:  2.82513,-24.70323,262.7571
33.56:  2.82513,-24.70323,262.7551
33.58:  2.82513,-24.70323,262.7551
33.59:  2.82513,-24.70323,262.7531
33.61:  2.82513,-24.70323,262.7511
33.63:  2.82513,-24.70323,262.7428
33.64:  2.82513,-24.70323,262.7408
33.66:  2.82513,-24.70323,262.7388
33.68:  2.82513,-24.70323,262.7305
33.69:  2.82513,-24.70323,262.7285
33.71:  2.82513,-24.70323,262.7266
33.73:  2.82513,-24.70323,262.7246
33.74:  2.82513,-24.70323,262.7226
33.76:  2.82513,-24.70323,262.7206
33.78:  2.82513,-24.70323,262.7186
33.79:  2.82513,-24.70323,262.7166
33.81:  2.82513,-24.70323,262.7147
33.83:  2.82513,-24.70323,262.7127
33.84:  2.82513,-24.70323,262.7107
33.86:  2.82513,-24.70323,262.7087
33.88:  2.82513,-24.70323,262.7067
33.89:  2.82513,-24.70323,262.7047
33.91:  2.82513,-24.70323,262.7028
33.93:  2.82513,-24.70323,262.7008
33.94:  2.82513,-24.70323,262.6988
33.96:  2.82513,-24.70323,262.6968
33.98:  2.82513,-24.70323,262.6948
33.99:  2.82513,-24.70323,262.6928
34.01:  2.82513,-24.70323,262.6909
34.03:  2.82513,-24.70323,262.6889
34.04:  2.82513,-24.70323,262.6869
34.06:  2.82513,-24.70323,262.6849
34.08:  2.82513,-24.70323,262.6829
34.09:  2.82513,-24.70323,262.6809
34.11:  2.82513,-24.70323,262.679
34.13:  2.82513,-24.70323,262.677
34.14:  2.82513,-24.70323,262.675
34.16:  2.82513,-24.70323,262.673
34.18:  2.82513,-24.70323,262.671
34.19:  2.82513,-24.70323,262.669
34.21:  2.82513,-24.70323,262.6671
34.23:  2.82513,-24.70323,262.6651
34.24:  2.82513,-24.70323,262.6631
34.26:  2.82513,-24.70323,262.6611
34.28:  2.82513,-24.70323,262.6591
34.29:  2.82513,-24.70323,262.6571
34.31:  2.82513,-24.70323,262.6552
34.33:  2.82513,-24.70323,262.6532
34.34:  2.82513,-24.70323,262.6512
34.36:  2.82513,-24.70323,262.6492
34.38:  2.82513,-24.70323,262.6472
34.39:  2.82513,-24.70323,262.6453
34.41:  2.82513,-24.70323,262.6433
34.43:  2.82513,-24.70323,262.6413
34.44:  2.82513,-24.70323,262.6393
34.46:  2.82513,-24.70323,262.631
34.48:  2.82513,-24.70323,262.629
34.49:  2.82513,-24.70323,262.627
34.51:  2.82513,-24.70323,262.6251
34.53:  2.82513,-24.70323,262.6231
34.54:  2.82513,-24.70323,262.6211
34.56:  2.82513,-24.70323,262.6191
34.58:  2.82513,-24.70323,262.6171
34.59:  2.82513,-24.70323,262.6152
34.61:  2.82513,-24.70323,262.6132
34.63:  2.82513,-24.70323,262.6112
34.64:  2.82513,-24.70323,262.6092
34.66:  2.82513,-24.70323,262.6072
34.68:  2.82513,-24.70323,262.6053
34.69:  2.82513,-24.70323,262.6033
34.71:  2.82513,-24.70323,262.6013
34.73:  2.82513,-24.70323,262.593
34.74:  2.82513,-24.70323,262.591
34.76:  2.82513,-24.70323,262.589
34.78:  2.82513,-24.70323,262.587
34.79:  2.82513,-24.70323,262.5851
34.81:  2.82513,-24.70323,262.5831
34.83:  2.82513,-24.70323,262.5811
34.84:  2.82513,-24.70323,262.5791
34.86:  2.82513,-24.70323,262.5771
34.88:  2.82513,-24.70323,262.5771
34.89:  2.82513,-24.70323,262.5688
34.91:  2.82513,-24.70323,262.5668
34.93:  2.82513,-24.70323,262.5649
34.94:  2.82513,-24.70323,262.5629
34.96:  2.82513,-24.70323,262.5609
34.98:  2.82513,-24.70323,262.5589
34.99:  2.82513,-24.70323,262.5569
35.01:  2.82513,-24.70323,262.555
35.03:  2.82513,-24.70323,262.553
35.04:  2.82513,-24.70323,262.551
35.06:  2.82513,-24.70323,262.549
35.08:  2.82513,-24.70323,262.5471
35.09:  2.82513,-24.70323,262.5451
35.11:  2.82513,-24.70323,262.5431
35.13:  2.82513,-24.70323,262.5411
35.14:  2.82513,-24.70323,262.5391
35.16:  2.82513,-24.70323,262.5372
35.18:  2.82513,-24.70323,262.5352
35.19:  2.82513,-24.70323,262.5332
35.21:  2.82513,-24.70323,262.5312
35.23:  2.82513,-24.70323,262.5292
35.24:  2.82513,-24.70323,262.5273
35.26:  2.82513,-24.70323,262.5253
35.28:  2.82513,-24.70323,262.5233
35.29:  2.82513,-24.70323,262.5213
35.31:  2.82513,-24.70323,262.5193
35.33:  2.82513,-24.70323,262.5174
35.34:  2.82513,-24.70323,262.5154
35.36:  2.82513,-24.70323,262.5134
35.38:  2.82513,-24.70323,262.5114
35.39:  2.82513,-24.70323,262.5095
35.41:  2.82513,-24.70323,262.5074
35.43:  2.82513,-24.70323,262.5055
35.44:  2.82513,-24.70323,262.5035
35.46:  2.82513,-24.70323,262.5015
35.48:  2.82513,-24.70323,262.4995
35.49:  2.82513,-24.70323,262.4976
35.51:  2.82513,-24.70323,262.4956
35.53:  2.82513,-24.70323,262.4936
35.54:  2.82513,-24.70323,262.4916
35.56:  2.82513,-24.70323,262.4897
35.58:  2.82513,-24.70323,262.4877
35.59:  2.82513,-24.70323,262.4857
35.61:  2.82513,-24.70323,262.4837
35.63:  2.82513,-24.70323,262.4818
35.64:  2.82513,-24.70323,262.4797
35.66:  2.82513,-24.70323,262.4797
35.68:  2.82513,-24.70323,262.4778
35.69:  2.82513,-24.70323,262.4758
35.71:  2.82513,-24.70323,262.4738
35.73:  2.82513,-24.70323,262.4718
35.74:  2.82513,-24.70323,262.4698
35.76:  2.82513,-24.70323,262.4679
35.78:  2.82513,-24.70323,262.4679
35.79:  2.82513,-24.70323,262.4659
35.81:  2.82513,-24.70323,262.4639
35.83:  2.82513,-24.70323,262.4556
35.84:  2.82513,-24.70323,262.4473
35.86:  2.82513,-24.70323,262.4453
35.88:  2.82513,-24.70323,262.437
35.89:  2.82513,-24.70323,262.435
35.91:  2.82513,-24.70323,262.433
35.93:  2.82513,-24.70323,262.431
35.94:  2.82513,-24.70323,262.4291
35.96:  2.82513,-24.70323,262.4271
35.98:  2.82513,-24.70323,262.4271
35.99:  2.82513,-24.70323,262.4251
36.01:  2.82513,-24.70323,262.4231
36.03:  2.82513,-24.70323,262.4211
36.04:  2.82513,-24.70323,262.4192
36.06:  2.82513,-24.70323,262.4172
36.08:  2.82513,-24.70323,262.4152
36.09:  2.82513,-24.70323,262.4132
36.11:  2.82513,-24.70323,262.4113
36.13:  2.82513,-24.70323,262.4113
36.14:  2.82513,-24.70323,262.4093
36.16:  2.82513,-24.70323,262.4073
36.18:  2.82513,-24.70323,262.4053
36.19:  2.82513,-24.70323,262.4033
36.21:  2.82513,-24.70323,262.4014
36.23:  2.82513,-24.70323,262.3994
36.24:  2.82513,-24.70323,262.3974
36.26:  2.82513,-24.70323,262.3954
36.28:  2.82513,-24.70323,262.3934
36.29:  2.82513,-24.70323,262.3914
36.31:  2.82513,-24.70323,262.3895
36.33:  2.82513,-24.70323,262.3875
36.34:  2.82513,-24.70323,262.3855
36.36:  2.82513,-24.70323,262.3835
36.38:  2.82513,-24.70323,262.3816
36.39:  2.82513,-24.70323,262.3796
36.41:  2.82513,-24.70323,262.3776
36.43:  2.82513,-24.70323,262.3756
36.44:  2.82513,-24.70323,262.3737
36.46:  2.82513,-24.70323,262.3717
36.48:  2.82513,-24.70323,262.3697
36.49:  2.82513,-24.70323,262.3677
36.51:  2.82513,-24.70323,262.3657
36.53:  2.82513,-24.70323,262.3638
