ParticipantNo: 11017
Controller type: Gamepad
Training Level Timed:
0.02:  82.7,18.5,270
0.03:  82.7,18.5,270
0.05:  82.7,18.5,269.2121
0.07:  82.7,18.5,268.4243
0.09:  82.7,18.5,267.6364
0.11:  82.7,18.5,266.8485
0.12:  82.7,18.5,266.0606
0.14:  82.7,18.5,265.2727
0.16:  82.7,18.5,264.4848
0.17:  82.7,18.5,263.697
0.19:  82.7,18.5,262.9091
0.21:  82.7,18.5,262.1212
0.22:  82.7,18.5,261.3333
0.24:  82.7,18.5,260.5454
0.26:  82.7,18.5,259.7576
0.27:  82.7,18.5,258.9697
0.29:  82.7,18.5,258.1818
0.31:  82.7,18.5,257.3939
0.32:  82.7,18.5,256.606
0.34:  82.7,18.5,255.8182
0.36:  82.7,18.5,255.9089
0.37:  82.7,18.5,255.9069
0.39:  82.7,18.5,255.9049
0.41:  82.7,18.5,255.903
0.42:  82.7,18.5,255.903
0.44:  82.7,18.5,255.901
0.46:  82.7,18.5,255.899
0.47:  82.7,18.5,255.897
0.49:  82.7,18.5,255.895
0.51:  82.7,18.5,255.893
0.52:  82.7,18.5,255.8911
0.54:  82.7,18.5,255.8891
0.56:  82.7,18.5,255.8871
0.57:  82.7,18.5,255.8871
0.59:  82.7,18.5,255.8871
0.61:  82.7,18.5,255.8871
0.62:  82.7,18.5,255.8871
0.64:  82.7,18.5,255.8871
0.66:  82.7,18.5,255.8871
0.67:  82.7,18.5,255.8871
0.69:  82.7,18.5,255.8851
0.71:  82.7,18.5,255.8851
0.72:  82.7,18.5,255.8831
0.74:  82.7,18.5,255.8812
0.76:  82.7,18.5,255.8792
0.77:  82.7,18.5,255.8772
0.79:  82.7,18.5,255.8752
0.81:  82.7,18.5,255.8732
0.82:  82.7,18.5,255.8712
0.84:  82.7,18.5,255.8712
0.86:  82.7,18.5,255.8712
0.87:  82.7,18.5,255.8693
0.89:  82.7,18.5,255.8673
0.91:  82.7,18.5,255.8653
0.92:  82.7,18.5,255.8633
0.94:  82.7,18.5,255.8633
0.96:  82.7,18.5,255.8633
0.97:  82.7,18.5,255.8633
0.99:  82.7,18.5,255.8614
1.01:  82.7,18.5,255.8594
1.02:  82.7,18.5,255.8574
1.04:  82.7,18.5,255.8554
1.06:  82.7,18.5,255.8534
1.07:  82.7,18.5,255.8514
1.09:  82.7,18.5,255.8495
1.11:  82.7,18.5,255.8475
1.12:  82.7,18.5,255.8455
1.14:  82.7,18.5,255.8435
1.16:  82.7,18.5,255.8435
1.17:  82.7,18.5,255.8415
1.19:  82.7,18.5,255.8396
1.21:  82.7,18.5,255.8396
1.22:  82.7,18.5,255.8376
1.24:  82.7,18.5,255.8356
1.26:  82.7,18.5,255.8336
1.27:  82.7,18.5,255.8316
1.29:  82.7,18.5,255.8316
1.31:  82.7,18.5,255.8297
1.32:  82.7,18.5,255.8277
1.34:  82.7,18.5,255.8257
1.36:  82.7,18.5,255.8237
1.37:  82.7,18.5,255.8217
1.39:  82.7,18.5,255.8198
1.41:  82.7,18.5,255.8178
1.42:  82.7,18.5,255.8158
1.44:  82.7,18.5,255.8138
1.46:  82.7,18.5,255.8118
1.47:  82.7,18.5,255.8098
1.49:  82.7,18.5,255.8079
1.51:  82.7,18.5,255.8079
1.52:  82.7,18.5,255.8079
1.54:  82.7,18.5,255.8059
1.56:  82.7,18.5,255.8039
1.57:  82.7,18.5,255.8019
1.59:  82.7,18.5,255.7999
1.61:  82.7,18.5,255.798
1.62:  82.7,18.5,255.796
1.64:  82.7,18.5,255.794
1.66:  82.7,18.5,255.792
1.67:  82.7,18.5,255.792
1.69:  82.7,18.5,255.79
1.71:  82.7,18.5,255.79
1.72:  82.7,18.5,255.7881
1.74:  82.7,18.5,255.7861
1.76:  82.7,18.5,255.7841
1.77:  82.7,18.5,255.7821
1.79:  82.7,18.5,255.7801
1.81:  82.7,18.5,255.7782
1.82:  82.7,18.5,255.7762
1.84:  82.7,18.5,255.7742
1.86:  82.7,18.5,255.7722
1.87:  82.7,18.5,255.7702
1.89:  82.7,18.5,255.7682
1.91:  82.7,18.5,255.7663
1.92:  82.7,18.5,255.7663
1.94:  82.7,18.5,255.7643
1.96:  82.7,18.5,255.7623
1.97:  82.7,18.5,255.7623
1.99:  82.7,18.5,255.8213
2.01:  82.7,18.5,256.0008
2.02:  82.7,18.5,256.307
2.04:  82.7,18.5,256.7273
2.06:  82.7,18.5,257.2046
2.07:  82.7,18.5,257.7199
2.09:  82.7,18.5,258.248
2.11:  82.7,18.5,258.776
2.12:  82.7,18.5,259.304
2.14:  82.7,18.5,259.8067
2.16:  82.7,18.5,260.2333
2.17:  82.7,18.5,260.5268
2.19:  82.7,18.5,260.6619
2.21:  82.7,18.5,260.6619
2.22:  82.7,18.5,260.6619
2.24:  82.7,18.5,260.6619
2.26:  82.7,18.5,260.6619
2.27:  82.7,18.5,260.6619
2.29:  82.7,18.5,260.6619
2.31:  82.7,18.5,260.6619
2.32:  82.7,18.5,260.6619
2.34:  82.7,18.5,260.6619
2.36:  82.7,18.5,260.6619
2.37:  82.7,18.5,260.6619
2.39:  82.7,18.5,260.6619
2.41:  82.7,18.5,260.6619
2.42:  82.7,18.5,260.6619
2.44:  82.7,18.5,260.6702
2.46:  82.7,18.5,260.7102
2.47:  82.7,18.5,261.0544
2.49:  82.7,18.5,261.7473
2.51:  82.7,18.5,262.5161
2.52:  82.7,18.5,263.285
2.54:  82.7,18.5,264.0538
2.56:  82.7,18.5,264.8227
2.57:  82.7,18.5,265.5916
2.59:  82.7,18.5,266.3604
2.61:  82.7,18.5,267.1293
2.62:  82.7,18.5,267.8982
2.64:  82.7,18.5,268.6037
2.66:  82.7,18.5,269.1761
2.67:  82.7,18.5,269.533
2.69:  82.7,18.5,269.649
2.71:  82.7,18.5,269.67
2.72:  82.7,18.5,269.6847
2.74:  82.7,18.5,269.6993
2.76:  82.7,18.5,269.714
2.77:  82.7,18.5,269.7223
2.79:  82.7,18.5,269.7369
2.81:  82.7,18.5,269.7453
2.84:  82.7,18.5,269.7536
2.86:  82.7,18.5,269.7619
2.87:  82.7,18.5,269.7702
2.89:  82.7,18.5,269.7785
2.91:  82.7,18.5,269.7869
2.92:  82.7,18.5,269.7952
2.94:  82.7,18.5,269.8035
2.96:  82.7,18.5,269.8118
2.97:  82.7,18.5,269.8202
2.99:  82.7,18.5,269.8285
3.01:  82.7,18.5,269.8368
3.02:  82.7,18.5,269.8451
3.04:  82.7,18.5,269.8534
3.06:  82.7,18.5,269.8617
3.07:  82.7,18.5,269.8701
3.09:  82.7,18.5,269.8784
3.11:  82.7,18.5,269.8867
3.12:  82.7,18.5,269.895
3.14:  82.7,18.5,269.9033
3.16:  82.7,18.5,269.9116
3.17:  82.66597,18.49995,269.9136
3.19:  82.51007,18.51458,269.9219
3.21:  82.25885,18.53398,269.9303
3.22:  82.0125,18.55303,269.9386
3.24:  81.76009,18.56517,269.9469
3.26:  81.50935,18.57235,269.9552
3.27:  81.25251,18.58226,269.9636
3.29:  81.00819,18.58932,269.9719
3.31:  80.75607,18.59418,269.9802
3.32:  80.51027,18.59654,269.9885
3.34:  80.25945,18.59653,269.9968
3.36:  80.00948,18.59655,270.0051
3.37:  79.7617,18.59661,270.0134
3.39:  79.50882,18.5967,270.0218
3.41:  79.26015,18.59686,270.0364
3.42:  79.01197,18.59706,270.0447
3.44:  78.75943,18.59729,270.053
3.46:  78.50957,18.59756,270.0614
3.47:  78.26085,18.59789,270.076
3.49:  78.01335,18.59825,270.0844
3.51:  77.75884,18.59867,270.0927
3.52:  77.51096,18.5991,270.101
3.54:  77.25942,18.59958,270.1093
3.56:  77.00906,18.6001,270.1176
3.57:  76.75279,18.60063,270.1196
3.59:  76.50801,18.60115,270.1216
3.61:  76.25906,18.60169,270.1236
3.62:  76.01196,18.60223,270.1255
3.64:  75.75973,18.60279,270.1275
3.66:  75.50967,18.60336,270.1295
3.67:  75.26109,18.60393,270.1315
3.69:  75.00938,18.60451,270.1335
3.71:  74.75969,18.6051,270.1354
3.72:  74.51044,18.6057,270.1375
3.74:  74.25996,18.60631,270.1394
3.76:  74.00929,18.60692,270.1394
3.77:  73.76285,18.60752,270.1394
3.79:  73.5086,18.60815,270.1414
3.81:  73.26028,18.6088,270.1497
3.82:  73.00169,18.60947,270.1497
3.84:  72.75523,18.61012,270.1517
3.86:  72.50868,18.61077,270.1517
3.87:  72.26058,18.61143,270.1517
3.89:  72.00915,18.61211,270.1537
3.91:  71.76008,18.61278,270.1537
3.92:  71.51228,18.61345,270.1556
3.94:  71.25994,18.61414,270.1576
3.96:  71.00937,18.61484,270.1596
3.97:  70.76048,18.61554,270.1616
3.99:  70.51215,18.61625,270.1636
4.01:  70.25465,18.61699,270.1636
4.02:  70.00877,18.61769,270.1636
4.04:  69.75848,18.6184,270.1636
4.06:  69.5088,18.61912,270.1636
4.07:  69.26025,18.61983,270.1656
4.09:  69.00803,18.62056,270.1656
4.11:  68.75837,18.62129,270.1675
4.12:  68.51059,18.62203,270.1695
4.14:  68.2538,18.6228,270.1715
4.16:  68.00919,18.62354,270.1735
4.17:  67.76067,18.6243,270.1754
4.19:  67.50304,18.62509,270.1774
4.21:  67.26157,18.62584,270.1774
4.22:  67.00829,18.62663,270.1794
4.24:  66.75944,18.62742,270.1814
4.26:  66.50914,18.62822,270.1834
4.27:  66.26205,18.62902,270.1854
4.29:  66.00822,18.62985,270.1873
4.31:  65.76289,18.63066,270.1893
4.32:  65.51265,18.6315,270.1913
4.34:  65.25934,18.63235,270.1913
4.36:  65.0013,18.63321,270.1933
4.37:  64.75864,18.63404,270.1953
4.39:  64.50835,18.6349,270.1972
4.41:  64.25908,18.6358,270.2056
4.42:  64.01148,18.63669,270.2075
4.44:  63.75924,18.63762,270.2095
4.46:  63.50917,18.63853,270.2095
4.47:  63.26151,18.63945,270.2115
4.49:  63.00768,18.64039,270.2135
4.51:  62.75904,18.64133,270.2155
4.52:  62.51235,18.64226,270.2174
4.54:  62.25935,18.64323,270.2194
4.56:  62.00873,18.6442,270.2214
4.57:  61.76124,18.64516,270.2234
4.59:  61.51008,18.64615,270.2253
4.61:  61.26036,18.64714,270.2274
4.62:  61.01297,18.64813,270.2293
4.64:  60.76052,18.64915,270.2313
4.66:  60.50991,18.65017,270.2333
4.67:  60.26281,18.65119,270.2353
4.69:  60.01155,18.65223,270.2372
4.71:  59.75253,18.65331,270.2392
4.72:  59.50856,18.65436,270.2475
4.74:  59.25839,18.65548,270.2559
4.76:  59.00814,18.6566,270.2559
4.77:  58.76279,18.65769,270.2559
4.79:  58.50807,18.65883,270.2559
4.81:  58.26181,18.65993,270.2559
4.82:  58.00245,18.66109,270.2559
4.84:  57.75877,18.66218,270.2559
4.86:  57.51022,18.66329,270.2559
4.87:  57.26172,18.6644,270.2559
4.89:  57.00921,18.66549,270.2475
4.91:  56.75891,18.66626,270.1758
4.92:  56.50438,18.66587,269.914
4.94:  56.25593,18.6628,269.2909
4.96:  56.00782,18.65634,268.5094
4.97:  55.76173,18.64655,267.7215
4.99:  55.50805,18.63296,266.9336
5.01:  55.25306,18.61578,266.1457
5.02:  55.01072,18.5961,265.3578
5.04:  54.76281,18.57254,264.57
5.06:  54.51633,18.54568,263.7821
5.07:  54.26485,18.51478,262.9942
5.09:  54.01788,18.48098,262.2063
5.11:  53.76554,18.4429,261.4185
5.12:  53.52067,18.40249,260.6306
5.14:  53.27755,18.35894,259.8427
5.16:  53.02409,18.30992,259.0548
5.17:  52.78349,18.25995,258.2669
5.19:  52.54297,18.20654,257.4791
5.21:  52.30077,18.14924,256.6912
5.22:  52.05998,18.08878,255.9033
5.24:  51.81578,18.02387,255.1154
5.26:  51.56869,17.95454,254.3275
5.27:  51.3341,17.88523,253.5397
5.29:  51.09772,17.81184,252.7518
5.31:  50.86197,17.73508,251.9639
5.32:  50.6166,17.64874,251.176
5.34:  50.39921,17.53326,250.3881
5.36:  50.18805,17.38416,249.6003
5.37:  50.00743,17.21091,248.8124
5.39:  49.84053,17.01693,248.0245
5.41:  49.69396,16.81297,247.2366
5.42:  49.56796,16.60472,246.4488
5.44:  49.45156,16.38569,245.6609
5.46:  49.34302,16.15897,244.873
5.47:  49.2566,15.94473,244.0851
5.49:  49.18288,15.71061,243.2972
5.51:  49.1191,15.47408,242.5094
5.52:  49.06225,15.2292,241.7215
5.54:  49.01381,14.99054,240.9336
5.56:  48.96886,14.75228,240.1457
5.57:  48.92618,14.51676,239.3578
5.59:  48.88464,14.26962,238.57
5.61:  48.84592,14.02876,237.7821
5.62:  48.81033,13.78601,236.9942
5.64:  48.7715,13.54562,236.2063
5.66:  48.71177,13.30728,235.4185
5.67:  48.63544,13.07215,234.6306
5.69:  48.52164,12.84419,233.8427
5.71:  48.38379,12.63097,233.0548
5.72:  48.22248,12.43571,232.2669
5.74:  48.03698,12.26605,231.4791
5.76:  47.83539,12.10099,230.6912
5.77:  47.64944,11.94443,229.9033
5.79:  47.45954,11.78002,229.1154
5.81:  47.2763,11.61692,228.3276
5.82:  47.08675,11.44347,227.5397
5.84:  46.90961,11.27684,226.7518
5.86:  46.71567,11.11982,225.9639
5.87:  46.50674,10.97453,225.176
5.89:  46.29972,10.8263,224.3882
5.91:  46.0978,10.67747,223.6003
5.92:  45.89545,10.52399,222.8124
5.94:  45.69437,10.36708,222.0245
5.96:  45.49705,10.20947,221.3761
5.97:  45.29877,10.04928,221.0572
5.99:  45.09767,9.886723,221.0426
6.01:  44.89856,9.728798,221.0279
6.02:  44.70364,9.571074,221.0132
6.04:  44.50215,9.411053,220.9922
6.06:  44.30225,9.252172,220.9713
6.07:  44.10668,9.096589,220.9439
6.09:  43.90595,8.935246,220.6567
6.11:  43.71181,8.771632,219.8689
6.12:  43.52151,8.606725,219.081
6.14:  43.33001,8.436108,218.2931
6.16:  43.14262,8.264483,217.5052
6.17:  42.9592,8.091784,216.7173
6.19:  42.7774,7.915836,215.9295
6.21:  42.59523,7.734612,215.1416
6.22:  42.41775,7.55655,214.3537
6.24:  42.23849,7.371682,213.5658
6.26:  42.06577,7.188582,212.778
6.27:  41.89328,7.000626,211.9901
6.29:  41.72425,6.80761,211.2022
6.31:  41.56163,6.616687,210.4143
6.32:  41.39361,6.413831,209.6264
6.34:  41.23785,6.220426,208.8386
6.36:  41.08215,6.021563,208.0507
6.37:  40.92977,5.821321,207.2628
6.39:  40.78171,5.608616,206.4749
6.41:  40.65342,5.397503,205.6871
6.42:  40.52462,5.178828,204.8992
6.44:  40.40184,4.963665,204.1113
6.46:  40.28118,4.74529,203.3234
6.47:  40.17263,4.521778,202.5355
6.49:  40.07909,4.287273,201.7477
6.51:  39.98915,4.052479,200.9598
6.52:  39.90104,3.812651,200.1719
6.54:  39.84262,3.574516,199.384
6.56:  39.8258,3.309383,198.5961
6.57:  39.85402,3.063461,197.8082
6.59:  39.92532,2.818227,197.0204
6.61:  40.01241,2.592426,196.2325
6.62:  40.11486,2.36063,195.4446
6.64:  40.22542,2.151734,194.6567
6.66:  40.34539,1.943051,193.8689
6.67:  40.46816,1.736136,193.081
6.69:  40.59416,1.530285,192.2931
6.71:  40.7224,1.327107,191.5052
6.72:  40.85009,1.127606,190.7173
6.74:  40.98923,0.9200271,189.9295
6.76:  41.12421,0.7274699,189.1416
6.77:  41.26315,0.5320272,188.3537
6.79:  41.40371,0.339965,187.5658
6.81:  41.54742,0.1491516,186.778
6.82:  41.69608,-0.05997081,185.9901
6.84:  41.82824,-0.264073,185.2022
6.86:  41.95219,-0.4715218,184.4143
6.87:  42.05967,-0.6970177,183.6264
6.89:  42.14064,-0.9326882,182.8385
6.91:  42.19091,-1.183882,182.0507
6.92:  42.21014,-1.437458,181.2628
6.94:  42.21051,-1.681162,180.4749
6.96:  42.2119,-1.935984,179.687
6.97:  42.21661,-2.180912,178.8992
6.99:  42.22501,-2.435826,178.1113
7.01:  42.23644,-2.680335,177.3234
7.02:  42.25148,-2.928733,176.5355
7.04:  42.27018,-3.180168,175.7477
7.06:  42.29263,-3.434755,174.9598
7.07:  42.31821,-3.685338,174.1719
7.09:  42.34642,-3.928605,173.384
7.11:  42.3789,-4.178524,172.5961
7.12:  42.41395,-4.42202,171.8083
7.14:  42.45252,-4.667126,171.0584
7.16:  42.49482,-4.918013,170.429
7.17:  42.53778,-5.16264,170.0404
7.19:  42.58076,-5.407214,170.0321
7.21:  42.62391,-5.652518,170.0238
7.22:  42.66721,-5.898336,170.0091
7.24:  42.71072,-6.145114,170.0008
7.26:  42.75447,-6.393027,169.9925
7.27:  42.79828,-6.641067,169.9841
7.29:  42.84214,-6.88731,169.8997
7.31:  42.88734,-7.134984,169.6569
7.32:  42.94144,-7.377595,169.1162
7.34:  43.01125,-7.61859,168.3284
7.36:  43.10107,-7.854727,167.5405
7.37:  43.22118,-8.090269,166.7526
7.39:  43.35826,-8.292988,165.9647
7.41:  43.51705,-8.481459,165.1768
7.42:  43.68976,-8.651191,164.389
7.44:  43.8869,-8.814242,163.6011
7.46:  44.07427,-8.963191,162.8132
7.47:  44.26739,-9.10989,162.0253
7.49:  44.4661,-9.256574,161.2375
7.51:  44.66011,-9.398147,160.4496
7.52:  44.86083,-9.537951,159.6617
7.54:  45.06394,-9.675344,158.8801
7.56:  45.26654,-9.808365,158.0923
7.57:  45.47782,-9.947134,157.3044
7.59:  45.68411,-10.07623,156.5165
7.61:  45.89331,-10.20156,155.7286
7.62:  46.10479,-10.32593,154.9408
7.64:  46.31852,-10.44771,154.1529
7.66:  46.5357,-10.56753,153.365
7.67:  46.75168,-10.68128,152.5771
7.69:  46.96925,-10.79206,151.7892
7.71:  47.18972,-10.90053,151.0014
7.72:  47.40678,-11.00585,150.2135
7.74:  47.63583,-11.11313,149.4256
7.76:  47.85595,-11.21186,148.6377
7.77:  48.07939,-11.30692,147.8498
7.79:  48.30517,-11.40151,147.062
7.81:  48.53165,-11.49058,146.2741
7.82:  48.7646,-11.58074,145.4862
7.84:  48.99111,-11.66288,144.7364
7.86:  49.10869,-11.795,144.1323
7.87:  49.18918,-11.94984,144.1049
7.89:  49.30339,-12.11817,144.103
7.91:  49.43365,-12.28596,144.101
7.92:  49.58175,-12.44672,144.101
7.94:  49.75222,-12.60364,144.101
7.96:  49.94233,-12.74282,144.101
7.97:  50.14853,-12.86808,144.101
7.99:  50.37336,-12.9702,144.101
8.01:  50.59056,-13.06885,144.101
8.02:  50.81303,-13.1699,144.101
8.04:  51.03633,-13.27266,144.099
8.06:  51.25569,-13.37228,144.099
8.07:  51.47546,-13.47208,144.097
8.09:  51.69941,-13.57378,144.097
8.11:  51.9206,-13.67556,144.097
8.12:  52.14893,-13.78062,144.097
8.14:  52.37091,-13.88406,144.097
8.16:  52.59586,-13.97927,144.097
8.17:  52.82399,-14.0713,144.095
8.19:  53.05831,-14.1548,144.095
8.21:  53.28922,-14.23202,144.095
8.22:  53.51766,-14.30487,144.095
8.24:  53.75351,-14.38008,144.095
8.26:  53.98545,-14.45403,144.095
8.27:  54.21396,-14.5183,144.095
8.29:  54.44851,-14.58426,144.093
8.31:  54.67865,-14.64898,144.093
8.32:  54.91816,-14.71469,144.093
8.34:  55.14649,-14.77733,144.093
8.36:  55.37263,-14.83937,144.093
8.37:  55.60051,-14.90345,144.093
8.39:  55.83522,-14.96784,144.093
8.41:  56.06804,-15.03133,144.093
8.42:  56.29634,-15.09553,144.093
8.44:  56.53303,-15.16007,144.093
8.46:  56.7669,-15.22384,144.093
8.47:  56.99761,-15.28675,144.093
8.49:  57.23094,-15.35037,144.093
8.51:  57.46774,-15.41494,144.093
8.52:  57.69712,-15.47591,144.093
8.54:  57.9329,-15.53858,144.093
8.56:  58.16624,-15.60221,144.093
8.57:  58.39483,-15.66649,144.093
8.59:  58.63327,-15.73174,144.1457
8.61:  58.86224,-15.80225,144.3315
8.62:  59.09358,-15.87532,144.7455
8.64:  59.32783,-15.95203,145.3495
8.66:  59.55782,-16.03045,146.0423
8.67:  59.78338,-16.11071,146.8049
8.69:  60.01471,-16.19663,147.5928
8.71:  60.24018,-16.28393,148.3806
8.72:  60.46473,-16.37443,149.1685
8.74:  60.6911,-16.46931,149.9564
8.76:  60.91522,-16.56689,150.7443
8.77:  61.13445,-16.66595,151.5322
8.79:  61.35419,-16.7689,152.32
8.81:  61.57178,-16.87452,153.1079
8.82:  61.78673,-16.98253,153.8958
8.84:  62.00254,-17.09429,154.5949
8.86:  62.21831,-17.20868,155.1483
8.87:  62.43702,-17.31857,155.5179
8.89:  62.65205,-17.40888,155.6593
8.91:  62.87514,-17.49312,155.6866
8.92:  63.09935,-17.56694,155.714
8.94:  63.33053,-17.63189,155.735
8.96:  63.55719,-17.69208,155.7496
8.97:  63.78852,-17.75355,155.7579
8.99:  64.01879,-17.80568,155.7663
9.01:  64.24901,-17.85783,155.7746
9.02:  64.47674,-17.90945,155.7829
9.04:  64.71983,-17.96301,155.7912
9.06:  64.94414,-18.01392,155.7995
9.07:  65.17265,-18.06585,155.8142
9.09:  65.40557,-18.11757,155.8859
9.11:  65.6427,-18.17275,156.1097
9.12:  65.86343,-18.22607,156.5933
9.14:  66.0944,-18.28481,157.2798
9.16:  66.32066,-18.3456,158.0487
9.17:  66.54739,-18.40986,158.8366
9.19:  66.77394,-18.47746,159.6245
9.21:  67.00362,-18.54788,160.4123
9.22:  67.22625,-18.621,161.1939
9.24:  67.45245,-18.69876,161.9817
9.26:  67.67512,-18.77872,162.7633
9.27:  67.89584,-18.85986,163.5512
9.29:  68.11884,-18.94693,164.339
9.31:  68.34027,-19.03529,165.1206
9.32:  68.55496,-19.12566,165.8387
9.34:  68.77373,-19.22041,166.4301
9.36:  68.99046,-19.31621,166.8568
9.37:  69.20322,-19.41131,167.0932
9.39:  69.423,-19.50975,167.1396
9.41:  69.63695,-19.6057,167.1669
9.42:  69.84969,-19.70123,167.1943
9.44:  70.06802,-19.79935,167.2089
9.46:  70.284,-19.89641,167.2109
9.47:  70.49695,-19.99212,167.2129
9.49:  70.71463,-20.08997,167.2148
9.51:  70.93037,-20.18479,167.2168
9.52:  71.14631,-20.27235,167.2251
9.54:  71.36732,-20.362,167.2335
9.56:  71.58433,-20.45155,167.2354
9.57:  71.79716,-20.54946,167.2438
9.59:  72.01126,-20.65348,167.2521
9.61:  72.22452,-20.77164,167.2604
9.62:  72.43389,-20.88974,167.2687
9.64:  72.63766,-21.01637,167.277
9.66:  72.82745,-21.16076,167.2917
9.67:  73.01819,-21.31629,167.319
9.69:  73.19613,-21.5008,167.5745
9.71:  73.3483,-21.70181,168.1913
9.72:  73.48927,-21.90964,168.9792
9.74:  73.62045,-22.13151,169.767
9.76:  73.74893,-22.3641,170.5549
9.77:  73.85397,-22.59111,171.3428
9.79:  73.95727,-22.82268,172.1307
9.81:  74.05785,-23.05847,172.9186
9.82:  74.15403,-23.29281,173.7064
9.84:  74.25301,-23.53534,174.3422
9.86:  74.34915,-23.78255,174.7688
9.87:  74.44209,-24.01571,174.8088
9.89:  74.5375,-24.25503,174.8088
9.91:  74.63333,-24.49543,174.8088
9.92:  74.73088,-24.74014,174.8088
9.94:  74.82317,-24.97793,174.8088
9.96:  74.91792,-25.21562,174.8088
9.97:  75.01216,-25.45203,174.8088
9.99:  75.10645,-25.69496,174.8088
10.01:  75.19978,-25.93545,174.8088
10.02:  75.29394,-26.17165,174.8088
10.04:  75.39393,-26.42248,174.8088
10.06:  75.48911,-26.66125,174.8088
10.07:  75.57269,-26.9045,174.8088
10.09:  75.64711,-27.14251,174.8088
10.11:  75.71611,-27.38728,174.8088
10.12:  75.77202,-27.62938,174.8108
10.14:  75.82645,-27.87734,174.8825
10.16:  75.88427,-28.13303,175.0746
10.17:  75.93382,-28.36999,175.4505
10.19:  75.98359,-28.62053,176.0293
10.21:  76.03181,-28.86563,176.6841
10.22:  76.07712,-29.11109,177.3578
10.24:  76.11957,-29.37229,178.0316
10.26:  76.15919,-29.61745,178.6357
10.27:  76.19641,-29.86081,179.1194
10.29:  76.23139,-30.11245,179.3495
10.31:  76.26779,-30.35914,179.4212
10.32:  76.30441,-30.60791,179.4422
10.34:  76.33902,-30.86015,179.4505
10.36:  76.3758,-31.11055,179.4589
10.37:  76.41188,-31.35628,179.4608
10.39:  76.44665,-31.61005,179.4628
10.41:  76.48309,-31.85831,179.4648
10.42:  76.51927,-32.10489,179.4668
10.44:  76.55404,-32.35886,179.4688
10.46:  76.5906,-32.60809,179.4707
10.47:  76.62676,-32.85471,179.4727
10.49:  76.66378,-33.10723,179.4747
10.51:  76.70119,-33.36261,179.483
10.52:  76.73729,-33.60917,179.485
10.54:  76.7737,-33.85809,179.4933
10.56:  76.81516,-34.10796,179.4953
10.57:  76.86813,-34.35429,179.4973
10.59:  76.9222,-34.60577,179.4993
10.61:  76.97589,-34.85555,179.5012
10.62:  77.02866,-35.10105,179.5032
10.64:  77.08296,-35.35373,179.5052
10.66:  77.136,-35.60061,179.5072
10.67:  77.1897,-35.85056,179.5092
10.69:  77.2439,-36.10287,179.5111
10.71:  77.29725,-36.35131,179.5131
10.72:  77.35034,-36.59856,179.5151
10.74:  77.41217,-36.85175,179.5171
10.76:  77.47298,-37.1008,179.5191
10.77:  77.53317,-37.34736,179.521
10.79:  77.59493,-37.60037,179.523
10.81:  77.66545,-37.84917,179.525
10.82:  77.73527,-38.0955,179.527
10.84:  77.80717,-38.34923,179.529
10.86:  77.87771,-38.5982,179.5309
10.87:  77.95103,-38.85703,179.5329
10.89:  78.02008,-39.1009,179.5412
10.91:  78.08987,-39.34741,179.5432
10.92:  78.16007,-39.59543,179.5452
10.94:  78.23072,-39.84504,179.5472
10.96:  78.3011,-40.09374,179.5492
10.97:  78.3708,-40.34006,179.5511
10.99:  78.44213,-40.59221,179.5531
11.01:  78.5129,-40.84239,179.5551
11.02:  78.58266,-41.089,179.5571
11.04:  78.65309,-41.33807,179.5591
11.06:  78.72346,-41.58694,179.5611
11.07:  78.79404,-41.83654,179.563
11.09:  78.8658,-42.09041,179.565
11.11:  78.93588,-42.33835,179.567
11.12:  79.00584,-42.58612,179.5817
11.14:  79.07716,-42.83883,179.59
11.16:  79.14731,-43.0875,179.5983
11.17:  79.21689,-43.33431,179.6066
11.19:  79.28819,-43.58751,179.6213
11.21:  79.35813,-43.83599,179.6296
11.22:  79.42755,-44.08284,179.6443
11.24:  79.49857,-44.33563,179.6589
11.26:  79.56857,-44.58511,179.6736
11.27:  79.63722,-44.82985,179.6819
11.29:  79.70844,-45.08412,179.7029
11.31:  79.77841,-45.33426,179.7239
11.32:  79.84726,-45.58067,179.7385
11.34:  79.91778,-45.83329,179.7532
11.36:  79.98766,-46.08388,179.7678
11.37:  80.05921,-46.34069,179.7825
11.39:  80.12659,-46.58313,179.8162
11.41:  80.1956,-46.83334,179.9322
11.42:  80.26237,-47.07963,180.1814
11.44:  80.32874,-47.33244,180.6397
11.46:  80.39671,-47.58499,181.3262
11.47:  80.47993,-47.82558,182.114
11.49:  80.5679,-48.07676,182.9019
11.51:  80.64931,-48.31701,183.6898
11.52:  80.72761,-48.55895,184.4777
11.54:  80.80167,-48.81,185.2655
11.56:  80.8709,-49.05721,186.0534
11.57:  80.94171,-49.31492,186.8413
11.59:  81.00594,-49.56198,187.6292
11.61:  81.06798,-49.81477,188.4171
11.62:  81.12392,-50.06309,189.2049
11.64:  81.17883,-50.31681,189.9928
11.66:  81.2281,-50.57218,190.7807
11.67:  81.27708,-50.83298,191.5686
11.69:  81.32004,-51.08052,192.3565
11.71:  81.35899,-51.33335,193.1443
11.72:  81.3935,-51.5863,193.9322
11.74:  81.42669,-51.84963,194.7201
11.76:  81.45498,-52.10204,195.508
11.77:  81.48259,-52.35277,196.1247
11.79:  81.50764,-52.61039,196.3485
11.81:  81.53146,-52.86596,196.3759
11.82:  81.55605,-53.12066,196.3905
11.84:  81.58393,-53.38543,196.3988
11.86:  81.60711,-53.63536,196.4008
11.87:  81.63145,-53.89818,196.4091
11.89:  81.65764,-54.14764,196.4175
11.91:  81.68389,-54.40684,196.4194
11.92:  81.70826,-54.66101,196.4278
11.94:  81.7435,-54.91421,196.4297
11.96:  81.7787,-55.16741,196.4381
11.97:  81.81618,-55.42105,196.4464
11.99:  81.85273,-55.67448,196.6449
12.01:  81.88614,-55.92909,197.3757
12.02:  81.92051,-56.17654,198.1572
12.06:  81.95418,-56.42824,198.9451
12.07:  81.98389,-56.67619,199.733
12.09:  82.0139,-56.9281,200.5209
12.11:  82.04519,-57.17224,201.3087
12.12:  82.07118,-57.41918,202.0966
12.14:  82.09565,-57.66317,202.8845
12.16:  82.11654,-57.90462,203.666
12.17:  82.13429,-58.14894,204.4539
12.19:  82.14851,-58.3905,205.2418
12.21:  82.15861,-58.63664,206.0297
12.22:  82.16628,-58.88065,206.8112
12.24:  82.17062,-59.12644,207.5991
12.26:  82.17158,-59.37282,208.387
12.27:  82.16582,-59.61955,209.1749
12.29:  82.15679,-59.86285,209.9627
12.31:  82.13509,-60.11361,210.7506
12.32:  82.10488,-60.35958,211.5385
12.34:  82.05991,-60.60168,212.3264
12.36:  81.99397,-60.84408,213.1143
12.37:  81.91648,-61.09106,213.9021
12.39:  81.84316,-61.3161,214.69
12.41:  81.76058,-61.55602,215.4779
12.42:  81.6758,-61.79177,216.2658
12.44:  81.58922,-62.02249,217.0536
12.46:  81.49643,-62.25978,217.8415
12.47:  81.40233,-62.49101,218.6294
12.49:  81.30582,-62.71912,219.4173
12.51:  81.20427,-62.95022,220.2052
12.52:  81.10005,-63.1788,220.993
12.54:  80.99425,-63.40268,221.7809
12.56:  80.88247,-63.631,222.5688
12.57:  80.76637,-63.86014,223.3567
12.59:  80.6544,-64.07522,224.1446
12.61:  80.52805,-64.29562,224.9324
12.62:  80.3925,-64.51299,225.7203
12.64:  80.25512,-64.72668,226.5082
12.66:  80.11319,-64.94198,227.2961
12.67:  79.96738,-65.15564,228.084
12.69:  79.82184,-65.36272,228.8718
12.71:  79.66935,-65.57346,229.6597
12.72:  79.51709,-65.77889,230.4476
12.74:  79.36443,-65.97905,231.2355
12.76:  79.20297,-66.18385,232.0233
12.77:  79.04074,-66.3839,232.8112
12.79:  78.87959,-66.5808,233.5991
12.81:  78.71081,-66.77762,234.387
12.82:  78.53971,-66.97166,235.1749
12.84:  78.36892,-67.16008,235.9627
12.86:  78.18726,-67.35592,236.7506
12.87:  78.01297,-67.53789,237.5385
12.89:  77.83628,-67.71816,238.3264
12.91:  77.65314,-67.89913,239.1143
12.92:  77.47018,-68.07501,239.9021
12.94:  77.28035,-68.14539,240.69
12.96:  77.08948,-68.14619,241.4779
12.97:  76.89241,-68.14701,242.2658
12.99:  76.69794,-68.14784,243.0536
13.01:  76.50348,-68.14868,243.8415
13.02:  76.30459,-68.14952,244.6294
13.04:  76.10559,-68.15039,245.4173
13.06:  75.89967,-68.15125,246.2052
13.07:  75.69371,-68.15213,246.993
13.09:  75.48711,-68.15302,247.7809
13.11:  75.27406,-68.15391,248.5688
13.12:  75.05952,-68.15668,249.3567
13.14:  74.8431,-68.15888,250.1446
13.16:  74.61454,-68.16049,250.9324
13.17:  74.39368,-68.16145,251.7203
13.19:  74.17046,-68.16175,252.5082
13.21:  73.94746,-68.16339,253.2961
13.22:  73.71928,-68.16438,254.084
13.24:  73.49217,-68.16536,254.8719
13.26:  73.26017,-68.16635,255.6597
13.27:  73.02718,-68.16736,256.4476
13.29:  72.78569,-68.16836,257.2355
13.31:  72.55582,-68.16938,258.0234
13.32:  72.32168,-68.17039,258.8112
13.34:  72.08344,-68.17142,259.5991
13.36:  71.84682,-68.17245,260.3807
13.37:  71.61,-68.17336,261.0798
13.39:  71.3696,-68.17385,261.4557
13.41:  71.12676,-68.17386,261.4557
13.42:  70.88992,-68.17386,261.4557
13.44:  70.64841,-68.17386,261.4557
13.46:  70.4056,-68.17386,261.4557
13.47:  70.16497,-68.17386,261.4557
13.49:  69.91785,-68.17386,261.4557
13.51:  69.68349,-68.17386,261.4557
13.52:  69.44608,-68.17386,261.4557
13.54:  69.20691,-68.17386,261.4557
13.56:  68.96437,-68.17386,261.4557
13.57:  68.72674,-68.17386,261.4557
13.59:  68.48634,-68.17386,261.4557
13.61:  68.24246,-68.17386,261.4557
13.62:  68.0032,-68.17386,261.4557
13.64:  67.76545,-68.17386,261.4557
13.66:  67.52252,-68.17386,261.4557
13.67:  67.28416,-68.17386,261.4557
13.69:  67.04191,-68.17386,261.4557
13.71:  66.80075,-68.17386,261.4557
13.72:  66.56116,-68.17386,261.4557
13.74:  66.31969,-68.17825,261.4641
13.76:  66.07523,-68.17913,261.5674
13.77:  65.83212,-68.17913,261.9561
13.79:  65.59119,-68.18062,262.6679
13.81:  65.34265,-68.18169,263.4557
13.82:  65.09647,-68.18275,264.2436
13.84:  64.85394,-68.18307,265.0315
13.86:  64.60379,-68.18416,265.8194
13.87:  64.35587,-68.18599,266.6072
13.89:  64.11105,-68.18708,267.3951
13.91:  63.85912,-68.1874,268.183
13.92:  63.60878,-68.18848,268.9645
13.94:  63.36125,-68.18939,269.6193
13.96:  63.10928,-68.19081,270.0966
13.97:  62.85882,-68.19081,270.3458
13.99:  62.61211,-68.19081,270.3458
14.01:  62.35744,-68.19081,270.3478
14.02:  62.10848,-68.19081,270.3498
14.04:  61.85303,-68.19116,270.3517
14.06:  61.60224,-68.19117,270.3537
14.07:  61.35824,-68.19117,270.3557
14.09:  61.1115,-68.19118,270.3577
14.11:  60.85699,-68.19118,270.3597
14.12:  60.60742,-68.19118,270.3597
14.14:  60.35983,-68.19118,270.3617
14.16:  60.10723,-68.19118,270.3636
14.17:  59.85653,-68.19118,270.3656
14.19:  59.60915,-68.1912,270.3739
14.21:  59.34989,-68.1912,270.3759
14.22:  59.10586,-68.19121,270.3779
14.24:  58.85924,-68.19121,270.3799
14.26:  58.60652,-68.19121,270.3818
14.27:  58.35527,-68.19122,270.3839
14.29:  58.10856,-68.19122,270.3858
14.31:  57.85482,-68.19122,270.3878
14.32:  57.60597,-68.19122,270.3898
14.34:  57.35614,-68.19122,270.3981
14.36:  57.10489,-68.19122,270.4001
14.37:  56.85509,-68.19122,270.402
14.39:  56.60742,-68.19122,270.4104
14.41:  56.34691,-68.19122,270.4124
14.42:  56.10376,-68.19122,270.4143
14.44:  55.85649,-68.19122,270.4163
14.46:  55.60308,-68.19125,270.4183
14.47:  55.35331,-68.19126,270.4203
14.49:  55.10659,-68.19127,270.4222
14.51:  54.85264,-68.19127,270.4242
14.52:  54.60199,-68.19127,270.4262
14.54:  54.3554,-68.19127,270.4282
14.56:  54.10255,-68.19128,270.4365
14.57:  53.85131,-68.19128,270.4448
14.59:  53.5912,-68.19128,270.4468
14.61:  53.35048,-68.19131,270.4488
14.62:  53.10102,-68.19131,270.4507
14.64:  52.85373,-68.19131,270.4528
14.66:  52.5938,-68.19131,270.4547
14.67:  52.34756,-68.19131,270.4567
14.69:  52.10255,-68.19131,270.4587
14.71:  51.84944,-68.19131,270.4607
14.72:  51.59932,-68.19132,270.4626
14.74:  51.35272,-68.19132,270.4773
14.76:  51.09984,-68.19132,270.5363
14.77:  50.84907,-68.19132,270.7728
14.79:  50.59077,-68.19173,271.3135
14.81:  50.34342,-68.19348,272.019
14.82:  50.09037,-68.19458,272.8069
14.84:  49.84276,-68.19568,273.5948
14.86:  49.59343,-68.19678,274.3826
14.87:  49.34103,-68.19788,275.1705
14.89:  49.08382,-68.19897,275.9584
14.91:  48.83458,-68.19912,276.6765
14.92:  48.58495,-68.19691,277.2173
14.94:  48.33642,-68.1933,277.5425
14.96:  48.08347,-68.18911,277.6585
14.97:  47.83124,-68.18481,277.6859
14.99:  47.58426,-68.18056,277.6942
15.01:  47.32857,-68.17863,277.6962
15.02:  47.07597,-68.17425,277.7045
15.04:  46.82774,-68.1723,277.7128
15.06:  46.57207,-68.16779,277.7211
15.07:  46.32111,-68.16332,277.7294
15.09:  46.06915,-68.16124,277.7377
15.11:  45.81686,-68.15911,277.746
15.12:  45.56549,-68.15696,277.7544
15.14:  45.315,-68.1548,277.7563
15.16:  45.06106,-68.15012,277.7646
15.17:  44.80894,-68.14542,277.7793
15.19:  44.55005,-68.14055,277.7876
15.21:  44.30522,-68.13593,277.7896
15.22:  44.05692,-68.13122,277.7979
15.24:  43.80588,-68.12881,277.8126
15.26:  43.54966,-68.12384,277.8209
15.27:  43.30225,-68.11901,277.8292
15.29:  43.03878,-68.11639,277.8312
15.31:  42.79535,-68.11163,277.8332
15.32:  42.54321,-68.10908,277.8415
15.34:  42.29457,-68.10653,277.8498
15.36:  42.0418,-68.1039,277.8582
15.37:  41.78724,-68.09877,277.8665
15.39:  41.52669,-68.09347,277.8748
15.41:  41.28342,-68.09087,277.8768
15.42:  41.03207,-68.08571,277.8851
15.44:  40.78334,-68.08057,277.8934
15.46:  40.52893,-68.07774,277.9017
15.47:  40.28019,-68.07495,277.9037
15.49:  40.02346,-68.06956,277.912
15.51:  39.77119,-68.0667,277.914
15.52:  39.52304,-68.06148,277.916
15.54:  39.27155,-68.0586,277.9179
15.56:  39.01679,-68.05319,277.9263
15.57:  38.76516,-68.05027,277.9283
15.59:  38.51364,-68.04734,277.9302
15.61:  38.26409,-68.04199,277.9385
15.62:  38.01131,-68.03654,277.9469
15.64:  37.75824,-68.03103,277.9552
15.66:  37.50816,-68.02559,277.9572
15.67:  37.25364,-68.02,277.9655
15.69:  37.0027,-68.0169,277.9738
15.71:  36.751,-68.01374,277.9821
15.72:  36.49722,-68.01051,277.9904
15.74:  36.24628,-68.00729,277.9988
15.76:  35.99542,-68.00164,278.0007
15.77:  35.74411,-67.99594,278.0091
15.79:  35.49176,-67.99016,278.0237
15.81:  35.24228,-67.9865,278.1017
15.82:  34.98927,-67.98173,278.3446
15.84:  34.74026,-67.97274,278.7775
15.86:  34.48236,-67.96323,279.3753
15.87:  34.23545,-67.95113,280.0681
15.89:  33.98524,-67.93559,280.8179
15.91:  33.73265,-67.9164,281.6058
15.92:  33.48105,-67.89137,282.3937
15.94:  33.22501,-67.86232,283.1816
15.96:  32.98069,-67.8336,283.9695
15.97:  32.72768,-67.79782,284.7573
15.99:  32.48222,-67.76209,285.5452
16.01:  32.22773,-67.71894,286.3331
16.02:  31.98402,-67.67416,287.121
16.04:  31.73934,-67.62572,287.9088
16.06:  31.48523,-67.57177,288.6967
16.07:  31.24371,-67.51701,289.4846
16.09:  30.9994,-67.4581,290.2661
16.11:  30.75711,-67.39677,290.9146
16.12:  30.51301,-67.33733,290.9482
16.14:  30.26954,-67.27805,290.9482
16.16:  30.02051,-67.21741,290.9482
16.17:  29.77808,-67.15838,290.9482
16.19:  29.53629,-67.0995,290.9482
16.21:  29.29042,-67.03963,290.9482
16.22:  29.04469,-66.97728,290.9482
16.24:  28.80116,-66.91548,290.9482
16.26:  28.55558,-66.85569,290.9482
16.27:  28.31053,-66.79602,290.9482
16.29:  28.06848,-66.73708,290.9482
16.31:  27.82344,-66.6749,290.9482
16.32:  27.57695,-66.61235,290.9482
16.34:  27.33584,-66.55117,290.9482
16.36:  27.0886,-66.49097,290.9482
16.37:  26.84387,-66.43138,290.9482
16.39:  26.60334,-66.37035,290.9482
16.41:  26.3582,-66.30814,290.9482
16.42:  26.10549,-66.2466,290.9482
16.44:  25.86506,-66.18806,290.9482
16.46:  25.61838,-66.12799,290.9482
16.47:  25.37626,-66.06904,290.9482
16.49:  25.13484,-66.00777,290.9482
16.51:  24.8892,-65.94797,290.9482
16.52:  24.64307,-65.88804,290.9482
16.54:  24.40077,-65.82903,290.9482
16.56:  24.15289,-65.76614,290.9482
16.57:  23.90869,-65.70667,290.9482
16.59:  23.66821,-65.64565,290.9482
16.61:  23.41944,-65.58253,290.9482
16.62:  23.17781,-65.52121,290.9482
16.64:  22.93585,-65.45982,290.9482
16.66:  22.68983,-65.39738,290.9482
16.67:  22.44477,-65.3352,290.9482
16.69:  22.2012,-65.27339,290.9482
16.71:  21.95718,-65.21147,290.9482
16.72:  21.71366,-65.14968,290.9482
16.74:  21.4708,-65.09055,290.9482
16.76:  21.21597,-65.02588,290.9482
16.77:  20.9802,-64.96599,290.9629
16.79:  20.7384,-64.90444,290.9902
16.81:  20.49123,-64.8412,291.0619
16.82:  20.24739,-64.78091,291.1526
16.84:  20.00657,-64.72081,291.275
16.86:  19.75984,-64.65605,291.4164
16.87:  19.51581,-64.59384,291.5642
16.89:  19.27463,-64.53156,291.7437
16.91:  19.0309,-64.46525,291.9294
16.92:  18.78503,-64.3999,292.1469
16.94:  18.54543,-64.33485,292.4531
16.96:  18.30059,-64.26389,292.8734
16.97:  18.0583,-64.19343,293.4774
16.99:  17.82023,-64.12064,294.2653
17.01:  17.57722,-64.04006,295.0532
17.02:  17.33969,-63.96023,295.8411
17.04:  17.10394,-63.87737,296.629
17.06:  16.86496,-63.78966,297.4168
17.07:  16.62306,-63.69709,298.2047
17.09:  16.38852,-63.60361,298.9926
17.11:  16.16364,-63.51038,299.7805
17.12:  15.93097,-63.41015,300.5684
17.14:  15.70369,-63.30852,301.3562
17.16:  15.46649,-63.19572,302.1441
17.17:  15.24404,-63.08881,302.932
17.19:  15.02238,-62.97581,303.7198
17.21:  14.79891,-62.858,304.5078
17.22:  14.57874,-62.73804,305.2956
17.24:  14.35779,-62.61647,306.0835
17.26:  14.1383,-62.49174,306.8714
17.27:  13.92126,-62.36442,307.6593
17.29:  13.71048,-62.23405,308.4471
17.31:  13.49212,-62.09775,309.235
17.32:  13.28176,-61.9624,310.0229
17.34:  13.07473,-61.82512,310.8108
17.36:  12.8634,-61.68077,311.5987
17.37:  12.6568,-61.53544,312.3865
17.39:  12.45598,-61.38704,313.1744
17.41:  12.25504,-61.23726,313.9623
17.42:  12.04873,-61.07584,314.7502
17.44:  11.85761,-60.92202,315.5381
17.46:  11.66288,-60.76083,316.3259
17.47:  11.47033,-60.60012,317.1138
17.49:  11.27582,-60.42989,317.9017
17.51:  11.09447,-60.26672,318.6896
17.52:  10.90731,-60.09692,319.4774
17.54:  10.72581,-59.92767,320.2653
17.56:  10.54179,-59.75126,321.0532
17.57:  10.3637,-59.57577,321.8411
17.59:  10.18715,-59.39696,322.629
17.61:  10.00511,-59.20743,323.4168
17.62:  9.839685,-59.0304,324.2047
17.64:  9.669362,-58.84302,324.9926
17.66:  9.503428,-58.65166,325.7805
17.67:  9.33955,-58.4611,326.5684
17.69:  9.182298,-58.26934,327.3562
17.71:  9.02265,-58.06911,328.1441
17.72:  8.869203,-57.87113,328.932
17.74:  8.719227,-57.67203,329.7198
17.76:  8.568844,-57.46658,330.5078
17.77:  8.423377,-57.26199,331.2956
17.79:  8.275459,-57.04778,332.0835
17.81:  8.137496,-56.84623,332.8714
17.82:  7.999978,-56.63488,333.6592
17.84:  7.867289,-56.42468,334.4471
17.86:  7.728139,-56.20273,335.178
17.87:  7.597048,-55.98898,335.744
17.89:  7.46997,-55.77862,336.1263
17.91:  7.342865,-55.56267,336.2297
17.92:  7.207906,-55.33836,336.2297
17.94:  7.083132,-55.12637,336.2297
17.96:  6.953831,-54.91146,336.2297
17.97:  6.824408,-54.69635,336.2297
17.99:  6.698371,-54.48221,336.2297
18.01:  6.566488,-54.26301,336.2297
18.02:  6.437366,-54.0484,336.2297
18.04:  6.31071,-53.83321,336.2297
18.06:  6.179764,-53.61557,336.2297
18.07:  6.051762,-53.39809,336.2297
18.09:  5.923315,-53.1846,336.2297
18.11:  5.788647,-52.96078,336.2297
18.12:  5.661283,-52.74909,336.2297
18.14:  5.534728,-52.53407,336.2297
18.16:  5.406369,-52.31599,336.2297
18.17:  5.275177,-52.09309,336.2297
18.19:  5.146696,-51.87955,336.2297
18.21:  5.017135,-51.66421,336.2297
18.22:  4.889065,-51.45134,336.2297
18.24:  4.762908,-51.237,336.2297
18.26:  4.633564,-51.01725,336.2297
18.27:  4.505586,-50.79981,336.2297
18.29:  4.375949,-50.58435,336.2297
18.31:  4.242084,-50.36178,336.238
18.32:  4.118367,-50.1508,336.3224
18.34:  3.993275,-49.93468,336.6476
18.36:  3.866449,-49.71528,337.2326
18.37:  3.743013,-49.4948,338.0205
18.39:  3.624938,-49.27693,338.8084
18.41:  3.506607,-49.05123,339.5963
18.42:  3.389121,-48.81944,340.3842
18.44:  3.278068,-48.59266,341.172
18.46:  3.172303,-48.36895,341.9599
18.47:  3.068639,-48.14164,342.7478
18.49:  2.969037,-47.91504,343.5356
18.51:  2.869052,-47.6788,344.3235
18.52:  2.772459,-47.44154,345.1114
18.54:  2.683779,-47.20821,345.8993
18.56:  2.599772,-46.97769,346.6872
18.57:  2.512766,-46.72966,347.38
18.59:  2.431162,-46.49743,347.9017
18.61:  2.351251,-46.25941,348.1508
18.62:  2.271565,-46.02207,348.1508
18.64:  2.192341,-45.78611,348.1508
18.66:  2.108846,-45.54515,348.1508
18.67:  2.028752,-45.30659,348.1508
18.69:  1.949671,-45.07105,348.1508
18.71:  1.868696,-44.82987,348.1508
18.72:  1.786083,-44.59146,348.1508
18.74:  1.704543,-44.35616,348.1508
18.76:  1.620776,-44.11442,348.1508
18.77:  1.535713,-43.86895,348.1508
18.79:  1.456737,-43.64104,348.1508
18.81:  1.372765,-43.39871,348.1508
18.82:  1.290961,-43.16244,348.1655
18.84:  1.210465,-42.92749,348.3513
18.86:  1.131563,-42.68358,348.7842
18.87:  1.057202,-42.44375,349.4834
18.89:  0.9867464,-42.20496,350.2712
18.91:  0.9188617,-41.96265,351.0591
18.92:  0.8537006,-41.71712,351.847
18.94:  0.7932444,-41.47599,352.6349
18.96:  0.7342454,-41.22615,353.4228
18.97:  0.6787295,-40.97572,354.2106
18.99:  0.6260856,-40.73355,354.9985
19.01:  0.5762627,-40.48816,355.7864
19.02:  0.5295044,-40.24044,356.5743
19.04:  0.4885403,-39.99564,357.2101
19.06:  0.4481526,-39.7438,357.5986
19.07:  0.4057081,-39.49457,357.5986
19.09:  0.3666042,-39.25074,357.5986
19.11:  0.3248035,-38.99009,357.5986
19.12:  0.2839685,-38.75031,357.5986
19.14:  0.2445846,-38.50473,357.5986
19.16:  0.2017623,-38.25328,357.5986
19.17:  0.1618706,-38.00454,357.5986
19.19:  0.1200976,-37.75924,357.5986
19.21:  0.07971109,-37.50742,357.5986
19.22:  0.03732424,-37.25851,357.5986
19.24:  -0.004129935,-37.01509,357.5986
19.26:  -0.04709711,-36.76279,357.5986
19.27:  -0.08959362,-36.51324,357.5986
19.29:  -0.1312085,-36.26888,357.5986
19.31:  -0.1742274,-36.01627,357.5986
19.32:  -0.2163678,-35.76881,357.5986
19.34:  -0.2584193,-35.52188,357.5986
19.36:  -0.3010808,-35.27137,357.5986
19.37:  -0.3434469,-35.02259,357.5986
19.39:  -0.385191,-34.77747,357.5986
19.41:  -0.4251619,-34.52569,357.6894
19.42:  -0.4637048,-34.27179,358.0779
19.44:  -0.497229,-34.02905,358.8468
19.46:  -0.5309524,-33.77747,359.6284
19.47:  -0.5582834,-33.5299,0.4098933
19.49:  -0.5848172,-33.2802,1.197772
19.51:  -0.6084289,-33.02459,1.985651
19.52:  -0.6280761,-32.77437,2.77353
19.54:  -0.6447401,-32.51681,3.561409
19.56:  -0.6595947,-32.27155,4.349288
19.57:  -0.6736464,-32.02295,5.130828
19.59:  -0.6844642,-31.76982,5.918708
19.61:  -0.6919318,-31.51302,6.700249
19.62:  -0.6957849,-31.26153,7.488128
19.64:  -0.6961768,-31.0117,8.276007
19.66:  -0.693068,-30.75652,9.063886
19.67:  -0.6865624,-30.50572,9.851765
19.69:  -0.6765623,-30.25386,10.63964
19.71:  -0.6629081,-29.99858,11.42752
19.74:  -0.6459519,-29.74659,12.2154
19.76:  -0.6256695,-29.49654,13.00328
19.77:  -0.6016642,-29.24378,13.79116
19.79:  -0.5742669,-28.99212,14.57904
19.81:  -0.5438998,-28.74461,15.36058
19.82:  -0.5091047,-28.49003,16.14846
19.84:  -0.4714698,-28.24031,16.93634
19.86:  -0.4289464,-27.99688,17.72422
19.87:  -0.3648316,-27.77401,18.5121
19.89:  -0.3000753,-27.58903,19.29363
19.91:  -0.2418481,-27.42976,20.08151
19.92:  -0.1851147,-27.28095,20.86939
19.94:  -0.116462,-27.14832,21.65727
19.96:  -0.009494409,-27.02945,22.44515
19.97:  0.1843951,-26.92369,23.23303
19.99:  0.4237824,-26.84301,24.02091
20.01:  0.6701813,-26.77797,24.80878
20.02:  0.9338828,-26.75573,25.59033
20.04:  1.20037,-26.76389,26.37821
20.06:  1.446472,-26.80545,27.16608
20.07:  1.706725,-26.86864,27.94763
20.09:  1.94112,-26.95567,28.7355
20.11:  2.161769,-27.06135,29.51705
20.12:  2.383932,-27.19116,30.29858
20.14:  2.591769,-27.31647,31.08647
20.16:  2.803432,-27.44806,31.868
20.17:  3.015281,-27.58383,32.65588
20.19:  3.222975,-27.72101,33.44376
20.21:  3.428553,-27.86088,34.23164
20.22:  3.63782,-28.00149,35.01952
20.24:  3.857955,-28.124,35.8074
20.26:  4.088031,-28.22848,36.59528
20.27:  4.33624,-28.32117,37.38316
20.29:  4.589728,-28.38664,38.17104
20.31:  4.841386,-28.42072,38.95892
20.32:  5.09666,-28.40779,39.7468
20.34:  5.344109,-28.3555,40.53467
20.36:  5.582969,-28.27834,41.32255
20.37:  5.837136,-28.18034,42.11043
20.39:  6.068271,-28.06767,42.89832
20.41:  6.286275,-27.93684,43.67986
20.42:  6.494182,-27.7884,44.46774
20.44:  6.688113,-27.62417,45.25561
20.46:  6.872574,-27.45649,46.04349
20.47:  7.055126,-27.28525,46.83138
20.49:  7.239714,-27.11682,47.61925
20.51:  7.423948,-26.95329,48.40713
20.52:  7.615846,-26.7862,48.95417
20.54:  7.804171,-26.62363,49.19699
20.56:  8.000415,-26.45421,49.19699
20.57:  8.183465,-26.29619,49.19699
20.59:  8.373442,-26.13219,49.19699
20.61:  8.55931,-25.97174,49.19699
20.62:  8.748248,-25.80863,49.19699
20.64:  8.939654,-25.6434,49.19699
20.66:  9.126283,-25.48229,49.19699
20.67:  9.31842,-25.31642,49.19699
20.69:  9.507636,-25.15308,49.19699
20.71:  9.694722,-24.99158,49.19897
20.72:  9.886462,-24.82734,49.41644
20.74:  10.07883,-24.66597,50.00784
20.76:  10.26996,-24.51003,50.78938
20.77:  10.46844,-24.35254,51.57092
20.79:  10.66665,-24.19968,52.3588
20.81:  10.86346,-24.05216,53.14668
20.82:  11.06831,-23.90297,53.93456
20.84:  11.2724,-23.75858,54.72244
20.86:  11.48615,-23.61174,55.51032
20.87:  11.68789,-23.47718,56.2982
20.89:  11.89647,-23.34217,57.08608
20.91:  12.10625,-23.21045,57.87396
20.92:  12.32145,-23.07941,58.66184
20.94:  12.5358,-22.95289,59.44971
20.96:  12.75102,-22.82982,60.2376
20.97:  12.97229,-22.7073,61.02547
20.99:  13.19023,-22.59051,61.81335
21.01:  13.41192,-22.4756,62.60123
21.02:  13.63815,-22.36226,63.38911
21.04:  13.86263,-22.25363,64.17699
21.06:  14.08796,-22.14836,64.95853
21.07:  14.31782,-22.04449,65.68303
21.09:  14.54824,-21.94364,66.36317
21.11:  14.77337,-21.84825,67.03697
21.12:  15.01517,-21.74914,67.71076
21.14:  15.2387,-21.66051,68.37187
21.16:  15.47142,-21.57121,69.00765
21.17:  15.70926,-21.48296,69.64342
21.19:  15.94375,-21.3992,70.34256
21.21:  16.18871,-21.31545,71.12411
21.22:  16.42123,-21.23948,71.90565
21.24:  16.65748,-21.16583,72.68719
21.26:  16.89304,-21.09595,73.47507
21.27:  17.13667,-21.0273,74.26294
21.29:  17.37953,-20.96245,75.05082
21.31:  17.61714,-20.9025,75.83871
21.32:  17.86466,-20.84365,76.62658
21.34:  18.11444,-20.78788,77.41447
21.36:  18.35612,-20.73741,78.20234
21.37:  18.59978,-20.69,78.99022
21.39:  18.84296,-20.64615,79.77809
21.41:  19.08796,-20.60544,80.56598
21.42:  19.33861,-20.56733,81.35385
21.44:  19.58703,-20.53304,82.14172
21.46:  19.83159,-20.50271,82.9296
21.47:  20.08203,-20.47474,83.62875
21.49:  20.33132,-20.44931,84.17579
21.51:  20.57701,-20.42588,84.55171
21.52:  20.82999,-20.40175,84.55171
21.54:  21.0768,-20.37821,84.55171
21.56:  21.33497,-20.35359,84.55171
21.57:  21.57947,-20.33027,84.55171
21.59:  21.82559,-20.30679,84.55171
21.61:  22.06937,-20.28354,84.55171
21.62:  22.32285,-20.25936,84.55171
21.64:  22.57018,-20.23577,84.55171
21.66:  22.81733,-20.21251,84.62341
21.67:  23.06847,-20.19001,84.87891
21.69:  23.32637,-20.16894,85.33088
21.71:  23.57143,-20.15147,85.92229
21.72:  23.81972,-20.13643,86.5327
21.74:  24.06579,-20.12415,87.14312
21.76:  24.31462,-20.11436,87.7472
21.77:  24.56586,-20.10702,88.32593
21.79:  24.81688,-20.10225,88.91099
21.81:  25.06242,-20.10009,89.49606
21.82:  25.3161,-20.10042,90.07479
21.84:  25.57204,-20.10336,90.65986
21.86:  25.81319,-20.10861,91.24492
21.87:  26.06566,-20.1162,91.72224
21.89:  26.31626,-20.12373,91.72224
21.91:  26.56196,-20.13112,91.72224
21.92:  26.81366,-20.13869,91.72224
21.94:  27.06603,-20.14628,91.72224
21.96:  27.31477,-20.15376,91.72224
21.97:  27.56507,-20.16128,91.72224
21.99:  27.81554,-20.16881,91.72224
22.01:  28.06261,-20.17624,91.72224
22.02:  28.31563,-20.18385,91.72224
22.04:  28.56662,-20.1914,91.72224
22.06:  28.81481,-20.19886,91.72224
22.07:  29.06441,-20.20636,91.72224
22.09:  29.32243,-20.21412,91.72224
22.11:  29.56804,-20.22151,91.72224
22.12:  29.8174,-20.229,91.72224
22.14:  30.06585,-20.23647,91.72224
22.16:  30.3134,-20.24392,91.72224
22.17:  30.56456,-20.25147,91.72224
22.19:  30.81367,-20.25896,91.72224
22.21:  31.06036,-20.26638,91.72224
22.22:  31.31462,-20.27402,91.72224
22.24:  31.56315,-20.28149,91.72224
22.26:  31.81005,-20.28892,91.72224
22.27:  32.06306,-20.29653,91.72224
22.29:  32.31235,-20.30402,91.72224
22.31:  32.56018,-20.31147,91.72224
22.32:  32.81455,-20.31912,91.72224
22.34:  33.06335,-20.3266,91.72224
22.36:  33.3103,-20.33403,91.72224
22.37:  33.56215,-20.3416,91.72224
22.39:  33.81182,-20.34911,91.72224
22.41:  34.05892,-20.35654,91.72224
22.42:  34.31929,-20.36437,91.72224
22.44:  34.56594,-20.37178,91.72224
22.46:  34.81388,-20.37924,91.72224
22.47:  35.06297,-20.38673,91.72224
22.49:  35.31175,-20.39421,91.72224
22.51:  35.55796,-20.40161,91.72224
22.52:  35.81175,-20.40924,91.72224
22.54:  36.06102,-20.41674,91.72224
22.56:  36.30951,-20.42421,91.72224
22.57:  36.56112,-20.43177,91.72224
22.59:  36.81114,-20.43929,91.72224
22.61:  37.05816,-20.44672,91.72224
22.62:  37.3127,-20.45437,91.72224
22.64:  37.56105,-20.46184,91.72224
22.66:  37.80848,-20.46928,91.72224
22.67:  38.0605,-20.47686,91.72224
22.71:  38.31033,-20.48437,91.72224
22.72:  38.55634,-20.49176,91.72224
22.74:  38.81361,-20.4995,91.72224
22.76:  39.05975,-20.5069,91.72224
22.77:  39.30985,-20.51442,91.72224
22.79:  39.5611,-20.52198,91.72224
22.81:  39.81109,-20.52949,91.72224
22.82:  40.05654,-20.53687,91.72224
22.84:  40.31002,-20.54449,91.72224
22.86:  40.55727,-20.55193,91.72224
22.87:  40.8065,-20.55942,91.72224
22.89:  41.05955,-20.56703,91.72224
22.91:  41.30901,-20.57453,91.72224
22.92:  41.55528,-20.58194,91.72224
22.94:  41.80973,-20.58959,91.72224
22.96:  42.05587,-20.59699,91.72224
22.97:  42.30728,-20.60455,91.72224
22.99:  42.55888,-20.61211,91.72224
23.01:  42.8092,-20.61964,91.72224
23.02:  43.05509,-20.62703,91.72224
23.04:  43.3079,-20.63463,91.72224
23.06:  43.55732,-20.64213,91.72224
23.07:  43.80499,-20.64958,91.72224
23.09:  44.05763,-20.65718,91.72224
23.11:  44.30755,-20.66469,91.72224
23.12:  44.55473,-20.67212,91.72224
23.14:  44.80711,-20.67971,91.72224
23.16:  45.05713,-20.68723,91.72224
23.17:  45.30535,-20.69469,91.72224
23.19:  45.55683,-20.70225,91.72224
23.21:  45.8083,-20.70982,91.72224
23.22:  46.05618,-20.71727,91.72224
23.24:  46.30652,-20.7248,91.72224
23.26:  46.55637,-20.73231,91.72224
23.27:  46.80511,-20.73979,91.72224
23.29:  47.05624,-20.74734,91.72224
23.31:  47.3063,-20.75486,91.72224
23.32:  47.55282,-20.76227,91.72224
23.34:  47.81392,-20.77012,91.72224
23.36:  48.05632,-20.77741,91.72224
23.37:  48.30169,-20.78479,91.72224
23.39:  48.55556,-20.79242,91.72224
23.41:  48.80619,-20.79996,91.72224
23.42:  49.05318,-20.80738,91.72224
23.44:  49.30208,-20.81487,91.72224
23.46:  49.56242,-20.82269,91.72224
23.47:  49.80231,-20.82991,91.72224
23.49:  50.05537,-20.83751,91.72224
23.51:  50.30634,-20.84506,91.72224
23.52:  50.55192,-20.85244,91.72026
23.54:  50.8045,-20.86001,91.71828
23.56:  51.05431,-20.8675,91.7163
23.57:  51.30174,-20.8749,91.71432
23.59:  51.55409,-20.88245,91.71234
23.61:  51.80217,-20.88986,91.71036
23.62:  52.06238,-20.89759,91.70204
23.64:  52.30453,-20.90475,91.69373
23.66:  52.55445,-20.9121,91.6854
23.67:  52.80314,-20.91938,91.67709
23.69:  53.05331,-20.9267,91.67511
23.71:  53.30434,-20.93403,91.67313
23.72:  53.5536,-20.94128,91.66481
23.74:  53.80466,-20.94857,91.66283
23.76:  54.05384,-20.95576,91.6545
23.77:  54.30043,-20.96285,91.64618
23.79:  54.55338,-20.97008,91.63786
23.81:  54.80356,-20.9772,91.62954
23.82:  55.04928,-20.98416,91.62123
23.84:  55.30195,-20.99127,91.61291
23.86:  55.55193,-20.99827,91.60459
23.87:  55.79924,-21.00516,91.59628
23.89:  56.05915,-21.01237,91.58795
23.91:  56.30215,-21.01907,91.57964
23.92:  56.5515,-21.02591,91.57132
23.94:  56.80005,-21.03267,91.55666
23.96:  57.05967,-21.03963,91.53567
23.97:  57.30806,-21.04617,91.50834
23.99:  57.55427,-21.0525,91.47467
24.01:  57.80101,-21.05868,91.43466
24.02:  58.05773,-21.06488,91.38197
24.04:  58.30827,-21.07069,91.32929
24.06:  58.55301,-21.07612,91.27028
24.07:  58.7993,-21.08133,91.21126
24.09:  59.05105,-21.08639,91.15224
24.11:  59.30111,-21.09108,91.0742
24.12:  59.54854,-21.09516,90.94547
24.14:  59.80804,-21.09857,90.75335
24.16:  60.05366,-21.10079,90.51686
24.17:  60.30327,-21.10171,90.21067
24.19:  60.55164,-21.1011,89.8601
24.21:  60.80803,-21.09862,89.44616
24.22:  61.0532,-21.09391,88.89912
24.24:  61.30061,-21.08603,88.17462
24.26:  61.55257,-21.07453,87.38675
24.27:  61.81017,-21.05922,86.59886
24.29:  62.04792,-21.0418,85.81099
24.31:  62.29663,-21.02015,85.0231
24.32:  62.54779,-20.99479,84.23522
24.34:  62.79509,-20.96638,83.44734
24.36:  63.04361,-20.93437,82.65946
24.37:  63.29053,-20.8991,81.87159
24.39:  63.53795,-20.86028,81.0837
24.41:  63.78572,-20.81791,80.29583
24.42:  64.02745,-20.77315,79.50794
24.44:  64.27309,-20.72415,78.72007
24.46:  64.52007,-20.67135,77.93219
24.47:  64.76186,-20.61617,77.14431
24.49:  65.01409,-20.55494,76.35644
24.51:  65.24986,-20.49427,75.56855
24.52:  65.48736,-20.42966,74.78068
24.54:  65.73154,-20.35961,73.9928
24.56:  65.96822,-20.28817,73.20493
24.57:  66.21412,-20.21025,72.41704
24.59:  66.44899,-20.13225,71.62917
24.61:  66.68333,-20.05083,70.84128
24.62:  66.92442,-19.96334,70.05341
24.64:  67.15137,-19.87742,69.26553
24.66:  67.38396,-19.7857,68.47765
24.67:  67.6135,-19.69151,67.68978
24.69:  67.84443,-19.59302,66.90189
24.71:  68.07362,-19.49152,66.11402
24.72:  68.29927,-19.38786,65.32614
24.74:  68.52639,-19.27972,64.53827
24.76:  68.75175,-19.16858,63.75039
24.77:  68.97221,-19.05607,62.96251
24.79:  69.19366,-18.93919,62.17463
24.81:  69.41127,-18.82048,61.38676
24.82:  69.62804,-18.69833,60.59887
24.84:  69.84701,-18.57094,59.811
24.86:  70.06089,-18.44254,59.02311
24.87:  70.272,-18.31184,58.23524
24.89:  70.4912,-18.17191,57.44736
24.91:  70.6963,-18.03698,56.65948
24.92:  70.9035,-17.89654,55.8716
24.94:  71.10672,-17.75468,55.08372
24.96:  71.30886,-17.60941,54.29584
24.97:  71.5071,-17.46276,53.50796
24.99:  71.70879,-17.30923,52.72009
25.01:  71.9101,-17.15156,51.93221
25.02:  72.10099,-16.99777,51.14433
25.04:  72.29361,-16.83818,50.35645
25.06:  72.48294,-16.67686,49.56857
25.07:  72.66933,-16.51358,48.7807
25.09:  72.85719,-16.34439,47.99282
25.11:  73.03705,-16.1712,47.20494
25.12:  73.20771,-15.99206,46.41706
25.14:  73.3755,-15.80001,45.62918
25.16:  73.53578,-15.60763,44.8413
25.17:  73.69835,-15.40696,44.05342
25.19:  73.85086,-15.21331,43.26554
25.21:  74.00101,-15.01718,42.47766
25.22:  74.15099,-14.81557,41.68978
25.24:  74.29543,-14.61573,40.9019
25.26:  74.44371,-14.40011,40.11403
25.27:  74.58372,-14.19038,39.32615
25.29:  74.71806,-13.98304,38.53827
25.31:  74.85056,-13.77224,37.75039
25.32:  74.9791,-13.56133,36.96252
25.34:  75.10825,-13.34275,36.17464
25.36:  75.23357,-13.12381,35.38676
25.37:  75.35426,-12.90607,34.59888
25.39:  75.47218,-12.68628,33.811
25.41:  75.58984,-12.4595,33.02312
25.42:  75.69907,-12.23634,32.23524
25.44:  75.80518,-12.01179,31.44737
25.46:  75.91011,-11.7816,30.65949
25.47:  76.01132,-11.55121,29.87161
25.49:  76.11018,-11.31751,29.08373
25.51:  76.20556,-11.08308,28.29586
25.52:  76.29597,-10.85181,27.50798
25.54:  76.38544,-10.61335,26.7201
25.56:  76.47192,-10.37996,25.93222
25.57:  76.55369,-10.14235,25.14434
25.59:  76.63496,-9.903013,24.35646
25.61:  76.70968,-9.664804,23.56858
25.62:  76.78154,-9.424137,22.78071
25.64:  76.85113,-9.178827,21.99282
25.66:  76.91613,-8.9371,21.20495
25.67:  76.97785,-8.694279,20.41707
25.69:  77.03905,-8.449364,19.62919
25.71:  77.096,-8.196359,18.84131
25.72:  77.14712,-7.953752,18.05343
25.74:  77.19474,-7.711255,17.26556
25.76:  77.23991,-7.463241,16.47767
25.77:  77.28252,-7.20958,15.6898
25.79:  77.31974,-6.967652,14.90192
25.81:  77.35477,-6.71715,14.11404
25.82:  77.38589,-6.469724,13.32616
25.84:  77.41412,-6.21739,12.53828
25.86:  77.43855,-5.968078,11.7504
25.87:  77.4595,-5.718978,10.96252
25.89:  77.4772,-5.467119,10.17464
25.91:  77.49177,-5.208947,9.386765
25.92:  77.50215,-4.965754,8.598886
25.94:  77.50937,-4.716016,7.811009
25.96:  77.51563,-4.464358,7.023129
25.97:  77.51841,-4.213467,6.23525
25.99:  77.51527,-3.959399,5.447371
26.01:  77.5087,-3.707692,4.659493
26.02:  77.49882,-3.459933,3.871614
26.04:  77.48518,-3.205875,3.083735
26.06:  77.47093,-2.958878,2.295856
26.07:  77.44962,-2.696722,1.507977
26.09:  77.42644,-2.453105,0.7200983
26.11:  77.40243,-2.204359,0.642063
26.12:  77.37858,-1.957231,0.642063
26.14:  77.35403,-1.702893,0.642063
26.16:  77.32928,-1.446436,0.642063
26.17:  77.30541,-1.19922,0.642063
26.19:  77.28162,-0.9526514,0.642063
26.21:  77.25742,-0.7019365,0.642063
26.22:  77.2324,-0.4427219,0.642063
26.24:  77.2088,-0.1982106,0.642063
26.26:  77.185,0.04841514,0.642063
26.27:  77.16099,0.2971253,0.642063
26.29:  77.13664,0.5493539,0.642063
26.31:  77.11279,0.7964827,0.642063
26.32:  77.09109,1.046268,0.6337444
26.34:  77.06638,1.300552,0.6064123
26.36:  77.04168,1.550717,0.5157014
26.37:  77.01598,1.801042,0.2918946
26.39:  76.98847,2.050344,359.8589
26.41:  76.9579,2.300403,359.1852
26.42:  76.92311,2.555936,358.4036
26.44:  76.88683,2.79763,357.6157
26.46:  76.84638,3.044027,356.8342
26.47:  76.80276,3.288866,356.0526
26.49:  76.7545,3.539684,355.2648
26.51:  76.70338,3.786981,354.4769
26.52:  76.65011,4.028981,353.7397
26.54:  76.59339,4.277516,353.3004
26.56:  76.53757,4.522177,353.3004
26.57:  76.47971,4.775675,353.3004
26.59:  76.42722,5.016488,353.3004
26.61:  76.37215,5.257765,353.3004
26.62:  76.31631,5.502468,353.2984
26.64:  76.26026,5.747967,353.2964
26.66:  76.20402,5.994363,353.2964
26.67:  76.14873,6.236587,353.2964
26.69:  76.09234,6.483593,353.2964
26.71:  76.03621,6.729437,353.2945
26.72:  75.98098,6.971353,353.2945
26.74:  75.92673,7.220014,353.2925
26.76:  75.87103,7.463943,353.2925
26.77:  75.81562,7.706624,353.2925
26.79:  75.75899,7.954628,353.2925
26.81:  75.7029,8.20024,353.2925
26.82:  75.64766,8.442171,353.2925
26.84:  75.58945,8.697059,353.2925
26.86:  75.53466,8.937016,353.2925
26.87:  75.48137,9.181262,353.2905
26.89:  75.42556,9.425582,353.2885
26.91:  75.36913,9.672643,353.2885
26.92:  75.31639,9.914276,353.2866
26.94:  75.2598,10.16197,353.2846
26.96:  75.20649,10.40613,353.2846
26.97:  75.15041,10.65151,353.2826
26.99:  75.09423,10.89736,353.2826
27.01:  75.03658,11.14957,353.2806
27.02:  74.98096,11.39292,353.2806
27.04:  74.92552,11.6355,353.2806
27.06:  74.86958,11.88028,353.2806
27.07:  74.81457,12.12093,353.2806
27.09:  74.76041,12.36892,353.2806
27.11:  74.70448,12.61366,353.2806
27.12:  74.65168,12.85541,353.2806
27.14:  74.5937,13.10912,353.2806
27.16:  74.53775,13.35388,353.2806
27.17:  74.48273,13.59457,353.2806
27.19:  74.42656,13.84033,353.2786
27.21:  74.37051,14.08548,353.2786
27.22:  74.31754,14.32799,353.2766
27.24:  74.26116,14.57452,353.2747
27.26:  74.205,14.82009,353.2727
27.27:  74.14925,15.06386,353.2727
27.29:  74.09321,15.30887,353.2727
27.31:  74.03683,15.5554,353.2727
27.32:  73.9813,15.79819,353.2727
27.36:  73.92488,16.04483,353.2707
27.37:  73.87083,16.29211,353.2707
27.39:  73.81324,16.5439,353.2707
27.41:  73.75854,16.78304,353.2707
27.42:  73.70265,17.02736,353.2707
27.44:  73.64705,17.27043,353.2707
27.46:  73.59034,17.51837,353.2707
27.47:  73.533,17.76903,353.2707
27.49:  73.47929,18.00378,353.2687
27.51:  73.42246,18.2522,353.2687
27.52:  73.36958,18.49412,353.2687
27.54:  73.31344,18.73951,353.2687
27.56:  73.25697,18.98633,353.2687
27.57:  73.20074,19.23208,353.2687
27.59:  73.14513,19.47515,353.2687
27.61:  73.08848,19.72278,353.2687
27.62:  73.03206,19.96942,353.2687
27.64:  72.97697,20.21021,353.2687
27.66:  72.9208,20.45569,353.2667
27.67:  72.87648,20.70447,353.2667
27.69:  72.84732,20.95148,353.2667
27.71:  72.82169,21.16863,353.2667
27.72:  72.80174,21.33748,353.2648
27.74:  72.80174,21.33748,353.2648
27.76:  72.80174,21.33748,353.2648
27.77:  72.80174,21.33748,353.2648
27.79:  72.80174,21.33748,353.2628
27.81:  72.80174,21.33748,353.2608
27.82:  72.80174,21.33748,353.2608
27.84:  72.80174,21.33748,353.2608
27.86:  72.80174,21.33748,353.2608
27.87:  72.80174,21.33748,353.2608
27.89:  72.80174,21.33748,353.2608
27.91:  72.80174,21.33748,353.2608
27.92:  72.80174,21.33748,353.2608
27.94:  72.80174,21.33748,353.2608
27.96:  72.80174,21.33748,353.2608
27.97:  72.80174,21.33748,353.2608
27.99:  72.80174,21.33748,353.2588
28.01:  72.80174,21.33748,353.2588
28.02:  72.80174,21.33748,353.2588
28.04:  72.80174,21.33748,353.2588
28.06:  72.80174,21.33748,353.2568
28.07:  72.80174,21.33748,353.2549
28.09:  72.80174,21.33748,353.2529
28.11:  72.80174,21.33748,353.2529
28.12:  72.80174,21.33748,353.2529
28.14:  72.80174,21.33748,353.2529
28.16:  72.80174,21.33748,353.2529
28.17:  72.80174,21.33748,353.2529
28.19:  72.80174,21.33748,353.2529
28.21:  72.80174,21.33748,353.2529
28.22:  72.80174,21.33748,353.2529
28.24:  72.80174,21.33748,353.2529
28.26:  72.80174,21.33748,353.2529
28.27:  72.80174,21.33748,353.2529
28.29:  72.80174,21.33748,353.2529
28.31:  72.80174,21.33748,353.2529
28.32:  72.80174,21.33748,353.2529
28.34:  72.80174,21.33748,353.2529
28.36:  72.80174,21.33748,353.2529
28.37:  72.80174,21.33748,353.2529
28.39:  72.80174,21.33748,353.2529
28.41:  72.80174,21.33748,353.2529
28.42:  72.80174,21.33748,353.2529
28.44:  72.80174,21.33748,353.2529
28.46:  72.80174,21.33748,353.2529
28.47:  72.80174,21.33748,353.2529
28.49:  72.80174,21.33748,353.2529
28.51:  72.80174,21.33748,353.2529
28.52:  72.80174,21.33748,353.2529
28.54:  72.80174,21.33748,353.2529
28.56:  72.80174,21.33748,353.2529
28.57:  72.80174,21.33748,353.2529
28.59:  72.80174,21.33748,353.2529
28.61:  72.80174,21.33748,353.2529
28.62:  72.80174,21.33748,353.2529
28.64:  72.80174,21.33748,353.2529
28.66:  72.80174,21.33748,353.2529
28.67:  72.80174,21.33748,353.2529
28.69:  72.80174,21.33748,353.2529
28.71:  72.80174,21.33748,353.2529
28.72:  72.80174,21.33748,353.2529
28.74:  72.80174,21.33748,353.2529
28.76:  72.80174,21.33748,353.2529
28.77:  72.80174,21.33748,353.2529
28.79:  72.80174,21.33748,353.2529
28.81:  72.80174,21.33748,353.2529
28.82:  72.80174,21.33748,353.2529
28.84:  72.80174,21.33748,353.2529
28.86:  72.80174,21.33748,353.2529
28.87:  72.80174,21.33748,353.2529
28.89:  72.80174,21.33748,353.2529
28.91:  72.80174,21.33748,353.2529
28.92:  72.80174,21.33748,353.2529
28.94:  72.80174,21.33748,353.2529
28.96:  72.80174,21.33748,353.2529
28.97:  72.80174,21.33748,353.2529
28.99:  72.80174,21.33748,353.2529
29.01:  72.80174,21.33748,353.2529
29.02:  72.80174,21.33748,353.2529
29.04:  72.80174,21.33748,353.2529
29.06:  72.80174,21.33748,353.2529
29.07:  72.80174,21.33748,353.2529
29.09:  72.80174,21.33748,353.2529
29.11:  72.80174,21.33748,353.2529
29.12:  72.80174,21.33748,353.2529
29.14:  72.80174,21.33748,353.2529
29.16:  72.80174,21.33748,353.2529
29.17:  72.80174,21.33748,353.2529
29.19:  72.80174,21.33748,353.2529
29.21:  72.80174,21.33748,353.2529
29.22:  72.80174,21.33748,353.2529
29.24:  72.80174,21.33748,353.2529
29.26:  72.80174,21.33748,353.2529
29.27:  72.80174,21.33748,353.2529
29.29:  72.80174,21.33748,353.2529
29.31:  72.80174,21.33748,353.2529
29.32:  72.80174,21.33748,353.2529
29.34:  72.80174,21.33748,353.2529
29.36:  72.80174,21.33748,353.2529
29.37:  72.80174,21.33748,353.2529
29.39:  72.80174,21.33748,353.2529
29.41:  72.80174,21.33748,353.2529
29.42:  72.80174,21.33748,353.2529
29.44:  72.80174,21.33748,353.2529
29.46:  72.80174,21.33748,353.2529
29.47:  72.80174,21.33748,353.2529
29.49:  72.80174,21.33748,353.2529
29.51:  72.80174,21.33748,353.2529
29.52:  72.80174,21.33748,353.2529
29.54:  72.80174,21.33748,353.2529
29.56:  72.80174,21.33748,353.2529
29.57:  72.80174,21.33748,353.2529
29.59:  72.80174,21.33748,353.2529
29.61:  72.80174,21.33748,353.2529
29.62:  72.80174,21.33748,353.2529
29.64:  72.80174,21.33748,353.2529
29.66:  72.80174,21.33748,353.2529
29.67:  72.80174,21.33748,353.2529
29.69:  72.80174,21.33748,353.2529
29.71:  72.80174,21.33748,353.2529
29.72:  72.80174,21.33748,353.2529
29.74:  72.80174,21.33748,353.2529
29.76:  72.80174,21.33748,353.2529
