ParticipantNo: 11016
Controller type: Keyboard and Mouse
Training Level:
0.04:  82.7,18.5,270
0.09:  82.7,18.5,270
0.11:  82.7,18.5,270
0.14:  82.7,18.5,270
0.15:  82.7,18.5,270
0.17:  82.7,18.5,270
0.19:  82.7,18.5,270
0.2:  82.7,18.5,270
0.22:  82.7,18.5,270
0.24:  82.7,18.5,270
0.25:  82.7,18.5,270
0.27:  82.7,18.5,270
0.29:  82.7,18.5,270
0.3:  82.7,18.5,270
0.32:  82.7,18.5,270
0.34:  82.7,18.5,270
0.35:  82.7,18.5,270
0.37:  82.7,18.5,270
0.39:  82.7,18.5,270
0.4:  82.7,18.5,270
0.42:  82.7,18.5,270
0.44:  82.7,18.5,270
0.45:  82.7,18.5,270
0.47:  82.7,18.5,270
0.49:  82.7,18.5,270
0.5:  82.7,18.5,270
0.52:  82.7,18.5,270
0.54:  82.7,18.5,270
0.55:  82.7,18.5,270
0.57:  82.7,18.5,270
0.59:  82.7,18.5,270
0.6:  82.7,18.5,270
0.62:  82.7,18.5,270
0.64:  82.7,18.5,270
0.65:  82.7,18.5,270
0.67:  82.7,18.5,270
0.69:  82.7,18.5,270
0.7:  82.7,18.5,270
0.72:  82.7,18.5,270
0.74:  82.7,18.5,270
0.75:  82.7,18.5,270
0.77:  82.7,18.5,270
0.79:  82.7,18.5,270
0.8:  82.7,18.5,270
0.82:  82.7,18.5,270
0.84:  82.7,18.5,270
0.85:  82.7,18.5,270
0.87:  82.7,18.5,270
0.89:  82.7,18.5,270
0.9:  82.7,18.5,270
0.92:  82.7,18.5,270
0.94:  82.7,18.5,270
0.95:  82.7,18.5,270
0.97:  82.7,18.5,270
0.99:  82.7,18.5,270
1:  82.7,18.5,270
1.02:  82.7,18.5,270
1.04:  82.7,18.5,270
1.05:  82.7,18.5,270
1.07:  82.7,18.5,270
1.09:  82.7,18.5,270
1.1:  82.7,18.5,270
1.12:  82.7,18.5,270
1.14:  82.7,18.5,270
1.15:  82.7,18.5,270
1.17:  82.7,18.5,270
1.19:  82.7,18.5,270
1.2:  82.7,18.5,270
1.22:  82.7,18.5,270
1.24:  82.7,18.5,270
1.25:  82.7,18.5,270
1.27:  82.7,18.5,270
1.29:  82.7,18.5,270
1.3:  82.7,18.5,270
1.32:  82.7,18.5,270
1.34:  82.7,18.5,270
1.35:  82.7,18.5,270
1.37:  82.7,18.5,270
1.39:  82.7,18.5,270
1.4:  82.7,18.5,270
1.42:  82.7,18.5,270
1.44:  82.7,18.5,270
1.45:  82.7,18.5,270
1.47:  82.7,18.5,270
1.49:  82.7,18.5,270
1.5:  82.7,18.5,270
1.52:  82.7,18.5,270
1.54:  82.7,18.5,270
1.55:  82.7,18.5,270
1.57:  82.7,18.5,270
1.59:  82.7,18.5,270
1.6:  82.7,18.5,270
1.62:  82.7,18.5,270
1.64:  82.7,18.5,270
1.65:  82.7,18.5,270
1.67:  82.7,18.5,270
1.69:  82.7,18.5,270
1.7:  82.7,18.5,270
1.72:  82.7,18.5,270
1.74:  82.7,18.5,270
1.75:  82.7,18.5,270
1.77:  82.7,18.5,270
1.79:  82.7,18.5,270
1.8:  82.7,18.5,270
1.82:  82.7,18.5,270
1.84:  82.7,18.5,270
1.85:  82.7,18.5,270
1.87:  82.7,18.5,270
1.89:  82.7,18.5,270
1.9:  82.7,18.5,270
1.92:  82.7,18.5,270
1.94:  82.7,18.5,270
1.95:  82.7,18.5,270
1.97:  82.7,18.5,270
1.99:  82.7,18.5,270
2:  82.7,18.5,270
2.02:  82.7,18.5,270
2.04:  82.7,18.5,270
2.05:  82.7,18.5,270
2.07:  82.7,18.5,270
2.09:  82.7,18.5,270
2.1:  82.7,18.5,270
2.12:  82.7,18.5,270
2.14:  82.7,18.5,270
2.15:  82.7,18.5,270
2.17:  82.7,18.5,270
2.19:  82.7,18.5,270
2.2:  82.7,18.5,270
2.22:  82.7,18.5,270
2.24:  82.7,18.5,270
2.25:  82.7,18.5,270
2.27:  82.7,18.5,270
2.29:  82.7,18.5,270
2.3:  82.7,18.5,270
2.32:  82.7,18.5,270
2.34:  82.7,18.5,270
2.35:  82.7,18.5,270
2.37:  82.7,18.5,270
2.39:  82.7,18.5,270
2.4:  82.7,18.5,270
2.42:  82.7,18.5,270
2.44:  82.7,18.5,270
2.45:  82.7,18.5,270
2.47:  82.7,18.5,270
2.49:  82.7,18.5,270
2.5:  82.7,18.5,270
2.52:  82.7,18.5,270
2.54:  82.7,18.5,270
2.55:  82.7,18.5,270
2.57:  82.7,18.5,270
2.59:  82.7,18.5,270
2.6:  82.7,18.5,270
2.62:  82.7,18.5,270
2.64:  82.7,18.5,270
2.65:  82.7,18.5,270
2.67:  82.7,18.5,270
2.69:  82.7,18.5,270
2.7:  82.7,18.5,270
2.72:  82.7,18.5,270
2.74:  82.7,18.5,270
2.75:  82.7,18.5,270
2.77:  82.7,18.5,270
2.79:  82.7,18.5,270
2.8:  82.7,18.5,270
2.82:  82.7,18.5,270
2.84:  82.7,18.5,270
2.85:  82.7,18.5,270
2.87:  82.7,18.5,270
2.89:  82.7,18.5,270
2.9:  82.7,18.5,270
2.92:  82.7,18.5,270
2.94:  82.7,18.5,270
2.95:  82.7,18.5,270
2.97:  82.7,18.5,270
2.99:  82.7,18.5,270
3:  82.7,18.5,270
3.02:  82.7,18.5,270
3.04:  82.7,18.5,270
3.05:  82.7,18.5,270
3.07:  82.7,18.5,270
3.09:  82.7,18.5,270
3.1:  82.7,18.5,270
3.12:  82.7,18.5,270
3.14:  82.7,18.5,270
3.15:  82.7,18.5,270
3.17:  82.7,18.5,270
3.19:  82.7,18.5,270
3.2:  82.7,18.5,270
3.22:  82.7,18.5,270
3.24:  82.7,18.5,270
3.25:  82.7,18.5,270
3.27:  82.7,18.5,270
3.29:  82.7,18.5,270
3.3:  82.7,18.5,270
3.32:  82.7,18.5,270
3.34:  82.7,18.5,270
3.35:  82.7,18.5,270
3.37:  82.7,18.5,270
3.39:  82.7,18.5,270
3.4:  82.7,18.5,270
3.42:  82.7,18.5,270
3.44:  82.7,18.5,270
3.45:  82.7,18.5,270
3.47:  82.7,18.5,270
3.49:  82.7,18.5,270
3.5:  82.7,18.5,270
3.52:  82.7,18.5,270
3.54:  82.7,18.5,270
3.55:  82.7,18.5,270
3.57:  82.7,18.5,270
3.59:  82.7,18.5,270
3.6:  82.7,18.5,270
3.62:  82.7,18.5,270
3.64:  82.7,18.5,270
3.65:  82.7,18.5,270
3.67:  82.7,18.5,270
3.69:  82.7,18.5,270
3.7:  82.7,18.5,270
3.72:  82.7,18.5,270
3.74:  82.7,18.5,270
3.75:  82.7,18.5,270
3.77:  82.7,18.5,270
3.79:  82.7,18.5,270
3.8:  82.7,18.5,270
3.82:  82.7,18.5,270
3.84:  82.7,18.5,270
3.85:  82.7,18.5,270
3.87:  82.7,18.5,270
3.89:  82.7,18.5,270
3.9:  82.7,18.5,270
3.92:  82.7,18.5,270
3.94:  82.7,18.5,270
3.95:  82.7,18.5,270
3.97:  82.7,18.5,270
3.99:  82.7,18.5,270
4:  82.7,18.5,270
4.02:  82.7,18.5,270
4.04:  82.7,18.5,270
4.05:  82.7,18.5,270
4.07:  82.7,18.5,270
4.09:  82.7,18.5,270
4.1:  82.7,18.5,270
4.12:  82.7,18.5,270
4.14:  82.7,18.5,270
4.15:  82.7,18.5,270
4.17:  82.7,18.5,270
4.19:  82.7,18.5,270
4.2:  82.7,18.5,270
4.22:  82.7,18.5,270
4.24:  82.7,18.5,270
4.25:  82.7,18.5,270
4.27:  82.7,18.5,270
4.29:  82.7,18.5,270
4.3:  82.7,18.5,270
4.32:  82.7,18.5,270
4.34:  82.7,18.5,270
4.35:  82.7,18.5,270
4.37:  82.7,18.5,270
4.39:  82.7,18.5,270
4.4:  82.7,18.5,270
4.42:  82.7,18.5,270
4.44:  82.7,18.5,270
4.45:  82.7,18.5,270
4.47:  82.7,18.5,270
4.49:  82.7,18.5,270
4.5:  82.7,18.5,270
4.52:  82.7,18.5,270
4.54:  82.7,18.5,270
4.55:  82.7,18.5,270
4.57:  82.7,18.5,270
4.59:  82.7,18.5,270
4.6:  82.7,18.5,270
4.62:  82.7,18.5,270
4.64:  82.7,18.5,270
4.65:  82.7,18.5,270
4.67:  82.7,18.5,270
4.69:  82.7,18.5,270
4.7:  82.7,18.5,270
4.72:  82.7,18.5,270
4.74:  82.7,18.5,270
4.75:  82.7,18.5,270
4.77:  82.7,18.5,270
4.79:  82.7,18.5,270
4.8:  82.7,18.5,270
4.82:  82.7,18.5,270
4.84:  82.7,18.5,270
4.85:  82.7,18.5,270
4.87:  82.7,18.5,270
4.89:  82.7,18.5,270
4.9:  82.7,18.5,270
4.92:  82.7,18.5,270
4.94:  82.7,18.5,270
4.95:  82.7,18.5,270
4.97:  82.7,18.5,270
4.99:  82.7,18.5,270
5:  82.7,18.5,270
5.02:  82.7,18.5,270
5.04:  82.7,18.5,270
5.05:  82.7,18.5,270
5.07:  82.7,18.5,270
5.09:  82.7,18.5,270
5.1:  82.7,18.5,270
5.12:  82.7,18.5,270
5.14:  82.7,18.5,270
5.15:  82.7,18.5,270
5.17:  82.7,18.5,270
5.19:  82.7,18.5,270
5.2:  82.7,18.5,270
5.22:  82.7,18.5,270
5.24:  82.7,18.5,270
5.25:  82.7,18.5,270
5.27:  82.7,18.5,270
5.29:  82.7,18.5,270
5.3:  82.7,18.5,270
5.32:  82.7,18.5,270
5.34:  82.7,18.5,270
5.35:  82.7,18.5,270
5.37:  82.7,18.5,270
5.39:  82.7,18.5,270
5.4:  82.7,18.5,270
5.42:  82.7,18.5,270
5.44:  82.7,18.5,270
5.45:  82.7,18.5,270
5.47:  82.7,18.5,270
5.49:  82.7,18.5,270
5.5:  82.7,18.5,270
5.52:  82.7,18.5,270
5.54:  82.7,18.5,270
5.55:  82.7,18.5,270
5.57:  82.7,18.5,270
5.59:  82.7,18.5,270
5.6:  82.7,18.5,270
5.62:  82.7,18.5,270
5.64:  82.7,18.5,270
5.65:  82.7,18.5,270
5.67:  82.7,18.5,270
5.69:  82.7,18.5,270
5.7:  82.7,18.5,270
5.72:  82.7,18.5,270
5.74:  82.7,18.5,270
5.75:  82.7,18.5,270
5.77:  82.7,18.5,270
5.79:  82.7,18.5,270
5.8:  82.7,18.5,270
5.82:  82.7,18.5,270
5.84:  82.7,18.5,270
5.85:  82.7,18.5,270
5.87:  82.7,18.5,270
5.89:  82.7,18.5,270
5.9:  82.7,18.5,270
5.92:  82.7,18.5,270
5.94:  82.7,18.5,270
5.95:  82.7,18.5,270
5.97:  82.7,18.5,270
5.99:  82.7,18.5,270
6:  82.7,18.5,270
6.02:  82.7,18.5,270
6.04:  82.7,18.5,270
6.05:  82.7,18.5,270
6.07:  82.7,18.5,270
6.09:  82.7,18.5,270
6.1:  82.7,18.5,270
6.12:  82.7,18.5,270
6.14:  82.7,18.5,270
6.15:  82.7,18.5,270
6.17:  82.7,18.5,270
6.19:  82.7,18.5,270
6.2:  82.7,18.5,270
6.22:  82.7,18.5,270
6.24:  82.7,18.5,270
6.25:  82.7,18.5,270
6.27:  82.7,18.5,270
6.29:  82.7,18.5,270
6.3:  82.7,18.5,270
6.32:  82.7,18.5,270
6.34:  82.7,18.5,270
6.35:  82.7,18.5,270
6.37:  82.7,18.5,270
6.39:  82.7,18.5,270
6.4:  82.7,18.5,270
6.42:  82.7,18.5,270
6.44:  82.7,18.5,270
6.45:  82.7,18.5,270
6.47:  82.7,18.5,270
6.49:  82.7,18.5,270
6.5:  82.7,18.5,270
6.52:  82.7,18.5,270
6.54:  82.7,18.5,270
6.55:  82.7,18.5,270
6.57:  82.7,18.5,270
6.59:  82.7,18.5,270
6.6:  82.7,18.5,270
6.62:  82.7,18.5,270
6.64:  82.7,18.5,270
6.65:  82.7,18.5,270
6.67:  82.7,18.5,270
6.69:  82.7,18.5,270
6.7:  82.7,18.5,270
6.72:  82.7,18.5,270
6.74:  82.7,18.5,270
6.75:  82.7,18.5,270
6.77:  82.7,18.5,270
6.79:  82.7,18.5,270
6.8:  82.7,18.5,270
6.82:  82.7,18.5,270
6.84:  82.7,18.5,270
6.85:  82.7,18.5,270
6.87:  82.7,18.5,270
6.89:  82.7,18.5,270
6.9:  82.7,18.5,270
6.92:  82.7,18.5,270
6.94:  82.7,18.5,270
6.95:  82.7,18.5,270
6.97:  82.7,18.5,270
6.99:  82.7,18.5,270
7:  82.7,18.5,270
7.02:  82.7,18.5,270
7.04:  82.7,18.5,270
7.05:  82.7,18.5,270
7.07:  82.7,18.5,270
7.09:  82.7,18.5,270
7.1:  82.7,18.5,270
7.12:  82.7,18.5,270
7.14:  82.7,18.5,270
7.15:  82.7,18.5,270
7.17:  82.7,18.5,270
7.19:  82.7,18.5,270
7.2:  82.7,18.5,270
7.22:  82.7,18.5,270
7.24:  82.7,18.5,270
7.25:  82.7,18.5,270
7.27:  82.7,18.5,270
7.29:  82.7,18.5,270
7.3:  82.7,18.5,270
7.32:  82.7,18.5,270
7.34:  82.7,18.5,270
7.35:  82.7,18.5,270
7.37:  82.7,18.5,270
7.39:  82.7,18.5,270
7.4:  82.7,18.5,270
7.42:  82.7,18.5,270
7.44:  82.7,18.5,270
7.45:  82.7,18.5,270
7.47:  82.7,18.5,270
7.49:  82.7,18.5,270
7.5:  82.7,18.5,270
7.52:  82.7,18.5,270
7.54:  82.7,18.5,270
7.55:  82.7,18.5,270
7.57:  82.7,18.5,270
7.59:  82.7,18.5,270
7.6:  82.7,18.5,270
7.62:  82.7,18.5,270
7.64:  82.7,18.5,270
7.65:  82.7,18.5,270
7.67:  82.7,18.5,270
7.69:  82.7,18.5,270
7.7:  82.7,18.5,270
7.72:  82.7,18.5,270
7.74:  82.7,18.5,270
7.75:  82.7,18.5,270
7.77:  82.7,18.5,270
7.79:  82.7,18.5,270
7.8:  82.7,18.5,270
7.82:  82.7,18.5,270
7.84:  82.7,18.5,270
7.85:  82.7,18.5,270
7.87:  82.7,18.5,270
7.89:  82.7,18.5,270
7.9:  82.7,18.5,270
7.92:  82.7,18.5,270
7.94:  82.7,18.5,270
7.95:  82.7,18.5,270
7.97:  82.7,18.5,270
7.99:  82.7,18.5,270
8:  82.7,18.5,270
8.02:  82.7,18.5,270
8.04:  82.7,18.5,270
8.05:  82.7,18.5,270
8.07:  82.7,18.5,270
8.09:  82.7,18.5,270
8.1:  82.7,18.5,270
8.12:  82.7,18.5,270
8.14:  82.7,18.5,270
8.15:  82.7,18.5,270
8.17:  82.7,18.5,270
8.19:  82.7,18.5,270
8.2:  82.7,18.5,270
8.22:  82.7,18.5,270
8.24:  82.7,18.5,270
8.25:  82.7,18.5,270
8.27:  82.7,18.5,270
8.29:  82.7,18.5,270
8.3:  82.7,18.5,270
8.32:  82.7,18.5,270
8.34:  82.7,18.5,270
8.35:  82.7,18.5,270
8.37:  82.7,18.5,270
8.39:  82.7,18.5,270
8.4:  82.7,18.5,270
8.42:  82.7,18.5,270
8.44:  82.7,18.5,270
8.45:  82.7,18.5,270
8.47:  82.7,18.5,270
8.49:  82.7,18.5,270
8.5:  82.7,18.5,270
8.52:  82.7,18.5,270
8.54:  82.7,18.5,270
8.55:  82.7,18.5,270
8.57:  82.7,18.5,270
8.59:  82.7,18.5,270
8.6:  82.7,18.5,270
8.62:  82.7,18.5,270
8.64:  82.7,18.5,270
8.65:  82.7,18.5,270
8.67:  82.7,18.5,270
8.69:  82.7,18.5,270
8.7:  82.7,18.5,270
8.72:  82.7,18.5,270
8.74:  82.7,18.5,270
8.75:  82.7,18.5,270
8.77:  82.7,18.5,270
8.79:  82.7,18.5,270
8.8:  82.7,18.5,270
8.82:  82.7,18.5,270
8.84:  82.7,18.5,270
8.85:  82.7,18.5,270
8.87:  82.7,18.5,270
8.89:  82.7,18.5,270
8.9:  82.7,18.5,270
8.92:  82.7,18.5,270
8.94:  82.7,18.5,270
8.95:  82.7,18.5,270
8.97:  82.7,18.5,270
8.99:  82.7,18.5,270
9:  82.7,18.5,270
9.02:  82.7,18.5,270
9.04:  82.7,18.5,270
9.05:  82.7,18.5,270
9.07:  82.7,18.5,270
9.09:  82.7,18.5,270
9.1:  82.7,18.5,270
9.12:  82.7,18.5,270
9.14:  82.7,18.5,270
9.15:  82.7,18.5,270
9.17:  82.7,18.5,270
9.19:  82.7,18.5,270
9.2:  82.7,18.5,270
9.22:  82.7,18.5,270
9.24:  82.7,18.5,270
9.25:  82.7,18.5,270
9.27:  82.7,18.5,270
9.29:  82.7,18.5,270
9.3:  82.7,18.5,270
9.32:  82.7,18.5,270
9.34:  82.7,18.5,270
9.35:  82.7,18.5,270
9.37:  82.7,18.5,270
9.39:  82.7,18.5,270
9.4:  82.7,18.5,270
9.42:  82.7,18.5,270
9.44:  82.7,18.5,270
9.45:  82.7,18.5,270
9.47:  82.7,18.5,270
9.49:  82.7,18.5,270
9.5:  82.7,18.5,270
9.52:  82.7,18.5,270
9.54:  82.7,18.5,270
9.55:  82.7,18.5,270
9.57:  82.7,18.5,270
9.59:  82.7,18.5,270
9.6:  82.7,18.5,270
9.62:  82.7,18.5,270
9.64:  82.7,18.5,270
9.65:  82.7,18.5,270
9.67:  82.7,18.5,270
9.69:  82.7,18.5,270
9.7:  82.7,18.5,270
9.72:  82.7,18.5,270
9.74:  82.7,18.5,270
9.75:  82.7,18.5,270
9.77:  82.7,18.5,270
9.79:  82.7,18.5,270
9.8:  82.7,18.5,270
9.82:  82.7,18.5,270
9.84:  82.7,18.5,270
9.85:  82.7,18.5,270
9.87:  82.7,18.5,270
9.89:  82.7,18.5,270
9.9:  82.7,18.5,270
9.92:  82.7,18.5,270
9.94:  82.7,18.5,270
9.95:  82.7,18.5,270
9.97:  82.7,18.5,270
9.99:  82.7,18.5,270
10:  82.7,18.5,270
10.02:  82.7,18.5,270
10.04:  82.7,18.5,270
10.05:  82.7,18.5,270
10.07:  82.7,18.5,270
10.09:  82.7,18.5,270
10.1:  82.7,18.5,270
10.12:  82.7,18.5,270
10.14:  82.7,18.5,270
10.15:  82.7,18.5,270
10.17:  82.7,18.5,270
10.19:  82.7,18.5,270
10.2:  82.7,18.5,270
10.22:  82.7,18.5,270
10.24:  82.7,18.5,270
10.25:  82.7,18.5,270
10.27:  82.7,18.5,270
10.29:  82.7,18.5,270
10.3:  82.7,18.5,270
10.32:  82.7,18.5,270
10.34:  82.7,18.5,270
10.35:  82.7,18.5,270
