ParticipantNo: 11014
Training Level Timed:
0.02:  82.7,18.5,270
0.03:  82.7,18.5,270
0.05:  82.7,18.5,270
0.07:  82.7,18.5,270
0.08:  82.7,18.5,270
0.1:  82.7,18.5,270
0.12:  82.7,18.5,270
0.13:  82.7,18.5,270
0.15:  82.7,18.5,270
0.17:  82.7,18.5,270
0.18:  82.7,18.5,270
0.2:  82.7,18.5,270
0.22:  82.7,18.5,270
0.23:  82.7,18.5,270
0.25:  82.7,18.5,270
0.27:  82.7,18.5,270
0.28:  82.7,18.5,270
0.3:  82.7,18.5,270
0.32:  82.7,18.5,270
0.33:  82.7,18.5,270
0.35:  82.7,18.5,270
0.37:  82.7,18.5,270
0.38:  82.7,18.5,270
0.4:  82.7,18.5,270
0.42:  82.7,18.5,270
0.43:  82.7,18.5,270
0.45:  82.7,18.5,270
0.47:  82.7,18.5,270
0.48:  82.7,18.5,270
0.5:  82.7,18.5,270
0.52:  82.7,18.5,270
0.53:  82.7,18.5,270
0.55:  82.7,18.5,270
0.57:  82.7,18.5,270
0.58:  82.7,18.5,270
0.6:  82.7,18.5,270
0.62:  82.7,18.5,270
0.63:  82.7,18.5,270
0.65:  82.7,18.5,270
0.67:  82.7,18.5,270
0.68:  82.7,18.5,270
0.7:  82.7,18.5,270
0.73:  82.7,18.5,270
0.75:  82.7,18.5,270
0.77:  82.7,18.5,270
0.78:  82.7,18.5,270
0.8:  82.7,18.5,270
0.82:  82.7,18.5,270
0.83:  82.7,18.5,270
0.85:  82.7,18.5,270
0.87:  82.7,18.5,270
0.88:  82.7,18.5,270
0.9:  82.7,18.5,270
0.92:  82.7,18.5,270
0.93:  82.7,18.5,270
0.95:  82.7,18.5,270
0.97:  82.7,18.5,270
0.98:  82.7,18.5,270
1:  82.7,18.5,270
1.02:  82.7,18.5,270
1.03:  82.7,18.5,270
1.05:  82.7,18.5,270
1.07:  82.7,18.5,270
1.08:  82.7,18.5,270
1.1:  82.7,18.5,270
1.12:  82.7,18.5,270
1.13:  82.7,18.5,270
1.15:  82.7,18.5,270
1.17:  82.7,18.5,270
1.18:  82.7,18.5,270
1.2:  82.7,18.5,270
1.22:  82.7,18.5,270
1.23:  82.7,18.5,270
1.25:  82.7,18.5,270
1.27:  82.7,18.5,270
1.28:  82.7,18.5,270
1.3:  82.7,18.5,270
1.32:  82.7,18.5,270
1.33:  82.7,18.5,270
1.35:  82.7,18.5,270
1.37:  82.7,18.5,270
1.38:  82.7,18.5,270
1.4:  82.7,18.5,270
1.42:  82.7,18.5,270
1.43:  82.7,18.5,270
1.45:  82.7,18.5,270
1.47:  82.7,18.5,270
1.48:  82.7,18.5,270
1.5:  82.7,18.5,270
1.52:  82.7,18.5,270
1.53:  82.7,18.5,270
1.55:  82.7,18.5,270
1.57:  82.7,18.5,270
1.58:  82.7,18.5,270
1.6:  82.7,18.5,270
1.62:  82.7,18.5,270
1.63:  82.7,18.5,270
1.65:  82.7,18.5,270
1.67:  82.7,18.5,270
1.68:  82.7,18.5,270
1.7:  82.7,18.5,270
1.72:  82.7,18.5,270
1.73:  82.7,18.5,270
1.75:  82.7,18.5,270
1.77:  82.7,18.5,270
1.78:  82.7,18.5,270
1.8:  82.7,18.5,270
1.82:  82.7,18.5,270
1.83:  82.7,18.5,270
1.85:  82.7,18.5,270
1.87:  82.7,18.5,270
1.88:  82.7,18.5,270
1.9:  82.7,18.5,270
1.92:  82.7,18.5,270
1.93:  82.7,18.5,270
1.95:  82.7,18.5,270
1.97:  82.7,18.5,270
1.98:  82.7,18.5,270
2:  82.7,18.5,270
2.02:  82.7,18.5,270
2.03:  82.7,18.5,270
2.05:  82.7,18.5,270
2.07:  82.7,18.5,270
2.08:  82.7,18.5,270
2.1:  82.7,18.5,270
2.12:  82.7,18.5,270
2.13:  82.7,18.5,270
2.15:  82.7,18.5,270
2.17:  82.7,18.5,270
2.18:  82.7,18.5,270
2.2:  82.7,18.5,270
2.22:  82.7,18.5,270
2.23:  82.7,18.5,270
2.25:  82.68729,18.5,270
2.27:  82.66245,18.5,270
2.28:  82.62243,18.5,270
2.3:  82.57255,18.5,270
2.32:  82.50935,18.5,270
2.33:  82.43364,18.5,270
2.35:  82.34673,18.5,270
2.37:  82.24663,18.5,270
2.38:  82.13281,18.5,270
2.4:  82.00977,18.5,270
2.42:  81.87436,18.5,270
2.43:  81.72432,18.5,270
2.45:  81.56238,18.5,270
2.47:  81.38607,18.50062,270.2
2.48:  81.1971,18.50226,270.5
2.5:  80.99737,18.50436,270.6
2.52:  80.78522,18.50695,270.7
2.53:  80.55722,18.51093,271
2.55:  80.32412,18.51825,271.8
2.57:  80.0743,18.53047,272.8
2.58:  79.82425,18.5462,273.6
2.6:  79.57536,18.56317,273.9
2.62:  79.32486,18.58157,274.2
2.63:  79.0761,18.60027,274.3
2.65:  78.82588,18.61909,274.3
2.67:  78.57524,18.63793,274.3
2.68:  78.30622,18.65721,274.1
2.7:  78.0754,18.67295,273.9
2.72:  77.82713,18.68857,273.6
2.73:  77.57354,18.70364,273.4
2.75:  77.32407,18.71802,273.3
2.77:  77.07114,18.73172,273.1
2.78:  76.82294,18.74473,273
2.8:  76.57648,18.75764,273
2.82:  76.32921,18.7706,273
2.83:  76.07328,18.78401,273
2.85:  75.8288,18.79511,272.6
2.87:  75.57751,18.80389,272
2.88:  75.33027,18.80993,271.4
2.9:  75.08154,18.81427,271
2.92:  74.8319,18.81732,270.7
2.93:  74.57717,18.82044,270.7
2.95:  74.31498,18.82318,270.6
2.97:  74.06608,18.82535,270.5
2.98:  73.83319,18.82657,270.3
3:  73.58183,18.82614,269.9
3.02:  73.33344,18.82397,269.5
3.03:  73.08076,18.82176,269.5
3.05:  72.83311,18.81917,269.4
3.07:  72.58128,18.81653,269.4
3.08:  72.32768,18.81388,269.4
3.1:  72.07639,18.81124,269.4
3.12:  71.83112,18.80868,269.4
3.13:  71.57977,18.80604,269.4
3.15:  71.33294,18.80346,269.4
3.17:  71.08036,18.80081,269.4
3.18:  70.83007,18.79819,269.4
3.2:  70.58177,18.79559,269.4
3.22:  70.32712,18.79337,269.5
3.23:  70.07729,18.79163,269.6
3.25:  69.82597,18.79031,269.7
3.27:  69.58271,18.78904,269.7
3.28:  69.33059,18.78815,269.8
3.3:  69.08215,18.78729,269.8
3.32:  68.83044,18.78641,269.8
3.33:  68.57562,18.78552,269.8
3.35:  68.32582,18.78465,269.8
3.37:  68.08018,18.78379,269.8
3.38:  67.83191,18.78292,269.8
3.4:  67.58296,18.78205,269.8
3.42:  67.33311,18.78162,269.9
3.43:  67.08314,18.78118,269.9
3.45:  66.83405,18.78075,269.9
3.47:  66.58337,18.78031,269.9
3.48:  66.33048,18.77987,269.9
3.5:  66.08027,18.77943,269.9
3.52:  65.83194,18.779,269.9
3.53:  65.56796,18.77854,269.9
3.55:  65.32376,18.77811,269.9
3.57:  65.07468,18.77768,269.9
3.58:  64.82861,18.77725,269.9
3.6:  64.57364,18.77725,270
3.62:  64.31602,18.7777,270.1
3.63:  64.05878,18.77949,270.4
3.65:  63.82936,18.7815,270.5
3.67:  63.5818,18.78409,270.6
3.68:  63.33254,18.7867,270.6
3.7:  63.07405,18.78941,270.6
3.72:  62.82934,18.79197,270.6
3.73:  62.56946,18.79469,270.6
3.75:  62.33261,18.79717,270.6
3.77:  62.0811,18.7998,270.6
3.78:  61.82864,18.80245,270.6
3.8:  61.57212,18.80513,270.6
3.82:  61.32119,18.80776,270.6
3.83:  61.07706,18.81075,270.7
3.85:  60.83363,18.81372,270.7
3.87:  60.5784,18.81728,270.8
3.88:  60.32899,18.82251,271.2
3.9:  60.07849,18.82907,271.5
3.92:  59.83002,18.83731,271.9
3.93:  59.5813,18.84599,272
3.95:  59.33133,18.8556,272.2
3.97:  59.06664,18.86623,272.3
3.98:  58.82938,18.87617,272.4
4:  58.58129,18.88657,272.4
4.02:  58.33168,18.89703,272.4
4.03:  58.08306,18.90745,272.4
4.05:  57.83508,18.91395,271.5
4.07:  57.585,18.90784,268.6
4.08:  57.33252,18.88619,265.1
4.1:  57.0891,18.84981,261.5
4.12:  56.84351,18.7985,258.2
4.13:  56.60232,18.73298,254.8
4.15:  56.36623,18.64329,249.2
4.17:  56.13995,18.54207,245.9
4.18:  55.91574,18.42486,242.4
4.2:  55.70198,18.30045,239.8
4.22:  55.48021,18.16187,238
4.24:  55.28184,18.02756,235.9
4.25:  55.0663,17.87154,234.1
4.27:  54.87258,17.71855,231.7
4.28:  54.68809,17.56592,230.4
4.3:  54.49914,17.40455,229.5
4.32:  54.31074,17.24019,228.9
4.33:  54.12257,17.0743,228.6
4.35:  53.93824,16.91179,228.6
4.37:  53.74924,16.74517,228.6
4.38:  53.56301,16.58098,228.6
4.4:  53.37283,16.41094,228.2
4.42:  53.19083,16.24358,227.4
4.43:  53.0072,16.06933,226.5
4.45:  52.83047,15.89686,225.7
4.47:  52.65518,15.72096,224.9
4.48:  52.48049,15.53879,223.8
4.5:  52.31022,15.35556,222.9
4.52:  52.14075,15.16932,222.3
4.53:  51.9671,14.97304,221.5
4.55:  51.80803,14.7907,221.1
4.57:  51.64671,14.6038,220.8
4.58:  51.48642,14.41613,220.5
4.6:  51.32562,14.22719,220.4
4.62:  51.16311,14.03557,220.3
4.63:  50.9996,13.84275,220.3
4.65:  50.84037,13.65434,220.2
4.67:  50.67624,13.45873,220
4.68:  50.51778,13.26651,219.5
4.7:  50.36487,13.07495,218.6
4.72:  50.21059,12.87677,217.9
4.73:  50.05977,12.67663,217
4.75:  49.91144,12.47618,216.5
4.77:  49.76514,12.27332,215.8
4.78:  49.62125,12.06935,215.2
4.8:  49.47753,11.85866,214.3
4.82:  49.34122,11.65427,213.7
4.83:  49.204,11.44378,213.1
4.85:  49.07158,11.23432,212.3
4.87:  48.93592,11.01804,212.1
4.88:  48.8058,10.80819,211.8
4.9:  48.67379,10.59107,211.3
4.92:  48.54268,10.37544,211.3
4.93:  48.41351,10.16298,211.3
4.95:  48.28561,9.95262,211.3
4.97:  48.15562,9.738828,211.3
4.98:  48.02711,9.527474,211.3
5:  47.8974,9.314129,211.3
5.02:  47.76665,9.099091,211.3
5.03:  47.63628,8.885498,211.4
5.05:  47.50674,8.674109,211.5
5.07:  47.37812,8.464218,211.5
5.09:  47.2431,8.243019,211.4
5.1:  47.10791,8.019803,211.2
5.12:  46.98173,7.809803,211
5.13:  46.85828,7.601898,210.7
5.15:  46.73231,7.384574,210.1
5.17:  46.61103,7.17195,209.7
5.18:  46.48848,6.954463,209.4
5.2:  46.36683,6.737686,209.3
5.22:  46.24347,6.516953,209.2
5.23:  46.12292,6.301258,209.2
5.25:  46.00142,6.082062,209
5.27:  45.88025,5.863466,209
5.28:  45.75932,5.644413,208.9
5.3:  45.63889,5.426239,208.9
5.32:  45.5188,5.205979,208.6
5.33:  45.4007,4.984812,208.1
5.35:  45.2851,4.764615,207.7
5.37:  45.17081,4.540321,207
5.38:  45.0601,4.316309,206.3
5.4:  44.95155,4.089732,205.6
5.42:  44.84791,3.862334,204.5
5.43:  44.74785,3.635463,203.8
5.45:  44.65,3.404933,203
5.47:  44.55536,3.174177,202.3
5.48:  44.46201,2.939596,201.7
5.5:  44.37383,2.708694,200.9
5.52:  44.28699,2.472678,200.2
5.53:  44.20527,2.23668,199.1
5.55:  44.12622,1.999045,198.4
5.57:  44.04894,1.759766,197.9
5.58:  43.97411,1.518039,197.2
5.6:  43.90393,1.284106,196.7
5.62:  43.83349,1.041648,196.2
5.63:  43.76564,0.8034673,195.9
5.65:  43.69725,0.5617936,195.8
5.67:  43.63001,0.3241512,195.8
5.68:  43.56137,0.08159001,195.8
5.7:  43.49303,-0.1615412,195.7
5.72:  43.42522,-0.4044099,195.6
5.73:  43.35971,-0.6422368,195.4
5.75:  43.29654,-0.881314,194.8
5.77:  43.23354,-1.124918,194.5
5.78:  43.17277,-1.366875,194.1
5.8:  43.11357,-1.609687,193.7
5.82:  43.05545,-1.853656,193.4
5.83:  42.99743,-2.101066,193.2
5.85:  42.9417,-2.344359,192.9
5.87:  42.88673,-2.586307,192.8
5.88:  42.83185,-2.827879,192.8
5.9:  42.77595,-3.073932,192.8
5.92:  42.71979,-3.317179,193
5.93:  42.65633,-3.557355,194.8
5.95:  42.5651,-3.79503,201
5.97:  42.45705,-4.015592,206.1
5.98:  42.32771,-4.23255,210.8
6:  42.18384,-4.435748,215.3
6.02:  42.02802,-4.629551,218.8
6.03:  41.85486,-4.815241,223
6.05:  41.66272,-4.969725,231.2
6.07:  41.45717,-5.108894,235.9
6.08:  41.24354,-5.239809,238.5
6.1:  41.02678,-5.361944,240.6
6.12:  40.80465,-5.480554,241.9
6.13:  40.58134,-5.591406,243.6
6.15:  40.35485,-5.696538,245.1
6.17:  40.12506,-5.795024,246.8
6.18:  39.89503,-5.892669,247
6.2:  39.66276,-5.990306,247.2
6.22:  39.42956,-6.087855,247.3
6.23:  39.20111,-6.183419,247.3
6.25:  38.9727,-6.278964,247.3
6.27:  38.73561,-6.377656,247.4
6.28:  38.50871,-6.471641,247.5
6.3:  38.27672,-6.56537,248
6.32:  38.04243,-6.657186,248.6
6.33:  37.80306,-6.747637,249.3
6.35:  37.56913,-6.831399,250.3
6.37:  37.33648,-6.912871,250.7
6.38:  37.10164,-6.994649,250.8
6.4:  36.86117,-7.076981,251.1
6.42:  36.62668,-7.156353,251.3
6.43:  36.39016,-7.235031,251.6
6.45:  36.15463,-7.31156,252
6.47:  35.90334,-7.391273,252.4
6.48:  35.67712,-7.462601,252.5
6.5:  35.44148,-7.535995,252.7
6.52:  35.20046,-7.609682,253
6.53:  34.96354,-7.682118,253
6.55:  34.72364,-7.755918,252.9
6.57:  34.48716,-7.8323,252.1
6.58:  34.25442,-7.92539,248.2
6.6:  34.02892,-8.032947,244.5
6.62:  33.99051,-8.158416,240
6.63:  33.98716,-8.30197,235.5
6.65:  33.98357,-8.456433,231.2
6.67:  33.98002,-8.627769,227.3
6.68:  33.97466,-8.812072,221.9
6.7:  33.96982,-9.013258,217.4
6.72:  33.96642,-9.227187,214.4
6.73:  33.96326,-9.431511,211.7
6.75:  33.96038,-9.648209,209.3
6.77:  33.95767,-9.875301,207.1
6.78:  33.95428,-10.0994,204.4
6.8:  33.94938,-10.32842,200.6
6.82:  33.94727,-10.56549,199
6.83:  33.94582,-10.80956,197.9
6.85:  33.91677,-11.04668,197
6.87:  33.85941,-11.29117,196.7
6.88:  33.78368,-11.5452,196.6
6.9:  33.71727,-11.76797,196.6
6.92:  33.64542,-12.00896,196.6
6.93:  33.57433,-12.24744,196.6
6.95:  33.5003,-12.4881,197.1
6.97:  33.42163,-12.72458,198.4
6.98:  33.33568,-12.95944,200.1
7:  33.23931,-13.18984,202.7
7.02:  33.13082,-13.41426,205.8
7.03:  33.01379,-13.63716,207.7
7.05:  32.88745,-13.85249,210.4
7.07:  32.73746,-14.06992,214.6
7.08:  32.57926,-14.25846,220
7.1:  32.38252,-14.42006,230.6
7.12:  32.17661,-14.55532,236.7
7.13:  31.96653,-14.67466,240.4
7.15:  31.74428,-14.78596,243.4
7.17:  31.51582,-14.8872,246.1
7.18:  31.2851,-14.97901,248.3
7.2:  31.04461,-15.05808,251.8
7.22:  30.80436,-15.13016,253.3
7.23:  30.56632,-15.19797,254.1
7.25:  30.32467,-15.26136,255.3
7.27:  30.0834,-15.32018,256.3
7.28:  29.83965,-15.37601,257.1
7.3:  29.59592,-15.42604,258.4
7.32:  29.34708,-15.46723,260.6
7.33:  29.09981,-15.50198,262
7.35:  28.85041,-15.53482,262.5
7.37:  28.60488,-15.56714,262.5
7.38:  28.35516,-15.6009,262.3
7.4:  28.108,-15.63917,261.2
7.42:  27.86487,-15.68555,259.2
7.43:  27.62376,-15.74522,256.1
7.45:  27.38404,-15.82449,251.7
7.47:  27.15572,-15.92806,245.6
7.48:  26.9438,-16.06152,237.8
7.5:  26.75578,-16.23994,226.5
7.52:  26.59837,-16.42955,219.7
7.53:  26.46564,-16.64032,212.2
7.55:  26.36856,-16.86572,203.3
7.57:  26.30505,-17.12237,193.9
7.58:  26.28023,-17.36251,185.9
7.6:  26.2824,-17.61055,179.5
7.62:  26.32542,-17.85454,170
7.63:  26.40481,-18.09743,161.9
7.65:  26.51425,-18.31316,153.1
7.67:  26.65345,-18.52346,146.5
7.68:  26.80849,-18.71629,141.2
7.7:  26.98083,-18.89917,136.7
7.72:  27.15968,-19.07069,133.8
7.73:  27.35447,-19.22899,129.1
7.75:  27.55827,-19.37275,125.2
7.77:  27.7697,-19.5059,122.2
7.78:  27.98851,-19.63172,119.9
7.8:  28.20523,-19.74988,118.6
7.82:  28.42859,-19.86418,117.1
7.84:  28.65213,-19.97661,116.7
7.85:  28.89447,-20.09533,116.1
7.87:  29.10301,-20.19525,115.6
7.88:  29.32902,-20.30063,115
7.9:  29.55859,-20.40333,114.1
7.92:  29.79201,-20.50145,112.8
7.93:  30.02492,-20.59085,111
7.95:  30.26282,-20.67603,109.7
7.97:  30.50115,-20.75439,108.2
7.98:  30.73358,-20.82104,106
8:  30.98731,-20.88289,103.7
8.02:  31.2342,-20.93223,101.3
8.03:  31.47055,-20.97136,99.40002
8.05:  31.71706,-20.9977,96.10001
8.07:  31.97033,-21.01674,94.30002
8.08:  32.21997,-21.02939,92.90002
8.1:  32.46568,-21.03497,91.30002
8.12:  32.71921,-21.03452,89.90002
8.13:  32.96629,-21.02849,88.60001
8.15:  33.21518,-21.01675,87.30002
8.17:  33.46559,-21.00231,86.70002
8.18:  33.7139,-20.98495,86.00002
8.2:  33.96395,-20.96527,85.50001
8.22:  34.21184,-20.94402,85.10001
8.23:  34.46309,-20.92159,84.90002
8.25:  34.71252,-20.89933,84.90002
8.27:  34.9623,-20.87748,85.00001
8.28:  35.21255,-20.85734,85.40002
8.3:  35.45951,-20.83834,85.60001
8.32:  35.71374,-20.81878,85.60001
8.33:  35.96215,-20.79923,85.50001
8.35:  36.21248,-20.77953,85.50001
8.37:  36.45928,-20.76054,85.60001
8.38:  36.71345,-20.74187,85.80001
8.4:  36.95506,-20.72455,85.90002
8.42:  37.20752,-20.7069,86.00002
8.43:  37.45442,-20.6905,86.20001
8.45:  37.70462,-20.67651,86.80001
8.47:  37.95167,-20.664,87.10001
8.48:  38.20384,-20.65211,87.30002
8.5:  38.45176,-20.64085,87.40002
8.52:  38.70447,-20.62981,87.50002
8.53:  38.9558,-20.61928,87.60002
8.55:  39.20884,-20.60956,87.80001
8.57:  39.45831,-20.60041,87.90002
8.58:  39.70841,-20.59168,88.00002
8.6:  39.95562,-20.58305,88.00002
8.62:  40.20131,-20.57447,88.00002
8.63:  40.45184,-20.56616,88.10001
8.65:  40.70108,-20.55789,88.10001
8.67:  40.9518,-20.5522,88.70002
8.68:  41.20233,-20.54826,89.10001
8.7:  41.46566,-20.54504,89.30002
8.72:  41.70807,-20.54293,89.50002
8.73:  41.95549,-20.5425,89.90002
8.75:  42.2029,-20.54207,89.90002
8.77:  42.45108,-20.54163,89.90002
8.78:  42.70344,-20.54119,89.90002
8.8:  42.95133,-20.54076,89.90002
8.82:  43.19949,-20.54033,89.90002
8.83:  43.44992,-20.53989,89.90002
8.85:  43.6996,-20.53945,89.90002
8.87:  43.94814,-20.53902,89.90002
8.88:  44.20014,-20.53858,89.90002
8.9:  44.44769,-20.53815,89.90002
8.92:  44.70066,-20.53771,89.90002
8.93:  44.95544,-20.53726,89.90002
8.95:  45.20683,-20.53682,89.90002
8.97:  45.45488,-20.53639,89.90002
8.98:  45.70296,-20.53596,89.90002
9:  45.95425,-20.53552,89.90002
9.02:  46.21844,-20.53506,89.90002
9.03:  46.45158,-20.53465,89.90002
9.05:  46.70079,-20.53422,89.90002
9.07:  46.95653,-20.53377,89.90002
9.08:  47.19991,-20.53335,89.90002
9.1:  47.45272,-20.53291,89.90002
9.12:  47.69979,-20.53247,89.90002
9.13:  47.95502,-20.53203,89.90002
9.15:  48.20166,-20.5316,89.90002
9.17:  48.45289,-20.53116,89.90002
9.18:  48.69964,-20.53073,89.90002
9.2:  48.95263,-20.52985,89.80002
9.22:  49.20233,-20.52723,89.40002
9.23:  49.45123,-20.52289,89.00002
9.25:  49.69938,-20.51812,88.90001
9.27:  49.94956,-20.51332,88.90001
9.28:  50.19986,-20.50808,88.80001
9.3:  50.45081,-20.49975,88.10001
9.32:  50.7007,-20.49015,87.8
9.33:  50.94893,-20.47975,87.60001
9.35:  51.20007,-20.46878,87.50001
9.37:  51.44902,-20.45791,87.50001
9.38:  51.69865,-20.44701,87.50001
9.4:  51.94636,-20.4362,87.50001
9.42:  52.19635,-20.42528,87.50001
9.43:  52.4473,-20.41433,87.50001
9.45:  52.6976,-20.4034,87.50001
9.47:  52.94978,-20.39239,87.50001
9.48:  53.20979,-20.38104,87.50001
9.5:  53.44928,-20.37058,87.50001
9.52:  53.70263,-20.35952,87.50001
9.53:  53.94649,-20.34887,87.50001
9.55:  54.19619,-20.33797,87.50001
9.57:  54.45787,-20.32517,87.20001
9.59:  54.70954,-20.31242,87.10001
9.6:  54.96749,-20.29935,87.10001
9.62:  55.19875,-20.28764,87.10001
9.63:  55.44451,-20.27519,87.10001
9.65:  55.69448,-20.26209,87.00002
9.67:  55.94273,-20.24908,87.00002
9.68:  56.19169,-20.23603,87.00002
9.7:  56.44325,-20.22285,87.00002
9.72:  56.69112,-20.20986,87.00002
9.73:  56.94286,-20.19666,87.00002
9.75:  57.18987,-20.18372,87.00002
9.77:  57.44131,-20.17054,87.00002
9.78:  57.69173,-20.15742,87.00002
9.8:  57.94249,-20.14472,87.10001
9.82:  58.1955,-20.13278,87.30001
9.83:  58.44172,-20.12117,87.30001
9.85:  58.69678,-20.10914,87.30001
9.87:  58.95728,-20.09686,87.30001
9.88:  59.20022,-20.08668,87.60001
9.9:  59.44672,-20.0785,88.10001
9.92:  59.70596,-20.07171,88.50002
9.93:  59.9531,-20.06524,88.50002
9.95:  60.19632,-20.05887,88.50002
9.97:  60.44025,-20.05248,88.50002
9.98:  60.69063,-20.04593,88.50002
10:  60.95054,-20.03912,88.50002
10.02:  61.19882,-20.03262,88.50002
10.03:  61.45366,-20.02595,88.50002
10.05:  61.69629,-20.02044,88.70001
10.07:  61.93922,-20.01705,89.20001
10.08:  62.18953,-20.01574,89.7
10.1:  62.43959,-20.0188,90.70001
10.12:  62.68866,-20.02662,91.8
10.13:  62.93949,-20.04065,93.20001
10.15:  63.18823,-20.05848,94.10001
10.17:  63.43781,-20.08163,95.30001
10.18:  63.68812,-20.11281,97.10001
10.2:  63.93196,-20.15055,98.80001
10.22:  64.18019,-20.19925,101.1
10.23:  64.42221,-20.25781,103.6
10.25:  64.66895,-20.32116,104.4
10.27:  64.90703,-20.38495,105
10.28:  65.14624,-20.45264,105.8
10.3:  65.38615,-20.52645,107.1
10.32:  65.62523,-20.60505,108.2
10.33:  65.86006,-20.68913,109.7
10.35:  66.09235,-20.78252,111.9
10.37:  66.324,-20.88132,113.1
10.38:  66.5606,-20.99316,115.3
10.4:  66.77901,-21.10831,117.8
10.42:  66.99281,-21.23627,120.9
10.44:  67.19284,-21.36968,123.7
10.45:  67.40305,-21.52982,127.3
10.47:  67.60145,-21.68876,128.7
10.48:  67.77606,-21.8327,129.5
10.5:  67.9696,-21.99452,129.9
10.52:  68.15969,-22.15516,130.2
10.53:  68.35101,-22.31798,130.4
10.55:  68.53932,-22.47826,130.4
10.57:  68.7307,-22.64113,130.4
10.58:  68.921,-22.80308,130.4
10.6:  69.1113,-22.96504,130.4
10.62:  69.30273,-23.12797,130.4
10.63:  69.50103,-23.29674,130.4
10.65:  69.69177,-23.45906,130.4
10.67:  69.88427,-23.62523,130.8
10.68:  70.06339,-23.78594,131.9
10.7:  70.24602,-23.95447,132.7
10.72:  70.42658,-24.12522,133.4
10.73:  70.6076,-24.297,133.5
10.75:  70.78833,-24.4685,133.5
10.77:  70.97483,-24.64548,133.5
10.78:  71.15855,-24.81983,133.5
10.8:  71.33356,-24.9859,133.5
10.82:  71.51509,-25.15817,133.5
10.83:  71.69329,-25.32728,133.5
10.85:  71.87498,-25.4997,133.5
10.87:  72.05853,-25.67388,133.5
10.89:  72.23965,-25.84575,133.5
10.9:  72.43012,-26.02841,133.8
10.92:  72.60188,-26.19543,134.2
10.93:  72.77702,-26.36755,134.5
10.95:  72.954,-26.54639,135.3
10.97:  73.12435,-26.72466,136.3
10.98:  73.29266,-26.90834,137.5
11:  73.45703,-27.09676,138.9
11.02:  73.61784,-27.28976,140.2
11.03:  73.77545,-27.48649,141.3
11.05:  73.92707,-27.68126,142.1
11.07:  74.08263,-27.88107,142.1
11.08:  74.23388,-28.07537,142.1
11.1:  74.39752,-28.28634,142.2
11.12:  74.54978,-28.48334,142.3
11.13:  74.70604,-28.68771,142.6
11.15:  74.84924,-28.87637,142.8
11.17:  74.99899,-29.07582,143.1
11.18:  75.14519,-29.27196,143.3
11.2:  75.29113,-29.46991,143.6
11.22:  75.44068,-29.67576,144
11.23:  75.58581,-29.87698,144.2
11.25:  75.7329,-30.08244,144.4
11.27:  75.8755,-30.28162,144.4
11.28:  76.0205,-30.48415,144.4
11.3:  76.1656,-30.68682,144.4
11.32:  76.31219,-30.89158,144.4
11.33:  76.45768,-31.0948,144.4
11.35:  76.60315,-31.29798,144.4
11.37:  76.74789,-31.50015,144.4
11.38:  76.8944,-31.70481,144.4
11.4:  77.04025,-31.90852,144.4
11.42:  77.18533,-32.11118,144.4
11.43:  77.33183,-32.31579,144.4
11.45:  77.47561,-32.51662,144.4
11.47:  77.6228,-32.72221,144.4
11.48:  77.76861,-32.92588,144.4
11.5:  77.91669,-33.13272,144.4
11.52:  78.0637,-33.33805,144.4
11.53:  78.21099,-33.5438,144.4
11.55:  78.35276,-33.74181,144.4
11.57:  78.49701,-33.9433,144.4
11.58:  78.64106,-34.1445,144.4
11.6:  78.78712,-34.34853,144.4
11.62:  78.93339,-34.55282,144.4
11.63:  79.07806,-34.75491,144.4
11.65:  79.22491,-34.96001,144.4
11.67:  79.36942,-35.16187,144.4
11.68:  79.51572,-35.36623,144.4
11.7:  79.65941,-35.56693,144.4
11.72:  79.80557,-35.77183,144.5
11.73:  79.95804,-35.98877,144.9
11.75:  80.09097,-36.18147,145.4
11.77:  80.22964,-36.39099,146.5
11.78:  80.3634,-36.60094,147.5
11.8:  80.49198,-36.81493,149
11.82:  80.61134,-37.03384,151.4
11.83:  80.72704,-37.25517,152.4
11.85:  80.84772,-37.49305,153.1
11.87:  80.95471,-37.70953,153.7
11.88:  81.06134,-37.93408,154.6
11.9:  81.16241,-38.16217,156.1
11.92:  81.25935,-38.38834,156.8
11.94:  81.35683,-38.62023,157.2
11.95:  81.45894,-38.86433,157.3
11.97:  81.55274,-39.08857,157.3
11.98:  81.64996,-39.32214,157.4
12:  81.74129,-39.54593,157.8
12.02:  81.83511,-39.77695,157.9
12.03:  81.93402,-40.02179,158
12.05:  82.02581,-40.25012,158.1
12.07:  82.11553,-40.47788,158.5
12.08:  82.20735,-40.71708,159
12.1:  82.28987,-40.94016,159.7
12.12:  82.37144,-41.17179,160.6
12.14:  82.45354,-41.41159,161.1
12.15:  82.5367,-41.66157,161.6
12.17:  82.60934,-41.89058,162.4
12.18:  82.68002,-42.12468,163.2
12.2:  82.74847,-42.36659,164.2
12.22:  82.81555,-42.61868,165.1
12.23:  82.87389,-42.85802,166.3
12.25:  82.9296,-43.09549,166.8
12.27:  82.9851,-43.34793,167.6
12.28:  83.03489,-43.58421,168.1
12.3:  83.08308,-43.82763,168.8
12.32:  83.12852,-44.07275,169.5
12.33:  83.17159,-44.31956,170.1
12.35:  83.21241,-44.5661,170.6
12.37:  83.25284,-44.813,170.7
12.38:  83.29195,-45.05993,171
12.4:  83.32861,-45.30524,171.5
12.42:  83.36392,-45.55973,172.1
12.43:  83.39711,-45.80846,172.4
12.45:  83.42853,-46.05035,172.6
12.47:  83.46072,-46.30165,172.7
12.48:  83.49246,-46.55291,172.8
12.5:  83.52204,-46.79737,173.1
12.52:  83.55099,-47.04373,173.3
12.53:  83.57996,-47.29413,173.4
12.55:  83.60842,-47.54398,173.5
12.57:  83.63547,-47.78892,173.7
12.58:  83.6625,-48.0505,174.1
12.6:  83.68531,-48.28742,174.5
12.62:  83.70784,-48.53988,174.9
12.64:  83.7287,-48.78316,175.1
12.65:  83.74974,-49.05051,175.5
12.67:  83.76835,-49.30398,175.8
12.68:  83.78316,-49.53287,176.3
12.7:  83.79701,-49.78075,176.8
12.72:  83.8089,-50.03278,177.3
12.74:  83.81624,-50.27998,178.3
12.75:  83.81811,-50.54861,179.6
12.77:  83.81648,-50.78143,180.4
12.78:  83.80994,-51.03148,181.5
12.8:  83.79953,-51.27987,182.4
12.82:  83.78425,-51.52963,183.5
12.83:  83.76421,-51.77868,184.6
12.85:  83.73892,-52.02764,185.8
12.87:  83.71268,-52.28154,185.9
12.88:  83.68699,-52.52602,186
12.9:  83.65895,-52.7884,186.1
12.92:  83.63092,-53.0423,186.3
12.93:  83.60403,-53.28206,186.4
12.95:  83.57555,-53.53198,186.5
12.97:  83.54786,-53.77502,186.5
12.98:  83.52022,-54.01392,186.6
13:  83.49134,-54.26347,186.6
13.02:  83.46295,-54.50885,186.6
13.03:  83.43394,-54.75962,186.6
13.05:  83.4054,-55.00633,186.6
13.07:  83.37656,-55.25555,186.6
13.08:  83.348,-55.50237,186.6
13.1:  83.31878,-55.7511,186.7
13.12:  83.28963,-55.99928,186.7
13.13:  83.25958,-56.25503,186.7
13.15:  83.23109,-56.49757,186.7
13.18:  83.20158,-56.74876,186.7
13.2:  83.17246,-56.99661,186.7
13.22:  83.14338,-57.24419,186.7
13.23:  83.11376,-57.49634,186.7
13.25:  83.08324,-57.75233,186.8
13.27:  83.05207,-58.0137,186.8
13.29:  83.0246,-58.24405,186.8
13.3:  82.99329,-58.50284,186.9
13.32:  82.96411,-58.74391,186.9
13.33:  82.93356,-58.98924,187.1
13.35:  82.90223,-59.2272,187.5
13.37:  82.866,-59.47553,188.3
13.38:  82.82236,-59.73355,189.6
13.4:  82.76224,-59.97289,194.1
13.42:  82.68108,-60.19832,199.8
13.43:  82.56615,-60.42291,207.1
13.45:  82.42252,-60.62578,215.3
13.47:  82.25099,-60.80907,223.1
13.48:  82.05968,-60.96903,230.1
13.5:  81.84816,-61.11063,236.2
13.52:  81.63077,-61.22428,242.4
13.53:  81.40127,-61.32598,246.1
13.55:  81.16975,-61.41858,248.2
13.57:  80.93488,-61.5064,249.5
13.58:  80.69628,-61.59042,250.6
13.6:  80.45857,-61.66996,251.5
13.62:  80.22273,-61.74477,252.4
13.63:  79.98466,-61.81892,252.7
13.65:  79.74536,-61.89346,252.7
13.67:  79.50726,-61.96716,252.8
13.68:  79.269,-62.04091,252.8
13.7:  79.03156,-62.11441,252.8
13.72:  78.78785,-62.18985,252.8
13.73:  78.54978,-62.26355,252.8
13.75:  78.30305,-62.33992,252.8
13.77:  78.06323,-62.41416,252.8
13.78:  77.83071,-62.48614,252.8
13.8:  77.59184,-62.56008,252.8
13.82:  77.35928,-62.63207,252.8
13.83:  77.1171,-62.70611,253
13.85:  76.88029,-62.77671,253.4
13.87:  76.64031,-62.84552,254
13.88:  76.39976,-62.91223,254.5
13.9:  76.15603,-62.97663,255.2
13.92:  75.91576,-63.03654,256
13.93:  75.66773,-63.0938,257
13.95:  75.42457,-63.14815,257.4
13.97:  75.16971,-63.20419,257.6
13.98:  74.9342,-63.2551,257.8
14:  74.68911,-63.3072,258
14.02:  74.44249,-63.35782,258.4
14.04:  74.20435,-63.40584,258.6
14.05:  73.94098,-63.45799,258.8
14.07:  73.70538,-63.50464,258.8
14.08:  73.46292,-63.55221,258.9
14.1:  73.21612,-63.60018,259
14.12:  72.96283,-63.64804,259.3
14.13:  72.7184,-63.69379,259.4
14.15:  72.48302,-63.73783,259.4
14.17:  72.23756,-63.78377,259.4
14.19:  71.98177,-63.83164,259.4
14.2:  71.73195,-63.8784,259.4
14.22:  71.4996,-63.92146,259.5
14.23:  71.25584,-63.96663,259.5
14.25:  71.01212,-64.0118,259.5
14.27:  70.76514,-64.05758,259.5
14.28:  70.52091,-64.10284,259.5
14.3:  70.27374,-64.14866,259.5
14.32:  70.02874,-64.19406,259.5
14.33:  69.78272,-64.23966,259.5
14.35:  69.53746,-64.28512,259.5
14.37:  69.2868,-64.33157,259.5
14.38:  69.03242,-64.37872,259.5
14.4:  68.78684,-64.42423,259.5
14.42:  68.54218,-64.46914,259.6
14.43:  68.3028,-64.51264,259.7
14.45:  68.05611,-64.55659,259.9
14.47:  67.80209,-64.60001,260.3
14.48:  67.54898,-64.64236,260.5
14.5:  67.31715,-64.68033,260.7
14.52:  67.06997,-64.71992,260.9
14.53:  66.81966,-64.75912,261.1
14.55:  66.57759,-64.79702,261.1
14.57:  66.32911,-64.83593,261.1
14.58:  66.07408,-64.87587,261.1
14.6:  65.83017,-64.91406,261.1
14.62:  65.58822,-64.95195,261.1
14.63:  65.34119,-64.9902,261.2
14.65:  65.09492,-65.02832,261.2
14.67:  64.85062,-65.06614,261.2
14.68:  64.60551,-65.10408,261.2
14.7:  64.35088,-65.14304,261.3
14.72:  64.1097,-65.17909,261.5
14.73:  63.8606,-65.21499,261.8
14.75:  63.61403,-65.25008,261.9
14.77:  63.36757,-65.28428,262.1
14.78:  63.11836,-65.31841,262.2
14.8:  62.86548,-65.35171,262.5
14.82:  62.61084,-65.38478,262.6
14.83:  62.36063,-65.41817,262.4
14.85:  62.12032,-65.45237,261.9
14.87:  61.87717,-65.48697,261.9
14.88:  61.63242,-65.5218,261.9
14.9:  61.38177,-65.55748,261.9
14.92:  61.13707,-65.5923,261.9
14.93:  60.88966,-65.62752,261.9
14.95:  60.6396,-65.6631,261.9
14.97:  60.39607,-65.69776,261.9
14.98:  60.14511,-65.73348,261.9
15:  59.89992,-65.76837,261.9
15.02:  59.65414,-65.80335,261.9
15.03:  59.40375,-65.83899,261.9
15.05:  59.15715,-65.87408,261.9
15.07:  58.91056,-65.90918,261.9
15.08:  58.66335,-65.94437,261.9
15.1:  58.41567,-65.97961,261.9
15.12:  58.16887,-66.01474,261.9
15.13:  57.92179,-66.0499,261.9
15.15:  57.67381,-66.0852,261.9
15.17:  57.4261,-66.12045,261.9
15.18:  57.17828,-66.15308,262.5
15.2:  56.92749,-66.17899,264.1
15.22:  56.67974,-66.19154,267.1
15.23:  56.42849,-66.1876,270.9
15.25:  56.17726,-66.17179,273.6
15.27:  55.92812,-66.1434,276.5
15.28:  55.68375,-66.09634,280.9
15.3:  55.44281,-66.03716,283.8
15.32:  55.20394,-65.96413,287
15.33:  54.967,-65.87555,290.5001
15.35:  54.74173,-65.77288,294.5
15.37:  54.51995,-65.65447,298.1
15.38:  54.3138,-65.51225,304.6
15.4:  54.1137,-65.35815,307.6
15.42:  53.92567,-65.20038,310
15.43:  53.73869,-65.03261,311.9
15.45:  53.55714,-64.85972,313.6
15.47:  53.37809,-64.68254,314.7
15.48:  53.20241,-64.50439,315.4001
15.5:  53.03267,-64.32676,316.3
15.52:  52.86306,-64.14424,317.1
15.53:  52.69665,-63.95747,318.3
15.55:  52.53434,-63.76675,319.6
15.57:  52.3768,-63.5722,321
15.58:  52.22443,-63.37435,322.4
15.6:  52.07466,-63.17268,323.4
15.62:  51.93096,-62.96897,324.8
15.63:  51.78693,-62.75784,325.7
15.65:  51.65313,-62.55259,326.9
15.67:  51.52005,-62.33961,328
15.68:  51.38982,-62.12543,328.7
15.7:  51.26242,-61.91085,329.3
15.72:  51.13724,-61.69578,329.8
15.73:  51.01345,-61.47876,330.3
15.75:  50.89102,-61.26057,330.7
15.77:  50.76197,-61.02681,331.1
15.78:  50.64657,-60.81514,331.4
15.8:  50.53047,-60.59953,331.7
15.82:  50.41479,-60.38379,331.8
15.84:  50.2954,-60.16113,331.8
15.85:  50.16687,-59.92141,331.8
15.87:  50.05777,-59.71963,331.6
15.89:  49.93835,-59.4997,331.5
15.9:  49.80748,-59.26261,331.1
15.92:  49.69301,-59.06111,330.4
15.93:  49.56987,-58.85123,329.6
15.95:  49.44075,-58.63634,329
15.97:  49.31265,-58.42314,329
15.98:  49.18157,-58.20499,329
16:  49.05527,-57.99479,329
16.02:  48.92413,-57.77654,329
16.03:  48.79726,-57.56371,329.2
16.05:  48.66891,-57.34669,329.4
16.07:  48.54147,-57.12683,329.9
16.08:  48.41951,-56.91128,330.5
16.1:  48.29513,-56.68596,331.1
16.12:  48.18063,-56.4733,331.7
16.13:  48.06282,-56.24986,332.2
16.15:  47.94991,-56.02826,333
16.17:  47.83933,-55.80452,333.7
16.19:  47.73125,-55.57692,334.6
16.2:  47.61354,-55.31741,335.6
16.22:  47.52762,-55.12352,336.1
16.23:  47.42728,-54.89494,336.3
16.25:  47.32581,-54.66158,336.5
16.27:  47.22881,-54.43525,336.8
16.28:  47.13131,-54.20555,337
16.3:  47.03475,-53.97472,337.3
16.32:  46.94077,-53.74327,337.9
16.33:  46.84886,-53.51233,338.3
16.35:  46.75809,-53.28072,338.6
16.37:  46.66859,-53.04756,339
16.38:  46.5784,-52.8101,339.2
16.4:  46.49211,-52.57933,339.5
16.42:  46.40518,-52.34432,339.7
16.43:  46.3196,-52.11047,339.9
16.45:  46.23306,-51.87399,339.9
16.47:  46.14715,-51.63795,340
16.48:  46.06171,-51.40319,340
16.5:  45.97657,-51.16801,340.1
16.52:  45.89152,-50.93305,340.1
16.53:  45.80657,-50.6971,340.2
16.55:  45.72318,-50.46547,340.2
16.57:  45.63841,-50.23002,340.2
16.58:  45.55299,-49.99275,340.2
16.6:  45.46815,-49.75709,340.2
16.62:  45.38438,-49.52441,340.2
16.63:  45.29907,-49.28746,340.2
16.65:  45.21189,-49.04531,340.2
16.67:  45.12645,-48.80798,340.2
16.68:  45.0434,-48.5773,340.2
16.7:  44.95901,-48.34292,340.2
16.72:  44.87545,-48.11081,340.2
16.73:  44.79079,-47.87564,340.2
16.75:  44.70723,-47.64355,340.2
16.77:  44.62281,-47.40648,340.4
16.78:  44.53956,-47.17139,340.5
16.8:  44.45726,-46.93506,340.8
16.82:  44.37561,-46.69793,341
16.83:  44.29513,-46.46286,341.1
16.85:  44.21463,-46.22638,341.2
16.87:  44.13609,-45.98752,341.8
16.88:  44.06121,-45.7471,342.7
16.9:  43.9902,-45.50738,343.5
16.92:  43.92301,-45.26833,344.3
16.93:  43.8563,-45.0245,344.7
16.95:  43.7914,-44.78057,345.1
16.97:  43.72804,-44.53907,345.3
16.98:  43.66567,-44.30133,345.3
17:  43.60395,-44.05919,345.7
17.02:  43.544,-43.81137,346.4
17.04:  43.48951,-43.56958,347.3
17.05:  43.43882,-43.31358,348.8
17.07:  43.39569,-43.06647,350.1
17.08:  43.35569,-42.82217,350.7
17.1:  43.31984,-42.57939,351.6
17.12:  43.28646,-42.33573,352.2
17.13:  43.25309,-42.08561,352.4
17.15:  43.22062,-41.84232,352.4
17.17:  43.18794,-41.59739,352.4
17.18:  43.15487,-41.3495,352.4
17.2:  43.12186,-41.10207,352.4
17.22:  43.08902,-40.85599,352.4
17.23:  43.05571,-40.60632,352.4
17.25:  43.02271,-40.35899,352.4
17.27:  42.98978,-40.11224,352.4
17.28:  42.95583,-39.86433,352.2
17.3:  42.9196,-39.61602,351.7
17.32:  42.87845,-39.37011,350.5
17.33:  42.83103,-39.11914,349.3
17.35:  42.78063,-38.87578,348.3
17.37:  42.72296,-38.62193,347.2
17.38:  42.66816,-38.3883,346.8
17.4:  42.60987,-38.14552,346.5
17.42:  42.55073,-37.90104,346.4
17.43:  42.49127,-37.65896,346.2
17.45:  42.43081,-37.41645,346
17.47:  42.36783,-37.17468,345.4
17.48:  42.2972,-36.93314,343.7
17.5:  42.22409,-36.69551,342.9
17.52:  42.14801,-36.45853,342.2
17.53:  42.0695,-36.22116,341.7
17.55:  41.99017,-35.98407,341.5
17.57:  41.91055,-35.74745,341.4
17.58:  41.83022,-35.51283,341.1
17.6:  41.74757,-35.27551,340.8
17.62:  41.66323,-35.03866,340.4
17.63:  41.57652,-34.80296,339.8
17.65:  41.49002,-34.57285,339.4
17.67:  41.39939,-34.33797,338.9
17.68:  41.30737,-34.10791,338.2
17.7:  41.20815,-33.87416,337
17.72:  41.09952,-33.65144,334
17.73:  40.9772,-33.42986,331.1
17.75:  40.84496,-33.21573,328.3
17.77:  40.69148,-32.98905,325.9
17.78:  40.55241,-32.79973,323.7
17.8:  40.39965,-32.61572,320.3
17.82:  40.22552,-32.43977,315.3
17.83:  40.04218,-32.2688,313
17.85:  39.85337,-32.10234,311.4
17.87:  39.6646,-31.94168,310.4
17.88:  39.46944,-31.77908,309.8
17.9:  39.27766,-31.62543,308.7
17.92:  39.07353,-31.47439,306.5
17.93:  38.87048,-31.33327,304.8
17.95:  38.66207,-31.19532,303.5
17.97:  38.45382,-31.06059,302.9
17.98:  38.24186,-30.92399,302.8
18:  38.0328,-30.78926,302.8
18.02:  37.82503,-30.65537,302.8
18.03:  37.61361,-30.51911,302.8
18.05:  37.40496,-30.38465,302.8
18.07:  37.1906,-30.24598,302.9
18.08:  36.98371,-30.11162,303
18.1:  36.77351,-29.97512,303
18.12:  36.5656,-29.84009,303
18.13:  36.35321,-29.70216,303
18.15:  36.13869,-29.56285,303
18.17:  35.93377,-29.42977,303
18.18:  35.71769,-29.28945,303
18.2:  35.50612,-29.15206,303
18.22:  35.29828,-29.01708,303
18.23:  35.09099,-28.88604,302.3
18.25:  34.87035,-28.75399,300.9
18.27:  34.66121,-28.63949,298.7
18.28:  34.43572,-28.52608,296.7
18.3:  34.21007,-28.42514,294.1
18.32:  33.97631,-28.33353,291.4
18.33:  33.72406,-28.2631,285.6
18.35:  33.48123,-28.2106,282.2
18.37:  33.23134,-28.16609,280.1
18.38:  32.99821,-28.12875,279.1
18.4:  32.74957,-28.09114,278.6
18.42:  32.50627,-28.05435,278.6
18.43:  32.26012,-28.01712,278.6
18.45:  32.01111,-27.97946,278.6
18.47:  31.76447,-27.94216,278.6
18.48:  31.51749,-27.90481,278.6
18.5:  31.27125,-27.86757,278.6
18.52:  31.02287,-27.83001,278.6
18.53:  30.77596,-27.79266,278.6
18.55:  30.52427,-27.7546,278.6
18.57:  30.27893,-27.71574,279
18.58:  30.03374,-27.67383,279.7
18.6:  29.78623,-27.63019,280
18.62:  29.53509,-27.5859,280
18.63:  29.29157,-27.54296,280
18.65:  29.04942,-27.50027,280
18.67:  28.80285,-27.45679,280
18.68:  28.55733,-27.4135,280
18.7:  28.31065,-27.37,280
18.72:  28.0658,-27.32683,280
18.73:  27.81281,-27.28313,279.8
18.75:  27.56954,-27.24198,279.6
18.77:  27.32261,-27.20022,279.6
18.78:  27.07689,-27.15866,279.6
18.8:  26.83006,-27.11691,279.6
18.82:  26.58521,-27.07549,279.6
18.83:  26.33945,-27.03437,279.5
18.85:  26.09292,-26.99311,279.5
18.87:  25.84683,-26.95237,279.4
18.88:  25.59958,-26.91144,279.4
18.9:  25.35408,-26.8708,279.4
18.92:  25.10693,-26.82988,279.4
18.93:  24.85971,-26.78896,279.4
18.95:  24.61335,-26.74817,279.4
18.97:  24.36401,-26.70689,279.4
18.98:  24.11703,-26.66601,279.4
19:  23.87315,-26.62563,279.4
19.02:  23.62465,-26.58449,279.4
19.03:  23.37813,-26.54368,279.4
19.05:  23.13213,-26.50296,279.4
19.07:  22.88227,-26.46204,279.3
19.08:  22.63824,-26.42252,279.2
19.1:  22.38956,-26.38357,278.9
19.12:  22.14127,-26.34647,278.5
19.14:  21.89452,-26.31003,278.4
19.15:  21.63444,-26.27209,278.3
19.17:  21.38992,-26.23642,278.3
19.19:  21.14627,-26.20087,278.3
19.2:  20.89336,-26.16443,278.2
19.22:  20.661,-26.13094,278.2
19.23:  20.41474,-26.09546,278.2
19.25:  20.16652,-26.06013,278.1
19.27:  19.91736,-26.02511,278
19.28:  19.6711,-25.99138,277.8
19.3:  19.42153,-25.95808,277.6
19.32:  19.17398,-25.92549,277.5
19.33:  18.92686,-25.89339,277.4
19.35:  18.67804,-25.86152,277.3
19.37:  18.43148,-25.82993,277.3
19.38:  18.17973,-25.79813,277.2
19.4:  17.92572,-25.76604,277.2
19.42:  17.67296,-25.73411,277.2
19.44:  17.42739,-25.70309,277.2
19.45:  17.17746,-25.67151,277.2
19.47:  16.93822,-25.64214,277
19.48:  16.68568,-25.61426,276.3
19.5:  16.4398,-25.59015,275.6
19.52:  16.19597,-25.56967,274.8
19.53:  15.94073,-25.55138,274.1
19.55:  15.69439,-25.53674,273.4
19.57:  15.44359,-25.52535,272.6
19.58:  15.19248,-25.52229,270.7
19.6:  14.93917,-25.52627,269.1
19.62:  14.68115,-25.53798,267.4
19.63:  14.43674,-25.5555,265.9
19.65:  14.20017,-25.5787,264.4
19.67:  13.95133,-25.60705,263.5
19.68:  13.70389,-25.63875,262.7
19.7:  13.4566,-25.67043,262.7
19.72:  13.20867,-25.70219,262.7
19.73:  12.96045,-25.73398,262.7
19.75:  12.714,-25.76555,262.7
19.77:  12.46292,-25.79772,262.7
19.78:  12.21515,-25.82946,262.7
19.8:  11.96557,-25.86143,262.7
19.82:  11.71366,-25.8937,262.7
19.83:  11.46591,-25.92544,262.7
19.85:  11.22166,-25.95673,262.7
19.87:  10.97182,-25.98652,263.2
19.88:  10.72095,-26.01333,263.9
19.9:  10.47722,-26.03637,264.6
19.92:  10.22875,-26.05462,265.8
19.93:  9.972848,-26.07161,266.2
19.95:  9.725619,-26.08717,266.4
19.97:  9.470452,-26.10233,266.6
19.98:  9.226264,-26.11555,266.9
20:  8.975204,-26.12695,267.4
20.02:  8.72985,-26.13423,268.3
20.03:  8.476431,-26.13954,268.8
20.05:  8.230288,-26.14255,269.3
20.07:  7.980246,-26.14473,269.5
20.08:  7.732785,-26.14689,269.5
20.1:  7.477575,-26.14867,269.6
20.12:  7.228102,-26.14824,270.1
20.13:  6.978393,-26.14693,270.3
20.15:  6.731554,-26.14521,270.4
20.17:  6.483189,-26.14347,270.4
20.2:  6.229198,-26.1417,270.4
20.22:  5.979859,-26.13996,270.4
20.23:  5.731275,-26.13822,270.4
20.25:  5.477967,-26.13557,270.6
20.27:  5.227795,-26.13208,270.8
20.28:  4.964944,-26.12611,271.3
20.3:  4.727733,-26.11907,271.7
20.32:  4.480305,-26.1087,272.4
20.34:  4.229488,-26.09072,274.1
20.35:  3.972152,-26.05867,277.1
20.37:  3.731446,-26.01275,280.8
20.38:  3.484366,-25.94747,284.8
20.4:  3.252527,-25.86583,289.4
20.42:  3.030838,-25.77173,293
20.43:  2.805998,-25.65418,297.6
20.45:  2.59072,-25.52788,300.4
20.47:  2.385354,-25.38936,304
20.48:  2.193073,-25.23198,309.3
20.5:  2.019164,-25.05063,316.2
20.52:  1.871275,-24.85003,323.6
20.53:  1.762274,-24.62355,334.3
20.55:  1.67784,-24.38773,340.3
20.57:  1.61718,-24.14623,345.9
20.58:  1.576939,-23.9005,350.7
20.6:  1.556848,-23.65079,355.4
20.62:  1.548049,-23.39881,358
20.63:  1.544559,-23.14884,359.2
20.65:  1.541048,-22.89744,359.2
20.67:  1.537643,-22.65354,359.2
20.68:  1.534061,-22.39707,359.2
20.7:  1.530621,-22.15067,359.2
20.72:  1.527071,-21.89643,359.2
20.73:  1.523646,-21.65116,359.2
20.75:  1.520111,-21.39802,359.2
20.77:  1.516663,-21.15106,359.2
20.78:  1.513095,-20.89552,359.2
20.8:  1.50969,-20.65167,359.2
20.82:  1.506144,-20.39771,359.2
20.83:  1.502215,-20.14761,359.1
20.85:  1.497427,-19.89821,358.9
20.87:  1.492175,-19.64751,358.8
20.88:  1.486991,-19.40002,358.8
20.9:  1.481748,-19.14971,358.8
20.92:  1.475683,-18.90155,358.6
20.93:  1.468677,-18.65072,358.4
20.95:  1.461282,-18.40156,358.3
20.97:  1.453315,-18.14804,358.2
20.98:  1.444242,-17.90061,357.9
21:  1.434272,-17.65238,357.7
21.02:  1.42383,-17.40323,357.6
21.03:  1.413261,-17.15107,357.6
21.05:  1.402605,-16.89681,357.6
21.07:  1.3928,-16.65269,357.7
21.09:  1.382622,-16.39928,357.7
21.1:  1.372354,-16.14362,357.7
21.12:  1.362754,-15.89373,357.8
21.14:  1.353832,-15.65041,357.9
21.15:  1.344589,-15.38571,358
21.17:  1.336694,-15.14772,358.1
21.18:  1.328557,-14.8888,358.2
21.2:  1.321131,-14.65252,358.2
21.22:  1.313186,-14.39967,358.2
21.23:  1.30548,-14.15446,358.2
21.25:  1.297488,-13.90017,358.2
21.27:  1.289392,-13.64254,358.2
21.28:  1.28163,-13.39555,358.2
21.3:  1.274042,-13.15409,358.2
21.32:  1.266247,-12.90605,358.2
21.33:  1.258411,-12.6567,358.2
21.35:  1.250503,-12.40504,358.2
21.37:  1.242667,-12.15573,358.2
21.38:  1.234838,-11.90658,358.2
21.4:  1.227321,-11.65331,358.3
21.42:  1.220025,-11.40749,358.3
21.43:  1.212597,-11.15718,358.3
21.45:  1.205155,-10.90647,358.3
21.47:  1.197355,-10.64364,358.3
21.48:  1.190159,-10.40119,358.3
21.5:  1.182799,-10.15319,358.3
21.52:  1.175427,-9.904814,358.3
21.54:  1.167945,-9.652715,358.3
21.55:  1.160226,-9.392621,358.3
21.57:  1.153029,-9.150126,358.3
21.58:  1.145626,-8.900683,358.3
21.6:  1.138299,-8.653799,358.3
21.62:  1.130899,-8.404472,358.3
21.63:  1.12353,-8.156186,358.3
21.65:  1.115946,-7.900652,358.3
21.67:  1.108689,-7.656148,358.3
21.68:  1.101198,-7.403723,358.3
21.7:  1.093856,-7.156341,358.3
21.72:  1.08682,-6.904451,358.4
21.73:  1.081622,-6.656312,358.8
21.75:  1.078095,-6.403702,359.2
21.77:  1.075521,-6.157874,359.4
21.78:  1.073334,-5.907266,359.5
21.8:  1.071588,-5.657278,359.6
21.82:  1.069855,-5.409051,359.6
21.83:  1.0681,-5.157538,359.6
21.85:  1.066364,-4.908959,359.6
21.87:  1.064629,-4.660426,359.6
21.88:  1.062871,-4.408584,359.6
21.9:  1.061115,-4.157008,359.6
21.92:  1.059382,-3.908832,359.6
21.93:  1.05763,-3.657865,359.6
21.95:  1.055871,-3.405811,359.6
21.97:  1.054033,-3.142583,359.6
21.98:  1.052312,-2.896082,359.6
22:  1.050609,-2.652081,359.6
22.02:  1.048905,-2.408099,359.6
22.03:  1.047138,-2.154887,359.6
22.05:  1.045405,-1.906652,359.6
22.07:  1.043548,-1.64069,359.6
22.08:  1.041828,-1.394309,359.6
22.1:  1.040156,-1.154824,359.6
22.12:  1.038392,-0.9020558,359.6
22.13:  1.036654,-0.6531278,359.6
22.15:  1.03493,-0.4061799,359.6
22.17:  1.033203,-0.1588269,359.6
22.18:  1.031455,0.09151997,359.6
22.2:  1.02972,0.3401419,359.6
22.22:  1.027962,0.5919138,359.6
22.23:  1.026228,0.8402672,359.6
22.25:  1.024472,1.091834,359.6
22.27:  1.022735,1.34073,359.6
22.28:  1.020977,1.592517,359.6
22.3:  1.019225,1.843389,359.6
22.32:  1.017426,2.101195,359.6
22.33:  1.016159,2.343076,359.7
22.35:  1.015717,2.596278,359.9
22.37:  1.016587,2.845347,0.2000188
22.38:  1.019202,3.095072,0.6000189
22.4:  1.024969,3.349168,1.300019
22.42:  1.034982,3.598484,2.300019
22.43:  1.059938,3.844169,5.800019
22.45:  1.1011,4.090142,9.500019
22.47:  1.157855,4.332118,13.20002
22.48:  1.225948,4.57116,15.90002
22.5:  1.301465,4.810668,17.50002
22.52:  1.380869,5.047982,18.50002
22.53:  1.466214,5.285038,19.80002
22.55:  1.552695,5.518826,20.30002
22.57:  1.643459,5.755274,21.00002
22.58:  1.733646,5.981902,21.70002
22.6:  1.830401,6.216649,22.40002
22.62:  1.926989,6.443095,23.10002
22.63:  2.03189,6.675426,24.30002
22.65:  2.137605,6.898061,25.40002
22.67:  2.249277,7.122039,26.50002
22.68:  2.363284,7.341981,27.40002
22.7:  2.483291,7.565794,28.20002
22.72:  2.601695,7.781169,28.80002
22.73:  2.724687,7.999445,29.40002
22.75:  2.853277,8.216879,30.60002
22.77:  2.983835,8.428268,31.70002
22.78:  3.119568,8.639695,32.70002
22.8:  3.25938,8.846975,34.00002
22.82:  3.403969,9.051942,35.20002
22.84:  3.553873,9.253788,36.60003
22.85:  3.719318,9.461037,38.60002
22.87:  3.869532,9.638791,40.20002
22.88:  4.040139,9.822387,42.90002
22.9:  4.216894,9.99669,45.40002
22.92:  4.404327,10.16428,48.20002
22.93:  4.596981,10.32309,50.50002
22.95:  4.801095,10.47802,52.80002
22.97:  5.002081,10.61461,55.80002
22.98:  5.212663,10.74619,58.00002
23:  5.428683,10.87344,59.50002
23.02:  5.646625,10.99524,60.80001
23.03:  5.87087,11.11548,61.80002
23.05:  6.088184,11.23006,62.20002
23.07:  6.314417,11.34682,62.70002
23.08:  6.533686,11.45615,63.50002
23.1:  6.763015,11.56455,64.70003
23.12:  6.988536,11.66449,66.10002
23.13:  7.220659,11.75969,67.70003
23.15:  7.455297,11.85117,68.70003
23.17:  7.688372,11.93785,69.60003
23.18:  7.925606,12.02093,70.70004
23.2:  8.15997,12.10163,71.00005
23.22:  8.401963,12.18495,71.00005
23.24:  8.632382,12.26384,71.10004
23.25:  8.883247,12.34973,71.10004
23.27:  9.112069,12.42807,71.10004
23.29:  9.354956,12.51123,71.10004
23.3:  9.586887,12.59019,71.20004
23.32:  9.820481,12.66925,71.30004
23.33:  10.05756,12.7495,71.30004
23.35:  10.29104,12.82853,71.30004
23.37:  10.52968,12.9093,71.30004
23.38:  10.76226,12.98803,71.30004
23.4:  10.99926,13.06825,71.30004
23.42:  11.23437,13.14783,71.30004
23.43:  11.47317,13.22866,71.30004
23.45:  11.70845,13.3083,71.30004
23.47:  11.94853,13.38956,71.30004
23.48:  12.18134,13.46836,71.30004
23.5:  12.4193,13.5489,71.30004
23.52:  12.65533,13.6288,71.30004
23.53:  12.8963,13.71036,71.30004
23.55:  13.13081,13.78973,71.30004
23.57:  13.36857,13.87021,71.30004
23.58:  13.60402,13.94991,71.30004
23.6:  13.84367,14.03103,71.30004
23.62:  14.081,14.11136,71.30004
23.64:  14.3164,14.19104,71.30004
23.65:  14.5675,14.27603,71.30004
23.67:  14.79249,14.35218,71.30004
23.68:  15.0276,14.43176,71.30004
23.7:  15.26466,14.512,71.30004
23.72:  15.51177,14.59564,71.30004
23.73:  15.74568,14.67482,71.30004
23.75:  15.97998,14.75412,71.30004
23.77:  16.21247,14.83282,71.30004
23.78:  16.44968,14.91311,71.30004
23.8:  16.68329,14.99218,71.30004
23.82:  16.9196,15.07217,71.30004
23.83:  17.15469,15.15174,71.30004
23.85:  17.39262,15.23227,71.30004
23.87:  17.63031,15.31134,71.60004
23.88:  17.87257,15.39006,72.00005
23.9:  18.10703,15.46353,72.60004
23.92:  18.34546,15.53598,73.10004
23.93:  18.58531,15.60611,73.70005
23.95:  18.82959,15.67248,74.80005
23.97:  19.07011,15.73022,76.50005
23.98:  19.31604,15.78205,78.10004
24:  19.56394,15.82979,79.10004
24.02:  19.80858,15.87424,79.70005
24.04:  20.06837,15.92099,79.80004
24.05:  20.31069,15.96415,79.90005
24.07:  20.54989,16.00676,79.90005
24.09:  20.79185,16.04986,79.90005
24.1:  21.04564,16.09415,80.10005
24.12:  21.29446,16.13713,80.20005
24.14:  21.53917,16.17852,80.40004
24.15:  21.79242,16.22045,80.60004
24.17:  22.02849,16.25784,81.00004
24.18:  22.27398,16.29584,81.20004
24.2:  22.52102,16.33276,81.50004
24.22:  22.76854,16.36887,81.70004
24.23:  23.01311,16.40324,82.00004
24.25:  23.26178,16.4373,82.20004
24.27:  23.50868,16.46981,82.50005
24.28:  23.76006,16.50112,82.90004
24.3:  24.00591,16.53,83.30004
24.32:  24.25464,16.5579,83.60004
24.33:  24.50647,16.58082,84.80003
24.35:  24.75112,16.59878,85.80004
24.37:  24.99987,16.61312,86.70004
24.39:  25.2599,16.62402,87.60004
24.4:  25.51333,16.63066,88.50004
24.42:  25.75813,16.63151,89.80003
24.43:  26.01215,16.62398,91.70004
24.45:  26.25459,16.60915,93.50004
24.47:  26.49993,16.58898,94.70004
24.48:  26.75188,16.56249,96.00005
24.5:  27.00123,16.53055,97.30004
24.52:  27.24495,16.49195,99.00004
24.53:  27.49018,16.44072,101.8
24.55:  27.73293,16.38199,103.6
24.57:  27.97276,16.31593,105.4
24.58:  28.20987,16.24072,107.6
24.6:  28.44836,16.15673,109.4
24.62:  28.67877,16.0655,111.6
24.63:  28.90722,15.96091,114.6
24.65:  29.13181,15.84991,116.3
24.67:  29.34988,15.73347,118.1001
24.68:  29.56933,15.60982,119.4
24.7:  29.78582,15.48178,120.6001
24.72:  29.99813,15.34963,121.9
24.73:  30.20657,15.21219,123.4
24.75:  30.41219,15.0735,124.0001
24.77:  30.6181,14.93357,124.2
24.78:  30.82806,14.79034,124.3
24.8:  31.03145,14.65108,124.4001
24.82:  31.23871,14.5081,124.6
24.83:  31.44379,14.36556,124.8
24.85:  31.64633,14.22322,125.1001
24.87:  31.85329,14.07559,125.5001
24.88:  32.05332,13.93079,125.9
24.9:  32.25569,13.78159,126.4
24.92:  32.45428,13.63249,126.9
24.93:  32.65583,13.47839,127.4
24.95:  32.85369,13.32657,127.5
24.97:  33.04986,13.17604,127.5
24.98:  33.24809,13.02393,127.5
25:  33.44915,12.86966,127.5
25.02:  33.64587,12.71871,127.5
25.03:  33.8418,12.56836,127.5
25.05:  34.0422,12.41459,127.5
25.07:  34.23838,12.26405,127.5
25.08:  34.43799,12.11033,127.6
25.1:  34.63555,11.95709,127.8
25.12:  34.83257,11.80316,128
25.13:  35.02816,11.64925,128.2
25.15:  35.22571,11.49211,128.5
25.17:  35.41963,11.3373,128.6001
25.18:  35.61499,11.18023,128.8
25.2:  35.80871,11.02392,128.9
25.22:  36.00343,10.86567,129.1001
25.23:  36.19498,10.70777,129.5
25.25:  36.38867,10.54234,130.5001
25.27:  36.57343,10.36945,133.1001
25.29:  36.74515,10.19162,136
25.3:  36.94457,9.964632,138.7001
25.32:  37.06795,9.810071,141.4001
25.33:  37.2153,9.608746,143.8
25.35:  37.35471,9.401274,146.1
25.37:  37.48707,9.191102,147.8
25.39:  37.61174,8.972533,150.3
25.4:  37.73919,8.73876,151.4001
25.42:  37.84813,8.524026,153.1001
25.43:  37.95274,8.307638,154.2
25.45:  38.06017,8.076197,155.1001
25.47:  38.17085,7.827612,156.0001
25.48:  38.26332,7.612876,156.7
25.5:  38.35553,7.392456,157.3
25.52:  38.45081,7.162431,157.5
25.53:  38.54648,6.931469,157.5
25.55:  38.64194,6.701005,157.5
25.57:  38.73787,6.469402,157.5
25.58:  38.83341,6.238756,157.5
25.6:  38.92904,6.007872,157.5
25.62:  39.02504,5.776102,157.5
25.63:  39.12125,5.546112,157.3
25.65:  39.21976,5.312903,157.1001
25.67:  39.31694,5.083957,157.0001
25.68:  39.41496,4.85415,156.9001
25.7:  39.51336,4.623478,156.9001
25.72:  39.61142,4.393567,156.9001
25.74:  39.7127,4.156129,156.9001
25.75:  39.81041,3.927037,156.9001
25.77:  39.90832,3.697495,156.9001
25.79:  40.01098,3.456799,156.9001
25.8:  40.10406,3.234292,157.3
25.82:  40.19521,3.01314,157.6001
25.83:  40.2909,2.775115,158.1001
25.85:  40.38163,2.545954,158.4001
25.87:  40.47239,2.313173,158.7
25.89:  40.55938,2.081727,159.4
25.9:  40.64831,1.840019,159.8
25.92:  40.72854,1.612187,160.6001
25.93:  40.80981,1.373468,161.2
25.95:  40.88746,1.135903,161.9
25.97:  40.96269,0.8943533,162.7001
25.98:  41.03105,0.6559493,164.0001
26:  41.09696,0.415038,164.7001
26.02:  41.16209,0.1769465,164.7001
26.03:  41.22768,-0.06280012,164.7001
26.05:  41.29385,-0.3046881,164.7001
26.07:  41.36039,-0.5479085,164.7001
26.08:  41.42563,-0.7864008,164.7001
26.1:  41.49214,-1.029518,164.7001
26.12:  41.55837,-1.271596,164.7001
26.14:  41.62605,-1.519011,164.7001
26.15:  41.69241,-1.761595,164.7001
26.17:  41.75801,-2.001393,164.7001
26.18:  41.82266,-2.237698,164.7001
26.2:  41.88961,-2.482433,164.7001
26.22:  41.95444,-2.721036,164.8
26.24:  42.02291,-2.974789,164.9001
26.25:  42.08634,-3.209872,164.9001
26.27:  42.15011,-3.44623,164.9001
26.28:  42.21403,-3.683108,164.9001
26.3:  42.27886,-3.923406,164.9001
26.32:  42.34481,-4.167818,164.9001
26.33:  42.40903,-4.405815,164.9001
26.35:  42.47416,-4.648911,165
26.37:  42.53835,-4.888465,165
26.38:  42.60324,-5.132334,165.1001
26.4:  42.66684,-5.373065,165.2001
26.42:  42.73104,-5.619523,165.4001
26.43:  42.79258,-5.859208,165.6001
26.45:  42.85365,-6.098789,165.7
26.47:  42.91423,-6.343599,166.1001
26.48:  42.97319,-6.591059,166.6001
26.5:  43.02882,-6.832009,167
26.52:  43.0825,-7.076163,167.6001
26.54:  43.13099,-7.321095,168.8
26.55:  43.17634,-7.575657,169.9001
26.57:  43.21367,-7.814034,171.1001
26.59:  43.24943,-8.071754,172.1001
26.6:  43.28199,-8.322502,172.6001
26.62:  43.31163,-8.56049,172.9001
26.63:  43.34385,-8.819101,172.9001
26.65:  43.37365,-9.058337,172.9001
26.67:  43.4045,-9.30609,172.9001
26.68:  43.43436,-9.552841,173.1001
26.7:  43.46323,-9.802306,173.4001
26.72:  43.49068,-10.04703,173.6001
26.73:  43.51794,-10.29399,173.7
26.75:  43.5452,-10.54085,173.7
26.77:  43.57245,-10.78769,173.7
26.78:  43.60005,-11.03769,173.7
26.8:  43.62714,-11.2871,173.8
26.82:  43.65382,-11.53673,173.9
26.83:  43.68006,-11.78641,174.0001
26.85:  43.7056,-12.03356,174.1001
26.87:  43.7294,-12.28068,174.5
26.88:  43.75195,-12.53339,174.9001
26.9:  43.77105,-12.78165,175.6001
26.92:  43.78669,-13.03012,176.4
26.94:  43.79803,-13.27989,177.4001
26.95:  43.80919,-13.54623,177.6001
26.97:  43.81939,-13.7897,177.6001
26.98:  43.82868,-14.03139,177.8
27:  43.8375,-14.28391,178
27.02:  43.8449,-14.53348,178.3
27.03:  43.85012,-14.78235,178.8
27.05:  43.85362,-15.03348,179.2001
27.07:  43.85663,-15.27976,179.3
27.09:  43.8588,-15.52778,179.5
27.1:  43.86018,-15.79168,179.7001
27.12:  43.86142,-16.02843,179.7001
27.13:  43.86273,-16.27991,179.7001
27.15:  43.86404,-16.52911,179.7001
27.17:  43.86534,-16.7776,179.7001
27.18:  43.86621,-17.02821,179.8
27.2:  43.86708,-17.27611,179.8
27.22:  43.86795,-17.5277,179.8
27.25:  43.86882,-17.77604,179.8
27.27:  43.86971,-18.02959,179.8
27.28:  43.87057,-18.27567,179.8
27.3:  43.87144,-18.5267,179.8
27.32:  43.87231,-18.77689,179.8
27.33:  43.8732,-19.02973,179.8
27.35:  43.87407,-19.27823,179.8
27.37:  43.87496,-19.53432,179.8
27.39:  43.87582,-19.78005,179.8
27.4:  43.87764,-20.04131,179.6001
27.42:  43.88018,-20.28394,179.4001
27.43:  43.8836,-20.52888,179.2001
27.45:  43.88754,-20.77994,179.1001
27.47:  43.89292,-21.03653,178.8
27.48:  43.89936,-21.28245,178.5001
27.5:  43.9058,-21.52834,178.5001
27.52:  43.91331,-21.78147,178.3
27.54:  43.92274,-22.02686,177.8
27.55:  43.93571,-22.29222,177.2001
27.57:  43.94937,-22.54431,176.9
27.58:  43.96288,-22.77859,176.7001
27.6:  43.97758,-23.02618,176.6001
27.62:  43.99284,-23.27556,176.5001
27.63:  44.00821,-23.52688,176.5001
27.65:  44.02323,-23.77244,176.5001
27.67:  44.03854,-24.02282,176.5001
27.68:  44.05389,-24.27387,176.5001
27.7:  44.06928,-24.5254,176.5001
27.72:  44.08464,-24.77647,176.5001
27.73:  44.09961,-25.02134,176.5001
27.75:  44.11463,-25.2741,176.6001
27.77:  44.12961,-25.52624,176.6001
27.78:  44.14366,-25.76993,176.7001
27.8:  44.15814,-26.0211,176.7001
27.82:  44.17266,-26.27288,176.7001
27.83:  44.18687,-26.51931,176.7001
27.85:  44.20129,-26.76937,176.7001
27.87:  44.2163,-27.02979,176.7001
27.88:  44.23077,-27.28064,176.7001
27.9:  44.24467,-27.52182,176.7001
27.92:  44.25899,-27.7702,176.7001
27.94:  44.27364,-28.02423,176.7001
27.95:  44.28848,-28.28164,176.7001
27.97:  44.30211,-28.51807,176.7001
27.98:  44.31648,-28.76729,176.7001
28:  44.33084,-29.01635,176.7001
28.02:  44.3453,-29.26711,176.7001
28.03:  44.3598,-29.51858,176.7001
28.05:  44.37416,-29.76755,176.7001
28.07:  44.38853,-30.01681,176.7001
28.08:  44.40345,-30.2756,176.7001
28.1:  44.41764,-30.52172,176.7001
28.12:  44.43176,-30.76648,176.7001
28.13:  44.44607,-31.01481,176.7001
28.15:  44.46048,-31.26468,176.7001
28.17:  44.47498,-31.51617,176.7001
28.18:  44.48916,-31.76209,176.7001
28.2:  44.50378,-32.01572,176.7001
28.22:  44.51804,-32.26287,176.7001
28.23:  44.53304,-32.52312,176.7001
28.25:  44.54671,-32.76027,176.7001
28.27:  44.56097,-33.00763,176.7001
28.28:  44.57547,-33.25898,176.7001
28.3:  44.58973,-33.50631,176.7001
28.32:  44.60426,-33.75833,176.7001
28.33:  44.6185,-34.00525,176.7001
28.35:  44.63297,-34.2563,176.7001
28.37:  44.6492,-34.50723,176.3
28.38:  44.66623,-34.75695,176.1001
28.4:  44.68402,-35.00528,175.9001
28.42:  44.70206,-35.2569,175.9001
28.43:  44.71984,-35.50499,175.9001
28.45:  44.73824,-35.75546,175.8
28.47:  44.75717,-36.00729,175.7
28.49:  44.77678,-36.26803,175.7
28.5:  44.79553,-36.51174,175.6001
28.52:  44.81418,-36.7541,175.6001
28.53:  44.83326,-37.00208,175.6001
28.55:  44.85229,-37.24945,175.6001
28.57:  44.8718,-37.50302,175.6001
28.58:  44.89138,-37.75178,175.5
28.6:  44.91105,-38.00171,175.5
28.62:  44.93098,-38.25495,175.5
28.63:  44.95041,-38.50188,175.5
28.65:  44.96981,-38.74828,175.5
28.67:  44.98905,-38.9928,175.5
28.68:  45.0086,-39.24117,175.5
28.7:  45.02828,-39.49125,175.5
28.72:  45.04791,-39.74068,175.5
28.73:  45.0675,-39.98961,175.5
28.75:  45.08732,-40.24151,175.5
28.77:  45.1066,-40.48648,175.5
28.78:  45.12648,-40.73909,175.5
28.8:  45.14657,-40.99428,175.5
28.82:  45.16643,-41.24663,175.5
28.84:  45.18576,-41.49228,175.5
28.85:  45.20638,-41.75422,175.5
28.87:  45.22599,-41.99799,175.4001
28.88:  45.24611,-42.24273,175.3
28.9:  45.26648,-42.48531,175.2001
28.92:  45.29047,-42.76516,175.1
28.93:  45.30912,-42.98265,175.1
28.95:  45.33168,-43.2355,174.9001
28.97:  45.35437,-43.48477,174.8
28.98:  45.37757,-43.73484,174.7001
29:  45.40013,-43.97807,174.7001
29.02:  45.42311,-44.22578,174.7001
29.03:  45.44617,-44.47434,174.7001
29.05:  45.46932,-44.72392,174.7001
29.07:  45.4925,-44.97376,174.7001
29.08:  45.51528,-45.21934,174.7001
29.1:  45.53849,-45.46962,174.7001
29.12:  45.5625,-45.71898,174.5
29.13:  45.58907,-45.96755,173.9
29.15:  45.62306,-46.21569,172.2001
29.17:  45.66497,-46.46086,170.3
29.18:  45.71561,-46.70542,168.3001
29.2:  45.77845,-46.9484,165.5
29.22:  45.86513,-47.19453,160.6
29.23:  45.97087,-47.41231,154.1001
29.25:  46.10836,-47.62321,146.9001
29.27:  46.25498,-47.82501,144
29.28:  46.40836,-48.01923,141.7
29.3:  46.57099,-48.2083,139.3
29.32:  46.7472,-48.38762,135.5001
29.33:  46.93876,-48.55122,130.5001
29.35:  47.14148,-48.69423,125.2
29.37:  47.35673,-48.8175,119.8
29.38:  47.58089,-48.93222,117.1
29.4:  47.80735,-49.04023,115.5
29.42:  48.03291,-49.1416,114.2
29.43:  48.26294,-49.24258,113.7
29.45:  48.49113,-49.34274,113.7
29.47:  48.72427,-49.44509,113.7
29.48:  48.84797,-49.54321,113.7
29.5:  48.84797,-49.64436,113.7
29.52:  48.84797,-49.74401,113.7
29.53:  48.84797,-49.84422,113.7
29.55:  48.84797,-49.94489,113.7
29.57:  48.84797,-50.04551,113.7
29.58:  48.84797,-50.14545,113.7
29.6:  48.84797,-50.24665,113.7
29.62:  48.84797,-50.34684,113.7
29.63:  48.84808,-50.44864,113.9
29.65:  48.8482,-50.55079,114.1
29.67:  48.84826,-50.65366,114.2
29.69:  48.84832,-50.7621,114.3
29.7:  48.85476,-50.87584,114.7
29.72:  48.86926,-51.00305,116.2
29.74:  48.89615,-51.15741,118.9
29.75:  48.93925,-51.32677,122.4
29.77:  48.9972,-51.49846,125.6
29.78:  49.07935,-51.69603,128.6
29.8:  49.19272,-51.89542,134.9
29.82:  49.34229,-52.097,142.5
29.83:  49.45953,-52.31566,151.8
29.85:  49.5331,-52.55481,162.9
29.87:  49.56409,-52.80361,172.9
29.88:  49.5506,-53.05274,183.1
29.9:  49.46311,-53.28927,200.3
29.92:  49.31179,-53.5111,214.3
29.93:  49.13219,-53.66234,229.9
29.95:  48.91058,-53.76426,245.3
29.97:  48.66298,-53.80259,261.2
29.98:  48.41544,-53.77745,275.8
30:  48.17572,-53.69256,289.5001
30.02:  47.94702,-53.59876,292.3
30.03:  47.71585,-53.50489,292.1
30.05:  47.48178,-53.41738,290.5001
30.07:  47.21973,-53.33926,286.6
30.08:  46.98052,-53.27472,285.1
30.1:  46.75737,-53.21575,284.8
30.12:  46.51444,-53.15112,284.9
30.13:  46.27324,-53.08648,285
30.15:  46.03275,-53.02786,283.7
30.17:  45.78437,-52.97823,281.3
30.18:  45.53985,-52.94212,278.4
30.2:  45.29005,-52.91851,275.4
30.22:  45.03493,-52.89529,275.2
30.23:  44.79192,-52.86932,276.1
30.25:  44.54469,-52.8394,276.9
30.27:  44.29374,-52.81037,276.6
30.28:  44.0245,-52.77969,276.5
30.3:  43.79239,-52.7516,276.9
30.32:  43.54856,-52.7208,277.2
30.34:  43.30081,-52.68906,277.3
30.35:  43.0477,-52.65664,277.3
30.37:  42.8109,-52.6263,277.3
30.38:  42.56118,-52.59387,277.4
30.4:  42.31419,-52.5596,277.9
30.42:  42.0699,-52.50633,282.3
30.43:  41.82921,-52.44094,285.2
30.45:  41.5903,-52.36607,287.4
30.47:  41.35388,-52.28142,289.7
30.48:  41.12098,-52.19248,290.9
30.5:  40.88733,-52.10138,291.3
30.52:  40.64767,-52.00795,291.3
30.54:  40.40807,-51.91501,291.2
30.55:  40.17349,-51.8324,289.4
30.57:  39.93977,-51.76934,285.1
30.58:  39.69556,-51.73284,278.5
30.6:  39.44516,-51.72322,272.2
30.62:  39.18487,-51.74783,264.6
30.63:  38.94102,-51.78776,260.7
30.65:  38.70567,-51.84513,256.3
30.67:  38.44308,-51.93401,251.3
30.68:  38.24031,-52.03599,243.3
30.7:  38.0413,-52.1769,234.7
30.72:  37.85783,-52.34679,227.2
30.73:  37.69724,-52.53954,219.8
30.75:  37.54966,-52.74118,216.2
30.77:  37.41158,-52.94822,213.7
30.78:  37.27703,-53.15944,212.5
30.8:  37.14479,-53.36701,212.5
30.82:  37.00896,-53.57939,212.6
30.83:  36.87157,-53.79015,213.1
30.85:  36.73645,-53.99743,213.1
30.87:  36.59886,-54.20769,213.2
30.88:  36.46186,-54.41625,213.3
30.9:  36.32349,-54.62295,213.8
30.92:  36.17659,-54.82965,215.4
30.93:  36.02169,-55.02508,218.4
30.95:  35.84932,-55.208,223.3
30.97:  35.66164,-55.37758,227.9
30.98:  35.46682,-55.52654,232.6
31:  35.24895,-55.65589,239.3
31.02:  35.02172,-55.75188,247.1
31.03:  34.78038,-55.81655,255
31.05:  34.53028,-55.83931,264.8
31.07:  34.27937,-55.83931,270
31.08:  34.03202,-55.82462,273.4
31.1:  33.78435,-55.80033,275.6
31.12:  33.53355,-55.76909,277.1
31.13:  33.28633,-55.73479,277.9
31.15:  33.04019,-55.70063,277.9
31.17:  32.7834,-55.665,277.9
31.18:  32.54381,-55.63303,277.6
31.2:  32.29794,-55.60022,277.6
31.22:  32.05011,-55.5676,277.5
31.23:  31.80261,-55.53501,277.5
31.25:  31.54868,-55.50428,276.9
31.27:  31.30596,-55.48006,275.7
31.28:  31.05592,-55.46695,273
31.3:  30.80573,-55.46171,271.2
31.32:  30.55213,-55.46392,269.5
31.34:  30.30631,-55.46822,269
31.35:  30.03734,-55.47432,268.7
31.37:  29.79372,-55.48283,268
31.38:  29.552,-55.49465,267.2
31.4:  29.30459,-55.50935,266.6
31.42:  29.05315,-55.52605,266.2
31.43:  28.80717,-55.54584,265.4
31.45:  28.55377,-55.5774,262.9
31.47:  28.30833,-55.61979,260.2
31.48:  28.06595,-55.66823,258.7
31.5:  27.81883,-55.72076,258
31.52:  27.57713,-55.77257,257.9
31.53:  27.33092,-55.82535,257.9
31.55:  27.08981,-55.87704,257.9
31.57:  26.84098,-55.93039,257.9
31.58:  26.6017,-55.98168,257.9
31.6:  26.35494,-56.03458,257.9
31.62:  26.11367,-56.08631,257.9
31.63:  25.86804,-56.13897,257.9
31.65:  25.62522,-56.19102,257.9
31.67:  25.37982,-56.24363,257.9
31.68:  25.13587,-56.29593,257.9
31.7:  24.89098,-56.34843,257.9
31.72:  24.64698,-56.40074,257.9
31.73:  24.40196,-56.45327,257.9
31.75:  24.15118,-56.50703,257.9
31.77:  23.90462,-56.55989,257.9
31.78:  23.66525,-56.6112,257.9
31.8:  23.41922,-56.66395,257.9
31.82:  23.17335,-56.71666,257.9
31.84:  22.92537,-56.76982,257.9
31.85:  22.67759,-56.82294,257.9
31.87:  22.44082,-56.8737,257.9
31.88:  22.19567,-56.92625,257.9
31.9:  21.95839,-56.97712,257.9
31.92:  21.70932,-57.03052,257.9
31.93:  21.46725,-57.08241,257.9
31.95:  21.21927,-57.13017,259.1
31.97:  20.97182,-57.17246,260.3
31.98:  20.72617,-57.20918,261.5
32:  20.47554,-57.24261,262.4
32.02:  20.23308,-57.27411,262.6
32.03:  19.98458,-57.30198,263.6
32.05:  19.73544,-57.3194,266
32.07:  19.48424,-57.32028,269.8
32.08:  19.23578,-57.29985,274.7
32.1:  18.99168,-57.24125,283.5
32.12:  18.75581,-57.1637,288.2
32.13:  18.52675,-57.06552,293.2
32.15:  18.30185,-56.95043,297.1
32.17:  18.08584,-56.82269,300.6
32.18:  17.877,-56.6855,303.3
32.2:  17.67082,-56.54114,305
32.22:  17.46935,-56.40006,305
32.23:  17.26402,-56.25629,305
32.25:  17.05958,-56.11314,305
32.27:  16.85392,-55.96913,305
32.28:  16.64997,-55.82632,305
32.3:  16.44338,-55.68167,305
32.32:  16.23881,-55.53843,305
32.34:  16.03569,-55.3962,305
32.35:  15.82026,-55.24536,305
32.37:  15.62285,-55.10712,305
32.38:  15.42066,-54.96555,305
32.4:  15.21302,-54.82391,304.3
32.42:  15.00349,-54.68991,302.6
32.43:  14.78891,-54.56149,300.9
32.45:  14.56965,-54.44343,298.3
32.47:  14.34658,-54.33366,296.2
32.48:  14.11909,-54.22662,295.2
32.5:  13.89242,-54.12091,295
32.52:  13.66712,-54.01586,295
32.53:  13.44041,-53.91014,295
32.55:  13.21526,-53.80515,295
32.57:  12.98517,-53.69786,295
32.58:  12.76025,-53.59298,295
32.6:  12.53138,-53.48626,295
32.62:  12.30421,-53.38032,295
32.63:  12.07821,-53.27494,295
32.65:  11.84859,-53.2342,295.3
32.67:  11.62154,-53.2342,295.6
32.68:  11.39955,-53.2342,296.1
32.7:  11.17589,-53.22604,297.3
32.72:  10.94833,-53.18974,299.8
32.73:  10.71876,-53.1299,301.5
32.75:  10.48715,-53.04437,302.8
32.77:  10.2658,-52.9347,303.8
32.78:  10.05752,-52.80135,304.4
32.8:  9.851686,-52.65776,304.9
32.82:  9.648154,-52.50934,306.1
32.83:  9.450673,-52.36161,306.8
32.85:  9.249019,-52.20687,307.5
32.87:  9.059314,-52.05705,308.3
32.88:  8.863848,-51.89764,309.2
32.9:  8.675159,-51.73648,310.5
32.92:  8.489123,-51.56838,312.1
32.93:  8.310517,-51.3953,314.1
32.95:  8.134463,-51.20913,316.6
32.97:  7.968986,-51.0247,318.1
32.99:  7.805892,-50.83575,319.2
33:  7.641244,-50.63814,320.2
33.02:  7.488737,-50.4471,321.4
33.03:  7.340172,-50.24778,323.3
33.05:  7.197389,-50.04387,325
33.07:  7.058777,-49.83205,326.8
33.08:  6.928818,-49.62162,328.3
33.1:  6.804965,-49.40092,330.7
33.12:  6.687286,-49.17194,332.8
33.13:  6.587005,-48.93454,337.1
33.15:  6.507334,-48.71325,340.2
33.17:  6.436043,-48.47257,343.5
33.19:  6.376209,-48.23436,345.9
33.2:  6.320227,-47.96404,348.3
33.22:  6.282124,-47.73634,350.5
33.23:  6.247901,-47.49588,351.9
33.25:  6.219026,-47.25008,353.3
33.27:  6.192141,-46.9985,353.9
33.28:  6.1666,-46.75135,354.1
33.3:  6.14118,-46.50537,354.1
33.32:  6.115238,-46.25433,354.1
33.33:  6.089815,-46.00832,354.1
33.35:  6.063879,-45.75734,354.1
33.37:  6.038377,-45.51056,354.1
33.38:  6.012697,-45.26206,354.1
33.4:  5.986805,-45.01151,354.1
33.42:  5.95981,-44.75028,354.1
33.43:  5.934403,-44.50442,354.1
33.45:  5.908989,-44.2585,354.1
33.47:  5.884018,-44.01685,354.1
33.49:  5.857326,-43.75856,354.1
33.5:  5.831229,-43.50603,354.1
33.52:  5.806845,-43.27007,354.1
33.53:  5.781172,-43.02163,354.1
33.55:  5.755264,-42.77093,354.1
33.57:  5.729564,-42.52222,354.1
33.58:  5.704234,-42.27712,354.1
33.6:  5.678023,-42.02347,354.1
33.62:  5.652239,-41.77397,354.1
33.64:  5.625822,-41.51833,354.1
33.65:  5.597958,-41.26184,353.8
33.67:  5.569947,-41.0234,353.3
33.68:  5.540219,-40.78473,352.9
33.7:  5.508531,-40.53736,352.7
33.72:  5.476785,-40.28954,352.7
33.73:  5.444605,-40.04177,352.6
33.75:  5.411835,-39.79286,352.5
33.77:  5.378886,-39.54591,352.4
33.78:  5.34592,-39.29885,352.4
33.8:  5.312555,-39.04879,352.4
33.82:  5.279236,-38.79907,352.4
33.84:  5.245311,-38.54482,352.4
33.85:  5.212273,-38.2972,352.4
33.87:  5.180367,-38.05808,352.4
33.88:  5.146916,-37.80738,352.4
33.9:  5.113958,-37.56037,352.4
33.92:  5.080848,-37.31222,352.4
33.93:  5.047843,-37.06486,352.4
33.95:  5.015048,-36.81907,352.4
33.97:  4.983088,-36.55497,353.1
33.99:  4.959095,-36.31875,354.2
34:  4.937205,-36.06342,355.1
34.02:  4.921162,-35.81533,356.3
34.04:  4.908629,-35.56794,357.1
34.05:  4.897827,-35.3102,357.6
34.07:  4.889883,-35.05743,358.2
34.08:  4.888652,-34.82225,359.7
34.1:  4.897335,-34.57362,2.000018
34.12:  4.916824,-34.32598,4.500018
34.13:  4.950494,-34.07363,7.600019
34.15:  4.997762,-33.83271,11.10002
34.17:  5.060533,-33.58464,14.20002
34.18:  5.14787,-33.35351,20.70002
34.2:  5.252763,-33.1306,25.20002
34.22:  5.372559,-32.90996,28.50002
34.23:  5.502891,-32.69811,31.60003
34.25:  5.643798,-32.48842,33.90002
34.27:  5.788759,-32.28368,35.30003
34.28:  5.951273,-32.06565,36.70003
34.3:  6.093999,-31.88165,37.80003
34.32:  6.259167,-31.67549,38.70003
34.34:  6.412818,-31.48976,39.60003
34.35:  6.577456,-31.2997,40.90003
34.37:  6.739601,-31.11962,42.00003
34.38:  6.924618,-30.92397,43.40003
34.4:  7.082894,-30.76007,44.00003
34.42:  7.258849,-30.58101,44.50003
34.44:  7.437464,-30.40302,45.10003
34.45:  7.623166,-30.22369,46.00003
34.47:  7.797215,-30.06025,46.80003
34.49:  7.979482,-29.89147,47.20003
34.5:  8.172563,-29.71267,47.20003
34.52:  8.346755,-29.55137,47.20003
34.53:  8.527866,-29.38366,47.20003
34.55:  8.710249,-29.21477,47.20003
34.57:  8.895418,-29.0433,47.20003
34.58:  9.078098,-28.87414,47.20003
34.6:  9.261589,-28.70423,47.20003
34.62:  9.447049,-28.53309,47.30003
34.63:  9.630622,-28.36605,47.70003
34.65:  9.817466,-28.1984,48.10003
34.67:  10.00474,-28.03272,48.50004
34.69:  10.19266,-27.86821,48.80003
34.7:  10.3906,-27.69674,49.10004
34.72:  10.57776,-27.53462,49.10004
34.74:  10.76396,-27.37333,49.10004
34.75:  10.95759,-27.2056,49.10004
34.77:  11.14325,-27.04478,49.10004
34.78:  11.34283,-26.8719,49.10004
34.8:  11.51752,-26.72058,49.10004
34.82:  11.70797,-26.55561,49.10004
34.84:  11.89375,-26.39468,49.10004
34.85:  12.09895,-26.21755,49.20004
34.87:  12.27583,-26.06488,49.20004
34.88:  12.46216,-25.90404,49.20004
34.9:  12.65153,-25.74059,49.20004
34.92:  12.84299,-25.57532,49.20004
34.93:  13.02892,-25.41483,49.20004
34.95:  13.21892,-25.25082,49.20004
34.97:  13.40689,-25.08857,49.20004
34.98:  13.59543,-24.92583,49.20004
35:  13.78467,-24.76248,49.20004
35.02:  13.97356,-24.59944,49.20004
35.03:  14.16399,-24.43507,49.20004
35.05:  14.35122,-24.27345,49.20004
35.07:  14.54282,-24.10806,49.20004
35.09:  14.73191,-23.94485,49.20004
35.1:  14.92762,-23.77592,49.20004
35.12:  15.1172,-23.61227,49.20004
35.13:  15.30824,-23.44737,49.20004
35.15:  15.49062,-23.28995,49.20004
35.17:  15.68943,-23.11834,49.20004
35.18:  15.87663,-22.95676,49.20004
35.2:  16.0608,-22.79778,49.20004
35.22:  16.24883,-22.63548,49.20004
35.23:  16.43567,-22.4742,49.20004
35.25:  16.62818,-22.30804,49.20004
35.27:  16.81482,-22.14694,49.20004
35.28:  17.00279,-21.98468,49.20004
35.3:  17.19243,-21.82098,49.20004
35.32:  17.38375,-21.65701,49.40004
35.33:  17.57479,-21.49671,50.00003
35.35:  17.77513,-21.34298,52.50003
35.37:  17.97311,-21.20019,54.20004
35.38:  18.18345,-21.06255,56.80003
35.4:  18.39586,-20.93289,58.60003
35.42:  18.61296,-20.80552,59.60003
35.43:  18.83546,-20.68219,61.00004
35.45:  19.05377,-20.57334,63.50004
35.47:  19.28132,-20.4706,65.70004
35.49:  19.51239,-20.37394,67.30004
35.5:  19.75429,-20.2767,68.10004
35.52:  19.97828,-20.18666,68.10004
35.53:  20.21115,-20.09304,68.10004
35.55:  20.44529,-19.99892,68.10004
35.57:  20.69338,-19.89969,68.20005
35.59:  20.90498,-19.81506,68.20005
35.6:  21.15404,-19.71594,68.30004
35.62:  21.37637,-19.62747,68.30004
35.63:  21.60579,-19.53617,68.30004
35.65:  21.83508,-19.44493,68.30004
35.67:  22.0694,-19.35168,68.30004
35.68:  22.29897,-19.26032,68.30004
35.7:  22.5323,-19.16747,68.30004
35.72:  22.76968,-19.07301,68.30004
35.73:  23.01675,-18.97469,68.30004
35.75:  23.22896,-18.89023,68.30004
35.77:  23.46628,-18.7958,68.30004
35.78:  23.69173,-18.70608,68.30004
35.8:  23.92371,-18.61376,68.30004
35.82:  24.1563,-18.5212,68.30004
35.83:  24.38793,-18.42903,68.30004
35.85:  24.62124,-18.33618,68.30004
35.87:  24.85272,-18.24406,68.30004
35.88:  25.08536,-18.15149,68.30004
35.9:  25.31912,-18.05846,68.30004
35.92:  25.55233,-17.96566,68.30004
35.93:  25.78259,-17.87403,68.30004
35.95:  26.01731,-17.78062,68.30004
35.97:  26.24885,-17.68754,68.10004
35.98:  26.4828,-17.59255,67.90004
36:  26.71323,-17.49804,67.70005
36.02:  26.94465,-17.40265,67.60005
36.03:  27.17322,-17.30657,67.20005
36.05:  27.40438,-17.2051,66.30006
36.07:  27.63028,-17.09928,64.90005
36.08:  27.85329,-16.99148,64.20005
36.1:  28.07863,-16.87863,63.40006
36.12:  28.29779,-16.76357,62.30006
36.14:  28.51768,-16.63967,60.60006
36.15:  28.7403,-16.50643,59.10006
36.17:  28.94239,-16.37917,57.80006
36.18:  29.15159,-16.24123,56.60006
36.2:  29.35882,-16.10355,56.40007
36.22:  29.56727,-15.964,56.20007
36.23:  29.77389,-15.82464,56.00006
36.25:  29.97995,-15.68301,55.50006
36.27:  30.18464,-15.53969,55.00006
36.28:  30.38879,-15.39461,54.60006
36.3:  30.59138,-15.24957,54.40007
36.32:  30.79496,-15.10328,54.30007
36.33:  30.99522,-14.95885,54.20006
36.35:  31.20169,-14.80939,54.10007
36.37:  31.41519,-14.65428,54.00007
36.39:  31.62219,-14.50166,53.60007
36.4:  31.83078,-14.34391,52.90007
36.42:  32.0046,-14.20761,51.90007
36.43:  32.19829,-14.04739,50.40007
36.45:  32.38527,-13.88598,49.20007
36.47:  32.56892,-13.71711,47.40007
36.48:  32.7444,-13.54346,45.30007
36.5:  32.91024,-13.35535,41.40007
36.52:  33.06495,-13.1478,36.70007
36.54:  33.19677,-12.93183,31.40007
36.55:  33.30611,-12.70567,25.80007
36.57:  33.39521,-12.47594,21.20007
36.58:  33.46912,-12.24573,17.80007
36.6:  33.57105,-12.0331,12.60007
36.62:  33.68659,-11.83333,9.400071
36.63:  33.77991,-11.61542,5.60007
36.65:  33.85316,-11.38645,2.50007
36.67:  33.90291,-11.14969,0.1000702
36.68:  33.92986,-10.90051,358.2001
36.7:  33.92987,-10.65518,356.3001
36.72:  33.92792,-10.40553,355.2001
36.73:  33.92792,-10.15814,354.3001
36.75:  33.92792,-9.905129,353.7001
36.77:  33.92792,-9.656735,353.5001
36.78:  33.92792,-9.392875,353.5001
36.8:  33.92792,-9.156959,353.5001
36.82:  33.92792,-8.910528,353.5001
36.83:  33.92792,-8.661513,353.5001
36.85:  33.92792,-8.415263,353.5001
36.87:  33.92792,-8.165955,353.6001
36.89:  33.92792,-7.894217,354.8001
36.9:  33.92709,-7.654607,355.8001
36.92:  33.92486,-7.413429,357.4001
36.94:  33.92356,-7.16539,359.7001
36.95:  33.93222,-6.904158,1.90007
36.97:  33.94749,-6.668185,3.70007
36.98:  33.97429,-6.384686,5.40007
37:  34.00476,-6.167801,8.000071
37.02:  34.04572,-5.928203,9.700071
37.03:  34.09513,-5.683161,11.40007
37.05:  34.15211,-5.440228,13.20007
37.07:  34.2144,-5.197628,14.40007
37.08:  34.28008,-4.957548,15.30007
37.1:  34.35075,-4.715886,16.30007
37.12:  34.42424,-4.473981,16.90007
37.13:  34.49847,-4.239984,17.60007
37.15:  34.57751,-3.999585,18.20007
37.17:  34.65779,-3.76511,18.90007
37.18:  34.74251,-3.525869,19.50007
37.2:  34.82861,-3.291863,20.20007
37.22:  34.91933,-3.056759,21.10007
37.24:  35.00909,-2.827721,21.40007
37.25:  35.10635,-2.582069,21.60007
37.27:  35.1982,-2.351241,21.70007
37.29:  35.29123,-2.119834,21.90008
37.3:  35.38295,-1.89283,22.00008
37.32:  35.47422,-1.666908,22.00008
37.33:  35.56944,-1.434758,22.30008
37.35:  35.66497,-1.205252,22.60008
37.37:  35.76591,-0.9685953,23.10007
37.38:  35.86132,-0.7491723,23.50008
37.4:  35.96242,-0.5188718,23.70008
37.42:  36.06436,-0.2899096,24.00007
37.43:  36.16805,-0.06027296,24.30008
37.45:  36.27239,0.1645196,24.90007
37.47:  36.37995,0.3931005,25.20008
37.48:  36.48619,0.6168357,25.40008
37.5:  36.59423,0.8423402,25.60007
37.52:  36.70411,1.067623,26.00007
37.53:  36.81543,1.290892,26.50007
37.55:  36.93098,1.511921,27.60008
37.57:  37.05038,1.735529,28.10008
37.59:  37.17661,1.966097,28.70008
37.6:  37.29647,2.182323,29.00007
37.62:  37.41732,2.399446,29.10008
37.64:  37.53762,2.614694,29.20007
37.65:  37.66234,2.83695,29.30007
37.67:  37.78447,3.053686,29.40008
37.68:  37.9052,3.267095,29.50008
37.7:  38.02763,3.482609,29.60008
37.72:  38.15175,3.699322,29.80008
37.74:  38.27532,3.913355,30.00008
37.75:  38.41166,4.14573,30.40008
37.77:  38.53202,4.348444,30.70008
37.78:  38.65973,4.562675,30.80008
37.8:  38.78521,4.772337,30.90008
37.82:  38.91509,4.988496,31.00007
37.83:  39.04197,5.199664,31.00007
37.85:  39.17313,5.415382,31.30008
37.87:  39.30441,5.629613,31.50007
37.88:  39.43391,5.839286,31.70007
37.9:  39.56646,6.053061,31.80007
37.92:  39.69821,6.263915,32.00008
37.93:  39.83174,6.475141,32.30008
37.95:  39.96826,6.685362,33.00007
37.97:  40.10706,6.894259,33.60007
37.99:  40.24765,7.101138,34.20007
38:  40.39709,7.314561,35.00007
38.02:  40.54058,7.510611,36.20007
38.03:  40.69436,7.706033,38.20007
38.05:  40.86044,7.891786,41.80008
38.07:  41.03606,8.071115,44.40008
38.08:  41.21625,8.242115,46.50008
38.1:  41.40521,8.412253,48.00008
38.12:  41.5966,8.578628,49.00008
38.13:  41.78001,8.731981,50.10007
38.15:  41.97979,8.887503,52.10007
38.17:  42.17751,9.036493,53.00008
38.18:  42.37913,9.186779,53.30008
38.2:  42.57839,9.335302,53.30008
38.22:  42.78022,9.485741,53.30008
38.23:  42.97974,9.633917,53.40008
38.25:  43.17982,9.782512,53.40008
38.27:  43.37951,9.930807,53.40008
38.28:  43.58099,10.08044,53.40008
38.3:  43.78185,10.22962,53.40008
38.32:  43.98174,10.37807,53.40008
38.33:  44.18229,10.52701,53.40008
38.35:  44.38395,10.67677,53.40008
38.37:  44.59207,10.83134,53.40008
38.39:  44.78912,10.97768,53.40008
38.4:  44.99381,11.12969,53.40008
38.42:  45.18852,11.2743,53.40008
38.43:  45.39375,11.42671,53.40008
38.45:  45.58914,11.57182,53.40008
38.47:  45.79943,11.728,53.40008
38.49:  45.98949,11.86915,53.40008
38.5:  46.20759,12.03113,53.40008
38.52:  46.39436,12.16983,53.40008
38.53:  46.59271,12.3166,53.50008
38.55:  46.79424,12.4641,53.80008
38.57:  46.99656,12.61109,54.00008
38.58:  47.19941,12.75793,54.10007
38.6:  47.40243,12.90328,54.40007
38.62:  47.6105,13.04682,55.40007
38.63:  47.81807,13.18161,57.00007
38.65:  48.03249,13.31507,58.10007
38.67:  48.2445,13.44449,58.60007
38.68:  48.45594,13.57355,58.60007
38.7:  48.66835,13.7032,58.60007
38.72:  48.88471,13.83424,58.80008
38.73:  49.09811,13.96145,59.20007
38.75:  49.31804,14.091,59.50008
38.77:  49.53405,14.21672,59.80008
38.79:  49.75205,14.34207,60.10007
38.8:  49.98094,14.47157,60.50008
38.82:  50.18881,14.58775,60.80007
38.84:  50.40886,14.70872,61.20007
38.85:  50.63498,14.8315,61.50008
38.87:  50.85057,14.94709,61.80007
38.88:  51.06442,15.05984,62.20007
38.9:  51.28952,15.17752,62.40008
38.92:  51.51482,15.2953,62.40008
38.93:  51.73032,15.40749,62.50008
38.95:  51.95521,15.52356,62.70008
38.97:  52.17714,15.63713,62.90007
38.98:  52.39935,15.75035,63.00008
39:  52.62199,15.86281,63.20008
39.02:  52.84336,15.97463,63.20008
39.03:  53.06665,16.08645,63.40007
39.05:  53.28835,16.19746,63.40007
39.07:  53.51506,16.3105,63.50006
39.08:  53.73888,16.42112,63.70007
39.1:  53.96217,16.5305,63.90007
39.12:  54.18753,16.64091,63.90007
39.14:  54.41383,16.75128,64.00008
39.15:  54.64482,16.86295,64.20007
39.17:  54.86832,16.96907,64.60007
39.19:  55.09118,17.07394,64.80008
39.2:  55.32604,17.18246,65.20009
39.22:  55.55294,17.28491,65.70008
39.23:  55.7734,17.3826,66.10007
39.25:  56.00249,17.48032,66.90008
39.27:  56.23717,17.57657,67.70008
39.29:  56.46819,17.66664,68.70007
39.3:  56.7208,17.75908,69.90008
39.32:  56.93515,17.83456,70.60007
39.33:  57.17284,17.91502,71.30008
39.35:  57.40805,17.99144,72.00008
39.37:  57.64985,18.06491,73.10008
39.38:  57.88794,18.13453,73.70009
39.4:  58.13159,18.20256,74.40009
39.42:  58.37018,18.26827,74.60007
39.43:  58.61147,18.33474,74.60007
39.45:  58.84975,18.40037,74.60007
39.47:  59.09243,18.46721,74.60007
39.48:  59.33246,18.53333,74.60007
39.5:  59.57466,18.60004,74.60007
39.52:  59.81665,18.6667,74.60007
39.53:  60.05956,18.7336,74.60007
39.55:  60.30186,18.80034,74.60007
39.57:  60.53692,18.86509,74.60007
39.58:  60.77855,18.93165,74.60007
39.6:  61.02205,18.99872,74.60007
39.62:  61.26549,19.06577,74.60007
39.63:  61.51295,19.13393,74.60007
39.65:  61.75174,19.19971,74.60007
39.67:  61.98842,19.2649,74.60007
39.69:  62.22832,19.33098,74.60007
39.7:  62.4818,19.4008,74.60007
39.72:  62.71891,19.46566,74.70008
39.73:  62.95122,19.52835,74.90009
39.75:  63.19315,19.59091,75.50008
39.77:  63.43671,19.65209,75.90009
39.78:  63.67911,19.71073,76.40009
39.8:  63.92329,19.76755,76.90009
39.82:  64.16579,19.82131,77.50009
39.83:  64.40997,19.87232,78.2001
39.85:  64.65669,19.91805,79.5001
39.87:  64.909,19.96209,80.1001
39.88:  65.14988,20.00283,80.4001
39.9:  65.40044,20.04431,80.60009
39.92:  65.64481,20.08389,80.80009
39.93:  65.89383,20.12333,81.00009
39.95:  66.13833,20.16118,81.20009
39.97:  66.38605,20.19908,81.30009
39.98:  66.63308,20.236,81.50008
40:  66.88483,20.27228,81.80009
40.02:  67.13139,20.30693,82.00009
40.03:  67.4163,20.34596,82.20008
40.05:  67.62903,20.37472,82.30009
40.07:  67.87041,20.40693,82.40009
40.09:  68.11839,20.44001,82.40009
40.1:  68.37849,20.47472,82.40009
40.12:  68.62709,20.50789,82.40009
40.13:  68.85936,20.53888,82.40009
40.17:  69.10691,20.57191,82.40009
40.18:  69.35468,20.60497,82.40009
40.2:  69.60245,20.63803,82.40009
40.22:  69.84965,20.67101,82.40009
40.23:  70.09875,20.70425,82.40009
40.25:  70.34425,20.737,82.40009
40.27:  70.59356,20.77027,82.40009
40.28:  70.84148,20.80335,82.40009
40.3:  71.0887,20.83633,82.40009
40.32:  71.33774,20.86956,82.40009
40.33:  71.58781,20.90293,82.40009
40.35:  71.83686,20.93616,82.40009
40.37:  72.0836,20.96908,82.40009
40.38:  72.33144,21.00215,82.40009
40.4:  72.57811,21.03506,82.40009
40.42:  72.83149,21.06887,82.40009
40.44:  73.07758,21.1017,82.40009
40.45:  73.33574,21.13615,82.40009
40.47:  73.58251,21.16907,82.40009
40.48:  73.82308,21.20117,82.40009
40.5:  74.06599,21.23358,82.40009
40.52:  74.31804,21.26721,82.40009
40.53:  74.55883,21.29934,82.40009
40.55:  74.79764,21.33121,82.40009
40.57:  75.01748,21.36132,82.20008
40.58:  75.22729,21.39342,81.30009
40.6:  75.42516,21.42441,81.10009
40.62:  75.61034,21.4544,80.80009
40.63:  75.78209,21.48222,80.80009
40.65:  75.94328,21.50775,81.00009
40.67:  76.09151,21.53096,81.10009
40.68:  76.22742,21.55224,81.10009
40.7:  76.35036,21.57128,81.20009
40.72:  76.46127,21.58845,81.20009
40.73:  76.56072,21.60384,81.20009
40.75:  76.64813,21.61722,81.30009
40.77:  76.72162,21.62846,81.30009
40.78:  76.78338,21.63791,81.30009
40.8:  76.83276,21.64547,81.30009
40.82:  76.86991,21.65115,81.30009
40.83:  76.89462,21.65493,81.30009
40.85:  76.90668,21.65678,81.30009
40.87:  76.90668,21.65678,81.30009
40.89:  76.90668,21.65678,81.30009
40.9:  76.90668,21.65678,81.30009
40.92:  76.90668,21.65678,81.30009
40.93:  76.90668,21.65678,81.30009
40.95:  76.90668,21.65678,81.30009
40.97:  76.90668,21.65678,81.30009
40.98:  76.90668,21.65678,81.30009
41:  76.90668,21.65678,81.30009
41.02:  76.90668,21.65678,81.30009
41.03:  76.90668,21.65678,81.30009
41.05:  76.90668,21.65678,81.30009
41.07:  76.90668,21.65678,81.30009
41.08:  76.90668,21.65678,81.30009
41.1:  76.90668,21.65678,81.30009
41.12:  76.90668,21.65678,81.30009
41.13:  76.90668,21.65678,81.30009
41.15:  76.90668,21.65678,81.30009
41.17:  76.90668,21.65678,81.30009
41.18:  76.90668,21.65678,81.30009
41.2:  76.90668,21.65678,81.30009
41.22:  76.90668,21.65678,81.30009
41.23:  76.90668,21.65678,81.30009
41.25:  76.90668,21.65678,81.30009
41.27:  76.90668,21.65678,81.30009
41.28:  76.90668,21.65678,81.30009
41.3:  76.90668,21.65678,81.30009
41.32:  76.90668,21.65678,81.30009
41.33:  76.90668,21.65678,81.30009
41.35:  76.90668,21.65678,81.30009
41.37:  76.90668,21.65678,81.30009
41.38:  76.90668,21.65678,81.30009
41.4:  76.90668,21.65678,81.30009
41.42:  76.90668,21.65678,81.30009
41.43:  76.90668,21.65678,81.30009
41.45:  76.90668,21.65678,81.30009
41.47:  76.90668,21.65678,81.30009
41.48:  76.90668,21.65678,81.30009
41.5:  76.90668,21.65678,81.30009
41.52:  76.90668,21.65678,81.30009
41.53:  76.90668,21.65678,81.30009
41.55:  76.90668,21.65678,81.30009
41.57:  76.90668,21.65678,81.30009
41.58:  76.90668,21.65678,81.30009
41.6:  76.90668,21.65678,81.30009
41.62:  76.90668,21.65678,81.30009
41.63:  76.90668,21.65678,81.30009
41.65:  76.90668,21.65678,81.30009
41.67:  76.90668,21.65678,81.30009
41.68:  76.90668,21.65678,81.30009
41.7:  76.90668,21.65678,81.30009
41.72:  76.90668,21.65678,81.30009
41.73:  76.90668,21.65678,81.30009
41.75:  76.90668,21.65678,81.30009
41.77:  76.90668,21.65678,81.30009
41.78:  76.90668,21.65678,81.30009
41.8:  76.90668,21.65678,81.30009
41.82:  76.90668,21.65678,81.30009
41.83:  76.90668,21.65678,81.30009
41.85:  76.90668,21.65678,81.30009
41.87:  76.90668,21.65678,81.30009
41.88:  76.90668,21.65678,81.30009
41.9:  76.90668,21.65678,81.30009
41.92:  76.90668,21.65678,81.30009
41.93:  76.90668,21.65678,81.30009
41.95:  76.90668,21.65678,81.30009
41.97:  76.90668,21.65678,81.30009
41.98:  76.90668,21.65678,81.30009
42:  76.90668,21.65678,81.30009
42.02:  76.90668,21.65678,81.30009
42.03:  76.90668,21.65678,81.30009
42.05:  76.90668,21.65678,81.30009
42.07:  76.90668,21.65678,81.30009
42.08:  76.90668,21.65678,81.30009
42.1:  76.90668,21.65678,81.30009
42.12:  76.90668,21.65678,81.30009
42.13:  76.90668,21.65678,81.30009
42.15:  76.90668,21.65678,81.30009
42.17:  76.90668,21.65678,81.30009
42.18:  76.90668,21.65678,81.30009
42.2:  76.90668,21.65678,81.30009
