ParticipantNo: 11015
Controller type: Gamepad
Training Level:
0.04:  82.7,18.5,270
0.08:  82.7,18.5,270
0.1:  82.7,18.5,270.0083
0.13:  82.7,18.5,270.0166
0.15:  82.7,18.5,270.025
0.17:  82.7,18.5,270.0333
0.18:  82.7,18.5,270.0416
0.2:  82.7,18.5,270.0499
0.22:  82.7,18.5,270.0519
0.23:  82.7,18.5,270.0602
0.25:  82.7,18.5,270.0622
0.27:  82.7,18.5,270.0705
0.28:  82.7,18.5,270.0725
0.3:  82.7,18.5,270.0808
0.32:  82.7,18.5,270.0891
0.33:  82.7,18.5,270.0974
0.35:  82.7,18.5,270.1058
0.37:  82.7,18.5,270.1141
0.38:  82.7,18.5,270.1224
0.4:  82.7,18.5,270.1307
0.42:  82.7,18.5,270.1327
0.43:  82.7,18.5,270.141
0.45:  82.7,18.5,270.1493
0.47:  82.7,18.5,270.1577
0.48:  82.7,18.5,270.166
0.5:  82.7,18.5,270.1743
0.52:  82.7,18.5,270.1826
0.53:  82.7,18.5,270.1909
0.55:  82.7,18.5,270.1929
0.57:  82.7,18.5,270.1949
0.58:  82.7,18.5,270.1968
0.6:  82.7,18.5,270.1989
0.62:  82.7,18.5,270.2072
0.63:  82.7,18.5,270.2091
0.65:  82.7,18.5,270.2175
0.67:  82.7,18.5,270.2195
0.68:  82.7,18.5,270.2278
0.7:  82.7,18.5,270.2361
0.72:  82.7,18.5,270.2444
0.73:  82.7,18.5,270.2464
0.75:  82.7,18.5,270.2547
0.77:  82.7,18.5,270.2567
0.78:  82.7,18.5,270.265
0.8:  82.7,18.5,270.2733
0.82:  82.7,18.5,270.2753
0.83:  82.7,18.5,270.2836
0.85:  82.7,18.5,270.2919
0.87:  82.7,18.5,270.3002
0.88:  82.7,18.5,270.3022
0.9:  82.7,18.5,270.3105
0.92:  82.7,18.5,270.3188
0.93:  82.7,18.5,270.3272
0.95:  82.7,18.5,270.3355
0.97:  82.7,18.5,270.3438
0.98:  82.7,18.5,270.3458
1:  82.7,18.5,270.3541
1.02:  82.7,18.5,270.3625
1.03:  82.7,18.5,270.3708
1.05:  82.7,18.5,270.3727
1.07:  82.7,18.5,270.3811
1.08:  82.7,18.5,270.3894
1.1:  82.7,18.5,270.3914
1.12:  82.7,18.5,270.3997
1.13:  82.7,18.5,270.408
1.15:  82.7,18.5,270.4163
1.17:  82.7,18.5,270.4183
1.18:  82.7,18.5,270.4266
1.2:  82.7,18.5,270.4349
1.22:  82.7,18.5,270.4432
1.23:  82.7,18.5,270.4516
1.25:  82.7,18.5,270.4599
1.27:  82.7,18.5,270.4682
1.28:  82.7,18.5,270.4702
1.3:  82.7,18.5,270.4785
1.32:  82.7,18.5,270.4805
1.33:  82.7,18.5,270.4825
1.35:  82.7,18.5,270.4844
1.37:  82.7,18.5,270.4864
1.38:  82.7,18.5,270.4884
1.4:  82.7,18.5,270.4904
1.42:  82.7,18.5,270.4987
1.43:  82.7,18.5,270.507
1.45:  82.7,18.5,270.5154
1.47:  82.7,18.5,270.5237
1.48:  82.7,18.5,270.532
1.5:  82.7,18.5,270.5403
1.52:  82.7,18.5,270.5486
1.53:  82.7,18.5,270.5569
1.55:  82.7,18.5,270.5589
1.57:  82.7,18.5,270.5672
1.58:  82.7,18.5,270.5755
1.6:  82.7,18.5,270.5775
1.62:  82.7,18.5,270.5795
1.63:  82.7,18.5,270.5815
1.65:  82.7,18.5,270.5835
1.67:  82.7,18.5,270.5918
1.68:  82.7,18.5,270.5938
1.7:  82.7,18.5,270.6021
1.72:  82.7,18.5,270.6104
1.73:  82.7,18.5,270.6251
1.75:  82.7,18.5,270.6334
1.77:  82.7,18.5,270.6417
1.78:  82.7,18.5,270.6437
1.8:  82.7,18.5,270.652
1.82:  82.7,18.5,270.6667
1.83:  82.7,18.5,270.6686
1.85:  82.7,18.5,270.6769
1.87:  82.7,18.5,270.6853
1.88:  82.7,18.5,270.6936
1.9:  82.7,18.5,270.7019
1.92:  82.7,18.5,270.7102
1.93:  82.7,18.5,270.7122
1.95:  82.7,18.5,270.7205
1.97:  82.7,18.5,270.7288
1.98:  82.7,18.5,270.7308
2:  82.7,18.5,270.7391
2.02:  82.7,18.5,270.7475
2.03:  82.7,18.5,270.7558
2.05:  82.7,18.5,270.7641
2.07:  82.7,18.5,270.7724
2.08:  82.7,18.5,270.7807
2.1:  82.7,18.5,270.7891
2.12:  82.7,18.5,270.7974
2.13:  82.7,18.5,270.8057
2.15:  82.7,18.5,270.814
2.17:  82.7,18.5,270.816
2.18:  82.7,18.5,270.8243
2.2:  82.7,18.5,270.8263
2.22:  82.7,18.5,270.8283
2.23:  82.7,18.5,270.8366
2.25:  82.7,18.5,270.8449
2.27:  82.7,18.5,270.8532
2.28:  82.7,18.5,270.8615
2.3:  82.7,18.5,270.8699
2.32:  82.7,18.5,270.8719
2.33:  82.7,18.5,270.8802
2.35:  82.7,18.5,270.8885
2.37:  82.7,18.5,270.9031
2.38:  82.7,18.5,270.9115
2.4:  82.7,18.5,270.9198
2.42:  82.7,18.5,270.9281
2.43:  82.7,18.5,270.9364
2.45:  82.7,18.5,270.9384
2.47:  82.7,18.5,270.9467
2.48:  82.7,18.5,270.9487
2.5:  82.7,18.5,270.9507
2.52:  82.7,18.5,270.959
2.53:  82.7,18.5,270.9673
2.55:  82.7,18.5,270.9756
2.57:  82.7,18.5,270.9839
2.58:  82.7,18.5,270.9859
2.6:  82.7,18.5,270.9942
2.62:  82.7,18.5,271.0026
2.63:  82.7,18.5,271.0109
2.65:  82.7,18.5,271.0192
2.67:  82.7,18.5,271.0275
2.68:  82.7,18.5,271.0358
2.7:  82.7,18.5,271.0442
2.72:  82.7,18.5,271.0525
2.73:  82.7,18.5,271.0608
2.75:  82.7,18.5,271.0691
2.77:  82.7,18.5,271.0774
2.78:  82.7,18.5,271.0858
2.8:  82.7,18.5,271.0877
2.82:  82.7,18.5,271.0897
2.83:  82.7,18.5,271.098
2.85:  82.7,18.5,271.1063
2.87:  82.7,18.5,271.1083
2.88:  82.7,18.5,271.1103
2.9:  82.7,18.5,271.1186
2.92:  82.7,18.5,271.1333
2.93:  82.7,18.5,271.1353
2.95:  82.7,18.5,271.1372
2.97:  82.7,18.5,271.1392
2.98:  82.7,18.5,271.1475
3:  82.7,18.5,271.1495
3.02:  82.7,18.5,271.1578
3.03:  82.7,18.5,271.1598
3.05:  82.7,18.5,271.1618
3.07:  82.7,18.5,271.1701
3.08:  82.7,18.5,271.1721
3.1:  82.7,18.5,271.1804
3.12:  82.7,18.5,271.1887
3.13:  82.7,18.5,271.1971
3.15:  82.7,18.5,271.2054
3.17:  82.7,18.5,271.2137
3.18:  82.7,18.5,271.222
3.2:  82.7,18.5,271.224
3.22:  82.7,18.5,271.2323
3.23:  82.7,18.5,271.2406
3.25:  82.7,18.5,271.2489
3.27:  82.7,18.5,271.2573
3.28:  82.7,18.5,271.2656
3.3:  82.7,18.5,271.2739
3.32:  82.7,18.5,271.2822
3.33:  82.7,18.5,271.2842
3.35:  82.7,18.5,271.2925
3.37:  82.7,18.5,271.3008
3.38:  82.7,18.5,271.3028
3.4:  82.7,18.5,271.3111
3.42:  82.7,18.5,271.3195
3.43:  82.7,18.5,271.3278
3.45:  82.7,18.5,271.3361
3.47:  82.7,18.5,271.3444
3.48:  82.7,18.5,271.3527
3.5:  82.7,18.5,271.361
3.52:  82.7,18.5,271.3694
3.53:  82.7,18.5,271.3713
3.55:  82.7,18.5,271.3733
3.57:  82.7,18.5,271.3816
3.58:  82.7,18.5,271.3836
3.6:  82.7,18.5,271.3856
3.62:  82.7,18.5,271.3939
3.63:  82.7,18.5,271.3959
3.65:  82.7,18.5,271.3979
3.67:  82.7,18.5,271.4062
3.68:  82.7,18.5,271.4146
3.7:  82.7,18.5,271.4229
3.72:  82.7,18.5,271.4312
3.73:  82.7,18.5,271.4395
3.75:  82.7,18.5,271.4415
3.77:  82.7,18.5,271.4498
