ParticipantNo: 12018
Controller type: Gamepad
Training Level Timed:
0.02:  82.7,18.5,270
0.03:  82.7,18.5,270
0.05:  82.7,18.5,269.9727
0.07:  82.7,18.5,269.939
0.09:  82.7,18.5,269.9053
0.11:  82.7,18.5,269.8716
0.12:  82.7,18.5,269.838
0.14:  82.7,18.5,269.8043
0.16:  82.7,18.5,269.777
0.17:  82.7,18.5,269.7497
0.19:  82.7,18.5,269.7223
0.21:  82.7,18.5,269.695
0.22:  82.7,18.5,269.6677
0.24:  82.7,18.5,269.6404
0.26:  82.7,18.5,269.613
0.27:  82.7,18.5,269.5857
0.29:  82.7,18.5,269.5583
0.31:  82.7,18.5,269.531
0.32:  82.7,18.5,269.5037
0.34:  82.7,18.5,269.4763
0.36:  82.7,18.5,269.449
0.37:  82.7,18.5,269.4217
0.39:  82.7,18.5,269.3943
0.41:  82.7,18.5,269.367
0.42:  82.7,18.5,269.346
0.44:  82.7,18.5,269.3187
0.46:  82.7,18.5,269.2914
0.47:  82.7,18.5,269.264
0.49:  82.7,18.5,269.2367
0.51:  82.7,18.5,269.2094
0.52:  82.7,18.5,269.182
0.54:  82.7,18.5,269.1547
0.56:  82.7,18.5,269.1274
0.57:  82.7,18.5,269.1
0.59:  82.7,18.5,269.0727
0.61:  82.7,18.5,269.0454
0.62:  82.7,18.5,269.018
0.64:  82.7,18.5,268.9907
0.66:  82.7,18.5,268.9697
0.67:  82.7,18.5,268.9424
0.69:  82.7,18.5,268.915
0.71:  82.7,18.5,268.8877
0.72:  82.7,18.5,268.8604
0.74:  82.7,18.5,268.8331
0.76:  82.7,18.5,268.8121
0.77:  82.7,18.5,268.7911
0.79:  82.7,18.5,268.7637
0.81:  82.7,18.5,268.7427
0.82:  82.7,18.5,268.7154
0.84:  82.7,18.5,268.6944
0.86:  82.7,18.5,268.6734
0.87:  82.7,18.5,268.6461
0.89:  82.7,18.5,268.6187
0.91:  82.7,18.5,268.5914
0.92:  82.7,18.5,268.5641
0.94:  82.7,18.5,268.5367
0.96:  82.7,18.5,268.5094
0.97:  82.7,18.5,268.4821
0.99:  82.7,18.5,268.4484
1.01:  82.7,18.5,268.4274
1.04:  82.7,18.5,268.4001
1.06:  82.7,18.5,268.3727
1.07:  82.7,18.5,268.3454
1.09:  82.7,18.5,268.3181
1.11:  82.7,18.5,268.2908
1.12:  82.7,18.5,268.2634
1.14:  82.7,18.5,268.2361
1.16:  82.7,18.5,268.2151
1.17:  82.7,18.5,268.1877
1.19:  82.7,18.5,268.1668
1.21:  82.7,18.5,268.1458
1.22:  82.7,18.5,268.1184
1.24:  82.7,18.5,268.0911
1.26:  82.7,18.5,268.0701
1.27:  82.7,18.5,268.0428
1.29:  82.7,18.5,268.0154
1.31:  82.7,18.5,267.9881
1.32:  82.7,18.5,267.9608
1.34:  82.7,18.5,267.9335
1.36:  82.7,18.5,267.9061
1.37:  82.7,18.5,267.8788
1.39:  82.7,18.5,267.8451
1.41:  82.7,18.5,267.8178
1.42:  82.7,18.5,267.7905
1.44:  82.7,18.5,267.7631
1.46:  82.7,18.5,267.7358
1.47:  82.7,18.5,267.7085
1.49:  82.7,18.5,267.6811
1.51:  82.7,18.5,267.6475
1.52:  82.7,18.5,267.6075
1.54:  82.7,18.5,267.5548
1.56:  82.7,18.5,267.4641
1.57:  82.7,18.5,267.2783
1.59:  82.7,18.5,266.9721
1.61:  82.7,18.5,266.4821
1.62:  82.7,18.5,265.8336
1.64:  82.7,18.5,265.0584
1.66:  82.7,18.5,264.2769
1.67:  82.7,18.5,263.4954
1.69:  82.7,18.5,262.7138
1.71:  82.7,18.5,261.9323
1.72:  82.7,18.5,261.1444
1.74:  82.7,18.5,260.3629
1.76:  82.7,18.5,259.5813
1.77:  82.7,18.5,258.7998
1.79:  82.7,18.5,258.0182
1.81:  82.7,18.5,257.2367
1.82:  82.7,18.5,256.4551
1.84:  82.7,18.5,255.6736
1.86:  82.7,18.5,254.8921
1.87:  82.7,18.5,254.1105
1.89:  82.7,18.5,253.329
1.91:  82.7,18.5,252.5475
1.92:  82.7,18.5,251.7659
1.94:  82.7,18.5,250.9844
1.96:  82.7,18.5,250.1965
1.97:  82.7,18.5,249.4149
1.99:  82.7,18.5,248.6334
2.01:  82.7,18.5,247.8455
2.02:  82.7,18.5,247.064
2.04:  82.7,18.5,246.2824
2.06:  82.7,18.5,245.4946
2.07:  82.7,18.5,244.713
2.09:  82.7,18.5,243.9252
2.11:  82.7,18.5,243.1436
2.12:  82.7,18.5,242.3557
2.14:  82.7,18.5,241.5678
2.16:  82.7,18.5,240.7863
2.17:  82.7,18.5,239.9984
2.19:  82.7,18.5,239.2169
2.21:  82.7,18.5,238.4353
2.22:  82.7,18.5,237.6538
2.24:  82.7,18.5,236.8723
2.26:  82.7,18.5,236.0844
2.27:  82.7,18.5,235.3029
2.29:  82.7,18.5,234.515
2.31:  82.7,18.5,233.7334
2.32:  82.7,18.5,232.9519
2.34:  82.7,18.5,232.1703
2.36:  82.7,18.5,231.3888
2.37:  82.7,18.5,230.6073
2.39:  82.7,18.5,229.8257
2.41:  82.7,18.5,229.0442
2.42:  82.7,18.5,228.2626
2.44:  82.7,18.5,227.4748
2.46:  82.7,18.5,226.6932
2.47:  82.7,18.5,225.9117
2.49:  82.7,18.5,225.1301
2.51:  82.7,18.5,224.3486
2.52:  82.7,18.5,223.5671
2.54:  82.7,18.5,222.7855
2.56:  82.7,18.5,222.004
2.57:  82.7,18.5,221.2224
2.59:  82.7,18.5,220.4409
2.61:  82.7,18.5,219.6594
2.62:  82.7,18.5,218.8715
2.64:  82.7,18.5,218.0899
2.66:  82.7,18.5,217.3084
2.67:  82.7,18.5,216.5268
2.69:  82.7,18.5,215.7453
2.71:  82.7,18.5,214.9574
2.72:  82.7,18.5,214.1696
2.74:  82.7,18.5,213.388
2.76:  82.7,18.5,212.6065
2.77:  82.7,18.5,211.8249
2.79:  82.7,18.5,211.037
2.81:  82.7,18.5,210.2555
2.82:  82.7,18.5,209.474
2.84:  82.7,18.5,208.6861
2.86:  82.7,18.5,207.8982
2.87:  82.7,18.5,207.1103
2.89:  82.7,18.5,206.3225
2.91:  82.7,18.5,205.5346
2.92:  82.7,18.5,204.7467
2.94:  82.7,18.5,203.9588
2.96:  82.7,18.5,203.1709
2.97:  82.7,18.5,202.3831
2.99:  82.7,18.5,201.5952
3.01:  82.7,18.5,200.8136
3.02:  82.7,18.5,200.0448
3.04:  82.7,18.5,199.2949
3.06:  82.7,18.5,198.5768
3.07:  82.7,18.5,197.9156
3.09:  82.7,18.5,197.2989
3.11:  82.7,18.5,196.7075
3.12:  82.7,18.5,196.1414
3.14:  82.7,18.5,195.6261
3.16:  82.7,18.5,195.1551
3.17:  82.7,18.5,194.7475
3.19:  82.7,18.5,194.4096
3.21:  82.7,18.5,194.2112
3.22:  82.7,18.5,194.1648
3.24:  82.7,18.5,194.1375
3.26:  82.7,18.5,194.1101
3.27:  82.7,18.5,194.0765
3.29:  82.7,18.5,194.0491
3.31:  82.7,18.5,194.0282
3.32:  82.7,18.5,194.0008
3.34:  82.7,18.5,193.9671
3.36:  82.7,18.5,193.9398
3.37:  82.7,18.5,193.9188
3.39:  82.7,18.5,193.8915
3.41:  82.7,18.5,193.8642
3.42:  82.7,18.5,193.8368
3.44:  82.7,18.5,193.8095
3.46:  82.7,18.5,193.7822
3.47:  82.7,18.5,193.7548
3.49:  82.7,18.5,193.7275
3.51:  82.7,18.5,193.7002
3.52:  82.7,18.5,193.6728
3.54:  82.7,18.5,193.6455
3.56:  82.7,18.5,193.6182
3.57:  82.7,18.5,193.5908
3.59:  82.7,18.5,193.5635
3.61:  82.7,18.5,193.5362
3.62:  82.7,18.5,193.5088
3.64:  82.7,18.5,193.4815
3.66:  82.7,18.5,193.4542
3.67:  82.7,18.5,193.4268
3.69:  82.7,18.5,193.3995
3.71:  82.7,18.5,193.3722
3.72:  82.7,18.5,193.3448
3.74:  82.7,18.5,193.3175
3.76:  82.7,18.5,193.2902
3.77:  82.7,18.5,193.2628
3.79:  82.7,18.5,193.2355
3.81:  82.7,18.5,193.2082
3.82:  82.7,18.5,193.1808
3.84:  82.7,18.5,193.1535
3.86:  82.7,18.5,193.1262
3.87:  82.7,18.5,193.0989
3.89:  82.7,18.5,193.0715
3.91:  82.7,18.5,193.0442
3.92:  82.7,18.5,193.0169
3.94:  82.7,18.5,192.9895
3.96:  82.6945,18.47615,192.9622
3.97:  82.66528,18.34899,192.9412
3.99:  82.61308,18.1213,192.9139
4.01:  82.55759,17.87872,192.8865
4.02:  82.50211,17.63574,192.8592
4.04:  82.44408,17.38094,192.8319
4.06:  82.38976,17.14192,192.8045
4.07:  82.33473,16.89929,192.7772
4.09:  82.27977,16.6564,192.7499
4.11:  82.22321,16.40589,192.7225
4.12:  82.16898,16.16516,192.6952
4.14:  82.11553,15.92736,192.6679
4.16:  82.06094,15.68396,192.6405
4.17:  82.00582,15.43761,192.6132
4.19:  81.95137,15.19373,192.5859
4.21:  81.89716,14.95038,192.5585
4.22:  81.84351,14.70903,192.5312
4.24:  81.79587,14.45971,192.5039
4.26:  81.7514,14.21336,192.4765
4.27:  81.71428,13.96563,192.4492
4.29:  81.68355,13.70874,192.4219
4.31:  81.65923,13.46446,192.3946
4.32:  81.64168,13.21361,192.3672
4.34:  81.62652,12.95982,192.3336
4.36:  81.61872,12.70531,192.3062
4.37:  81.61585,12.45288,192.2852
4.39:  81.61787,12.19572,192.2579
4.41:  81.62959,11.93739,192.2306
4.42:  81.64516,11.67813,192.2032
4.44:  81.67831,11.42562,192.1759
4.46:  81.72491,11.17874,192.1422
4.47:  81.78043,10.92776,192.1086
4.49:  81.83443,10.6888,192.0812
4.51:  81.89503,10.44605,192.0476
4.52:  81.96055,10.20648,192.0202
4.54:  82.02805,9.964431,191.9929
4.56:  82.1004,9.725839,191.9656
4.57:  82.17284,9.487352,191.9382
4.59:  82.24554,9.248469,191.9109
4.61:  82.31664,9.015197,191.8836
4.62:  82.39043,8.773505,191.8562
4.64:  82.4627,8.537244,191.8289
4.66:  82.53875,8.289013,191.8016
4.67:  82.6104,8.055562,191.7742
4.69:  82.68304,7.819155,191.7533
4.71:  82.75603,7.582045,191.7259
4.72:  82.8292,7.344749,191.6986
4.74:  82.90304,7.105695,191.6712
4.76:  82.97662,6.867881,191.6439
4.77:  83.04997,6.631183,191.6166
4.79:  83.12393,6.392939,191.5892
4.81:  83.19799,6.15487,191.5556
4.82:  83.27076,5.921351,191.5282
4.84:  83.34496,5.683605,191.5009
4.86:  83.42061,5.441653,191.4736
4.87:  83.49486,5.204574,191.4463
4.89:  83.56908,4.967948,191.4189
4.91:  83.64194,4.728895,191.3916
4.92:  83.71054,4.4929,191.3643
4.94:  83.78059,4.25236,191.3369
4.96:  83.84721,4.01226,191.3096
4.97:  83.91295,3.767454,191.2823
4.99:  83.97349,3.530034,191.2549
5.01:  84.03544,3.287462,191.2339
5.02:  84.09419,3.044743,191.2066
5.04:  84.1518,2.797659,191.1793
5.06:  84.2082,2.55188,191.1519
5.07:  84.26451,2.307014,191.1246
5.09:  84.32129,2.060665,191.0973
5.11:  84.37634,1.807624,191.0699
5.12:  84.42857,1.56809,191.0426
5.14:  84.48312,1.318485,191.0153
5.16:  84.53645,1.064288,190.9879
5.17:  84.58708,0.8234074,190.9606
5.19:  84.64156,0.5758317,190.9333
5.21:  84.69395,0.3278585,190.9059
5.22:  84.74576,0.08315659,190.8786
5.24:  84.79871,-0.1663457,190.8513
5.26:  84.84881,-0.4126527,190.8239
5.27:  84.89365,-0.6599095,190.7966
5.29:  84.93609,-0.9110128,190.7693
5.31:  84.97808,-1.163867,190.742
5.32:  85.01883,-1.417507,190.7146
5.34:  85.05841,-1.668376,190.6873
5.36:  85.09789,-1.918321,190.679
5.37:  85.13779,-2.17091,190.677
5.39:  85.17727,-2.420846,190.677
5.41:  85.21704,-2.672625,190.677
5.42:  85.25856,-2.920923,190.677
5.44:  85.29884,-3.1759,190.677
5.46:  85.34115,-3.428931,190.679
5.47:  85.38142,-3.67901,190.6936
5.49:  85.42127,-3.92714,190.7146
5.51:  85.46093,-4.179856,190.7356
5.52:  85.50417,-4.435528,190.763
5.54:  85.54353,-4.682626,190.7903
5.56:  85.58275,-4.929625,190.8176
5.57:  85.62216,-5.178402,190.8386
5.59:  85.66179,-5.429131,190.8596
5.61:  85.70049,-5.679924,190.8806
5.62:  85.74053,-5.934635,190.9079
5.64:  85.7823,-6.186207,190.9353
5.66:  85.8209,-6.438544,190.9563
5.67:  85.85854,-6.685254,190.9772
5.69:  85.89691,-6.936676,190.9772
5.71:  85.93531,-7.18828,190.9772
5.72:  85.9733,-7.437271,190.9772
5.74:  86.01221,-7.692217,190.9772
5.76:  86.05355,-7.942338,190.9772
5.77:  86.09454,-8.195616,190.9772
5.79:  86.13366,-8.44646,190.9772
5.81:  86.172,-8.697698,190.9772
5.82:  86.21094,-8.947414,190.9772
5.84:  86.24943,-9.199639,190.9772
5.86:  86.28788,-9.451618,190.9772
5.87:  86.32681,-9.701208,190.9772
5.89:  86.36576,-9.951015,190.9772
5.91:  86.40421,-10.203,190.9772
5.92:  86.44242,-10.45334,190.9772
5.94:  86.48165,-10.70495,190.9772
5.96:  86.52061,-10.95479,190.9772
5.97:  86.55916,-11.20197,190.9772
5.99:  86.59858,-11.45474,190.9772
6.01:  86.63741,-11.70376,190.9772
6.02:  86.67614,-11.95212,190.9772
6.04:  86.71531,-12.20329,190.9772
6.06:  86.75372,-12.45503,190.9772
6.07:  86.79279,-12.70557,190.9772
6.09:  86.83137,-12.95835,190.9772
6.11:  86.87254,-13.20748,190.9772
6.12:  86.91167,-13.45839,190.9772
6.14:  86.95246,-13.71043,190.9772
6.16:  86.99086,-13.96203,190.9772
6.17:  87.03043,-14.22135,190.9772
6.19:  87.06887,-14.46785,190.9772
6.21:  87.10713,-14.71323,190.9772
6.22:  87.14524,-14.96296,190.9772
6.24:  87.18418,-15.21814,190.9772
6.26:  87.2231,-15.46768,190.9772
6.27:  87.26196,-15.71684,190.9772
6.29:  87.30064,-15.97035,190.9772
6.31:  87.33942,-16.21908,190.9772
6.32:  87.37836,-16.46879,190.9772
6.34:  87.41682,-16.72077,190.9772
6.36:  87.45576,-16.97047,190.9772
6.37:  87.49438,-17.21809,190.9772
6.39:  87.53371,-17.47029,190.9772
6.41:  87.57275,-17.72067,190.9772
6.42:  87.61121,-17.96728,190.9772
6.44:  87.65053,-18.21944,190.9772
6.46:  87.68944,-18.46898,190.9772
6.47:  87.72744,-18.71799,190.9772
6.49:  87.76645,-18.97359,190.9772
6.51:  87.80537,-19.22318,190.9772
6.52:  87.84373,-19.47456,190.9772
6.54:  87.88284,-19.72537,190.9772
6.56:  87.92139,-19.97798,190.9772
6.57:  87.95988,-20.23019,190.9772
6.59:  87.99883,-20.47994,190.9772
6.61:  88.03706,-20.73054,190.9772
6.62:  88.07552,-20.98255,190.9772
6.64:  88.11418,-21.23589,190.9772
6.66:  88.15282,-21.48911,190.9772
6.67:  88.19119,-21.74052,190.9772
6.69:  88.23006,-21.99517,190.9772
6.71:  88.25741,-22.24513,190.9772
6.72:  88.27498,-22.50627,190.9772
6.74:  88.29225,-22.76296,190.9772
6.76:  88.3072,-23.0203,190.9772
6.77:  88.32222,-23.27909,190.9772
6.79:  88.33714,-23.53596,190.9772
6.81:  88.35209,-23.79352,190.9772
6.82:  88.36692,-24.04893,190.9772
6.84:  88.38197,-24.30821,190.9772
6.86:  88.397,-24.5669,190.9772
6.87:  88.41428,-24.82376,190.9772
6.89:  88.42445,-25.08109,190.9772
6.91:  88.42978,-25.33691,190.9772
6.92:  88.43267,-25.58929,190.9772
6.94:  88.42833,-25.84586,190.9772
6.96:  88.42165,-26.09831,190.9772
6.97:  88.41252,-26.35202,190.9772
6.99:  88.40338,-26.60579,190.9772
7.01:  88.39441,-26.85498,190.9772
7.02:  88.38522,-27.11015,190.9772
7.04:  88.37607,-27.36428,190.9772
7.06:  88.367,-27.61606,190.9772
7.07:  88.35799,-27.8661,190.9772
7.09:  88.34879,-28.12158,190.9772
7.11:  88.33968,-28.37485,190.9772
7.12:  88.33034,-28.63424,190.9772
7.14:  88.32144,-28.88123,190.9772
7.16:  88.31208,-29.14117,190.9772
7.17:  88.30335,-29.38354,190.9772
7.19:  88.29412,-29.63993,190.9772
7.21:  88.28503,-29.89257,190.9772
7.22:  88.27596,-30.14438,190.9772
7.24:  88.26683,-30.39785,190.9772
7.26:  88.25772,-30.6507,190.9772
7.27:  88.2486,-30.90394,190.9772
7.29:  88.23943,-31.15856,190.9772
7.31:  88.23044,-31.40832,190.9772
7.32:  88.22141,-31.65918,190.9772
7.34:  88.21464,-31.91519,190.9772
7.36:  88.20792,-32.16946,190.9772
7.37:  88.20124,-32.42188,190.9772
7.39:  88.19206,-32.67675,190.9772
7.41:  88.18538,-32.92938,190.9772
7.42:  88.17876,-33.17965,190.9772
7.44:  88.16957,-33.43478,190.9772
7.46:  88.16054,-33.68567,190.9772
7.47:  88.15146,-33.9378,190.9772
7.49:  88.14224,-34.19376,190.9772
7.51:  88.13316,-34.44595,190.9772
7.52:  88.1241,-34.69756,190.9772
7.54:  88.11469,-34.95907,190.9772
7.56:  88.10576,-35.20697,190.9772
7.57:  88.09666,-35.45951,190.9772
7.59:  88.08756,-35.71229,190.9772
7.61:  88.0785,-35.96385,190.9772
7.62:  88.07185,-36.21537,190.9772
7.64:  88.06509,-36.47109,190.9772
7.66:  88.056,-36.72352,190.9772
7.67:  88.04695,-36.97469,190.9772
7.69:  88.03783,-37.22783,190.9772
7.71:  88.02876,-37.48005,190.9772
7.72:  88.0196,-37.73424,190.9772
7.74:  88.01043,-37.98892,190.9772
7.76:  88.00134,-38.24136,190.9772
7.77:  87.99223,-38.49416,190.9772
7.79:  87.98315,-38.74664,190.9772
7.81:  87.974,-39.00056,190.9772
7.82:  87.965,-39.25068,190.9772
7.84:  87.95583,-39.50518,190.9772
7.86:  87.9467,-39.75865,190.9772
7.87:  87.93757,-40.01231,190.9772
7.89:  87.92853,-40.26342,190.9772
7.91:  87.91938,-40.5174,190.9772
7.92:  87.91028,-40.77015,190.9772
7.94:  87.90118,-41.02274,190.9772
7.96:  87.89433,-41.28189,190.9772
7.97:  87.88538,-41.53047,190.9772
7.99:  87.87632,-41.7821,190.9772
8.01:  87.86718,-42.03582,190.9772
8.02:  87.85815,-42.28638,190.9772
8.04:  87.849,-42.54068,190.9772
8.06:  87.8399,-42.79331,190.9772
8.07:  87.83078,-43.04672,190.9772
8.09:  87.82166,-43.2998,190.9772
8.11:  87.81255,-43.55307,190.9772
8.12:  87.8036,-43.8015,190.9772
8.14:  87.79679,-44.05901,190.9772
8.16:  87.79015,-44.30997,190.9772
8.17:  87.78097,-44.56497,190.9772
8.19:  87.77428,-44.81789,190.9772
8.21:  87.76525,-45.0686,190.9772
8.22:  87.75614,-45.32166,190.9772
8.24:  87.74694,-45.57717,190.9772
8.26:  87.733,-45.82942,190.9772
8.27:  87.71183,-46.08037,190.9772
8.29:  87.68584,-46.33036,190.9772
8.31:  87.65289,-46.57696,190.9772
8.32:  87.61504,-46.82342,190.9772
8.34:  87.56725,-47.06978,190.9772
8.36:  87.5181,-47.32319,190.9772
8.37:  87.47188,-47.56149,190.9772
8.39:  87.42414,-47.80759,190.9772
8.41:  87.37677,-48.05182,190.9772
8.42:  87.3295,-48.29555,190.9772
8.44:  87.28162,-48.54235,190.9772
8.46:  87.23373,-48.78929,190.9772
8.47:  87.18651,-49.0327,190.9772
8.49:  87.13879,-49.27871,190.9772
8.51:  87.09139,-49.52307,190.9772
8.52:  87.04358,-49.76958,190.9772
8.54:  86.99592,-50.0153,190.9772
8.56:  86.94839,-50.26029,190.9772
8.57:  86.89928,-50.51351,190.9772
8.59:  86.85217,-50.7564,190.9772
8.61:  86.80409,-51.00424,190.9772
8.62:  86.75723,-51.24588,190.9772
8.64:  86.71007,-51.48901,190.9772
8.66:  86.66225,-51.73555,190.9772
8.67:  86.61512,-51.97852,190.9772
8.69:  86.56759,-52.22353,190.9772
8.71:  86.51973,-52.47029,190.9772
8.72:  86.47208,-52.71597,190.9772
8.74:  86.42466,-52.96042,190.9772
8.76:  86.37693,-53.20647,190.9772
8.77:  86.32948,-53.45113,190.9772
8.79:  86.28182,-53.69683,190.9772
8.81:  86.23432,-53.94166,190.9792
8.82:  86.18684,-54.18524,191.0319
8.84:  86.13766,-54.43333,191.2113
8.86:  86.08853,-54.67443,191.5175
8.87:  86.036,-54.92249,191.9568
8.89:  85.98154,-55.16675,192.5673
8.91:  85.92263,-55.41625,193.2854
8.92:  85.86247,-55.65624,194.0733
8.94:  85.79952,-55.89347,194.8612
8.96:  85.73189,-56.1349,195.6491
8.97:  85.66216,-56.37123,196.4369
8.99:  85.58712,-56.6133,197.2248
9.01:  85.50985,-56.85094,198.0127
9.02:  85.42977,-57.08614,198.8006
9.06:  85.3457,-57.3224,199.5885
9.07:  85.25859,-57.55694,200.3763
9.09:  85.16919,-57.78785,201.1642
9.11:  85.0748,-58.02203,201.9521
9.12:  84.97827,-58.25235,202.74
9.14:  84.87871,-58.48102,203.5278
9.16:  84.77505,-58.71043,204.3157
9.17:  84.66995,-58.93476,205.1036
9.19:  84.55993,-59.16142,205.8915
9.21:  84.44771,-59.38474,206.6794
9.22:  84.33261,-59.60616,207.4673
9.24:  84.21362,-59.82755,208.2551
9.26:  84.0927,-60.04533,209.043
9.27:  83.96847,-60.26259,209.7612
9.29:  83.84429,-60.47507,210.3019
9.31:  83.71645,-60.69381,210.3038
9.32:  83.59035,-60.90958,210.3038
9.34:  83.4641,-61.12559,210.3038
9.36:  83.33795,-61.34143,210.3038
9.37:  83.21194,-61.55703,210.3038
9.39:  83.08572,-61.77302,210.3038
9.41:  82.95956,-61.98888,210.3038
9.42:  82.83357,-62.20444,210.3038
9.44:  82.70839,-62.41863,210.3038
9.46:  82.58115,-62.63633,210.3038
9.47:  82.45458,-62.8529,210.3038
9.49:  82.3117,-63.06739,210.3038
9.51:  82.16856,-63.2651,210.3038
9.52:  82.0021,-63.45758,210.3038
9.54:  81.82571,-63.64315,210.3038
9.56:  81.64185,-63.82195,210.3058
9.57:  81.45198,-63.99144,210.3332
9.59:  81.25606,-64.14682,210.5063
9.61:  81.05666,-64.3018,210.8632
9.62:  80.85438,-64.44877,211.4673
9.64:  80.64982,-64.59459,212.1981
9.66:  80.44104,-64.73637,212.986
9.67:  80.23337,-64.87595,213.7739
9.69:  80.01864,-65.01331,214.5617
9.71:  79.80399,-65.14648,215.3496
9.72:  79.58926,-65.27454,216.1375
9.74:  79.37125,-65.40163,216.9254
9.76:  79.15089,-65.52607,217.7133
9.77:  78.92513,-65.65214,218.5011
9.79:  78.71059,-65.76707,219.289
9.81:  78.48824,-65.87973,220.0769
9.82:  78.26812,-65.98997,220.8648
9.84:  78.04137,-66.09966,221.6526
9.86:  77.81272,-66.20389,222.4405
9.87:  77.58346,-66.30463,223.2284
9.89:  77.35102,-66.40401,224.0163
9.91:  77.11691,-66.50032,224.8042
9.92:  76.87589,-66.59563,225.592
9.94:  76.64902,-66.68175,226.3799
9.96:  76.41013,-66.76766,227.1678
9.97:  76.17358,-66.84908,227.9557
9.99:  75.92637,-66.93143,228.7436
10.01:  75.69131,-67.00517,229.5314
10.02:  75.45906,-67.07453,230.3193
10.04:  75.21339,-67.14525,231.1072
10.06:  74.97212,-67.21249,231.8951
10.07:  74.73244,-67.27342,232.683
10.09:  74.48672,-67.33232,233.4708
10.11:  74.24086,-67.39099,234.2587
10.12:  73.99345,-67.44411,235.0466
10.14:  73.74744,-67.49572,235.8345
10.16:  73.50082,-67.54391,236.6224
10.17:  73.25307,-67.58652,237.4102
10.19:  73.00342,-67.62821,238.1981
10.21:  72.75297,-67.66422,238.986
10.22:  72.50583,-67.6976,239.7739
10.24:  72.25838,-67.72851,240.5618
10.26:  72.00578,-67.75423,241.3496
10.27:  71.75413,-67.77638,242.1375
10.29:  71.50591,-67.79703,242.9254
10.31:  71.25392,-67.81223,243.7133
10.32:  71.00034,-67.82632,244.5011
10.34:  70.74786,-67.83363,245.289
10.36:  70.49859,-67.83743,246.0769
10.37:  70.23859,-67.8388,246.8648
10.39:  69.98765,-67.83572,247.6527
10.41:  69.7405,-67.83022,248.4406
10.42:  69.49361,-67.82039,249.2284
10.44:  69.24229,-67.80788,250.0163
10.46:  68.99053,-67.79091,250.8042
10.47:  68.73236,-67.77093,251.5921
10.49:  68.48852,-67.75089,252.3799
10.51:  68.23743,-67.72676,253.1678
10.52:  67.98758,-67.69701,253.9557
10.54:  67.73706,-67.66598,254.7436
10.56:  67.49043,-67.63103,255.5315
10.57:  67.243,-67.5902,256.3193
10.59:  66.99323,-67.54642,257.1072
10.61:  66.74525,-67.49944,257.8951
10.62:  66.50072,-67.44865,258.683
10.64:  66.25293,-67.40717,259.4709
10.66:  65.99761,-67.39394,260.2587
10.67:  65.7477,-67.40893,260.9706
10.69:  65.49407,-67.44131,261.6
10.71:  65.25047,-67.47494,262.1407
10.72:  65.00346,-67.50732,262.5293
10.74:  64.75496,-67.53887,262.7658
10.76:  64.50663,-67.57036,262.7741
10.77:  64.25904,-67.60171,262.7824
10.79:  64.01215,-67.63297,262.7844
10.81:  63.75542,-67.66544,262.7927
10.82:  63.51445,-67.6959,262.7947
10.84:  63.26656,-67.72723,262.7967
10.86:  63.01846,-67.75858,262.7987
10.87:  62.7703,-67.78992,262.8007
10.89:  62.52452,-67.82096,262.8026
10.91:  62.27518,-67.85244,262.8046
10.92:  62.02589,-67.8839,262.8066
10.94:  61.78197,-67.91468,262.8086
10.96:  61.52319,-67.94733,262.8106
10.97:  61.27832,-67.9782,262.8126
10.99:  61.03397,-68.00901,262.8145
11.01:  60.78668,-68.04018,262.8165
11.02:  60.53789,-68.07153,262.8185
11.04:  60.29393,-68.10226,262.8205
11.06:  60.04263,-68.1339,262.8224
11.07:  59.78727,-68.16605,262.8244
11.09:  59.54349,-68.19003,262.8264
11.11:  59.29762,-68.19004,262.8284
11.12:  59.05333,-68.19004,262.8304
11.14:  58.80476,-68.19004,262.8323
11.16:  58.55463,-68.19005,262.8343
11.17:  58.29807,-68.19006,262.8427
11.19:  58.05341,-68.19006,262.8446
11.21:  57.80912,-68.19008,262.8529
11.22:  57.56102,-68.19008,262.8549
11.24:  57.31391,-68.19008,262.8569
11.26:  57.06644,-68.19009,262.8652
11.27:  56.81837,-68.19013,262.8925
11.29:  56.5734,-68.19023,262.9642
11.31:  56.31601,-68.19044,263.1247
11.32:  56.07278,-68.19077,263.3548
11.34:  55.82444,-68.1912,263.6674
11.36:  55.57607,-68.19175,264.0623
11.37:  55.32716,-68.19242,264.546
11.39:  55.07758,-68.19323,265.1247
11.41:  54.82967,-68.19413,265.7731
11.42:  54.58034,-68.19509,266.4659
11.44:  54.33007,-68.19612,267.2031
11.46:  54.08046,-68.19722,267.991
11.47:  53.83046,-68.19833,268.7789
11.49:  53.57999,-68.19942,269.5667
11.51:  53.32993,-68.19788,270.3546
11.52:  53.08041,-68.1929,271.1425
11.54:  52.82977,-68.18445,271.9304
11.56:  52.58142,-68.17266,272.7183
11.57:  52.3315,-68.15737,273.4998
11.59:  52.08126,-68.13864,274.2813
11.61:  51.83202,-68.11656,275.0629
11.62:  51.58683,-68.09143,275.8508
11.64:  51.33686,-68.06237,276.6323
11.66:  51.08804,-68.02996,277.4202
11.67:  50.84069,-67.99432,278.2017
11.69:  50.59283,-67.9551,278.9896
11.71:  50.34686,-67.91274,279.7711
11.72:  50.10166,-67.86703,280.559
11.74:  49.85518,-67.81757,281.3469
11.76:  49.61182,-67.76525,282.1348
11.77:  49.36803,-67.70931,282.9227
11.79:  49.126,-67.65026,283.7105
11.81:  48.87574,-67.58555,284.4984
11.82:  48.64018,-67.52117,285.2863
11.84:  48.40199,-67.45253,286.0742
11.86:  48.16305,-67.38011,286.8621
11.87:  47.91716,-67.3019,287.6436
11.89:  47.68451,-67.2244,288.4251
11.91:  47.45069,-67.14294,289.2067
11.92:  47.21642,-67.0577,289.9946
11.94:  46.983,-66.96912,290.7824
11.96:  46.75041,-66.87717,291.5703
11.97:  46.51912,-66.78204,292.3582
11.99:  46.28911,-66.68371,293.1461
12.01:  46.06025,-66.58216,293.9276
12.02:  45.83666,-66.47927,294.7091
12.04:  45.60122,-66.36702,295.4907
12.06:  45.38265,-66.2591,296.2786
12.07:  45.16091,-66.1458,297.0664
12.09:  44.94162,-66.02994,297.848
12.11:  44.71982,-65.90886,298.6295
12.12:  44.50222,-65.78616,299.4174
12.14:  44.2868,-65.66076,300.2053
12.16:  44.07272,-65.5322,300.9868
12.17:  43.85995,-65.40041,301.7747
12.19:  43.65027,-65.26653,302.5562
12.21:  43.43921,-65.12769,303.3378
12.22:  43.22773,-64.98441,304.1193
12.24:  43.02464,-64.84269,304.9072
12.26:  42.8233,-64.69807,305.6887
12.27:  42.62316,-64.5501,306.4766
12.29:  42.42399,-64.39861,307.2581
12.31:  42.22749,-64.24483,308.046
12.32:  42.03221,-64.08763,308.8339
12.34:  41.84015,-63.92862,309.6218
12.36:  41.65038,-63.76706,310.4097
12.37:  41.46242,-63.60256,311.1912
12.39:  41.27612,-63.43498,311.9727
12.41:  41.09198,-63.26474,312.7543
12.42:  40.91171,-63.09345,313.5358
12.44:  40.73389,-62.91978,314.3237
12.46:  40.55649,-62.74168,315.1116
12.47:  40.38301,-62.56271,315.8931
12.49:  40.20967,-62.37893,316.6747
12.51:  40.04095,-62.19509,317.4562
12.52:  39.8828,-62.00331,318.2441
12.54:  39.7302,-61.80516,319.032
12.56:  39.5798,-61.60423,319.8198
12.57:  39.42962,-61.39775,320.6014
12.59:  39.28598,-61.19451,321.3829
12.61:  39.14503,-60.98919,322.1645
12.62:  39.00824,-60.78395,322.9523
12.64:  38.87058,-60.5711,323.7402
12.66:  38.73752,-60.35909,324.5218
12.67:  38.60729,-60.14515,325.3033
12.69:  38.48043,-59.93014,326.0912
12.71:  38.35236,-59.70611,326.8791
12.72:  38.23435,-59.49292,327.6669
12.74:  38.11546,-59.27105,328.4485
12.76:  38.00078,-59.04984,329.23
12.77:  37.88814,-58.82506,330.0179
12.79:  37.77877,-58.59916,330.7994
12.81:  37.67284,-58.37254,331.581
12.82:  37.57074,-58.14605,332.3689
12.84:  37.4711,-57.9167,333.1504
12.86:  37.3745,-57.6857,333.9383
12.87:  37.28119,-57.45375,334.7198
12.89:  37.18812,-57.2198,335.5014
12.91:  37.10089,-56.98455,336.2892
12.92:  37.0177,-56.75034,337.0771
12.94:  36.93697,-56.51276,337.865
12.96:  36.85971,-56.27474,338.6529
12.97:  36.78565,-56.03546,339.4344
12.99:  36.71415,-55.79388,340.1462
13.01:  36.64428,-55.54791,340.7757
13.02:  36.58066,-55.31543,341.329
13.04:  36.51563,-55.06976,341.8064
13.06:  36.45319,-54.82703,342.2076
13.07:  36.38951,-54.58387,342.5202
13.09:  36.32693,-54.34111,342.7376
13.11:  36.26514,-54.10005,342.8157
13.12:  36.20624,-53.8602,342.8367
13.14:  36.14568,-53.61332,342.8513
13.16:  36.08577,-53.36892,342.8596
13.17:  36.0265,-53.12701,342.868
13.19:  35.96703,-52.88421,342.8699
13.21:  35.90729,-52.64027,342.8719
13.22:  35.84769,-52.39689,342.8739
13.24:  35.78898,-52.15711,342.8759
13.26:  35.729,-51.91208,342.8779
13.27:  35.66818,-51.6635,342.8862
13.29:  35.61018,-51.42626,342.8945
13.31:  35.55028,-51.18112,342.9028
13.32:  35.4955,-50.93627,342.9048
13.34:  35.45738,-50.68797,342.9068
13.36:  35.42831,-50.43436,342.9088
13.37:  35.40876,-50.17886,342.9171
13.39:  35.3986,-49.9201,342.9254
13.41:  35.39931,-49.66299,342.9337
13.42:  35.41083,-49.40828,342.9357
13.44:  35.42725,-49.15425,342.944
13.46:  35.44555,-48.90652,342.946
13.47:  35.46367,-48.66149,342.948
13.49:  35.48205,-48.41284,342.95
13.51:  35.50053,-48.16376,342.9646
13.52:  35.51925,-47.91587,343.0363
13.54:  35.54118,-47.66701,343.2348
13.56:  35.56255,-47.41615,343.5917
13.57:  35.58589,-47.16748,344.0817
13.59:  35.61186,-46.91872,344.6794
13.61:  35.6407,-46.67042,345.3469
13.62:  35.67275,-46.42244,346.084
13.64:  35.70785,-46.17737,346.8719
13.66:  35.74706,-45.92809,347.6598
13.67:  35.78912,-45.68278,348.4477
13.69:  35.83404,-45.44075,349.2356
13.71:  35.88398,-45.19088,350.0234
13.72:  35.93616,-44.94733,350.8113
13.74:  35.99156,-44.70502,351.5992
13.76:  36.05085,-44.46117,352.3871
13.77:  36.11567,-44.21887,353.175
13.79:  36.1814,-43.97763,353.9628
13.81:  36.25047,-43.73727,354.7507
13.82:  36.32273,-43.49817,355.5386
13.84:  36.39779,-43.26165,356.3265
13.86:  36.47457,-43.02349,357.1143
13.87:  36.55442,-42.78701,357.9022
13.89:  36.63139,-42.55795,358.6901
13.91:  36.70123,-42.32403,359.478
13.92:  36.76891,-42.09732,0.2658693
13.94:  36.83807,-41.87344,1.053748
13.96:  36.89775,-41.66148,1.841627
13.97:  36.95897,-41.4487,2.629506
13.99:  37.01921,-41.24933,3.417385
14.01:  37.07617,-41.05327,4.205264
14.02:  37.12774,-40.86473,4.993143
14.04:  37.17733,-40.68577,5.781022
14.06:  37.22226,-40.50775,6.568901
14.07:  37.26988,-40.33068,7.35678
14.09:  37.31948,-40.15705,8.144658
14.11:  37.36908,-39.98365,8.932538
14.12:  37.41392,-39.80927,9.720416
14.14:  37.4464,-39.63414,10.5083
14.16:  37.48146,-39.45862,11.29618
14.17:  37.51888,-39.28383,12.08405
14.19:  37.55886,-39.10888,12.87193
14.21:  37.60117,-38.93479,13.65981
14.22:  37.64586,-38.76132,14.44769
14.24:  37.6926,-38.58971,15.23557
14.26:  37.74196,-38.41784,16.02345
14.27:  37.79443,-38.24419,16.81133
14.29:  37.85023,-38.06826,17.59921
14.31:  37.90923,-37.89078,18.38709
14.32:  37.97092,-37.71336,19.17496
14.34:  38.03764,-37.5297,19.96284
14.36:  38.10968,-37.33956,20.75072
14.37:  38.18787,-37.14144,21.5386
14.39:  38.2732,-36.93365,22.32648
14.41:  38.36286,-36.72361,23.11436
14.42:  38.46034,-36.50366,23.90224
14.44:  38.56478,-36.27629,24.67111
14.46:  38.67183,-36.0506,25.37659
14.47:  38.78169,-35.82547,26.01236
14.49:  38.89358,-35.60164,26.5594
14.51:  39.0075,-35.37806,26.9987
14.52:  39.12497,-35.15049,27.3049
14.54:  39.23888,-34.93153,27.48434
14.56:  39.35291,-34.71296,27.5497
14.57:  39.46841,-34.49179,27.57703
14.59:  39.58397,-34.27073,27.59803
14.61:  39.70014,-34.04865,27.61268
14.62:  39.81411,-33.83091,27.62734
14.64:  39.93152,-33.60665,27.63566
14.66:  40.04791,-33.38443,27.64398
14.67:  40.16405,-33.16276,27.65229
14.69:  40.28008,-32.9414,27.66061
14.71:  40.3965,-32.71935,27.66893
14.72:  40.51222,-32.49873,27.67725
14.74:  40.62841,-32.27728,27.68557
14.76:  40.74419,-32.05671,27.69388
14.77:  40.86364,-31.82921,27.7022
14.79:  40.97685,-31.61366,27.71052
14.81:  41.09362,-31.39142,27.71884
14.82:  41.20895,-31.17201,27.72716
14.84:  41.31778,-30.96508,27.74182
14.86:  41.40668,-30.79606,27.7438
14.87:  41.47303,-30.66996,27.75212
14.89:  41.50844,-30.6027,27.76043
14.91:  41.50844,-30.6027,27.78143
14.92:  41.50844,-30.6027,27.8151
14.94:  41.50844,-30.6027,27.91848
14.96:  41.50844,-30.6027,28.10426
14.97:  41.50844,-30.6027,28.35976
14.99:  41.50844,-30.6027,28.69765
15.01:  41.50844,-30.6027,29.06723
15.02:  41.50844,-30.6027,29.4368
15.04:  41.50844,-30.6027,29.80638
15.06:  41.50844,-30.6027,30.05554
15.07:  41.50844,-30.6027,30.05554
15.09:  41.50844,-30.6027,29.96483
15.11:  41.50844,-30.6027,29.55723
15.12:  41.50844,-30.6027,28.76935
15.14:  41.50844,-30.6027,27.98147
15.16:  41.50844,-30.6027,27.19359
15.17:  41.50844,-30.6027,26.40571
15.19:  41.50844,-30.6027,25.61783
15.21:  41.50844,-30.6027,24.82995
15.22:  41.50844,-30.6027,24.04207
15.24:  41.50844,-30.6027,23.2542
15.26:  41.50844,-30.6027,22.46632
15.27:  41.50844,-30.6027,21.67844
15.29:  41.50844,-30.6027,20.89056
15.31:  41.50844,-30.6027,20.10268
15.32:  41.50844,-30.6027,19.31481
15.34:  41.50844,-30.6027,18.52693
15.36:  41.50844,-30.6027,17.73905
15.37:  41.50844,-30.6027,16.95117
15.39:  41.50844,-30.6027,16.16329
15.41:  41.50844,-30.6027,15.37541
15.42:  41.50844,-30.6027,14.58753
15.44:  41.50844,-30.6027,13.79965
15.46:  41.50844,-30.6027,13.01178
15.47:  41.50844,-30.6027,12.2239
15.49:  41.50844,-30.6027,11.43602
15.51:  41.50844,-30.6027,10.64814
15.52:  41.50844,-30.6027,9.860261
15.54:  41.50844,-30.6027,9.072382
15.56:  41.50844,-30.6027,8.284503
15.57:  41.50844,-30.6027,7.496624
15.59:  41.50844,-30.6027,6.708745
15.61:  41.50844,-30.6027,5.920866
15.62:  41.50844,-30.6027,5.132988
15.64:  41.50844,-30.6027,4.345109
15.66:  41.50844,-30.6027,3.55723
15.67:  41.50844,-30.6027,2.769352
15.69:  41.50844,-30.6027,1.981473
15.71:  41.50844,-30.6027,1.193594
15.72:  41.50844,-30.6027,0.4057151
15.74:  41.50844,-30.6027,359.6178
15.76:  41.50844,-30.6027,358.83
15.77:  41.50844,-30.6027,358.0421
15.79:  41.50844,-30.6027,357.2542
15.81:  41.50844,-30.6027,356.4663
15.82:  41.50844,-30.6027,355.6784
15.84:  41.50844,-30.6027,354.8906
15.86:  41.50844,-30.6027,354.1027
15.87:  41.50844,-30.6027,353.3148
15.89:  41.50844,-30.6027,352.5269
15.91:  41.50844,-30.6027,351.739
15.92:  41.50844,-30.6027,350.9512
15.94:  41.50844,-30.6027,350.1633
15.96:  41.50844,-30.6027,349.3754
15.97:  41.50844,-30.6027,348.5875
15.99:  41.50844,-30.6027,347.7997
16.01:  41.50844,-30.6027,347.0118
16.02:  41.50844,-30.6027,346.2239
16.04:  41.50844,-30.6027,345.436
16.06:  41.50844,-30.6027,344.6481
16.07:  41.50844,-30.6027,343.8603
16.09:  41.50844,-30.6027,343.0724
16.11:  41.50844,-30.6027,342.2845
16.12:  41.50844,-30.6027,341.4966
16.14:  41.50844,-30.6027,340.7087
16.16:  41.50844,-30.6027,339.9209
16.17:  41.50844,-30.6027,339.133
16.19:  41.50844,-30.6027,338.3451
16.21:  41.50844,-30.6027,337.5572
16.22:  41.50844,-30.6027,336.7693
16.24:  41.50844,-30.6027,335.9815
16.26:  41.50844,-30.6027,335.1936
16.27:  41.50844,-30.6027,334.4057
16.29:  41.50844,-30.6027,333.6178
16.31:  41.50844,-30.6027,332.83
16.32:  41.50844,-30.6027,332.0421
16.34:  41.50844,-30.6027,331.2542
16.36:  41.50844,-30.6027,330.4663
16.37:  41.50844,-30.6027,329.6784
16.39:  41.50844,-30.6027,328.8906
16.41:  41.50844,-30.6027,328.1027
16.42:  41.50844,-30.6027,327.3148
16.44:  41.50844,-30.6027,326.5269
16.46:  41.50844,-30.6027,325.739
16.47:  41.50844,-30.6027,324.9512
16.49:  41.50844,-30.6027,324.1633
16.51:  41.50844,-30.6027,323.3754
16.52:  41.50844,-30.6027,322.5875
16.54:  41.50844,-30.6027,321.7997
16.56:  41.50844,-30.6027,321.0117
16.57:  41.50844,-30.6027,320.2239
16.59:  41.50844,-30.6027,319.436
16.61:  41.50844,-30.6027,318.6481
16.62:  41.50844,-30.6027,317.8602
16.64:  41.50844,-30.6027,317.0724
16.66:  41.50844,-30.6027,316.2845
16.67:  41.50844,-30.6027,315.4966
16.69:  41.50844,-30.6027,314.7087
16.71:  41.50844,-30.6027,313.9208
16.72:  41.50844,-30.6027,313.133
16.74:  41.50844,-30.6027,312.3451
16.76:  41.50844,-30.6027,311.5572
16.77:  41.50844,-30.6027,310.7693
16.79:  41.50844,-30.6027,309.9814
16.81:  41.50844,-30.6027,309.1936
16.82:  41.50844,-30.6027,308.4057
16.84:  41.50844,-30.6027,307.6178
16.86:  41.50844,-30.6027,306.8299
16.87:  41.50844,-30.6027,306.0421
16.89:  41.50844,-30.6027,305.2542
16.91:  41.48183,-30.58443,304.4663
16.92:  41.3615,-30.52534,303.6784
16.94:  41.16616,-30.47419,302.8905
16.96:  40.92947,-30.42416,302.1597
16.97:  40.68333,-30.37493,301.5366
16.99:  40.4401,-30.32812,301.1163
17.01:  40.19456,-30.28349,301.0573
17.02:  39.95441,-30.23766,301.03
17.04:  39.70512,-30.18935,300.9963
17.06:  39.45827,-30.13527,300.969
17.07:  39.21283,-30.06812,300.9417
17.09:  38.96727,-29.99549,300.9143
17.11:  38.72519,-29.91344,300.8933
17.12:  38.48624,-29.82499,300.866
17.14:  38.25421,-29.729,300.8387
17.16:  38.02504,-29.62378,300.8177
17.17:  37.79915,-29.5148,300.7967
17.19:  37.57503,-29.39862,300.7693
17.21:  37.35592,-29.27964,300.7483
17.22:  37.13189,-29.15524,300.7273
17.24:  36.91989,-29.02936,300.7
17.26:  36.70699,-28.90309,300.6727
17.27:  36.49276,-28.77617,300.6453
17.29:  36.2799,-28.65015,300.6243
17.31:  36.06239,-28.52151,300.6033
17.32:  35.84677,-28.39411,300.576
17.34:  35.6323,-28.26759,300.536
17.36:  35.40935,-28.13645,300.4643
17.37:  35.19933,-28.01374,300.2975
17.39:  34.98246,-27.88864,299.9787
17.41:  34.76559,-27.7659,299.5077
17.42:  34.5473,-27.64573,298.8339
17.44:  34.32712,-27.52843,298.046
17.46:  34.10519,-27.41409,297.2581
17.47:  33.88136,-27.30264,296.4702
17.49:  33.65483,-27.1937,295.6824
17.51:  33.42786,-27.08837,294.8945
17.52:  33.20324,-26.98786,294.1066
17.54:  32.97018,-26.8874,293.3187
17.56:  32.7399,-26.79187,292.5309
17.57:  32.5067,-26.69886,291.743
17.59:  32.2772,-26.61097,290.9551
17.61:  32.0398,-26.52378,290.1672
17.62:  31.80375,-26.44075,289.3793
17.64:  31.56545,-26.3606,288.5915
17.66:  31.32847,-26.28449,287.8036
17.67:  31.08934,-26.21131,287.0157
17.69:  30.84186,-26.13928,286.2278
17.71:  30.60229,-26.07311,285.4399
17.72:  30.36489,-26.01105,284.652
17.74:  30.12477,-25.95178,283.8642
17.76:  29.88134,-25.89524,283.0763
17.77:  29.63574,-25.84174,282.2884
17.79:  29.39255,-25.79226,281.5005
17.81:  29.14515,-25.74546,280.7126
17.82:  28.90315,-25.703,279.9501
17.84:  28.64665,-25.66091,279.3207
17.86:  28.40619,-25.62352,278.837
17.87:  28.15901,-25.5865,278.5182
17.89:  27.91043,-25.54964,278.4338
17.91:  27.66335,-25.51313,278.4065
17.92:  27.41748,-25.47688,278.3855
17.94:  27.16916,-25.4404,278.3581
17.96:  26.92208,-25.40422,278.3308
17.97:  26.67496,-25.36815,278.3035
17.99:  26.42684,-25.33204,278.2825
18.01:  26.17906,-25.29609,278.2551
18.02:  25.92525,-25.25936,278.2341
18.04:  25.68509,-25.2247,278.2131
18.06:  25.43572,-25.18882,278.1858
18.07:  25.18937,-25.15353,278.1521
18.09:  24.94201,-25.11825,278.1185
18.11:  24.69434,-25.08304,278.0911
18.12:  24.44976,-25.04841,278.0575
18.14:  24.20038,-25.01326,278.0238
18.16:  23.9522,-24.97837,278.0028
18.17:  23.70522,-24.94374,277.9818
18.19:  23.45617,-24.90894,277.9545
18.21:  23.20951,-24.87459,277.9271
18.22:  22.96157,-24.84019,277.8998
18.24:  22.71508,-24.8061,277.8725
18.26:  22.45971,-24.77092,277.8452
18.27:  22.21465,-24.73727,277.8178
18.29:  21.97059,-24.71116,277.7905
18.31:  21.7211,-24.68953,277.7631
18.32:  21.47161,-24.66555,277.7358
18.34:  21.22164,-24.64902,277.7085
18.36:  20.97159,-24.63747,277.6875
18.37:  20.72004,-24.62842,277.6602
18.39:  20.46824,-24.62189,277.6392
18.41:  20.21678,-24.6155,277.6118
18.42:  19.96575,-24.60924,277.5845
18.44:  19.71451,-24.60309,277.5571
18.46:  19.46348,-24.59706,277.5298
18.47:  19.21223,-24.59115,277.5025
18.49:  18.96009,-24.58534,277.4752
18.51:  18.70687,-24.57963,277.4478
18.52:  18.45811,-24.57414,277.4205
18.54:  18.20803,-24.57357,277.3931
18.56:  17.95246,-24.5829,277.3721
18.57:  17.69912,-24.59224,277.3511
18.59:  17.44564,-24.6017,277.3238
18.61:  17.19139,-24.61371,277.3028
18.62:  16.93902,-24.62576,277.2755
18.64:  16.6849,-24.63558,277.2482
18.66:  16.43309,-24.64784,277.2208
18.67:  16.17876,-24.66035,277.1935
18.69:  15.92458,-24.67296,277.1662
18.71:  15.67079,-24.68568,277.1388
18.72:  15.41697,-24.6985,277.1178
18.74:  15.16424,-24.71138,277.0905
18.76:  14.9114,-24.72438,277.0632
18.77:  14.66038,-24.73502,277.0358
18.79:  14.4064,-24.74833,277.0085
18.81:  14.15186,-24.76179,276.9812
18.82:  13.89721,-24.77538,276.9538
18.84:  13.63684,-24.78939,276.9265
18.86:  13.38637,-24.80297,276.9055
18.87:  13.13469,-24.81673,276.8782
18.89:  12.88423,-24.83055,276.8508
18.91:  12.62935,-24.84473,276.8235
18.92:  12.3682,-24.85938,276.7962
18.94:  12.11832,-24.8735,276.7752
18.96:  11.86745,-24.88778,276.7479
18.97:  11.61548,-24.90226,276.7205
18.99:  11.36215,-24.91693,276.6932
19.01:  11.11134,-24.93158,276.6659
19.02:  10.85455,-24.94667,276.6449
19.04:  10.60521,-24.95903,276.6239
19.06:  10.34023,-24.97482,276.5966
19.07:  10.09559,-24.98952,276.5692
19.09:  9.83387,-25.00535,276.5482
19.11:  9.588877,-25.02025,276.5272
19.12:  9.33428,-25.03586,276.4999
19.14:  9.082095,-25.049,276.4789
19.16:  8.828004,-25.06479,276.4516
19.17:  8.575506,-25.08058,276.4306
19.19:  8.315261,-25.09698,276.4033
19.21:  8.068132,-25.11266,276.3759
19.22:  7.81822,-25.12864,276.3486
19.24:  7.56171,-25.14517,276.3213
19.26:  7.308867,-25.16156,276.3003
19.27:  7.048059,-25.17858,276.2729
19.29:  6.798743,-25.19498,276.2456
19.31:  6.545487,-25.21175,276.2183
19.34:  6.294119,-25.2285,276.1973
19.36:  6.059258,-25.24,276.1699
19.37:  5.867109,-25.23414,276.1426
19.39:  5.720609,-25.21845,276.1153
19.41:  5.623507,-25.20808,276.0943
19.42:  5.613757,-25.20705,276.067
19.44:  5.613757,-25.20705,276.046
19.46:  5.613757,-25.20705,276.025
19.47:  5.613757,-25.20705,276.004
19.49:  5.613757,-25.20705,275.9766
19.51:  5.613757,-25.20705,275.9556
19.52:  5.613757,-25.20705,275.9537
19.54:  5.613757,-25.20705,275.9537
19.56:  5.613757,-25.20705,275.9937
19.57:  5.613757,-25.20705,276.1794
19.59:  5.613757,-25.20705,276.5427
19.61:  5.613757,-25.20705,277.0771
19.62:  5.613757,-25.20705,277.7635
19.64:  5.613757,-25.20705,278.5514
19.66:  5.613757,-25.20705,279.3393
19.67:  5.613757,-25.20705,280.1272
19.69:  5.613757,-25.20705,280.915
19.71:  5.613757,-25.20705,281.7029
19.72:  5.613757,-25.20705,282.4908
19.74:  5.613757,-25.20705,283.2787
19.76:  5.613757,-25.20705,284.0666
19.77:  5.613757,-25.20705,284.8544
19.79:  5.613757,-25.20705,285.6423
19.81:  5.613757,-25.20705,286.4302
19.82:  5.613757,-25.20705,287.2181
19.84:  5.613757,-25.20705,288.0059
19.86:  5.613757,-25.20705,288.7938
19.87:  5.613757,-25.20705,289.5817
19.89:  5.613757,-25.20705,290.3696
19.91:  5.613757,-25.20705,291.1575
19.92:  5.613757,-25.20705,291.9453
19.94:  5.613757,-25.20705,292.7332
19.96:  5.613757,-25.20705,293.5211
19.97:  5.613757,-25.20705,294.309
19.99:  5.613757,-25.20705,295.0968
20.01:  5.613757,-25.20705,295.8847
20.02:  5.613757,-25.20705,296.6726
20.04:  5.613757,-25.20705,297.4605
20.06:  5.613757,-25.20705,298.2484
20.07:  5.613757,-25.20705,299.0362
20.09:  5.613757,-25.20705,299.8241
20.11:  5.613757,-25.20705,300.612
20.12:  5.613757,-25.20705,301.3999
20.14:  5.613757,-25.20705,302.1877
20.16:  5.613757,-25.20705,302.9756
20.17:  5.613757,-25.20705,303.7635
20.19:  5.613757,-25.20705,304.5514
20.21:  5.613757,-25.20705,305.3393
20.22:  5.613757,-25.20705,306.1271
20.24:  5.613757,-25.20705,306.915
20.26:  5.613757,-25.20705,307.7029
20.27:  5.613757,-25.20705,308.4908
20.29:  5.613757,-25.20705,309.2787
20.31:  5.613757,-25.20705,310.0665
20.32:  5.613757,-25.20705,310.8544
20.34:  5.613757,-25.20705,311.6423
20.36:  5.613757,-25.20705,312.4302
20.37:  5.613757,-25.20705,313.218
20.39:  5.613757,-25.20705,314.0059
20.41:  5.613757,-25.20705,314.7938
20.42:  5.613757,-25.20705,315.5817
20.44:  5.613757,-25.20705,316.3696
20.46:  5.613757,-25.20705,317.1574
20.47:  5.613757,-25.20705,317.9453
20.49:  5.613757,-25.20705,318.7332
20.51:  5.613757,-25.20705,319.5211
20.52:  5.613757,-25.20705,320.309
20.54:  5.613757,-25.20705,321.0968
20.56:  5.613757,-25.20705,321.8847
20.57:  5.613757,-25.20705,322.6726
20.59:  5.613757,-25.20705,323.4605
20.61:  5.613757,-25.20705,324.2484
20.62:  5.613757,-25.20705,325.0362
20.64:  5.613757,-25.20705,325.8241
20.66:  5.613757,-25.20705,326.612
20.67:  5.613757,-25.20705,327.3999
20.69:  5.613757,-25.20705,328.1877
20.71:  5.613757,-25.20705,328.9756
20.72:  5.613757,-25.20705,329.7635
20.74:  5.613757,-25.20705,330.5514
20.76:  5.613757,-25.20705,331.3393
20.77:  5.613757,-25.20705,332.1271
20.79:  5.613757,-25.20705,332.915
20.81:  5.613757,-25.20705,333.7029
20.82:  5.613757,-25.20705,334.4908
20.84:  5.613757,-25.20705,335.2787
20.86:  5.613757,-25.20705,336.0665
20.87:  5.613757,-25.20705,336.8544
20.89:  5.613757,-25.20705,337.6423
20.91:  5.613757,-25.20705,338.4302
20.92:  5.613757,-25.20705,339.218
20.94:  5.613757,-25.20705,340.0059
20.96:  5.613757,-25.20705,340.7938
20.97:  5.613757,-25.20705,341.5817
20.99:  5.613757,-25.20705,342.3696
21.01:  5.613757,-25.20705,343.1574
21.02:  5.613757,-25.20705,343.9453
21.04:  5.613757,-25.20705,344.7332
21.06:  5.613757,-25.20705,345.5211
21.07:  5.613757,-25.20705,346.309
21.09:  5.613757,-25.20705,347.0968
21.11:  5.613757,-25.20705,347.8847
21.12:  5.613757,-25.20705,348.6726
21.14:  5.613757,-25.20705,349.4604
21.16:  5.613757,-25.20705,350.2484
21.17:  5.613757,-25.20705,351.0362
21.19:  5.613757,-25.20705,351.8241
21.21:  5.613757,-25.20705,352.612
21.22:  5.613757,-25.20705,353.3998
21.24:  5.613757,-25.20705,354.1877
21.26:  5.613757,-25.20705,354.9756
21.27:  5.613757,-25.20705,355.7635
21.29:  5.613757,-25.20705,356.5514
21.31:  5.613757,-25.20705,357.3393
21.32:  5.613757,-25.20705,358.1271
21.34:  5.613757,-25.20705,358.915
21.36:  5.613757,-25.20705,359.7029
21.37:  5.613757,-25.20705,0.4907651
21.39:  5.613757,-25.20705,1.278644
21.41:  5.613757,-25.20705,2.066523
21.42:  5.613757,-25.20705,2.854402
21.44:  5.613757,-25.20705,3.64228
21.46:  5.613757,-25.20705,4.43016
21.47:  5.613757,-25.20705,5.218039
21.49:  5.613757,-25.20705,6.005918
21.51:  5.613757,-25.20705,6.793796
21.52:  5.613757,-25.20705,7.581676
21.54:  5.613757,-25.20705,8.369555
21.56:  5.613757,-25.20705,9.157434
21.57:  5.613757,-25.20705,9.945313
21.59:  5.613757,-25.20705,10.73319
21.61:  5.613757,-25.20705,11.52107
21.62:  5.613757,-25.20705,12.30895
21.64:  5.613757,-25.20705,13.09683
21.66:  5.613757,-25.20705,13.8847
21.67:  5.613757,-25.20705,14.67259
21.69:  5.613757,-25.20705,15.46046
21.71:  5.613757,-25.20705,16.24834
21.72:  5.613757,-25.20705,17.03622
21.74:  5.613757,-25.20705,17.8241
21.76:  5.613757,-25.20705,18.61198
21.77:  5.613757,-25.20705,19.39986
21.79:  5.613757,-25.20705,20.18774
21.81:  5.613757,-25.20705,20.97562
21.82:  5.613757,-25.20705,21.7635
21.84:  5.613757,-25.20705,22.55138
21.86:  5.613757,-25.20705,23.33925
21.87:  5.613757,-25.20705,24.12713
21.89:  5.613757,-25.20705,24.91501
21.91:  5.613757,-25.20705,25.70289
21.92:  5.613757,-25.20705,26.49077
21.94:  5.613757,-25.20705,27.27865
21.96:  5.613757,-25.20705,28.06653
21.97:  5.613757,-25.20705,28.85441
21.99:  5.613757,-25.20705,29.64229
22.01:  5.613757,-25.20705,30.43017
22.02:  5.613757,-25.20705,31.21804
22.04:  5.613757,-25.20705,32.00592
22.06:  5.613757,-25.20705,32.7938
22.07:  5.613757,-25.20705,33.58168
22.09:  5.613757,-25.20705,34.36956
22.11:  5.613757,-25.20705,35.15744
22.12:  5.613757,-25.20705,35.94532
22.14:  5.613757,-25.20705,36.7332
22.16:  5.613757,-25.20705,37.52108
22.17:  5.613757,-25.20705,38.30896
22.19:  5.613757,-25.20705,39.09684
22.21:  5.613757,-25.20705,39.88472
22.22:  5.613757,-25.20705,40.6726
22.24:  5.613757,-25.20705,41.46048
22.26:  5.613757,-25.20705,42.24836
22.27:  5.613757,-25.20705,43.03624
22.29:  5.613757,-25.20705,43.82412
22.31:  5.613757,-25.20705,44.612
22.32:  5.613757,-25.20705,45.39988
22.34:  5.613757,-25.20705,46.18776
22.36:  5.613757,-25.20705,46.97564
22.37:  5.620383,-25.21434,47.76351
22.39:  5.633879,-25.22217,48.55139
22.41:  5.656383,-25.2292,49.33927
22.42:  5.68433,-25.23676,50.12714
22.44:  5.720695,-25.25084,50.91502
22.46:  5.764731,-25.27027,51.7029
22.47:  5.810254,-25.29361,52.49078
22.49:  5.862109,-25.32215,53.27866
22.51:  5.919039,-25.35056,54.06654
22.52:  5.982012,-25.38445,54.85442
22.54:  6.056005,-25.42559,55.6423
22.56:  6.137499,-25.47117,56.43017
22.57:  6.228568,-25.51749,57.21805
22.59:  6.333143,-25.56474,58.00593
22.61:  6.455249,-25.62121,58.79381
22.62:  6.599515,-25.68051,59.58169
22.64:  6.758941,-25.73281,60.21112
22.66:  6.937371,-25.7786,60.47296
22.67:  7.130018,-25.81577,60.47494
22.69:  7.344066,-25.84742,60.47692
22.71:  7.558243,-25.87113,60.47891
22.72:  7.788096,-25.88993,60.48089
22.74:  8.026214,-25.90259,60.48288
22.76:  8.274944,-25.91393,60.48486
22.77:  8.521642,-25.92649,60.48684
22.79:  8.767669,-25.93901,60.48684
22.81:  9.024778,-25.95075,60.48883
22.82:  9.271301,-25.962,60.48883
22.84:  9.513127,-25.97102,60.49081
22.86:  9.760281,-25.98232,60.49279
22.87:  10.00961,-25.99373,60.49478
22.89:  10.25931,-26.00516,60.49675
22.91:  10.51373,-26.0155,60.49874
22.92:  10.75928,-26.02676,60.50071
22.94:  11.00913,-26.03692,60.50269
22.96:  11.2603,-26.04715,60.50467
22.97:  11.51082,-26.05736,60.50467
22.99:  11.76015,-26.06543,60.50467
23.01:  12.01112,-26.07566,60.50665
23.02:  12.26236,-26.08591,60.50862
23.04:  12.51185,-26.09609,60.5106
23.06:  12.77005,-26.10664,60.51257
23.07:  13.01854,-26.1168,60.51257
23.09:  13.26479,-26.12686,60.51257
23.11:  13.51501,-26.13709,60.51257
23.12:  13.7665,-26.14737,60.51455
23.14:  14.01793,-26.15766,60.51455
23.16:  14.26752,-26.16787,60.51653
23.17:  14.51765,-26.17811,60.51653
23.19:  14.7685,-26.18839,60.51851
23.21:  15.01705,-26.19857,60.51851
23.22:  15.27019,-26.20895,60.52049
23.24:  15.52775,-26.21952,60.52246
23.26:  15.7768,-26.22974,60.52246
23.27:  16.02406,-26.23989,60.52246
23.29:  16.27309,-26.25011,60.52444
23.31:  16.52231,-26.26036,60.52642
23.32:  16.77526,-26.27076,60.52642
23.34:  17.02555,-26.28104,60.52642
23.36:  17.27618,-26.29135,60.52642
23.37:  17.5343,-26.30197,60.5284
23.39:  17.77921,-26.31205,60.53037
23.41:  18.02947,-26.32236,60.53235
23.42:  18.28066,-26.33272,60.53433
23.44:  18.53022,-26.34302,60.53631
23.46:  18.78171,-26.35341,60.53829
23.47:  19.03144,-26.36373,60.53829
23.49:  19.28234,-26.3741,60.53829
23.51:  19.53369,-26.38449,60.54026
23.52:  19.78739,-26.39368,60.54026
23.54:  20.03832,-26.39736,60.54224
23.56:  20.29167,-26.38676,60.54422
23.57:  20.5431,-26.36859,60.5462
23.59:  20.79428,-26.35043,60.5462
23.61:  21.04647,-26.33221,60.54817
23.62:  21.30017,-26.31284,60.55015
23.64:  21.5517,-26.29469,60.55213
23.66:  21.80256,-26.27659,60.5541
23.67:  22.05348,-26.25849,60.5541
23.69:  22.30834,-26.23905,60.5541
23.71:  22.56016,-26.22089,60.55608
23.72:  22.81246,-26.20271,60.55806
23.74:  23.06591,-26.1834,60.56004
23.76:  23.32391,-26.16481,60.56004
23.77:  23.56824,-26.14722,60.56202
23.79:  23.82123,-26.12797,60.56399
23.81:  24.07241,-26.10885,60.56399
23.82:  24.32727,-26.09052,60.56597
23.84:  24.58055,-26.07125,60.56597
23.86:  24.83394,-26.05198,60.56795
23.87:  25.08783,-26.03268,60.56993
23.89:  25.33874,-26.01466,60.5719
23.91:  25.59333,-25.99533,60.57388
23.92:  25.84733,-25.97605,60.57586
23.94:  26.09957,-25.95691,60.57784
23.96:  26.35361,-25.93765,60.57981
23.97:  26.60726,-25.91842,60.58179
23.99:  26.85897,-25.90039,60.58376
24.01:  27.11026,-25.8824,60.58575
24.02:  27.37179,-25.86369,60.58772
24.04:  27.61514,-25.84629,60.5897
24.06:  27.86166,-25.82867,60.59167
24.07:  28.11695,-25.80937,60.59365
24.09:  28.37091,-25.79122,60.59365
24.11:  28.62263,-25.77324,60.59365
24.12:  28.87392,-25.75529,60.59365
24.14:  29.12469,-25.73738,60.59563
24.16:  29.3759,-25.71945,60.59761
24.17:  29.62813,-25.70145,60.59958
24.19:  29.87988,-25.6835,60.60157
24.21:  30.13139,-25.66558,60.60354
24.22:  30.38441,-25.64649,60.60354
24.24:  30.63858,-25.62733,60.60552
24.26:  30.88935,-25.60948,60.60749
24.27:  31.14779,-25.59108,60.60948
24.29:  31.39863,-25.57324,60.61145
24.31:  31.64789,-25.55007,60.61343
24.32:  31.89267,-25.51521,60.61541
24.34:  32.13617,-25.45805,60.61738
24.36:  32.38906,-25.38991,60.61937
24.37:  32.6349,-25.31629,60.62135
24.39:  32.87834,-25.23839,60.62332
24.41:  33.12086,-25.1608,60.6253
24.42:  33.36465,-25.08282,60.62727
24.44:  33.60697,-25.00531,60.62925
24.46:  33.84848,-24.92807,60.63123
24.47:  34.09126,-24.85044,60.63321
24.49:  34.33704,-24.77184,60.63321
24.51:  34.58038,-24.69402,60.63321
24.52:  34.82341,-24.61632,60.63519
24.54:  35.06243,-24.5399,60.63717
24.56:  35.30861,-24.4612,60.63717
24.57:  35.5479,-24.37715,60.63914
24.59:  35.78059,-24.28005,60.63914
24.61:  36.01098,-24.17863,60.64112
24.62:  36.23898,-24.07293,60.6431
24.64:  36.46169,-23.96166,60.64508
24.66:  36.68434,-23.84767,60.64508
24.67:  36.90471,-23.72935,60.64508
24.69:  37.12252,-23.60685,60.64508
24.71:  37.34175,-23.48355,60.64508
24.72:  37.55935,-23.36116,60.64508
24.74:  37.77674,-23.2389,60.64508
24.76:  37.99405,-23.11667,60.64508
24.77:  38.21204,-22.99407,60.64508
24.81:  38.42999,-22.87148,60.64508
24.82:  38.64891,-22.74836,60.64508
24.84:  38.86656,-22.62593,60.6431
24.86:  39.08366,-22.50377,60.63478
24.87:  39.30177,-22.38086,60.59478
24.89:  39.51906,-22.25775,60.46604
24.91:  39.73581,-22.13373,60.22322
24.92:  39.95267,-22.00762,59.82195
24.94:  40.16745,-21.87993,59.26857
24.96:  40.37699,-21.75147,58.48703
24.97:  40.58198,-21.61034,57.69916
24.99:  40.7832,-21.46168,56.91128
25.01:  40.98237,-21.30717,56.1234
25.02:  41.17723,-21.15168,55.33552
25.04:  41.36793,-20.98883,54.54764
25.06:  41.55405,-20.81891,53.75977
25.07:  41.7297,-20.63738,52.97189
25.09:  41.89827,-20.44407,52.18401
25.11:  42.0605,-20.2415,51.39613
25.12:  42.21475,-20.03559,50.60825
25.14:  42.36221,-19.82385,49.82037
25.16:  42.49343,-19.61395,49.03249
25.17:  42.61275,-19.39155,48.24461
25.19:  42.71835,-19.16114,47.45673
25.21:  42.81537,-18.92798,46.66886
25.22:  42.90248,-18.69575,45.88098
25.24:  42.98583,-18.45759,45.0931
25.26:  43.05707,-18.22417,44.30522
25.27:  43.12289,-17.98968,43.51734
25.29:  43.18706,-17.74837,42.72946
25.31:  43.24552,-17.50679,41.94159
25.32:  43.30171,-17.26938,41.15371
25.34:  43.3562,-17.02415,40.36583
25.36:  43.40615,-16.7838,39.57795
25.37:  43.45241,-16.54472,38.79007
25.39:  43.49649,-16.29887,38.00219
25.41:  43.5367,-16.05534,37.21431
25.42:  43.57381,-15.80959,36.42643
25.44:  43.60676,-15.56913,35.63855
25.46:  43.63726,-15.32115,34.85068
25.47:  43.66399,-15.07611,34.0628
25.49:  43.68719,-14.83226,33.27493
25.51:  43.7072,-14.58631,32.48705
25.52:  43.72385,-14.33957,31.69917
25.54:  43.73709,-14.09292,30.91129
25.56:  43.74693,-13.84646,30.12341
25.57:  43.75336,-13.6004,29.33553
25.59:  43.7565,-13.347,28.54765
25.61:  43.75617,-13.10553,27.75978
25.62:  43.75244,-12.85894,26.9719
25.64:  43.74533,-12.61287,26.18402
25.66:  43.73479,-12.36573,25.39614
25.67:  43.721,-12.12124,24.60826
25.69:  43.70467,-11.87248,23.82038
25.71:  43.68745,-11.6286,23.0325
25.72:  43.67186,-11.37796,22.24462
25.74:  43.65622,-11.12906,21.45674
25.76:  43.63723,-10.88118,20.66887
25.77:  43.61575,-10.63229,19.88098
25.79:  43.59068,-10.38207,19.09311
25.81:  43.56215,-10.13203,18.30523
25.82:  43.53071,-9.88653,17.51735
25.84:  43.4972,-9.634528,16.72947
25.86:  43.4608,-9.386888,15.94159
25.87:  43.41883,-9.140342,15.15371
25.89:  43.37442,-8.886897,14.36584
25.91:  43.32804,-8.642088,13.57796
25.92:  43.2791,-8.401837,12.79008
25.94:  43.22596,-8.158167,12.0022
25.96:  43.16966,-7.911563,11.21432
25.97:  43.11275,-7.66778,10.42644
25.99:  43.05476,-7.424572,9.63856
26.01:  42.99309,-7.180885,8.850683
26.02:  42.92913,-6.938297,8.062804
26.04:  42.86294,-6.695648,7.274926
26.06:  42.79281,-6.456551,6.487047
26.07:  42.71981,-6.212016,5.699168
26.09:  42.64435,-5.974446,4.911289
26.11:  42.56353,-5.738753,4.12341
26.12:  42.48142,-5.502928,3.335531
26.14:  42.39581,-5.267542,2.547652
26.16:  42.30884,-5.038266,1.759774
26.17:  42.21542,-4.801851,0.9718949
26.19:  42.11873,-4.570146,0.1840161
26.21:  42.01818,-4.340602,359.3961
26.22:  41.91502,-4.111311,358.6082
26.24:  41.80731,-3.880469,357.8204
26.26:  41.69798,-3.654322,357.0325
26.27:  41.58492,-3.423292,356.2446
26.29:  41.47111,-3.203506,355.4568
26.31:  41.35183,-2.980723,354.6689
26.32:  41.23106,-2.759705,353.881
26.34:  41.10926,-2.543888,353.0931
26.36:  40.9926,-2.321929,352.3052
26.37:  40.8877,-2.093376,351.5173
26.39:  40.78403,-1.857294,350.7295
26.41:  40.67758,-1.622174,349.9416
26.42:  40.57525,-1.38743,349.1537
26.44:  40.47628,-1.151084,348.3722
26.46:  40.38238,-0.9155737,347.7237
26.47:  40.29867,-0.6791276,347.2147
26.49:  40.22289,-0.4406078,346.8578
26.51:  40.1563,-0.2013876,346.691
26.52:  40.0981,0.04409838,346.6637
26.54:  40.04033,0.2874148,346.6427
26.56:  39.98277,0.5295635,346.6281
26.57:  39.92459,0.7740236,346.6134
26.59:  39.86741,1.013985,346.5988
26.61:  39.80896,1.258945,346.5778
26.62:  39.74977,1.506566,346.5568
26.64:  39.69294,1.74404,346.5421
26.66:  39.63472,1.986927,346.5211
26.67:  39.57638,2.230046,346.5064
26.69:  39.52455,2.477647,346.4918
26.71:  39.47805,2.723214,346.4708
26.72:  39.43359,2.970725,346.4498
26.74:  39.38705,3.215467,346.4288
26.76:  39.34263,3.461869,346.4142
26.77:  39.29867,3.705363,346.3995
26.79:  39.25342,3.955642,346.3849
26.81:  39.20882,4.201987,346.3702
26.82:  39.16463,4.445327,346.3429
26.84:  39.11914,4.695053,346.3092
26.86:  39.0723,4.937754,346.2692
26.87:  39.02641,5.187038,346.2038
26.89:  38.98079,5.431821,346.0751
26.91:  38.93376,5.678755,345.8513
26.92:  38.8854,5.925073,345.5261
26.94:  38.82353,6.167234,345.1058
26.96:  38.75722,6.407191,344.5524
26.97:  38.68773,6.647698,343.8849
26.99:  38.61528,6.886693,343.1351
27.01:  38.53946,7.124959,342.3472
27.02:  38.46125,7.35948,341.5593
27.04:  38.37822,7.597557,340.7715
27.06:  38.29027,7.838963,339.9836
27.07:  38.2013,8.073127,339.1957
27.09:  38.1111,8.301032,338.4078
27.11:  38.01688,8.529872,337.6199
27.12:  37.91794,8.761053,336.8321
27.14:  37.81612,8.99023,336.0442
27.16:  37.70953,9.215663,335.2563
27.17:  37.59069,9.436029,334.4684
27.19:  37.46245,9.651118,333.6805
27.21:  37.33696,9.847945,332.8927
27.22:  37.21079,10.02853,332.1048
27.24:  37.0855,10.19952,331.3169
27.26:  36.96887,10.35207,330.529
27.27:  36.85232,10.49918,329.7411
27.29:  36.73451,10.64266,328.9533
27.31:  36.61758,10.77888,328.1654
27.32:  36.50696,10.90255,327.3775
27.34:  36.39515,11.02299,326.5896
27.36:  36.28925,11.13105,325.8018
27.37:  36.18419,11.23413,325.0139
27.39:  36.08361,11.32764,324.226
27.41:  35.98589,11.41408,323.4381
27.42:  35.90182,11.49189,322.6502
27.44:  35.84021,11.56239,321.8624
27.46:  35.79942,11.6129,321.0745
27.47:  35.77723,11.63961,320.2866
27.49:  35.76767,11.6508,319.4987
27.51:  35.76767,11.6508,318.7108
27.52:  35.76767,11.6508,317.923
27.54:  35.76767,11.6508,317.1351
27.56:  35.76767,11.6508,316.3789
27.57:  35.76767,11.6508,315.7241
27.59:  35.76767,11.6508,315.2278
27.61:  35.76767,11.6508,315.0356
27.62:  35.76767,11.6508,315.002
27.64:  35.76767,11.6508,314.9747
27.66:  35.76767,11.6508,314.9537
27.67:  35.76767,11.6508,314.9263
27.69:  35.76767,11.6508,314.9053
27.71:  35.76767,11.6508,314.8843
27.72:  35.76767,11.6508,314.857
27.74:  35.76767,11.6508,314.836
27.76:  35.76767,11.6508,314.8087
27.77:  35.76767,11.6508,314.7877
27.79:  35.76767,11.6508,314.7667
27.81:  35.77277,11.65595,314.7457
27.82:  35.78131,11.66456,314.7457
27.84:  35.79165,11.67499,314.7457
27.86:  35.80548,11.68887,314.9188
27.87:  35.81942,11.70267,315.2757
27.89:  35.83691,11.71964,315.8544
27.91:  35.8548,11.73656,316.5979
27.92:  35.8728,11.75313,317.3858
27.94:  35.89111,11.76951,318.1737
27.96:  35.91141,11.78718,318.9616
27.97:  35.93192,11.80455,319.7495
27.99:  35.95272,11.82167,320.5373
28.01:  35.97385,11.83859,321.3252
28.02:  35.99515,11.85516,322.1131
28.04:  36.01668,11.87144,322.901
28.06:  36.03838,11.88738,323.6888
28.07:  36.06032,11.90305,324.4767
28.09:  36.08221,11.91823,325.2646
28.11:  36.10489,11.93349,326.0525
28.12:  36.12736,11.94818,326.8404
28.14:  36.1503,11.96272,327.6282
28.16:  36.1731,11.97674,328.4161
28.17:  36.19627,11.99054,329.204
28.19:  36.2196,12.00402,329.9919
28.21:  36.24319,12.01722,330.7798
28.22:  36.26442,12.02871,331.5676
28.24:  36.28867,12.04141,332.3555
28.26:  36.31342,12.05394,333.1371
28.27:  36.33702,12.0655,333.9249
28.29:  36.36127,12.07695,334.7128
28.31:  36.38591,12.08818,335.5007
28.32:  36.41048,12.09897,336.2886
28.34:  36.43541,12.10951,337.0764
28.36:  36.46027,12.11963,337.8643
28.37:  36.48534,12.12943,338.6522
28.39:  36.51059,12.1389,339.4337
28.41:  36.53596,12.14802,340.2216
28.42:  36.56113,12.15669,341.0095
28.44:  36.58714,12.16524,341.7974
28.46:  36.6126,12.17322,342.5853
28.47:  36.64104,12.18172,343.3731
28.49:  36.66695,12.18907,344.161
28.51:  36.69299,12.19607,344.9489
28.52:  36.72247,12.20356,345.7368
28.54:  36.75014,12.21019,346.5247
28.56:  36.7813,12.21721,347.3125
28.57:  36.81473,12.22426,348.0941
28.59:  36.85199,12.23158,348.882
28.61:  36.89449,12.23933,349.6698
28.62:  36.94254,12.24741,350.4514
28.64:  36.99578,12.25561,351.2393
28.66:  37.05327,12.26367,352.0271
28.67:  37.11488,12.27143,352.815
28.69:  37.17777,12.27848,353.6029
28.71:  37.2464,12.28522,354.3907
28.72:  37.32453,12.29181,355.1786
28.74:  37.40744,12.29766,355.9665
28.76:  37.49548,12.30265,356.7544
28.77:  37.58864,12.30665,357.5423
28.79:  37.68412,12.30943,358.3301
28.81:  37.79409,12.31113,359.118
28.82:  37.91174,12.31132,359.9059
28.84:  38.03448,12.30984,0.6937896
28.86:  38.16025,12.30658,1.481668
28.87:  38.29411,12.30128,2.269547
28.89:  38.42728,12.29416,3.057426
28.91:  38.57225,12.28442,3.845305
28.92:  38.71262,12.27544,4.633184
28.94:  38.86397,12.26598,5.421063
28.96:  39.02037,12.25635,6.208942
28.97:  39.18437,12.24609,6.996821
28.99:  39.34905,12.23597,7.784699
29.01:  39.51362,12.22847,8.572579
29.02:  39.68864,12.22007,9.360456
29.04:  39.8688,12.20512,10.14834
29.06:  40.05181,12.18934,10.93622
29.07:  40.24092,12.17016,11.72409
29.09:  40.4374,12.14723,12.51197
29.11:  40.62788,12.12161,13.29985
29.12:  40.82963,12.09141,14.08773
29.14:  41.03068,12.06069,14.87561
29.16:  41.23453,12.0264,15.66349
29.17:  41.43836,11.98923,16.45137
29.19:  41.64291,11.9515,17.23925
29.21:  41.85592,11.91143,18.02713
29.22:  42.06075,11.87178,18.80867
29.24:  42.27548,11.82929,19.59655
29.26:  42.49035,11.78579,20.38442
29.27:  42.70649,11.73893,21.17231
29.29:  42.93053,11.68672,21.96018
29.31:  43.14085,11.63464,22.74806
29.32:  43.35305,11.57938,23.53594
29.34:  43.56915,11.52246,24.32382
29.36:  43.78013,11.46089,25.1117
29.37:  43.99616,11.3946,25.89958
29.39:  44.20871,11.32617,26.68746
29.41:  44.42033,11.25482,27.47534
29.42:  44.62945,11.18149,28.26322
29.44:  44.82451,11.11506,29.0511
29.46:  44.99932,11.06558,29.83898
29.47:  45.16276,11.02311,30.62686
29.49:  45.3161,10.9838,31.41474
29.51:  45.44179,10.95935,32.20262
29.52:  45.5427,10.94909,32.99049
29.54:  45.61418,10.95791,33.77838
29.56:  45.65334,10.98451,34.56626
29.57:  45.66614,11.00254,35.35414
29.59:  45.6719,11.01043,36.14201
29.61:  45.67485,11.01436,36.9299
29.62:  45.67635,11.0163,37.71777
29.64:  45.67788,11.01822,38.50566
29.66:  45.67942,11.02011,39.29353
29.67:  45.681,11.02198,40.08141
29.69:  45.68261,11.02384,40.86929
29.71:  45.68587,11.0275,41.65717
29.72:  45.68918,11.03112,42.44505
29.74:  45.69091,11.03297,43.23293
29.76:  45.69256,11.03467,44.02082
29.77:  45.69601,11.03814,44.80869
29.79:  45.70126,11.04328,45.59657
29.81:  45.71186,11.05339,46.38445
29.82:  45.7318,11.07187,47.17233
29.84:  45.8009,11.13418,47.96021
29.86:  45.93523,11.25201,48.74174
29.87:  46.11472,11.40522,49.51694
29.89:  46.30622,11.56475,50.20342
29.91:  46.50661,11.72818,50.80116
29.92:  46.69611,11.88005,51.29116
29.94:  46.89201,12.0349,51.67342
29.96:  47.08546,12.18681,51.8592
29.97:  47.28561,12.34383,51.88653
29.99:  47.4819,12.49769,51.90752
30.01:  47.67817,12.65147,51.92218
30.02:  47.87551,12.80603,51.9305
30.04:  48.07243,12.96022,51.93882
30.06:  48.26923,13.11427,51.94714
30.07:  48.46551,13.26787,51.95545
30.09:  48.66843,13.42661,51.96377
30.11:  48.8609,13.57714,51.97209
30.12:  49.05778,13.73106,51.98042
30.14:  49.25374,13.88423,51.98873
30.16:  49.45029,14.03781,51.99705
30.17:  49.64798,14.19222,52.00537
30.19:  49.84501,14.34609,52.01368
30.21:  50.04144,14.49943,52.022
30.22:  50.23893,14.65356,52.03032
30.24:  50.43717,14.80823,52.03864
30.26:  50.63329,14.9612,52.04696
30.27:  50.82891,15.11369,52.06161
30.29:  51.03291,15.27267,52.06993
30.31:  51.23366,15.4168,52.07825
30.32:  51.44117,15.55378,52.08657
30.34:  51.65197,15.68707,52.09489
30.36:  51.87595,15.80561,52.10321
30.37:  52.10634,15.91657,52.11153
30.39:  52.34042,16.02394,52.11985
30.41:  52.57627,16.12684,52.12816
30.42:  52.81011,16.22563,52.13014
30.44:  53.0521,16.32262,52.13846
30.46:  53.28988,16.41211,52.15311
30.47:  53.53337,16.50364,52.17411
30.49:  53.77187,16.59314,52.20778
30.51:  54.01358,16.68362,52.25413
30.52:  54.25538,16.77379,52.32582
30.54:  54.49501,16.86247,52.46724
30.56:  54.73367,16.94977,52.68471
30.57:  54.97784,17.03746,53.0226
30.59:  55.21864,17.1217,53.49358
30.61:  55.46119,17.20376,54.08498
30.62:  55.70584,17.28328,54.77145
30.64:  55.95046,17.35932,55.50863
30.66:  56.19659,17.43213,56.2965
30.67:  56.44329,17.50144,57.08438
30.69:  56.69119,17.56742,57.87226
30.71:  56.94868,17.63218,58.66014
30.72:  57.19244,17.68993,59.44802
30.74:  57.44344,17.74576,60.2359
30.76:  57.69258,17.7976,61.02378
30.77:  57.95037,17.84754,61.81166
30.79:  58.19737,17.89191,62.59321
30.81:  58.44942,17.93407,63.27968
30.82:  58.70387,17.97388,63.88376
30.84:  58.95741,18.01137,64.36742
30.86:  59.21204,18.04834,64.51517
30.87:  59.46502,18.08506,64.51715
30.89:  59.71867,18.12187,64.51913
30.91:  59.97303,18.15878,64.52112
30.92:  60.22675,18.19558,64.52309
30.94:  60.48024,18.24809,64.52507
30.96:  60.7285,18.30434,64.52705
30.97:  60.974,18.36975,64.52903
30.99:  61.2142,18.44616,64.53735
31.01:  61.44941,18.53372,64.53933
31.02:  61.68483,18.62397,64.54131
31.04:  61.91751,18.7184,64.5433
31.06:  62.14622,18.81384,64.54527
31.07:  62.37491,18.90924,64.54726
31.09:  62.60947,19.0071,64.54923
31.11:  62.83983,19.10319,64.55122
31.12:  63.07121,19.19969,64.5532
31.14:  63.30412,19.29679,64.56152
31.16:  63.53246,19.39199,64.5635
31.17:  63.76442,19.48868,64.56547
31.19:  63.99559,19.58503,64.56746
31.21:  64.23324,19.68404,64.57578
31.22:  64.46349,19.77992,64.5841
31.24:  64.69147,19.87483,64.59241
31.26:  64.91966,19.96979,64.60074
31.27:  65.14924,20.06795,64.60271
31.29:  65.38708,20.1669,64.6047
31.31:  65.61609,20.26217,64.60668
31.32:  65.85081,20.3518,64.615
31.34:  66.08289,20.43528,64.61698
31.36:  66.32851,20.49537,64.61896
31.37:  66.58291,20.54762,64.62093
31.39:  66.83418,20.57198,64.62292
31.41:  67.08528,20.57667,64.62489
31.42:  67.34047,20.55469,64.62688
31.44:  67.58715,20.5193,64.62885
31.46:  67.82795,20.45177,64.63718
31.47:  68.06071,20.36135,64.63915
31.49:  68.2854,20.25736,64.64114
31.51:  68.5032,20.13709,64.64311
31.52:  68.71474,20.00464,64.65143
31.56:  68.92361,19.86742,64.65341
31.57:  69.1232,19.71786,64.65539
31.59:  69.32697,19.56516,64.65737
31.61:  69.52833,19.41426,64.65936
31.62:  69.73014,19.263,64.66133
31.64:  69.93279,19.11111,64.66331
31.66:  70.13479,18.9597,64.66529
31.67:  70.33635,18.8086,64.66727
31.69:  70.53741,18.65787,64.66925
31.71:  70.73957,18.50629,64.67123
31.72:  70.94029,18.35579,64.67322
31.74:  71.14295,18.20382,64.6752
31.76:  71.34536,18.05203,64.67717
31.77:  71.54428,17.90285,64.67915
31.79:  71.73866,17.75451,64.68114
31.81:  71.91473,17.61492,64.68946
31.82:  72.06382,17.49511,64.69144
31.84:  72.19758,17.38451,64.69976
31.86:  72.31976,17.28026,64.70174
31.87:  72.42509,17.19478,64.70174
31.89:  72.42509,17.19478,64.70371
31.91:  72.42509,17.19478,64.7057
31.92:  72.42509,17.19478,64.70768
31.94:  72.42509,17.19478,64.70966
31.96:  72.42509,17.19478,64.71165
31.97:  72.42509,17.19478,64.71362
31.99:  72.42509,17.19478,64.72195
32.01:  72.42509,17.19478,64.72392
32.02:  72.42509,17.19478,64.72591
32.04:  72.42509,17.19478,64.72789
32.06:  72.42509,17.19478,64.72987
32.07:  72.42509,17.19478,64.73185
32.09:  72.42509,17.19478,64.73383
32.11:  72.42509,17.19478,64.74216
32.12:  72.42509,17.19478,64.74413
32.14:  72.42509,17.19478,64.74611
32.16:  72.42509,17.19478,64.74809
32.17:  72.42509,17.19478,64.75007
32.19:  72.42509,17.19478,64.75205
32.21:  72.42509,17.19478,64.75404
32.22:  72.42509,17.19478,64.76235
32.24:  72.42509,17.19478,64.76434
32.26:  72.42509,17.19478,64.76631
32.27:  72.42509,17.19478,64.77464
32.29:  72.42509,17.19478,64.77661
32.31:  72.42509,17.19478,64.77859
32.32:  72.42509,17.19478,64.78057
32.34:  72.42509,17.19478,64.78255
32.36:  72.42509,17.19478,64.78453
32.37:  72.42509,17.19478,64.78651
32.39:  72.42509,17.19478,64.79483
32.41:  72.42509,17.19478,64.79681
32.42:  72.42509,17.19478,64.79879
32.44:  72.42509,17.19478,64.80711
32.46:  72.42509,17.19478,64.80909
32.47:  72.42509,17.19478,64.81107
32.49:  72.42509,17.19478,64.81305
32.51:  72.42509,17.19478,64.81503
32.52:  72.42509,17.19478,64.81702
32.54:  72.42509,17.19478,64.81899
32.56:  72.42509,17.19478,64.82098
32.57:  72.42509,17.19478,64.82295
32.59:  72.42509,17.19478,64.82494
32.61:  72.42509,17.19478,64.82691
32.62:  72.42509,17.19478,64.8289
32.64:  72.42509,17.19478,64.83721
32.66:  72.42509,17.19478,64.8392
32.67:  72.42509,17.19478,64.84117
32.69:  72.42509,17.19478,64.84316
32.71:  72.42509,17.19478,64.84513
32.72:  72.42509,17.19478,64.84712
32.74:  72.42509,17.19478,64.8491
32.76:  72.42509,17.19478,64.85107
32.77:  72.42509,17.19478,64.85306
32.79:  72.42509,17.19478,64.85504
32.81:  72.42509,17.19478,64.85702
32.82:  72.42509,17.19478,64.86534
32.84:  72.42509,17.19478,64.86534
32.86:  72.42509,17.19478,64.87366
32.87:  72.42509,17.19478,64.87564
32.89:  72.42509,17.19478,64.88396
32.91:  72.42509,17.19478,64.88396
32.92:  72.42509,17.19478,64.88594
32.94:  72.42509,17.19478,64.88792
32.96:  72.42509,17.19478,64.88991
32.97:  72.42509,17.19478,64.89189
32.99:  72.42509,17.19478,64.89388
33.01:  72.42509,17.19478,64.89388
33.02:  72.42509,17.19478,64.89586
33.04:  72.42509,17.19478,64.89784
33.06:  72.42509,17.19478,64.89983
33.07:  72.42509,17.19478,64.90181
33.09:  72.42509,17.19478,64.9038
33.11:  72.42509,17.19478,64.90578
33.12:  72.42509,17.19478,64.90777
33.14:  72.42509,17.19478,64.90974
33.16:  72.42509,17.19478,64.91174
33.17:  72.42509,17.19478,64.91174
33.19:  72.42509,17.19478,64.91372
33.21:  72.42509,17.19478,64.9157
33.22:  72.42509,17.19478,64.92402
33.24:  72.42509,17.19478,64.92601
33.26:  72.42509,17.19478,64.92799
33.27:  72.42509,17.19478,64.92998
33.29:  72.42509,17.19478,64.93196
33.31:  72.42509,17.19478,64.93394
33.32:  72.42509,17.19478,64.94227
33.34:  72.42509,17.19478,64.94425
33.36:  72.42509,17.19478,64.94624
33.37:  72.42509,17.19478,64.95455
33.39:  72.42509,17.19478,64.95654
33.41:  72.42509,17.19478,64.95852
33.42:  72.42509,17.19478,64.9605
33.44:  72.42509,17.19478,64.96249
33.46:  72.42509,17.19478,64.96447
33.47:  72.42509,17.19478,64.96645
33.49:  72.42509,17.19478,64.96844
33.51:  72.42509,17.19478,64.97042
33.52:  72.42509,17.19478,64.9724
33.54:  72.42509,17.19478,64.98072
33.56:  72.42509,17.19478,64.9827
33.57:  72.42509,17.19478,64.98469
33.59:  72.42509,17.19478,64.98667
33.61:  72.42509,17.19478,64.98866
33.62:  72.42509,17.19478,64.99065
33.64:  72.42509,17.19478,64.99262
33.66:  72.42509,17.19478,65.00095
33.67:  72.42509,17.19478,65.00292
33.69:  72.42509,17.19478,65.00491
33.71:  72.42509,17.19478,65.00689
33.72:  72.42509,17.19478,65.00888
33.74:  72.42509,17.19478,65.0172
33.76:  72.42509,17.19478,65.01917
33.77:  72.42509,17.19478,65.02116
33.79:  72.42509,17.19478,65.02315
33.81:  72.42509,17.19478,65.02513
33.82:  72.42509,17.19478,65.02711
33.84:  72.42509,17.19478,65.0291
33.86:  72.42509,17.19478,65.03108
33.87:  72.42509,17.19478,65.03307
33.89:  72.42509,17.19478,65.03506
33.91:  72.42509,17.19478,65.04337
33.92:  72.42509,17.19478,65.04536
33.94:  72.42509,17.19478,65.04734
33.96:  72.42509,17.19478,65.04932
33.97:  72.42509,17.19478,65.05129
33.99:  72.42509,17.19478,65.05328
34.01:  72.42509,17.19478,65.05526
34.02:  72.42509,17.19478,65.05723
34.04:  72.42509,17.19478,65.06556
34.06:  72.42509,17.19478,65.06753
34.07:  72.42509,17.19478,65.06951
34.09:  72.42509,17.19478,65.07784
