ParticipantNo: 11014
Controller type: Keyboard and Mouse
Training Level:
0.02:  82.7,18.5,270
0.04:  82.7,18.5,270
0.06:  82.7,18.5,270
0.08:  82.7,18.5,270
0.09:  82.7,18.5,270
0.11:  82.7,18.5,270
0.13:  82.7,18.5,270
0.14:  82.7,18.5,270
0.16:  82.7,18.5,270
0.18:  82.7,18.5,270
0.19:  82.7,18.5,270
0.21:  82.7,18.5,270
0.23:  82.7,18.5,270
0.24:  82.7,18.5,270
0.26:  82.7,18.5,269.9
0.28:  82.7,18.5,269.9
0.29:  82.7,18.5,269.9
0.31:  82.7,18.5,269.9
0.33:  82.7,18.5,269.9
0.34:  82.7,18.5,269.9
0.36:  82.7,18.5,269.9
0.38:  82.7,18.5,269.9
0.39:  82.7,18.5,269.9
0.41:  82.7,18.5,269.9
0.43:  82.7,18.5,269.9
0.44:  82.7,18.5,269.9
0.46:  82.7,18.5,269.9
0.48:  82.7,18.5,269.9
0.49:  82.7,18.5,269.8
0.51:  82.7,18.5,269.7
0.53:  82.7,18.5,269.6
0.54:  82.7,18.5,269.5
0.56:  82.7,18.5,269.4
0.58:  82.7,18.5,269.3
0.59:  82.7,18.5,269.1
0.61:  82.7,18.5,268.9
0.63:  82.7,18.5,268.7
0.64:  82.7,18.5,268.7
0.66:  82.7,18.5,268.6
0.68:  82.7,18.5,268.6
0.69:  82.7,18.5,268.6
0.71:  82.7,18.5,268.6
0.73:  82.7,18.5,268.6
0.74:  82.7,18.5,268.6
0.76:  82.7,18.5,268.6
0.78:  82.7,18.5,268.6
0.79:  82.7,18.5,268.6
0.81:  82.7,18.5,268.6
0.83:  82.7,18.5,268.6
0.84:  82.7,18.5,268.6
0.86:  82.7,18.5,268.6
0.88:  82.7,18.5,268.6
0.89:  82.7,18.5,268.6
0.91:  82.7,18.5,268.6
0.93:  82.7,18.5,268.6
0.94:  82.7,18.5,268.6
0.96:  82.7,18.5,268.6
0.98:  82.7,18.5,268.6
0.99:  82.7,18.5,268.6
1.01:  82.7,18.5,268.6
1.03:  82.7,18.5,268.6
1.04:  82.7,18.5,268.6
1.06:  82.7,18.5,268.6
1.08:  82.7,18.5,268.6
1.09:  82.7,18.5,268.6
1.11:  82.7,18.5,268.6
1.13:  82.7,18.5,268.6
1.14:  82.7,18.5,268.6
1.16:  82.7,18.5,268.6
1.18:  82.7,18.5,268.6
1.19:  82.7,18.5,268.6
1.21:  82.7,18.5,268.6
1.23:  82.7,18.5,268.6
1.24:  82.7,18.5,268.6
1.26:  82.7,18.5,268.6
1.28:  82.7,18.5,268.6
1.29:  82.7,18.5,268.6
1.31:  82.7,18.5,268.6
1.33:  82.7,18.5,268.6
1.34:  82.7,18.5,268.6
1.36:  82.7,18.5,268.6
1.38:  82.7,18.5,268.6
1.39:  82.7,18.5,268.6
1.41:  82.7,18.5,268.6
1.43:  82.7,18.5,268.6
1.44:  82.7,18.5,268.6
1.46:  82.7,18.5,268.6
1.48:  82.7,18.5,268.6
1.49:  82.7,18.5,268.6
1.51:  82.7,18.5,268.6
1.53:  82.7,18.5,268.6
1.54:  82.7,18.5,268.6
1.56:  82.7,18.5,268.6
1.58:  82.7,18.5,268.6
1.59:  82.7,18.5,268.6
1.61:  82.7,18.5,268.6
1.63:  82.7,18.5,268.6
1.64:  82.7,18.5,268.6
1.66:  82.7,18.5,268.6
1.68:  82.7,18.5,268.6
1.69:  82.7,18.5,268.6
1.71:  82.7,18.5,268.6
1.73:  82.7,18.5,268.6
1.74:  82.7,18.5,268.6
1.76:  82.7,18.5,268.6
1.78:  82.7,18.5,268.6
1.79:  82.7,18.5,268.6
1.81:  82.7,18.5,268.6
1.83:  82.7,18.5,268.6
1.84:  82.7,18.5,268.6
1.86:  82.7,18.5,268.6
1.88:  82.7,18.5,268.6
1.89:  82.7,18.5,268.6
1.91:  82.7,18.5,268.6
1.93:  82.7,18.5,268.6
1.94:  82.7,18.5,268.6
1.96:  82.7,18.5,268.6
1.98:  82.7,18.5,268.6
1.99:  82.7,18.5,268.6
2.01:  82.7,18.5,268.6
2.03:  82.7,18.5,268.6
2.04:  82.7,18.5,268.6
2.06:  82.7,18.5,268.6
2.08:  82.7,18.5,268.6
2.09:  82.7,18.5,268.6
2.11:  82.7,18.5,268.6
2.13:  82.7,18.5,268.6
2.14:  82.7,18.5,268.6
2.16:  82.7,18.5,268.6
2.18:  82.7,18.5,268.6
2.19:  82.7,18.5,268.6
2.21:  82.7,18.5,268.6
2.23:  82.7,18.5,268.6
2.24:  82.7,18.5,268.6
2.26:  82.7,18.5,268.6
2.28:  82.7,18.5,268.6
2.29:  82.7,18.5,268.6
2.31:  82.7,18.5,268.6
2.33:  82.7,18.5,268.6
2.34:  82.7,18.5,268.6
2.36:  82.7,18.5,268.6
2.38:  82.7,18.5,268.6
2.39:  82.7,18.5,268.6
2.41:  82.7,18.5,268.6
2.43:  82.7,18.5,268.6
2.44:  82.7,18.5,268.6
2.46:  82.7,18.5,268.6
2.48:  82.7,18.5,268.6
2.49:  82.7,18.5,268.6
2.51:  82.7,18.5,268.6
2.53:  82.7,18.5,268.6
2.54:  82.7,18.5,268.6
2.56:  82.7,18.5,268.6
2.58:  82.7,18.5,268.6
2.59:  82.7,18.5,268.6
2.61:  82.7,18.5,268.6
2.63:  82.7,18.5,268.6
2.64:  82.7,18.5,268.6
2.66:  82.7,18.5,268.6
2.68:  82.7,18.5,268.6
2.69:  82.7,18.5,268.6
2.71:  82.7,18.5,268.6
2.73:  82.7,18.5,268.6
2.74:  82.7,18.5,268.6
2.76:  82.7,18.5,268.6
2.78:  82.7,18.5,268.6
2.79:  82.7,18.5,268.6
2.81:  82.7,18.5,268.6
2.83:  82.7,18.5,268.6
2.84:  82.7,18.5,268.6
2.86:  82.7,18.5,268.6
2.88:  82.7,18.5,268.6
2.89:  82.7,18.5,268.6
2.91:  82.7,18.5,268.6
2.93:  82.7,18.5,268.6
2.94:  82.7,18.5,268.6
2.96:  82.7,18.5,268.6
2.98:  82.7,18.5,268.6
2.99:  82.7,18.5,268.6
3.01:  82.7,18.5,268.6
3.03:  82.7,18.5,268.6
3.04:  82.7,18.5,268.6
3.06:  82.7,18.5,268.6
3.08:  82.7,18.5,268.6
3.09:  82.7,18.5,268.6
3.11:  82.7,18.5,268.6
3.13:  82.7,18.5,268.6
3.14:  82.7,18.5,268.6
3.16:  82.7,18.5,268.6
3.18:  82.7,18.5,268.6
3.19:  82.7,18.5,268.6
3.21:  82.7,18.5,268.6
3.23:  82.7,18.5,268.6
3.24:  82.7,18.5,268.6
3.26:  82.7,18.5,268.6
3.28:  82.7,18.5,268.6
3.29:  82.7,18.5,268.6
3.31:  82.7,18.5,268.6
3.33:  82.7,18.5,268.6
3.34:  82.7,18.5,268.6
3.36:  82.7,18.5,268.6
3.38:  82.7,18.5,268.6
3.39:  82.7,18.5,268.6
3.41:  82.7,18.5,268.6
3.43:  82.7,18.5,268.6
3.44:  82.7,18.5,268.6
3.46:  82.7,18.5,268.6
3.48:  82.7,18.5,268.6
3.49:  82.7,18.5,268.6
3.51:  82.7,18.5,268.6
3.53:  82.7,18.5,268.6
3.54:  82.7,18.5,268.6
3.56:  82.7,18.5,268.6
3.58:  82.7,18.5,268.6
3.59:  82.7,18.5,268.6
3.61:  82.7,18.5,268.6
3.63:  82.7,18.5,268.6
3.64:  82.7,18.5,268.6
3.66:  82.7,18.5,268.6
3.68:  82.7,18.5,268.6
3.69:  82.7,18.5,268.6
3.71:  82.7,18.5,268.6
3.73:  82.7,18.5,268.6
3.74:  82.7,18.5,268.6
3.76:  82.7,18.5,268.6
3.78:  82.7,18.5,268.6
3.79:  82.7,18.5,268.6
3.81:  82.7,18.5,268.6
3.83:  82.7,18.5,268.6
3.84:  82.7,18.5,268.6
3.86:  82.7,18.5,268.6
3.88:  82.7,18.5,268.6
3.89:  82.7,18.5,268.6
3.91:  82.7,18.5,268.6
3.93:  82.7,18.5,268.6
3.94:  82.7,18.5,268.6
3.96:  82.7,18.5,268.6
3.98:  82.7,18.5,268.6
3.99:  82.7,18.5,268.6
4.01:  82.7,18.5,268.6
4.03:  82.7,18.5,268.6
4.04:  82.7,18.5,268.6
4.06:  82.7,18.5,268.6
4.08:  82.7,18.5,268.6
4.09:  82.7,18.5,268.6
4.11:  82.7,18.5,268.6
4.13:  82.7,18.5,268.6
4.14:  82.7,18.5,268.6
4.16:  82.7,18.5,268.6
4.18:  82.7,18.5,268.6
4.19:  82.7,18.5,268.6
4.21:  82.7,18.5,268.6
4.23:  82.7,18.5,268.6
4.24:  82.7,18.5,268.6
4.26:  82.7,18.5,268.6
4.28:  82.7,18.5,268.6
4.29:  82.7,18.5,268.6
4.31:  82.7,18.5,268.6
4.33:  82.7,18.5,268.6
4.34:  82.7,18.5,268.6
4.36:  82.7,18.5,268.6
4.38:  82.7,18.5,268.6
4.39:  82.7,18.5,268.6
4.41:  82.7,18.5,268.6
4.43:  82.7,18.5,268.6
4.44:  82.7,18.5,268.6
4.46:  82.7,18.5,268.6
4.48:  82.7,18.5,268.6
4.49:  82.7,18.5,268.6
4.51:  82.7,18.5,268.6
4.53:  82.7,18.5,268.6
4.54:  82.7,18.5,268.6
4.56:  82.7,18.5,268.6
4.58:  82.7,18.5,268.6
4.59:  82.7,18.5,268.6
4.61:  82.7,18.5,268.6
4.63:  82.7,18.5,268.6
4.64:  82.7,18.5,268.6
4.66:  82.7,18.5,268.6
4.68:  82.7,18.5,268.6
4.69:  82.7,18.5,268.6
4.71:  82.7,18.5,268.6
4.73:  82.7,18.5,268.6
4.74:  82.7,18.5,268.6
4.76:  82.7,18.5,268.6
4.78:  82.7,18.5,268.6
4.79:  82.7,18.5,268.6
4.81:  82.7,18.5,268.6
4.83:  82.7,18.5,268.6
4.84:  82.7,18.5,268.6
4.86:  82.7,18.5,268.6
4.88:  82.7,18.5,268.6
4.89:  82.7,18.5,268.6
4.91:  82.7,18.5,268.6
4.93:  82.7,18.5,268.6
4.94:  82.7,18.5,268.6
4.96:  82.7,18.5,268.6
4.98:  82.7,18.5,268.6
4.99:  82.7,18.5,268.6
5.01:  82.7,18.5,268.6
5.03:  82.7,18.5,268.6
5.04:  82.7,18.5,268.6
5.06:  82.7,18.5,268.6
5.08:  82.7,18.5,268.6
5.09:  82.7,18.5,268.6
5.11:  82.7,18.5,268.6
5.13:  82.7,18.5,268.6
5.14:  82.7,18.5,268.6
5.16:  82.7,18.5,268.6
5.18:  82.7,18.5,268.6
5.19:  82.7,18.5,268.6
5.21:  82.7,18.5,268.6
5.23:  82.7,18.5,268.6
5.24:  82.7,18.5,268.6
5.26:  82.7,18.5,268.6
5.28:  82.7,18.5,268.6
5.29:  82.7,18.5,268.6
5.31:  82.7,18.5,268.6
5.33:  82.7,18.5,268.6
5.34:  82.7,18.5,268.6
5.36:  82.7,18.5,268.6
