ParticipantNo: 11017
Controller type: Gamepad
Training Level:
0.04:  82.7,18.5,270
0.09:  82.7,18.5,270
0.11:  82.7,18.5,270
0.13:  82.7,18.5,270
0.15:  82.7,18.5,270
0.17:  82.7,18.5,270
0.18:  82.7,18.5,270
0.2:  82.7,18.5,270
0.22:  82.7,18.5,270
0.23:  82.7,18.5,270
0.25:  82.7,18.5,270
0.27:  82.7,18.5,270
0.28:  82.7,18.5,270
0.3:  82.7,18.5,270
0.32:  82.7,18.5,270
0.33:  82.7,18.5,270
0.35:  82.7,18.5,270
0.37:  82.7,18.5,270
0.38:  82.7,18.5,270
0.4:  82.7,18.5,270
0.42:  82.7,18.5,270
0.43:  82.7,18.5,270
0.45:  82.7,18.5,270
0.47:  82.7,18.5,270
0.48:  82.7,18.5,270
0.5:  82.7,18.5,270
0.52:  82.7,18.5,270
0.53:  82.7,18.5,270
0.55:  82.7,18.5,270
0.57:  82.7,18.5,270
0.58:  82.7,18.5,270
0.6:  82.7,18.5,270
0.62:  82.7,18.5,270
0.63:  82.7,18.5,270
0.65:  82.7,18.5,270
0.67:  82.7,18.5,270
0.68:  82.7,18.5,270
0.7:  82.7,18.5,270
0.72:  82.7,18.5,270
0.73:  82.7,18.5,270
0.75:  82.7,18.5,270
0.77:  82.7,18.5,270
0.78:  82.7,18.5,270
0.8:  82.7,18.5,270
0.82:  82.7,18.5,270
0.83:  82.7,18.5,270
0.85:  82.7,18.5,270
0.87:  82.7,18.5,270
0.88:  82.7,18.5,270
0.9:  82.7,18.5,270
0.92:  82.7,18.5,270
0.93:  82.7,18.5,270
0.95:  82.7,18.5,270
0.97:  82.7,18.5,270
0.98:  82.7,18.5,270
1:  82.7,18.5,270
1.02:  82.7,18.5,270
1.03:  82.7,18.5,270
1.05:  82.7,18.5,270
1.07:  82.7,18.5,270
1.08:  82.7,18.5,270
1.1:  82.7,18.5,270
1.12:  82.7,18.5,270
1.13:  82.7,18.5,270
1.15:  82.7,18.5,270
1.17:  82.7,18.5,270
1.18:  82.7,18.5,270
1.2:  82.7,18.5,270
1.22:  82.7,18.5,270
1.23:  82.7,18.5,270
1.25:  82.7,18.5,270
1.27:  82.7,18.5,270
1.28:  82.7,18.5,270
1.3:  82.7,18.5,270
1.32:  82.7,18.5,270
1.33:  82.7,18.5,270
1.35:  82.7,18.5,270
1.37:  82.7,18.5,270
1.38:  82.7,18.5,270
1.4:  82.7,18.5,270
1.42:  82.7,18.5,270
1.43:  82.7,18.5,270
1.45:  82.7,18.5,270
1.47:  82.7,18.5,270
1.48:  82.7,18.5,270
1.5:  82.7,18.5,270
1.52:  82.7,18.5,270
1.53:  82.7,18.5,270.002
1.55:  82.7,18.5,270.002
1.57:  82.7,18.5,270.002
1.58:  82.7,18.5,270.002
1.6:  82.7,18.5,270.002
1.62:  82.7,18.5,270.002
1.63:  82.7,18.5,270.002
1.65:  82.7,18.5,270.002
1.67:  82.7,18.5,270.002
1.68:  82.7,18.5,270.002
1.7:  82.7,18.5,270.002
1.72:  82.7,18.5,270.002
1.73:  82.7,18.5,270.002
1.75:  82.7,18.5,270.002
1.77:  82.7,18.5,270.002
1.78:  82.7,18.5,270.002
1.8:  82.7,18.5,270.002
1.82:  82.7,18.5,270.002
1.83:  82.7,18.5,270.002
1.85:  82.7,18.5,270.002
1.87:  82.7,18.5,270.002
1.88:  82.7,18.5,270.002
1.9:  82.7,18.5,270.002
1.92:  82.7,18.5,270.002
1.93:  82.7,18.5,270.002
1.95:  82.7,18.5,270.002
1.97:  82.7,18.5,270.002
1.98:  82.7,18.5,270.002
2:  82.7,18.5,270.002
2.02:  82.7,18.5,270.002
2.03:  82.7,18.5,270.002
2.05:  82.7,18.5,270.002
2.07:  82.7,18.5,270.002
2.08:  82.7,18.5,270.002
2.1:  82.7,18.5,270.002
2.12:  82.7,18.5,270.002
2.13:  82.7,18.5,270.002
2.15:  82.7,18.5,270.002
2.17:  82.7,18.5,270.002
2.18:  82.7,18.5,270.002
2.2:  82.7,18.5,270.002
2.22:  82.7,18.5,270.002
2.23:  82.7,18.5,270.002
2.25:  82.7,18.5,270.002
2.27:  82.7,18.5,270.002
2.28:  82.7,18.5,270.002
2.3:  82.7,18.5,270.002
2.32:  82.7,18.5,270.002
2.33:  82.7,18.5,270.002
2.35:  82.7,18.5,270.002
2.37:  82.7,18.5,270.002
2.38:  82.7,18.5,270.002
2.4:  82.7,18.5,270.002
2.42:  82.7,18.5,270.002
2.43:  82.7,18.5,270.002
2.45:  82.7,18.5,270.002
2.47:  82.7,18.5,270.002
2.48:  82.7,18.5,270.002
2.5:  82.7,18.5,270.002
2.52:  82.7,18.5,270.002
2.53:  82.7,18.5,270.002
2.55:  82.7,18.5,270.002
2.57:  82.7,18.5,270.002
2.58:  82.7,18.5,270.002
2.6:  82.7,18.5,270.002
2.62:  82.7,18.5,270.002
2.63:  82.7,18.5,270.002
2.65:  82.7,18.5,270.002
2.67:  82.7,18.5,270.002
2.68:  82.7,18.5,270.002
2.7:  82.7,18.5,270.002
2.72:  82.7,18.5,270.002
2.73:  82.7,18.5,270.002
2.75:  82.7,18.5,270.002
2.77:  82.7,18.5,270.002
2.78:  82.7,18.5,270.002
2.8:  82.7,18.5,270.002
2.82:  82.7,18.5,270.002
2.83:  82.7,18.5,270.002
2.85:  82.7,18.5,270.002
2.87:  82.7,18.5,270.002
2.88:  82.7,18.5,270.002
2.9:  82.7,18.5,270.002
2.92:  82.7,18.5,270.002
2.93:  82.7,18.5,270.002
2.95:  82.7,18.5,270.002
2.97:  82.7,18.5,270.002
2.98:  82.7,18.5,270.002
3:  82.7,18.5,270.002
3.02:  82.7,18.5,270.002
3.03:  82.7,18.5,270.002
3.05:  82.7,18.5,270.002
3.07:  82.7,18.5,270.002
3.08:  82.7,18.5,270.002
3.1:  82.7,18.5,270.002
3.12:  82.7,18.5,270.002
3.13:  82.7,18.5,270.002
3.15:  82.7,18.5,270.002
3.17:  82.7,18.5,270.002
3.18:  82.7,18.5,270.002
3.2:  82.7,18.5,270.002
