ParticipantNo: 12016
Controller type: Gamepad
Training Level Timed:
0.02:  82.7,18.5,270
0.03:  82.7,18.5,270
0.05:  82.7,18.5,270
0.07:  82.7,18.5,270
0.09:  82.7,18.5,270
0.1:  82.7,18.5,270
0.12:  82.7,18.5,270
0.14:  82.7,18.5,270
0.15:  82.7,18.5,270
0.17:  82.7,18.5,270
0.19:  82.7,18.5,270
0.2:  82.7,18.5,270
0.22:  82.7,18.5,270
0.24:  82.7,18.5,270
0.25:  82.7,18.5,270
0.27:  82.7,18.5,270
0.29:  82.7,18.5,270
0.3:  82.7,18.5,270
0.32:  82.7,18.5,270
0.34:  82.7,18.5,270
0.35:  82.7,18.5,270
0.37:  82.7,18.5,270
0.39:  82.7,18.5,270
0.4:  82.7,18.5,270
0.42:  82.7,18.5,270
0.44:  82.7,18.5,270
0.45:  82.7,18.5,270
0.47:  82.7,18.5,270
0.49:  82.7,18.5,270
0.5:  82.7,18.5,270
0.52:  82.7,18.5,270
0.54:  82.7,18.5,270
0.55:  82.7,18.5,270
0.57:  82.7,18.5,270
0.59:  82.7,18.5,270
0.6:  82.7,18.5,270
0.62:  82.7,18.5,270
0.64:  82.7,18.5,270
0.65:  82.7,18.5,270
0.67:  82.7,18.5,270
0.7:  82.7,18.5,270
0.72:  82.7,18.5,270
0.74:  82.7,18.5,270
0.75:  82.7,18.5,270
0.77:  82.7,18.5,270
0.79:  82.7,18.5,270
0.8:  82.7,18.5,270
0.82:  82.7,18.5,270
0.84:  82.7,18.5,270
0.85:  82.7,18.5,270
0.87:  82.7,18.5,270
0.89:  82.7,18.5,270
0.9:  82.7,18.5,270
0.92:  82.7,18.5,270
0.94:  82.7,18.5,270
0.95:  82.7,18.5,270
0.97:  82.7,18.5,270
0.99:  82.7,18.5,270
1:  82.7,18.5,270
1.02:  82.7,18.5,270
1.04:  82.7,18.5,270
1.05:  82.7,18.5,270
1.07:  82.7,18.5,270
1.09:  82.68758,18.5,270
1.1:  82.64116,18.5,270
1.12:  82.54589,18.5,270
1.14:  82.38114,18.50984,270
1.15:  82.13036,18.5295,270
1.17:  81.87959,18.56638,270
1.19:  81.63168,18.60284,270
1.2:  81.38054,18.63977,270
1.22:  81.13069,18.68141,270
1.24:  80.8808,18.73531,270
1.25:  80.62885,18.79212,270
1.27:  80.37981,18.84584,270
1.29:  80.13019,18.90213,270
1.3:  79.8808,18.95592,270
1.32:  79.63282,19.0094,270
1.34:  79.3834,19.06564,270
1.35:  79.13031,19.12023,270
1.37:  78.88202,19.17622,270
1.39:  78.63068,19.23043,270
1.4:  78.37917,19.28468,270
1.42:  78.13261,19.33785,270
1.44:  77.88081,19.39217,270
1.45:  77.62979,19.44631,270
1.47:  77.37127,19.50207,270
1.49:  77.12668,19.55482,270
1.5:  76.88042,19.60793,270
1.52:  76.63365,19.66358,270
1.54:  76.38118,19.71803,270
1.55:  76.13071,19.77451,270
1.57:  75.88441,19.84035,270
1.59:  75.63806,19.90687,270
1.6:  75.39224,19.97812,269.9917
1.62:  75.15199,20.05879,269.9517
1.64:  74.90855,20.14569,269.8039
1.65:  74.67245,20.2294,269.4914
1.67:  74.44312,20.30975,269.0838
1.69:  74.20924,20.39665,268.5811
1.7:  73.97684,20.48121,267.9834
1.72:  73.74114,20.56633,267.3222
1.74:  73.50518,20.64731,266.6231
1.75:  73.26682,20.72669,265.8859
1.77:  73.02698,20.80214,265.1424
1.79:  72.79021,20.87994,264.3989
1.8:  72.55668,20.97534,263.6554
1.82:  72.32752,21.0772,262.9055
1.84:  72.09726,21.18713,262.143
1.85:  71.88095,21.30224,261.3741
1.87:  71.66229,21.42875,260.6053
1.89:  71.44885,21.55419,259.8427
1.9:  71.24226,21.6835,259.0739
1.92:  71.03067,21.82038,258.305
1.94:  70.82613,21.94883,257.5361
1.95:  70.62031,22.07427,256.7673
1.97:  70.4093,22.20105,255.9984
1.99:  70.20338,22.33303,255.2359
2:  69.99716,22.47333,254.467
2.02:  69.78777,22.61166,253.6855
2.04:  69.57876,22.7479,252.9039
2.05:  69.37025,22.882,252.1161
2.07:  69.15763,23.01241,251.3282
2.09:  68.94651,23.14012,250.5403
2.1:  68.73509,23.26408,249.7524
2.12:  68.51861,23.38704,248.9646
2.14:  68.30231,23.50598,248.1767
2.15:  68.08308,23.62264,247.3888
2.17:  67.85699,23.739,246.6009
2.19:  67.64187,23.84599,245.813
2.2:  67.41438,23.95349,245.0251
2.22:  67.1955,24.05494,244.2373
2.24:  66.96996,24.15573,243.4494
2.25:  66.74274,24.25355,242.6615
2.27:  66.51582,24.34757,241.8736
2.29:  66.28583,24.43917,241.0858
2.3:  66.05351,24.52801,240.2979
2.32:  65.82023,24.61357,239.51
2.34:  65.58683,24.69555,238.7221
2.35:  65.35249,24.77426,237.9342
2.37:  65.11798,24.84944,237.1464
2.39:  64.88241,24.92142,236.3585
2.4:  64.64545,24.98864,235.5706
2.42:  64.40776,25.05417,234.7827
2.44:  64.17062,25.11605,233.9948
2.45:  63.92816,25.17578,233.207
2.47:  63.68609,25.23188,232.4191
2.49:  63.44598,25.28407,231.6312
2.5:  63.20309,25.33337,230.8433
2.52:  62.96016,25.37921,230.0555
2.54:  62.71632,25.42176,229.2676
2.55:  62.47232,25.46089,228.4797
2.57:  62.2277,25.49667,227.6918
2.59:  61.98331,25.529,226.9039
2.6:  61.73944,25.55976,226.1161
2.62:  61.49446,25.59768,225.3282
2.64:  61.24989,25.63556,224.5403
2.65:  61.00673,25.67181,223.7524
2.67:  60.76278,25.70476,222.9646
2.69:  60.51869,25.73432,222.1767
2.7:  60.27632,25.76029,221.3888
2.72:  60.02171,25.80042,220.6009
2.74:  59.78646,25.84159,219.813
2.75:  59.54276,25.88079,219.0251
2.77:  59.29916,25.91993,218.2373
2.79:  59.0575,25.95535,217.4494
2.8:  58.81076,25.98806,216.6615
2.82:  58.56552,26.01715,215.8736
2.84:  58.31245,26.04364,215.0858
2.85:  58.06983,26.0678,214.2979
2.87:  57.82545,26.09651,213.5163
2.89:  57.57906,26.13088,212.7538
2.9:  57.3293,26.16241,212.0103
2.92:  57.07876,26.1908,211.2795
2.94:  56.83216,26.21789,210.574
2.95:  56.57959,26.24261,209.8938
2.97:  56.32505,26.26464,209.2517
2.99:  56.07793,26.28112,208.6286
3:  55.82816,26.29513,208.0246
3.02:  55.57948,26.30648,207.4268
3.04:  55.33054,26.31535,206.8544
3.05:  55.07878,26.32415,206.3074
3.07:  54.82934,26.32843,205.7984
3.09:  54.57975,26.33284,205.3147
3.1:  54.32908,26.33531,204.8691
3.12:  54.07812,26.33379,204.4678
3.14:  53.8197,26.33303,204.1363
3.15:  53.57967,26.32936,203.9378
3.17:  53.31416,26.32473,203.8154
3.19:  53.07479,26.32015,203.7184
3.2:  52.82367,26.31721,203.634
3.22:  52.57402,26.314,203.5686
3.24:  52.3243,26.31054,203.5096
3.25:  52.07373,26.30683,203.4569
3.27:  51.82426,26.30294,203.4106
3.29:  51.5673,26.29872,203.3642
3.3:  51.32477,26.29454,203.3179
3.32:  51.07644,26.29007,203.2715
3.34:  50.82336,26.28533,203.2315
3.35:  50.57405,26.28048,203.1915
3.37:  50.32323,26.27541,203.1452
3.39:  50.07468,26.27023,203.1115
3.4:  49.82388,26.26486,203.0779
3.42:  49.57533,26.26711,203.0505
3.44:  49.32548,26.27703,203.0295
3.45:  49.07679,26.28679,203.0022
3.47:  48.82707,26.29651,202.9812
3.49:  48.57782,26.30611,202.9602
3.5:  48.32991,26.31326,202.9329
3.52:  48.08258,26.32258,202.9119
3.54:  47.8311,26.33197,202.8909
3.55:  47.58353,26.34109,202.8635
3.57:  47.33423,26.35015,202.8362
3.59:  47.08567,26.35907,202.8089
3.6:  46.83829,26.36555,202.7815
3.62:  46.58037,26.37459,202.7606
3.64:  46.33704,26.38305,202.7459
3.65:  46.08905,26.39159,202.7249
3.67:  45.83848,26.3979,202.7229
3.69:  45.59071,26.40642,202.7229
3.7:  45.34088,26.41271,202.7229
3.72:  45.09163,26.41899,202.7229
3.74:  44.84165,26.42759,202.7229
3.75:  44.59163,26.43618,202.7229
3.77:  44.34298,26.44482,202.7439
3.79:  44.09295,26.45449,202.7712
3.8:  43.84272,26.46115,202.8049
3.82:  43.59143,26.46888,202.8386
3.84:  43.3416,26.47129,202.8723
3.85:  43.08031,26.47396,202.9059
3.87:  42.83688,26.47749,202.9396
3.89:  42.58197,26.4804,202.9733
3.9:  42.33174,26.4834,203.0069
3.92:  42.07906,26.48644,203.0069
3.94:  41.83018,26.48942,203.0069
3.95:  41.56572,26.4926,203.0069
3.97:  41.32271,26.49551,203.0069
3.99:  41.07215,26.49852,203.0069
4:  40.82,26.50154,203.0069
4.02:  40.57012,26.50454,203.0069
4.04:  40.32097,26.50753,203.0069
4.05:  40.06575,26.5106,203.0069
4.07:  39.81321,26.51363,203.0069
4.09:  39.56243,26.51663,203.0069
4.1:  39.31069,26.51966,203.0069
4.12:  39.05848,26.52268,203.0069
4.14:  38.80732,26.52797,203.0069
4.15:  38.56093,26.53994,203.0069
4.17:  38.3135,26.56991,203.0069
4.19:  38.06759,26.60813,203.0069
4.2:  37.82153,26.64878,203.0069
4.22:  37.5666,26.6884,203.0069
4.24:  37.32663,26.72804,203.0069
4.25:  37.07975,26.76882,203.0069
4.27:  36.83222,26.7868,203.0069
4.29:  36.58593,26.78698,203.0069
4.3:  36.33731,26.78698,203.0069
4.32:  36.09332,26.78698,203.0069
4.34:  35.84471,26.78699,203.005
4.35:  35.59926,26.78699,203.003
4.37:  35.34044,26.78699,202.9947
4.39:  35.10326,26.78699,202.9863
4.4:  34.86081,26.78699,202.978
4.42:  34.6157,26.78699,202.9697
4.44:  34.37627,26.78699,202.9614
4.45:  34.13832,26.78699,202.9531
4.47:  33.90841,26.78699,202.9447
4.49:  33.67752,26.78699,202.9301
4.5:  33.44232,26.78699,202.9218
4.52:  33.21423,26.78699,202.9135
4.54:  32.98352,26.78699,202.9051
4.55:  32.75613,26.78699,202.8968
4.57:  32.52567,26.78699,202.8885
4.59:  32.29789,26.78699,202.8802
4.6:  32.066,26.78699,202.8719
4.62:  31.83597,26.78699,202.8635
4.64:  31.60583,26.78699,202.8616
4.65:  31.37497,26.78699,202.8532
4.67:  31.14499,26.78699,202.8513
4.69:  30.91487,26.78699,202.8429
4.7:  30.6842,26.78699,202.8346
4.72:  30.4538,26.78699,202.8136
4.74:  30.22312,26.78699,202.799
4.75:  29.99104,26.78699,202.7843
4.77:  29.75951,26.78699,202.7697
4.79:  29.52734,26.78699,202.755
4.8:  29.29581,26.78699,202.7404
4.82:  29.06151,26.78699,202.7194
4.84:  28.83265,26.78699,202.711
4.85:  28.59722,26.78699,202.6964
4.87:  28.3622,26.78699,202.6754
4.89:  28.13042,26.78699,202.6607
4.9:  27.89977,26.78699,202.6461
4.92:  27.66358,26.78699,202.6314
4.94:  27.43118,26.78699,202.6168
4.95:  27.19918,26.78699,202.6021
4.97:  26.96779,26.78699,202.5874
4.99:  26.73071,26.78699,202.5665
5:  26.4971,26.78699,202.5518
5.02:  26.26431,26.78699,202.5371
5.04:  26.03029,26.78699,202.5225
5.05:  25.79694,26.78699,202.5078
5.07:  25.56433,26.78699,202.4932
5.09:  25.33071,26.78699,202.4785
5.1:  25.09768,26.78699,202.4639
5.12:  24.8649,26.78699,202.4492
5.14:  24.63198,26.78699,202.4345
5.15:  24.39669,26.78699,202.4135
5.17:  24.16281,26.78699,202.3925
5.19:  23.92946,26.78699,202.3716
5.2:  23.69744,26.78699,202.3506
5.22:  23.46035,26.78699,202.3296
5.24:  23.22716,26.78699,202.3149
5.25:  22.99273,26.78699,202.2876
5.27:  22.75769,26.78699,202.2666
5.29:  22.52559,26.78699,202.2456
5.3:  22.2904,26.78699,202.2183
5.32:  22.06032,26.78699,202.1909
5.34:  21.81411,26.78699,202.1636
5.35:  21.58671,26.78699,202.1299
5.37:  21.35407,26.78699,202.1026
5.39:  21.11993,26.78699,202.0689
5.4:  20.88541,26.78699,202.0352
5.42:  20.64328,26.78699,202.0016
5.44:  20.4127,26.78699,201.9679
5.45:  20.17996,26.78699,201.9342
5.47:  19.94925,26.78699,201.9006
5.49:  19.70778,26.78699,201.8606
5.5:  19.46749,26.78699,201.8142
5.52:  19.2261,26.78699,201.7679
5.54:  18.98926,26.78699,201.7215
5.55:  18.74487,26.78699,201.6689
5.57:  18.5053,26.78699,201.6098
5.59:  18.26464,26.78698,201.5445
5.6:  18.01828,26.78698,201.4728
5.62:  17.78319,26.78698,201.3884
5.64:  17.53499,26.78698,201.2787
5.65:  17.2958,26.78698,201.1436
5.67:  17.05536,26.78698,200.9895
5.69:  16.81468,26.78698,200.7974
5.7:  16.57487,26.78698,200.5736
5.72:  16.33427,26.78698,200.3434
5.74:  16.09381,26.78698,200.0689
5.75:  15.84903,26.78698,199.7564
5.77:  15.60425,26.78698,199.3995
5.79:  15.36383,26.78698,199.0046
5.8:  15.11954,26.78698,198.5906
5.82:  14.87436,26.78698,198.1703
5.84:  14.6296,26.78698,197.7184
5.85:  14.383,26.78698,197.2537
5.87:  14.14206,26.78698,196.7827
5.89:  13.8926,26.78698,196.3118
5.9:  13.64561,26.78698,195.8471
5.92:  13.39244,26.78698,195.3698
5.94:  13.15088,26.78698,194.8988
5.95:  12.89721,26.78698,194.4215
5.97:  12.65337,26.78841,193.9442
5.99:  12.39776,26.78466,193.4605
6:  12.14258,26.76809,192.9832
6.02:  11.88477,26.74987,192.4995
6.04:  11.62973,26.72897,192.0159
6.05:  11.37401,26.70585,191.5322
6.07:  11.12041,26.66598,191.0485
6.09:  10.8667,26.61604,190.5649
6.1:  10.61296,26.56154,190.0812
6.12:  10.35867,26.50467,189.5975
6.14:  10.1062,26.44597,189.1139
6.15:  9.861733,26.37026,188.6302
6.17:  9.629465,26.26753,188.1466
6.19:  9.395983,26.16191,187.6629
6.2:  9.16552,26.05529,187.1792
6.22:  8.934306,25.94595,186.6956
6.24:  8.707304,25.83467,186.1866
6.25:  8.481541,25.719,185.6395
6.27:  8.256655,25.60086,185.0545
6.29:  8.041645,25.47113,184.4314
6.3:  7.827749,25.32304,183.7956
6.32:  7.615417,25.17249,183.1535
6.34:  7.397535,25.01178,182.4987
6.35:  7.1908,24.85798,181.8439
6.37:  6.984525,24.70087,181.1955
6.39:  6.786303,24.54204,180.547
6.4:  6.583279,24.38001,179.8986
6.42:  6.382617,24.21365,179.2502
6.44:  6.185127,24.04408,178.6017
6.45:  6.017146,23.85862,177.9533
6.47:  5.859871,23.65707,177.3048
6.49:  5.7077,23.46041,176.65
6.5:  5.552756,23.25542,176.0016
6.52:  5.40622,23.05379,175.3468
6.54:  5.258477,22.84559,174.6984
6.55:  5.114058,22.64034,174.0499
6.57:  4.968879,22.42897,173.4015
6.59:  4.830144,22.21869,172.753
6.6:  4.691384,22.00648,172.0982
6.62:  4.550503,21.78561,171.4498
6.64:  4.423076,21.57747,170.814
6.65:  4.291114,21.36025,170.1973
6.67:  4.157863,21.13623,169.6629
6.69:  4.035336,20.92313,169.2363
6.7:  3.909255,20.70463,168.9048
6.72:  3.782843,20.48682,168.6809
6.74:  3.644562,20.2812,168.5205
6.75:  3.490895,20.08277,168.4171
6.77:  3.324376,19.88993,168.3454
6.79:  3.158193,19.70597,168.2864
6.8:  2.988051,19.52439,168.221
6.82:  2.806669,19.34653,168.162
6.84:  2.62017,19.17457,168.0967
6.85:  2.434394,19.00577,168.0376
6.87:  2.246326,18.83741,167.9786
6.89:  2.05705,18.66921,167.9133
6.9:  1.869332,18.50043,167.8542
6.92:  1.680439,18.33183,167.7889
6.94:  1.494143,18.16344,167.7045
6.95:  1.30685,17.99361,167.6138
6.97:  1.1196,17.82466,167.4787
6.99:  0.9346668,17.65515,167.3056
7:  0.7480156,17.48433,167.0755
7.02:  0.5599414,17.31055,166.801
7.04:  0.3777298,17.13861,166.4758
7.05:  0.1969951,16.96593,166.1189
7.07:  0.01437597,16.78767,165.7112
7.09:  -0.1487411,16.59785,165.2973
7.1:  -0.3100722,16.40422,164.8833
7.12:  -0.4718259,16.20932,164.4567
7.14:  -0.6327402,16.01226,163.9984
7.15:  -0.788861,15.81455,163.5148
7.17:  -0.9489083,15.60554,162.9804
7.19:  -1.098695,15.40597,162.427
7.2:  -1.251449,15.2041,161.88
7.22:  -1.40044,14.99957,161.2886
7.24:  -1.545297,14.79376,160.6782
7.25:  -1.693945,14.58019,160.0551
7.27:  -1.8366,14.37391,159.432
7.29:  -1.976773,14.16276,158.7962
7.3:  -2.115644,13.95212,158.1604
7.32:  -2.253274,13.73817,157.5183
7.34:  -2.38272,13.52554,156.8699
7.35:  -2.51677,13.30636,156.2151
7.37:  -2.650972,13.08113,155.554
7.39:  -2.776175,12.86539,154.8929
7.4:  -2.900208,12.64586,154.2317
7.42:  -3.022358,12.42372,153.5706
7.44:  -3.143397,12.19303,152.9032
7.45:  -3.257308,11.97394,152.2357
7.47:  -3.371116,11.7486,151.5619
7.49:  -3.488509,11.52605,150.8818
7.5:  -3.628207,11.31608,150.2016
7.52:  -3.775956,11.11619,149.5215
7.54:  -3.937887,10.91104,148.8414
7.55:  -4.098088,10.72528,148.1612
7.57:  -4.265102,10.53419,147.4811
7.59:  -4.429012,10.3421,146.801
7.6:  -4.590908,10.14775,146.1208
7.62:  -4.749934,9.952165,145.4407
7.64:  -4.907252,9.753918,144.7605
7.65:  -5.067125,9.547512,144.0867
7.67:  -5.219418,9.347125,143.4066
7.69:  -5.369573,9.144603,142.7265
7.7:  -5.516739,8.939995,142.0527
7.72:  -5.661688,8.733338,141.3726
7.74:  -5.806077,8.523411,140.6924
7.75:  -5.945544,8.314071,139.9996
7.77:  -6.035044,8.100353,139.3068
7.79:  -6.036047,7.886351,138.6077
7.8:  -6.036242,7.672815,137.9085
7.82:  -6.037526,7.453708,137.2094
7.84:  -6.038551,7.234486,136.5102
7.85:  -6.03921,7.012355,135.8111
7.87:  -6.040069,6.788163,135.1056
7.89:  -6.041117,6.567192,134.4064
7.9:  -6.041981,6.337945,133.7073
7.92:  -6.04285,6.11583,133.0081
7.94:  -6.04354,5.886846,132.3027
7.95:  -6.044418,5.65987,131.6035
7.97:  -6.045507,5.426844,130.898
7.99:  -6.046208,5.192515,130.1925
8:  -6.047102,4.959328,129.4934
8.02:  -6.048009,4.724479,128.7879
8.04:  -6.048921,4.479068,128.0824
8.05:  -6.049829,4.245731,127.3832
8.07:  -6.050951,4.009758,126.6778
8.09:  -6.051674,3.770806,125.9723
8.1:  -6.052807,3.532809,125.2668
8.12:  -6.053535,3.28285,124.5613
8.14:  -6.054677,3.04553,123.8558
8.15:  -6.055378,2.803096,123.1757
8.17:  -6.05628,2.558691,122.5019
8.19:  -6.057384,2.316701,121.8344
8.2:  -6.058266,2.072559,121.1797
8.22:  -6.058924,1.824551,120.5376
8.24:  -6.059794,1.577429,119.8954
8.25:  -6.06086,1.322215,119.266
8.27:  -6.061498,1.080492,118.6429
8.29:  -6.062551,0.8332409,118.0262
8.3:  -6.063378,0.5876747,117.4221
8.32:  -6.063985,0.3268385,116.8243
8.34:  -6.06501,0.08561009,116.2329
8.35:  -6.065611,-0.1654781,115.6415
8.37:  -6.066605,-0.4161193,115.0755
8.39:  -6.066605,-0.6735961,114.5348
8.4:  -6.06785,-0.9199203,114.0194
8.42:  -6.068752,-1.166952,113.5231
8.44:  -6.069216,-1.423954,113.0331
8.45:  -6.070066,-1.677264,112.5748
8.47:  -6.070462,-1.92615,112.1355
8.49:  -6.07126,-2.18034,111.7152
8.5:  -6.071827,-2.432416,111.3076
8.52:  -6.07217,-2.685045,110.9063
8.54:  -6.072702,-2.941257,110.5241
8.55:  -6.073226,-3.192144,110.1481
8.57:  -6.073956,-3.448626,109.7786
8.59:  -6.074229,-3.70205,109.428
8.6:  -6.074718,-3.958771,109.0774
8.62:  -6.075198,-4.210618,108.7332
8.64:  -6.075669,-4.468633,108.3953
8.65:  -6.076357,-4.718512,108.0574
8.67:  -6.076819,-4.981556,107.7259
8.69:  -6.077013,-5.232157,107.4324
8.7:  -6.077379,-5.485006,107.1705
8.72:  -6.077925,-5.737205,106.9341
8.74:  -6.078031,-5.991804,106.7039
8.75:  -6.07855,-6.245557,106.4864
8.77:  -6.078611,-6.499735,106.288
8.79:  -6.077595,-6.751808,106.0959
8.8:  -6.075789,-7.003931,105.9164
8.82:  -6.073926,-7.26039,105.756
8.84:  -6.070594,-7.521471,105.5956
8.85:  -6.067462,-7.769143,105.4478
8.87:  -6.063661,-8.024446,105.3191
8.89:  -6.05931,-8.278311,105.1903
8.9:  -6.054391,-8.533535,105.0679
8.92:  -6.049007,-8.788925,104.9646
8.94:  -6.043212,-9.044639,104.8738
8.95:  -6.036976,-9.300651,104.7768
8.97:  -6.029767,-9.552329,104.6861
8.99:  -6.022801,-9.806403,104.6017
9:  -6.014779,-10.06032,104.5173
9.02:  -6.006543,-10.31022,104.4393
9.04:  -5.99773,-10.5662,104.3549
9.05:  -5.984223,-10.81682,104.3022
9.07:  -5.970145,-11.07471,104.2622
9.09:  -5.956918,-11.32646,104.2159
9.1:  -5.943124,-11.58556,104.1759
9.12:  -5.929408,-11.83931,104.1295
9.14:  -5.914621,-12.09596,104.0895
9.15:  -5.900038,-12.34651,104.0558
9.17:  -5.884926,-12.60354,104.0222
9.19:  -5.870408,-12.86042,103.9885
9.2:  -5.855823,-13.11579,103.9548
9.22:  -5.840993,-13.37281,103.9212
9.24:  -5.82613,-13.6278,103.8875
9.25:  -5.810483,-13.88122,103.8538
9.27:  -5.797062,-14.13461,103.8265
9.29:  -5.788846,-14.38907,103.7928
9.3:  -5.779884,-14.6415,103.7592
9.32:  -5.77613,-14.89488,103.7255
9.34:  -5.790049,-15.14859,103.6918
9.35:  -5.80627,-15.40287,103.6581
9.37:  -5.825027,-15.66062,103.6245
9.39:  -5.840562,-15.90829,103.5971
9.4:  -5.856301,-16.16115,103.5698
9.42:  -5.871955,-16.41459,103.5425
9.44:  -5.88796,-16.67525,103.5215
9.45:  -5.905337,-16.92179,103.4941
9.47:  -5.935087,-17.17265,103.4731
9.49:  -5.969318,-17.42084,103.4521
9.5:  -6.003028,-17.66591,103.4312
9.52:  -6.037675,-17.91849,103.4102
9.54:  -6.06716,-18.16676,103.3892
9.55:  -6.06716,-18.41605,103.3745
9.57:  -6.06716,-18.65968,103.3598
9.59:  -6.06716,-18.9026,103.3515
9.6:  -6.06716,-19.14975,103.3432
9.62:  -6.06716,-19.39134,103.3349
9.64:  -6.06716,-19.63199,103.3266
9.65:  -6.06716,-19.87486,103.3183
9.67:  -6.06716,-20.11506,103.3099
9.69:  -6.06716,-20.35997,103.3016
9.7:  -6.06716,-20.60446,103.2933
9.72:  -6.06716,-20.84676,103.285
9.74:  -6.06716,-21.09066,103.2767
9.75:  -6.06716,-21.33527,103.2683
9.77:  -6.06716,-21.57865,103.26
9.79:  -6.06716,-21.82782,103.2454
9.8:  -6.06716,-22.06289,103.2371
9.82:  -6.06716,-22.30718,103.2287
9.84:  -6.06716,-22.54974,103.2204
9.85:  -6.06716,-22.80123,103.2121
9.87:  -6.06716,-23.03803,103.2038
9.89:  -6.06716,-23.28096,103.2018
9.9:  -6.06716,-23.52375,103.1935
9.92:  -6.06716,-23.77558,103.1915
9.94:  -6.06716,-24.01128,103.1832
9.95:  -6.06716,-24.25209,103.1812
9.97:  -6.06716,-24.50002,103.1729
9.99:  -6.06716,-24.74178,103.1646
10:  -6.06716,-24.98523,103.1499
10.02:  -6.06716,-25.2284,103.1416
10.04:  -6.06716,-25.47865,103.1333
10.05:  -6.06716,-25.72032,103.125
10.07:  -6.06716,-25.963,103.1166
10.09:  -6.06716,-26.20244,103.1083
10.1:  -6.06716,-26.44605,103.1
10.12:  -6.06716,-26.6882,103.0917
10.14:  -6.06716,-26.93229,103.0834
10.15:  -6.06716,-27.17624,103.0814
10.17:  -6.06716,-27.41975,103.0731
10.19:  -6.06716,-27.66179,103.0648
10.2:  -6.06716,-27.90421,103.0564
10.22:  -6.06716,-28.15918,103.0481
10.24:  -6.06716,-28.39454,103.0398
10.25:  -6.06716,-28.63717,103.0315
10.27:  -6.06716,-28.88049,103.0232
10.29:  -6.067159,-29.12392,103.0148
10.3:  -6.067159,-29.36709,103.0065
10.32:  -6.067159,-29.61051,102.9982
10.34:  -6.067159,-29.85498,102.9899
10.35:  -6.067159,-30.09633,102.9816
10.37:  -6.067159,-30.34372,102.9732
10.39:  -6.067159,-30.58557,102.9649
10.4:  -6.067159,-30.82918,102.9566
10.42:  -6.067159,-31.0735,102.9483
10.44:  -6.067159,-31.31695,102.94
10.45:  -6.067159,-31.56161,102.9316
10.47:  -6.067159,-31.80929,102.9233
10.49:  -6.067815,-32.05701,102.915
10.5:  -6.067827,-32.30542,102.9067
10.52:  -6.067838,-32.5542,102.8984
10.54:  -6.06785,-32.80341,102.89
10.55:  -6.067861,-33.05067,102.8817
10.57:  -6.067873,-33.29998,102.8734
10.59:  -6.067884,-33.54982,102.8651
10.6:  -6.067895,-33.79767,102.8568
10.62:  -6.067907,-34.04576,102.8485
10.64:  -6.067919,-34.29427,102.8401
10.65:  -6.06793,-34.54382,102.8318
10.67:  -6.067942,-34.7932,102.8235
10.69:  -6.067954,-35.03987,102.8152
10.7:  -6.067965,-35.29075,102.8069
10.72:  -6.067985,-35.53511,102.7922
10.74:  -6.068014,-35.7817,102.7712
10.75:  -6.06806,-36.03138,102.7375
10.77:  -6.071197,-36.28138,102.6975
10.79:  -6.073334,-36.53671,102.6512
10.8:  -6.070474,-36.79452,102.6048
10.82:  -6.067421,-37.05094,102.5585
10.84:  -6.064163,-37.30725,102.5122
10.85:  -6.060682,-37.56679,102.4721
10.87:  -6.057025,-37.82599,102.4321
10.89:  -6.053224,-38.08268,102.3921
10.9:  -6.049266,-38.33972,102.3585
10.92:  -6.045123,-38.59716,102.3185
10.94:  -6.040812,-38.8539,102.2784
10.95:  -6.036325,-39.11042,102.2384
10.97:  -6.031638,-39.36805,102.1984
10.99:  -6.026783,-39.6236,102.1521
11:  -6.02178,-39.87761,102.1121
11.02:  -6.016273,-40.14756,102.0721
11.04:  -6.010977,-40.39864,102.0321
11.05:  -6.00546,-40.65179,101.9921
11.07:  -5.999676,-40.90897,101.952
11.09:  -5.976492,-41.16617,101.912
11.1:  -5.935382,-41.42224,101.8784
11.12:  -5.893997,-41.67888,101.8383
11.14:  -5.849854,-41.93687,101.792
11.15:  -5.78525,-42.1899,101.752
11.17:  -5.72263,-42.43443,101.712
11.19:  -5.6592,-42.6813,101.6656
11.2:  -5.595101,-42.93006,101.6256
11.22:  -5.531013,-43.17794,101.5793
11.24:  -5.466497,-43.4263,101.5139
11.25:  -5.402259,-43.67244,101.4486
11.27:  -5.336383,-43.92335,101.3642
11.29:  -5.27107,-44.17019,101.2545
11.3:  -5.204768,-44.41828,101.1131
11.32:  -5.137756,-44.66592,100.9336
11.34:  -5.069841,-44.91338,100.7288
11.35:  -5.000923,-45.16061,100.4987
11.37:  -4.930608,-45.40825,100.2242
11.39:  -4.840534,-45.6446,99.91162
11.4:  -4.735989,-45.87827,99.5864
11.42:  -4.62954,-46.10913,99.24218
11.44:  -4.521379,-46.33998,98.89161
11.45:  -4.411623,-46.57048,98.53471
11.47:  -4.302734,-46.79554,98.17781
11.49:  -4.186547,-47.02725,97.82092
11.5:  -4.074617,-47.25143,97.46401
11.52:  -3.957307,-47.47828,97.10711
11.54:  -3.84045,-47.70521,96.75021
11.55:  -3.721341,-47.93301,96.39331
11.57:  -3.601371,-48.15908,96.04276
11.59:  -3.483512,-48.37787,95.68585
11.6:  -3.360151,-48.60356,95.33528
11.62:  -3.237622,-48.8245,94.98472
11.64:  -3.111434,-49.04873,94.62782
11.65:  -2.983799,-49.26826,94.27725
11.67:  -2.834971,-49.48423,93.92035
11.69:  -2.68686,-49.69368,93.56345
11.7:  -2.538227,-49.90111,93.20654
11.72:  -2.382693,-50.11206,92.84964
11.74:  -2.226678,-50.31054,92.49274
11.75:  -2.057155,-50.49833,92.14217
11.77:  -1.880915,-50.68091,91.79794
11.79:  -1.704836,-50.86127,91.47273
11.8:  -1.527139,-51.04123,91.14751
11.82:  -1.347917,-51.22073,90.82865
11.84:  -1.158102,-51.40869,90.50343
11.85:  -0.9748843,-51.5671,90.18456
11.87:  -0.780948,-51.71956,89.85935
11.89:  -0.5749031,-51.87333,89.53413
11.9:  -0.3697362,-52.02464,89.20892
11.92:  -0.1653308,-52.17548,88.89005
11.94:  0.04143669,-52.32444,88.57117
11.95:  0.2504321,-52.47322,88.24596
11.97:  0.4597547,-52.62048,87.92708
11.99:  0.6686103,-52.76568,87.6082
12:  0.8844408,-52.91396,87.28933
12.02:  1.095402,-53.05714,86.96411
12.04:  1.307027,-53.19901,86.6389
12.05:  1.517439,-53.33839,86.32003
12.07:  1.729843,-53.47758,86.03918
12.09:  1.943685,-53.6165,85.80904
12.1:  2.154928,-53.75276,85.62326
12.12:  2.372736,-53.89243,85.46917
12.14:  2.587578,-54.02954,85.34676
12.15:  2.801331,-54.16545,85.24972
12.17:  3.020895,-54.30464,85.17168
12.19:  3.234718,-54.43984,85.10632
12.2:  3.4505,-54.57604,85.05998
12.22:  3.666775,-54.71234,85.01997
12.24:  3.883924,-54.84898,84.97997
12.25:  4.100541,-54.98507,84.93996
12.27:  4.316147,-55.12036,84.90628
12.29:  4.532429,-55.25585,84.86627
12.3:  4.748271,-55.39086,84.82626
12.32:  4.963043,-55.52499,84.78626
12.34:  5.178203,-55.65919,84.75259
12.35:  5.398265,-55.79627,84.71893
12.37:  5.616816,-55.93219,84.67891
12.39:  5.833125,-56.06654,84.64525
12.4:  6.047531,-56.19957,84.61792
12.42:  6.267632,-56.33599,84.59058
12.44:  6.484136,-56.47,84.55691
12.45:  6.702443,-56.60495,84.52325
12.47:  6.920084,-56.73935,84.49591
12.49:  7.138142,-56.8721,84.46223
12.5:  7.355646,-57.00609,84.4349
12.52:  7.573268,-57.13998,84.40122
12.54:  7.791797,-57.27424,84.36755
12.55:  8.00881,-57.40741,84.33389
12.57:  8.223091,-57.53875,84.30656
12.59:  8.442201,-57.67288,84.27288
12.6:  8.671109,-57.8012,84.23921
12.62:  8.901891,-57.90171,84.20555
12.64:  9.133511,-58.00111,84.17188
12.65:  9.365271,-58.10041,84.13821
12.67:  9.596908,-58.19949,84.10454
12.69:  9.828546,-58.30074,84.07088
12.7:  10.06106,-58.40224,84.04355
12.72:  10.30212,-58.50733,84.01621
12.74:  10.52709,-58.60527,83.98888
12.75:  10.76031,-58.70668,83.96155
12.77:  10.99179,-58.80721,83.93421
12.79:  11.22376,-58.90781,83.90689
12.8:  11.46578,-59.0126,83.87321
12.82:  11.68953,-59.10935,83.84588
12.84:  11.92232,-59.20988,83.81854
12.85:  12.15596,-59.31065,83.79121
12.87:  12.39112,-59.41194,83.76389
12.89:  12.62003,-59.5104,83.73655
12.9:  12.85174,-59.60995,83.70921
12.92:  13.09542,-59.71449,83.68188
12.94:  13.32285,-59.81194,83.65456
12.95:  13.55137,-59.90972,83.62722
12.97:  13.78623,-60.01009,83.59988
12.99:  14.02359,-60.11138,83.57256
13:  14.25231,-60.20886,83.54521
13.02:  14.48528,-60.30803,83.51789
13.04:  14.7203,-60.40793,83.49055
13.05:  14.94949,-60.50523,83.46322
13.07:  15.18689,-60.60587,83.43589
13.09:  15.41912,-60.70419,83.40855
13.1:  15.65304,-60.8031,83.38123
13.12:  15.88764,-60.90217,83.35389
13.14:  16.11754,-60.99911,83.32656
13.15:  16.36354,-61.10272,83.29922
13.17:  16.58894,-61.19752,83.27189
13.19:  16.82108,-61.29502,83.24456
13.2:  17.05355,-61.39256,83.22356
13.22:  17.29144,-61.48628,83.20258
13.24:  17.53067,-61.55957,83.18158
13.25:  17.77658,-61.62764,83.15425
13.27:  18.02314,-61.6948,83.12691
13.29:  18.26663,-61.761,83.09958
13.3:  18.51227,-61.82765,83.07225
13.32:  18.75674,-61.89621,83.04491
13.34:  19.00245,-61.96266,83.02393
13.35:  19.24788,-62.02891,82.9966
13.37:  19.49007,-62.09648,82.96926
13.39:  19.73857,-62.1633,82.94193
13.4:  19.98234,-62.22876,82.92093
13.42:  20.22889,-62.29484,82.89359
13.44:  20.48161,-62.36244,82.86626
13.45:  20.72547,-62.42991,82.84527
13.47:  20.96664,-62.49654,82.82426
13.49:  21.21202,-62.56192,82.80962
13.5:  21.45437,-62.62639,82.78863
13.52:  21.70199,-62.6922,82.77397
13.54:  21.9481,-62.75751,82.75298
13.55:  22.19493,-62.82292,82.73199
13.57:  22.43933,-62.88759,82.71099
13.59:  22.68394,-62.95224,82.69634
13.6:  22.92935,-63.01704,82.68167
13.62:  23.17537,-63.08194,82.66702
13.64:  23.42117,-63.1467,82.65237
13.65:  23.66802,-63.21168,82.63772
13.67:  23.91251,-63.27594,82.61673
13.69:  24.15848,-63.34284,82.59573
13.7:  24.40673,-63.40694,82.57474
13.72:  24.65291,-63.47136,82.55374
13.74:  24.89817,-63.53543,82.53275
13.75:  25.14477,-63.5998,82.51809
13.77:  25.39014,-63.66374,82.49709
13.79:  25.63416,-63.72723,82.4761
13.8:  25.87794,-63.79057,82.45511
13.82:  26.12624,-63.85502,82.44046
13.84:  26.37385,-63.91922,82.4258
13.85:  26.61953,-63.98282,82.40482
13.87:  26.86682,-64.04913,82.39016
13.89:  27.11126,-64.11227,82.3755
13.9:  27.35377,-64.17717,82.36085
13.92:  27.60239,-64.24126,82.34619
13.94:  27.84901,-64.30477,82.33154
13.95:  28.09539,-64.36815,82.31689
13.97:  28.33755,-64.43266,82.29589
13.99:  28.58597,-64.4964,82.28124
14:  28.82861,-64.56087,82.26025
14.02:  29.08091,-64.62781,82.23926
14.04:  29.32403,-64.69221,82.21826
14.05:  29.57258,-64.7556,82.19727
14.07:  29.82468,-64.79897,82.18261
14.09:  30.09168,-64.82672,82.16161
14.1:  30.34389,-64.85287,82.14696
14.12:  30.59303,-64.87863,82.1323
14.14:  30.85225,-64.90537,82.11765
14.15:  31.10263,-64.91936,82.10299
14.17:  31.35929,-64.91892,82.08833
14.19:  31.60848,-64.91841,82.06734
14.2:  31.86361,-64.9178,82.04635
14.22:  32.1244,-64.91708,82.02535
14.24:  32.37225,-64.91632,82.0107
14.25:  32.62306,-64.9155,81.99605
14.27:  32.87664,-64.91457,81.97506
14.29:  33.12278,-64.89925,81.95406
14.3:  33.37262,-64.88116,81.93307
14.32:  33.62257,-64.86054,81.91841
14.34:  33.87224,-64.83986,81.89742
14.35:  34.12188,-64.81908,81.87643
14.37:  34.37199,-64.79818,81.85543
14.39:  34.62867,-64.77666,81.84077
14.4:  34.87652,-64.75578,81.81978
14.42:  35.12255,-64.735,81.80512
14.44:  35.36947,-64.71408,81.79047
14.45:  35.61954,-64.69279,81.76948
14.47:  35.86869,-64.6715,81.74848
14.49:  36.11846,-64.65009,81.73382
14.5:  36.36641,-64.62878,81.71916
14.52:  36.61732,-64.60711,81.69817
14.54:  36.86599,-64.58557,81.68351
14.55:  37.11742,-64.56617,81.66252
14.57:  37.36597,-64.54449,81.64787
14.59:  37.6148,-64.52272,81.63321
14.6:  37.86487,-64.50077,81.61855
14.62:  38.12185,-64.47816,81.6039
14.64:  38.3688,-64.45636,81.58925
14.65:  38.61021,-64.43496,81.56825
14.67:  38.8637,-64.41243,81.5536
14.69:  39.11281,-64.39019,81.5326
14.7:  39.36248,-64.36784,81.51794
14.72:  39.61073,-64.34555,81.50329
14.74:  39.86127,-64.32299,81.48863
14.75:  40.11164,-64.30038,81.47398
14.77:  40.36065,-64.27784,81.45932
14.79:  40.60847,-64.2553,81.43832
14.8:  40.85781,-64.23254,81.41733
14.82:  41.10725,-64.20968,81.39633
14.84:  41.35658,-64.18676,81.38168
14.85:  41.60616,-64.16376,81.36703
14.87:  41.85555,-64.14067,81.34604
14.89:  42.10435,-64.11755,81.32504
14.9:  42.35411,-64.09428,81.31039
14.92:  42.61137,-64.07022,81.2894
14.94:  42.85268,-64.04755,81.2684
14.95:  43.11008,-64.02328,81.24741
14.97:  43.35646,-63.99997,81.22642
14.99:  43.60327,-63.97654,81.21175
15:  43.85217,-63.95285,81.1971
15.02:  44.10325,-63.92889,81.18245
15.04:  44.35608,-63.90471,81.16779
15.05:  44.5966,-63.88163,81.15314
15.07:  44.84771,-63.85744,81.13215
15.09:  45.09659,-63.83338,81.11115
15.1:  45.34604,-63.80917,81.09016
15.12:  45.59558,-63.78486,81.06916
15.14:  45.84447,-63.76052,81.04817
15.15:  46.0918,-63.73624,81.02718
15.17:  46.34455,-63.71133,81.00619
15.19:  46.59047,-63.68701,80.98519
15.2:  46.84171,-63.6621,80.97054
15.22:  47.09061,-63.63733,80.94955
15.24:  47.33985,-63.61245,80.93489
15.25:  47.58979,-63.58742,80.91389
15.27:  47.83487,-63.56281,80.89925
15.29:  48.08705,-63.53742,80.88458
15.3:  48.3367,-63.5122,80.86359
15.32:  48.58578,-63.48696,80.84895
15.34:  48.83544,-63.46161,80.83428
15.35:  49.08168,-63.43893,80.81329
15.37:  49.33278,-63.41325,80.7923
15.39:  49.5831,-63.38757,80.77764
15.4:  49.8309,-63.36206,80.75665
15.42:  50.08125,-63.3362,80.73566
15.44:  50.32631,-63.31083,80.721
15.45:  50.58071,-63.28439,80.7
15.47:  50.82772,-63.25865,80.68536
15.49:  51.07685,-63.23263,80.67069
15.5:  51.32542,-63.2066,80.65604
15.52:  51.57497,-63.18038,80.63504
15.54:  51.82474,-63.15404,80.61404
15.55:  52.07365,-63.1277,80.59306
15.57:  52.32414,-63.1011,80.57207
15.59:  52.57956,-63.07391,80.55741
15.6:  52.82562,-63.04766,80.54276
15.62:  53.06986,-63.0215,80.52177
15.64:  53.31997,-62.99463,80.50077
15.65:  53.56788,-62.96793,80.48611
15.67:  53.81715,-62.94099,80.46512
15.69:  54.06611,-62.91402,80.45047
15.7:  54.31446,-62.88702,80.42947
15.72:  54.56401,-62.8598,80.40849
15.74:  54.81189,-62.83267,80.38749
15.75:  55.06227,-62.8052,80.37283
15.77:  55.30643,-62.77832,80.35184
15.79:  55.55873,-62.75046,80.33084
15.8:  55.80944,-62.7227,80.31618
15.82:  56.05645,-62.69529,80.30153
15.84:  56.30408,-62.66775,80.28687
15.85:  56.55367,-62.63993,80.27222
15.87:  56.80408,-62.61194,80.25757
15.89:  57.05274,-62.5841,80.2429
15.9:  57.3008,-62.55622,80.22192
15.92:  57.54988,-62.52816,80.20726
15.94:  57.79559,-62.5004,80.18627
15.95:  58.04892,-62.47168,80.16528
15.97:  58.29741,-62.44344,80.15063
15.99:  58.54604,-62.41512,80.13596
16:  58.79324,-62.38688,80.11497
16.02:  59.04184,-62.35838,80.09398
16.04:  59.29222,-62.32958,80.07298
16.05:  59.54177,-62.30079,80.05199
16.07:  59.78999,-62.27206,80.03099
16.09:  60.03652,-62.24343,80.01
16.1:  60.2879,-62.21418,79.99535
16.12:  60.53559,-62.18529,79.98069
16.14:  60.78447,-62.15619,79.96603
16.15:  61.03994,-62.12626,79.95138
16.17:  61.28418,-62.09756,79.93038
16.19:  61.53154,-62.06842,79.91573
16.2:  61.77961,-62.03913,79.90107
16.22:  62.02829,-62.00969,79.88008
16.24:  62.27781,-61.98005,79.85909
16.25:  62.5266,-61.9504,79.83809
16.27:  62.77138,-61.92114,79.8171
16.29:  63.02387,-61.89087,79.7961
16.3:  63.27052,-61.8685,79.77512
16.32:  63.52265,-61.84554,79.75412
16.34:  63.77173,-61.82034,79.73946
16.35:  64.018,-61.79534,79.71848
16.37:  64.2737,-61.7718,79.69748
16.39:  64.5245,-61.76325,79.68282
16.4:  64.77616,-61.75703,79.66817
16.42:  65.03004,-61.75068,79.65351
16.44:  65.27995,-61.74437,79.63885
16.45:  65.53661,-61.7378,79.61787
16.47:  65.79571,-61.73107,79.59687
16.49:  66.04534,-61.72449,79.57587
16.5:  66.29675,-61.71778,79.55488
16.52:  66.54534,-61.71104,79.53389
16.54:  66.80891,-61.70381,79.51289
16.55:  67.05997,-61.71113,79.49824
16.57:  67.31136,-61.73368,79.48358
16.59:  67.5639,-61.75624,79.46259
16.6:  67.81364,-61.77615,79.44793
16.62:  68.07007,-61.79889,79.42693
16.64:  68.32424,-61.82135,79.40594
16.65:  68.58519,-61.8443,79.38495
16.67:  68.83693,-61.86635,79.36396
16.69:  69.08652,-61.88813,79.34296
16.7:  69.339,-61.91008,79.3283
16.72:  69.59949,-61.9351,79.31364
16.74:  69.84837,-61.95894,79.29899
16.75:  70.09935,-61.98291,79.28433
16.77:  70.35176,-62.00458,79.26334
16.79:  70.60785,-62.02885,79.24235
16.8:  70.86782,-62.05339,79.22135
16.82:  71.11555,-62.07441,79.2067
16.84:  71.36943,-62.09822,79.18571
16.85:  71.62526,-62.12212,79.16471
16.87:  71.87786,-62.14327,79.14371
16.89:  72.1314,-62.16677,79.12273
16.9:  72.38486,-62.1878,79.10173
16.92:  72.63857,-62.20876,79.08073
16.94:  72.89216,-62.22959,79.05341
16.95:  73.14673,-62.25041,79.03242
16.97:  73.39715,-62.27079,79.01142
16.99:  73.65347,-62.29156,78.99043
17:  73.90716,-62.31436,78.9631
17.02:  74.16128,-62.33707,78.93576
17.04:  74.41555,-62.35968,78.90842
17.05:  74.67045,-62.37982,78.87476
17.07:  74.9243,-62.40209,78.84109
17.09:  75.1767,-62.4217,78.80108
17.1:  75.43121,-62.44127,78.75472
17.12:  75.68565,-62.46066,78.71472
17.14:  75.93851,-62.47969,78.66204
17.15:  76.19174,-62.4984,78.58401
17.17:  76.43877,-62.53614,78.4616
17.19:  76.68047,-62.59808,78.30751
17.22:  76.92152,-62.67042,78.14075
17.24:  77.16992,-62.74997,77.94229
17.25:  77.40249,-62.82563,77.72482
17.27:  77.6387,-62.90485,77.482
17.29:  77.87331,-62.99489,77.15044
17.3:  78.10271,-63.09196,76.74284
17.32:  78.33388,-63.18743,76.24651
17.34:  78.57317,-63.28551,75.64243
17.35:  78.80259,-63.37642,74.96863
17.37:  79.03964,-63.46686,74.2378
17.39:  79.26796,-63.55042,73.45625
17.4:  79.50372,-63.63308,72.67471
17.42:  79.7391,-63.71358,71.89951
17.44:  79.97766,-63.79001,71.11797
17.45:  80.2171,-63.86313,70.33643
17.47:  80.45836,-63.9332,69.54855
17.49:  80.69533,-63.9985,68.76067
17.5:  80.94099,-64.06257,67.97279
17.52:  81.18256,-64.12356,67.18492
17.54:  81.4193,-64.19398,66.39703
17.55:  81.62986,-64.28428,65.60916
17.57:  81.80927,-64.40617,64.82127
17.59:  81.94909,-64.55336,64.03339
17.6:  82.04181,-64.73183,63.24553
17.62:  82.13684,-64.91406,62.45764
17.64:  82.23717,-65.10016,61.66977
17.65:  82.34034,-65.28538,60.8819
17.67:  82.4298,-65.49677,60.09401
17.69:  82.51475,-65.69593,59.30613
17.7:  82.6036,-65.90173,58.51825
17.72:  82.69469,-66.11008,57.73037
17.74:  82.7886,-66.31704,56.94249
17.75:  82.88761,-66.52664,56.15461
17.77:  82.99107,-66.73726,55.36674
17.79:  83.09628,-66.9442,54.57886
17.8:  83.20593,-67.15193,53.79098
17.82:  83.31885,-67.35892,53.0031
17.84:  83.43425,-67.56372,52.21522
17.85:  83.55289,-67.76765,51.42734
17.87:  83.67437,-67.97,50.63947
17.89:  83.79706,-68.13201,49.85159
17.9:  83.92433,-68.13259,49.06371
17.92:  84.05226,-68.13319,48.27583
17.94:  84.18585,-68.1338,47.48795
17.95:  84.32017,-68.13443,46.70007
17.97:  84.45698,-68.13506,45.91219
17.99:  84.5955,-68.13571,45.12431
18:  84.74008,-68.13637,44.33643
18.02:  84.88464,-68.13704,43.54855
18.04:  85.03285,-68.13773,42.76068
18.05:  85.18269,-68.13888,41.97279
18.07:  85.33482,-68.14162,41.18492
18.09:  85.48424,-68.14673,40.39703
18.1:  85.62547,-68.14902,39.60916
18.12:  85.73795,-68.14988,38.82128
18.14:  85.82224,-68.15074,38.03341
18.15:  85.87943,-68.1516,37.24553
18.17:  85.9114,-68.15249,36.45765
18.19:  85.91733,-68.15337,35.66977
18.2:  85.91733,-68.15337,34.88189
18.22:  85.91733,-68.15337,34.09401
18.24:  85.91733,-68.15337,33.30613
18.25:  85.91733,-68.15337,32.51825
18.27:  85.91733,-68.15337,31.73038
18.29:  85.91733,-68.15337,30.9425
18.3:  85.91733,-68.15337,30.15462
18.32:  85.92384,-68.13187,29.36674
18.34:  85.91554,-68.05443,28.57887
18.35:  85.8881,-67.90137,27.79099
18.37:  85.8395,-67.66768,27.00311
18.39:  85.78996,-67.43081,26.21523
18.4:  85.73351,-67.19411,25.42735
18.42:  85.66896,-66.95348,24.63947
18.44:  85.58929,-66.73333,23.85159
18.45:  85.4974,-66.51437,23.06371
18.47:  85.39812,-66.29935,22.27584
18.49:  85.28654,-66.0824,21.48796
18.5:  85.16772,-65.87807,20.70008
18.52:  85.04229,-65.67574,19.9122
18.54:  84.9088,-65.47961,19.12432
18.55:  84.76702,-65.29357,18.33644
18.57:  84.61013,-65.11427,17.54856
18.59:  84.43419,-64.94223,16.76068
18.6:  84.24789,-64.78626,15.9728
18.62:  84.05681,-64.64349,15.18492
18.64:  83.85275,-64.52013,14.39705
18.65:  83.6345,-64.41451,13.60917
18.67:  83.39936,-64.33048,12.82129
18.69:  83.1643,-64.26308,12.03341
18.7:  82.91781,-64.21407,11.24553
18.72:  82.67296,-64.16888,10.45765
18.74:  82.43051,-64.12757,9.669774
18.75:  82.18325,-64.08894,8.881895
18.77:  81.93683,-64.05389,8.094017
18.79:  81.69026,-64.02228,7.306138
18.8:  81.44433,-63.99417,6.518259
18.82:  81.19836,-63.96949,5.73038
18.84:  80.93816,-63.94699,4.942502
18.85:  80.69691,-63.92947,4.154623
18.87:  80.44791,-63.91482,3.366744
18.89:  80.1979,-63.90356,2.578865
18.9:  79.94756,-63.89573,1.790986
18.92:  79.69365,-63.89128,1.003107
18.94:  79.44775,-63.89036,0.2152284
18.95:  79.19874,-63.89285,359.4273
18.97:  78.94683,-63.89883,358.6395
18.99:  78.69797,-63.90817,357.8516
19:  78.4515,-63.92081,357.0637
19.02:  78.20531,-63.93684,356.2758
19.04:  77.95533,-63.95656,355.4879
19.05:  77.70604,-63.97969,354.7001
19.07:  77.459,-64.00603,353.9122
19.09:  77.21018,-64.03604,353.1243
19.1:  76.96625,-64.06886,352.3364
19.12:  76.71969,-64.1055,351.5486
19.14:  76.47169,-64.14584,350.7607
19.15:  76.21805,-64.19069,349.9728
19.17:  75.97301,-64.2375,349.1849
19.19:  75.72952,-64.28749,348.397
19.2:  75.48579,-64.34104,347.6092
19.22:  75.24835,-64.39664,346.8213
19.24:  75.00681,-64.45671,346.0334
19.25:  74.76575,-64.5202,345.2455
19.27:  74.5238,-64.58749,344.4576
19.29:  74.29003,-64.65598,343.6698
19.3:  74.04787,-64.73056,342.8819
19.32:  73.81135,-64.80698,342.094
19.34:  73.57598,-64.88662,341.3061
19.35:  73.34264,-64.96917,340.5182
19.37:  73.10742,-65.05604,339.7304
19.39:  72.87698,-65.14476,338.9425
19.4:  72.64548,-65.23756,338.1546
19.42:  72.41433,-65.33394,337.3667
19.44:  72.17738,-65.43658,336.5789
19.45:  71.95667,-65.53582,335.791
19.47:  71.72936,-65.6418,335.0031
19.49:  71.50708,-65.74918,334.2152
19.5:  71.2807,-65.8624,333.4273
19.52:  71.06204,-65.97556,332.6395
19.54:  70.84301,-66.09274,331.8516
19.55:  70.62222,-66.21481,331.0637
19.57:  70.4102,-66.33587,330.2758
19.59:  70.19633,-66.4619,329.4879
19.6:  69.98257,-66.59187,328.7001
19.62:  69.76708,-66.72698,327.9122
19.64:  69.56474,-66.85777,327.1243
19.65:  69.3602,-66.99399,326.3364
19.67:  69.15582,-67.13421,325.5486
19.69:  68.94395,-67.28387,324.7607
19.7:  68.74689,-67.42719,323.9728
19.72:  68.55022,-67.5744,323.1849
19.74:  68.34811,-67.73006,322.397
19.75:  68.15488,-67.88316,321.6092
19.77:  67.96112,-68.04107,320.8213
19.79:  67.77058,-68.14864,320.0334
19.8:  67.58238,-68.14864,319.2455
19.82:  67.39677,-68.14864,318.4576
19.84:  67.21355,-68.14864,317.6698
19.85:  67.03279,-68.14864,316.8819
19.87:  66.8528,-68.14864,316.094
19.89:  66.67609,-68.14864,315.3061
19.9:  66.50326,-68.14864,314.5182
19.92:  66.33069,-68.14864,313.7304
19.94:  66.15976,-68.14864,312.9425
19.95:  65.98763,-68.14864,312.1546
19.97:  65.80709,-68.14864,311.4554
19.99:  65.62932,-68.14864,310.8577
20:  65.44445,-68.14864,310.4438
20.02:  65.25996,-68.14864,310.277
20.04:  65.07745,-68.14864,310.277
20.05:  64.89176,-68.14864,310.317
20.07:  64.70628,-68.14864,310.5725
20.09:  64.52191,-68.14864,310.9548
20.1:  64.33383,-68.14864,311.3941
20.12:  64.14506,-68.14864,311.8397
20.14:  63.95528,-68.14864,312.3297
20.15:  63.76244,-68.14864,312.8387
20.17:  63.56391,-68.14869,313.3731
20.19:  63.37332,-68.14988,313.9201
20.2:  63.17228,-68.14992,314.5052
20.22:  62.96796,-68.15371,315.1536
20.24:  62.75994,-68.15586,315.8401
20.25:  62.55002,-68.1567,316.5583
20.27:  62.33508,-68.15761,317.3208
20.29:  62.12196,-68.15852,318.0897
20.3:  61.90616,-68.15944,318.8585
20.32:  61.68493,-68.16037,319.6274
20.34:  61.46449,-68.16131,320.3962
20.35:  61.24213,-68.16225,321.1714
20.37:  61.01858,-68.16321,321.9467
20.39:  60.79412,-68.16418,322.7282
20.4:  60.56792,-68.16516,323.5097
20.42:  60.33918,-68.16615,324.2913
20.44:  60.10752,-68.16714,325.0728
20.45:  59.87757,-68.16884,325.8543
20.47:  59.64629,-68.16914,326.6359
20.49:  59.40359,-68.17015,327.4174
20.5:  59.17649,-68.17117,328.199
20.52:  58.94122,-68.17219,328.9805
20.54:  58.70287,-68.17322,329.762
20.55:  58.46522,-68.17423,330.5372
20.57:  58.22228,-68.17599,331.3124
20.59:  57.98249,-68.17702,332.0876
20.6:  57.74084,-68.17734,332.8692
20.62:  57.49799,-68.17838,333.6507
20.64:  57.24962,-68.17944,334.4323
20.65:  57.00953,-68.1805,335.2138
20.67:  56.76559,-68.18155,335.9954
20.69:  56.51915,-68.18262,336.7769
20.7:  56.27275,-68.18369,337.5584
20.72:  56.02768,-68.18489,338.3336
20.74:  55.7814,-68.18595,339.1089
20.75:  55.534,-68.18687,339.884
20.77:  55.28867,-68.18795,340.6656
20.79:  55.03582,-68.18902,341.4408
20.8:  54.78519,-68.19011,342.2223
20.82:  54.5373,-68.19119,343.0039
20.84:  54.28289,-68.19228,343.7854
20.85:  54.03126,-68.19335,344.5606
20.87:  53.7814,-68.19444,345.3358
20.89:  53.53186,-68.19553,346.1174
20.9:  53.27656,-68.19646,346.8989
20.92:  53.02406,-68.19769,347.6741
20.94:  52.77136,-68.19878,348.4556
20.95:  52.51152,-68.19931,349.2308
20.97:  52.26953,-68.19652,350.006
20.99:  52.01976,-68.19023,350.7876
21:  51.76557,-68.18037,351.5691
21.02:  51.51308,-68.16714,352.3443
21.04:  51.26182,-68.15057,353.1195
21.05:  51.01335,-68.13083,353.8884
21.07:  50.7597,-68.10728,354.6509
21.09:  50.51004,-68.08077,355.4071
21.1:  50.26022,-68.05105,356.1316
21.12:  50.0105,-68.01821,356.8371
21.14:  49.75977,-67.98209,357.5426
21.15:  49.50375,-67.94199,358.2481
21.17:  49.26516,-67.90163,358.9472
21.19:  49.00863,-67.85507,359.6337
21.2:  48.76317,-67.80744,0.3265083
21.22:  48.51702,-67.75676,0.9812915
21.24:  48.27803,-67.70483,1.604385
21.25:  48.02088,-67.64624,2.183114
21.27:  47.78153,-67.58932,2.723815
21.29:  47.53656,-67.52875,3.232826
21.3:  47.29597,-67.46708,3.722825
21.32:  47.04836,-67.40141,4.200147
21.34:  46.8088,-67.33341,4.64578
21.35:  46.56787,-67.26557,5.072399
21.37:  46.31759,-67.19329,5.454652
21.39:  46.08032,-67.12328,5.786203
21.4:  45.83854,-67.05064,6.067051
21.42:  45.60469,-66.97939,6.290857
21.44:  45.36053,-66.90411,6.482975
21.45:  45.12187,-66.82979,6.643402
21.47:  44.88285,-66.75219,6.784816
21.49:  44.63503,-66.67394,6.86919
21.5:  44.39969,-66.59943,6.915535
21.52:  44.15228,-66.52096,6.942868
21.54:  43.91894,-66.44689,6.957524
21.55:  43.68046,-66.37112,6.97218
21.57:  43.43117,-66.29187,6.980498
21.59:  43.19983,-66.21833,6.982479
21.6:  42.95921,-66.14182,6.98446
21.62:  42.72002,-66.06576,6.986441
21.64:  42.4792,-65.98917,6.988422
21.65:  42.23222,-65.90802,6.988422
21.67:  41.99324,-65.8295,6.988422
21.69:  41.75303,-65.75311,6.988422
21.7:  41.51749,-65.67819,6.988422
21.72:  41.27856,-65.6022,6.988422
21.74:  41.03916,-65.52607,6.988422
21.75:  40.80021,-65.45007,6.988422
21.77:  40.55961,-65.37356,6.988422
21.79:  40.32193,-65.29797,6.988422
21.8:  40.07932,-65.22081,6.988422
21.82:  39.84036,-65.14481,6.988422
21.84:  39.59951,-65.06821,6.988422
21.85:  39.35946,-64.99187,6.988422
21.87:  39.12188,-64.91631,6.988422
21.89:  38.87917,-64.83913,6.988422
21.9:  38.64257,-64.76388,6.988422
21.92:  38.39353,-64.68467,6.988422
21.94:  38.1542,-64.60856,6.988422
21.95:  37.91463,-64.53237,6.988422
21.97:  37.6745,-64.456,6.988422
21.99:  37.43851,-64.38095,6.988422
22:  37.20057,-64.30527,6.988422
22.02:  36.95921,-64.22852,6.988422
22.04:  36.71168,-64.1498,6.988422
22.05:  36.47655,-64.07501,6.988422
22.07:  36.23776,-63.99907,6.988422
22.09:  35.99629,-63.92228,6.988422
22.1:  35.75791,-63.84646,6.988422
22.12:  35.51969,-63.7707,6.988422
22.14:  35.27845,-63.69398,6.988422
22.15:  35.03839,-63.61763,6.988422
22.17:  34.7975,-63.54102,6.988422
22.19:  34.55946,-63.46532,6.988422
22.2:  34.31755,-63.38838,6.988422
22.22:  34.07946,-63.31266,6.988422
22.24:  33.83896,-63.23618,6.988422
22.25:  33.59909,-63.15989,6.988422
22.27:  33.35359,-63.08181,6.988422
22.29:  33.11609,-63.00628,6.988422
22.3:  32.87171,-62.92856,6.988422
22.32:  32.63311,-62.85268,6.988422
22.34:  32.39613,-62.77731,6.988422
22.35:  32.1576,-62.70145,6.988422
22.37:  31.91401,-62.62398,6.988422
22.39:  31.67384,-62.5476,6.988422
22.4:  31.43643,-62.4721,6.988422
22.42:  31.19861,-62.39646,6.988422
22.44:  30.96028,-62.32019,6.988422
22.45:  30.72051,-62.24393,6.988422
22.47:  30.48066,-62.16765,6.988422
22.49:  30.24109,-62.08894,6.988422
22.5:  30.00112,-62.01262,6.988422
22.52:  29.76161,-61.93392,6.988422
22.54:  29.52083,-61.85735,6.988422
22.55:  29.28039,-61.78088,6.988422
22.57:  29.04011,-61.70193,6.988422
22.59:  28.80099,-61.62588,6.988422
22.6:  28.5633,-61.55029,6.988422
22.62:  28.32255,-61.47372,6.988422
22.64:  28.08048,-61.39673,6.988422
22.65:  27.84002,-61.32025,6.990402
22.67:  27.60006,-61.24393,6.990402
22.69:  27.3646,-61.16903,6.992383
22.7:  27.12125,-61.09157,7.000701
22.72:  26.8807,-61.01501,7.002682
22.74:  26.64021,-60.93845,7.004663
22.75:  26.40145,-60.86243,7.006643
22.77:  26.16359,-60.78666,7.014962
22.79:  25.91308,-60.70683,7.02328
22.8:  25.68353,-60.63363,7.0316
22.82:  25.44115,-60.5563,7.039918
22.84:  25.20045,-60.47951,7.041899
22.85:  24.96404,-60.40404,7.050218
22.87:  24.72075,-60.32637,7.052198
22.89:  24.48063,-60.24967,7.060517
22.9:  24.24032,-60.17287,7.068835
22.92:  24.00161,-60.09655,7.077153
22.94:  23.76094,-60.01956,7.085472
22.95:  23.52028,-59.94256,7.087452
22.97:  23.28075,-59.86589,7.09577
22.99:  23.03703,-59.78738,7.097751
23:  22.79889,-59.71113,7.099732
23.02:  22.56069,-59.63234,7.101712
23.04:  22.32438,-59.55666,7.103693
23.05:  22.08418,-59.47973,7.105674
23.07:  21.84257,-59.40281,7.107655
23.09:  21.60271,-59.32344,7.109635
23.1:  21.36465,-59.24713,7.117955
23.12:  21.12417,-59.16996,7.138949
23.14:  20.88295,-59.09245,7.159943
23.15:  20.63549,-59.0128,7.187275
23.17:  20.40303,-58.93783,7.220945
23.19:  20.16597,-58.86122,7.254615
23.2:  19.9234,-58.78268,7.288285
23.22:  19.68606,-58.70567,7.321954
23.24:  19.44306,-58.62667,7.355625
23.25:  19.20538,-58.54924,7.389296
23.27:  18.96547,-58.47094,7.422965
23.29:  18.72662,-58.39282,7.456635
23.3:  18.48688,-58.31425,7.490306
23.32:  18.24882,-58.23609,7.523976
23.34:  18.00887,-58.15714,7.557645
23.35:  17.76942,-58.07821,7.591315
23.37:  17.52906,-57.99884,7.618648
23.39:  17.29379,-57.92101,7.652318
23.4:  17.05089,-57.84052,7.67965
23.42:  16.81204,-57.76122,7.71332
23.44:  16.57387,-57.68198,7.74699
23.45:  16.33506,-57.60238,7.780661
23.47:  16.09838,-57.52333,7.81433
23.49:  15.85444,-57.4417,7.848
23.5:  15.6177,-57.36233,7.88167
23.52:  15.37387,-57.28041,7.915341
23.54:  15.13693,-57.20063,7.955349
23.55:  14.89766,-57.11991,7.989019
23.57:  14.66219,-57.04034,8.016353
23.59:  14.42598,-56.96037,8.050022
23.6:  14.187,-56.87931,8.083692
23.62:  13.94774,-56.79547,8.111024
23.64:  13.70934,-56.71431,8.144695
23.65:  13.47188,-56.6333,8.184703
23.67:  13.23301,-56.55138,8.275413
23.69:  12.99563,-56.46934,8.41049
23.7:  12.75751,-56.38366,8.589931
23.72:  12.52377,-56.30104,8.813738
23.74:  12.28362,-56.2147,9.119939
23.75:  12.04694,-56.1277,9.527544
23.77:  11.80888,-56.0374,10.11895
23.79:  11.5683,-55.94281,10.81176
23.8:  11.34269,-55.85057,11.58062
23.82:  11.11186,-55.75249,12.3685
23.84:  10.88229,-55.65119,13.15638
23.85:  10.65249,-55.54599,13.94426
23.87:  10.42439,-55.43774,14.73214
23.89:  10.1989,-55.32695,15.51368
23.9:  9.974266,-55.21274,16.29522
23.92:  9.752755,-55.09629,17.07676
23.94:  9.52268,-54.96845,17.8583
23.95:  9.311154,-54.84978,18.63984
23.97:  9.093037,-54.72343,19.42772
23.99:  8.876331,-54.59393,20.20926
24:  8.662614,-54.46222,20.9908
24.02:  8.45071,-54.32757,21.77868
24.04:  8.238618,-54.18871,22.56022
24.05:  8.022832,-54.04314,23.3481
24.07:  7.815716,-53.89966,24.05992
24.09:  7.616845,-53.75866,24.68301
24.1:  7.412341,-53.61081,25.21104
24.12:  7.210456,-53.46256,25.63766
24.14:  7.008287,-53.31243,25.94386
24.15:  6.808253,-53.1598,26.14231
24.17:  6.606128,-53.00798,26.25838
24.19:  6.400854,-52.85359,26.29205
24.2:  6.202667,-52.70446,26.3067
24.22:  6.002594,-52.5539,26.30868
24.24:  5.798691,-52.40103,26.30868
24.25:  5.598933,-52.2477,26.30868
24.27:  5.398073,-52.09352,26.30868
24.29:  5.197647,-51.9427,26.3067
24.3:  4.996341,-51.79127,26.29838
24.32:  4.795186,-51.64,26.29006
24.34:  4.594125,-51.48585,26.27541
24.35:  4.392803,-51.33464,26.25441
24.37:  4.190547,-51.18289,26.22708
24.39:  3.993917,-51.02971,26.1744
24.4:  3.802278,-50.8649,26.12171
24.42:  3.617718,-50.68904,26.06269
24.44:  3.448884,-50.50285,25.99733
24.45:  3.289424,-50.31661,25.93197
24.47:  3.128299,-50.12885,25.86661
24.49:  2.964923,-49.93538,25.80125
24.5:  2.80936,-49.74477,25.72956
24.52:  2.656857,-49.54974,25.6642
24.54:  2.505663,-49.3533,25.59884
24.55:  2.354057,-49.15657,25.56517
24.57:  2.20051,-48.95742,25.55051
24.59:  2.048892,-48.76083,25.54219
24.6:  1.89639,-48.56316,25.53387
24.62:  1.74532,-48.36736,25.53189
24.64:  1.595165,-48.171,25.52357
24.65:  1.445607,-47.96453,25.51526
24.67:  1.30382,-47.75203,25.51328
24.69:  1.165567,-47.54108,25.51328
24.7:  1.027737,-47.32845,25.51328
24.72:  0.8964214,-47.11346,25.51328
24.74:  0.7717518,-46.89632,25.51328
24.75:  0.6563416,-46.67998,25.51328
24.77:  0.5445248,-46.46306,25.51328
24.79:  0.4388329,-46.24642,25.51328
24.8:  0.33722,-46.02155,25.51328
24.82:  0.2385541,-45.7948,25.51328
24.84:  0.139932,-45.56815,25.51328
24.85:  0.03874429,-45.3356,25.51328
24.87:  -0.05543855,-45.11057,25.51328
24.89:  -0.1509924,-44.88227,25.51328
24.9:  -0.2457199,-44.65594,25.51328
24.92:  -0.336654,-44.43454,25.51328
24.94:  -0.4292285,-44.20432,25.51328
24.95:  -0.5188886,-43.97691,25.51328
24.97:  -0.604136,-43.74638,25.51328
24.99:  -0.6862621,-43.51942,25.51328
25:  -0.7699028,-43.28828,25.51328
25.02:  -0.8475197,-43.05338,25.51328
25.04:  -0.9214309,-42.81314,25.51328
25.05:  -0.9914969,-42.57364,25.51328
25.07:  -1.058485,-42.33232,25.51328
25.09:  -1.122412,-42.08905,25.51328
25.1:  -1.178559,-41.85363,25.51328
25.12:  -1.234848,-41.61093,25.51328
25.14:  -1.28665,-41.37053,25.51328
25.15:  -1.336053,-41.12705,25.51328
25.17:  -1.377931,-40.88357,25.51328
25.19:  -1.413916,-40.63786,25.51328
25.2:  -1.443833,-40.37496,25.51328
25.22:  -1.45999,-40.1326,25.51328
25.24:  -1.4624,-39.88215,25.51328
25.25:  -1.461546,-39.62941,25.51328
25.27:  -1.456426,-39.37657,25.51328
25.29:  -1.441249,-39.12141,25.51328
25.3:  -1.418497,-38.86905,25.51328
25.32:  -1.381035,-38.60669,25.51328
25.34:  -1.338018,-38.36319,25.51328
25.35:  -1.286479,-38.10321,25.51328
25.37:  -1.229042,-37.86102,25.51328
25.39:  -1.161463,-37.61743,25.51328
25.4:  -1.089178,-37.37492,25.51328
25.42:  -1.016779,-37.13204,25.51328
25.44:  -0.9423118,-36.89069,25.51328
25.45:  -0.8699226,-36.64784,25.51328
25.47:  -0.7964004,-36.40119,25.51328
25.49:  -0.7233931,-36.15627,25.51328
25.5:  -0.6531842,-35.92073,25.51328
25.52:  -0.5809476,-35.67839,25.51328
25.54:  -0.5084283,-35.4351,25.51328
25.55:  -0.4358864,-35.19174,25.51328
25.57:  -0.3639525,-34.95042,25.51328
25.59:  -0.2984157,-34.70517,25.51328
25.6:  -0.2392743,-34.4558,25.51328
25.62:  -0.1847074,-34.20496,25.51328
25.64:  -0.1367338,-33.95075,25.51328
25.65:  -0.09425537,-33.69672,25.51328
25.67:  -0.06921618,-33.4381,25.51328
25.69:  -0.0586306,-33.18414,25.51328
25.7:  -0.05566787,-32.9276,25.51328
25.72:  -0.05587072,-32.67867,25.51328
25.74:  -0.06707107,-32.42808,25.51328
25.75:  -0.09044209,-32.17426,25.51328
25.77:  -0.1219339,-31.91621,25.51328
25.79:  -0.1526679,-31.66437,25.51328
25.8:  -0.1857475,-31.41033,25.51328
25.82:  -0.218861,-31.15603,25.51328
25.84:  -0.251815,-30.90289,25.51526
25.85:  -0.2828091,-30.64885,25.51526
25.87:  -0.3159102,-30.3945,25.51724
25.89:  -0.3469112,-30.14026,25.51922
25.9:  -0.3798118,-29.88688,25.53387
25.94:  -0.4127733,-29.63186,25.56754
25.95:  -0.4455546,-29.37594,25.6329
25.97:  -0.4778104,-29.12159,25.7046
25.99:  -0.5095984,-28.86795,25.78897
26:  -0.541182,-28.61196,25.8987
26.02:  -0.5717729,-28.35864,26.04645
26.04:  -0.6019402,-28.10184,26.23223
26.05:  -0.6309145,-27.84533,26.48773
26.07:  -0.6588547,-27.5839,26.83195
26.09:  -0.6835918,-27.33378,27.28393
26.1:  -0.706387,-27.07906,27.81829
26.12:  -0.7266193,-26.82255,28.42237
26.14:  -0.7417248,-26.56737,29.08349
26.15:  -0.7537345,-26.31162,29.78264
26.17:  -0.7441549,-26.06365,30.5515
26.19:  -0.7231396,-25.81204,31.33939
26.2:  -0.7001436,-25.56466,32.12727
26.22:  -0.6721655,-25.31325,32.91515
26.24:  -0.6408201,-25.06295,33.70303
26.25:  -0.6061439,-24.81388,34.4909
26.27:  -0.5801865,-24.56489,35.27879
26.29:  -0.5690083,-24.31196,36.06666
26.3:  -0.5710286,-24.06619,36.85454
26.32:  -0.5893382,-23.81553,37.64242
26.34:  -0.6223181,-23.57441,38.43029
26.35:  -0.6629981,-23.32823,39.21818
26.37:  -0.7093133,-23.09332,40.00605
26.39:  -0.7586346,-22.85384,40.79393
26.4:  -0.8086787,-22.62106,41.58181
26.42:  -0.8667499,-22.38144,42.36969
26.44:  -0.9334396,-22.14084,43.15757
26.45:  -1.01328,-21.90874,43.94545
26.47:  -1.094492,-21.6757,44.73333
26.49:  -1.188163,-21.45034,45.52121
26.5:  -1.291315,-21.23348,46.30909
26.52:  -1.413102,-21.00486,47.09697
26.54:  -1.532513,-20.79558,47.88485
26.55:  -1.665473,-20.58091,48.67273
26.57:  -1.807825,-20.37289,49.46061
26.59:  -1.955194,-20.16875,50.24848
26.6:  -2.109282,-19.97435,51.03637
26.62:  -2.264735,-19.77663,51.82425
26.64:  -2.415354,-19.57955,52.61212
26.65:  -2.565037,-19.378,53.4
26.67:  -2.711449,-19.17508,54.18788
26.69:  -2.854963,-18.97031,54.97576
26.7:  -2.993892,-18.76616,55.76363
26.72:  -3.133426,-18.55493,56.55151
26.74:  -3.268171,-18.34473,57.33939
26.75:  -3.400388,-18.13209,58.12727
26.77:  -3.529484,-17.91796,58.91514
26.79:  -3.654552,-17.7039,59.70303
26.8:  -3.778345,-17.48518,60.49091
26.82:  -3.89864,-17.26565,61.27879
26.84:  -4.015973,-17.04436,62.06667
26.85:  -4.130073,-16.82182,62.85454
26.87:  -4.244269,-16.59135,63.64243
26.89:  -4.349329,-16.37177,64.43031
26.9:  -4.453017,-16.14718,65.21819
26.92:  -4.55854,-15.91011,66.00607
26.94:  -4.654321,-15.6867,66.79395
26.95:  -4.749084,-15.45699,67.58183
26.97:  -4.841446,-15.22407,68.36971
26.99:  -4.928954,-14.99422,69.15758
27:  -4.997845,-14.8055,69.94547
27.02:  -5.037093,-14.69322,70.73334
27.04:  -5.037859,-14.69093,71.52121
27.05:  -5.037859,-14.69093,72.3091
27.07:  -5.037859,-14.69093,73.09698
27.09:  -4.971532,-14.67176,73.88486
27.1:  -4.812626,-14.63327,74.67274
27.12:  -4.567504,-14.57733,75.46062
27.14:  -4.322317,-14.5324,76.2485
27.15:  -4.076907,-14.49085,77.02371
27.17:  -3.825866,-14.45163,77.75454
27.19:  -3.575825,-14.42318,78.46637
27.2:  -3.327789,-14.41484,79.15918
27.22:  -3.074252,-14.40941,79.85834
27.24:  -2.818617,-14.407,80.54481
27.25:  -2.566324,-14.40761,81.22495
27.27:  -2.312874,-14.41116,81.88606
27.29:  -2.054878,-14.41769,82.53451
27.3:  -1.804591,-14.42683,83.17662
27.32:  -1.558093,-14.4362,83.81239
27.34:  -1.303161,-14.4487,84.44182
27.35:  -1.04995,-14.46635,85.07125
27.37:  -0.7975956,-14.48421,85.68166
27.39:  -0.5456735,-14.50705,86.26673
27.4:  -0.2939259,-14.53001,86.84546
27.42:  -0.04189339,-14.55798,87.41785
27.44:  0.2073763,-14.5882,87.99657
27.45:  0.458626,-14.61879,88.5753
27.47:  0.7100577,-14.65443,89.15402
27.49:  0.9617317,-14.69268,89.72641
27.5:  1.209759,-14.73291,90.29881
27.52:  1.459467,-14.77595,90.86486
27.54:  1.707904,-14.82128,91.42458
27.55:  1.955397,-14.86885,91.96528
27.57:  2.204989,-14.91916,92.48063
27.59:  2.453669,-14.97153,92.97696
27.6:  2.700452,-15.0257,93.46696
27.62:  2.946924,-15.08197,93.94429
27.64:  3.198586,-15.13912,94.42796
27.65:  3.435614,-15.19742,94.90527
27.67:  3.684467,-15.26079,95.36992
27.69:  3.929894,-15.32275,95.80289
27.7:  4.172491,-15.38592,96.2295
27.72:  4.417995,-15.45166,96.62443
27.74:  4.659332,-15.52047,97.00034
27.75:  4.904128,-15.59187,97.34457
27.77:  5.146563,-15.66137,97.63176
27.79:  5.387597,-15.73325,97.69079
27.8:  5.63048,-15.80575,97.70544
27.82:  5.873433,-15.87834,97.72011
27.84:  6.114493,-15.94793,97.73476
27.85:  6.360147,-16.01887,97.74307
27.87:  6.603382,-16.08913,97.74505
27.89:  6.844974,-16.16143,97.74703
27.9:  7.086652,-16.23126,97.74901
27.92:  7.337371,-16.30371,97.75098
27.94:  7.571817,-16.37149,97.7593
27.95:  7.814641,-16.4417,97.76128
27.97:  8.058334,-16.51217,97.76327
27.99:  8.299548,-16.58448,97.77158
28:  8.541638,-16.65708,97.7799
28.02:  8.786788,-16.73062,97.78188
28.04:  9.025941,-16.80236,97.78386
28.05:  9.270048,-16.8756,97.78584
28.07:  9.513106,-16.94856,97.79417
28.09:  9.754132,-17.02093,97.79614
28.1:  9.996964,-17.09131,97.79813
28.12:  10.2393,-17.16409,97.80012
28.14:  10.48114,-17.23671,97.80012
28.15:  10.72456,-17.30982,97.8021
28.17:  10.96776,-17.38033,97.80408
28.19:  11.20993,-17.45056,97.80607
28.2:  11.45743,-17.52235,97.80806
28.22:  11.69876,-17.59486,97.81004
28.24:  11.93861,-17.66694,97.81203
28.25:  12.18048,-17.73964,97.814
28.27:  12.42147,-17.81208,97.81599
28.29:  12.6637,-17.88238,97.81798
28.3:  12.90436,-17.95475,97.81996
28.32:  13.14902,-18.02832,97.82195
28.34:  13.39027,-18.10088,97.82393
28.35:  13.63211,-18.17362,97.82592
28.37:  13.87582,-18.24693,97.8279
28.39:  14.11802,-18.31981,97.82989
28.4:  14.3599,-18.39259,97.83187
28.42:  14.60351,-18.4659,97.83385
28.44:  14.84492,-18.53605,97.83585
28.45:  15.08815,-18.60673,97.83783
28.47:  15.33145,-18.67744,97.83981
28.49:  15.57275,-18.75009,97.8418
28.5:  15.81557,-18.82068,97.84378
28.52:  16.06622,-18.89617,97.84576
28.54:  16.30017,-18.96664,97.84776
28.55:  16.5438,-19.03749,97.84973
28.57:  16.78606,-19.10796,97.85172
28.59:  17.02726,-19.18063,97.85371
28.6:  17.27002,-19.25379,97.85569
28.62:  17.51307,-19.32705,97.85767
28.64:  17.75441,-19.39979,97.85966
28.65:  17.99801,-19.47323,97.86164
28.67:  18.24033,-19.54629,97.86362
28.69:  18.48217,-19.61922,97.86561
28.7:  18.72347,-19.68948,97.86759
28.72:  18.96656,-19.76279,97.86759
28.74:  19.2072,-19.83536,97.86759
28.75:  19.45235,-19.90674,97.86759
28.77:  19.69442,-19.97722,97.86759
28.79:  19.9444,-20.05261,97.86759
28.8:  20.18095,-20.12395,97.86759
28.82:  20.42954,-20.19633,97.86759
28.84:  20.66335,-20.26684,97.86759
28.85:  20.90689,-20.34029,97.86759
28.87:  21.14836,-20.41311,97.86759
28.89:  21.39216,-20.48664,97.86759
28.9:  21.63179,-20.55891,97.86759
28.92:  21.8749,-20.63223,97.86759
28.94:  22.11571,-20.70485,97.86759
28.95:  22.36003,-20.77854,97.86759
28.97:  22.60346,-20.85195,97.86759
28.99:  22.84315,-20.92424,97.86759
29:  23.09134,-20.99909,97.86759
29.02:  23.32994,-21.07105,97.86759
29.04:  23.57801,-21.14586,97.86759
29.05:  23.81473,-21.21479,97.86759
29.07:  24.05603,-21.28756,97.86759
29.09:  24.29941,-21.35842,97.86759
29.1:  24.54093,-21.42874,97.86759
29.12:  24.78374,-21.50197,97.86759
29.14:  25.02413,-21.57447,97.86759
29.15:  25.26825,-21.64809,97.86759
29.17:  25.51075,-21.72123,97.86759
29.19:  25.75299,-21.79428,97.86759
29.2:  25.99256,-21.86653,97.86759
29.22:  26.23691,-21.94022,97.86759
29.24:  26.4773,-22.01272,97.86759
29.25:  26.72155,-22.08638,97.86759
29.27:  26.9645,-22.15965,97.86759
29.29:  27.20777,-22.23302,97.86759
29.3:  27.44888,-22.30574,97.86759
29.32:  27.69108,-22.37626,97.86759
29.34:  27.9324,-22.44652,97.86759
29.35:  28.17909,-22.50559,97.86759
29.37:  28.42434,-22.5593,97.86759
29.39:  28.66977,-22.60556,97.86759
29.4:  28.91585,-22.64202,97.86759
29.42:  29.17198,-22.67742,97.86759
29.44:  29.41339,-22.71078,97.86759
29.45:  29.66242,-22.74519,97.86759
29.47:  29.90737,-22.77904,97.86759
29.49:  30.1554,-22.81331,97.86759
29.5:  30.39982,-22.84709,97.86759
29.52:  30.65906,-22.88291,97.86759
29.54:  30.90279,-22.91659,97.86759
29.55:  31.14577,-22.95017,97.86759
29.57:  31.3938,-22.98444,97.86759
29.59:  31.64518,-23.01918,97.86759
29.6:  31.88696,-23.05259,97.86759
29.62:  32.13725,-23.08717,97.86759
29.64:  32.39365,-23.1226,97.86759
29.65:  32.63597,-23.15609,97.86759
29.67:  32.88509,-23.19051,97.86759
29.69:  33.1267,-23.2239,97.86759
29.7:  33.37413,-23.25809,97.86759
29.72:  33.62096,-23.2922,97.86759
29.74:  33.86979,-23.32658,97.86759
29.75:  34.11811,-23.3609,97.86759
29.77:  34.36181,-23.39457,97.86759
29.79:  34.614,-23.42942,97.86759
29.8:  34.85852,-23.46321,97.86759
29.82:  35.10777,-23.49765,97.86759
29.84:  35.35468,-23.53177,97.86759
29.85:  35.60464,-23.55638,97.86759
29.87:  35.85558,-23.56876,97.86759
29.89:  36.11777,-23.56648,97.86759
29.9:  36.36633,-23.55247,97.86759
29.92:  36.62018,-23.52622,97.86759
29.94:  36.87119,-23.49496,97.86759
29.95:  37.12375,-23.45261,97.86759
29.97:  37.3665,-23.39005,97.86759
29.99:  37.60867,-23.31965,97.86759
30:  37.84423,-23.24681,97.86759
30.02:  38.08016,-23.16342,97.86759
30.05:  38.30985,-23.07768,97.86759
30.07:  38.54288,-22.98014,97.86759
30.09:  38.78088,-22.87583,97.86759
30.1:  39.00674,-22.77322,97.86759
30.12:  39.23396,-22.66774,97.86759
30.14:  39.46074,-22.5572,97.85927
30.15:  39.6799,-22.44505,97.84461
30.17:  39.89882,-22.32911,97.82996
30.19:  40.11351,-22.21367,97.80262
30.2:  40.32868,-22.09558,97.76895
30.22:  40.55264,-21.97242,97.72261
30.24:  40.7658,-21.85332,97.67625
30.25:  40.97588,-21.73572,97.62991
30.27:  41.19053,-21.61534,97.58356
30.29:  41.40656,-21.49785,97.53088
30.3:  41.62642,-21.38582,97.4782
30.32:  41.83194,-21.32249,97.42551
30.34:  42.0028,-21.30958,97.30946
30.35:  42.11714,-21.32375,97.06663
30.37:  42.1391,-21.32631,96.65902
30.39:  42.1391,-21.32631,96.06762
30.4:  42.1391,-21.32631,95.30509
30.42:  42.1391,-21.32631,94.51721
30.44:  42.1391,-21.32631,93.72932
30.45:  42.1391,-21.32631,92.94145
30.47:  42.1391,-21.32631,92.15357
30.49:  42.1391,-21.32631,91.36569
30.5:  42.1391,-21.32631,90.57781
30.52:  42.1391,-21.32631,89.78992
30.54:  42.1391,-21.32631,89.00205
30.55:  42.1391,-21.32631,88.21417
30.57:  42.1391,-21.32631,87.4263
30.59:  42.1391,-21.32631,86.63842
30.6:  42.1391,-21.32631,85.85054
30.62:  42.1391,-21.32631,85.06266
30.64:  42.1391,-21.32631,84.27478
30.65:  42.1391,-21.32631,83.48691
30.67:  42.1391,-21.32631,82.69902
30.69:  42.1391,-21.32631,81.91115
30.7:  42.1391,-21.32631,81.12327
30.72:  42.1391,-21.32631,80.33539
30.74:  42.1391,-21.32631,79.54752
30.75:  42.1391,-21.32631,78.75964
30.77:  42.1391,-21.32631,77.97176
30.79:  42.1391,-21.32631,77.18388
30.8:  42.1391,-21.32631,76.396
30.82:  42.1391,-21.32631,75.60812
30.84:  42.1391,-21.32631,74.82024
30.85:  42.1391,-21.32631,74.03236
30.87:  42.1391,-21.32631,73.24448
30.89:  42.1391,-21.32631,72.45661
30.9:  42.1391,-21.32631,71.66872
30.92:  42.1391,-21.32631,70.88086
30.94:  42.1391,-21.32631,70.09297
30.95:  42.1391,-21.32631,69.30509
30.97:  42.1391,-21.32631,68.51721
30.99:  42.1391,-21.32631,67.72933
31:  42.1391,-21.32631,66.94145
31.02:  42.1391,-21.32631,66.15358
31.04:  42.12736,-21.30071,65.3657
31.05:  42.10458,-21.25279,64.57782
31.07:  42.0658,-21.17402,63.78994
31.09:  42.01171,-21.06786,63.00206
31.1:  41.94294,-20.93733,62.21419
31.12:  41.85603,-20.77777,61.42632
31.14:  41.75322,-20.59501,60.63844
31.15:  41.63989,-20.39989,59.85056
31.17:  41.51358,-20.18916,59.06268
31.19:  41.38377,-19.9792,58.27481
31.2:  41.24734,-19.76515,57.48692
31.22:  41.10701,-19.55153,56.69904
31.24:  40.96838,-19.34668,55.91117
31.25:  40.82647,-19.14308,55.12328
31.27:  40.68145,-18.941,54.33541
31.29:  40.53892,-18.73568,53.54753
31.3:  40.40739,-18.52222,52.75965
31.32:  40.28681,-18.29471,51.97177
31.34:  40.18326,-18.06623,51.18389
31.35:  40.09105,-17.83237,50.39602
31.37:  40.01556,-17.59501,49.60814
31.39:  39.95522,-17.3549,48.82026
31.4:  39.91478,-17.10978,48.03238
31.42:  39.90364,-16.86942,47.2445
31.44:  39.92044,-16.62143,46.45663
31.45:  39.96867,-16.37901,45.73212
31.47:  40.04904,-16.14297,45.11537
31.49:  40.14978,-15.91216,44.65706
31.5:  40.27305,-15.68429,44.43325
31.52:  40.39475,-15.45885,44.38057
31.54:  40.52124,-15.22453,44.38057
31.55:  40.63893,-15.00657,44.38889
31.57:  40.76204,-14.77951,44.48594
31.59:  40.88592,-14.55332,44.72876
31.6:  41.00446,-14.32967,45.14903
31.62:  41.11937,-14.08958,45.74678
31.64:  41.22121,-13.86414,46.42057
31.65:  41.32341,-13.6323,47.1324
31.67:  41.42469,-13.3999,47.90126
31.69:  41.52739,-13.16469,48.67013
31.7:  41.62898,-12.93521,49.43899
31.72:  41.72314,-12.70953,50.22054
31.74:  41.81181,-12.46888,51.00208
31.75:  41.89668,-12.22669,51.78362
31.77:  41.97961,-11.98197,52.56516
31.79:  42.05182,-11.7563,53.3467
31.8:  42.11925,-11.52127,54.13458
31.82:  42.17879,-11.2816,54.92246
31.84:  42.22469,-11.0389,55.71033
31.85:  42.25792,-10.79773,56.49821
31.87:  42.27845,-10.556,57.28609
31.89:  42.29067,-10.31305,58.07397
31.9:  42.28061,-10.06297,58.86185
31.92:  42.26441,-9.818102,59.64973
31.94:  42.23393,-9.57404,60.43761
31.95:  42.18526,-9.333126,61.22549
31.97:  42.1267,-9.092435,62.01337
31.99:  42.0625,-8.849327,62.80125
32:  41.99204,-8.608464,63.58912
32.02:  41.91768,-8.367854,64.37701
32.04:  41.83713,-8.121794,65.16489
32.05:  41.75882,-7.887046,65.95277
32.07:  41.68031,-7.648483,66.74065
32.09:  41.59848,-7.450642,67.52852
32.1:  41.53671,-7.295309,68.3164
32.12:  41.4839,-7.156971,69.10429
32.14:  41.43714,-7.029246,69.89216
32.15:  41.40102,-6.926221,70.68003
32.17:  41.3712,-6.837282,71.46791
32.19:  41.35096,-6.774028,72.25578
32.2:  41.34449,-6.752805,73.04367
32.22:  41.34449,-6.752805,73.83155
32.24:  41.34449,-6.752805,74.61943
32.25:  41.34449,-6.752805,75.40731
32.27:  41.34449,-6.752805,76.19519
32.29:  41.34449,-6.752805,76.98307
32.3:  41.34449,-6.752805,77.77095
32.32:  41.34449,-6.752805,78.55884
32.34:  41.34679,-6.765007,79.34671
32.35:  41.35516,-6.813148,80.13459
32.37:  41.37043,-6.908705,80.92247
32.39:  41.39011,-7.043817,81.71035
32.4:  41.41508,-7.233442,82.49823
32.42:  41.44095,-7.453183,83.2861
32.44:  41.46613,-7.695727,84.07399
32.45:  41.48826,-7.941852,84.86185
32.47:  41.50742,-8.193787,85.64974
32.49:  41.52294,-8.442978,86.43761
32.5:  41.53505,-8.692947,87.22549
32.52:  41.54609,-8.94084,88.01337
32.54:  41.55628,-9.192246,88.80125
32.55:  41.56295,-9.441208,89.58913
32.57:  41.56869,-9.692671,90.37701
32.59:  41.57096,-9.94352,91.16489
32.6:  41.56981,-10.18916,91.95277
32.62:  41.56766,-10.44219,92.73432
32.64:  41.5621,-10.6928,93.51585
32.65:  41.55312,-10.94255,94.30374
32.67:  41.5407,-11.19313,95.08528
32.69:  41.52248,-11.44191,95.87316
32.7:  41.50005,-11.67624,96.66103
32.72:  41.47256,-11.88644,97.44892
32.74:  41.44853,-12.05246,98.23679
32.75:  41.42522,-12.19927,99.02468
32.77:  41.40658,-12.307,99.81255
32.79:  41.39484,-12.36972,100.6004
32.8:  41.39099,-12.38886,101.3883
32.82:  41.39099,-12.38886,102.1762
32.84:  41.39099,-12.38886,102.9641
32.85:  41.39099,-12.38886,103.7519
32.87:  41.39099,-12.38886,104.5398
32.89:  41.39099,-12.38886,105.3277
32.9:  41.39099,-12.38886,106.1156
32.92:  41.39099,-12.38886,106.9035
32.94:  41.39099,-12.38886,107.6913
32.95:  41.39099,-12.38886,108.4792
32.97:  41.39099,-12.38886,109.2671
32.99:  41.39099,-12.38886,110.055
33:  41.39099,-12.38886,110.8428
33.02:  41.39099,-12.38886,111.6307
33.04:  41.39099,-12.38886,112.4186
33.05:  41.39099,-12.38886,113.2065
33.07:  41.39099,-12.38886,113.9944
33.09:  41.39099,-12.38886,114.7822
33.1:  41.39099,-12.38886,115.5701
33.12:  41.39099,-12.38886,116.358
33.14:  41.39099,-12.38886,117.1459
33.15:  41.39099,-12.38886,117.9338
33.17:  41.39099,-12.38886,118.7216
33.19:  41.39099,-12.38886,119.5095
33.2:  41.39099,-12.38886,120.2974
33.22:  41.39099,-12.38886,121.0853
33.24:  41.39099,-12.38886,121.8732
33.25:  41.39099,-12.38886,122.6547
33.27:  41.39099,-12.38886,123.4426
33.29:  41.39099,-12.38886,124.2304
33.3:  41.39099,-12.38886,125.0183
33.32:  41.39099,-12.38886,125.8062
33.34:  41.39099,-12.38886,126.5941
33.35:  41.39099,-12.38886,127.382
33.37:  41.39099,-12.38886,128.1698
33.39:  41.39099,-12.38886,128.9577
33.4:  41.39099,-12.38886,129.7456
33.42:  41.39099,-12.38886,130.5335
33.44:  41.39099,-12.38886,131.3214
33.45:  41.39099,-12.38886,132.1092
33.47:  41.39099,-12.38886,132.8971
33.49:  41.39099,-12.38886,133.685
33.5:  41.39099,-12.38886,134.4729
33.52:  41.39099,-12.38886,135.2608
33.54:  41.39099,-12.38886,136.0486
33.55:  41.39099,-12.38886,136.8365
33.57:  41.39099,-12.38886,137.6244
33.59:  41.39099,-12.38886,138.4123
33.6:  41.39099,-12.38886,139.1938
33.62:  41.39099,-12.38886,139.9817
33.64:  41.39099,-12.38886,140.7696
33.65:  41.39099,-12.38886,141.5574
33.67:  41.39099,-12.38886,142.3453
33.69:  41.39099,-12.38886,143.1332
33.7:  41.39099,-12.38886,143.9147
33.72:  41.39099,-12.38886,144.7026
33.74:  41.39099,-12.38886,145.4842
33.75:  41.39099,-12.38886,146.272
33.77:  41.39099,-12.38886,147.0536
33.79:  41.39099,-12.38886,147.8351
33.8:  41.39099,-12.38886,148.623
33.82:  41.39099,-12.38886,149.4109
33.84:  41.39099,-12.38886,150.1988
33.85:  41.39099,-12.38886,150.9866
33.87:  41.39099,-12.38886,151.7745
33.89:  41.39099,-12.38886,152.5624
33.9:  41.39099,-12.38886,153.3503
33.92:  41.39099,-12.38886,154.1382
33.94:  41.39099,-12.38886,154.926
33.95:  41.39099,-12.38886,155.7139
33.97:  41.39099,-12.38886,156.5018
33.99:  41.39099,-12.38886,157.2897
34:  41.39099,-12.38886,158.0775
34.02:  41.39099,-12.38886,158.8654
34.04:  41.39099,-12.38886,159.6533
34.05:  41.39099,-12.38886,160.4412
34.07:  41.39099,-12.38886,161.229
34.09:  41.39099,-12.38886,162.0169
34.1:  41.39099,-12.38886,162.8048
34.12:  41.39099,-12.38886,163.5927
34.14:  41.39099,-12.38886,164.3806
34.15:  41.39099,-12.38886,165.1684
34.17:  41.39099,-12.38886,165.9563
34.19:  41.39099,-12.38886,166.7442
34.2:  41.39099,-12.38886,167.5321
34.22:  41.39099,-12.38886,168.32
34.24:  41.39099,-12.38886,169.1078
34.25:  41.39099,-12.38886,169.8957
34.27:  41.39099,-12.38886,170.6836
34.29:  41.39099,-12.38886,171.4715
34.3:  41.39099,-12.38886,172.2594
34.32:  41.39099,-12.38886,173.0472
34.34:  41.39099,-12.38886,173.8351
34.35:  41.39099,-12.38886,174.623
34.37:  41.39099,-12.38886,175.4109
34.39:  41.39099,-12.38886,176.1987
34.4:  41.39099,-12.38886,176.9866
34.42:  41.39099,-12.38886,177.7745
34.44:  41.39099,-12.38886,178.5624
34.45:  41.39099,-12.38886,179.3503
34.47:  41.39099,-12.38886,180.1381
34.49:  41.39099,-12.38886,180.926
34.5:  41.39099,-12.38886,181.7139
34.52:  41.39099,-12.38886,182.5018
34.54:  41.39099,-12.38886,183.2897
34.55:  41.39099,-12.38886,184.0775
34.57:  41.39099,-12.38886,184.8654
34.59:  41.39099,-12.38886,185.6533
34.6:  41.39099,-12.38886,186.4412
34.62:  41.39099,-12.38886,187.229
34.64:  41.39099,-12.38886,188.0169
34.65:  41.39099,-12.38886,188.8048
34.67:  41.39099,-12.38886,189.5927
34.69:  41.39099,-12.38886,190.3806
34.7:  41.39099,-12.38886,191.1684
34.72:  41.39099,-12.38886,191.9563
34.74:  41.39099,-12.38886,192.7442
34.75:  41.39099,-12.38886,193.5321
34.77:  41.39099,-12.38886,194.32
34.79:  41.39099,-12.38886,195.1078
34.8:  41.39099,-12.38886,195.8957
34.82:  41.39099,-12.38886,196.6836
34.84:  41.39099,-12.38886,197.4715
34.85:  41.39099,-12.38886,198.2594
34.87:  41.39099,-12.38886,199.0472
34.89:  41.39099,-12.38886,199.8351
34.9:  41.39099,-12.38886,200.623
34.92:  41.39099,-12.38886,201.4109
34.94:  41.39099,-12.38886,202.1987
34.95:  41.39099,-12.38886,202.9866
34.97:  41.39099,-12.38886,203.7745
34.99:  41.39099,-12.38886,204.5624
35:  41.39099,-12.38886,205.3503
35.02:  41.39099,-12.38886,206.1381
35.04:  41.39099,-12.38886,206.926
35.05:  41.39099,-12.38886,207.7139
35.07:  41.39099,-12.38886,208.5018
35.09:  41.39099,-12.38886,209.2897
35.1:  41.39099,-12.38886,210.0775
35.12:  41.39099,-12.38886,210.8654
35.14:  41.39099,-12.38886,211.6533
35.15:  41.39099,-12.38886,212.4412
35.17:  41.39099,-12.38886,213.229
35.19:  41.39099,-12.38886,214.0169
35.2:  41.39099,-12.38886,214.8048
35.22:  41.39099,-12.38886,215.5927
35.24:  41.41146,-12.36107,216.3806
35.25:  41.47953,-12.27129,217.1684
35.27:  41.58381,-12.13761,217.9563
35.29:  41.72002,-11.96786,218.7442
35.3:  41.87947,-11.77465,219.5321
35.32:  42.03943,-11.58617,220.32
35.34:  42.20326,-11.39842,221.1078
35.35:  42.3696,-11.213,221.8957
35.37:  42.53971,-11.02855,222.6836
35.39:  42.71162,-10.84722,223.4715
35.4:  42.87748,-10.65182,224.253
35.42:  43.02349,-10.45504,225.0219
35.44:  43.16051,-10.24258,225.7717
35.45:  43.27861,-10.0194,226.4962
35.47:  43.38785,-9.794783,227.2144
35.49:  43.48459,-9.562303,227.9136
35.5:  43.56167,-9.325016,228.5747
35.52:  43.63494,-9.083989,229.2104
35.54:  43.69268,-8.835379,229.8335
35.55:  43.73676,-8.590418,230.4376
35.57:  43.77699,-8.34156,231.0037
35.59:  43.80378,-8.093712,231.5634
35.6:  43.81952,-7.84057,232.1104
35.62:  43.82385,-7.58169,232.6448
35.64:  43.81775,-7.337838,233.1602
35.65:  43.80537,-7.085452,233.6565
35.67:  43.77878,-6.825243,234.1465
35.69:  43.75177,-6.572531,234.6301
35.7:  43.72511,-6.323039,235.1138
35.72:  43.69911,-6.071418,235.5784
35.74:  43.66478,-5.816301,236.0177
35.75:  43.62206,-5.566517,236.4444
35.77:  43.56309,-5.323836,236.8393
35.79:  43.50225,-5.07976,237.2152
35.8:  43.44106,-4.837753,237.5531
35.82:  43.38337,-4.594189,237.8846
35.84:  43.32442,-4.349666,238.1908
35.85:  43.26737,-4.107882,238.4653
35.87:  43.19524,-3.865543,238.7082
35.89:  43.11703,-3.626482,238.932
35.9:  43.03363,-3.385965,239.1304
35.92:  42.9535,-3.152356,239.3225
35.94:  42.86874,-2.910529,239.483
35.95:  42.76826,-2.681204,239.6307
35.97:  42.66503,-2.450258,239.7595
35.99:  42.55947,-2.212841,239.8755
36:  42.46132,-1.990983,239.9789
36.02:  42.36006,-1.761134,240.0696
36.04:  42.2585,-1.529599,240.1603
36.05:  42.1588,-1.301325,240.251
36.07:  42.05755,-1.068579,240.3354
36.09:  41.95758,-0.8377643,240.4261
36.1:  41.85672,-0.6037231,240.5295
36.12:  41.75749,-0.3721324,240.6519
36.14:  41.65811,-0.1446103,240.806
36.15:  41.56197,0.08344886,240.9855
36.17:  41.4641,0.3177736,241.1776
36.19:  41.36607,0.5486721,241.395
36.2:  41.26764,0.7896953,241.6315
36.22:  41.17826,1.011173,241.868
36.24:  41.08381,1.248128,242.1108
36.25:  40.99235,1.480545,242.3663
36.27:  40.90039,1.717517,242.6345
36.29:  40.81099,1.951201,242.909
36.3:  40.72102,2.183007,243.1898
36.32:  40.63263,2.421099,243.4771
36.34:  40.54634,2.657155,243.7642
36.35:  40.45965,2.890879,244.0514
36.37:  40.37275,3.128832,244.3386
36.39:  40.28809,3.364326,244.6258
36.4:  40.20378,3.602555,244.913
36.42:  40.12214,3.836917,245.1938
36.44:  40.0397,4.085167,245.4747
36.45:  39.96056,4.319726,245.7555
36.47:  39.88163,4.557404,246.03
36.49:  39.80358,4.796235,246.3045
36.5:  39.73005,5.032903,246.5854
36.52:  39.65665,5.273304,246.8662
36.54:  39.58397,5.515614,247.1471
36.55:  39.51175,5.752134,247.4216
36.57:  39.44103,5.99647,247.7024
36.59:  39.37221,6.238683,247.9833
36.6:  39.30296,6.48702,248.2641
36.62:  39.23586,6.723383,248.5513
36.64:  39.17103,6.965423,248.8512
36.65:  39.10541,7.206665,249.1827
36.67:  39.04284,7.452048,249.5396
36.69:  38.9799,7.695774,249.9219
36.7:  38.92236,7.935406,250.3422
36.72:  38.86273,8.18141,250.7751
36.74:  38.80338,8.434825,251.2208
36.75:  38.75244,8.671384,251.6917
36.77:  38.70109,8.919993,252.1754
36.79:  38.65299,9.163378,252.6654
36.8:  38.60587,9.413357,253.1681
36.82:  38.56153,9.660393,253.6708
36.84:  38.51927,9.908191,254.1671
36.85:  38.47681,10.15563,254.6634
36.87:  38.43645,10.40369,255.1598
36.89:  38.39806,10.65202,255.6118
36.9:  38.36354,10.90097,255.9496
36.92:  38.33019,11.14894,256.1861
36.94:  38.29489,11.39902,256.3656
36.95:  38.26291,11.64604,256.469
36.97:  38.23033,11.89867,256.4963
36.99:  38.19819,12.1479,256.4963
37:  38.16595,12.39716,256.4753
37.02:  38.13343,12.64401,256.3402
37.04:  38.10389,12.89635,256.0594
37.05:  38.07518,13.14489,255.5947
37.07:  38.04453,13.4055,254.9273
37.09:  38.01971,13.64767,254.1394
37.1:  37.99474,13.90441,253.3515
37.12:  37.98079,14.1589,252.5636
37.14:  37.98333,14.42179,251.7758
37.15:  38.01746,14.67913,250.9879
37.17:  38.07576,14.93497,250.2
37.19:  38.15769,15.18236,249.4121
37.2:  38.26706,15.41531,248.6242
37.22:  38.41237,15.64851,247.8363
37.24:  38.5578,15.85014,247.0485
37.25:  38.72144,16.04897,246.2606
37.27:  38.90504,16.24129,245.4727
37.29:  39.08939,16.42637,244.6848
37.3:  39.27703,16.59606,243.897
37.32:  39.47626,16.75775,243.1091
37.34:  39.67997,16.91205,242.3212
37.35:  39.88701,17.05204,241.5333
37.37:  40.0984,17.19027,240.7455
37.39:  40.31089,17.32165,239.9576
37.4:  40.52451,17.44914,239.1697
37.42:  40.73704,17.57999,238.3818
37.44:  40.94929,17.71471,237.5939
37.45:  41.15682,17.85049,236.806
37.47:  41.36623,17.99164,236.0182
37.49:  41.57163,18.13424,235.2303
37.5:  41.78006,18.27121,234.4424
37.52:  41.99371,18.3983,233.6545
37.54:  42.22258,18.51555,232.8667
37.55:  42.44828,18.62649,232.0788
37.57:  42.68229,18.73201,231.2909
37.59:  42.9145,18.82886,230.503
37.6:  43.15593,18.898,229.7151
37.62:  43.3933,18.95265,228.9273
37.64:  43.64154,18.98622,228.1394
37.65:  43.88034,19.01087,227.3515
37.67:  44.12355,19.03738,226.5636
37.69:  44.37212,19.06437,225.7758
37.7:  44.61101,19.09364,224.9879
37.72:  44.84635,19.12576,224.2
37.74:  45.08673,19.16195,223.4121
37.75:  45.33286,19.20247,222.6242
37.77:  45.57058,19.24497,221.8364
37.79:  45.80322,19.28987,221.0485
37.8:  46.0411,19.33918,220.2606
37.82:  46.27559,19.39117,219.4727
37.84:  46.51515,19.44575,218.6848
37.85:  46.74831,19.50421,217.897
37.87:  46.9861,19.56732,217.1091
37.89:  47.22004,19.63287,216.3212
37.9:  47.4521,19.70134,215.5333
37.92:  47.68414,19.76256,214.7455
37.94:  47.91995,19.82463,213.9576
37.95:  48.14923,19.8867,213.1697
37.97:  48.3834,19.9427,212.3818
37.99:  48.61804,20.00041,211.5939
38:  48.84963,20.05721,210.8061
38.02:  49.08143,20.11746,210.0182
38.04:  49.31924,20.17187,209.2303
38.05:  49.55222,20.22855,208.4424
38.07:  49.78814,20.2894,207.6546
38.09:  50.01926,20.35241,206.8667
38.1:  50.24844,20.41829,206.0788
38.12:  50.48133,20.48873,205.2909
38.14:  50.71239,20.56208,204.5031
38.15:  50.93882,20.62252,203.7152
38.17:  51.17161,20.6793,202.9273
38.19:  51.40227,20.73893,202.1394
38.2:  51.63184,20.78845,201.3515
38.22:  51.86171,20.83997,200.5637
38.24:  52.09256,20.89081,199.7758
38.25:  52.33335,20.92727,198.9879
38.27:  52.58791,20.96701,198.2
38.29:  52.82066,21.00558,197.4121
38.3:  53.06049,21.04872,196.6243
38.32:  53.29961,21.09514,195.8364
38.34:  53.53984,21.13282,195.0485
38.35:  53.77332,21.16599,194.2606
38.37:  54.01026,21.20068,193.4727
38.39:  54.24521,21.23838,192.6849
38.4:  54.48355,21.25559,191.897
38.42:  54.72028,21.27596,191.1091
38.44:  54.96058,21.29996,190.3212
38.45:  55.19619,21.32677,189.5334
38.47:  55.43681,21.35751,188.7455
38.49:  55.67456,21.39122,187.9576
38.5:  55.90969,21.42548,187.1697
38.52:  56.14352,21.46285,186.3818
38.54:  56.39404,21.46831,185.594
38.55:  56.63883,21.47701,184.8061
38.57:  56.88747,21.48928,184.0182
38.59:  57.13405,21.50485,183.2303
38.6:  57.38568,21.52172,182.4424
38.62:  57.6288,21.54379,181.6546
38.64:  57.8749,21.5671,180.8667
38.65:  58.11875,21.57159,180.0788
38.67:  58.36583,21.57465,179.2909
38.69:  58.60986,21.58345,178.5031
38.7:  58.86768,21.59373,177.7152
38.72:  59.1054,21.60644,176.94
38.74:  59.35586,21.62312,176.1901
38.75:  59.60015,21.6425,175.4656
38.77:  59.84979,21.66536,174.7665
38.79:  60.09716,21.69098,174.0863
38.8:  60.341,21.71917,173.4062
38.82:  60.58733,21.75061,172.7261
38.84:  60.83341,21.785,172.0459
38.85:  61.0774,21.82204,171.3658
38.87:  61.32739,21.86302,170.692
38.89:  61.57384,21.90639,170.0182
38.9:  61.81432,21.95156,169.3634
38.92:  62.0579,22.0001,168.7277
38.94:  62.30851,22.05293,168.0982
38.95:  62.54322,22.10507,167.4751
38.97:  62.79259,22.16332,166.852
38.99:  63.02771,22.22086,166.248
39:  63.26994,22.28246,165.7326
39.02:  63.50681,22.34449,165.325
39.04:  63.75063,22.4095,165.0695
39.05:  63.99271,22.45943,164.9471
39.07:  64.2391,22.50036,164.9134
39.09:  64.48663,22.52394,164.9115
39.1:  64.74105,22.52431,164.9115
39.12:  64.9766,22.51053,164.9115
39.14:  65.21355,22.48344,164.9388
39.15:  65.44875,22.44865,164.9851
39.17:  65.68646,22.40528,165.0758
39.19:  65.92397,22.36143,165.1982
39.2:  66.16423,22.3151,165.3777
39.22:  66.39977,22.26875,165.5952
39.24:  66.64909,22.21856,165.8443
39.25:  66.88422,22.16437,166.1568
39.27:  67.12354,22.10541,166.5074
39.29:  67.36042,22.04523,166.9213
39.3:  67.59493,21.98349,167.4177
39.32:  67.83119,21.91887,167.9647
39.34:  68.06828,21.85138,168.5561
39.35:  68.30185,21.76977,169.1665
39.37:  68.5342,21.6784,169.8213
39.39:  68.76103,21.58248,170.4951
39.42:  68.97985,21.48023,171.1943
39.44:  69.19501,21.37023,171.9441
39.45:  69.40829,21.2559,172.7257
39.47:  69.61723,21.14016,173.5135
39.49:  69.82897,21.0167,174.3014
39.5:  70.03164,20.88911,175.0893
39.52:  70.23249,20.75644,175.8772
39.54:  70.4295,20.62238,176.6651
39.55:  70.62904,20.48256,177.4529
39.57:  70.82356,20.34459,178.2408
39.59:  71.02516,20.19741,179.0287
39.6:  71.20833,20.05978,179.8166
39.62:  71.40411,19.90841,180.6044
39.64:  71.59064,19.75758,181.3923
39.65:  71.77374,19.6053,182.1802
39.67:  71.9557,19.44972,182.9618
39.69:  72.13829,19.28949,183.6989
39.7:  72.31734,19.12839,184.4108
39.72:  72.49487,18.96753,185.0782
39.74:  72.66879,18.80634,185.7203
39.75:  72.84434,18.63725,186.3561
39.77:  73.01999,18.46431,186.9855
39.79:  73.18722,18.29601,187.6149
39.8:  73.36033,18.11788,188.2507
39.82:  73.52534,17.94426,188.8865
39.84:  73.68797,17.76932,189.5223
39.85:  73.84809,17.59583,190.1897
39.87:  74.00686,17.41958,190.8825
39.89:  74.16557,17.23594,191.5943
39.9:  74.32228,17.05301,192.3125
39.92:  74.47444,16.8708,193.0307
39.94:  74.6246,16.68633,193.7488
39.95:  74.77538,16.4963,194.467
39.97:  74.91962,16.30657,195.1852
39.99:  75.06519,16.11005,195.9033
40:  75.20614,15.9147,196.6215
40.02:  75.34461,15.71761,197.3396
40.04:  75.47977,15.52001,198.0578
40.05:  75.61435,15.31784,198.7823
40.07:  75.74458,15.11673,199.5068
40.09:  75.87476,14.91,200.2313
40.1:  76.00249,14.7014,200.9495
40.12:  76.12386,14.50119,201.674
40.14:  76.24504,14.29544,202.3985
40.15:  76.36384,14.08382,203.123
40.17:  76.47909,13.87631,203.8475
40.19:  76.59402,13.66319,204.5593
40.2:  76.70435,13.44837,205.2458
40.22:  76.81257,13.23606,205.8879
40.24:  76.92186,13.01575,206.511
40.25:  77.02479,12.79841,207.0897
40.27:  77.1243,12.58288,207.6494
40.29:  77.22411,12.36106,208.2028
40.3:  77.32027,12.14202,208.7308
40.32:  77.41514,11.92072,209.2271
40.34:  77.50716,11.70095,209.7108
40.35:  77.59906,11.47668,210.1501
40.37:  77.68865,11.25329,210.5767
40.39:  77.77185,11.02143,210.9716
40.4:  77.85288,10.79093,211.3412
40.42:  77.92971,10.56349,211.6791
40.44:  78.00527,10.33535,212.017
40.45:  78.08281,10.10175,212.3485
40.47:  78.15572,9.872897,212.6738
40.49:  78.22859,9.639532,212.999
40.5:  78.30141,9.407094,213.3178
40.52:  78.37294,9.1741,213.6431
40.54:  78.44212,8.944144,213.9683
40.55:  78.50819,8.699335,214.2935
40.57:  78.56677,8.464962,214.6187
40.59:  78.62393,8.222805,214.9439
40.6:  78.67849,7.985641,215.2691
40.62:  78.73288,7.743052,215.588
40.64:  78.78724,7.493968,215.9132
40.65:  78.83771,7.256382,216.2321
40.67:  78.88673,7.018992,216.5573
40.69:  78.93708,6.768075,216.8762
40.7:  78.98335,6.530537,217.2014
40.72:  79.02843,6.291904,217.5266
40.74:  79.07104,6.049011,217.8518
40.75:  79.11077,5.80492,218.177
40.77:  79.14883,5.562502,218.4959
40.79:  79.18594,5.317279,218.8148
40.8:  79.22122,5.074601,219.1463
40.82:  79.25488,4.832999,219.4906
40.84:  79.28735,4.588111,219.8665
40.85:  79.31631,4.344772,220.2424
40.87:  79.3418,4.10175,220.6247
40.89:  79.36458,3.851279,221.0069
40.9:  79.38693,3.606531,221.3955
40.92:  79.40753,3.362716,221.7841
40.94:  79.42666,3.11678,222.1664
40.95:  79.44418,2.869785,222.5549
40.97:  79.45972,2.628052,222.9372
40.99:  79.47224,2.380347,223.3258
41:  79.48301,2.132876,223.708
41.02:  79.49194,1.89266,224.0903
41.04:  79.4994,1.647901,224.4725
41.05:  79.50529,1.400329,224.8548
41.07:  79.51112,1.157794,225.237
41.09:  79.51369,0.9053426,225.6193
41.1:  79.51461,0.6630663,226.0016
41.12:  79.51389,0.4107274,226.3838
41.14:  79.51147,0.1656389,226.7661
41.15:  79.50919,-0.07810034,227.1483
41.17:  79.50339,-0.3284491,227.5306
41.19:  79.49601,-0.5754561,227.9128
41.2:  79.48697,-0.8228542,228.2951
41.22:  79.47636,-1.068268,228.6773
41.24:  79.4659,-1.313151,229.0596
41.25:  79.45365,-1.560561,229.4482
41.27:  79.43822,-1.80388,229.8304
41.29:  79.42099,-2.051058,230.2063
41.3:  79.40259,-2.294001,230.5506
41.32:  79.38429,-2.539044,230.8821
41.34:  79.3633,-2.780855,231.182
41.35:  79.34607,-3.026661,231.4628
41.37:  79.32982,-3.267259,231.7057
41.39:  79.31557,-3.515637,231.9358
41.4:  79.30064,-3.760099,232.1469
41.42:  79.28655,-4.00321,232.3454
41.44:  79.27187,-4.246143,232.5439
41.45:  79.25734,-4.500114,232.736
41.47:  79.25199,-4.734316,232.9218
41.49:  79.24768,-4.972911,233.1075
41.5:  79.24406,-5.213236,233.2933
41.52:  79.23822,-5.451626,233.4791
41.54:  79.23302,-5.691646,233.6712
41.55:  79.22692,-5.934715,233.8697
41.57:  79.21864,-6.171196,234.0808
41.59:  79.20918,-6.413082,234.3109
41.6:  79.20019,-6.655046,234.5601
41.62:  79.1886,-6.892581,234.8663
41.64:  79.17573,-7.128926,235.1915
41.65:  79.16257,-7.372034,235.5294
41.67:  79.14666,-7.609539,235.9053
41.69:  79.12887,-7.850361,236.3002
41.7:  79.10937,-8.089869,236.7268
41.72:  79.08959,-8.328353,237.1725
41.74:  79.06762,-8.569193,237.6435
41.75:  79.04366,-8.80976,238.1208
41.77:  79.02002,-9.046196,238.6045
41.79:  78.99731,-9.287383,239.0945
41.8:  78.97406,-9.527675,239.5844
41.82:  78.94878,-9.767796,240.0681
41.84:  78.92236,-10.00448,240.5581
41.85:  78.89144,-10.24473,241.0481
41.87:  78.85889,-10.48164,241.5381
41.89:  78.82626,-10.71885,242.0218
41.9:  78.80381,-10.9635,242.5054
41.92:  78.78342,-11.21518,242.9891
41.94:  78.76145,-11.46045,243.4727
41.95:  78.73728,-11.70685,243.9564
41.97:  78.71111,-11.95287,244.4274
41.99:  78.68793,-12.19266,244.854
42:  78.67362,-12.4371,245.2426
42.02:  78.66126,-12.68219,245.5551
42.04:  78.65122,-12.9268,245.7853
42.05:  78.64485,-13.17295,245.9457
42.07:  78.6381,-13.4158,246.0555
42.09:  78.63326,-13.66077,246.1145
42.1:  78.6283,-13.90462,246.1481
42.12:  78.62109,-14.12349,246.1755
42.14:  78.64374,-14.26558,246.2028
42.15:  78.67156,-14.32874,246.2238
42.17:  78.67156,-14.32874,246.2448
42.19:  78.67156,-14.32874,246.2595
42.2:  78.67156,-14.32874,246.2805
42.22:  78.67156,-14.32874,246.2951
42.24:  78.67156,-14.32874,246.3098
42.25:  78.67156,-14.32874,246.3244
42.27:  78.67156,-14.32874,246.3391
42.29:  78.67156,-14.32874,246.3474
42.3:  78.67156,-14.32874,246.3494
42.32:  78.67156,-14.32874,246.3514
42.34:  78.67156,-14.32874,246.3597
42.35:  78.67156,-14.32874,246.3617
42.37:  78.67156,-14.32874,246.37
42.39:  78.67156,-14.32874,246.3783
42.4:  78.67156,-14.32874,246.3803
42.42:  78.67156,-14.32874,246.3823
42.44:  78.67156,-14.32874,246.3842
42.45:  78.67156,-14.32874,246.3862
42.47:  78.67156,-14.32874,246.3862
42.49:  78.67156,-14.32874,246.3862
42.5:  78.67156,-14.32874,246.3882
42.52:  78.67156,-14.32874,246.3882
42.54:  78.67156,-14.32874,246.3882
42.55:  78.67156,-14.32874,246.3882
42.57:  78.67156,-14.32874,246.3882
42.59:  78.67156,-14.32874,246.3882
42.6:  78.67156,-14.32874,246.3882
42.62:  78.67156,-14.32874,246.3882
42.64:  78.67156,-14.32874,246.3902
42.65:  78.67156,-14.32874,246.3922
42.67:  78.67156,-14.32874,246.3942
42.69:  78.67156,-14.32874,246.3962
42.7:  78.67156,-14.32874,246.3981
42.72:  78.67156,-14.32874,246.4001
42.74:  78.67156,-14.32874,246.4021
42.75:  78.67156,-14.32874,246.4041
42.77:  78.67156,-14.32874,246.4061
42.79:  78.67156,-14.32874,246.4081
42.8:  78.67156,-14.32874,246.4081
42.82:  78.67156,-14.32874,246.4081
42.84:  78.67156,-14.32874,246.4081
42.85:  78.67156,-14.32874,246.4081
42.87:  78.67156,-14.32874,246.41
42.89:  78.67156,-14.32874,246.412
42.9:  78.67156,-14.32874,246.414
42.92:  78.67156,-14.32874,246.414
42.94:  78.67156,-14.32874,246.416
42.95:  78.67156,-14.32874,246.418
42.97:  78.67156,-14.32874,246.42
42.99:  78.67156,-14.32874,246.4219
43:  78.67156,-14.32874,246.4239
43.02:  78.67156,-14.32874,246.4259
43.04:  78.67156,-14.32874,246.4279
43.05:  78.67156,-14.32874,246.4299
43.07:  78.67156,-14.32874,246.4299
43.09:  78.67156,-14.32874,246.4299
43.1:  78.67156,-14.32874,246.4299
43.12:  78.67156,-14.32874,246.4319
43.14:  78.67156,-14.32874,246.4338
43.15:  78.67156,-14.32874,246.4338
43.17:  78.67156,-14.32874,246.4338
43.19:  78.67156,-14.32874,246.4358
43.2:  78.67156,-14.32874,246.4378
43.22:  78.67156,-14.32874,246.4398
43.24:  78.67156,-14.32874,246.4418
43.25:  78.67156,-14.32874,246.4438
43.27:  78.67156,-14.32874,246.4457
43.29:  78.67156,-14.32874,246.4457
43.3:  78.67156,-14.32874,246.4477
43.32:  78.67156,-14.32874,246.4477
43.34:  78.67156,-14.32874,246.4477
43.35:  78.67156,-14.32874,246.4477
43.37:  78.67156,-14.32874,246.4477
43.39:  78.67156,-14.32874,246.4477
43.4:  78.67156,-14.32874,246.4477
43.42:  78.67156,-14.32874,246.4477
43.44:  78.67156,-14.32874,246.4477
43.45:  78.67156,-14.32874,246.4497
43.47:  78.67156,-14.32874,246.4497
43.49:  78.67156,-14.32874,246.4497
43.5:  78.67156,-14.32874,246.4497
43.52:  78.67156,-14.32874,246.4497
