ParticipantNo: 11015
Controller type: Gamepad
Training Level Timed:
0.02:  82.7,18.5,270
0.03:  82.7,18.5,270
0.05:  82.7,18.5,270
0.07:  82.7,18.5,270
0.08:  82.7,18.5,270
0.1:  82.7,18.5,270
0.12:  82.7,18.5,270
0.13:  82.7,18.5,270
0.15:  82.7,18.5,270
0.17:  82.7,18.5,270
0.18:  82.7,18.5,270
0.2:  82.7,18.5,270
0.22:  82.7,18.5,270
0.23:  82.7,18.5,270
0.25:  82.7,18.5,270
0.27:  82.7,18.5,270
0.28:  82.7,18.5,270
0.3:  82.7,18.5,270
0.32:  82.7,18.5,270
0.33:  82.7,18.5,270
0.35:  82.7,18.5,270
0.37:  82.7,18.5,270
0.38:  82.7,18.5,270
0.4:  82.7,18.5,270
0.42:  82.7,18.5,270
0.43:  82.7,18.5,270
0.45:  82.7,18.5,270
0.47:  82.7,18.5,270
0.48:  82.7,18.5,270
0.5:  82.7,18.5,270
0.52:  82.7,18.5,270
0.53:  82.7,18.5,270
0.55:  82.7,18.5,270
0.57:  82.7,18.5,270
0.58:  82.7,18.5,270
0.6:  82.7,18.5,270
0.62:  82.7,18.5,270
0.63:  82.7,18.5,270
0.65:  82.7,18.5,270
0.67:  82.7,18.5,270
0.68:  82.7,18.5,270
0.7:  82.7,18.5,270
0.72:  82.7,18.5,270
0.73:  82.7,18.5,270
0.75:  82.7,18.5,270
0.77:  82.7,18.5,270
0.78:  82.7,18.5,270
0.8:  82.7,18.5,270
0.82:  82.7,18.5,270
0.83:  82.7,18.5,270
0.85:  82.7,18.5,270
0.87:  82.7,18.5,270
0.88:  82.7,18.5,270
0.9:  82.7,18.5,270
0.92:  82.7,18.5,270
0.93:  82.7,18.5,270
0.95:  82.7,18.5,270
0.97:  82.7,18.5,270
0.98:  82.7,18.5,270
1:  82.7,18.5,270
1.02:  82.7,18.5,270
1.03:  82.7,18.5,270
1.05:  82.7,18.5,270
1.07:  82.7,18.5,270
1.08:  82.7,18.5,270
1.1:  82.7,18.5,270
1.12:  82.7,18.5,270
1.13:  82.7,18.5,270
1.15:  82.7,18.5,270
1.17:  82.7,18.5,270
1.18:  82.7,18.5,270
1.2:  82.7,18.5,270
1.22:  82.7,18.5,270
1.23:  82.7,18.5,270
1.27:  82.7,18.5,270
1.28:  82.7,18.5,270
1.3:  82.7,18.5,270
1.32:  82.7,18.5,270
1.33:  82.7,18.5,270
1.35:  82.7,18.5,270
1.37:  82.7,18.5,270
1.38:  82.7,18.5,270
1.4:  82.7,18.5,270
1.42:  82.7,18.5,270
1.43:  82.7,18.5,270
1.45:  82.7,18.5,270
1.47:  82.7,18.5,270
1.48:  82.7,18.5,270
1.5:  82.7,18.5,270
1.52:  82.7,18.5,270
1.53:  82.7,18.5,270
1.55:  82.7,18.5,270
1.57:  82.7,18.5,269.9917
1.58:  82.7,18.5,269.9073
1.6:  82.7,18.5,269.411
1.62:  82.7,18.5,268.6801
1.63:  82.7,18.5,267.9303
1.65:  82.7,18.5,267.1868
1.67:  82.7,18.5,266.4369
1.68:  82.7,18.5,265.6744
1.7:  82.7,18.5,264.9119
1.72:  82.7,18.5,264.143
1.73:  82.7,18.5,263.3741
1.75:  82.7,18.5,262.6053
1.77:  82.7,18.5,261.8427
1.78:  82.7,18.5,261.0739
1.8:  82.7,18.5,260.305
1.82:  82.7,18.5,259.5425
1.83:  82.7,18.5,258.78
1.85:  82.7,18.5,258.0174
1.87:  82.7,18.5,257.2549
1.88:  82.7,18.5,256.4861
1.9:  82.7,18.5,255.7172
1.92:  82.7,18.5,254.9483
1.93:  82.7,18.5,254.1858
1.95:  82.7,18.5,253.4169
1.97:  82.7,18.5,252.6481
1.98:  82.7,18.5,251.8792
2:  82.7,18.5,251.1103
2.02:  82.7,18.5,250.3415
2.03:  82.7,18.5,249.5726
2.05:  82.7,18.5,248.8037
2.07:  82.7,18.5,248.0412
2.08:  82.7,18.5,247.2787
2.1:  82.7,18.5,246.5161
2.12:  82.7,18.5,245.7536
2.13:  82.7,18.5,244.9911
2.15:  82.7,18.5,244.2286
2.17:  82.7,18.5,243.466
2.18:  82.7,18.5,242.7035
2.2:  82.7,18.5,241.941
2.22:  82.7,18.5,241.1721
2.23:  82.69371,18.49643,240.4033
2.25:  82.66414,18.4791,239.6344
2.27:  82.56501,18.41922,238.8655
2.28:  82.37765,18.30259,238.0966
2.3:  82.17519,18.15223,237.3278
2.32:  81.97546,17.99972,236.5589
2.33:  81.77895,17.84543,235.7901
2.35:  81.5845,17.68851,235.0212
2.37:  81.39072,17.52782,234.2587
2.38:  81.20306,17.36793,233.4961
2.4:  81.01204,17.20075,232.7336
2.42:  80.82587,17.0334,231.9711
2.43:  80.63648,16.85852,231.2085
2.45:  80.4578,16.68908,230.446
2.47:  80.2776,16.51698,229.6835
2.48:  80.10339,16.34274,228.921
2.5:  79.92164,16.15601,228.1521
2.52:  79.75597,15.98121,227.3896
2.53:  79.59101,15.78787,226.627
2.55:  79.44225,15.58198,225.8582
2.57:  79.30654,15.36354,225.0893
2.59:  79.18348,15.13856,224.3205
2.6:  79.07618,14.89203,223.5516
2.62:  79.00041,14.6712,222.7891
2.63:  78.9294,14.43086,222.0202
2.65:  78.86877,14.191,221.2577
2.67:  78.81531,13.95295,220.4951
2.68:  78.76456,13.712,219.7326
2.7:  78.71635,13.46687,218.9637
2.72:  78.67194,13.22398,218.2012
2.73:  78.63084,12.98086,217.4324
2.75:  78.59303,12.73754,216.6698
2.77:  78.55828,12.49225,215.901
2.78:  78.52743,12.2512,215.1321
2.8:  78.4991,12.00377,214.3696
2.82:  78.4735,11.75012,213.6007
2.83:  78.45234,11.50825,212.8382
2.85:  78.43112,11.2656,212.0693
2.87:  78.40063,11.01704,211.3005
2.88:  78.36377,10.76168,210.5316
2.9:  78.32582,10.51345,209.7691
2.92:  78.28884,10.27021,209.0065
2.93:  78.25168,10.01274,208.244
2.95:  78.21885,9.767999,207.4815
2.97:  78.18867,9.51765,206.7126
2.98:  78.1642,9.267532,205.9501
3:  78.14275,9.013394,205.1876
3.02:  78.12261,8.761937,204.4187
3.03:  78.10761,8.50137,203.6562
3.05:  78.0966,8.251727,202.8873
3.07:  78.08667,8.002039,202.1184
3.08:  78.08099,7.755452,201.3496
3.1:  78.07853,7.501751,200.5871
3.12:  78.07944,7.255054,199.8182
3.13:  78.0853,6.998009,199.0557
3.15:  78.09216,6.745567,198.2868
3.17:  78.10509,6.485141,197.5179
3.18:  78.1209,6.234815,196.7491
3.2:  78.13995,5.986077,195.9802
3.22:  78.16264,5.734046,195.2177
3.23:  78.18648,5.481459,194.4488
3.25:  78.21589,5.230671,193.6736
3.27:  78.24907,4.977358,192.8984
3.28:  78.28294,4.73376,192.1169
3.3:  78.29935,4.475056,191.3353
3.32:  78.31667,4.219543,190.5601
3.33:  78.33722,3.967283,189.7786
3.35:  78.36166,3.710525,188.997
3.37:  78.38911,3.45876,188.2155
3.38:  78.42034,3.204433,187.434
3.4:  78.45512,2.948904,186.6841
3.42:  78.49559,2.68589,186.08
3.43:  78.53323,2.434845,185.7738
3.45:  78.57123,2.18275,185.7275
3.47:  78.60984,1.927482,185.7001
3.48:  78.65054,1.674687,185.6791
3.5:  78.69201,1.417783,185.6581
3.52:  78.73116,1.164836,185.6371
3.53:  78.77287,0.9115582,185.6162
3.55:  78.81439,0.6599281,185.5952
3.57:  78.85645,0.4056786,185.5742
3.58:  78.89542,0.1563745,185.5532
3.6:  78.93763,-0.09766361,185.5322
3.62:  78.97704,-0.3486709,185.5112
3.63:  79.0173,-0.6043726,185.4902
3.65:  79.05697,-0.8557993,185.4692
3.67:  79.09726,-1.110544,185.4482
3.68:  79.13649,-1.361668,185.4209
3.7:  79.17688,-1.615639,185.3999
3.72:  79.21709,-1.871822,185.3789
3.73:  79.25665,-2.123141,185.3579
3.75:  79.29962,-2.380265,185.3369
3.77:  79.3401,-2.636085,185.3096
3.78:  79.38029,-2.885712,185.2886
3.8:  79.42365,-3.142954,185.2612
3.82:  79.46684,-3.398697,185.2402
3.83:  79.50986,-3.652857,185.2193
3.85:  79.55326,-3.904963,185.1983
3.87:  79.60448,-4.152868,185.1836
3.88:  79.67603,-4.395453,185.1626
3.9:  79.76315,-4.635649,185.1479
3.92:  79.85833,-4.866036,185.127
3.93:  79.95846,-5.093815,185.106
3.95:  80.05856,-5.321307,185.085
3.97:  80.1592,-5.549738,185.0576
3.98:  80.25587,-5.774159,185.0366
4:  80.35697,-6.003183,185.0156
4.02:  80.45848,-6.232879,184.9946
4.03:  80.55892,-6.459947,184.9737
4.05:  80.65966,-6.68746,184.9527
4.07:  80.75617,-6.918833,184.9317
4.08:  80.84835,-7.150998,184.9107
4.1:  80.9364,-7.393414,184.8897
4.12:  81.01154,-7.635472,184.8624
4.13:  81.07674,-7.882023,184.8414
4.15:  81.12223,-8.132577,184.8204
4.17:  81.16484,-8.38717,184.7994
4.18:  81.19726,-8.637244,184.7847
4.2:  81.23063,-8.893932,184.7637
4.22:  81.26113,-9.146334,184.7427
4.23:  81.29206,-9.401445,184.7217
4.25:  81.32272,-9.653381,184.6944
4.27:  81.35632,-9.908579,184.6734
4.28:  81.38943,-10.15931,184.6461
4.3:  81.4207,-10.41363,184.6251
4.32:  81.4558,-10.67788,184.6041
4.33:  81.48828,-10.92167,184.5831
4.35:  81.51967,-11.1747,184.5621
4.37:  81.55367,-11.42845,184.5411
4.38:  81.58842,-11.68715,184.5201
4.4:  81.61948,-11.93533,184.4991
4.42:  81.65125,-12.18835,184.4781
4.43:  81.68523,-12.4392,184.4571
4.45:  81.71974,-12.69331,184.4361
4.47:  81.75178,-12.94621,184.4151
4.48:  81.7839,-13.19905,184.3941
4.5:  81.81645,-13.45458,184.3731
4.52:  81.8488,-13.70757,184.3458
4.53:  81.88093,-13.95781,184.3185
4.55:  81.91653,-14.21527,184.2975
4.57:  81.94888,-14.4655,184.2702
4.58:  81.98177,-14.71915,184.2428
4.6:  82.01498,-14.97444,184.2218
4.62:  82.05036,-15.22712,184.2008
4.63:  82.08298,-15.47622,184.1735
4.65:  82.12016,-15.74013,184.1525
4.67:  82.15321,-15.99111,184.1315
4.68:  82.18608,-16.24003,184.1105
4.7:  82.21961,-16.49296,184.0832
4.72:  82.25324,-16.74597,184.0622
4.73:  82.28642,-16.9949,184.0412
4.75:  82.32082,-17.25225,184.0202
4.77:  82.35721,-17.50561,183.9992
4.78:  82.39222,-17.76591,183.9719
4.8:  82.42616,-18.01745,183.9509
4.82:  82.44055,-18.26464,183.9299
4.83:  82.44785,-18.51209,183.9089
4.85:  82.4554,-18.76457,183.8879
4.87:  82.46528,-19.01186,183.8669
4.88:  82.47327,-19.27298,183.8459
4.9:  82.48324,-19.51783,183.8249
4.92:  82.49361,-19.76963,183.7976
4.93:  82.50154,-20.01816,183.7703
4.95:  82.51223,-20.27251,183.7493
4.97:  82.52282,-20.52234,183.7283
4.98:  82.53346,-20.77131,183.7073
5:  82.54439,-21.02474,183.6863
5.02:  82.55567,-21.2843,183.6653
5.03:  82.56657,-21.53284,183.6443
5.05:  82.57761,-21.78253,183.6233
5.07:  82.58882,-22.03401,183.6023
5.08:  82.59745,-22.27885,183.5813
5.1:  82.60647,-22.532,183.5603
5.12:  82.61797,-22.78369,183.5393
5.13:  82.62704,-23.03288,183.512
5.15:  82.6388,-23.28493,183.4847
5.17:  82.64812,-23.53404,183.4573
5.18:  82.66004,-23.78514,183.4363
5.2:  82.66973,-24.0392,183.4153
5.22:  82.68214,-24.2965,183.3943
5.23:  82.69157,-24.53926,183.3733
5.25:  82.70148,-24.79094,183.346
5.27:  82.71397,-25.04366,183.325
5.28:  82.72393,-25.29216,183.304
5.3:  82.73668,-25.54624,183.283
5.32:  82.7493,-25.79581,183.262
5.33:  82.76208,-26.0471,183.241
5.35:  82.77252,-26.2983,183.22
5.37:  82.78298,-26.54775,183.1991
5.38:  82.79385,-26.80498,183.1781
5.4:  82.80434,-27.05071,183.1571
5.42:  82.81509,-27.30076,183.1361
5.43:  82.82634,-27.55993,183.1151
5.45:  82.83704,-27.80467,183.0941
5.47:  82.84821,-28.05703,183.0667
5.48:  82.86168,-28.30494,183.0457
5.5:  82.87341,-28.56603,183.0247
5.52:  82.88685,-28.80949,182.9974
5.53:  82.90073,-29.0596,182.9764
5.55:  82.91482,-29.31142,182.9554
5.57:  82.92896,-29.56287,182.9344
5.58:  82.94062,-29.81128,182.9135
5.6:  82.95254,-30.06338,182.8925
5.62:  82.96452,-30.31488,182.8715
5.63:  82.97659,-30.56565,182.8441
5.65:  82.99115,-30.81574,182.8231
5.67:  83.00597,-31.06832,182.7958
5.68:  83.02115,-31.3252,182.7748
5.7:  83.03567,-31.56948,182.7538
5.72:  83.05069,-31.82066,182.7328
5.73:  83.06321,-32.06885,182.7118
5.75:  83.07856,-32.322,182.6845
5.77:  83.09369,-32.56992,182.6635
5.78:  83.1067,-32.82185,182.6425
5.8:  83.12236,-33.07544,182.6215
5.82:  83.13548,-33.32602,182.6005
5.83:  83.15116,-33.57686,182.5795
5.85:  83.16697,-33.82834,182.5585
5.87:  83.16079,-34.07858,182.5375
5.88:  83.14986,-34.32722,182.5166
5.9:  83.13862,-34.58518,182.4956
5.92:  83.12797,-34.83174,182.4746
5.93:  83.11746,-35.07748,182.4472
5.95:  83.1069,-35.32675,182.4262
5.97:  83.09635,-35.57789,182.4052
5.98:  83.08605,-35.82521,182.3842
6:  83.07573,-36.07543,182.3632
6.02:  83.06549,-36.3256,182.3423
6.03:  83.05546,-36.57312,182.3213
6.05:  83.04535,-36.82479,182.3003
6.07:  83.03535,-37.07602,182.2793
6.08:  83.0256,-37.32326,182.2583
6.1:  83.01578,-37.57542,182.2309
6.12:  83.00616,-37.82247,182.2309
6.13:  82.99603,-38.0741,182.3026
6.15:  82.98505,-38.32494,182.5074
6.17:  82.97245,-38.57458,182.8897
6.18:  82.95782,-38.82088,183.3987
6.2:  82.94028,-39.07283,183.9838
6.22:  82.9203,-39.3218,184.5878
6.23:  82.89771,-39.57033,185.1919
6.25:  82.87247,-39.81911,185.796
6.27:  82.84441,-40.06915,186.4001
6.28:  82.81428,-40.31471,186.9978
6.3:  82.78124,-40.5643,187.5385
6.32:  82.74543,-40.81863,188.0159
6.33:  82.71442,-41.06048,188.4298
6.35:  82.68594,-41.30785,188.812
6.37:  82.65305,-41.55758,189.188
6.38:  82.61923,-41.8018,189.5702
6.4:  82.58543,-42.0516,189.9525
6.42:  82.56407,-42.30935,190.3347
6.43:  82.54195,-42.55607,190.7233
6.45:  82.51804,-42.80344,191.1182
6.47:  82.49223,-43.05266,191.5132
6.48:  82.46507,-43.2984,191.9081
6.5:  82.43457,-43.55787,192.303
6.52:  82.40435,-43.8014,192.6726
6.53:  82.37171,-44.05297,192.9915
6.55:  82.33884,-44.29857,193.2216
6.57:  82.30478,-44.54823,193.3694
6.58:  82.26975,-44.80252,193.4411
6.6:  82.23595,-45.0469,193.4747
6.62:  82.20141,-45.29555,193.5084
6.63:  82.16684,-45.5435,193.5358
6.65:  82.1345,-45.79205,193.5694
6.67:  82.11388,-46.04346,193.6031
6.68:  82.09309,-46.2952,193.6368
6.7:  82.072,-46.54869,193.6704
6.72:  82.04839,-46.8005,193.7231
6.73:  82.0265,-47.05413,193.8455
6.75:  82.00407,-47.30409,194.044
6.77:  81.97993,-47.55754,194.3565
6.78:  81.95463,-47.80557,194.7388
6.8:  81.92334,-48.06698,195.1907
6.82:  81.892,-48.31052,195.6997
6.83:  81.85853,-48.56902,196.2912
6.85:  81.82431,-48.81116,196.9586
6.87:  81.79157,-49.07335,197.6704
6.88:  81.76685,-49.31913,198.452
6.9:  81.74776,-49.57454,199.2399
6.92:  81.72849,-49.8258,200.0277
6.93:  81.71367,-50.0858,200.8156
6.95:  81.70694,-50.33109,201.6035
6.97:  81.69896,-50.5801,202.3914
6.98:  81.68575,-50.836,203.1792
7:  81.66883,-51.08191,203.9671
7.02:  81.64845,-51.32856,204.755
7.03:  81.62434,-51.57843,205.5429
7.05:  81.59795,-51.82513,206.3308
7.07:  81.56741,-52.07076,207.1186
7.08:  81.53292,-52.32003,207.9065
7.1:  81.49617,-52.56686,208.6944
7.12:  81.45513,-52.81337,209.4823
7.13:  81.41059,-53.05994,210.2702
7.15:  81.36266,-53.30593,211.058
7.17:  81.30911,-53.56189,211.8459
7.18:  81.25713,-53.79442,212.6338
7.2:  81.19827,-54.04169,213.4217
7.22:  81.13704,-54.28403,214.2095
7.23:  81.07272,-54.52462,214.9974
7.25:  81.0049,-54.76505,215.7853
7.27:  80.93423,-55.00297,216.5732
7.28:  80.86003,-55.24075,217.3611
7.3:  80.78121,-55.48164,218.149
7.32:  80.70158,-55.71675,218.9368
7.33:  80.61855,-55.95121,219.7247
7.35:  80.5285,-56.1923,220.5126
7.38:  80.44029,-56.42118,221.3005
7.4:  80.34834,-56.64811,222.0883
7.42:  80.25063,-56.88007,222.8762
7.43:  80.15083,-57.10812,223.6641
7.45:  80.03273,-57.34093,224.452
7.47:  79.89573,-57.5557,225.2399
7.48:  79.73634,-57.7428,226.0277
7.5:  79.55569,-57.91235,226.8156
7.52:  79.3717,-58.08033,227.6035
7.53:  79.18208,-58.24874,228.3914
7.55:  78.99459,-58.41069,229.1793
7.57:  78.80253,-58.57204,229.9671
7.58:  78.60284,-58.73516,230.755
7.6:  78.40984,-58.88845,231.5429
7.62:  78.21764,-59.03682,232.3308
7.63:  78.01917,-59.18574,233.1187
7.65:  77.81349,-59.33569,233.9065
7.67:  77.60959,-59.48009,234.6944
7.68:  77.40428,-59.62129,235.4823
7.7:  77.19804,-59.75899,236.2702
7.72:  76.98498,-59.89705,237.058
7.73:  76.77343,-60.03003,237.8459
7.75:  76.55972,-60.16031,238.6338
7.77:  76.34583,-60.28669,239.4217
7.78:  76.12706,-60.41193,240.2096
7.8:  75.90318,-60.51937,240.9975
7.82:  75.6715,-60.62122,241.7853
7.83:  75.43828,-60.71994,242.5732
7.85:  75.2093,-60.81317,243.3611
7.87:  74.97694,-60.90407,244.149
7.88:  74.74226,-60.99218,244.9369
7.9:  74.50083,-61.07906,245.7247
7.92:  74.26702,-61.15958,246.5126
7.93:  74.02874,-61.23799,247.3005
7.95:  73.79221,-61.31223,248.0884
7.97:  73.54936,-61.38224,248.8763
7.98:  73.30681,-61.44857,249.6641
8:  73.06673,-61.51318,250.452
8.02:  72.82452,-61.57231,251.2399
8.03:  72.57726,-61.63161,252.0278
8.05:  72.33553,-61.69865,252.8156
8.07:  72.09656,-61.76896,253.6035
8.08:  71.85617,-61.83612,254.3914
8.1:  71.61627,-61.8996,255.1793
8.12:  71.37155,-61.96076,255.9672
8.13:  71.12454,-62.0189,256.755
8.15:  70.88362,-62.07212,257.5429
8.17:  70.63243,-62.124,258.3308
8.18:  70.38997,-62.17061,259.1187
8.2:  70.14674,-62.21391,259.9066
8.22:  69.90172,-62.25406,260.6944
8.23:  69.65387,-62.29118,261.4823
8.25:  69.40537,-62.32491,262.2702
8.27:  69.15958,-62.35483,263.0581
8.28:  68.90849,-62.38191,263.8459
8.3:  68.66222,-62.40504,264.6338
8.32:  68.40347,-62.42576,265.4217
8.33:  68.1566,-62.44212,266.2096
8.35:  67.90897,-62.4551,266.9974
8.37:  67.65512,-62.46492,267.7853
8.38:  67.41202,-62.47097,268.5732
8.4:  67.16547,-62.47372,269.3611
8.42:  66.91297,-62.47307,270.149
8.43:  66.6609,-62.46894,270.9369
8.45:  66.4124,-62.46146,271.7247
8.47:  66.16277,-62.45051,272.5126
8.48:  65.91213,-62.43605,273.3005
8.5:  65.66477,-62.41838,274.0883
8.52:  65.41465,-62.39704,274.8762
8.53:  65.15977,-62.37176,275.6641
8.55:  64.91726,-62.34433,276.452
8.57:  64.66348,-62.3121,277.2399
8.58:  64.41484,-62.27703,278.0277
8.6:  64.17833,-62.24035,278.8156
8.62:  63.93081,-62.19847,279.6035
8.63:  63.67582,-62.15171,280.3914
8.65:  63.4368,-62.10447,281.1793
8.67:  63.19266,-62.05272,281.9672
8.68:  62.94862,-61.99748,282.755
8.7:  62.7062,-61.93909,283.5429
8.72:  62.46492,-61.87745,284.3308
8.73:  62.22321,-61.81215,285.1187
8.75:  61.98235,-61.7435,285.9066
8.77:  61.73597,-61.66961,286.6944
8.78:  61.49833,-61.59476,287.4823
8.8:  61.26472,-61.51764,288.2702
8.82:  61.02996,-61.43654,289.0581
8.83:  60.78885,-61.34951,289.8459
8.85:  60.56003,-61.26336,290.6338
8.87:  60.32859,-61.17255,291.4217
8.88:  60.09568,-61.07746,292.2096
8.9:  59.87014,-60.98174,292.9975
8.92:  59.63707,-60.87901,293.7853
8.93:  59.39911,-60.7972,294.5732
8.95:  59.1601,-60.71909,295.3611
8.97:  58.91625,-60.64851,296.149
8.98:  58.67251,-60.57685,296.9369
9:  58.42929,-60.5042,297.7247
9.02:  58.18715,-60.43124,298.5126
9.03:  57.93752,-60.35685,299.3005
9.05:  57.69928,-60.28528,300.0884
9.07:  57.44777,-60.20594,300.8763
9.08:  57.21271,-60.12575,301.6641
9.1:  56.97521,-60.04107,302.452
9.12:  56.73606,-59.95463,303.2399
9.13:  56.49983,-59.86301,304.0278
9.15:  56.26698,-59.76899,304.8156
9.17:  56.02785,-59.668,305.6035
9.18:  55.78596,-59.56457,306.3914
9.2:  55.56146,-59.4655,307.1793
9.22:  55.33002,-59.35629,307.9672
9.23:  55.0911,-59.24226,308.755
9.25:  54.85798,-59.12703,309.5429
9.27:  54.63189,-59.01138,310.3308
9.28:  54.40982,-58.89391,311.1187
9.3:  54.18742,-58.77296,311.9066
9.32:  53.96275,-58.64608,312.6944
9.33:  53.74201,-58.51805,313.4823
9.35:  53.52414,-58.38764,314.2702
9.37:  53.31117,-58.24708,315.0581
9.38:  53.10493,-58.09512,315.8459
9.4:  52.90428,-57.93684,316.6338
9.42:  52.71139,-57.78033,317.4217
9.43:  52.51522,-57.6198,318.2096
9.45:  52.32194,-57.45714,318.9975
9.47:  52.12775,-57.28582,319.7853
9.48:  51.94217,-57.12072,320.5732
9.5:  51.75631,-56.95072,321.3611
9.52:  51.57366,-56.779,322.149
9.53:  51.4107,-56.58776,322.9305
9.55:  51.26212,-56.3856,323.6867
9.57:  51.11737,-56.18338,324.4049
9.58:  50.97306,-55.97698,325.0406
9.6:  50.83367,-55.77339,325.6003
9.62:  50.69323,-55.56442,326.0967
9.63:  50.55001,-55.34774,326.536
9.65:  50.41802,-55.14523,326.9055
9.67:  50.28254,-54.93557,327.1294
9.68:  50.14678,-54.72527,327.1567
9.7:  50.01204,-54.51641,327.1714
9.72:  49.87276,-54.30054,327.1714
9.73:  49.73977,-54.09441,327.1714
9.75:  49.60434,-53.88448,327.1714
9.77:  49.46997,-53.67622,327.1714
9.78:  49.33466,-53.46649,327.1714
9.8:  49.19944,-53.25689,327.1714
9.82:  49.06308,-53.04553,327.1714
9.83:  48.92751,-52.8354,327.1714
9.85:  48.79163,-52.62479,327.1714
9.87:  48.6566,-52.4155,327.1714
9.88:  48.52063,-52.20475,327.1714
9.9:  48.38726,-51.99802,327.1714
9.92:  48.24991,-51.78513,327.1714
9.93:  48.11431,-51.57497,327.1694
9.95:  47.97975,-51.36643,327.1674
9.97:  47.84325,-51.15489,327.1674
9.98:  47.70723,-50.94409,327.1674
10:  47.57389,-50.73746,327.1654
10.02:  47.43827,-50.5273,327.1654
10.03:  47.30191,-50.316,327.1635
10.05:  47.16538,-50.10447,327.1615
10.07:  47.03023,-49.89508,327.1595
10.08:  46.89363,-49.68347,327.1575
10.1:  46.75984,-49.47621,327.1555
10.12:  46.62307,-49.26436,327.1535
10.13:  46.48773,-49.05475,327.1516
10.15:  46.35193,-48.84443,327.1516
10.17:  46.21684,-48.63519,327.1516
10.18:  46.08026,-48.42366,327.1516
10.2:  45.94716,-48.21751,327.1516
10.22:  45.80986,-48.00484,327.1516
10.23:  45.67385,-47.79422,327.1496
10.25:  45.53977,-47.58673,327.1286
10.27:  45.40255,-47.37506,327.0442
10.28:  45.26682,-47.16728,326.8458
10.3:  45.12881,-46.95822,326.5713
10.32:  44.98885,-46.74893,326.227
10.33:  44.85647,-46.53654,325.8194
10.35:  44.74474,-46.30983,325.3991
10.37:  44.64326,-46.06953,324.9345
10.38:  44.54715,-45.83544,324.4381
10.4:  44.44785,-45.59969,323.9165
10.42:  44.34613,-45.36459,323.3631
10.43:  44.24168,-45.12979,322.778
10.45:  44.13556,-44.89779,322.1803
10.47:  44.026,-44.66492,321.5635
10.48:  43.91534,-44.43486,320.9468
10.5:  43.80199,-44.2056,320.3237
10.52:  43.68837,-43.98202,319.6942
10.53:  43.57576,-43.7508,319.0648
10.55:  43.48258,-43.51694,318.4354
10.57:  43.38511,-43.27992,317.8059
10.58:  43.28806,-43.04896,317.1765
10.6:  43.18751,-42.81901,316.5407
10.62:  43.08514,-42.58971,315.9113
10.63:  42.98051,-42.36209,315.2819
10.65:  42.89796,-42.11935,314.6525
10.67:  42.82429,-41.87721,314.023
10.68:  42.74907,-41.63938,313.3936
10.7:  42.67267,-41.4029,312.7705
10.72:  42.62222,-41.15867,312.1347
10.73:  42.58276,-40.91089,311.5053
10.75:  42.54245,-40.66518,310.8759
10.77:  42.49965,-40.42117,310.2464
10.78:  42.45377,-40.17551,309.617
10.8:  42.4057,-39.93289,308.9875
10.82:  42.35455,-39.68881,308.3581
10.83:  42.30067,-39.44495,307.735
10.85:  42.24436,-39.20277,307.1056
10.87:  42.1822,-38.9626,306.4762
10.88:  42.12016,-38.72004,305.8467
10.9:  42.05654,-38.48223,305.2173
10.92:  41.98661,-38.23191,304.5879
10.93:  41.91781,-38.00104,303.9584
10.95:  41.84551,-37.76254,303.329
10.97:  41.77036,-37.52412,302.6996
10.98:  41.69152,-37.28826,302.0702
11:  41.61158,-37.05282,301.4407
11.02:  41.52869,-36.8172,300.8113
11.03:  41.44216,-36.58514,300.1819
11.05:  41.35229,-36.35104,299.5524
11.07:  41.25893,-36.11116,298.9293
11.08:  41.16793,-35.88961,298.2999
11.1:  41.07079,-35.65945,297.6705
11.12:  40.97036,-35.42862,297.041
11.13:  40.87153,-35.20435,296.4116
11.15:  40.76437,-34.97668,295.7822
11.17:  40.65612,-34.74876,295.1464
11.18:  40.54861,-34.52522,294.5106
11.2:  40.43904,-34.30371,293.8748
11.22:  40.32013,-34.07341,293.2454
11.23:  40.20267,-33.85197,292.6096
11.25:  40.08424,-33.63527,291.9739
11.27:  39.96703,-33.42256,291.3381
11.28:  39.84188,-33.20448,290.7023
11.3:  39.71733,-32.99353,290.0729
11.32:  39.58684,-32.77735,289.4371
11.33:  39.4575,-32.56535,288.8077
11.35:  39.32288,-32.35305,288.1719
11.37:  39.18682,-32.14368,287.5362
11.38:  39.04757,-31.9345,286.9004
11.4:  38.90641,-31.72747,286.2646
11.42:  38.76286,-31.52189,285.6288
11.43:  38.61706,-31.31794,284.9931
11.45:  38.46892,-31.1155,284.3573
11.47:  38.3185,-30.91467,283.7216
11.48:  38.16684,-30.71677,283.0858
11.5:  38.01274,-30.52027,282.45
11.52:  37.85435,-30.32284,281.8142
11.53:  37.69508,-30.12877,281.1785
11.55:  37.53372,-29.93653,280.5427
11.57:  37.37212,-29.7483,279.9069
11.58:  37.20509,-29.55801,279.2775
11.6:  37.03749,-29.37129,278.6417
11.62:  36.86864,-29.18729,278.0123
11.63:  36.69616,-29.00342,277.3828
11.65:  36.5225,-28.82233,276.7534
11.67:  36.34753,-28.64388,276.1176
11.68:  36.17168,-28.46842,275.4882
11.7:  35.99179,-28.29288,274.8524
11.72:  35.80927,-28.11868,274.2167
11.73:  35.62535,-27.947,273.5809
11.75:  35.44064,-27.77838,272.9451
11.77:  35.25386,-27.61164,272.3094
11.78:  35.06416,-27.44603,271.6736
11.8:  34.87388,-27.2836,271.0378
11.82:  34.68191,-27.12338,270.4021
11.83:  34.48497,-26.96469,269.7663
11.85:  34.27867,-26.82202,269.1305
11.87:  34.05329,-26.70195,268.5074
11.88:  33.82477,-26.58198,267.954
11.9:  33.59882,-26.46588,267.4514
11.92:  33.36757,-26.34919,267.0311
11.93:  33.13784,-26.23505,266.6742
11.95:  32.90668,-26.11911,266.4187
11.97:  32.67669,-26.00626,266.3914
11.98:  32.44539,-25.8929,266.364
12:  32.21629,-25.78076,266.3367
12.02:  31.97651,-25.66353,266.3094
12.03:  31.74576,-25.55085,266.282
12.05:  31.51928,-25.44039,266.2547
12.07:  31.28821,-25.32783,266.2274
12.08:  31.05548,-25.21594,266.2
12.1:  30.8283,-25.10555,266.1727
12.12:  30.59453,-24.99208,266.1454
12.13:  30.36473,-24.88068,266.118
12.15:  30.13099,-24.76886,266.0907
12.17:  29.89955,-24.65694,266.0634
12.18:  29.66781,-24.545,266.036
12.2:  29.4372,-24.4314,266.0087
12.22:  29.20528,-24.31965,265.9814
12.23:  28.97424,-24.20843,265.9604
12.25:  28.74185,-24.0967,265.933
12.27:  28.5104,-23.9832,265.9057
12.28:  28.27806,-23.87177,265.8784
12.3:  28.04594,-23.76191,265.851
12.32:  27.81091,-23.65082,265.8237
12.33:  27.5716,-23.53783,265.7964
12.35:  27.34384,-23.42913,265.769
12.37:  27.10909,-23.31858,265.7417
12.38:  26.87612,-23.209,265.7144
12.4:  26.63169,-23.13957,265.687
12.42:  26.37694,-23.07721,265.6597
12.43:  26.12732,-23.01624,265.6324
12.45:  25.8731,-22.97426,265.605
12.47:  25.61614,-22.94175,265.5777
12.48:  25.36281,-22.91224,265.5504
12.5:  25.11193,-22.88554,265.5231
12.52:  24.85853,-22.8733,265.5021
12.53:  24.60691,-22.85884,265.4747
12.55:  24.35863,-22.84708,265.4474
12.57:  24.10372,-22.83267,265.4201
12.58:  23.85162,-22.81611,265.3927
12.6:  23.60174,-22.79981,265.3654
12.62:  23.34763,-22.78581,265.3381
12.63:  23.09371,-22.77195,265.3107
12.65:  22.84238,-22.75837,265.2771
12.67:  22.59153,-22.74496,265.2434
12.68:  22.34245,-22.73183,265.2034
12.7:  22.08105,-22.71823,265.1634
12.72:  21.83064,-22.70785,265.1107
12.73:  21.58311,-22.6955,265.039
12.75:  21.33104,-22.68331,264.9547
12.77:  21.07973,-22.6716,264.8513
12.78:  20.826,-22.66041,264.7098
12.8:  20.57614,-22.64286,264.5558
12.82:  20.32112,-22.62096,264.3573
12.83:  20.06689,-22.60015,264.1271
12.85:  19.813,-22.58057,263.859
12.87:  19.55244,-22.56193,263.5401
12.88:  19.3021,-22.54548,263.2086
12.9:  19.05076,-22.5305,262.858
12.92:  18.79843,-22.51704,262.5011
12.93:  18.54506,-22.50519,262.1252
12.95:  18.28957,-22.49501,261.7302
12.97:  18.0392,-22.48682,261.3226
12.98:  17.78168,-22.48025,260.9087
13:  17.52967,-22.47562,260.5011
13.02:  17.27318,-22.47273,260.0935
13.03:  17.01957,-22.47168,259.6859
13.05:  16.76473,-22.47244,259.2783
13.07:  16.51052,-22.475,258.8707
13.08:  16.24916,-22.47952,258.4567
13.1:  15.99746,-22.48567,258.0491
13.12:  15.7432,-22.49369,257.6415
13.13:  15.49385,-22.50336,257.2276
13.15:  15.24338,-22.51488,256.8137
13.17:  14.98782,-22.52852,256.3934
13.18:  14.73553,-22.54387,255.9668
13.2:  14.4788,-22.56147,255.5275
13.22:  14.22586,-22.58078,255.0818
13.23:  13.9727,-22.56099,254.6299
13.25:  13.72348,-22.5372,254.1716
13.27:  13.46922,-22.51742,253.6942
13.28:  13.22384,-22.4628,253.2232
13.3:  12.98556,-22.39326,252.7332
13.32:  12.74123,-22.32567,252.2306
13.33:  12.49737,-22.25921,251.7089
13.35:  12.25142,-22.19464,251.1745
13.37:  12.00917,-22.13354,250.6212
13.38:  11.76241,-22.07399,250.0298
13.4:  11.51947,-22.01819,249.4003
13.42:  11.26887,-21.96523,248.7012
13.43:  11.01994,-21.91607,247.9386
13.45:  10.76937,-21.86876,247.1571
13.47:  10.51752,-21.82613,246.3755
13.48:  10.26064,-21.78624,245.594
13.5:  10.00902,-21.75068,244.8125
13.52:  9.757766,-21.71866,244.0309
13.53:  9.505708,-21.69003,243.2494
13.55:  9.254346,-21.66494,242.4679
13.57:  8.99347,-21.64249,241.6863
13.58:  8.744788,-21.62318,240.9048
13.6:  8.49306,-21.60842,240.1232
13.62:  8.238504,-21.60244,239.3417
13.63:  7.988973,-21.60202,238.5602
13.65:  7.732924,-21.60509,237.7786
13.67:  7.479905,-21.61158,236.9971
13.68:  7.225154,-21.62159,236.2155
13.7:  6.974546,-21.63486,235.434
13.72:  6.721472,-21.65172,234.6525
13.73:  6.467365,-21.67004,233.8709
13.75:  6.215983,-21.6937,233.0894
13.78:  5.963266,-21.71886,232.3078
13.8:  5.708993,-21.74766,231.5326
13.82:  5.461794,-21.78118,230.7448
13.83:  5.203339,-21.81764,229.9632
13.85:  4.955746,-21.85603,229.1817
13.87:  4.708385,-21.89784,228.4001
13.88:  4.456198,-21.94402,227.6186
13.9:  4.206743,-21.99535,226.8371
13.92:  3.962898,-22.04901,226.0555
13.93:  3.723818,-22.09704,225.274
13.95:  3.578935,-22.17806,224.4924
13.97:  3.484174,-22.27718,223.7109
13.98:  3.473315,-22.46445,222.9294
14:  3.51569,-22.69552,222.1478
14.02:  3.596616,-22.93674,221.3599
14.03:  3.699496,-23.14769,220.572
14.05:  3.842635,-23.34942,219.7842
14.07:  4.014991,-23.53353,218.9963
14.08:  4.203446,-23.70739,218.2084
14.1:  4.387472,-23.86932,217.4205
14.12:  4.573916,-24.03207,216.6326
14.13:  4.766419,-24.19549,215.8448
14.15:  4.963305,-24.35803,215.0569
14.17:  5.158673,-24.51485,214.269
14.18:  5.353046,-24.66652,213.4811
14.2:  5.553233,-24.81835,212.6933
14.22:  5.752141,-24.96495,211.9054
14.23:  5.959273,-25.11022,211.1175
14.25:  6.169533,-25.25643,210.3296
14.27:  6.376684,-25.39629,209.5417
14.28:  6.584614,-25.53256,208.7539
14.3:  6.797179,-25.66772,207.966
14.32:  7.016045,-25.78557,207.1781
14.33:  7.240264,-25.89683,206.3902
14.35:  7.46676,-26.00536,205.6024
14.37:  7.688465,-26.10787,204.8145
14.38:  7.919351,-26.21079,204.0266
14.4:  8.149127,-26.30946,203.2387
14.42:  8.377808,-26.40395,202.4508
14.43:  8.612366,-26.49712,201.663
14.45:  8.846323,-26.58634,200.8751
14.47:  9.080819,-26.6721,200.0872
14.48:  9.316216,-26.75453,199.2993
14.5:  9.555074,-26.8345,198.5114
14.52:  9.797176,-26.91188,197.7236
14.53:  10.03164,-26.98327,196.9357
14.55:  10.27077,-27.05251,196.1478
14.57:  10.50969,-27.11814,195.3599
14.58:  10.7614,-27.18357,194.5721
14.6:  10.99734,-27.24146,193.7842
14.62:  11.24113,-27.29772,192.9963
14.63:  11.48467,-27.35042,192.2084
14.65:  11.72925,-27.39982,191.4205
14.67:  11.97609,-27.44617,190.6327
14.68:  12.22214,-27.48886,189.8448
14.7:  12.46935,-27.52827,189.0569
14.72:  12.71626,-27.56415,188.269
14.73:  12.96381,-27.59666,187.4811
14.75:  13.2119,-27.62577,186.6933
14.77:  13.46125,-27.65157,185.9054
14.78:  13.70926,-27.67378,185.1175
14.8:  13.9601,-27.69277,184.3296
14.82:  14.20884,-27.70816,183.5417
14.83:  14.45703,-27.7201,182.7539
14.85:  14.70862,-27.72874,181.966
14.87:  14.95804,-27.73387,181.1781
14.88:  15.20782,-27.73557,180.3902
14.9:  15.45653,-27.73384,179.6024
14.92:  15.70949,-27.72861,178.8145
14.93:  15.95634,-27.7201,178.0266
14.95:  16.20753,-27.70799,177.2387
14.97:  16.45787,-27.69246,176.4509
14.98:  16.70617,-27.67363,175.663
15:  16.95262,-27.65153,174.8751
15.02:  17.20437,-27.62545,174.0872
15.03:  17.45257,-27.59629,173.2993
15.05:  17.69996,-27.56377,172.5115
15.07:  17.94647,-27.52792,171.7236
15.08:  18.20104,-27.4873,170.9357
15.1:  18.44647,-27.44468,170.1478
15.12:  18.68869,-27.39917,169.3599
15.13:  18.93203,-27.34999,168.5721
15.15:  19.18128,-27.29602,167.7842
15.17:  19.42391,-27.23999,166.9963
15.18:  19.66244,-27.18144,166.2084
15.2:  19.90698,-27.11784,165.4205
15.22:  20.14535,-27.05232,164.6327
15.23:  20.38603,-26.9826,163.8448
15.25:  20.63136,-26.90786,163.0569
15.27:  20.86833,-26.8321,162.269
15.28:  21.1013,-26.75406,161.4811
15.3:  21.33941,-26.67064,160.6933
15.32:  21.57116,-26.58586,159.9054
15.33:  21.80548,-26.49647,159.1175
15.35:  22.03721,-26.40438,158.3296
15.37:  22.26799,-26.30899,157.5417
15.38:  22.49424,-26.21181,156.7539
15.4:  22.72378,-26.10944,155.966
15.42:  22.95183,-26.00397,155.1781
15.43:  23.17727,-25.8959,154.3902
15.45:  23.40112,-25.7848,153.6024
15.47:  23.62394,-25.67035,152.8145
15.48:  23.84403,-25.55346,152.0266
15.5:  24.06432,-25.43255,151.2387
15.52:  24.2808,-25.30983,150.4508
15.53:  24.49605,-25.18386,149.663
15.55:  24.71115,-25.05397,148.8751
15.57:  24.92273,-24.92221,148.0872
15.58:  25.1333,-24.78702,147.2993
15.6:  25.34198,-24.64896,146.5114
15.62:  25.54853,-24.50818,145.7236
15.63:  25.75142,-24.36578,144.9357
15.65:  25.95395,-24.21943,144.1478
15.67:  26.15429,-24.07042,143.3599
15.68:  26.35243,-23.91878,142.5721
15.7:  26.54921,-23.76384,141.7842
15.72:  26.7429,-23.60698,140.9963
15.73:  26.93541,-23.44663,140.2084
15.75:  27.12554,-23.28379,139.4205
15.77:  27.32605,-23.13026,138.6326
15.78:  27.53472,-22.99063,137.8448
15.8:  27.75911,-22.87215,137.0569
15.82:  27.9914,-22.77178,136.269
15.83:  28.22694,-22.69431,135.4811
15.85:  28.46494,-22.6182,134.6932
15.87:  28.7008,-22.54268,133.9054
15.88:  28.93564,-22.4639,133.1175
15.9:  29.17145,-22.37995,132.3296
15.92:  29.40605,-22.2963,131.5417
15.93:  29.64895,-22.22092,130.7538
15.95:  29.89164,-22.15612,129.966
15.97:  30.12991,-22.09189,129.1781
15.98:  30.36941,-22.02378,128.3902
16:  30.60654,-21.95281,127.6023
16.02:  30.84296,-21.87849,126.8145
16.03:  31.08157,-21.80046,126.0266
16.05:  31.31794,-21.71953,125.2387
16.07:  31.55865,-21.63124,124.4508
16.08:  31.78801,-21.54561,123.6629
16.1:  32.02194,-21.45458,122.8751
16.12:  32.2547,-21.3603,122.0872
16.13:  32.48533,-21.26318,121.2993
16.15:  32.71095,-21.17448,120.5114
16.17:  32.94324,-21.08944,119.7235
16.18:  33.17836,-21.00369,118.9357
16.2:  33.41442,-20.92675,118.1478
16.22:  33.66013,-20.867,117.3599
16.23:  33.90273,-20.82092,116.572
16.25:  34.14425,-20.78056,115.7841
16.27:  34.38937,-20.73961,114.9963
16.28:  34.63387,-20.69467,114.2084
16.3:  34.88076,-20.64925,113.4205
16.32:  35.13223,-20.61327,112.6326
16.33:  35.37934,-20.59616,111.8448
16.35:  35.6339,-20.58374,111.0569
16.37:  35.88548,-20.59335,110.269
16.38:  36.1416,-20.62135,109.4811
16.4:  36.39176,-20.66446,108.6932
16.42:  36.63749,-20.71558,107.9054
16.43:  36.87967,-20.77989,107.1175
16.45:  37.11908,-20.84749,106.3296
16.47:  37.36,-20.91449,105.5417
16.48:  37.60257,-20.97837,104.7538
16.5:  37.8459,-21.03889,103.966
16.52:  38.08739,-21.09543,103.1781
16.55:  38.3317,-21.1491,102.3902
16.57:  38.57508,-21.19907,101.6023
16.58:  38.82133,-21.24611,100.8144
16.6:  39.06936,-21.30006,100.0266
16.62:  39.31086,-21.35655,99.23868
16.63:  39.55556,-21.41025,98.4508
16.65:  39.79959,-21.46029,97.66292
16.67:  40.0451,-21.50713,96.87504
16.68:  40.29282,-21.55087,96.08717
16.7:  40.53906,-21.59086,95.29929
16.72:  40.78967,-21.61063,94.51141
16.73:  41.04033,-21.62695,93.72353
16.75:  41.28977,-21.62751,92.93565
16.77:  41.54154,-21.59031,92.14777
16.78:  41.79078,-21.5373,91.35989
16.8:  42.03553,-21.47383,90.57201
16.82:  42.28263,-21.40612,89.78412
16.83:  42.52531,-21.33601,88.99625
16.85:  42.7659,-21.26224,88.20837
16.87:  43.0059,-21.18502,87.42049
16.88:  43.24468,-21.10456,86.63261
16.9:  43.48647,-21.02073,85.84473
16.92:  43.73156,-20.95028,85.05685
16.93:  43.9756,-20.89148,84.26897
16.95:  44.22409,-20.85317,83.48109
16.97:  44.47135,-20.82147,82.69321
16.98:  44.71746,-20.78646,81.90533
17:  44.96658,-20.74753,81.11745
17.02:  45.21663,-20.71991,80.32957
17.03:  45.46861,-20.71793,79.54169
17.05:  45.72694,-20.7395,78.75381
17.07:  45.97166,-20.77704,77.96594
17.08:  46.21849,-20.82842,77.17806
17.1:  46.46633,-20.8877,76.39018
17.12:  46.71441,-20.94568,75.6023
17.13:  46.96223,-21.00002,74.81443
17.15:  47.20694,-21.0491,74.02656
17.17:  47.45919,-21.09719,73.23867
17.18:  47.70656,-21.13976,72.45079
17.2:  47.95258,-21.17863,71.66291
17.22:  48.20333,-21.21694,70.87504
17.23:  48.45086,-21.2491,70.08715
17.25:  48.69995,-21.27799,69.29927
17.27:  48.95081,-21.30359,68.5114
17.28:  49.20073,-21.32562,67.72352
17.3:  49.45214,-21.34431,66.93565
17.32:  49.70158,-21.35941,66.14776
17.33:  49.95282,-21.37115,65.35989
17.35:  50.20237,-21.37938,64.572
17.37:  50.453,-21.38532,63.78413
17.38:  50.70164,-21.3878,62.99625
17.4:  50.95115,-21.38902,62.20837
17.42:  51.2005,-21.38681,61.4205
17.43:  51.44941,-21.38119,60.63262
17.45:  51.70108,-21.37203,59.84474
17.47:  51.95261,-21.35827,59.05686
17.48:  52.20296,-21.34226,58.26898
17.5:  52.45388,-21.32159,57.4811
17.52:  52.70174,-21.29889,56.69323
17.53:  52.95187,-21.26915,55.90534
17.55:  53.19849,-21.2397,55.11747
17.57:  53.4464,-21.20444,54.32959
17.58:  53.69618,-21.20525,53.54171
17.6:  53.94443,-21.22858,52.75383
17.62:  54.19398,-21.24857,51.96595
17.63:  54.4412,-21.26662,51.17807
17.65:  54.69039,-21.30934,50.3902
17.67:  54.93388,-21.36033,49.60232
17.68:  55.17674,-21.40771,48.81444
17.7:  55.41905,-21.45153,48.02656
17.72:  55.66462,-21.49246,47.23868
17.73:  55.90705,-21.5314,46.4508
17.75:  56.15215,-21.56732,45.66292
17.77:  56.39681,-21.59974,44.87504
17.78:  56.6421,-21.62882,44.08717
17.8:  56.88802,-21.65456,43.29929
17.82:  57.1324,-21.67674,42.51141
17.83:  57.37856,-21.69567,41.72353
17.85:  57.62156,-21.71835,40.93565
17.87:  57.86622,-21.77408,40.14777
17.88:  58.11055,-21.82621,39.35989
17.9:  58.35765,-21.87539,38.57201
17.92:  58.60537,-21.92116,37.78413
17.93:  58.85466,-21.96482,36.99625
17.95:  59.10149,-22.00457,36.20837
17.97:  59.35257,-22.04033,35.4205
17.98:  59.6021,-22.07349,34.63262
18:  59.85542,-22.10363,33.84474
18.02:  60.10632,-22.12885,33.05686
18.03:  60.35807,-22.1518,32.26898
18.05:  60.60678,-22.16991,31.4811
18.07:  60.85834,-22.18476,30.69322
18.08:  61.11138,-22.19733,29.90535
18.1:  61.36464,-22.20642,29.11747
18.12:  61.61592,-22.21087,28.32959
18.13:  61.86471,-22.21185,27.54171
18.15:  62.1207,-22.21048,26.75383
18.17:  62.36893,-22.20463,25.96595
18.18:  62.62069,-22.19743,25.17807
18.2:  62.87162,-22.18461,24.39019
18.22:  63.12155,-22.1695,23.60231
18.23:  63.3752,-22.15287,22.81444
18.25:  63.62543,-22.13301,22.02656
18.27:  63.87489,-22.10975,21.23868
18.28:  64.12311,-22.12083,20.4508
18.3:  64.37072,-22.12847,19.66292
18.32:  64.62032,-22.13349,18.87504
18.33:  64.86516,-22.13662,18.08716
18.35:  65.11367,-22.13638,17.29928
18.37:  65.35958,-22.13276,16.51141
18.38:  65.60689,-22.12572,15.72353
18.4:  65.85244,-22.11769,14.93565
18.42:  66.09921,-22.11163,14.14777
18.43:  66.34772,-22.12005,13.35989
18.45:  66.59496,-22.12501,12.57201
18.47:  66.83903,-22.12847,11.78413
18.48:  67.08507,-22.12904,10.99625
18.5:  67.33376,-22.12619,10.20837
18.52:  67.57976,-22.11999,9.420497
18.53:  67.82613,-22.11039,8.632618
18.55:  68.07384,-22.09975,7.844739
18.57:  68.32179,-22.08568,7.05686
18.58:  68.56466,-22.07333,6.268981
18.6:  68.81428,-22.07524,5.481102
18.62:  69.06796,-22.07369,4.693223
18.63:  69.31701,-22.06875,3.905345
18.65:  69.56805,-22.06031,3.117466
18.67:  69.81885,-22.04843,2.329587
18.68:  70.06905,-22.03312,1.541708
18.7:  70.31808,-22.01423,0.7538291
18.72:  70.56523,-21.99206,359.9659
18.73:  70.81181,-21.96652,359.1781
18.75:  71.05901,-21.93747,358.3902
18.77:  71.30544,-21.90507,357.6023
18.78:  71.55205,-21.86919,356.8144
18.8:  71.79742,-21.83004,356.0266
18.82:  72.04315,-21.78736,355.2387
18.83:  72.29226,-21.76316,354.4508
18.85:  72.53904,-21.73575,353.6629
18.87:  72.78754,-21.70469,352.875
18.88:  73.03703,-21.68974,352.0872
18.9:  73.29336,-21.7101,351.2993
18.92:  73.54768,-21.77446,350.5114
18.93:  73.79078,-21.87527,349.7235
18.95:  74.01132,-22.01538,348.9356
18.97:  74.21865,-22.17575,348.1478
18.98:  74.41915,-22.34565,347.3599
19:  74.62306,-22.51367,346.572
19.02:  74.8294,-22.67899,345.7841
19.03:  75.03999,-22.8449,344.9962
19.05:  75.2509,-23.00456,344.2084
19.07:  75.46304,-23.1606,343.4205
19.08:  75.67976,-23.31125,342.6326
19.1:  75.90542,-23.43323,341.8447
19.12:  76.14942,-23.51579,341.0569
19.13:  76.3978,-23.55872,340.269
19.15:  76.65284,-23.55256,339.4811
19.17:  76.89996,-23.49826,338.6932
19.18:  77.13075,-23.40457,337.9053
19.2:  77.36247,-23.30677,337.1175
19.22:  77.56588,-23.15399,336.3296
19.23:  77.7489,-22.96473,335.5417
19.25:  77.90648,-22.76617,334.7538
19.27:  78.04861,-22.55121,333.9659
19.28:  78.17451,-22.33408,333.1781
19.3:  78.29301,-22.11064,332.3902
19.32:  78.41057,-21.88141,331.6023
19.33:  78.52387,-21.65278,330.8144
19.35:  78.63468,-21.42124,330.0266
19.37:  78.74053,-21.18722,329.2386
19.38:  78.84075,-20.95376,328.4508
19.4:  78.94119,-20.71954,327.6629
19.42:  79.0354,-20.48229,326.875
19.43:  79.12853,-20.24197,326.0871
19.45:  79.21681,-19.99879,325.2993
19.47:  79.30145,-19.75523,324.5114
19.48:  79.3828,-19.51035,323.7235
19.5:  79.45869,-19.26625,322.9356
19.52:  79.4927,-19.00903,322.1477
19.53:  79.523,-18.75276,321.3599
19.55:  79.54983,-18.49572,320.572
19.57:  79.57301,-18.23947,319.7841
19.58:  79.59287,-17.98011,318.9962
19.6:  79.61058,-17.7258,318.2083
19.62:  79.62321,-17.46783,317.4205
19.63:  79.63229,-17.21003,316.6326
19.65:  79.63953,-16.95425,315.8447
19.67:  79.64325,-16.69758,315.0568
19.68:  79.64522,-16.44028,314.269
19.7:  79.64544,-16.18708,313.4811
19.72:  79.64398,-15.93491,312.6932
19.73:  79.64091,-15.68675,311.9053
19.75:  79.63624,-15.43892,311.1174
19.77:  79.6282,-15.19184,310.3359
19.78:  79.61667,-14.94195,309.5544
19.8:  79.60344,-14.69297,308.7791
19.82:  79.58726,-14.44578,308.0293
19.83:  79.60088,-14.19826,307.3112
19.85:  79.62775,-13.95347,306.6437
19.87:  79.65205,-13.70918,306.0586
19.88:  79.67819,-13.46004,305.594
19.9:  79.70123,-13.21455,305.2498
19.92:  79.7233,-12.97231,305.0893
19.93:  79.74699,-12.72376,305.0493
19.95:  79.77069,-12.47465,305.041
19.97:  79.79272,-12.2304,305.041
19.98:  79.8185,-11.98504,305.1064
20:  79.84309,-11.73876,305.3048
20.02:  79.87125,-11.49586,305.7251
20.03:  79.90208,-11.25157,306.3038
20.05:  79.93787,-11.00832,306.9776
20.07:  79.97469,-10.7633,307.6577
20.08:  80.0147,-10.51688,308.3315
20.1:  80.05408,-10.27457,308.6187
20.12:  80.09443,-10.03401,308.6334
20.13:  80.13352,-9.79384,308.6334
20.15:  80.17475,-9.548135,308.6353
20.17:  80.21763,-9.305614,308.6373
20.18:  80.25839,-9.062813,308.6393
20.2:  80.29788,-8.820397,308.6413
20.22:  80.33712,-8.579576,308.6433
20.23:  80.37455,-8.33662,308.6453
20.25:  80.40827,-8.089852,308.6472
20.27:  80.4415,-7.840682,308.6556
20.28:  80.47295,-7.589043,308.6576
20.3:  80.50608,-7.34068,308.6595
20.32:  80.53768,-7.087935,308.6615
20.33:  80.56904,-6.837245,308.6635
20.35:  80.59843,-6.585485,308.6655
20.37:  80.628,-6.332353,308.6675
20.38:  80.65752,-6.079662,308.6695
20.4:  80.68707,-5.826849,308.6714
20.42:  80.7151,-5.575837,308.6734
20.43:  80.74311,-5.325148,308.6754
20.45:  80.77265,-5.07265,308.6774
20.47:  80.80065,-4.822187,308.6794
20.48:  80.82861,-4.572206,308.6813
20.5:  80.85655,-4.322374,308.6833
20.52:  80.88481,-4.069891,308.6853
20.53:  80.91486,-3.820266,308.6936
20.55:  80.94463,-3.573223,308.6956
20.57:  80.97642,-3.320206,308.6976
20.58:  81.00776,-3.070911,308.6996
20.6:  81.03787,-2.821127,308.7016
20.62:  81.06947,-2.569932,308.7036
20.63:  81.10108,-2.318634,308.7055
20.65:  81.13245,-2.069351,308.7075
20.67:  81.16242,-1.821035,308.7095
20.68:  81.19271,-1.57015,308.7115
20.7:  81.22081,-1.32019,308.7134
20.72:  81.24708,-1.068016,308.7154
20.73:  81.24003,-0.8133203,308.7174
20.75:  81.22075,-0.5587716,308.7194
20.77:  81.20139,-0.3032109,308.7214
20.78:  81.13849,-0.06026876,308.7234
20.8:  81.06918,0.1899082,308.7253
20.82:  80.99932,0.4421642,308.7336
20.83:  80.93023,0.6917241,308.7356
20.85:  80.85912,0.9411392,308.7376
20.87:  80.78957,1.192373,308.7396
20.88:  80.72084,1.440852,308.7479
20.9:  80.6515,1.691538,308.7499
20.92:  80.58176,1.943723,308.7519
20.93:  80.51129,2.191135,308.7538
20.95:  80.4418,2.442487,308.7558
20.97:  80.37162,2.688943,308.7578
20.98:  80.302,2.940817,308.7598
21:  80.23301,3.190445,308.7618
21.02:  80.16221,3.439282,308.7701
21.03:  80.09118,3.689084,308.7784
21.05:  80.02185,3.940256,308.7804
21.07:  79.95329,4.188701,308.7823
21.08:  79.88213,4.439053,308.7843
21.1:  79.81203,4.685682,308.7863
21.12:  79.74256,4.937497,308.7883
21.13:  79.67341,5.188187,308.7903
21.15:  79.60432,5.438715,308.7923
21.17:  79.53486,5.69058,308.7943
21.18:  79.46628,5.939271,308.7943
21.2:  79.39715,6.189994,308.7962
21.22:  79.32815,6.440284,308.7982
21.23:  79.25725,6.689998,308.8002
21.25:  79.18856,6.939208,308.8022
21.27:  79.11809,7.187451,308.8041
21.28:  79.04895,7.438377,308.8061
21.3:  78.97806,7.688178,308.8081
21.32:  78.90794,7.935305,308.8101
21.33:  78.83855,8.187241,308.8121
21.35:  78.76812,8.435474,308.814
21.37:  78.69964,8.684306,308.8224
21.38:  78.62889,8.933855,308.8243
21.4:  78.55832,9.182833,308.8263
21.42:  78.48927,9.433791,308.8283
21.43:  78.41863,9.683074,308.8303
21.45:  78.35034,9.931376,308.8322
21.47:  78.27971,10.18068,308.8342
21.48:  78.21054,10.43223,308.8362
21.5:  78.14147,10.68345,308.8382
21.52:  78.07315,10.93198,308.8402
21.53:  78.004,11.18356,308.8422
21.55:  77.93555,11.43262,308.8441
21.57:  77.86653,11.6838,308.8461
21.58:  77.79619,11.93233,308.8481
21.6:  77.72552,12.18202,308.8501
21.62:  77.65492,12.43153,308.8521
21.63:  77.58485,12.67917,308.854
21.65:  77.51458,12.92759,308.856
21.67:  77.44552,13.17913,308.858
21.68:  77.37566,13.42611,308.86
21.7:  77.30661,13.67779,308.8683
21.72:  77.2363,13.92872,308.8703
21.73:  77.16312,14.18457,308.8723
21.75:  77.09091,14.43717,308.8806
21.77:  76.99091,14.67186,308.8825
21.78:  76.88551,14.90787,308.8845
21.8:  76.77842,15.14497,308.8865
21.82:  76.67098,15.38286,308.8885
21.83:  76.56521,15.61977,308.8905
21.87:  76.45773,15.85779,308.8925
21.88:  76.35086,16.09449,308.8944
21.9:  76.24129,16.33183,308.8964
21.92:  76.13261,16.56727,308.8984
21.93:  76.02454,16.80142,308.9004
21.95:  75.91701,17.03702,308.9023
21.97:  75.80952,17.27253,308.9043
21.98:  75.70208,17.51063,308.9063
22:  75.59531,17.74725,308.9083
22.02:  75.48995,17.98346,308.9102
22.03:  75.38056,18.22058,308.9122
22.05:  75.27277,18.45426,308.9142
22.07:  75.16394,18.69022,308.9162
22.08:  75.05661,18.92553,308.9162
22.1:  74.94533,19.15638,308.9162
22.12:  74.80175,19.33566,308.9162
22.13:  74.65175,19.45677,308.9162
22.15:  74.52593,19.55832,308.9079
22.17:  74.4109,19.56878,308.8869
22.18:  74.32607,19.49852,308.8088
22.2:  74.23187,19.3803,308.547
22.22:  74.12305,19.24126,308.0507
22.23:  74.00748,19.0526,307.2628
22.25:  73.95963,18.81054,306.4749
22.27:  73.94785,18.55056,305.687
22.28:  73.94104,18.29257,304.8992
22.3:  73.93779,18.03473,304.1113
22.32:  73.93808,17.77744,303.3234
22.33:  73.98802,17.52742,302.5355
22.35:  74.04356,17.27646,301.7477
22.37:  74.10198,17.02864,300.9598
22.38:  74.1815,16.78279,300.1719
22.4:  74.27827,16.54582,299.384
22.42:  74.37852,16.30962,298.5961
22.43:  74.48214,16.07458,297.8082
22.45:  74.58808,15.8383,297.0204
22.47:  74.70986,15.60905,296.2325
22.48:  74.85999,15.39736,295.4446
22.5:  75.04426,15.21008,294.6567
22.52:  75.24379,15.04945,293.8688
22.53:  75.46043,14.91982,293.081
22.55:  75.69073,14.8254,292.2931
22.57:  75.92355,14.73366,291.5052
22.58:  76.1669,14.67072,290.7173
22.6:  76.41605,14.64262,289.9294
22.62:  76.66716,14.62793,289.1416
22.63:  76.92029,14.62674,288.3537
22.65:  77.1698,14.63285,287.5658
22.67:  77.42091,14.62618,286.7779
22.68:  77.6684,14.58327,285.9901
22.7:  77.90933,14.5178,285.2021
22.72:  78.15093,14.45571,284.4143
22.73:  78.39626,14.39624,283.6264
22.75:  78.639,14.34092,282.8385
22.77:  78.88258,14.28891,282.0507
22.78:  79.12927,14.23979,281.2628
22.8:  79.37374,14.19459,280.4749
22.82:  79.62106,14.15232,279.6997
22.83:  79.86765,14.11345,278.9562
22.85:  80.11686,14.07737,278.238
22.87:  80.36246,14.04476,277.5642
22.88:  80.6097,14.01452,276.9728
22.9:  80.85949,13.98602,276.5082
22.92:  81.10765,13.95908,276.1956
22.93:  81.35757,13.96461,276.0669
22.95:  81.60726,14.00691,276.0269
22.97:  81.83727,14.10374,276.0059
22.98:  82.0431,14.24809,275.9849
23:  82.20248,14.43721,275.9639
23.02:  82.2927,14.66086,275.9429
23.03:  82.2927,14.66086,275.9219
23.05:  82.2927,14.66086,275.9009
23.07:  82.2927,14.66086,275.8799
23.08:  82.2927,14.66086,275.8589
23.1:  82.2927,14.66086,275.838
23.12:  82.2927,14.66086,275.817
23.13:  82.2927,14.66086,275.796
23.15:  82.2927,14.66086,275.7813
23.17:  82.2927,14.66086,275.7603
23.18:  82.2927,14.66086,275.7393
23.2:  82.2927,14.66086,275.7183
23.22:  82.2927,14.66086,275.6973
23.23:  82.2927,14.66086,275.6763
23.25:  82.2927,14.66086,275.6553
23.27:  82.2927,14.66086,275.6343
23.28:  82.2927,14.66086,275.6133
23.3:  82.2927,14.66086,275.5923
23.32:  82.2927,14.66086,275.565
23.33:  82.2927,14.66086,275.544
23.35:  82.2927,14.66086,275.5167
23.37:  82.2927,14.66086,275.483
23.38:  82.2927,14.66086,275.4494
23.4:  82.2927,14.66086,275.4094
23.42:  82.2927,14.66086,275.3694
23.43:  82.2927,14.66086,275.3293
23.45:  82.2927,14.66086,275.283
23.47:  82.2927,14.66086,275.243
23.48:  82.2927,14.66086,275.2156
23.5:  82.2927,14.66086,275.1947
23.52:  82.2927,14.66086,275.1673
23.53:  82.2927,14.66086,275.14
23.55:  82.2927,14.66086,275.1127
23.57:  82.2927,14.66086,275.0853
23.58:  82.2927,14.66086,275.058
23.6:  82.2927,14.66086,275.0307
23.62:  82.2927,14.66086,275.0033
23.63:  82.2927,14.66086,274.976
23.65:  82.2927,14.66086,274.955
23.67:  82.2927,14.66086,274.9277
23.68:  82.2927,14.66086,274.9004
23.7:  82.2927,14.66086,274.873
23.72:  82.2927,14.66086,274.8457
23.73:  82.2927,14.66086,274.812
23.75:  82.2927,14.66086,274.791
23.77:  82.2927,14.66086,274.7637
23.78:  82.2927,14.66086,274.7364
23.8:  82.2927,14.66086,274.709
23.82:  82.2927,14.66086,274.6817
23.83:  82.2927,14.66086,274.6544
23.85:  82.2927,14.66086,274.627
23.87:  82.2927,14.66086,274.5997
23.88:  82.2927,14.66086,274.5787
23.9:  82.2927,14.66086,274.5514
23.92:  82.2927,14.66086,274.524
23.93:  82.2927,14.66086,274.5031
23.95:  82.2927,14.66086,274.4757
23.97:  82.2927,14.66086,274.4484
23.98:  82.2927,14.66086,274.4274
24:  82.2927,14.66086,274.4064
24.02:  82.2927,14.66086,274.3791
24.03:  82.2927,14.66086,274.3517
24.05:  82.2927,14.66086,274.3244
24.07:  82.2927,14.66086,274.2971
24.08:  82.2927,14.66086,274.2697
24.1:  82.2927,14.66086,274.2424
24.12:  82.2927,14.66086,274.2151
24.13:  82.2927,14.66086,274.1877
24.15:  82.2927,14.66086,274.1604
24.17:  82.2927,14.66086,274.1331
24.18:  82.2927,14.66086,274.1057
