ParticipantNo: 11014
Training Level:
0.02:  82.7,18.5,270
0.04:  82.7,18.5,270
0.06:  82.7,18.5,270
0.08:  82.7,18.5,270
0.1:  82.7,18.5,270
0.11:  82.7,18.5,270
0.13:  82.7,18.5,270
0.15:  82.7,18.5,270
0.16:  82.7,18.5,270
0.18:  82.7,18.5,270
0.2:  82.7,18.5,270
0.21:  82.7,18.5,270
0.23:  82.7,18.5,270
0.25:  82.7,18.5,270
0.26:  82.7,18.5,270
0.28:  82.7,18.5,270
0.3:  82.7,18.5,270
0.31:  82.7,18.5,270
0.33:  82.7,18.5,270
0.35:  82.7,18.5,270
0.36:  82.7,18.5,270
0.38:  82.7,18.5,270
0.4:  82.7,18.5,270
0.41:  82.7,18.5,270
0.43:  82.7,18.5,270
0.45:  82.7,18.5,270
0.46:  82.7,18.5,270
0.48:  82.7,18.5,270
0.5:  82.7,18.5,270
0.51:  82.7,18.5,270
0.53:  82.7,18.5,270
0.55:  82.7,18.5,270
0.56:  82.7,18.5,270
0.58:  82.7,18.5,270
0.6:  82.7,18.5,270
0.61:  82.7,18.5,270
0.63:  82.7,18.5,270
0.65:  82.7,18.5,270
0.66:  82.7,18.5,270
0.68:  82.7,18.5,270
0.7:  82.7,18.5,270
0.71:  82.7,18.5,270
0.73:  82.7,18.5,270
0.75:  82.7,18.5,270
0.76:  82.7,18.5,270
0.78:  82.7,18.5,270
0.8:  82.7,18.5,270
0.81:  82.7,18.5,270
0.83:  82.7,18.5,270
0.85:  82.7,18.5,270
0.86:  82.7,18.5,270
0.88:  82.7,18.5,270
0.9:  82.7,18.5,270
0.91:  82.7,18.5,270
0.93:  82.7,18.5,270
0.95:  82.7,18.5,270
0.96:  82.7,18.5,270
0.98:  82.7,18.5,270
1:  82.7,18.5,270
1.01:  82.7,18.5,270
1.03:  82.7,18.5,270
1.05:  82.7,18.5,270
1.06:  82.7,18.5,270
1.08:  82.7,18.5,270
1.1:  82.7,18.5,270
1.11:  82.7,18.5,270
1.13:  82.7,18.5,270
1.15:  82.7,18.5,270
1.16:  82.7,18.5,270
1.18:  82.7,18.5,270
1.2:  82.7,18.5,270
1.21:  82.7,18.5,270
1.23:  82.7,18.5,270
1.25:  82.7,18.5,270
1.26:  82.7,18.5,270
1.28:  82.7,18.5,270
1.3:  82.7,18.5,270
1.31:  82.7,18.5,270
1.33:  82.7,18.5,270
1.35:  82.7,18.5,270
1.36:  82.7,18.5,270
1.38:  82.7,18.5,270
1.4:  82.7,18.5,270
1.41:  82.7,18.5,270
1.43:  82.7,18.5,270
1.45:  82.7,18.5,270
1.46:  82.7,18.5,270
1.48:  82.7,18.5,270
1.5:  82.7,18.5,270
1.51:  82.7,18.5,270
1.53:  82.7,18.5,270
1.55:  82.7,18.5,270
1.56:  82.7,18.5,270
1.58:  82.7,18.5,270
1.6:  82.7,18.5,270
1.61:  82.7,18.5,270
1.63:  82.7,18.5,270
1.65:  82.7,18.5,270
1.66:  82.7,18.5,270
1.68:  82.7,18.5,270
1.7:  82.7,18.5,270
1.71:  82.7,18.5,270
1.73:  82.7,18.5,270
1.75:  82.7,18.5,270
1.76:  82.7,18.5,270
1.78:  82.7,18.5,270
1.8:  82.7,18.5,270
1.81:  82.7,18.5,270
1.83:  82.7,18.5,270
1.85:  82.7,18.5,270
1.86:  82.7,18.5,270
1.88:  82.7,18.5,270
1.9:  82.7,18.5,270
1.91:  82.7,18.5,270
1.93:  82.7,18.5,270
1.95:  82.7,18.5,270
1.96:  82.7,18.5,270
1.98:  82.7,18.5,270
2:  82.7,18.5,270
2.01:  82.7,18.5,270
2.03:  82.7,18.5,270
2.05:  82.7,18.5,270
2.06:  82.7,18.5,270
2.08:  82.7,18.5,270
2.1:  82.7,18.5,270
2.11:  82.7,18.5,270
2.13:  82.7,18.5,270
2.15:  82.7,18.5,270
2.16:  82.7,18.5,270
2.18:  82.7,18.5,270
2.2:  82.7,18.5,270
2.21:  82.7,18.5,270
2.23:  82.7,18.5,270
2.25:  82.7,18.5,270
2.26:  82.7,18.5,270
2.28:  82.7,18.5,270
2.3:  82.7,18.5,270
2.31:  82.7,18.5,270
2.33:  82.7,18.5,270
2.35:  82.7,18.5,270
2.36:  82.7,18.5,270
2.38:  82.7,18.5,270
2.4:  82.7,18.5,270
2.41:  82.7,18.5,270
2.43:  82.7,18.5,270
2.45:  82.7,18.5,270
2.46:  82.7,18.5,270
2.48:  82.7,18.5,270
2.5:  82.7,18.5,270
2.51:  82.7,18.5,270
2.53:  82.7,18.5,270
2.55:  82.7,18.5,270
2.56:  82.7,18.5,270
2.58:  82.7,18.5,270
2.6:  82.7,18.5,270
2.61:  82.7,18.5,270
2.63:  82.7,18.5,270
2.65:  82.7,18.5,270
2.66:  82.7,18.5,270
2.68:  82.7,18.5,270
2.7:  82.7,18.5,270
2.71:  82.7,18.5,270
2.73:  82.7,18.5,270
2.75:  82.7,18.5,270
2.76:  82.7,18.5,270
2.78:  82.7,18.5,270
2.8:  82.7,18.5,270
2.81:  82.7,18.5,270
2.83:  82.7,18.5,270
2.85:  82.7,18.5,270
2.86:  82.7,18.5,270
2.88:  82.7,18.5,270
2.9:  82.7,18.5,270
2.91:  82.7,18.5,270
2.93:  82.7,18.5,270
2.95:  82.7,18.5,270
2.96:  82.7,18.5,270
2.98:  82.7,18.5,270
3:  82.7,18.5,270
3.01:  82.7,18.5,270
3.03:  82.7,18.5,270
3.05:  82.7,18.5,270
3.06:  82.7,18.5,270
3.08:  82.7,18.5,270
3.1:  82.7,18.5,270
3.11:  82.7,18.5,270
3.13:  82.7,18.5,270
3.15:  82.7,18.5,270
3.16:  82.7,18.5,270
3.18:  82.7,18.5,270
3.2:  82.7,18.5,270
3.21:  82.7,18.5,270
3.23:  82.7,18.5,270
3.25:  82.7,18.5,270
3.26:  82.7,18.5,270
3.28:  82.7,18.5,270
3.3:  82.7,18.5,270
3.31:  82.7,18.5,270
3.33:  82.7,18.5,270
3.35:  82.7,18.5,270
3.36:  82.7,18.5,270
3.38:  82.7,18.5,270
3.4:  82.7,18.5,270
3.41:  82.7,18.5,270
3.43:  82.7,18.5,270
3.45:  82.7,18.5,270
3.46:  82.7,18.5,270
3.48:  82.7,18.5,270
3.5:  82.7,18.5,270
3.51:  82.7,18.5,270
3.53:  82.7,18.5,270
3.55:  82.7,18.5,270
3.56:  82.7,18.5,270
3.58:  82.7,18.5,270
3.6:  82.7,18.5,270
3.61:  82.7,18.5,270
3.63:  82.7,18.5,270
3.65:  82.7,18.5,270
3.66:  82.7,18.5,270
3.68:  82.7,18.5,270
3.7:  82.7,18.5,270
3.71:  82.7,18.5,270
3.73:  82.7,18.5,270
3.75:  82.7,18.5,270
3.76:  82.7,18.5,270
3.78:  82.7,18.5,270
3.8:  82.7,18.5,270
3.81:  82.7,18.5,270
3.83:  82.7,18.5,270
3.85:  82.7,18.5,270
3.86:  82.7,18.5,270
3.88:  82.7,18.5,270
3.9:  82.7,18.5,270
3.91:  82.7,18.5,270
3.93:  82.7,18.5,270
3.95:  82.7,18.5,270
3.96:  82.7,18.5,270
3.98:  82.7,18.5,270
4:  82.7,18.5,270
4.01:  82.7,18.5,270
4.03:  82.7,18.5,270
4.05:  82.7,18.5,270
4.06:  82.7,18.5,270
4.08:  82.7,18.5,270
4.1:  82.7,18.5,270
4.11:  82.7,18.5,270
4.13:  82.7,18.5,270
4.15:  82.7,18.5,270
4.16:  82.7,18.5,270
4.18:  82.7,18.5,270
4.2:  82.7,18.5,270
4.21:  82.7,18.5,270
4.23:  82.7,18.5,270
4.25:  82.7,18.5,270
4.26:  82.7,18.5,270
4.28:  82.7,18.5,270
4.3:  82.7,18.5,270
4.31:  82.7,18.5,270
4.33:  82.7,18.5,270
4.35:  82.7,18.5,270
4.36:  82.7,18.5,270
4.38:  82.7,18.5,270
4.4:  82.7,18.5,270
4.41:  82.7,18.5,270
4.43:  82.7,18.5,270
4.45:  82.7,18.5,270
4.46:  82.7,18.5,270
4.48:  82.7,18.5,270
4.5:  82.7,18.5,269.8
4.51:  82.7,18.5,269.7
4.53:  82.7,18.5,269.5
4.55:  82.7,18.5,269.2
4.56:  82.7,18.5,268.8
4.58:  82.7,18.5,268.2
4.6:  82.7,18.5,267.6
4.61:  82.7,18.5,267.3
4.63:  82.7,18.5,267.1
4.65:  82.7,18.5,267.1
4.66:  82.7,18.5,267.1
4.68:  82.7,18.5,267.1
4.7:  82.7,18.5,267.1
4.71:  82.7,18.5,267.1
4.73:  82.7,18.5,267.1
4.75:  82.7,18.5,267.1
4.76:  82.7,18.5,267.1
4.78:  82.7,18.5,267.1
4.8:  82.7,18.5,267.1
4.81:  82.7,18.5,267.1
4.83:  82.7,18.5,267.1
4.85:  82.7,18.5,267.1
4.86:  82.7,18.5,267.1
4.88:  82.7,18.5,267.1
4.9:  82.7,18.5,267.1
4.91:  82.7,18.5,267.1
4.93:  82.7,18.5,267.1
4.95:  82.7,18.5,267.3
4.96:  82.7,18.5,267.7
4.98:  82.7,18.5,268
5:  82.7,18.5,268.6
5.01:  82.7,18.5,269.1
5.03:  82.7,18.5,269.8
5.05:  82.7,18.5,270.1
5.06:  82.7,18.5,270.3
5.08:  82.7,18.5,270.4
5.1:  82.7,18.5,270.4
5.11:  82.7,18.5,270.4
5.13:  82.7,18.5,270.8
5.15:  82.7,18.5,271.1
5.16:  82.7,18.5,271.3
5.18:  82.7,18.5,271.5
5.2:  82.7,18.5,271.5
5.21:  82.7,18.5,271.6
5.23:  82.7,18.5,271.6
5.25:  82.7,18.5,271.6
5.26:  82.7,18.5,271.6
5.28:  82.7,18.5,271.6
5.3:  82.7,18.5,271.6
5.31:  82.7,18.5,271.6
5.33:  82.7,18.5,271.6
5.35:  82.7,18.5,271.6
5.36:  82.7,18.5,271.5
5.38:  82.7,18.5,271.4
5.4:  82.7,18.5,271.4
5.41:  82.7,18.5,271.4
5.43:  82.7,18.5,271.4
5.45:  82.7,18.5,271.4
5.46:  82.7,18.5,271.4
5.48:  82.7,18.5,271.4
5.5:  82.7,18.5,271.4
5.51:  82.7,18.5,271.4
5.53:  82.7,18.5,271.4
5.55:  82.7,18.5,271.4
5.56:  82.7,18.5,271.4
5.58:  82.7,18.5,271.4
5.6:  82.7,18.5,271.4
5.61:  82.7,18.5,271.4
5.63:  82.7,18.5,271.4
5.65:  82.7,18.5,271.4
5.66:  82.7,18.5,271.4
5.68:  82.7,18.5,271.4
5.7:  82.7,18.5,271.4
5.71:  82.7,18.5,271.4
5.73:  82.7,18.5,271.4
5.75:  82.7,18.5,271.4
5.78:  82.7,18.5,271.4
5.8:  82.7,18.5,271.4
5.81:  82.7,18.5,271.4
5.83:  82.7,18.5,271.4
5.85:  82.7,18.5,271.4
5.86:  82.7,18.5,271.4
5.88:  82.7,18.5,271.4
5.9:  82.7,18.5,271.4
5.91:  82.7,18.5,271.4
5.93:  82.7,18.5,271.4
5.95:  82.7,18.5,271.4
5.96:  82.7,18.5,271.4
5.98:  82.7,18.5,271.4
6:  82.7,18.5,271.4
6.01:  82.7,18.5,271.4
6.03:  82.7,18.5,271.4
6.05:  82.7,18.5,271.4
6.06:  82.7,18.5,271.4
6.08:  82.7,18.5,271.4
6.1:  82.7,18.5,271.4
6.11:  82.7,18.5,271.4
6.13:  82.7,18.5,271.4
6.15:  82.7,18.5,271.4
6.16:  82.7,18.5,271.4
6.18:  82.7,18.5,271.4
6.2:  82.7,18.5,271.4
6.21:  82.7,18.5,271.4
6.23:  82.7,18.5,271.4
6.25:  82.7,18.5,271.4
6.26:  82.7,18.5,271.5
6.28:  82.7,18.5,271.6
6.3:  82.7,18.5,271.8
6.31:  82.7,18.5,272.2
6.33:  82.7,18.5,272.4
6.35:  82.7,18.5,272.5
6.36:  82.7,18.5,272.7
6.38:  82.7,18.5,272.8
6.4:  82.7,18.5,272.9
6.41:  82.7,18.5,273
6.43:  82.7,18.5,273
6.45:  82.7,18.5,273
6.46:  82.7,18.5,273
6.48:  82.7,18.5,273
6.5:  82.7,18.5,273
6.51:  82.7,18.5,273
6.53:  82.7,18.5,273
6.55:  82.7,18.5,273
6.56:  82.7,18.5,273
6.58:  82.7,18.5,273
6.6:  82.7,18.5,273
6.61:  82.7,18.5,273
6.63:  82.7,18.5,273
6.65:  82.7,18.5,273
6.66:  82.7,18.5,273
6.68:  82.7,18.5,273
6.7:  82.7,18.5,273
6.71:  82.7,18.5,273
6.73:  82.7,18.5,273
6.75:  82.7,18.5,273
6.76:  82.7,18.5,273
6.78:  82.7,18.5,273
6.8:  82.7,18.5,273
6.81:  82.7,18.5,273
6.83:  82.7,18.5,273
6.85:  82.7,18.5,273
6.86:  82.7,18.5,273
6.88:  82.7,18.5,273
6.9:  82.7,18.5,273
6.91:  82.7,18.5,273
6.93:  82.7,18.5,273
6.95:  82.7,18.5,273
6.96:  82.7,18.5,273
6.98:  82.7,18.5,273
7:  82.7,18.5,273
7.01:  82.7,18.5,273
7.03:  82.7,18.5,273
7.05:  82.7,18.5,273
7.06:  82.7,18.5,273
7.08:  82.7,18.5,273
7.1:  82.7,18.5,273
7.11:  82.7,18.5,273
7.13:  82.7,18.5,273
7.15:  82.7,18.5,273
7.16:  82.7,18.5,273
7.18:  82.7,18.5,273
7.2:  82.7,18.5,273
7.21:  82.7,18.5,273
7.23:  82.7,18.5,273
7.25:  82.7,18.5,273
7.26:  82.7,18.5,273
7.28:  82.7,18.5,273
7.3:  82.7,18.5,273
7.31:  82.7,18.5,273
7.33:  82.7,18.5,273
7.35:  82.7,18.5,273
7.36:  82.7,18.5,273
7.38:  82.7,18.5,273
7.4:  82.7,18.5,273
7.41:  82.7,18.5,273
7.43:  82.7,18.5,273
7.45:  82.7,18.5,273
7.46:  82.7,18.5,273
7.48:  82.7,18.5,273
7.5:  82.7,18.5,273
7.51:  82.7,18.5,273
7.53:  82.7,18.5,273
7.55:  82.7,18.5,273
7.56:  82.7,18.5,273
7.58:  82.7,18.5,273
7.6:  82.7,18.5,273
7.61:  82.7,18.5,273
7.63:  82.7,18.5,273
7.65:  82.7,18.5,273
7.66:  82.7,18.5,273
7.68:  82.7,18.5,273
7.7:  82.7,18.5,273
7.71:  82.7,18.5,273
7.73:  82.7,18.5,273
7.75:  82.7,18.5,273
7.76:  82.7,18.5,273
7.78:  82.7,18.5,273
7.8:  82.7,18.5,273
7.81:  82.7,18.5,273
7.83:  82.7,18.5,273
7.85:  82.7,18.5,273
7.86:  82.7,18.5,273
7.88:  82.7,18.5,273
7.9:  82.7,18.5,273
7.91:  82.7,18.5,273
7.93:  82.7,18.5,273
7.95:  82.7,18.5,273
7.96:  82.7,18.5,273
7.98:  82.7,18.5,273
8:  82.7,18.5,273
8.01:  82.7,18.5,273
8.03:  82.7,18.5,273
8.05:  82.7,18.5,273
8.06:  82.7,18.5,273
8.08:  82.7,18.5,273
8.1:  82.7,18.5,273
8.11:  82.7,18.5,273
8.13:  82.7,18.5,273
8.15:  82.7,18.5,273
8.16:  82.7,18.5,273
8.18:  82.7,18.5,273
8.2:  82.7,18.5,273
8.21:  82.7,18.5,273
8.23:  82.7,18.5,273
8.25:  82.7,18.5,273
8.26:  82.7,18.5,273
8.28:  82.7,18.5,273
8.3:  82.7,18.5,272.9
8.31:  82.7,18.5,272.9
8.33:  82.7,18.5,272.8
8.35:  82.7,18.5,272.8
8.36:  82.7,18.5,272.8
8.38:  82.7,18.5,272.8
8.4:  82.7,18.5,272.8
8.41:  82.7,18.5,272.8
8.43:  82.7,18.5,272.8
8.45:  82.7,18.5,272.8
8.46:  82.7,18.5,272.8
8.48:  82.7,18.5,272.7
8.5:  82.7,18.5,272.7
8.51:  82.7,18.5,272.5
8.53:  82.7,18.5,272.3
8.55:  82.7,18.5,272.2
8.56:  82.7,18.5,272.2
8.58:  82.7,18.5,272.1
8.6:  82.7,18.5,272.1
8.61:  82.7,18.5,272.1
8.63:  82.7,18.5,272.1
8.65:  82.7,18.5,272.1
8.66:  82.7,18.5,272.1
8.68:  82.7,18.5,272
8.7:  82.7,18.5,272
8.71:  82.7,18.5,272
8.73:  82.7,18.5,272
8.75:  82.7,18.5,272
8.76:  82.7,18.5,272
8.78:  82.7,18.5,272
8.8:  82.68765,18.50043,272
8.81:  82.66165,18.50134,272
8.83:  82.62571,18.50259,272
8.85:  82.57658,18.50431,272
8.86:  82.51466,18.50647,272
8.88:  82.44005,18.50908,272
8.9:  82.35277,18.51213,272
8.91:  82.2532,18.5156,272
8.93:  82.14119,18.51951,272
8.95:  82.01645,18.52387,272
8.96:  81.87832,18.52869,272
8.98:  81.72959,18.53389,272
9:  81.56672,18.53958,272
9.01:  81.39223,18.54567,272
9.03:  81.20587,18.55218,272
9.05:  81.00613,18.55915,272
9.06:  80.79436,18.56655,272
9.08:  80.56641,18.57451,272
9.1:  80.32039,18.5831,272
9.11:  80.07299,18.59174,272
9.13:  79.82402,18.60043,272
9.15:  79.58031,18.60894,272
9.16:  79.3319,18.61762,272
9.18:  79.08192,18.62635,272
9.2:  78.82963,18.63516,272
9.21:  78.57865,18.64392,272
9.23:  78.32985,18.65261,272
9.25:  78.08466,18.66117,272
9.26:  77.83438,18.66991,272
9.28:  77.57837,18.67885,272
9.3:  77.33462,18.68736,272
9.31:  77.08353,18.69613,272
9.33:  76.83413,18.70484,272
9.35:  76.57865,18.71108,271.4
9.36:  76.33413,18.71407,270.7
9.38:  76.08401,18.7132,269.8
9.4:  75.83319,18.7097,269.2
9.41:  75.58219,18.70356,268.6
9.43:  75.33394,18.69576,268.2
9.45:  75.08339,18.68745,268.1
9.46:  74.83574,18.67923,268.1
9.48:  74.58331,18.67086,268.1
9.5:  74.3323,18.66253,268.1
9.51:  74.08543,18.65434,268.1
9.53:  73.8322,18.6455,268
9.55:  73.57571,18.63655,268
9.56:  73.33281,18.62806,268
9.58:  73.08169,18.61929,268
9.6:  72.83495,18.61068,268
9.61:  72.56868,18.60184,268.1
9.63:  72.33076,18.59561,268.5
9.65:  72.08322,18.59043,268.8
9.66:  71.8343,18.58652,269.1
9.68:  71.5857,18.58522,269.7
9.7:  71.33372,18.5861,270.2
9.71:  71.08491,18.58914,270.7
9.73:  70.83508,18.59481,271.3
9.75:  70.58514,18.60266,271.8
9.76:  70.33605,18.61267,272.3
9.78:  70.08432,18.6263,273.1
9.8:  69.8368,18.641,273.4
9.81:  69.58662,18.6585,274
9.83:  69.33848,18.67803,274.5
9.85:  69.08863,18.69989,275
9.86:  68.8402,18.72206,275.1
9.88:  68.58571,18.74567,275.3
9.9:  68.34045,18.76885,275.4
9.91:  68.08112,18.79382,275.5
9.93:  67.8446,18.8166,275.5
9.95:  67.59386,18.84074,275.5
9.96:  67.34299,18.86489,275.5
9.98:  67.0812,18.89056,275.6
10:  66.84251,18.91439,275.7
10.01:  66.59597,18.93987,275.9
10.03:  66.34711,18.96602,276
10.05:  66.09798,18.99309,276.2
10.06:  65.85084,19.02037,276.3
10.08:  65.60394,19.04763,276.3
10.1:  65.35786,19.0748,276.3
10.11:  65.10971,19.10219,276.3
10.13:  64.86176,19.12957,276.3
10.15:  64.61324,19.15701,276.3
10.16:  64.36392,19.18453,276.3
10.18:  64.11535,19.21197,276.3
10.2:  63.86609,19.23949,276.3
10.21:  63.61774,19.26691,276.3
10.23:  63.37064,19.29419,276.3
10.25:  63.12181,19.32166,276.3
10.26:  62.87275,19.34916,276.3
10.28:  62.6241,19.37573,276.1
10.3:  62.37542,19.39225,273.8
10.31:  62.12405,19.3962,270.9
10.33:  61.87663,19.38669,267.8
10.35:  61.61353,19.3595,264.1
10.36:  61.37765,19.31961,260.4
10.38:  61.13694,19.2658,257.4
10.4:  60.89413,19.19526,253.8
10.41:  60.65732,19.11968,252.3
10.43:  60.41196,19.03472,250.9
10.45:  60.18396,18.95398,250.5
10.46:  59.9488,18.87024,250.4
10.48:  59.71471,18.78689,250.4
10.5:  59.47801,18.7026,250.4
10.51:  59.24319,18.61899,250.4
10.53:  59.00884,18.53554,250.4
10.55:  58.77427,18.45201,250.4
10.56:  58.5374,18.36767,250.4
10.58:  58.30014,18.28411,250.6
10.6:  58.06502,18.2027,250.9
10.61:  57.83794,18.12627,251.4
10.63:  57.62628,18.05709,251.9
10.65:  57.42401,17.99487,252.9
10.66:  57.23106,17.93845,253.7
10.68:  57.0503,17.889,254.7
10.7:  56.88159,17.84536,255.5
10.71:  56.72139,17.80572,256.1
10.73:  56.57492,17.77136,256.8
10.75:  56.44161,17.74108,257.2
10.76:  56.31995,17.71411,257.5
10.78:  56.20944,17.69001,257.7
10.8:  56.10931,17.66818,257.7
10.81:  56.02468,17.64973,257.7
10.83:  55.95056,17.63302,257.3
10.85:  55.8934,17.61941,256.6
10.86:  55.84524,17.60677,255.3
10.88:  55.80908,17.59668,254.4
10.9:  55.78519,17.58974,253.8
10.91:  55.77327,17.58625,253.7
10.93:  55.77327,17.58625,253.7
10.95:  55.77327,17.58625,253.7
10.96:  55.77327,17.58625,253.6
10.98:  55.77327,17.58625,253.5
11:  55.77327,17.58625,253.3
11.01:  55.77327,17.58625,253
11.03:  55.77327,17.58625,252.9
11.05:  55.77327,17.58625,252.6
11.06:  55.77327,17.58625,252.5
11.08:  55.77327,17.58625,252.5
11.1:  55.77327,17.58625,252.5
11.11:  55.77327,17.58625,252.5
11.13:  55.77327,17.58625,252.5
11.15:  55.77327,17.58625,252.5
11.16:  55.77327,17.58625,252.5
11.18:  55.77327,17.58625,252.2
11.2:  55.77327,17.58625,251.3
11.21:  55.77327,17.58625,250.6
11.23:  55.77327,17.58625,249.1
11.25:  55.77327,17.58625,248.4
11.27:  55.76159,17.58137,247.3
11.28:  55.73761,17.57088,246.4
11.3:  55.70792,17.55704,245
11.31:  55.6636,17.53533,243.9
11.33:  55.60846,17.50735,243.1
11.35:  55.54303,17.47286,242.2
11.36:  55.46619,17.43183,241.9
11.38:  55.37906,17.38472,241.6
11.4:  55.28119,17.33136,241.4
11.41:  55.17222,17.2717,241.3
11.43:  55.05231,17.20605,241.3
11.45:  54.92122,17.13457,241.4
11.46:  54.77915,17.05872,241.9
11.48:  54.62449,16.97855,242.6
11.5:  54.45792,16.89478,243.3
11.51:  54.27779,16.80886,244.5
11.53:  54.08509,16.72064,245.4
11.55:  53.87927,16.63199,246.7
11.56:  53.66082,16.54195,247.6
11.58:  53.42806,16.4498,248.4
11.6:  53.19436,16.36196,249.4
11.61:  52.95998,16.27711,250.1
11.63:  52.72186,16.19373,250.7
11.65:  52.48758,16.11305,251
11.66:  52.24792,16.03193,251.3
11.68:  52.00924,15.95161,251.4
11.7:  51.77526,15.87287,251.4
11.71:  51.53828,15.79311,251.4
11.73:  51.30192,15.71357,251.4
11.75:  51.06411,15.63076,250.8
11.76:  50.82009,15.53806,249.2
11.78:  50.59821,15.44525,247.3
11.8:  50.37516,15.34407,245.6
11.81:  50.15144,15.23057,243.1
11.83:  49.93406,15.10858,240.7
11.85:  49.69635,14.94214,235
11.86:  49.53302,14.80892,230.8
11.88:  49.35003,14.63888,227.1
11.9:  49.17994,14.4552,222.8
11.91:  49.01997,14.26252,219.7
11.93:  48.87206,14.0619,216.4
11.95:  48.73335,13.84831,213
11.96:  48.61008,13.63565,210.1
11.98:  48.50066,13.40727,205.6
12:  48.40081,13.17981,203.7
12.01:  48.30494,12.94949,202.6
12.03:  48.20795,12.71418,202.4
12.05:  48.115,12.48868,202.4
12.06:  48.01895,12.25564,202.4
12.08:  47.91792,12.01528,202.8
12.1:  47.82287,11.79138,203
12.11:  47.72444,11.56282,203.3
12.13:  47.62314,11.33205,203.7
12.15:  47.51709,11.09609,204.2
12.16:  47.41533,10.87174,204.4
12.18:  47.31392,10.65025,204.6
12.2:  47.21158,10.42776,204.7
12.21:  47.10722,10.20086,204.7
12.23:  47.00293,9.974114,204.7
12.25:  46.89865,9.747405,204.7
12.26:  46.79386,9.519558,204.7
12.28:  46.68959,9.291833,204.6
12.3:  46.58638,9.065351,204.5
12.31:  46.48082,8.831569,204.3
12.33:  46.37821,8.603233,204.2
12.35:  46.27776,8.377622,204
12.36:  46.17752,8.151428,203.9
12.38:  46.07131,7.91287,204
12.4:  45.97322,7.693588,204.1
12.41:  45.87111,7.466371,204.2
12.43:  45.76778,7.236471,204.2
12.45:  45.66161,6.996881,203.9
12.46:  45.56529,6.777451,203.7
12.48:  45.46226,6.541619,203.6
12.5:  45.36567,6.319486,203.5
12.51:  45.2678,6.094405,203.5
12.53:  45.16784,5.864512,203.5
12.55:  45.06898,5.634959,203.3
12.56:  44.96988,5.403751,203.2
12.58:  44.87261,5.175689,203.1
12.6:  44.77489,4.946609,203.1
12.61:  44.67679,4.716601,203.1
12.63:  44.5783,4.484586,203
12.65:  44.48169,4.256978,203
12.66:  44.38337,4.02536,203
12.68:  44.2845,3.792434,203
12.7:  44.18798,3.565039,203
12.71:  44.09066,3.335781,203
12.73:  43.99292,3.103242,202.8
12.75:  43.89693,2.870381,202.4
12.76:  43.80227,2.637236,202.1
12.78:  43.71035,2.406249,201.7
12.8:  43.62001,2.174551,201.3
12.81:  43.53115,1.941867,200.9
12.83:  43.44298,1.704779,200.4
12.85:  43.35829,1.470817,199.9
12.86:  43.27583,1.236664,199.4
12.88:  43.19533,0.9988356,198.7
12.9:  43.1086,0.7270784,197.7
12.91:  43.04166,0.5094815,197.1
12.93:  42.97263,0.2779043,196.6
12.95:  42.90517,0.04422462,196.1
12.96:  42.8366,-0.1981186,195.8
12.98:  42.77032,-0.4371072,195.5
13:  42.70383,-0.6801583,195.3
13.01:  42.6388,-0.9195137,195.2
13.03:  42.5735,-1.161518,195.1
13.05:  42.5088,-1.402974,195
13.06:  42.44415,-1.644265,195
13.08:  42.3804,-1.885536,194.8
13.1:  42.31832,-2.129107,194.3
13.11:  42.25859,-2.370427,193.9
13.13:  42.19925,-2.619551,193.4
13.15:  42.14253,-2.859488,193.3
13.16:  42.08572,-3.099805,193.3
13.18:  42.02771,-3.347129,193.2
13.2:  41.97117,-3.588193,193.2
13.21:  41.91367,-3.83332,193.2
13.23:  41.85691,-4.075356,193.2
13.25:  41.79874,-4.321429,193.3
13.26:  41.73733,-4.575253,193.6
13.28:  41.67651,-4.821003,193.9
13.3:  41.61597,-5.060261,194.2
13.31:  41.55366,-5.301214,194.5
13.33:  41.48801,-5.541154,195.3
13.35:  41.42377,-5.769704,195.7
13.36:  41.35524,-6.010308,195.9
13.38:  41.28635,-6.250522,196
13.4:  41.21755,-6.490472,196
13.41:  41.14797,-6.731549,196.1
13.43:  41.07841,-6.97094,196.2
13.45:  41.00565,-7.210433,196.9
13.46:  40.92897,-7.449286,197.8
13.48:  40.8467,-7.682894,199.4
13.5:  40.75604,-7.919058,201
13.51:  40.66022,-8.148142,202.7
13.53:  40.55719,-8.375252,204.4
13.55:  40.44161,-8.59729,207.5
13.56:  40.31347,-8.813101,210.7
13.58:  40.17168,-9.021741,214.2
13.6:  40.0123,-9.229445,217.5
13.61:  39.85658,-9.411125,220.6
13.63:  39.68992,-9.592369,222.6
13.65:  39.49902,-9.77544,226.2
13.66:  39.31106,-9.942312,228.4
13.68:  39.12395,-10.09491,230.8
13.7:  38.93152,-10.24258,232.5
13.71:  38.72991,-10.39067,233.7
13.73:  38.52769,-10.53705,234.1
13.75:  38.32298,-10.68092,234.9
13.76:  38.11512,-10.81955,236.3
13.78:  37.90334,-10.95138,238.1
13.8:  37.68674,-11.07492,240.3
13.81:  37.46535,-11.19263,242
13.83:  37.24196,-11.30597,243.1
13.85:  37.01459,-11.4149,244.4
13.86:  36.7861,-11.52048,245.2
13.88:  36.5577,-11.62217,246
13.9:  36.32967,-11.72085,246.6
13.91:  36.10262,-11.81863,246.7
13.93:  35.87313,-11.91747,246.7
13.95:  35.64253,-12.01678,246.7
13.96:  35.39985,-12.11979,247
13.98:  35.16936,-12.21479,247.6
14:  34.93575,-12.3087,248.1
14.02:  34.70356,-12.40016,248.5
14.03:  34.46229,-12.49326,248.9
14.05:  34.23669,-12.57896,249.2
14.06:  33.99559,-12.66767,249.8
14.08:  33.77488,-12.74713,250.2
14.1:  33.54358,-12.82858,250.6
14.11:  33.30401,-12.91014,251.2
14.13:  33.0671,-12.98757,251.9001
14.15:  32.82917,-13.06031,253.0001
14.16:  32.58987,-13.12443,255.0001
14.18:  32.34585,-13.18527,256.0001
14.2:  32.10375,-13.24072,257.1
14.21:  31.85813,-13.29203,258.2001
14.23:  31.61373,-13.33689,259.6001
14.25:  31.36433,-13.37728,260.8
14.26:  31.1166,-13.41078,262.3
14.28:  30.86606,-13.43932,263.5001
14.3:  30.62007,-13.46474,264.1001
14.31:  30.36696,-13.48867,264.6
14.33:  30.11937,-13.50989,265.1
14.35:  29.86953,-13.52824,265.8
14.36:  29.61829,-13.5436,266.5001
14.38:  29.37174,-13.55437,267.5001
14.4:  29.12123,-13.56312,268.0001
14.41:  28.86236,-13.5708,268.3
14.43:  28.60827,-13.5779,268.4001
14.45:  28.36949,-13.58415,268.5001
14.46:  28.12413,-13.59057,268.5001
14.48:  27.87374,-13.59713,268.5001
14.5:  27.62045,-13.60376,268.5001
14.51:  27.37257,-13.61025,268.5001
14.53:  27.12477,-13.61674,268.5001
14.55:  26.87574,-13.62326,268.5001
14.56:  26.62173,-13.62992,268.5001
14.58:  26.3724,-13.63819,268.1
14.6:  26.12276,-13.65083,267.1
14.61:  25.87427,-13.66603,266.5001
14.63:  25.62297,-13.6836,266.0001
14.65:  25.37354,-13.70367,265.4001
14.66:  25.12411,-13.72813,264.4001
14.68:  24.87126,-13.76546,261.6
14.7:  24.63628,-13.81756,257.5001
14.71:  24.39445,-13.89242,252.8
14.73:  24.16061,-13.99555,246.2
14.75:  23.94941,-14.11947,239.6
14.76:  23.75432,-14.27133,232.1001
14.78:  23.58504,-14.47094,220.3
14.8:  23.44809,-14.67785,213.5
14.81:  23.33361,-14.89316,208
14.83:  23.23137,-15.11442,204.8
14.85:  23.13335,-15.34536,203.0001
14.86:  23.03798,-15.57558,202.5
14.88:  22.94275,-15.80778,202.3
14.9:  22.84854,-16.03751,202.3
14.91:  22.75437,-16.2671,202.3
14.93:  22.65749,-16.50332,202.3
14.95:  22.55986,-16.73901,202.5001
14.96:  22.43994,-17.01882,203.2
14.98:  22.36444,-17.19245,203.5
15:  22.25692,-17.4199,205.3
15.01:  22.1395,-17.65137,206.9001
15.03:  22.01839,-17.86198,209.9001
15.05:  21.88601,-18.06977,212.5
15.06:  21.74028,-18.27945,214.8
15.08:  21.5955,-18.47799,216.1
15.1:  21.4445,-18.6791,216.9001
15.11:  21.29021,-18.87801,217.8
15.13:  21.1357,-19.07365,218.3
15.15:  20.97006,-19.27531,219.4001
15.16:  20.81137,-19.45722,221.1
15.18:  20.64526,-19.63977,222.3
15.2:  20.45804,-19.82896,224.7
15.21:  20.29175,-19.99352,225.3
15.23:  20.11444,-20.16837,225.4001
15.25:  19.93674,-20.34299,225.5
15.26:  19.75284,-20.52371,225.5
15.28:  19.57206,-20.70136,225.5
15.3:  19.40076,-20.8697,225.5
15.31:  19.22361,-21.04379,225.5
15.33:  19.04551,-21.21881,225.5
15.35:  18.86685,-21.39437,225.5
15.36:  18.69084,-21.56733,225.5
15.38:  18.50496,-21.74999,225.5
15.4:  18.32871,-21.9232,225.5
15.41:  18.15488,-22.09402,225.5
15.43:  17.97225,-22.27287,225.6001
15.45:  17.79637,-22.4451,225.6001
15.46:  17.61685,-22.62089,225.6001
15.48:  17.43775,-22.79628,225.6001
15.5:  17.26292,-22.96749,225.6001
15.51:  17.08526,-23.14146,225.6001
15.53:  16.90364,-23.31933,225.6001
15.55:  16.72705,-23.49225,225.6001
15.56:  16.54849,-23.66957,225.2001
15.58:  16.37538,-23.84696,224.3
15.6:  16.20041,-24.03005,223.7
15.61:  16.02921,-24.21047,223.5
15.63:  15.85445,-24.39527,223.4001
15.65:  15.68438,-24.57511,223.4001
15.66:  15.50699,-24.7627,223.4001
15.68:  15.33912,-24.94021,223.4001
15.7:  15.17024,-25.11879,223.4001
15.71:  14.99186,-25.30743,223.4001
15.73:  14.8284,-25.48028,223.4001
15.75:  14.65204,-25.66678,223.4001
15.76:  14.47905,-25.84907,223.5
15.78:  14.30612,-26.0294,223.8001
15.8:  14.12452,-26.21614,224.2
15.81:  13.95401,-26.38965,224.5001
15.83:  13.77759,-26.56669,224.9
15.85:  13.59736,-26.74629,225.1001
15.86:  13.4243,-26.91695,225.4
15.88:  13.24741,-27.08958,225.7001
15.9:  13.06929,-27.26278,225.8001
15.91:  12.89159,-27.4356,225.8001
15.93:  12.71248,-27.60977,225.8001
15.95:  12.52133,-27.79566,225.8001
15.96:  12.35449,-27.9579,225.8001
15.98:  12.17709,-28.13041,225.8001
16:  11.99277,-28.14423,225.8001
16.01:  11.81456,-28.14423,225.8001
16.03:  11.63358,-28.14423,224.8
16.05:  11.46675,-28.14423,223.7
16.06:  11.29078,-28.14458,222.1001
16.08:  11.12276,-28.15888,221.1001
16.1:  10.9386,-28.18955,219.9001
16.11:  10.75016,-28.23648,218.7
16.13:  10.5591,-28.2995,216.9001
16.15:  10.37413,-28.37319,211.8
16.16:  10.19287,-28.46565,208.8
16.18:  10.01553,-28.5751,206
16.2:  9.844144,-28.70298,203.9001
16.21:  9.676832,-28.85371,202.9
16.23:  9.521173,-29.0233,202.2
16.25:  9.376491,-29.2143,201.8
16.26:  9.248416,-29.42193,200.9
16.28:  9.13928,-29.64714,200
16.3:  9.053602,-29.89317,199.2001
16.31:  8.978224,-30.1211,198.3
16.33:  8.904813,-30.36424,196.8
16.35:  8.838511,-30.60332,195.5
16.36:  8.778669,-30.85068,193.6001
16.38:  8.725517,-31.08846,192.6001
16.4:  8.671167,-31.33566,192.4001
16.41:  8.617476,-31.58191,192.3
16.43:  8.565585,-31.8199,192.3
16.45:  8.51051,-32.07249,192.3
16.46:  8.458419,-32.31141,192.3
16.48:  8.405454,-32.55433,192.3
16.5:  8.352019,-32.7994,192.3
16.51:  8.299669,-33.0395,192.3
16.53:  8.245134,-33.28962,192.3
16.55:  8.191783,-33.53848,192.1
16.56:  8.143681,-33.77281,191.6001
16.58:  8.09517,-34.02238,191.0001
16.6:  8.049613,-34.26348,190.7
16.61:  8.003778,-34.51078,190.5
16.63:  7.958422,-34.75791,190.4001
16.65:  7.913848,-35.00077,190.4001
16.66:  7.868409,-35.24834,190.4001
16.68:  7.82302,-35.49565,190.4001
16.7:  7.777406,-35.74176,190.5001
16.71:  7.730384,-35.98826,190.8
16.73:  7.682535,-36.23442,191.0001
16.75:  7.633698,-36.47882,191.3
16.76:  7.582027,-36.73508,191.4001
16.78:  7.53281,-36.97917,191.4001
16.8:  7.485325,-37.21467,191.4001
16.81:  7.436354,-37.45753,191.4001
16.83:  7.386517,-37.7047,191.4001
16.85:  7.337821,-37.9462,191.4001
16.86:  7.283081,-38.22266,191.2001
16.88:  7.24036,-38.43841,191.2001
16.9:  7.189555,-38.695,191.2001
16.91:  7.142327,-38.93351,191.2001
16.93:  7.094363,-39.17575,191.2001
16.95:  7.045572,-39.42216,191.2001
16.96:  6.997369,-39.6656,191.2001
16.98:  6.947185,-39.91905,191.2001
17:  6.898572,-40.16456,191.2001
17.01:  6.851303,-40.40329,191.2001
17.03:  6.80234,-40.65057,191.2001
17.05:  6.755114,-40.88907,191.2001
17.06:  6.706172,-41.13625,191.2001
17.08:  6.656491,-41.39183,191.0001
17.1:  6.613236,-41.62751,190.4001
17.11:  6.570708,-41.87895,189.6001
17.13:  6.533003,-42.12251,188.8
17.15:  6.501872,-42.36893,187.2001
17.16:  6.480044,-42.61842,185
17.18:  6.47098,-42.86561,182.1001
17.2:  6.487998,-43.11525,176.1001
17.21:  6.528838,-43.36195,170.6001
17.23:  6.590302,-43.60665,165.9001
17.25:  6.667194,-43.8433,162.0001
17.26:  6.75815,-44.07659,158.7
17.28:  6.857247,-44.30341,156.4001
17.3:  6.968115,-44.52774,153.7
17.31:  7.089125,-44.76219,152.7001
17.33:  7.210096,-44.99067,152.1001
17.35:  7.317533,-45.19188,151.9001
17.36:  7.436637,-45.41308,151.7001
17.38:  7.557227,-45.6361,151.6001
17.4:  7.675382,-45.85463,151.6001
17.41:  7.794312,-46.07458,151.6001
17.43:  7.913619,-46.29524,151.6001
17.45:  8.031343,-46.51297,151.6001
17.46:  8.156541,-46.74451,151.6001
17.48:  8.274794,-46.96322,151.6001
17.5:  8.388819,-47.1741,151.6001
17.51:  8.514014,-47.40662,151.7
17.53:  8.628057,-47.61842,151.7
17.55:  8.744582,-47.83574,151.8
17.56:  8.864314,-48.05904,151.8
17.58:  8.88342,-48.28674,151.8
17.6:  8.88342,-48.50166,151.8
17.61:  8.88342,-48.71321,151.8
17.63:  8.88342,-48.93319,151.5001
17.65:  8.88342,-49.15545,151
17.66:  8.88342,-49.3834,150.5
17.68:  8.88342,-49.58933,150.0001
17.7:  8.88342,-49.81366,149.3
17.71:  8.88342,-50.01766,148.5
17.73:  8.88342,-50.23517,147.0001
17.75:  8.88342,-50.43145,145.6001
17.76:  8.88342,-50.63734,144.5001
17.78:  8.88342,-50.83392,143.2
17.8:  8.899537,-51.04448,141.6
17.81:  8.937207,-51.25192,139.8
17.83:  8.997976,-51.46704,137.5
17.85:  9.078285,-51.67569,135.2
17.86:  9.183951,-51.88557,134.6001
17.88:  9.311772,-52.08801,134
17.9:  9.46484,-52.28477,133.5
17.91:  9.639252,-52.46438,132.9
17.93:  9.824118,-52.63084,132
17.95:  10.01718,-52.79515,130.4
17.96:  10.20868,-52.95078,129.1
17.98:  10.40341,-53.10237,127.9
18:  10.61444,-53.26024,126.8
18.01:  10.80768,-53.40115,126.1
18.03:  11.01154,-53.54656,125.5
18.05:  11.21725,-53.69007,124.9
18.06:  11.4346,-53.84001,124.6
18.08:  11.63804,-53.97931,124.4
18.1:  11.83415,-54.11208,124.1
18.11:  12.04462,-54.25139,123.5
18.13:  12.25318,-54.38528,122.7001
18.15:  12.48433,-54.52693,121.5001
18.16:  12.67993,-54.64446,121.0001
18.18:  12.89801,-54.77446,120.8
18.2:  13.10697,-54.89903,120.8
18.21:  13.32327,-55.02797,120.8
18.23:  13.53605,-55.15481,120.8
18.25:  13.75173,-55.28338,120.8
18.26:  13.97081,-55.41295,120.6001
18.28:  14.18675,-55.54066,120.6001
18.3:  14.40033,-55.66647,120.5
18.31:  14.61995,-55.79583,120.5
18.33:  14.83367,-55.92122,120.4
18.35:  15.04742,-56.04663,120.4
18.36:  15.26358,-56.17294,120.3
18.38:  15.48438,-56.30197,120.3
18.4:  15.70249,-56.42942,120.3
18.41:  15.9123,-56.55202,120.3
18.43:  16.12787,-56.67799,120.3
18.45:  16.3423,-56.8033,120.3
18.46:  16.56289,-56.93219,120.3
18.48:  16.77203,-57.05441,120.3
18.5:  16.98854,-57.18093,120.3
18.51:  17.20342,-57.3065,120.3
18.53:  17.42095,-57.43361,120.3
18.55:  17.63675,-57.55972,120.3
18.56:  17.85733,-57.68604,119.8
18.58:  18.07216,-57.80758,119.5
18.6:  18.289,-57.92977,119.4
18.61:  18.50924,-58.05285,119.2
18.63:  18.72762,-58.17291,118.8
18.65:  18.94764,-58.29187,118.4
18.66:  19.16519,-58.40853,118.2
18.68:  19.3905,-58.52631,117.6
18.7:  19.61053,-58.63891,117.1
18.71:  19.83569,-58.75215,116.7
18.73:  20.06078,-58.86242,116.1
18.75:  20.31047,-58.97939,115.1
18.76:  20.52176,-59.07657,114.7
18.78:  20.74479,-59.17587,114
18.8:  20.97028,-59.27392,113.5
18.81:  21.19944,-59.37213,113.2
18.83:  21.42903,-59.46959,113
18.85:  21.6581,-59.56494,112.6
18.86:  21.89054,-59.66027,112.3
18.88:  22.12393,-59.75362,111.8
18.9:  22.36535,-59.84823,111.4
18.91:  22.59179,-59.93516,111
18.93:  22.82642,-60.02428,110.8
18.95:  23.05631,-60.10978,110.4
18.96:  23.29397,-60.19675,110.1
18.98:  23.52857,-60.28167,109.9
19:  23.76184,-60.36565,109.8
19.01:  23.99695,-60.4503,109.8
19.03:  24.23429,-60.53575,109.8
19.05:  24.46774,-60.6198,109.8
19.06:  24.71511,-60.70886,109.8
19.08:  24.93959,-60.78967,109.8
19.1:  25.19004,-60.87935,109.7
19.11:  25.41881,-60.96126,109.7
19.13:  25.64834,-61.04344,109.7
19.15:  25.88358,-61.12767,109.7
19.16:  26.115,-61.21053,109.7
19.18:  26.35449,-61.29628,109.7
19.2:  26.59352,-61.38187,109.7
19.21:  26.83293,-61.46759,109.7
19.23:  27.05775,-61.54808,109.7
19.25:  27.30605,-61.63699,109.7
19.26:  27.53062,-61.7174,109.7
19.28:  27.76747,-61.8022,109.7
19.3:  28.00145,-61.88598,109.7
19.31:  28.23672,-61.97022,109.7
19.33:  28.47161,-62.05433,109.7
19.35:  28.70569,-62.13768,109.6
19.36:  28.94084,-62.22048,109.4
19.38:  29.17892,-62.30293,109.1
19.4:  29.41843,-62.38446,108.8
19.41:  29.65245,-62.46322,108.6
19.43:  29.88686,-62.54165,108.5
19.45:  30.12347,-62.6199,108.3
19.46:  30.36222,-62.69794,108.1
19.48:  30.59848,-62.77425,107.9
19.5:  30.8389,-62.85005,107.5
19.51:  31.07698,-62.9233,107.1
19.53:  31.31658,-62.99427,106.5
19.55:  31.55956,-63.0644,106.1
19.56:  31.8091,-63.13596,106
19.58:  32.04507,-63.20362,106
19.6:  32.2795,-63.27084,106
19.61:  32.52012,-63.33984,106
19.63:  32.75844,-63.40818,106
19.65:  33.00398,-63.47858,106
19.66:  33.24321,-63.54718,106
19.68:  33.48501,-63.61652,106
19.7:  33.72071,-63.6841,106
19.71:  33.96093,-63.75298,106
19.73:  34.20145,-63.82195,106
19.75:  34.44431,-63.89159,106
19.76:  34.68197,-63.95974,106
19.78:  34.92219,-64.02817,105.9
19.8:  35.16366,-64.09695,105.9
19.81:  35.41097,-64.16647,105.7
19.83:  35.64962,-64.2322,105.4
19.85:  35.88427,-64.29507,105
19.86:  36.12811,-64.35768,104.4
19.88:  36.36868,-64.41766,104
19.9:  36.61243,-64.47618,103.5
19.91:  36.85589,-64.53329,103.2
19.93:  37.10245,-64.5893,102.8
19.95:  37.34362,-64.64189,102.3
19.96:  37.58926,-64.69276,101.7
19.98:  37.83478,-64.74049,101
20:  38.08097,-64.78522,100.3
20.01:  38.32879,-64.82714,99.60002
20.03:  38.57587,-64.86583,98.90002
20.05:  38.82722,-64.90115,98.00002
20.06:  39.07194,-64.9325,97.30001
20.08:  39.32119,-64.96091,96.50002
20.1:  39.5668,-64.98586,95.80002
20.11:  39.82935,-65.00975,95.20002
20.13:  40.0667,-65.02885,94.60001
20.15:  40.31745,-65.04462,93.60002
20.16:  40.56781,-65.05774,93.00002
20.18:  40.8164,-65.06903,92.60001
20.2:  41.06976,-65.07921,92.30002
20.21:  41.34116,-65.08868,92.00002
20.23:  41.58171,-65.09583,91.70002
20.25:  41.82642,-65.10095,91.20001
20.26:  42.07364,-65.10268,90.40002
20.28:  42.31287,-65.10101,89.60002
20.3:  42.56426,-65.09662,89.00002
20.31:  42.81224,-65.09055,88.60002
20.33:  43.06421,-65.08308,88.30003
20.35:  43.31245,-65.07397,87.90002
20.36:  43.56309,-65.06259,87.40002
20.38:  43.81263,-65.04865,86.80002
20.4:  44.06233,-65.03294,86.40002
20.41:  44.3111,-65.01553,86.00002
20.43:  44.563,-64.99527,85.40002
20.45:  44.81474,-64.97192,84.70001
20.46:  45.0612,-64.94775,84.40002
20.48:  45.31264,-64.92221,84.20002
20.5:  45.5531,-64.89779,84.20002
20.51:  45.80463,-64.8718,84.10002
20.53:  46.05206,-64.84579,84.00002
20.55:  46.301,-64.81963,84.00002
20.56:  46.55346,-64.79264,83.90002
20.58:  46.79975,-64.76588,83.80002
20.6:  47.05035,-64.73778,83.60001
20.61:  47.3211,-64.70597,83.30002
20.63:  47.5512,-64.67854,83.20001
20.65:  47.79845,-64.64861,83.10001
20.66:  48.04911,-64.61828,83.10001
20.68:  48.29116,-64.58856,83.00002
20.7:  48.53882,-64.55772,82.90002
20.71:  48.7847,-64.52708,82.90002
20.73:  49.03375,-64.49606,82.90002
20.75:  49.2807,-64.46531,82.90002
20.76:  49.54111,-64.43287,82.90002
20.78:  49.78476,-64.40253,82.90002
20.8:  50.03574,-64.37126,82.90002
20.81:  50.27279,-64.34174,82.90002
20.83:  50.526,-64.3102,82.90002
20.85:  50.77316,-64.27941,82.90002
20.86:  51.01705,-64.24903,82.90002
20.88:  51.26603,-64.21803,82.90002
20.9:  51.51431,-64.1871,82.90002
20.91:  51.76243,-64.15619,82.90002
20.93:  52.00924,-64.12545,82.90002
20.95:  52.26123,-64.09406,82.90002
20.96:  52.50393,-64.06384,82.90002
20.98:  52.75399,-64.03357,83.10001
21:  53.00101,-64.00455,83.30002
21.01:  53.25525,-63.97559,83.50002
21.03:  53.49746,-63.94842,83.60002
21.05:  53.74598,-63.92054,83.60002
21.06:  53.99423,-63.8927,83.60002
21.08:  54.24477,-63.8646,83.60002
21.1:  54.49444,-63.83703,83.70002
21.11:  54.7435,-63.81042,83.90002
21.13:  54.9928,-63.7851,84.20002
21.15:  55.24183,-63.76199,84.70001
21.16:  55.48885,-63.74081,85.10001
21.18:  55.73801,-63.72208,85.70001
21.2:  55.99263,-63.70383,85.90001
21.21:  56.23468,-63.68648,85.90001
21.23:  56.48546,-63.6685,85.90001
21.25:  56.73657,-63.6505,85.90001
21.26:  56.9864,-63.6326,85.90001
21.28:  57.23437,-63.61482,85.90001
21.3:  57.48471,-63.59687,85.90001
21.31:  57.74239,-63.5784,85.90001
21.33:  57.98602,-63.56094,85.90001
21.35:  58.23549,-63.54306,85.90001
21.36:  58.48312,-63.52531,85.90001
21.38:  58.72851,-63.50772,85.90001
21.4:  58.9763,-63.48996,85.90001
21.41:  59.22662,-63.47202,85.90001
21.43:  59.47525,-63.45419,85.90001
21.45:  59.72591,-63.43623,85.90001
21.46:  59.9748,-63.41838,85.90001
21.48:  60.22572,-63.40084,86.00002
21.5:  60.47603,-63.38334,86.00002
21.51:  60.72528,-63.36634,86.10001
21.53:  60.9758,-63.34926,86.10001
21.55:  61.22828,-63.33249,86.20001
21.56:  61.48806,-63.31524,86.20001
21.58:  61.73009,-63.29916,86.20001
21.6:  61.97368,-63.28341,86.30002
21.61:  62.2417,-63.26608,86.30002
21.63:  62.47462,-63.25102,86.30002
21.65:  62.72641,-63.23473,86.30002
21.66:  62.97217,-63.21927,86.40001
21.68:  63.23783,-63.20303,86.50001
21.7:  63.47642,-63.18927,86.70001
21.71:  63.72149,-63.17557,86.80001
21.73:  63.97007,-63.16211,86.90001
21.75:  64.23212,-63.14837,87.00002
21.76:  64.47786,-63.13549,87.00002
21.78:  64.72116,-63.12317,87.10001
21.8:  64.96748,-63.11112,87.20001
21.81:  65.21573,-63.09898,87.20001
21.83:  65.46811,-63.08708,87.30001
21.85:  65.71507,-63.07543,87.30001
21.86:  65.96566,-63.06405,87.40001
21.88:  66.21637,-63.05267,87.40001
21.9:  66.46489,-63.04182,87.50001
21.91:  66.71655,-63.03171,87.7
21.93:  66.96732,-63.02164,87.7
21.95:  67.217,-63.01204,87.8
21.96:  67.46619,-63.00247,87.8
21.98:  67.7141,-62.99295,87.8
22:  67.96454,-62.98376,87.9
22.01:  68.21562,-62.97456,87.9
22.03:  68.46886,-62.96527,87.9
22.05:  68.71378,-62.95629,87.9
22.06:  68.98228,-62.94691,88
22.08:  69.22556,-62.93842,88
22.1:  69.46873,-62.93036,88.1
22.11:  69.72157,-62.92197,88.1
22.13:  69.96684,-62.91383,88.1
22.15:  70.21529,-62.90559,88.1
22.16:  70.46496,-62.8973,88.1
22.18:  70.71581,-62.88855,88
22.2:  70.9635,-62.87903,87.8
22.21:  71.2114,-62.86821,87.50001
22.23:  71.4634,-62.85544,87.1
22.25:  71.71034,-62.8412,86.7
22.26:  71.9644,-62.82522,86.4
22.28:  72.2086,-62.80729,85.8
22.3:  72.45901,-62.7867,85.3
22.31:  72.70944,-62.76391,84.8
22.33:  72.95872,-62.73814,84.1
22.35:  73.21188,-62.71154,84
22.36:  73.45313,-62.68576,83.9
22.38:  73.70496,-62.6584,83.8
22.4:  73.95299,-62.63102,83.7
22.41:  74.20133,-62.60316,83.6
22.43:  74.44802,-62.57549,83.6
22.45:  74.69938,-62.54685,83.5
22.46:  74.96065,-62.51662,83.4
22.48:  75.20398,-62.48847,83.4
22.5:  75.44352,-62.46075,83.4
22.51:  75.69479,-62.43168,83.4
22.53:  75.93639,-62.40372,83.4
22.55:  76.18792,-62.37462,83.4
22.56:  76.43546,-62.34598,83.4
22.58:  76.68455,-62.31716,83.4
22.61:  76.93237,-62.28849,83.4
22.63:  77.17886,-62.25996,83.4
22.65:  77.4284,-62.23109,83.4
22.66:  77.67409,-62.20266,83.4
22.68:  77.92356,-62.1738,83.4
22.7:  78.17065,-62.14521,83.4
22.71:  78.42039,-62.11631,83.4
22.73:  78.66872,-62.08758,83.4
22.75:  78.91979,-62.05853,83.4
22.76:  79.16753,-62.0303,83.5
22.78:  79.42367,-62.00158,83.6
22.8:  79.66703,-61.97471,83.7
22.81:  79.92543,-61.94618,83.7
22.83:  80.16293,-61.91996,83.7
22.85:  80.41525,-61.89255,83.8
22.86:  80.66196,-61.86575,83.8
22.88:  80.90643,-61.83919,83.8
22.9:  81.15417,-61.81227,83.8
22.91:  81.40257,-61.78529,83.8
22.93:  81.65113,-61.75829,83.8
22.95:  81.8886,-61.73249,83.8
22.96:  82.11141,-61.70829,83.8
22.98:  82.32437,-61.68252,83.10001
23:  82.52171,-61.65338,81.6
23.01:  82.70703,-61.62236,80.5
23.03:  82.88087,-61.59077,79.7
23.05:  83.03728,-61.55952,78.7
23.06:  83.18224,-61.52579,76.9
23.08:  83.31509,-61.49093,75.3
23.1:  83.43575,-61.45542,73.6
23.11:  83.54208,-61.42108,72.10001
23.13:  83.63692,-61.3886,71.10001
23.15:  83.71964,-61.35996,70.9
23.16:  83.79002,-61.33559,70.9
23.18:  83.85055,-61.31463,70.9
23.2:  83.89711,-61.29851,70.9
23.21:  83.93296,-61.28609,70.9
23.23:  83.95633,-61.278,70.9
23.25:  83.96763,-61.27409,70.9
23.26:  83.96763,-61.27409,70.9
23.28:  83.96763,-61.27409,70.9
23.3:  83.96763,-61.27409,70.9
23.31:  83.96763,-61.27409,70.50001
23.33:  83.96763,-61.27409,69.9
23.35:  83.96763,-61.27409,68.9
23.36:  83.96763,-61.27409,67.8
23.38:  83.96763,-61.27409,66.5
23.4:  83.96763,-61.27409,64.90001
23.41:  83.96763,-61.27409,61.2
23.43:  83.96763,-61.27409,57.6
23.45:  83.96763,-61.27409,53.1
23.46:  83.96763,-61.27409,49
23.48:  83.96763,-61.27409,44.6
23.5:  83.96763,-61.27409,40.4
23.51:  83.96763,-61.27409,33.9
23.53:  83.96763,-61.27409,28.5
23.55:  83.96763,-61.27409,23.6
23.56:  83.96763,-61.27409,19.2
23.58:  83.96763,-61.27409,16.1
23.6:  83.96763,-61.27409,12.6
23.61:  83.96763,-61.27409,8.700001
23.63:  83.96763,-61.27409,5.800001
23.65:  83.96763,-61.27409,4.300001
23.66:  83.96763,-61.27409,3.800001
23.68:  83.96763,-61.27409,4.400002
23.7:  83.96763,-61.27409,8.700002
23.71:  83.96763,-61.27409,8.700002
23.73:  83.96763,-61.27409,8.700002
23.75:  83.96763,-61.27409,8.700002
23.76:  83.96763,-61.27409,8.700002
23.78:  83.96763,-61.27409,8.700002
23.8:  83.96763,-61.27409,8.700002
23.81:  83.96763,-61.27409,8.700002
23.83:  83.96763,-61.27409,8.700002
23.85:  83.96763,-61.27409,8.700002
23.86:  83.96763,-61.27409,10
23.88:  83.96763,-61.27409,11.6
23.9:  83.96763,-61.27409,12.8
23.91:  83.96763,-61.27409,13.8
23.93:  83.96763,-61.27409,13.8
23.95:  83.96763,-61.27409,13.2
23.96:  83.96763,-61.27409,12.3
23.98:  83.96763,-61.27409,11.3
24:  83.96763,-61.27409,10.6
24.01:  83.96763,-61.27409,9.900003
24.03:  83.96763,-61.27409,9.600003
24.05:  83.96763,-61.27409,9.500004
24.06:  83.96763,-61.27409,9.400002
24.08:  83.96763,-61.27409,9.400002
24.1:  83.96763,-61.27409,9.500004
24.11:  83.96763,-61.27409,9.900004
24.13:  83.96763,-61.27409,10
24.15:  83.96763,-61.27409,10.1
24.16:  83.96763,-61.27409,10.1
24.18:  83.96763,-61.27409,10
24.2:  83.96763,-61.27409,9.700005
24.21:  83.96763,-61.27409,9.400003
24.23:  83.96959,-61.26143,8.800003
24.25:  83.97318,-61.23684,8.300003
24.26:  83.97823,-61.19949,7.700003
24.28:  83.98423,-61.14983,6.900003
24.3:  83.99062,-61.08805,5.900003
24.31:  83.9978,-61.00909,5.200003
24.33:  84.00384,-60.92686,4.200003
24.35:  84.00991,-60.82763,3.500003
24.36:  84.01579,-60.71549,3.000003
24.38:  84.0211,-60.58888,2.400003
24.4:  84.02489,-60.45296,1.600003
24.41:  84.02619,-60.30368,0.5000027
24.43:  84.02562,-60.1403,359.8
24.45:  84.02224,-59.96428,358.9
24.46:  84.01736,-59.77792,358.5
24.48:  84.01173,-59.57624,358.4
24.5:  84.00591,-59.36802,358.4
24.51:  83.99959,-59.14146,358.4
24.53:  83.9929,-58.90234,358.4
24.55:  83.98604,-58.65643,358.4
24.56:  83.98077,-58.4051,358.8
24.58:  83.97681,-58.1526,359.1
24.6:  83.97447,-57.88546,359.5
24.61:  83.97364,-57.6476,359.8
24.63:  83.97321,-57.40007,359.9
24.65:  83.97321,-57.14837,2.794774E-06
24.66:  83.97365,-56.89949,0.1000028
24.68:  83.97538,-56.65167,0.4000027
24.7:  83.97886,-56.40247,0.8000028
24.71:  83.98302,-56.13707,0.9000026
24.73:  83.98685,-55.89372,0.9000026
24.75:  83.99057,-55.65658,0.9000026
24.76:  83.99451,-55.40559,0.9000026
24.78:  83.99888,-55.15558,1.000003
24.8:  84.00327,-54.90377,1.000003
24.81:  84.00804,-54.65555,1.100003
24.83:  84.01331,-54.40436,1.200003
24.85:  84.01855,-54.15376,1.200003
24.86:  84.02421,-53.90472,1.300003
24.88:  84.02995,-53.65174,1.300003
24.9:  84.03556,-53.4043,1.300003
24.91:  84.04153,-53.1415,1.300003
24.93:  84.0472,-52.89111,1.300003
24.95:  84.05226,-52.64997,1.200003
24.96:  84.05738,-52.40554,1.200003
24.98:  84.06264,-52.15392,1.200003
25:  84.06783,-51.90667,1.200003
25.01:  84.07335,-51.64323,1.200003
25.03:  84.07858,-51.3936,1.200003
25.05:  84.0836,-51.1534,1.200003
25.06:  84.08887,-50.90182,1.200003
25.08:  84.09403,-50.6558,1.200003
25.1:  84.09888,-50.40334,1.100003
25.11:  84.10394,-50.13933,1.100003
25.13:  84.10867,-49.89305,1.100003
25.15:  84.11308,-49.64072,1.000003
25.16:  84.11677,-49.40576,0.9000027
25.18:  84.12066,-49.1584,0.9000027
25.2:  84.12462,-48.90625,0.9000027
25.21:  84.12853,-48.65715,0.9000027
25.23:  84.13252,-48.40292,0.9000027
25.25:  84.13684,-48.15551,1.000003
25.26:  84.14147,-47.89043,1.000003
25.28:  84.14578,-47.64332,1.000003
25.3:  84.1506,-47.3921,1.100003
25.31:  84.15514,-47.15619,1.100003
25.33:  84.16013,-46.89612,1.100003
25.35:  84.165,-46.64266,1.100003
25.36:  84.16959,-46.40364,1.100003
25.38:  84.17439,-46.15369,1.100003
25.4:  84.17918,-45.90439,1.100003
25.41:  84.18399,-45.65355,1.100003
25.43:  84.18877,-45.40468,1.100003
25.45:  84.19354,-45.15598,1.100003
25.46:  84.19831,-44.9075,1.100003
25.48:  84.2032,-44.65297,1.100003
25.5:  84.20799,-44.40349,1.100003
25.51:  84.21271,-44.15771,1.100003
25.53:  84.21756,-43.90535,1.100003
25.55:  84.22233,-43.65684,1.100003
25.56:  84.22711,-43.40788,1.100003
25.58:  84.2319,-43.15813,1.100003
25.6:  84.23669,-42.90853,1.100003
25.61:  84.24148,-42.65946,1.100003
25.63:  84.24629,-42.40861,1.100003
25.65:  84.25108,-42.15926,1.100003
25.66:  84.25588,-41.90924,1.100003
25.68:  84.2607,-41.65835,1.100003
25.7:  84.26553,-41.40668,1.100003
25.71:  84.27029,-41.15859,1.100003
25.73:  84.27533,-40.89646,1.100003
25.75:  84.28004,-40.65136,1.100003
25.76:  84.28482,-40.40213,1.100003
25.78:  84.2896,-40.15313,1.100003
25.8:  84.2949,-39.87749,1.100003
25.81:  84.29877,-39.65541,1.000003
25.83:  84.30188,-39.40104,0.7000027
25.85:  84.30188,-39.14153,2.721353E-06
25.86:  84.29647,-38.903,358.7
25.88:  84.27927,-38.65085,356.1
25.9:  84.24654,-38.40555,352.4
25.91:  84.20349,-38.16136,350
25.93:  84.14887,-37.91086,347.7
25.95:  84.08743,-37.66801,345.8
25.96:  84.02206,-37.43231,344.5
25.98:  83.95065,-37.19577,343.2
26:  83.87572,-36.95957,342.4
26.01:  83.79595,-36.7198,341.6
26.03:  83.71579,-36.48567,341.1
26.05:  83.62911,-36.23954,340.6
26.06:  83.54808,-36.01445,340.2
26.08:  83.4622,-35.77976,339.9
26.1:  83.3751,-35.54432,339.7
26.11:  83.28653,-35.31115,339.2
26.13:  83.18896,-35.05829,338.9
26.15:  83.10099,-34.83496,338.5
26.16:  83.00859,-34.60627,338
26.18:  82.90887,-34.3679,337.3
26.2:  82.81195,-34.14709,336.3
26.21:  82.71123,-33.92192,335.9
26.23:  82.60572,-33.69358,335.2
26.25:  82.49863,-33.47205,334.2
26.26:  82.3866,-33.24932,333.3
26.28:  82.26985,-33.02694,332.3
26.3:  82.14788,-32.8069,331
26.31:  82.02165,-32.59345,329.4
26.33:  81.89215,-32.38129,328.6
26.35:  81.7574,-32.1706,327.4
26.36:  81.61826,-31.96353,326.1
26.38:  81.47305,-31.75844,324.7
26.4:  81.32397,-31.55916,323.2
26.41:  81.1666,-31.36274,321.3
26.43:  81.00293,-31.17644,318.7
26.45:  80.83147,-30.99256,317
26.46:  80.6565,-30.81575,315.3
26.48:  80.47615,-30.64341,313.7
26.5:  80.29201,-30.47408,312.6
26.52:  80.10368,-30.31094,310.9
26.53:  79.88737,-30.13516,309.1
26.55:  79.71055,-29.99551,308.3
26.56:  79.49623,-29.82987,307.7
26.58:  79.30449,-29.6838,307.3
26.6:  79.11177,-29.53805,307.1
26.61:  78.90578,-29.38282,307
26.63:  78.71249,-29.23717,307
26.65:  78.51678,-29.08969,307
26.66:  78.31544,-28.93797,307
26.68:  78.11036,-28.78343,307
26.7:  77.91038,-28.63328,306.9
26.71:  77.71634,-28.48759,306.9
26.73:  77.5105,-28.33304,306.9
26.75:  77.31871,-28.18904,306.9
26.76:  77.11515,-28.03676,306.8
26.78:  76.91045,-27.88362,306.8
26.8:  76.71592,-27.73863,306.7
26.81:  76.5168,-27.59075,306.6
26.83:  76.31625,-27.44181,306.6
26.85:  76.11512,-27.29352,306.4
26.86:  75.91002,-27.14614,305.7
26.88:  75.70741,-27.00585,304.7
26.9:  75.49976,-26.86736,303.7
26.91:  75.28898,-26.73204,302.7
26.93:  75.07274,-26.59797,301.8
26.95:  74.86123,-26.47038,301.1
26.96:  74.64484,-26.34695,299.7
26.98:  74.422,-26.22546,298.6
27:  74.19938,-26.10907,297.6
27.01:  73.9786,-25.99948,296.4
27.03:  73.74888,-25.8904,295.4
27.05:  73.52496,-25.7893,294.3
27.06:  73.2924,-25.69105,292.9
27.08:  73.0622,-25.59665,292.3
27.1:  72.82895,-25.50146,292.2
27.11:  72.5873,-25.40284,292.2
27.13:  72.36229,-25.31102,292.2
27.15:  72.13576,-25.21857,292.2
27.16:  71.90493,-25.12437,292.2
27.18:  71.66347,-25.02583,292.2
27.2:  71.43878,-24.93414,292.2
27.21:  71.21004,-24.8408,292.2
27.23:  70.98164,-24.74805,292.1
27.25:  70.7495,-24.65567,291.7
27.27:  70.51691,-24.56592,291.1
27.28:  70.25997,-24.46832,290.8
27.3:  70.04662,-24.38855,290.5
27.31:  69.81104,-24.30234,290.1
27.33:  69.57603,-24.21819,289.7
27.35:  69.33784,-24.13572,289.1
27.36:  69.10325,-24.06039,287.8
27.38:  68.86282,-23.98597,287.2
27.4:  68.62258,-23.91435,286.6
27.41:  68.38398,-23.84458,286.3
27.43:  68.14194,-23.77426,286.2
27.45:  67.90375,-23.70596,286
27.46:  67.66415,-23.63951,285.5
27.48:  67.42202,-23.57418,285.1
27.5:  67.17918,-23.51002,284.8
27.51:  66.93625,-23.44765,284.4
27.53:  66.69093,-23.38648,284
27.55:  66.45139,-23.32765,283.8
27.56:  66.20239,-23.26694,283.7
27.58:  65.95386,-23.20728,283.5
27.6:  65.70811,-23.14919,283.3
27.61:  65.47617,-23.09521,283.1
27.63:  65.23158,-23.03964,282.8
27.65:  64.98497,-22.98452,282.6
27.66:  64.73689,-22.92998,282.4
27.68:  64.50154,-22.87909,282.2
27.7:  64.25565,-22.82772,281.8
27.71:  64.01308,-22.77837,281.5
27.73:  63.76874,-22.73043,281.1
27.75:  63.52246,-22.68434,280.6
27.76:  63.27882,-22.64094,280.1
27.78:  63.02941,-22.59921,279.5
27.8:  62.77779,-22.55845,279.2
27.81:  62.53459,-22.5195,279.1
27.83:  62.28044,-22.48015,278.8
27.85:  62.03529,-22.44395,278.4
27.86:  61.79387,-22.41174,277.6
27.88:  61.54668,-22.38183,276.9
27.9:  61.29753,-22.35432,276.3
27.91:  61.0498,-22.32741,276.2
27.93:  60.80118,-22.3004,276.2
27.95:  60.55451,-22.27361,276.2
27.96:  60.30553,-22.24656,276.2
27.98:  60.05754,-22.21962,276.2
28:  59.80876,-22.19259,276.2
28.01:  59.55946,-22.16551,276.2
28.03:  59.31002,-22.13709,276.5
28.05:  59.06366,-22.10509,277.4
28.06:  58.81627,-22.06768,278.6
28.08:  58.56035,-22.02117,280.3
28.1:  58.32541,-21.97252,281.7
28.11:  58.07885,-21.91831,282.4
28.13:  57.83714,-21.86295,282.9
28.15:  57.59143,-21.80123,284.1
28.16:  57.35138,-21.73285,285.9
28.18:  57.11178,-21.64988,289.1
28.2:  56.87974,-21.54947,293.4
28.21:  56.65821,-21.44991,294.2
28.23:  56.42924,-21.34797,294
28.25:  56.20076,-21.25004,293.2
28.26:  55.97162,-21.15606,292.3
28.28:  55.73781,-21.06349,291.6
28.3:  55.50333,-20.97207,291.3
28.31:  55.27235,-20.88108,291.5
28.33:  55.03595,-20.78749,291.6
28.35:  54.80746,-20.69748,291.5
28.36:  54.57504,-20.60826,291
28.38:  54.33786,-20.52241,289.9
28.4:  54.09951,-20.44588,287.8
28.41:  53.86031,-20.37955,285.5
28.43:  53.61636,-20.31736,284.3
28.45:  53.37296,-20.26027,283.2
28.46:  53.11853,-20.2062,282
28.48:  52.87846,-20.16083,280.7
28.5:  52.63318,-20.12067,279.3
28.51:  52.38865,-20.0876,277.7
28.53:  52.1273,-20.05505,277.1
28.55:  51.87807,-20.02577,276.7
28.56:  51.6452,-20.0013,276
28.58:  51.38885,-19.97932,274.9
28.6:  51.14301,-19.96515,273.3
28.61:  50.89587,-19.95738,271.8
28.63:  50.64225,-19.95074,271.5
28.65:  50.38637,-19.94404,271.5
28.66:  50.14256,-19.93765,271.5
28.68:  49.89639,-19.93078,271.6
28.7:  49.64931,-19.92388,271.6
28.71:  49.39526,-19.91589,271.8
28.73:  49.14756,-19.90508,272.5
28.75:  48.89785,-19.89287,272.8
28.76:  48.64725,-19.88017,272.9
28.78:  48.39504,-19.8674,272.9
28.8:  48.14964,-19.85496,272.9
28.81:  47.89611,-19.84212,272.9
28.83:  47.64503,-19.8294,272.9
28.85:  47.39522,-19.81718,272.8
28.86:  47.14763,-19.80551,272.7
28.88:  46.89941,-19.79467,272.5
28.9:  46.64663,-19.78407,272.4
28.91:  46.39766,-19.77408,272.3
28.93:  46.14758,-19.76447,272.2
28.95:  45.89947,-19.75667,271.8
28.96:  45.64968,-19.751,271.3
28.98:  45.39832,-19.74793,270.7
29:  45.14884,-19.74663,270.3
29.01:  44.8998,-19.74663,270
29.03:  44.64805,-19.74794,269.7
29.05:  44.39579,-19.75059,269.4
29.06:  44.149,-19.7536,269.3
29.08:  43.90065,-19.7575,269.1
29.1:  43.64935,-19.76189,269
29.11:  43.40104,-19.76709,268.8
29.13:  43.15074,-19.77234,268.8
29.15:  42.89899,-19.77761,268.8
29.16:  42.65076,-19.78281,268.8
29.18:  42.39857,-19.78809,268.8
29.2:  42.15226,-19.79325,268.8
29.21:  41.90137,-19.79851,268.8
29.23:  41.65118,-19.80375,268.8
29.25:  41.40101,-19.80899,268.8
29.26:  41.15067,-19.81423,268.8
29.28:  40.8974,-19.81954,268.8
29.3:  40.64962,-19.82473,268.8
29.31:  40.40314,-19.82989,268.8
29.33:  40.14807,-19.83523,268.8
29.35:  39.89611,-19.84051,268.8
29.36:  39.64849,-19.8457,268.8
29.38:  39.39697,-19.85097,268.8
29.4:  39.14874,-19.85616,268.8
29.41:  38.90084,-19.86049,269
29.43:  38.64581,-19.8645,269.1
29.45:  38.38856,-19.86719,269.4
29.46:  38.14454,-19.8689,269.6
29.48:  37.89548,-19.86846,270.1
29.5:  37.64529,-19.86671,270.4
29.51:  37.40092,-19.86501,270.4
29.53:  37.14901,-19.86325,270.4
29.55:  36.90354,-19.86154,270.4
29.56:  36.65226,-19.85978,270.4
29.58:  36.40253,-19.85804,270.4
29.6:  36.15219,-19.85629,270.4
29.61:  35.90275,-19.85455,270.4
29.63:  35.65293,-19.85281,270.4
29.65:  35.39198,-19.85098,270.4
29.66:  35.15159,-19.84931,270.4
29.68:  34.9029,-19.84757,270.4
29.7:  34.64403,-19.84576,270.4
29.71:  34.39981,-19.84406,270.4
29.73:  34.14899,-19.84231,270.4
29.75:  33.89847,-19.84143,270.2
29.76:  33.65021,-19.84317,269.6
29.78:  33.38682,-19.84684,269.2
29.8:  33.12221,-19.85192,268.9
29.81:  32.89626,-19.85705,268.7
29.83:  32.65108,-19.86262,268.7
29.85:  32.39505,-19.86843,268.7
29.86:  32.14922,-19.874,268.7
29.88:  31.8993,-19.87968,268.7
29.9:  31.65101,-19.88531,268.7
29.91:  31.40135,-19.89098,268.7
29.93:  31.14915,-19.8967,268.7
29.95:  30.90436,-19.90226,268.7
29.96:  30.65306,-19.90796,268.7
29.98:  30.40415,-19.91361,268.7
30:  30.15183,-19.91977,268.6
30.01:  29.9023,-19.92631,268.5
30.03:  29.65072,-19.93333,268.4
30.05:  29.40325,-19.94068,268.3
30.06:  29.1368,-19.94905,268.2
30.08:  28.90207,-19.95643,268.2
30.1:  28.64682,-19.96445,268.2
30.11:  28.40084,-19.97218,268.2
30.13:  28.14833,-19.98012,268.2
30.15:  27.88637,-19.98881,268.1
30.16:  27.64565,-19.99721,268
30.18:  27.39076,-20.00656,267.9
30.2:  27.14202,-20.01655,267.7
30.21:  26.90223,-20.02744,267.4
30.23:  26.64783,-20.04077,267
30.25:  26.39132,-20.05646,266.5
30.26:  26.15616,-20.07332,265.9
30.28:  25.90417,-20.09448,265.2
30.3:  25.65009,-20.12073,264.1
30.31:  25.41089,-20.14799,263.5
30.33:  25.16039,-20.17919,262.9
30.35:  24.91227,-20.21185,262.5
30.36:  24.66581,-20.24518,262.3
30.38:  24.42027,-20.27838,262.3
30.4:  24.17135,-20.31203,262.3
30.41:  23.92448,-20.34541,262.3
30.43:  23.67325,-20.37982,262.2
30.45:  23.42657,-20.41405,262.1
30.46:  23.17752,-20.4495,261.9
30.48:  22.92905,-20.4853,261.8
30.5:  22.68348,-20.52069,261.8
30.51:  22.43289,-20.55725,261.7
30.53:  22.18327,-20.59366,261.7
30.55:  21.93657,-20.63009,261.6
30.56:  21.68964,-20.66656,261.6
30.58:  21.44205,-20.70312,261.6
30.6:  21.19908,-20.739,261.6
30.61:  20.94837,-20.77691,261.4
30.63:  20.70367,-20.81479,261.2
30.65:  20.45256,-20.85456,261
30.67:  20.20999,-20.89342,260.9
30.68:  19.93896,-20.9378,260.7
30.7:  19.70411,-20.97668,260.6
30.71:  19.4492,-21.02163,260
30.73:  19.21741,-21.06459,259.5
30.75:  18.9775,-21.11079,259.1
30.76:  18.73671,-21.1589,258.7
30.78:  18.4918,-21.21096,258
30.8:  18.24793,-21.26502,257.5
30.81:  18.00431,-21.32306,256.6
30.83:  17.75833,-21.38303,256.3
30.85:  17.51953,-21.44168,256.2
30.86:  17.27753,-21.50112,256.2
30.88:  17.03631,-21.56037,256.2
30.9:  16.79052,-21.62074,256.2
30.91:  16.53952,-21.68239,256.2
30.93:  16.29272,-21.74301,256.2
30.95:  16.05774,-21.80073,256.2
30.96:  15.80989,-21.86161,256.2
30.98:  15.57562,-21.91915,256.2
31:  15.32922,-21.97967,256.2
31.01:  15.08942,-22.03857,256.2
31.03:  14.83429,-22.10124,256.2
31.05:  14.59008,-22.16122,256.2
31.06:  14.36191,-22.21727,256.2
31.08:  14.11813,-22.27714,256.2
31.1:  13.87297,-22.33736,256.2
31.11:  13.63234,-22.39647,256.2
31.13:  13.39043,-22.45633,256.1
31.15:  13.14763,-22.51642,256.1
31.16:  12.9065,-22.57609,256.1
31.18:  12.6635,-22.63623,256.1
31.2:  12.42285,-22.69578,256.1
31.21:  12.17792,-22.75685,256
31.23:  11.93727,-22.81685,256
31.25:  11.69557,-22.87712,256
31.26:  11.45167,-22.93793,256
31.28:  11.21089,-22.99796,256
31.3:  10.96576,-23.05908,256
31.31:  10.71839,-23.12075,256
31.33:  10.46867,-23.18302,256
31.35:  10.2308,-23.24276,255.9
31.36:  9.99296,-23.30251,255.9
31.38:  9.752182,-23.36299,255.9
31.4:  9.509356,-23.42398,255.9
31.41:  9.257013,-23.48736,255.9
31.43:  9.02073,-23.54671,255.9
31.45:  8.781582,-23.60678,255.9
31.46:  8.525286,-23.67116,255.9
31.48:  8.282291,-23.73219,255.9
31.5:  8.052119,-23.79001,255.9
31.51:  7.811498,-23.85045,255.9
31.53:  7.568821,-23.91141,255.9
31.55:  7.321887,-23.97343,255.9
31.56:  7.086673,-24.03251,255.9
31.58:  6.840433,-24.09437,255.9
31.6:  6.603082,-24.15398,255.9
31.63:  6.359407,-24.21519,255.9
31.65:  6.117651,-24.27592,255.9
31.66:  5.874753,-24.33693,255.9
31.68:  5.632818,-24.3977,255.9
31.7:  5.389759,-24.45875,255.9
31.71:  5.148416,-24.51937,255.9
31.73:  4.904321,-24.58068,255.9
31.75:  4.650932,-24.6448,255.8
31.76:  4.41821,-24.70369,255.8
31.78:  4.173729,-24.766,255.7
31.8:  3.918776,-24.83147,255.6
31.81:  3.675411,-24.8944,255.5
31.83:  3.451137,-24.95282,255.4
31.85:  3.207697,-25.01669,255.3
31.86:  2.962183,-25.08156,255.2
31.88:  2.707096,-25.14991,255
31.9:  2.478547,-25.21157,254.9
31.91:  2.243612,-25.27584,254.7
31.93:  2.003613,-25.34285,254.4
31.95:  1.755104,-25.41505,253.8
31.96:  1.518795,-25.48911,252.6
31.98:  1.278386,-25.57566,250.2
32:  1.056148,-25.67461,246
32.01:  0.8114241,-25.79876,243.1
32.03:  0.6155764,-25.91002,240.4
32.05:  0.4100572,-26.04348,237
32.06:  0.210851,-26.19414,232.9
32.08:  0.03519763,-26.35623,227.3
32.1:  -0.1026445,-26.53266,218
32.11:  -0.2165618,-26.71147,212.5
32.13:  -0.3092028,-26.88944,207.5
32.15:  -0.3819789,-27.06172,202.9
32.16:  -0.4381867,-27.22874,198.6
32.18:  -0.4788715,-27.38605,194.5
32.2:  -0.5092161,-27.5352,191.5
32.21:  -0.5288581,-27.66984,188.3
32.23:  -0.5435731,-27.79325,186.8
32.25:  -0.5545931,-27.90564,185.6
32.26:  -0.5622977,-28.00577,184.4
32.28:  -0.5677111,-28.09181,183.6
32.3:  -0.5720216,-28.16657,183.3
32.31:  -0.5754741,-28.22832,183.2
32.33:  -0.5781991,-28.27864,183.1
32.35:  -0.5801747,-28.31633,183
32.36:  -0.5813038,-28.3412,182.6
32.38:  -0.5817156,-28.35299,182
32.4:  -0.5817156,-28.35299,181.4
32.41:  -0.5817156,-28.35299,180.7
32.43:  -0.5817156,-28.35299,180.2
32.45:  -0.5817156,-28.35299,179.8
32.46:  -0.5817156,-28.35299,179.4
32.48:  -0.5817156,-28.35299,179
32.5:  -0.5817156,-28.35299,178.7
32.51:  -0.5813868,-28.36554,178.5
32.53:  -0.5806037,-28.39046,178.2
32.55:  -0.5794249,-28.42797,178.2
32.56:  -0.5778625,-28.47769,178.2
32.58:  -0.5759998,-28.54045,178.3
32.6:  -0.5740185,-28.61612,178.5
32.61:  -0.5720327,-28.70362,178.7
32.63:  -0.5702931,-28.80329,179
32.65:  -0.5691167,-28.91562,179.4
32.66:  -0.5686792,-29.04097,179.8
32.68:  -0.5696354,-29.17792,180.4
32.7:  -0.5725662,-29.33056,181.1
32.71:  -0.5777386,-29.49515,181.8
32.73:  -0.5844238,-29.67746,182.1
32.75:  -0.5909299,-29.85489,182.1
32.76:  -0.5987059,-30.0573,182.2
32.78:  -0.6067702,-30.26722,182.2
32.8:  -0.6162187,-30.49265,182.4
32.81:  -0.6277209,-30.72783,182.8
32.83:  -0.6417649,-30.97902,183.2
32.85:  -0.6555935,-31.22637,183.2
32.86:  -0.6705603,-31.47828,183.4
32.88:  -0.6851012,-31.72303,183.4
32.9:  -0.700955,-31.97502,183.6
32.91:  -0.7184095,-32.22463,184
32.93:  -0.7379921,-32.47345,184.5
32.95:  -0.7580041,-32.72218,184.6
32.96:  -0.7794107,-32.97187,184.9
32.98:  -0.8036833,-33.21943,185.6
33:  -0.8332828,-33.46765,186.8
33.01:  -0.8727189,-33.71664,189
33.03:  -0.9115126,-33.96157,189
33.05:  -0.9513675,-34.21321,189
33.06:  -0.9900365,-34.45736,189
33.08:  -1.028988,-34.70329,189
33.1:  -1.068408,-34.95217,189
33.11:  -1.107298,-35.19771,189
33.13:  -1.147244,-35.44992,189
33.15:  -1.186446,-35.69743,189
33.16:  -1.22509,-35.94142,189
33.18:  -1.265339,-36.19555,189
33.2:  -1.304394,-36.44212,189
33.21:  -1.342228,-36.681,189
33.23:  -1.381184,-36.92696,189
33.25:  -1.420914,-37.1778,189
33.26:  -1.460232,-37.42605,189
33.28:  -1.498191,-37.66571,189
33.3:  -1.537298,-37.91262,189
33.31:  -1.576372,-38.15932,189
33.33:  -1.615446,-38.40603,189
33.35:  -1.654447,-38.65227,189
33.36:  -1.69375,-38.90042,189
33.38:  -1.732903,-39.14762,189
33.4:  -1.771675,-39.39241,189
33.41:  -1.81127,-39.64241,189
33.43:  -1.850122,-39.88771,189
33.45:  -1.889533,-40.13654,189
33.47:  -1.92873,-40.38402,189
33.48:  -1.973561,-40.65192,189.5
33.5:  -2.013762,-40.87761,190.1
33.51:  -2.059613,-41.13501,190.1
33.53:  -2.10114,-41.37542,189.8
33.55:  -2.138167,-41.62025,188.6
33.56:  -2.163553,-41.87018,185.8
33.58:  -2.177283,-42.11575,183.2
33.6:  -2.178169,-42.36969,180.2
33.61:  -2.165461,-42.62055,177.1
33.63:  -2.132772,-42.86232,172.3
33.65:  -2.07963,-43.10606,167.7
33.66:  -2.005779,-43.34612,162.9
33.68:  -1.90483,-43.57179,155.9
33.7:  -1.788091,-43.79797,152.7
33.71:  -1.664641,-44.01007,149.8
33.73:  -1.531357,-44.22255,147.9
33.75:  -1.394148,-44.43143,146.7
33.76:  -1.253092,-44.63821,145.7
33.78:  -1.107763,-44.84423,144.8
33.8:  -0.9637744,-45.04609,144.5
33.81:  -0.8188773,-45.24848,144.4
33.83:  -0.67285,-45.4517,144.3
33.85:  -0.5255442,-45.65594,144.2
33.86:  -0.3719782,-45.86348,143.5
33.88:  -0.2248103,-46.05666,142.7
33.9:  -0.06893983,-46.25332,141.6
33.91:  0.089017,-46.44769,140.9
33.93:  0.2478929,-46.63703,140
33.95:  0.4137211,-46.82982,139.3
33.96:  0.5767758,-47.01477,138.6
33.98:  0.7442553,-47.19818,137.6
34:  0.914249,-47.37984,136.9
34.01:  1.08672,-47.56351,136.8
34.03:  1.257045,-47.74489,136.8
34.05:  1.429083,-47.92809,136.8
34.06:  1.60241,-48.11266,136.8
34.08:  1.774069,-48.29229,136.3
34.1:  1.948046,-48.4712,135.8
34.11:  2.123891,-48.64582,134.8
34.13:  2.304604,-48.81973,133.9
34.15:  2.485942,-48.99001,133.2
34.16:  2.669917,-49.15978,132.7
34.18:  2.854077,-49.32853,132.5
34.2:  3.03878,-49.49719,132.4
34.21:  3.222951,-49.66536,132.4
34.23:  3.407957,-49.8337,132.3
34.25:  3.591403,-50.00063,132.3
34.26:  3.777814,-50.17025,132.3
34.28:  3.961922,-50.33777,132.3
34.3:  4.160905,-50.5182,132.2
34.31:  4.336867,-50.67775,132.2
34.33:  4.521396,-50.84332,131.9
34.35:  4.707243,-51.00774,131.5
34.36:  4.89716,-51.174,131.2
34.38:  5.086257,-51.33665,130.7
34.4:  5.280442,-51.50075,130.2
34.41:  5.47305,-51.65672,129
34.43:  5.666784,-51.807,127.8
34.45:  5.870268,-51.95812,126.6
34.46:  6.074726,-52.10128,125
34.48:  6.283866,-52.23919,123.4
34.5:  6.497708,-52.36869,121.2
34.51:  6.71532,-52.48882,118.9
34.53:  6.938647,-52.60163,116.8
34.55:  7.163917,-52.70668,115
34.56:  7.394617,-52.80082,112.2
34.58:  7.629339,-52.88765,110.3
34.6:  7.867816,-52.9656,108.1
34.61:  8.105688,-53.03651,106.6
34.63:  8.347901,-53.10277,105.3
34.65:  8.58901,-53.16647,104.8
34.66:  8.832101,-53.23025,104.7
34.68:  9.073638,-53.29316,104.6
34.7:  9.314838,-53.35599,104.6
34.71:  9.559804,-53.4198,104.6
34.73:  9.803714,-53.48333,104.6
34.75:  10.04408,-53.54594,104.6
34.76:  10.28562,-53.60886,104.6
34.78:  10.52492,-53.6712,104.6
34.8:  10.77116,-53.73534,104.6
34.81:  11.0097,-53.79747,104.6
34.83:  11.25327,-53.86092,104.6
34.85:  11.50003,-53.92565,104.7
34.86:  11.73458,-53.98719,104.7
34.88:  11.9789,-54.05128,104.7
34.9:  12.2161,-54.11351,104.7
34.91:  12.46247,-54.17815,104.7
34.93:  12.70402,-54.24152,104.7
34.95:  12.95702,-54.30789,104.7
34.96:  13.19048,-54.36913,104.7
34.98:  13.42562,-54.43082,104.7
35:  13.66645,-54.494,104.7
35.01:  13.9098,-54.55785,104.7
35.03:  14.15023,-54.62092,104.7
35.05:  14.39379,-54.68482,104.7
35.06:  14.63522,-54.74815,104.7
35.08:  14.87565,-54.81123,104.7
35.1:  15.11895,-54.87506,104.7
35.11:  15.3601,-54.93833,104.7
35.13:  15.60302,-55.00206,104.7
35.15:  15.84645,-55.06592,104.7
35.16:  16.0908,-55.13048,104.8
35.18:  16.34165,-55.19722,104.9
35.2:  16.58027,-55.26116,105
35.21:  16.81565,-55.32467,105.1
35.23:  17.0561,-55.39045,105.3
35.25:  17.30865,-55.46096,105.6
35.27:  17.54501,-55.52785,105.8
35.28:  17.79525,-55.5996,106
35.3:  18.01738,-55.6633,106
35.31:  18.26013,-55.7329,106
35.33:  18.49311,-55.79971,106
35.35:  18.7377,-55.86985,106
35.36:  18.97831,-55.93884,106
35.38:  19.21568,-56.0069,106
35.4:  19.45474,-56.07545,106
35.41:  19.69642,-56.14475,106
35.43:  19.94,-56.21276,105.6
35.45:  20.18027,-56.27715,105
35.46:  20.42268,-56.33669,103.8
35.48:  20.66463,-56.39254,103
35.5:  20.90919,-56.44497,102.1
35.51:  21.15327,-56.49286,101.1
35.53:  21.40035,-56.53687,100.1
35.55:  21.64964,-56.57457,98.60002
35.56:  21.91049,-56.60383,96.40002
35.58:  22.15868,-56.62642,95.20002
35.6:  22.41981,-56.64651,94.40002
35.61:  22.64541,-56.66189,93.90002
35.63:  22.89706,-56.67817,93.70002
35.65:  23.14619,-56.69384,93.60003
35.66:  23.40436,-56.70872,93.30003
35.68:  23.6446,-56.72216,93.20002
35.7:  23.90029,-56.73556,93.00002
35.71:  24.15059,-56.7478,92.80003
35.73:  24.39583,-56.75894,92.60002
35.75:  24.64449,-56.76892,92.30002
35.77:  24.90263,-56.77703,91.80003
35.78:  25.17036,-56.78452,91.60002
35.8:  25.40147,-56.79097,91.60002
35.81:  25.64006,-56.79763,91.60002
35.83:  25.88902,-56.80459,91.60002
35.85:  26.14049,-56.81161,91.60002
35.86:  26.39029,-56.81815,91.50002
35.88:  26.6426,-56.82256,91.00002
35.9:  26.89054,-56.82386,90.30003
35.91:  27.14124,-56.82123,89.40002
35.93:  27.38866,-56.81432,88.40002
35.95:  27.64109,-56.80021,86.80003
35.96:  27.89481,-56.77354,84.00003
35.98:  28.15186,-56.73696,81.90002
36:  28.39531,-56.68876,78.80003
36.01:  28.6288,-56.6314,76.20003
36.03:  28.86583,-56.56074,73.40003
36.05:  29.10414,-56.47961,71.20003
36.06:  29.33748,-56.38153,67.20004
36.08:  29.55521,-56.27533,64.00004
36.1:  29.77793,-56.15289,61.20003
36.11:  30.00325,-56.01964,59.40003
36.13:  30.203,-55.89579,58.20003
36.15:  30.4141,-55.7587,57.00003
36.16:  30.6289,-55.61382,56.00003
36.18:  30.83049,-55.4763,55.70003
36.2:  31.03966,-55.33308,55.60003
36.21:  31.24339,-55.19358,55.60003
36.23:  31.44528,-55.05534,55.60003
36.25:  31.65216,-54.91262,55.40003
36.26:  31.85659,-54.77001,55.10003
36.28:  32.05932,-54.62326,54.10003
36.3:  32.25739,-54.47183,52.60003
36.31:  32.45025,-54.31228,50.40003
36.33:  32.6366,-54.14799,48.60003
36.35:  32.82061,-53.9752,46.80003
36.36:  32.99747,-53.79772,44.90003
36.38:  33.17235,-53.61599,43.90003
36.4:  33.34928,-53.42223,42.40003
36.41:  33.50797,-53.24223,41.40003
36.43:  33.66782,-53.05441,40.40003
36.45:  33.82693,-52.8607,39.40003
36.46:  33.98215,-52.66626,38.60003
36.48:  34.13824,-52.46932,38.40003
36.5:  34.29387,-52.27297,38.40003
36.51:  34.44696,-52.07982,38.40003
36.53:  34.60305,-51.88288,38.40003
36.55:  34.75651,-51.68927,38.40003
36.56:  34.91277,-51.49211,38.40003
36.58:  35.06892,-51.29509,38.40003
36.6:  35.22388,-51.09959,38.40003
36.61:  35.37797,-50.90517,38.40003
36.63:  35.54244,-50.69766,38.40003
36.65:  35.68947,-50.51415,38.70003
36.66:  35.84787,-50.31924,39.10003
36.68:  36.00704,-50.12752,39.70003
36.7:  36.16759,-49.93549,39.90002
36.71:  36.32804,-49.7436,39.90002
36.73:  36.48773,-49.55261,39.90002
36.75:  36.64884,-49.35993,39.90002
36.77:  36.8083,-49.16922,39.90002
36.78:  36.98403,-48.95905,39.90002
36.8:  37.13548,-48.77402,39.30003
36.81:  37.29818,-48.56427,37.80003
36.83:  37.43929,-48.37495,36.70002
36.85:  37.57945,-48.18061,35.80003
36.86:  37.73185,-47.96377,35.10003
36.88:  37.87462,-47.75681,34.60003
36.9:  38.00581,-47.56231,34.00003
36.91:  38.15,-47.34197,33.20003
36.93:  38.27707,-47.14328,32.60003
36.95:  38.40747,-46.93297,31.80003
36.96:  38.5363,-46.71771,30.90003
36.98:  38.66199,-46.50261,30.30003
37:  38.78787,-46.28458,30.00003
37.01:  38.91165,-46.07019,30.00003
37.03:  39.03668,-45.85275,29.90003
37.05:  39.16502,-45.62865,29.80003
37.06:  39.28594,-45.4158,29.60003
37.08:  39.40739,-45.19937,29.30003
37.1:  39.52737,-44.98203,28.90003
37.11:  39.64696,-44.7627,28.60003
37.13:  39.76477,-44.5402,27.90003
37.15:  39.8798,-44.31923,27.50003
37.16:  39.99178,-44.09753,26.80003
37.18:  40.10235,-43.87184,26.10003
37.2:  40.2161,-43.63548,25.70003
37.21:  40.31756,-43.41589,24.80003
37.23:  40.4182,-43.19301,24.30003
37.25:  40.52178,-42.95927,23.90003
37.26:  40.62155,-42.72761,23.30003
37.28:  40.71598,-42.50186,22.70003
37.3:  40.81141,-42.26448,21.90003
37.31:  40.90246,-42.02973,21.20003
37.33:  40.9868,-41.80173,20.30003
37.35:  41.07085,-41.56955,19.90003
37.36:  41.15409,-41.33316,19.40003
37.38:  41.23428,-41.09626,18.70003
37.4:  41.31208,-40.85683,18.00003
37.41:  41.38645,-40.61952,17.40004
37.43:  41.45775,-40.37879,16.50003
37.45:  41.52922,-40.12955,16.00004
37.46:  41.59695,-39.88698,15.60003
37.48:  41.66169,-39.64706,15.10004
37.5:  41.72229,-39.41603,14.70004
37.51:  41.78403,-39.17381,14.30004
37.53:  41.8439,-38.9301,13.80004
37.55:  41.90181,-38.68888,13.50004
37.56:  41.95955,-38.44463,13.30004
37.58:  42.01633,-38.20252,13.20004
37.6:  42.07341,-37.95916,13.20004
37.61:  42.13041,-37.71426,13.10003
37.63:  42.18702,-37.47097,13.10003
37.65:  42.244,-37.22611,13.10003
37.66:  42.30086,-36.97982,13.00004
37.68:  42.35678,-36.73758,13.00004
37.7:  42.41421,-36.48887,13.00004
37.71:  42.46971,-36.24846,13.00004
37.73:  42.52475,-36.01003,13.00004
37.75:  42.58118,-35.76169,12.80003
37.76:  42.63435,-35.52183,12.50004
37.78:  42.68876,-35.27439,12.40003
37.8:  42.74186,-35.03285,12.40003
37.81:  42.79502,-34.78696,12.20003
37.83:  42.84627,-34.54379,11.90003
37.85:  42.8959,-34.29765,11.40003
37.86:  42.94322,-34.04721,10.70004
37.88:  42.98632,-33.80528,10.10004
37.9:  43.03026,-33.54548,9.600036
37.91:  43.06887,-33.30445,9.100035
37.93:  43.10544,-33.0626,8.600036
37.95:  43.13999,-32.81984,8.100036
37.96:  43.17231,-32.57098,7.400035
37.98:  43.20014,-32.3229,6.400036
38:  43.22591,-32.07354,5.900037
38.01:  43.25052,-31.82697,5.700036
38.03:  43.27524,-31.5749,5.600036
38.05:  43.2995,-31.32746,5.600036
38.06:  43.32416,-31.07596,5.600036
38.08:  43.34828,-30.82545,5.500036
38.1:  43.37229,-30.57141,5.400036
38.11:  43.39458,-30.3311,5.300036
38.13:  43.41725,-30.08208,5.200036
38.15:  43.43972,-29.83515,5.200036
38.16:  43.46233,-29.5818,5.100037
38.18:  43.48434,-29.33518,5.100037
38.2:  43.50639,-29.08814,5.100037
38.21:  43.52875,-28.83766,5.100037
38.23:  43.55078,-28.59076,5.100037
38.25:  43.57298,-28.33705,5.000037
38.26:  43.59438,-28.09244,5.000037
38.28:  43.61703,-27.83357,5.000037
38.3:  43.63794,-27.59451,5.000037
38.31:  43.65934,-27.34497,4.900036
38.33:  43.68057,-27.09729,4.900036
38.35:  43.70167,-26.84605,4.800037
38.38:  43.7224,-26.59921,4.800037
38.4:  43.74298,-26.34885,4.700037
38.41:  43.76371,-26.09667,4.700037
38.43:  43.78433,-25.8459,4.700037
38.45:  43.80418,-25.59924,4.600037
38.46:  43.8249,-25.34163,4.600037
38.48:  43.84456,-25.09728,4.600037
38.5:  43.86401,-24.85018,4.500037
38.51:  43.88384,-24.59815,4.500037
38.53:  43.90325,-24.35162,4.500037
38.55:  43.92278,-24.10344,4.500037
38.56:  43.94214,-23.85744,4.500037
38.58:  43.9621,-23.60385,4.500037
38.6:  43.98149,-23.35738,4.500037
38.61:  44.00151,-23.10305,4.500037
38.63:  44.02157,-22.8482,4.500037
38.65:  44.041,-22.60125,4.500037
38.66:  44.06028,-22.35629,4.500037
38.68:  44.07978,-22.10863,4.500037
38.7:  44.09952,-21.85779,4.500037
38.71:  44.12116,-21.60535,4.900037
38.73:  44.14492,-21.3586,5.500037
38.75:  44.1702,-21.10973,5.800036
38.76:  44.19669,-20.85768,6.000036
38.78:  44.22219,-20.61507,6.000036
38.8:  44.24859,-20.36388,6.000036
38.81:  44.27455,-20.11266,5.900037
38.83:  44.29997,-19.86671,5.900037
38.85:  44.32492,-19.62106,5.800036
38.86:  44.3505,-19.36925,5.800036
38.88:  44.37548,-19.12327,5.800036
38.9:  44.40202,-18.862,5.800036
38.91:  44.42626,-18.62337,5.800036
38.93:  44.45146,-18.37533,5.800036
38.95:  44.47622,-18.13155,5.800036
38.96:  44.50198,-17.87793,5.800036
38.98:  44.52671,-17.63446,5.800036
39:  44.55186,-17.38694,5.800036
39.01:  44.57731,-17.13638,5.800036
39.03:  44.60258,-16.88761,5.800036
39.05:  44.62742,-16.63868,5.700036
39.06:  44.65209,-16.39155,5.700036
39.08:  44.6762,-16.14114,5.500036
39.1:  44.69881,-15.89268,5.200037
39.11:  44.72095,-15.62336,4.700037
39.13:  44.73913,-15.3924,4.500037
39.15:  44.75879,-15.13093,4.300036
39.16:  44.77628,-14.89285,4.200037
39.18:  44.79403,-14.63898,4.000037
39.2:  44.80984,-14.39439,3.700037
39.21:  44.82553,-14.14513,3.600037
39.23:  44.84098,-13.8925,3.500036
39.25:  44.85558,-13.64678,3.400037
39.26:  44.87053,-13.39507,3.400037
39.28:  44.8852,-13.14817,3.400037
39.3:  44.90008,-12.89772,3.400037
39.31:  44.91496,-12.64723,3.400037
39.33:  44.92931,-12.39837,3.300037
39.35:  44.94388,-12.14579,3.300037
39.36:  44.9589,-11.88519,3.300037
39.38:  44.97262,-11.64727,3.300037
39.4:  44.98674,-11.40234,3.300037
39.41:  45.00108,-11.15382,3.300037
39.43:  45.01553,-10.90304,3.300037
39.45:  45.02995,-10.65298,3.300037
39.46:  45.04426,-10.4049,3.300037
39.48:  45.05892,-10.15067,3.300037
39.5:  45.07304,-9.905632,3.300037
39.51:  45.08747,-9.655492,3.300037
39.53:  45.10197,-9.403996,3.300037
39.55:  45.11626,-9.156228,3.300037
39.56:  45.13067,-8.906266,3.300037
39.58:  45.14536,-8.651477,3.300037
39.6:  45.15947,-8.40677,3.300037
39.61:  45.17397,-8.155409,3.300037
39.63:  45.18838,-7.905401,3.300037
39.65:  45.20271,-7.656947,3.300037
39.66:  45.21713,-7.406731,3.300037
39.68:  45.23222,-7.152798,3.400037
39.7:  45.24675,-6.908219,3.400037
39.71:  45.26162,-6.657873,3.400037
39.73:  45.27683,-6.401855,3.400037
39.75:  45.29132,-6.157959,3.400037
39.76:  45.30733,-5.8962,3.500036
39.78:  45.32311,-5.645462,3.600037
39.8:  45.33812,-5.406856,3.600037
39.81:  45.35343,-5.163554,3.600037
39.83:  45.36987,-4.909376,3.700036
39.85:  45.38636,-4.661,3.800036
39.86:  45.40272,-4.414693,3.800036
39.88:  45.41934,-4.16452,3.800036
39.9:  45.43583,-3.916184,3.800036
39.91:  45.45248,-3.665615,3.800036
39.93:  45.46912,-3.415009,3.800036
39.95:  45.48557,-3.167406,3.800036
39.96:  45.50222,-2.916782,3.800036
39.98:  45.51928,-2.666499,3.900036
40:  45.53668,-2.417632,4.000036
40.01:  45.55511,-2.154022,4.000036
40.03:  45.57294,-1.905407,4.100036
40.05:  45.59076,-1.656744,4.100036
40.06:  45.60797,-1.416672,4.100036
40.08:  45.62687,-1.165259,4.300036
40.1:  45.64678,-0.9123164,4.500036
40.11:  45.66668,-0.6650036,4.600037
40.13:  45.687,-0.4178814,4.700037
40.15:  45.70734,-0.1704617,4.700037
40.16:  45.72801,0.08101982,4.700037
40.18:  45.74974,0.3397218,4.800036
40.2:  45.77009,0.5771484,4.900036
40.21:  45.79172,0.8243581,5.000037
40.23:  45.81324,1.070369,5.000037
40.25:  45.83496,1.318598,5.000037
40.26:  45.85683,1.568574,5.000037
40.28:  45.87863,1.817713,5.000037
40.3:  45.90144,2.068351,5.200037
40.31:  45.92466,2.318617,5.300037
40.33:  45.94786,2.564142,5.400037
40.35:  45.97186,2.813349,5.500037
40.36:  45.99579,3.061848,5.500037
40.38:  46.02053,3.314229,5.600037
40.4:  46.04539,3.563236,5.700037
40.41:  46.07128,3.813757,5.900038
40.43:  46.097,4.058519,6.000037
40.45:  46.12396,4.310788,6.100037
40.46:  46.15154,4.568781,6.100037
40.48:  46.17817,4.813948,6.200037
40.5:  46.20489,5.055999,6.300037
40.51:  46.2329,5.305725,6.400037
40.53:  46.26076,5.554038,6.400037
40.55:  46.28804,5.797318,6.400037
40.56:  46.31685,6.054121,6.400037
40.58:  46.34586,6.301106,6.700037
40.6:  46.37605,6.546915,7.000038
40.61:  46.41063,6.816914,7.300037
40.63:  46.44021,7.038556,7.600037
40.65:  46.4752,7.2844,8.100037
40.66:  46.51575,7.534791,9.200038
40.68:  46.56104,7.77677,10.60004
40.7:  46.62346,8.021659,14.30004
40.71:  46.69674,8.258408,17.20004
40.73:  46.78526,8.492671,20.70004
40.75:  46.8841,8.721072,23.40004
40.76:  46.99623,8.944988,26.60004
40.78:  47.12251,9.161078,30.30004
40.8:  47.26904,9.362774,36.00004
40.81:  47.43152,9.5564,40.00004
40.83:  47.61316,9.745154,43.90004
40.85:  47.78918,9.916921,45.70004
40.86:  47.96585,10.08167,47.00004
40.88:  48.1585,10.25453,48.10004
40.9:  48.35156,10.42294,48.90004
40.91:  48.53405,10.57553,50.10004
40.93:  48.72627,10.73174,50.90004
40.95:  48.92104,10.88778,51.30004
40.96:  49.11906,11.04417,51.70004
40.98:  49.31382,11.19524,52.20003
41:  49.51316,11.34765,52.60003
41.01:  49.71469,11.50061,52.80003
41.03:  49.91134,11.64988,52.80003
41.05:  50.10983,11.80054,52.80003
41.06:  50.30779,11.9508,52.80003
41.08:  50.50805,12.1028,52.80003
41.1:  50.70631,12.25329,52.80003
41.11:  50.90725,12.40472,53.00003
41.13:  51.10964,12.55284,53.80003
41.15:  51.31174,12.6986,54.20003
41.16:  51.51427,12.84306,54.50003
41.18:  51.71904,12.98805,54.70002
41.2:  51.92351,13.13175,54.90002
41.21:  52.12979,13.27459,55.30003
41.23:  52.33632,13.41233,56.30003
41.25:  52.55931,13.55275,57.80003
41.26:  52.77532,13.68616,58.30003
41.28:  52.98973,13.81652,58.70003
41.3:  53.19627,13.94112,58.90003
41.31:  53.40765,14.06813,59.00003
41.33:  53.62553,14.19749,59.30003
41.35:  53.83368,14.32108,59.30003
41.36:  54.06248,14.45694,59.30003
41.38:  54.27005,14.58018,59.30003
41.4:  54.48193,14.70499,59.50003
41.41:  54.70418,14.83382,59.90003
41.43:  54.92255,14.95787,60.40002
41.45:  55.13034,15.07544,60.50003
41.46:  55.34721,15.19713,60.70004
41.48:  55.56593,15.31938,60.80003
41.5:  55.78451,15.44004,61.10003
41.51:  56.00548,15.56051,61.40004
41.53:  56.22402,15.67868,61.60004
41.55:  56.4442,15.79723,61.70004
41.56:  56.66401,15.91509,61.80005
41.58:  56.88371,16.0329,61.80005
41.6:  57.10513,16.15112,61.90004
41.61:  57.32635,16.26875,62.00005
41.63:  57.55104,16.38671,62.30005
41.65:  57.77063,16.50102,62.50004
41.66:  57.99458,16.61661,62.70005
41.68:  58.21542,16.73011,62.80005
41.7:  58.44158,16.84534,63.00005
41.71:  58.66109,16.95526,63.40004
41.73:  58.88919,17.06553,64.20004
41.75:  59.11124,17.17002,64.80004
41.76:  59.34298,17.27808,65.00005
41.78:  59.56545,17.38135,65.10004
41.8:  59.79181,17.48594,65.20004
41.81:  60.03884,17.59852,65.50005
41.83:  60.2503,17.69178,66.20004
41.85:  60.48222,17.78832,67.40004
41.86:  60.71091,17.88072,68.00004
41.88:  60.9422,17.97229,68.40004
41.9:  61.17513,18.06264,68.80004
41.91:  61.4101,18.1519,69.20004
41.93:  61.6436,18.23827,69.70004
41.95:  61.87878,18.3248,69.80005
41.96:  62.11279,18.4109,69.80005
41.98:  62.34686,18.49702,69.80005
42:  62.58015,18.58286,69.80005
42.01:  62.817,18.67,69.80005
42.03:  63.05068,18.75598,69.80005
42.05:  63.28683,18.84286,69.80005
42.06:  63.52086,18.92897,69.80005
42.08:  63.75757,19.01606,69.80005
42.1:  63.98857,19.10105,69.80005
42.11:  64.22559,19.18826,69.80005
42.13:  64.4594,19.27428,69.80005
42.15:  64.69492,19.36094,69.80005
42.16:  64.92903,19.44707,69.80005
42.18:  65.16466,19.53376,69.80005
42.2:  65.39646,19.61905,69.80005
42.21:  65.63543,19.70697,69.80005
42.23:  65.86864,19.79232,69.90005
42.25:  66.11113,19.87866,70.40005
42.26:  66.33945,19.95862,70.70004
42.28:  66.5749,20.03969,71.00005
42.3:  66.81171,20.12077,71.10005
42.31:  67.0481,20.20078,71.30005
42.33:  67.28536,20.27971,71.60005
42.35:  67.5228,20.3564,72.10005
42.36:  67.76291,20.4321,72.50006
42.38:  67.99957,20.50627,72.60006
42.4:  68.24185,20.57942,73.20006
42.41:  68.4803,20.64915,73.70007
42.43:  68.71969,20.71688,74.20006
42.45:  68.96069,20.78282,74.70007
42.48:  69.20194,20.84791,74.90007
42.5:  69.44498,20.91349,74.90007
42.51:  69.68468,20.97816,74.90007
42.53:  69.93097,21.04416,75.00008
42.55:  70.17054,21.10745,75.20007
42.56:  70.41283,21.16966,75.60007
42.58:  70.65491,21.23002,76.00008
42.6:  70.90744,21.29158,76.30008
42.61:  71.14333,21.34865,76.40009
42.63:  71.39697,21.40954,76.50008
42.65:  71.6425,21.46803,76.60008
42.66:  71.87942,21.52447,76.60008
42.68:  72.1174,21.58073,76.70009
42.7:  72.35729,21.637,76.80009
42.71:  72.61079,21.69645,76.80009
42.73:  72.84206,21.7507,76.80009
42.75:  73.08466,21.8076,76.80009
42.76:  73.32897,21.86445,76.90009
42.78:  73.57244,21.92111,76.90009
42.8:  73.8152,21.9776,76.90009
42.81:  74.05843,22.0342,76.90009
42.83:  74.30089,22.09062,76.90009
42.85:  74.54688,22.14741,77.00009
42.86:  74.79417,22.20269,77.40009
42.88:  75.04668,22.25682,77.90009
42.9:  75.28127,22.3054,78.30009
42.91:  75.52514,22.35369,78.80009
42.93:  75.77265,22.4018,79.00008
42.95:  75.98022,22.43915,79.80009
42.96:  76.19144,22.47222,81.10009
42.98:  76.38794,22.49844,82.40009
43:  76.57557,22.51949,83.60009
43.01:  76.74802,22.53518,84.80009
43.03:  76.91217,22.54695,85.90009
43.05:  77.06114,22.5558,86.60009
43.06:  77.19933,22.56183,87.50009
43.08:  77.32645,22.56516,88.50008
43.1:  77.43741,22.56632,89.40009
43.11:  77.5357,22.56529,90.60009
43.13:  77.62621,22.55991,93.40009
43.15:  77.70071,22.55326,95.10009
43.16:  77.75879,22.545,98.10009
43.18:  77.80789,22.53572,100.7001
43.2:  77.84452,22.52686,103.6001
43.21:  77.86848,22.5199,106.2001
43.23:  77.88042,22.51601,108.0001
43.25:  77.88042,22.51601,110.2001
43.26:  77.88042,22.51601,111.3001
43.28:  77.88042,22.51601,112.6001
43.3:  77.88042,22.51601,113.5001
43.31:  77.88042,22.51601,115.6001
43.33:  77.88042,22.51601,117.4001
43.35:  77.88042,22.51601,121.5001
43.36:  77.88042,22.51601,123.6001
43.38:  77.88042,22.51601,125.2001
43.4:  77.88042,22.51601,126.2001
43.41:  77.88042,22.51601,126.6001
43.43:  77.88042,22.51601,126.6001
43.45:  77.88042,22.51601,126.6001
43.46:  77.88042,22.51601,126.6001
43.48:  77.88042,22.51601,126.5001
43.5:  77.88042,22.51601,126.4001
43.51:  77.88042,22.51601,126.2001
43.53:  77.88042,22.51601,126.1001
43.55:  77.88042,22.51601,125.8001
43.56:  77.88042,22.51601,125.5001
43.58:  77.88042,22.51601,125.1001
43.6:  77.88042,22.51601,124.7001
43.61:  77.88042,22.51601,124.5001
43.63:  77.88042,22.51601,124.4001
43.65:  77.88042,22.51601,124.3001
43.66:  77.88042,22.51601,124.3001
43.68:  77.88042,22.51601,124.3001
43.7:  77.88042,22.51601,124.3001
43.71:  77.88042,22.51601,124.2001
43.73:  77.88042,22.51601,124.2001
43.75:  77.88042,22.51601,124.1001
43.76:  77.88042,22.51601,123.9001
43.78:  77.88042,22.51601,123.9001
43.8:  77.88042,22.51601,123.8001
43.81:  77.88042,22.51601,123.7001
43.83:  77.88042,22.51601,123.6001
43.85:  77.88042,22.51601,123.4001
43.86:  77.88042,22.51601,123.4001
43.88:  77.88042,22.51601,123.4001
43.9:  77.88042,22.51601,123.3001
43.91:  77.88042,22.51601,123.2001
43.93:  77.88042,22.51601,123.0001
43.95:  77.88042,22.51601,122.6001
43.96:  77.88042,22.51601,122.1001
43.98:  77.88042,22.51601,122.0001
44:  77.88042,22.51601,121.9001
44.01:  77.88042,22.51601,121.8001
44.03:  77.88042,22.51601,121.6001
44.05:  77.88042,22.51601,121.6001
44.06:  77.88042,22.51601,121.6001
44.08:  77.88042,22.51601,121.6001
44.1:  77.88042,22.51601,121.6001
44.11:  77.88042,22.51601,122.2001
44.13:  77.88042,22.51601,123.0001
44.15:  77.88042,22.51601,123.4001
44.16:  77.88042,22.51601,123.4001
44.18:  77.88042,22.51601,123.4001
44.2:  77.88042,22.51601,123.4001
44.21:  77.88042,22.51601,123.4001
44.23:  77.88042,22.51601,123.4001
44.25:  77.88042,22.51601,123.3001
44.26:  77.88042,22.51601,123.3001
44.28:  77.88042,22.51601,123.3001
44.3:  77.88042,22.51601,123.3001
44.31:  77.88042,22.51601,123.3001
44.33:  77.88042,22.51601,123.3001
44.35:  77.88042,22.51601,123.3001
44.36:  77.88042,22.51601,123.3001
44.38:  77.88042,22.51601,123.3001
44.4:  77.88042,22.51601,123.3001
44.41:  77.88042,22.51601,123.3001
44.43:  77.88042,22.51601,123.3001
44.45:  77.88042,22.51601,123.3001
44.46:  77.88042,22.51601,123.3001
44.48:  77.88042,22.51601,123.3001
44.5:  77.88042,22.51601,123.3001
44.51:  77.88042,22.51601,123.3001
44.53:  77.88042,22.51601,123.3001
44.55:  77.88042,22.51601,123.3001
44.56:  77.88042,22.51601,123.3001
44.58:  77.88042,22.51601,123.3001
44.6:  77.88042,22.51601,123.3001
44.61:  77.88042,22.51601,123.3001
44.63:  77.88042,22.51601,123.3001
44.65:  77.88042,22.51601,123.3001
44.66:  77.88042,22.51601,123.3001
44.68:  77.88042,22.51601,123.3001
44.7:  77.88042,22.51601,123.3001
44.71:  77.88042,22.51601,123.3001
44.73:  77.88042,22.51601,123.3001
44.75:  77.88042,22.51601,123.3001
44.76:  77.88042,22.51601,123.3001
44.78:  77.88042,22.51601,123.3001
44.8:  77.88042,22.51601,123.3001
44.81:  77.88042,22.51601,123.3001
44.83:  77.88042,22.51601,123.3001
44.85:  77.88042,22.51601,123.3001
44.86:  77.88042,22.51601,123.3001
44.88:  77.88042,22.51601,123.3001
44.9:  77.88042,22.51601,123.3001
44.91:  77.88042,22.51601,123.3001
44.93:  77.88042,22.51601,123.3001
44.95:  77.88042,22.51601,123.3001
44.96:  77.88042,22.51601,123.3001
44.98:  77.88042,22.51601,123.3001
45:  77.88042,22.51601,123.3001
45.01:  77.88042,22.51601,123.3001
45.03:  77.88042,22.51601,123.3001
45.05:  77.88042,22.51601,123.3001
45.06:  77.88042,22.51601,123.3001
45.08:  77.88042,22.51601,123.3001
45.1:  77.88042,22.51601,123.3001
45.11:  77.88042,22.51601,123.3001
45.13:  77.88042,22.51601,123.3001
45.15:  77.88042,22.51601,123.3001
45.16:  77.88042,22.51601,123.3001
45.18:  77.88042,22.51601,123.3001
45.2:  77.88042,22.51601,123.3001
45.21:  77.88042,22.51601,123.3001
45.23:  77.88042,22.51601,123.3001
45.25:  77.88042,22.51601,123.3001
45.26:  77.88042,22.51601,123.3001
45.28:  77.88042,22.51601,123.3001
45.3:  77.88042,22.51601,123.3001
45.31:  77.88042,22.51601,123.3001
45.33:  77.88042,22.51601,123.3001
45.35:  77.88042,22.51601,123.3001
45.36:  77.88042,22.51601,123.3001
45.38:  77.88042,22.51601,123.3001
45.4:  77.88042,22.51601,123.3001
45.41:  77.88042,22.51601,123.3001
45.43:  77.88042,22.51601,123.3001
45.45:  77.88042,22.51601,123.3001
45.46:  77.88042,22.51601,123.3001
45.48:  77.88042,22.51601,123.3001
45.5:  77.88042,22.51601,123.3001
45.51:  77.88042,22.51601,123.3001
45.53:  77.88042,22.51601,123.3001
45.55:  77.88042,22.51601,123.3001
45.56:  77.88042,22.51601,123.3001
45.58:  77.88042,22.51601,123.3001
45.6:  77.88042,22.51601,123.3001
45.61:  77.88042,22.51601,123.3001
45.63:  77.88042,22.51601,123.3001
45.65:  77.88042,22.51601,123.3001
45.66:  77.88042,22.51601,123.3001
45.68:  77.88042,22.51601,123.3001
45.7:  77.88042,22.51601,123.3001
45.71:  77.88042,22.51601,123.3001
45.73:  77.88042,22.51601,123.3001
45.75:  77.88042,22.51601,123.3001
45.76:  77.88042,22.51601,123.3001
45.78:  77.88042,22.51601,123.3001
45.8:  77.88042,22.51601,123.3001
45.81:  77.88042,22.51601,123.3001
45.83:  77.88042,22.51601,123.3001
45.85:  77.88042,22.51601,123.3001
45.86:  77.88042,22.51601,123.3001
45.88:  77.88042,22.51601,123.3001
45.9:  77.88042,22.51601,123.3001
45.91:  77.88042,22.51601,123.3001
45.93:  77.88042,22.51601,123.3001
45.95:  77.88042,22.51601,123.3001
45.96:  77.88042,22.51601,123.3001
45.98:  77.88042,22.51601,123.3001
46:  77.88042,22.51601,123.3001
46.01:  77.88042,22.51601,123.3001
46.03:  77.88042,22.51601,123.3001
46.05:  77.88042,22.51601,123.3001
46.06:  77.88042,22.51601,123.3001
46.08:  77.88042,22.51601,123.3001
46.1:  77.88042,22.51601,123.3001
46.11:  77.88042,22.51601,123.3001
46.13:  77.88042,22.51601,123.3001
46.15:  77.88042,22.51601,123.3001
46.16:  77.88042,22.51601,123.3001
46.18:  77.88042,22.51601,123.3001
46.2:  77.88042,22.51601,123.3001
46.21:  77.88042,22.51601,123.3001
46.23:  77.88042,22.51601,123.3001
46.25:  77.88042,22.51601,123.3001
46.26:  77.88042,22.51601,123.3001
46.28:  77.88042,22.51601,123.3001
46.3:  77.88042,22.51601,123.3001
46.31:  77.88042,22.51601,123.3001
46.33:  77.88042,22.51601,123.3001
46.35:  77.88042,22.51601,123.3001
46.36:  77.88042,22.51601,123.3001
46.38:  77.88042,22.51601,123.3001
46.4:  77.88042,22.51601,123.3001
46.41:  77.88042,22.51601,123.3001
46.43:  77.88042,22.51601,123.3001
46.45:  77.88042,22.51601,123.3001
46.46:  77.88042,22.51601,123.3001
46.48:  77.88042,22.51601,123.3001
46.5:  77.88042,22.51601,123.3001
46.51:  77.88042,22.51601,123.3001
46.53:  77.88042,22.51601,123.3001
46.55:  77.88042,22.51601,123.3001
46.56:  77.88042,22.51601,123.3001
46.58:  77.88042,22.51601,123.3001
46.6:  77.88042,22.51601,123.3001
46.61:  77.88042,22.51601,123.3001
46.63:  77.88042,22.51601,123.3001
46.65:  77.88042,22.51601,123.3001
46.66:  77.88042,22.51601,123.3001
46.68:  77.88042,22.51601,123.3001
46.7:  77.88042,22.51601,123.3001
46.71:  77.88042,22.51601,123.3001
46.73:  77.88042,22.51601,123.3001
46.75:  77.88042,22.51601,123.3001
46.76:  77.88042,22.51601,123.3001
46.78:  77.88042,22.51601,123.3001
46.8:  77.88042,22.51601,123.3001
46.81:  77.88042,22.51601,123.3001
46.83:  77.88042,22.51601,123.3001
46.85:  77.88042,22.51601,123.3001
46.86:  77.88042,22.51601,123.3001
46.88:  77.88042,22.51601,123.3001
46.9:  77.88042,22.51601,123.3001
46.91:  77.88042,22.51601,123.3001
46.93:  77.88042,22.51601,123.3001
46.95:  77.88042,22.51601,123.3001
46.96:  77.88042,22.51601,123.3001
46.98:  77.88042,22.51601,123.3001
47:  77.88042,22.51601,123.3001
47.01:  77.88042,22.51601,123.3001
47.03:  77.88042,22.51601,123.3001
47.05:  77.88042,22.51601,123.3001
47.06:  77.88042,22.51601,123.3001
47.08:  77.88042,22.51601,123.3001
47.1:  77.88042,22.51601,123.3001
47.11:  77.88042,22.51601,123.3001
47.13:  77.88042,22.51601,123.3001
47.15:  77.88042,22.51601,123.3001
47.16:  77.88042,22.51601,123.3001
47.18:  77.88042,22.51601,123.3001
47.2:  77.88042,22.51601,123.3001
47.21:  77.88042,22.51601,123.3001
47.23:  77.88042,22.51601,123.3001
47.25:  77.88042,22.51601,123.3001
47.26:  77.88042,22.51601,123.3001
47.28:  77.88042,22.51601,123.3001
47.3:  77.88042,22.51601,123.3001
47.31:  77.88042,22.51601,123.3001
47.33:  77.88042,22.51601,123.3001
47.35:  77.88042,22.51601,123.3001
47.36:  77.88042,22.51601,123.3001
47.38:  77.88042,22.51601,123.3001
47.4:  77.88042,22.51601,123.3001
47.41:  77.88042,22.51601,123.3001
47.43:  77.88042,22.51601,123.3001
47.45:  77.88042,22.51601,123.3001
47.46:  77.88042,22.51601,123.3001
47.48:  77.88042,22.51601,123.3001
47.5:  77.88042,22.51601,123.3001
47.51:  77.88042,22.51601,123.3001
47.53:  77.88042,22.51601,123.3001
47.55:  77.88042,22.51601,123.3001
47.56:  77.88042,22.51601,123.3001
47.58:  77.88042,22.51601,123.3001
47.6:  77.88042,22.51601,123.3001
47.61:  77.88042,22.51601,123.3001
47.63:  77.88042,22.51601,123.3001
47.65:  77.88042,22.51601,123.3001
47.66:  77.88042,22.51601,123.3001
47.68:  77.88042,22.51601,123.3001
47.7:  77.88042,22.51601,123.3001
47.71:  77.88042,22.51601,123.3001
47.73:  77.88042,22.51601,123.3001
47.75:  77.88042,22.51601,123.3001
47.76:  77.88042,22.51601,123.3001
47.78:  77.88042,22.51601,123.3001
47.8:  77.88042,22.51601,123.3001
47.81:  77.88042,22.51601,123.3001
47.83:  77.88042,22.51601,123.3001
47.85:  77.88042,22.51601,123.3001
47.86:  77.88042,22.51601,123.3001
47.88:  77.88042,22.51601,123.3001
47.9:  77.88042,22.51601,123.3001
47.91:  77.88042,22.51601,123.3001
47.93:  77.88042,22.51601,123.3001
47.95:  77.88042,22.51601,123.3001
47.96:  77.88042,22.51601,123.3001
47.98:  77.88042,22.51601,123.3001
48:  77.88042,22.51601,123.3001
48.01:  77.88042,22.51601,123.3001
48.03:  77.88042,22.51601,123.3001
48.05:  77.88042,22.51601,123.3001
48.06:  77.88042,22.51601,123.3001
48.08:  77.88042,22.51601,123.3001
48.1:  77.88042,22.51601,123.3001
48.11:  77.88042,22.51601,123.3001
48.13:  77.88042,22.51601,123.3001
48.15:  77.88042,22.51601,123.3001
48.16:  77.88042,22.51601,123.3001
48.18:  77.88042,22.51601,123.3001
48.2:  77.88042,22.51601,123.3001
48.21:  77.88042,22.51601,123.3001
48.23:  77.88042,22.51601,123.3001
48.25:  77.88042,22.51601,123.3001
48.26:  77.88042,22.51601,123.3001
48.28:  77.88042,22.51601,123.3001
48.3:  77.88042,22.51601,123.3001
48.31:  77.88042,22.51601,123.3001
48.33:  77.88042,22.51601,123.3001
48.35:  77.88042,22.51601,123.3001
48.36:  77.88042,22.51601,123.3001
48.38:  77.88042,22.51601,123.3001
48.4:  77.88042,22.51601,123.3001
48.41:  77.88042,22.51601,123.3001
48.43:  77.88042,22.51601,123.3001
48.45:  77.88042,22.51601,123.3001
48.46:  77.88042,22.51601,123.3001
48.48:  77.88042,22.51601,123.3001
48.5:  77.88042,22.51601,123.3001
48.51:  77.88042,22.51601,123.3001
48.53:  77.88042,22.51601,123.3001
48.55:  77.88042,22.51601,123.3001
48.56:  77.88042,22.51601,123.3001
48.58:  77.88042,22.51601,123.3001
48.6:  77.88042,22.51601,123.3001
48.61:  77.88042,22.51601,123.3001
48.63:  77.88042,22.51601,123.3001
48.65:  77.88042,22.51601,123.3001
48.66:  77.88042,22.51601,123.3001
48.68:  77.88042,22.51601,123.3001
48.7:  77.88042,22.51601,123.3001
48.71:  77.88042,22.51601,123.3001
48.73:  77.88042,22.51601,123.3001
48.75:  77.88042,22.51601,123.3001
48.76:  77.88042,22.51601,123.3001
48.78:  77.88042,22.51601,123.3001
48.8:  77.88042,22.51601,123.3001
48.81:  77.88042,22.51601,123.3001
48.83:  77.88042,22.51601,123.3001
48.85:  77.88042,22.51601,123.3001
48.86:  77.88042,22.51601,123.3001
48.88:  77.88042,22.51601,123.3001
48.9:  77.88042,22.51601,123.3001
48.91:  77.88042,22.51601,123.3001
48.93:  77.88042,22.51601,123.3001
48.95:  77.88042,22.51601,123.3001
48.96:  77.88042,22.51601,123.3001
48.98:  77.88042,22.51601,123.3001
49:  77.88042,22.51601,123.3001
49.01:  77.88042,22.51601,123.3001
49.03:  77.88042,22.51601,123.3001
49.05:  77.88042,22.51601,123.3001
49.06:  77.88042,22.51601,123.3001
49.08:  77.88042,22.51601,123.3001
49.1:  77.88042,22.51601,123.3001
49.11:  77.88042,22.51601,123.3001
49.13:  77.88042,22.51601,123.3001
49.15:  77.88042,22.51601,123.3001
49.16:  77.88042,22.51601,123.3001
49.18:  77.88042,22.51601,123.3001
49.2:  77.88042,22.51601,123.3001
49.21:  77.88042,22.51601,123.3001
49.23:  77.88042,22.51601,123.3001
49.25:  77.88042,22.51601,123.3001
49.26:  77.88042,22.51601,123.3001
49.28:  77.88042,22.51601,123.3001
49.3:  77.88042,22.51601,123.3001
49.31:  77.88042,22.51601,123.3001
49.33:  77.88042,22.51601,123.3001
49.35:  77.88042,22.51601,123.3001
49.36:  77.88042,22.51601,123.3001
49.38:  77.88042,22.51601,123.3001
49.4:  77.88042,22.51601,123.3001
49.41:  77.88042,22.51601,123.3001
49.43:  77.88042,22.51601,123.3001
49.45:  77.88042,22.51601,123.3001
49.46:  77.88042,22.51601,123.3001
49.48:  77.88042,22.51601,123.3001
49.5:  77.88042,22.51601,123.3001
49.51:  77.88042,22.51601,123.3001
49.53:  77.88042,22.51601,123.3001
49.55:  77.88042,22.51601,123.3001
49.56:  77.88042,22.51601,123.3001
49.58:  77.88042,22.51601,123.3001
49.6:  77.88042,22.51601,123.3001
49.61:  77.88042,22.51601,123.3001
49.63:  77.88042,22.51601,123.3001
49.65:  77.88042,22.51601,123.3001
49.66:  77.88042,22.51601,123.3001
49.68:  77.88042,22.51601,123.3001
49.7:  77.88042,22.51601,123.3001
49.71:  77.88042,22.51601,123.3001
49.73:  77.88042,22.51601,123.3001
49.75:  77.88042,22.51601,123.3001
49.76:  77.88042,22.51601,123.3001
49.78:  77.88042,22.51601,123.3001
49.8:  77.88042,22.51601,123.3001
49.81:  77.88042,22.51601,123.3001
49.83:  77.88042,22.51601,123.3001
49.85:  77.88042,22.51601,123.3001
49.86:  77.88042,22.51601,123.3001
49.88:  77.88042,22.51601,123.3001
49.9:  77.88042,22.51601,123.3001
49.91:  77.88042,22.51601,123.3001
49.93:  77.88042,22.51601,123.3001
49.95:  77.88042,22.51601,123.3001
49.96:  77.88042,22.51601,123.3001
49.98:  77.88042,22.51601,123.3001
50:  77.88042,22.51601,123.3001
50.01:  77.88042,22.51601,123.3001
50.03:  77.88042,22.51601,123.3001
50.05:  77.88042,22.51601,123.3001
50.06:  77.88042,22.51601,123.3001
50.08:  77.88042,22.51601,123.3001
50.1:  77.88042,22.51601,123.3001
50.11:  77.88042,22.51601,123.3001
50.13:  77.88042,22.51601,123.3001
50.15:  77.88042,22.51601,123.3001
50.16:  77.88042,22.51601,123.3001
50.18:  77.88042,22.51601,123.3001
50.2:  77.88042,22.51601,123.3001
50.21:  77.88042,22.51601,123.3001
50.23:  77.88042,22.51601,123.3001
50.25:  77.88042,22.51601,123.3001
50.26:  77.88042,22.51601,123.3001
50.28:  77.88042,22.51601,123.3001
50.3:  77.88042,22.51601,123.3001
50.31:  77.88042,22.51601,123.3001
50.33:  77.88042,22.51601,123.3001
50.35:  77.88042,22.51601,123.3001
50.36:  77.88042,22.51601,123.3001
50.38:  77.88042,22.51601,123.3001
50.4:  77.88042,22.51601,123.3001
50.41:  77.88042,22.51601,123.3001
50.43:  77.88042,22.51601,123.3001
50.45:  77.88042,22.51601,123.3001
50.46:  77.88042,22.51601,123.3001
50.48:  77.88042,22.51601,123.3001
50.5:  77.88042,22.51601,123.3001
50.51:  77.88042,22.51601,123.3001
50.53:  77.88042,22.51601,123.3001
50.55:  77.88042,22.51601,123.3001
50.56:  77.88042,22.51601,123.3001
50.58:  77.88042,22.51601,123.3001
50.6:  77.88042,22.51601,123.3001
50.61:  77.88042,22.51601,123.3001
50.63:  77.88042,22.51601,123.3001
50.65:  77.88042,22.51601,123.3001
50.66:  77.88042,22.51601,123.3001
50.68:  77.88042,22.51601,123.3001
50.7:  77.88042,22.51601,123.3001
50.71:  77.88042,22.51601,123.3001
50.73:  77.88042,22.51601,123.3001
50.75:  77.88042,22.51601,123.3001
50.76:  77.88042,22.51601,123.3001
50.78:  77.88042,22.51601,123.3001
50.8:  77.88042,22.51601,123.3001
50.81:  77.88042,22.51601,123.3001
50.83:  77.88042,22.51601,123.3001
50.85:  77.88042,22.51601,123.3001
50.86:  77.88042,22.51601,123.3001
50.88:  77.88042,22.51601,123.3001
50.9:  77.88042,22.51601,123.3001
50.91:  77.88042,22.51601,123.3001
50.93:  77.88042,22.51601,123.3001
50.95:  77.88042,22.51601,123.3001
50.96:  77.88042,22.51601,123.3001
50.98:  77.88042,22.51601,123.3001
51:  77.88042,22.51601,123.3001
51.01:  77.88042,22.51601,123.3001
51.03:  77.88042,22.51601,123.3001
51.05:  77.88042,22.51601,123.3001
51.06:  77.88042,22.51601,123.3001
51.08:  77.88042,22.51601,123.3001
51.1:  77.88042,22.51601,123.3001
51.11:  77.88042,22.51601,123.3001
51.13:  77.88042,22.51601,123.3001
51.15:  77.88042,22.51601,123.3001
51.16:  77.88042,22.51601,123.3001
51.18:  77.88042,22.51601,123.3001
51.2:  77.88042,22.51601,123.3001
51.21:  77.88042,22.51601,123.3001
51.23:  77.88042,22.51601,123.3001
51.25:  77.88042,22.51601,123.3001
51.26:  77.88042,22.51601,123.3001
51.28:  77.88042,22.51601,123.3001
51.3:  77.88042,22.51601,123.3001
51.31:  77.88042,22.51601,123.3001
51.33:  77.88042,22.51601,123.3001
51.35:  77.88042,22.51601,123.3001
51.36:  77.88042,22.51601,123.3001
51.38:  77.88042,22.51601,123.3001
51.4:  77.88042,22.51601,123.3001
51.41:  77.88042,22.51601,123.3001
51.43:  77.88042,22.51601,123.3001
51.45:  77.88042,22.51601,123.3001
51.46:  77.88042,22.51601,123.3001
51.48:  77.88042,22.51601,123.3001
51.5:  77.88042,22.51601,123.3001
51.51:  77.88042,22.51601,123.3001
51.53:  77.88042,22.51601,123.3001
51.55:  77.88042,22.51601,123.3001
51.56:  77.88042,22.51601,123.3001
51.58:  77.88042,22.51601,123.3001
51.6:  77.88042,22.51601,123.3001
51.61:  77.88042,22.51601,123.3001
51.63:  77.88042,22.51601,123.3001
51.65:  77.88042,22.51601,123.3001
51.66:  77.88042,22.51601,123.3001
51.68:  77.88042,22.51601,123.3001
51.7:  77.88042,22.51601,123.3001
51.71:  77.88042,22.51601,123.3001
51.73:  77.88042,22.51601,123.3001
51.75:  77.88042,22.51601,123.3001
51.76:  77.88042,22.51601,123.3001
51.78:  77.88042,22.51601,123.3001
51.8:  77.88042,22.51601,123.3001
51.81:  77.88042,22.51601,123.3001
