ParticipantNo: 11017
Controller type: Gamepad
Training Level Timed:
0.02:  82.7,18.5,270
0.03:  82.7,18.5,270
0.05:  82.7,18.5,270
0.07:  82.7,18.5,270
0.09:  82.7,18.5,270
0.1:  82.7,18.5,270
0.12:  82.7,18.5,270
0.14:  82.7,18.5,270
0.15:  82.7,18.5,270
0.17:  82.7,18.5,270
0.19:  82.7,18.5,270
0.2:  82.7,18.5,270
0.22:  82.7,18.5,270
0.24:  82.7,18.5,270
0.25:  82.7,18.5,270
0.27:  82.7,18.5,270
0.29:  82.7,18.5,270
0.3:  82.7,18.5,270
0.32:  82.7,18.5,270
0.34:  82.7,18.5,270
0.35:  82.7,18.5,270
0.37:  82.7,18.5,270
0.39:  82.7,18.5,270
0.4:  82.7,18.5,270
0.42:  82.7,18.5,270
0.44:  82.7,18.5,270.002
0.45:  82.7,18.5,270.002
0.47:  82.7,18.5,270.002
0.49:  82.7,18.5,270.002
0.5:  82.7,18.5,270.002
0.52:  82.7,18.5,270.002
0.54:  82.7,18.5,270.002
0.55:  82.7,18.5,270.002
0.57:  82.7,18.5,270.002
0.59:  82.7,18.5,270.002
0.6:  82.7,18.5,270.002
0.62:  82.7,18.5,270.002
0.64:  82.7,18.5,270.002
0.65:  82.7,18.5,270.002
0.67:  82.7,18.5,270.002
0.69:  82.7,18.5,270.002
0.7:  82.7,18.5,270.002
0.72:  82.7,18.5,270.002
0.74:  82.7,18.5,270.002
0.75:  82.7,18.5,270.002
0.77:  82.7,18.5,270.002
0.79:  82.7,18.5,270.002
0.8:  82.7,18.5,270.002
0.82:  82.7,18.5,270.002
0.84:  82.7,18.5,270.002
0.85:  82.7,18.5,270.002
0.87:  82.7,18.5,270.002
0.89:  82.7,18.5,270.002
0.9:  82.7,18.5,270.002
0.92:  82.7,18.5,270.002
0.94:  82.7,18.5,270.002
0.95:  82.7,18.5,270.002
0.97:  82.7,18.5,270.002
0.99:  82.7,18.5,270.002
1:  82.7,18.5,270.002
1.02:  82.7,18.5,270.002
1.04:  82.7,18.5,270.002
1.05:  82.7,18.5,270.002
1.07:  82.7,18.5,270.002
1.09:  82.7,18.5,270.002
1.1:  82.7,18.5,270.002
1.12:  82.7,18.5,270.002
1.14:  82.7,18.5,270.002
1.15:  82.7,18.5,270.002
1.17:  82.7,18.5,270.002
1.19:  82.7,18.5,270.002
1.2:  82.7,18.5,270.002
1.22:  82.7,18.5,270.002
1.24:  82.7,18.5,270.002
1.25:  82.7,18.5,270.002
1.27:  82.7,18.5,270.002
1.29:  82.7,18.5,270.002
1.3:  82.7,18.5,270.002
1.32:  82.7,18.5,270.002
1.34:  82.7,18.5,270.002
1.35:  82.7,18.5,270.002
1.37:  82.7,18.5,270.002
1.39:  82.7,18.5,270.002
1.4:  82.7,18.5,270.002
1.42:  82.7,18.5,270.002
1.44:  82.7,18.5,270.002
1.45:  82.7,18.5,270.002
1.47:  82.7,18.5,270.002
1.49:  82.7,18.5,270.002
1.5:  82.7,18.5,270.002
1.52:  82.7,18.5,270.002
1.54:  82.7,18.5,270.002
1.55:  82.7,18.5,270.002
1.57:  82.7,18.5,270.002
1.59:  82.7,18.5,270.002
1.6:  82.7,18.5,270.002
1.62:  82.7,18.5,270.002
1.64:  82.7,18.5,270.002
1.65:  82.7,18.5,270.002
1.67:  82.7,18.5,270.002
1.69:  82.7,18.5,270.002
1.7:  82.7,18.5,270.002
1.72:  82.7,18.5,270.002
1.74:  82.7,18.5,270.002
1.75:  82.7,18.5,270.002
1.77:  82.7,18.5,270.002
1.79:  82.7,18.5,270.002
1.8:  82.7,18.5,270.002
1.82:  82.7,18.5,270.002
1.84:  82.7,18.5,270.002
1.85:  82.7,18.5,270.002
1.87:  82.7,18.5,270.002
1.89:  82.7,18.5,270.002
1.9:  82.7,18.5,270.002
1.92:  82.7,18.5,270.002
1.94:  82.7,18.5,270.002
1.95:  82.7,18.5,270.002
1.97:  82.7,18.5,270.002
1.99:  82.7,18.5,270.002
2:  82.7,18.5,270.002
2.02:  82.7,18.5,270.002
2.04:  82.7,18.5,270.002
2.05:  82.7,18.5,270.002
2.07:  82.7,18.5,270.002
2.09:  82.7,18.5,270.002
2.1:  82.7,18.5,270.002
2.12:  82.7,18.5,270.002
2.14:  82.7,18.5,270.002
2.15:  82.7,18.5,270.002
2.17:  82.7,18.5,270.002
2.19:  82.7,18.5,270.002
2.2:  82.7,18.5,270.002
2.22:  82.7,18.5,270.002
2.24:  82.7,18.5,270.002
2.25:  82.7,18.5,270.002
2.27:  82.7,18.5,270.002
2.29:  82.7,18.5,270.002
2.3:  82.7,18.5,270.002
2.32:  82.7,18.5,270.002
2.34:  82.7,18.5,270.002
2.35:  82.7,18.5,270.002
2.37:  82.7,18.5,270.002
2.39:  82.7,18.5,270.002
2.4:  82.7,18.5,270.002
2.42:  82.7,18.5,270.002
2.45:  82.7,18.5,270.002
2.47:  82.7,18.5,270.002
2.49:  82.7,18.5,270.002
2.5:  82.7,18.5,270.002
2.52:  82.7,18.5,270.002
2.54:  82.7,18.5,270.002
2.55:  82.7,18.5,270.002
2.57:  82.7,18.5,270.002
2.59:  82.7,18.5,270.002
2.6:  82.7,18.5,270.002
2.62:  82.7,18.5,270.002
2.64:  82.7,18.5,270.002
2.65:  82.7,18.5,270.002
2.67:  82.7,18.5,270.002
2.69:  82.7,18.5,270.002
2.7:  82.7,18.5,270.002
2.72:  82.68287,18.5,270.002
2.74:  82.62914,18.5,270.002
2.75:  82.51375,18.50001,270.002
2.77:  82.29045,18.50001,270.002
2.79:  82.03107,18.50002,270.002
2.8:  81.78816,18.50003,270.002
2.82:  81.53729,18.50004,270.002
2.84:  81.28815,18.50005,270.002
2.85:  81.03797,18.50006,270.002
2.87:  80.78772,18.50007,270.002
2.89:  80.54071,18.50007,270.002
2.9:  80.28706,18.50008,270.002
2.92:  80.03642,18.50009,270.002
2.94:  79.78109,18.5001,270.002
2.95:  79.53399,18.50011,270.002
2.97:  79.28604,18.50012,270.002
2.99:  79.03642,18.50013,270.002
3:  78.78592,18.50014,270.002
3.02:  78.53937,18.50014,270.002
3.04:  78.2811,18.50015,270.002
3.05:  78.03852,18.50016,270.002
3.07:  77.79031,18.50017,270.002
3.09:  77.53927,18.50018,270.002
3.1:  77.28685,18.50019,270.002
3.12:  77.03672,18.50019,270.002
3.14:  76.78799,18.5002,270.002
3.15:  76.53118,18.50021,270.002
3.17:  76.28461,18.50022,270.002
3.19:  76.03591,18.50023,270.002
3.2:  75.78404,18.50024,270.002
3.22:  75.53922,18.50025,270.002
3.24:  75.28735,18.50026,270.002
3.25:  75.03823,18.50026,270.002
3.27:  74.78849,18.50027,270.002
3.29:  74.53016,18.50028,270.002
3.3:  74.2914,18.50029,270.002
3.32:  74.03677,18.5003,270.002
3.34:  73.78812,18.50031,270.002
3.35:  73.53789,18.50031,270.002
3.37:  73.28708,18.50032,270.002
3.39:  73.03789,18.50033,270.002
3.4:  72.7866,18.50034,270.002
3.42:  72.53756,18.50035,270.002
3.44:  72.28838,18.50036,270.002
3.45:  72.03787,18.50037,270.002
3.47:  71.79035,18.50038,270.002
3.49:  71.53744,18.50039,270.002
3.5:  71.28833,18.50039,270.002
3.52:  71.03084,18.5004,270.002
3.54:  70.78426,18.50041,270.002
3.55:  70.53454,18.50042,270.002
3.57:  70.28276,18.50043,270.002
3.59:  70.03709,18.50044,270.002
3.6:  69.78674,18.50041,269.9937
3.62:  69.53809,18.50015,269.941
3.64:  69.28835,18.49908,269.7552
3.65:  69.03009,18.4962,269.3603
3.67:  68.7838,18.49075,268.7308
3.69:  68.53505,18.48184,267.9493
3.7:  68.28409,18.46939,267.1614
3.72:  68.0384,18.45385,266.3799
3.74:  67.78992,18.4347,265.592
3.75:  67.54089,18.41205,264.8041
3.77:  67.29198,18.38599,264.0226
3.79:  67.04395,18.35657,263.2347
3.8:  66.7953,18.3236,262.4468
3.82:  66.54762,18.28728,261.6589
3.84:  66.30152,18.24776,260.8774
3.85:  66.05352,18.21934,260.0959
3.87:  65.80403,18.1873,259.3143
3.89:  65.55572,18.15195,258.5328
3.9:  65.30832,18.11329,257.7513
3.92:  65.06388,18.07167,256.9697
3.94:  64.81633,18.02603,256.1882
3.95:  64.56918,17.97697,255.4066
3.97:  64.32482,17.92499,254.6251
3.99:  64.07327,17.86786,253.8372
4:  63.8401,17.81152,253.0493
4.02:  63.59104,17.75544,252.2678
4.04:  63.34137,17.71566,251.4862
4.05:  63.09312,17.67266,250.7111
4.07:  62.84327,17.62833,249.9295
4.09:  62.59364,17.58051,249.148
4.1:  62.34383,17.52909,248.3601
4.12:  62.09603,17.47454,247.5786
4.14:  61.85062,17.417,246.797
4.15:  61.59763,17.35147,246.0155
4.17:  61.35526,17.28762,245.2339
4.19:  61.11142,17.21982,244.4524
4.2:  60.87441,17.15042,243.6708
4.22:  60.63053,17.07538,242.8893
4.24:  60.38684,16.99674,242.1078
4.25:  60.14929,16.91649,241.3262
4.27:  59.90184,16.82912,240.5447
4.29:  59.66765,16.74282,239.7631
4.3:  59.43444,16.65326,238.9816
4.32:  59.20219,16.55782,238.2001
4.34:  58.96856,16.45808,237.4185
4.35:  58.73602,16.35767,236.637
4.37:  58.50323,16.25336,235.8554
4.39:  58.27304,16.14639,235.0676
4.4:  58.04477,16.0365,234.286
4.42:  57.81639,15.92269,233.5045
4.44:  57.5874,15.80466,232.7229
4.45:  57.36356,15.68539,231.9414
4.47:  57.14248,15.56093,231.1599
4.49:  56.92184,15.43552,230.3783
4.5:  56.70237,15.30678,229.5968
4.52:  56.48482,15.17515,228.8152
4.54:  56.27022,15.04127,228.0337
4.55:  56.0572,14.90427,227.2458
4.57:  55.84492,14.76358,226.4579
4.59:  55.6357,14.62074,225.6701
4.6:  55.42792,14.47466,224.8822
4.62:  55.22513,14.32495,224.1006
4.64:  55.02229,14.17088,223.3191
4.65:  54.82296,14.01206,222.5376
4.67:  54.62393,13.84577,221.756
4.69:  54.44719,13.67848,220.9745
4.7:  54.26648,13.50271,220.1929
4.72:  54.08613,13.32242,219.4114
4.74:  53.91449,13.14609,218.6299
4.75:  53.74168,12.96366,217.8483
4.77:  53.57051,12.77795,217.0668
4.79:  53.40474,12.59309,216.2852
4.8:  53.23882,12.40287,215.4973
4.82:  53.07606,12.21105,214.7158
4.84:  52.91632,12.01747,213.9279
4.85:  52.75925,11.86242,213.14
4.87:  52.60649,11.86242,212.3585
4.89:  52.45314,11.86242,211.577
4.9:  52.30407,11.86242,210.7954
4.92:  52.15738,11.86242,210.0139
4.94:  52.01435,11.86242,209.2323
4.95:  51.87465,11.86242,208.4508
4.97:  51.73545,11.86242,207.6693
4.99:  51.60098,11.86242,206.8877
5:  51.46804,11.86242,206.1062
5.02:  51.33873,11.86242,205.331
5.04:  51.20313,11.85588,204.5558
5.05:  51.05948,11.84103,203.7742
5.07:  50.90428,11.81278,202.9927
5.09:  50.74965,11.77323,202.2112
5.1:  50.58371,11.71976,201.4296
5.12:  50.41383,11.65087,200.6417
5.14:  50.2417,11.56561,199.8539
5.15:  50.07864,11.47439,199.066
5.17:  49.91559,11.36187,198.2781
5.19:  49.75685,11.23046,197.4966
5.2:  49.60355,11.08048,196.715
5.22:  49.45402,10.90645,195.9335
5.24:  49.3215,10.71766,195.2026
5.25:  49.20427,10.51297,194.5986
5.27:  49.10416,10.29002,194.1846
5.29:  49.02738,10.05356,194.0368
5.3:  48.96672,9.810327,194.0032
5.32:  48.90688,9.569884,193.9759
5.34:  48.84623,9.325706,193.9485
5.35:  48.7863,9.083941,193.9212
5.37:  48.72609,8.840631,193.9002
5.39:  48.66637,8.598839,193.8729
5.4:  48.60682,8.35719,193.8455
5.42:  48.54647,8.111825,193.8182
5.44:  48.48716,7.870193,193.7909
5.45:  48.42751,7.626665,193.7635
5.47:  48.36826,7.384285,193.7362
5.49:  48.30897,7.141258,193.7089
5.5:  48.24964,6.897533,193.6815
5.52:  48.19082,6.655512,193.6606
5.54:  48.13197,6.412849,193.6332
5.55:  48.07307,6.169641,193.6122
5.57:  48.01421,5.92615,193.5912
5.59:  47.95558,5.683264,193.5702
5.6:  47.897,5.44009,193.5429
5.62:  47.83847,5.196688,193.5219
5.64:  47.78031,4.954444,193.5009
5.65:  47.72219,4.712216,193.4926
5.67:  47.66351,4.467679,193.4926
5.69:  47.6053,4.226274,193.558
5.7:  47.54438,3.980954,193.9465
5.72:  47.48072,3.738917,194.7344
5.74:  47.41388,3.498229,195.5223
5.75:  47.34418,3.260067,196.3102
5.77:  47.27083,3.021583,197.0981
5.79:  47.19395,2.78337,197.8859
5.8:  47.11376,2.546093,198.6738
5.82:  47.03012,2.309406,199.4617
5.84:  46.94405,2.076095,200.2496
5.85:  46.86329,1.83874,201.0375
5.87:  46.78157,1.601687,201.8253
5.89:  46.69485,1.368095,202.6132
5.9:  46.60401,1.133338,203.4011
5.92:  46.51263,0.8999536,204.189
5.94:  46.41644,0.6703513,204.9769
5.95:  46.32992,0.4347781,205.7647
5.97:  46.24454,0.1981921,206.5526
5.99:  46.16207,-0.0416887,207.3405
6:  46.08278,-0.2839679,208.1284
6.02:  46.00586,-0.5232431,208.9162
6.04:  45.92428,-0.7659448,209.6724
6.05:  45.84453,-1.009767,210.2829
6.07:  45.76676,-1.253582,210.3989
6.09:  45.69085,-1.499416,210.4009
6.1:  45.61617,-1.741134,210.4092
6.12:  45.54953,-1.996497,210.4175
6.14:  45.49126,-2.227371,210.4258
6.15:  45.43146,-2.464146,210.4342
6.17:  45.37342,-2.703318,210.4488
6.19:  45.33405,-2.944005,210.4508
6.2:  45.30079,-3.189946,210.4528
6.22:  45.27337,-3.433146,210.4548
6.24:  45.25109,-3.67954,210.4568
6.25:  45.23009,-3.923079,210.4651
6.27:  45.2088,-4.169628,210.4734
6.29:  45.18799,-4.41023,210.4817
6.3:  45.16687,-4.653975,210.49
6.32:  45.14574,-4.897363,210.4984
6.34:  45.12462,-5.140584,210.5003
6.35:  45.10344,-5.384406,210.5023
6.37:  45.09189,-5.63179,210.5106
6.39:  45.0825,-5.878509,210.519
6.4:  45.07426,-6.124797,210.5273
6.42:  45.06603,-6.369609,210.5356
6.44:  45.0565,-6.61726,210.5439
6.45:  45.04818,-6.863451,210.5459
6.47:  45.03867,-7.10997,210.5479
6.49:  45.02909,-7.358133,210.5498
6.5:  45.01951,-7.606088,210.5518
6.52:  45.00999,-7.851443,210.5601
6.54:  45.00156,-8.098828,210.5621
6.55:  44.99191,-8.347146,210.5641
6.57:  44.98202,-8.601546,210.5661
6.59:  44.97248,-8.846697,210.5681
6.6:  44.96288,-9.093116,210.57
6.62:  44.95334,-9.337109,210.5784
6.64:  44.94485,-9.583136,210.5867
6.65:  44.93513,-9.830925,210.5847
6.67:  44.91113,-10.07937,210.57
6.69:  44.87371,-10.32615,210.4223
6.7:  44.81238,-10.56825,210.0083
6.72:  44.73629,-10.81629,209.2268
6.74:  44.6266,-11.03927,208.4389
6.75:  44.51041,-11.26103,207.651
6.77:  44.39712,-11.48471,206.8632
6.79:  44.28852,-11.70664,206.0753
6.8:  44.17382,-11.93202,205.2874
6.82:  44.05025,-12.15006,204.4995
6.84:  43.9093,-12.36124,203.7116
6.85:  43.75758,-12.56881,202.9238
6.87:  43.60672,-12.77316,202.1359
6.89:  43.45406,-12.98596,201.3544
6.9:  43.30618,-13.19821,200.5665
6.92:  43.16145,-13.41215,199.7786
6.94:  43.02023,-13.62721,198.9907
6.95:  42.88289,-13.84271,198.2092
6.97:  42.74757,-14.06162,197.4213
6.99:  42.61496,-14.28284,196.6397
7:  42.48405,-14.50814,195.8582
7.02:  42.3572,-14.73349,195.0767
7.04:  42.23446,-14.95866,194.2951
7.05:  42.11331,-15.18829,193.5136
7.07:  41.99625,-15.41779,192.7257
7.09:  41.88237,-15.64882,191.9378
7.1:  41.77143,-15.88193,191.1499
7.12:  41.66383,-16.11629,190.3621
7.14:  41.55899,-16.35196,189.6819
7.15:  41.4555,-16.58956,189.2363
7.17:  41.36044,-16.82657,189.1456
7.19:  41.30138,-17.07054,189.1246
7.2:  41.26135,-17.32054,189.0973
7.22:  41.22213,-17.56605,189.0763
7.24:  41.18299,-17.8116,189.0553
7.25:  41.14381,-18.05826,189.0279
7.27:  41.11677,-18.3071,189.0069
7.29:  41.10439,-18.55794,188.9796
7.3:  41.10423,-18.81094,188.9523
7.32:  41.1163,-19.06674,188.9313
7.34:  41.13316,-19.32069,188.9103
7.35:  41.15307,-19.57462,188.883
7.37:  41.17793,-19.82935,188.862
7.39:  41.20531,-20.08424,188.8346
7.4:  41.23286,-20.33945,188.8073
7.42:  41.26063,-20.59565,188.78
7.44:  41.28879,-20.85426,188.7527
7.45:  41.3169,-21.10579,188.7317
7.47:  41.34752,-21.35206,188.7043
7.49:  41.38703,-21.59563,188.6833
7.5:  41.43182,-21.8419,188.6623
7.52:  41.47619,-22.08535,188.6413
7.54:  41.52103,-22.33071,188.614
7.55:  41.56558,-22.57383,188.5867
7.57:  41.61093,-22.81639,188.5657
7.59:  41.65619,-23.06223,188.5383
7.6:  41.70368,-23.30687,188.5173
7.62:  41.75145,-23.55251,188.4964
7.64:  41.79654,-23.79592,188.4754
7.65:  41.84437,-24.04085,188.4544
7.67:  41.89001,-24.28607,188.427
7.69:  41.93955,-24.53853,188.3997
7.7:  41.98642,-24.77676,188.3724
7.72:  42.03524,-25.02446,188.3514
7.74:  42.08286,-25.26539,188.3241
7.75:  42.12895,-25.51011,188.3031
7.77:  42.17231,-25.75648,188.2757
7.79:  42.20272,-26.00937,188.2547
7.8:  42.22272,-26.26511,188.2337
7.82:  42.23068,-26.51818,188.2064
7.84:  42.21939,-26.76831,188.1854
7.85:  42.19359,-27.0174,188.1581
7.87:  42.15827,-27.2646,188.1308
7.89:  42.12226,-27.5175,188.1034
7.9:  42.08729,-27.76396,188.0761
7.92:  42.05271,-28.00852,188.0487
7.94:  42.01793,-28.25533,188.0214
7.95:  41.98315,-28.50295,187.9941
7.97:  41.94849,-28.75067,187.9668
7.99:  41.91404,-28.99771,187.9394
8:  41.87951,-29.24597,187.9184
8.02:  41.85729,-29.4953,187.8974
8.04:  41.84979,-29.74572,187.8701
8.05:  41.84477,-29.99839,187.8491
8.07:  41.83992,-30.24702,187.8281
8.09:  41.83503,-30.50199,187.8071
8.1:  41.83035,-30.75295,187.7798
8.12:  41.82571,-31.00587,187.7588
8.14:  41.82123,-31.25581,187.7378
8.15:  41.81926,-31.50518,187.7168
8.17:  41.81487,-31.76037,187.6958
8.19:  41.81066,-32.01154,187.6685
8.2:  41.79443,-32.26196,187.6348
8.22:  41.76144,-32.5104,187.5631
8.24:  41.72993,-32.75529,187.333
8.25:  41.69987,-33.00642,186.824
8.27:  41.65171,-33.2524,186.0361
8.29:  41.54613,-33.49119,185.2482
8.3:  41.40838,-33.70956,184.4603
8.32:  41.27164,-33.92453,183.6724
8.34:  41.13869,-34.14004,182.8846
8.35:  41.00781,-34.35887,182.0967
8.37:  40.87973,-34.58221,181.3088
8.39:  40.75569,-34.80799,180.5209
8.4:  40.63828,-35.03581,179.733
8.42:  40.52964,-35.28484,178.9452
8.44:  40.43262,-35.51585,178.1573
8.45:  40.33584,-35.75549,177.3694
8.47:  40.24232,-35.99652,176.5815
8.49:  40.15218,-36.2387,175.7937
8.5:  40.06474,-36.48384,175.0058
8.52:  39.98106,-36.72907,174.2179
8.54:  39.90131,-36.97375,173.43
8.55:  39.82443,-37.2211,172.6421
8.57:  39.75124,-37.46854,171.8542
8.59:  39.68085,-37.71912,171.0664
8.6:  39.61422,-37.96952,170.2785
8.62:  39.55154,-38.2188,169.4906
8.64:  39.49177,-38.47112,168.7027
8.65:  39.43549,-38.72417,167.9149
8.67:  39.38285,-38.97721,167.127
8.69:  39.33282,-39.23013,166.3391
8.7:  39.28728,-39.48383,165.5512
8.72:  39.24551,-39.73655,164.7634
8.74:  39.20572,-39.99273,163.9755
8.75:  39.17064,-40.24848,163.1876
8.77:  39.13894,-40.50582,162.3997
8.79:  39.11077,-40.76362,161.6118
8.8:  39.08617,-41.02161,160.8239
8.82:  39.06522,-41.27858,160.0361
8.84:  39.0479,-41.53457,159.2482
8.85:  39.03402,-41.79225,158.4603
8.87:  39.0235,-42.05455,157.6724
8.89:  39.01894,-42.31229,156.8846
8.9:  39.02562,-42.56828,156.0967
8.92:  39.08383,-42.81929,155.3088
8.94:  39.1783,-43.0518,154.5209
8.95:  39.28873,-43.27555,153.733
8.97:  39.4018,-43.49694,152.9452
8.99:  39.5174,-43.71581,152.1573
9:  39.63881,-43.93819,151.3694
9.02:  39.76112,-44.1551,150.5815
9.04:  39.88724,-44.37174,149.7936
9.05:  40.01498,-44.58438,149.0058
9.07:  40.14748,-44.79823,148.2179
9.09:  40.28127,-45.00768,147.43
9.1:  40.41964,-45.21786,146.6421
9.12:  40.56789,-45.41901,145.8542
9.14:  40.71879,-45.61796,145.0664
9.15:  40.87294,-45.81157,144.2785
9.17:  41.03308,-46.00711,143.4906
9.19:  41.19292,-46.20071,142.7027
9.2:  41.36128,-46.39512,141.9149
9.22:  41.52401,-46.58155,141.127
9.24:  41.69152,-46.76456,140.3391
9.25:  41.86253,-46.94631,139.5512
9.27:  42.02451,-47.1311,138.7633
9.29:  42.19349,-47.31862,137.9755
9.3:  42.36104,-47.49948,137.1876
9.32:  42.51991,-47.69485,136.3997
9.34:  42.64649,-47.91803,135.6118
9.35:  42.74568,-48.15438,134.8239
9.37:  42.83661,-48.39606,134.0361
9.39:  42.93041,-48.63535,133.2482
9.4:  43.02891,-48.87678,132.4603
9.42:  43.13289,-49.11924,131.6724
9.44:  43.2514,-49.34773,130.8846
9.45:  43.39031,-49.57024,130.0967
9.47:  43.54064,-49.78224,129.3088
9.49:  43.70835,-49.972,128.5209
9.5:  43.89468,-50.14106,127.733
9.52:  44.09487,-50.29161,126.9452
9.54:  44.30169,-50.44274,126.1573
9.55:  44.4995,-50.58315,125.3694
9.57:  44.70611,-50.72559,124.5815
9.59:  44.91373,-50.86454,123.7936
9.6:  45.1223,-51.00002,123.0058
9.62:  45.33409,-51.13348,122.2179
9.64:  45.54744,-51.26387,121.43
9.65:  45.76308,-51.39161,120.6421
9.67:  45.97978,-51.51599,119.8543
9.69:  46.19867,-51.63765,119.0664
9.7:  46.41816,-51.75573,118.2785
9.72:  46.64116,-51.87177,117.4906
9.74:  46.85887,-51.9922,116.7027
9.75:  47.07812,-52.11234,115.9149
9.77:  47.2996,-52.22977,115.127
9.79:  47.5194,-52.34246,114.3391
9.8:  47.74574,-52.45461,113.5512
9.82:  47.97218,-52.56296,112.7633
9.84:  48.19886,-52.66761,111.9755
9.85:  48.43307,-52.75846,111.2003
9.87:  48.66488,-52.84557,110.5962
9.89:  48.90155,-52.93301,110.2773
9.9:  49.13648,-53.01971,110.2563
9.92:  49.37199,-53.10653,110.2353
9.94:  49.60534,-53.19245,110.2143
9.95:  49.84072,-53.27902,110.1933
9.97:  50.07515,-53.36515,110.1723
9.99:  50.30928,-53.45106,110.1513
10:  50.54433,-53.53722,110.1303
10.02:  50.77913,-53.62319,110.1093
10.04:  51.01325,-53.70884,110.0947
10.05:  51.24868,-53.7949,110.08
10.07:  51.48078,-53.87711,110.0654
10.09:  51.72142,-53.9596,110.0444
10.1:  51.96083,-54.03381,110.0297
10.12:  52.19968,-54.10776,110.0087
10.14:  52.43719,-54.1812,109.9877
10.15:  52.67741,-54.25538,109.9667
10.17:  52.91722,-54.32933,109.9457
10.19:  53.1556,-54.40275,109.9247
10.2:  53.39489,-54.47636,109.9037
10.22:  53.63486,-54.5501,109.8891
10.24:  53.87154,-54.62274,109.8681
10.25:  54.11271,-54.69666,109.8471
10.27:  54.35135,-54.76971,109.8261
10.29:  54.59105,-54.84299,109.8051
10.3:  54.83163,-54.91644,109.7841
10.32:  55.06853,-54.98867,109.7631
10.34:  55.30935,-55.062,109.7421
10.35:  55.54839,-55.13469,109.7211
10.37:  55.78846,-55.20763,109.7065
10.39:  56.02787,-55.28031,109.6918
10.4:  56.26491,-55.35216,109.6708
10.42:  56.50768,-55.42566,109.6498
10.44:  56.74733,-55.49812,109.6288
10.45:  56.98608,-55.57021,109.6078
10.47:  57.22643,-55.64268,109.5868
10.49:  57.47329,-55.71703,109.5658
10.5:  57.70675,-55.78727,109.5512
10.52:  57.94735,-55.85956,109.5302
10.54:  58.1854,-55.93102,109.5155
10.55:  58.42474,-56.0028,109.5009
10.57:  58.6627,-56.07407,109.4799
10.59:  58.90491,-56.14651,109.4589
10.6:  59.15192,-56.19488,109.4442
10.62:  59.40308,-56.23656,109.4296
10.64:  59.6547,-56.27336,109.4149
10.65:  59.90854,-56.30553,109.3939
10.67:  60.16316,-56.33532,109.3793
10.69:  60.41813,-56.36505,109.3583
10.7:  60.67397,-56.39478,109.3373
10.72:  60.93302,-56.4248,109.3163
10.74:  61.1816,-56.45351,109.2953
10.75:  61.43627,-56.48283,109.2743
10.77:  61.68625,-56.51151,109.2533
10.79:  61.94467,-56.54107,109.2323
10.8:  62.19825,-56.56998,109.2113
10.82:  62.45453,-56.59911,109.1903
10.84:  62.70855,-56.62788,109.1693
10.85:  62.9628,-56.65658,109.1483
10.87:  63.21806,-56.68531,109.1273
10.89:  63.47319,-56.71395,109.1127
10.9:  63.725,-56.75176,109.0917
10.92:  63.97665,-56.78948,109.077
10.94:  64.22721,-56.82695,109.056
10.95:  64.47861,-56.86444,109.035
10.97:  64.7302,-56.90187,109.014
10.99:  64.98171,-56.9392,108.993
11:  65.23396,-56.97654,108.972
11.02:  65.48322,-57.01337,108.9574
11.04:  65.73832,-57.04851,108.9364
11.05:  65.98731,-57.08753,108.9154
11.07:  66.23394,-57.14329,108.8944
11.09:  66.47179,-57.20928,108.8734
11.1:  66.71938,-57.29385,108.8587
11.12:  66.94871,-57.37209,108.8377
11.14:  67.18649,-57.45312,108.8167
11.15:  67.42391,-57.53395,108.8021
11.17:  67.65816,-57.61361,108.7811
11.19:  67.89471,-57.69395,108.7601
11.2:  68.1328,-57.77472,108.7391
11.22:  68.36966,-57.85501,108.7244
11.24:  68.60452,-57.93452,108.7034
11.25:  68.84169,-58.01472,108.6824
11.27:  69.07864,-58.09474,108.6615
11.29:  69.31566,-58.17469,108.6405
11.3:  69.55328,-58.25475,108.6195
11.32:  69.79709,-58.3368,108.5985
11.34:  70.02718,-58.41413,108.5775
11.35:  70.26299,-58.49329,108.5565
11.37:  70.5039,-58.56369,108.5355
11.39:  70.74503,-58.62394,108.5145
11.4:  70.99452,-58.67351,108.4998
11.42:  71.24362,-58.71064,108.4852
11.44:  71.49792,-58.74113,108.4705
11.45:  71.75232,-58.77156,108.4559
11.47:  72.01415,-58.80282,108.4412
11.49:  72.26423,-58.83261,108.4266
11.5:  72.51305,-58.86216,108.4056
11.52:  72.76794,-58.89233,108.3846
11.54:  73.02092,-58.92218,108.3636
11.55:  73.27374,-58.95192,108.3426
11.57:  73.52679,-58.98159,108.3216
11.59:  73.77986,-59.01117,108.3006
11.6:  74.02863,-59.0596,108.2796
11.62:  74.26935,-59.12358,108.2523
11.64:  74.507,-59.2019,108.2376
11.65:  74.75164,-59.28241,108.2166
11.67:  74.98434,-59.3589,108.1956
11.69:  75.22014,-59.43631,108.1746
11.7:  75.45496,-59.5133,108.1536
11.72:  75.69376,-59.59159,108.1517
11.74:  75.93179,-59.66962,108.1497
11.75:  76.1636,-59.76363,108.1477
11.77:  76.39075,-59.87693,108.1457
11.79:  76.60889,-60.01279,108.1437
11.82:  76.80836,-60.17148,108.1417
11.84:  76.97802,-60.35781,108.1417
11.85:  77.12856,-60.5626,108.1417
11.87:  77.25818,-60.77664,108.1417
11.89:  77.37047,-61.00223,108.1417
11.9:  77.46689,-61.23495,108.1564
11.92:  77.54085,-61.47437,108.2408
11.94:  77.59833,-61.72109,108.4202
11.95:  77.64478,-61.97058,108.7201
11.97:  77.68533,-62.22129,109.115
11.99:  77.7228,-62.47379,109.5987
12:  77.75875,-62.73284,110.1394
12.02:  77.79084,-62.98523,110.7941
12.04:  77.81924,-63.23618,111.582
12.05:  77.84454,-63.49092,112.3699
12.07:  77.86808,-63.74157,113.1578
12.09:  77.88658,-64.00006,113.9457
12.1:  77.8728,-64.2514,114.7335
12.12:  77.79779,-64.49439,115.5214
12.14:  77.68789,-64.71667,116.3093
12.15:  77.57333,-64.94056,117.0972
12.17:  77.45663,-65.16113,117.885
12.19:  77.32818,-65.37558,118.6729
12.2:  77.17298,-65.57547,119.4608
12.22:  76.99625,-65.75835,120.2487
12.24:  76.80405,-65.93816,121.0366
12.25:  76.60208,-66.10608,121.8244
12.27:  76.39694,-66.27192,122.6123
12.29:  76.18964,-66.43484,123.4002
12.3:  75.96298,-66.58064,124.1881
12.32:  75.73515,-66.7228,124.9759
12.34:  75.50329,-66.86044,125.7638
12.35:  75.2693,-66.99503,126.5517
12.37:  75.02673,-67.13017,127.3396
12.39:  74.79013,-67.25774,128.1275
12.4:  74.55203,-67.38191,128.9153
12.42:  74.31561,-67.50111,129.7032
12.44:  74.07066,-67.62041,130.4911
12.45:  73.82655,-67.73519,131.279
12.47:  73.58186,-67.84615,132.0668
12.49:  73.33835,-67.95257,132.8547
12.5:  73.0875,-68.06058,133.6426
12.52:  72.86181,-68.16039,134.4305
12.54:  72.66356,-68.16039,135.2184
12.55:  72.47817,-68.16039,136.0062
12.57:  72.29681,-68.16039,136.7941
12.59:  72.11362,-68.16039,137.582
12.6:  71.92766,-68.16039,138.3699
12.62:  71.73522,-68.16039,139.1578
12.64:  71.54391,-68.16039,139.9456
12.65:  71.34568,-68.16039,140.7335
12.67:  71.15091,-68.16039,141.5214
12.69:  70.95541,-68.16039,142.3093
12.7:  70.7565,-68.16039,143.0972
12.72:  70.55515,-68.16039,143.885
12.74:  70.35159,-68.16039,144.6729
12.75:  70.1487,-68.16039,145.4608
12.77:  69.93894,-68.16039,146.2487
12.79:  69.72774,-68.16039,147.0365
12.8:  69.51672,-68.16039,147.8244
12.82:  69.30319,-68.16039,148.6123
12.84:  69.08795,-68.16039,149.4002
12.85:  68.87069,-68.16039,150.188
12.87:  68.65243,-68.16122,150.9759
12.89:  68.41936,-68.16995,151.7638
12.9:  68.16686,-68.18255,152.5517
12.92:  67.90263,-68.17532,153.3396
12.94:  67.64545,-68.11183,154.1274
12.95:  67.40875,-67.99849,154.9153
12.97:  67.19989,-67.84547,155.7032
12.99:  67.02629,-67.65459,156.4911
13:  66.89378,-67.43951,157.279
13.02:  66.79067,-67.20986,158.0668
13.04:  66.70123,-66.97861,158.8547
13.05:  66.6133,-66.74164,159.6426
13.07:  66.53069,-66.50923,160.4305
13.09:  66.44756,-66.2648,161.2184
13.1:  66.37109,-66.02935,162.0062
13.12:  66.29742,-65.79147,162.7941
13.14:  66.22707,-65.55268,163.582
13.15:  66.16022,-65.31375,164.3699
13.17:  66.09631,-65.07259,165.1577
13.19:  66.03516,-64.8283,165.9456
13.2:  65.97794,-64.58566,166.7335
13.22:  65.92418,-64.3427,167.5214
13.24:  65.85639,-64.10017,168.3093
13.25:  65.78513,-63.85966,169.0971
13.27:  65.70256,-63.62026,169.885
13.29:  65.61134,-63.38351,170.6729
13.3:  65.51913,-63.14783,171.4608
13.32:  65.42233,-62.91212,172.2487
13.34:  65.32015,-62.68068,173.0365
13.35:  65.20401,-62.45134,173.8244
13.37:  65.08242,-62.22955,174.6123
13.39:  64.94244,-62.01714,175.4002
13.4:  64.79629,-61.80888,176.188
13.42:  64.63995,-61.60268,176.9759
13.44:  64.47049,-61.39739,177.7638
13.45:  64.30711,-61.20925,178.5517
13.47:  64.13994,-61.02191,179.3396
13.49:  63.96373,-60.83508,180.1274
13.5:  63.78111,-60.6614,180.9153
13.52:  63.5976,-60.48684,181.7032
13.54:  63.40742,-60.31808,182.4911
13.55:  63.22145,-60.151,183.2789
13.57:  63.03815,-59.98428,184.0668
13.59:  62.85431,-59.8124,184.8547
13.6:  62.67439,-59.63948,185.6426
13.62:  62.48545,-59.47492,186.4305
13.64:  62.29424,-59.31013,187.2183
13.65:  62.1021,-59.14443,188.0062
13.67:  61.91,-58.97862,188.7941
13.69:  61.71992,-58.80994,189.582
13.7:  61.52034,-58.64894,190.3699
13.72:  61.31915,-58.48914,191.1577
13.74:  61.1126,-58.33464,191.9456
13.75:  60.90963,-58.18121,192.7335
13.77:  60.70527,-58.0336,193.5214
13.79:  60.49959,-57.8875,194.3092
13.8:  60.29565,-57.74121,195.0971
13.82:  60.08826,-57.59774,195.885
13.84:  59.87554,-57.4652,196.6729
13.85:  59.65105,-57.34849,197.4608
13.87:  59.41381,-57.24636,198.2486
13.89:  59.17922,-57.16542,199.0365
13.9:  58.94661,-57.08156,199.8244
13.92:  58.71114,-56.993,200.6123
13.94:  58.4828,-56.90351,201.4002
13.95:  58.23734,-56.84061,202.188
13.97:  57.97981,-56.81938,202.9759
13.99:  57.72906,-56.8536,203.7638
14:  57.48383,-56.92276,204.5517
14.02:  57.24905,-57.01208,205.3396
14.04:  57.0134,-57.11489,206.1274
14.05:  56.78272,-57.21924,206.9153
14.07:  56.54877,-57.32121,207.7032
14.09:  56.3149,-57.41768,208.4911
14.1:  56.07822,-57.51318,209.279
14.12:  55.84258,-57.60288,210.0668
14.14:  55.60077,-57.69489,210.8547
14.15:  55.36774,-57.77633,211.6426
14.17:  55.13041,-57.85723,212.4305
14.19:  54.8811,-57.94049,213.2184
14.2:  54.64565,-58.01555,214.0062
14.22:  54.4027,-58.08933,214.7941
14.24:  54.16176,-58.15889,215.582
14.25:  53.91006,-58.24294,216.3699
14.27:  53.66743,-58.32863,217.1578
14.29:  53.42982,-58.42481,217.9456
14.3:  53.19878,-58.53349,218.7335
14.32:  52.96552,-58.64291,219.5214
14.34:  52.74035,-58.76054,220.3093
14.35:  52.52057,-58.89342,221.0972
14.37:  52.30479,-59.03153,221.885
14.39:  52.09505,-59.17923,222.6729
14.4:  51.88885,-59.32898,223.4608
14.42:  51.68453,-59.479,224.2487
14.44:  51.4814,-59.62685,225.0365
14.45:  51.27389,-59.77356,225.8244
14.47:  51.06522,-59.91683,226.6123
14.49:  50.85752,-60.06111,227.4002
14.5:  50.6484,-60.20214,228.1881
14.52:  50.44203,-60.34594,228.9759
14.54:  50.23968,-60.49464,229.7638
14.55:  50.03447,-60.65042,230.5517
14.57:  49.84198,-60.80441,231.3396
14.59:  49.64715,-60.95593,232.1274
14.6:  49.44934,-61.10545,232.9153
14.62:  49.24728,-61.25386,233.7032
14.64:  49.04422,-61.39875,234.4911
14.65:  48.83863,-61.54121,235.279
14.67:  48.63196,-61.68027,236.0668
14.69:  48.42186,-61.81747,236.8547
14.7:  48.21066,-61.95127,237.6426
14.72:  47.99678,-62.0827,238.4305
14.74:  47.78221,-62.21052,239.2184
14.75:  47.56657,-62.33498,240.0062
14.77:  47.34738,-62.45752,240.7941
14.79:  47.12791,-62.57627,241.582
14.8:  46.90532,-62.69279,242.3699
14.82:  46.68245,-62.80558,243.1577
14.84:  46.45896,-62.91484,243.9456
14.85:  46.23363,-63.02119,244.7335
14.87:  46.00658,-63.12457,245.5214
14.89:  45.7764,-63.22556,246.3093
14.9:  45.54641,-63.32272,247.0972
14.92:  45.31372,-63.41728,247.885
14.94:  45.0816,-63.50791,248.6729
14.95:  44.84829,-63.59532,249.4608
14.97:  44.61219,-63.6801,250.2487
14.99:  44.37588,-63.7613,251.0366
15:  44.13845,-63.83924,251.8244
15.02:  43.89793,-63.91456,252.6123
15.04:  43.65972,-63.98558,253.4002
15.05:  43.4195,-64.0536,254.1881
15.07:  43.1797,-64.11797,254.976
15.09:  42.92763,-64.18192,255.7638
15.1:  42.69182,-64.23831,256.5517
15.12:  42.44698,-64.2933,257.3396
15.14:  42.20681,-64.3438,258.1275
15.15:  41.958,-64.39255,258.9153
15.17:  41.71434,-64.43681,259.7032
15.19:  41.46577,-64.47845,260.4911
15.2:  41.21907,-64.51629,261.279
15.22:  40.97316,-64.55056,262.0669
15.24:  40.72303,-64.58192,262.8547
15.25:  40.47526,-64.60952,263.6426
15.27:  40.2271,-64.63372,264.4305
15.29:  39.97693,-64.65465,265.2184
15.3:  39.72918,-64.67194,266.0063
15.32:  39.47836,-64.68599,266.7941
15.34:  39.22908,-64.69652,267.582
15.35:  38.97837,-64.70365,268.3699
15.37:  38.72832,-64.70782,269.0437
15.39:  38.48153,-64.70978,269.5464
15.4:  38.22721,-64.71032,269.8779
15.42:  37.97889,-64.71085,269.8779
15.44:  37.72829,-64.71139,269.8779
15.45:  37.47869,-64.71192,269.8779
15.47:  37.22773,-64.71246,269.8779
15.49:  36.97786,-64.71298,269.8779
15.5:  36.72904,-64.71352,269.8779
15.52:  36.47686,-64.71405,269.8779
15.54:  36.22917,-64.71458,269.8779
15.55:  35.98136,-64.71511,269.8779
15.57:  35.73341,-64.71564,269.8779
15.59:  35.48374,-64.71617,269.8779
15.6:  35.23394,-64.71669,269.8799
15.62:  34.98374,-64.71702,269.9262
15.64:  34.73395,-64.71592,270.2515
15.65:  34.48408,-64.71166,270.976
15.67:  34.23418,-64.70396,271.7638
15.69:  33.98347,-64.69279,272.5517
15.7:  33.72824,-64.6779,273.3396
15.72:  33.47651,-64.65974,274.1275
15.74:  33.22966,-64.6385,274.9153
15.75:  32.9784,-64.61341,275.7032
15.77:  32.73571,-64.5858,276.4911
15.79:  32.48495,-64.55377,277.279
15.8:  32.23872,-64.51887,278.0669
15.82:  31.99106,-64.48029,278.8547
15.84:  31.74452,-64.4384,279.6426
15.85:  31.49899,-64.3932,280.4305
15.87:  31.25335,-64.3451,281.0789
15.89:  31.00766,-64.29507,281.5119
15.9:  30.76329,-64.24447,281.6977
15.92:  30.51768,-64.19352,281.7187
15.94:  30.27331,-64.14277,281.7333
15.95:  30.02978,-64.09215,281.7416
15.97:  29.78375,-64.041,281.7436
15.99:  29.5331,-63.98889,281.7456
16:  29.29023,-63.93821,281.7856
16.02:  29.04762,-63.88638,282.0601
16.04:  28.8065,-63.83192,282.7276
16.05:  28.5629,-63.77337,283.5155
16.07:  28.32149,-63.71181,284.3033
16.09:  28.07995,-63.64668,285.0912
16.1:  27.838,-63.57785,285.8791
16.12:  27.59842,-63.50613,286.667
16.14:  27.36185,-63.43174,287.4549
16.15:  27.11696,-63.35103,288.2427
16.17:  26.88285,-63.27028,289.0306
16.19:  26.64747,-63.18545,289.8185
16.2:  26.41757,-63.09961,290.4733
16.22:  26.18345,-63.01181,290.5576
16.24:  25.95256,-62.92522,290.5576
16.25:  25.7153,-62.83624,290.5576
16.27:  25.48195,-62.74873,290.5576
16.29:  25.2471,-62.66065,290.5576
16.3:  25.01342,-62.57301,290.5596
16.32:  24.77826,-62.48456,290.6123
16.34:  24.54777,-62.39686,290.8298
16.35:  24.31364,-62.30552,291.3134
16.37:  24.08175,-62.2117,292.0253
16.39:  23.85058,-62.11447,292.8131
16.4:  23.61392,-62.02985,293.601
16.42:  23.37851,-61.94461,294.3889
16.44:  23.14584,-61.85673,295.1768
16.45:  22.91145,-61.7645,295.9647
16.47:  22.6721,-61.66648,296.7525
16.49:  22.44459,-61.56971,297.5277
16.5:  22.21603,-61.47009,298.0367
16.52:  21.98788,-61.37,298.1718
16.54:  21.7603,-61.27015,298.1738
16.55:  21.5296,-61.16891,298.1758
16.57:  21.30028,-61.06829,298.1758
16.59:  21.07011,-60.9673,298.1758
16.6:  20.84095,-60.86674,298.1758
16.62:  20.61371,-60.76704,298.1758
16.64:  20.37431,-60.6782,298.1758
16.65:  20.13779,-60.59042,298.1758
16.67:  19.90135,-60.50266,298.1778
16.69:  19.66446,-60.41473,298.1797
16.7:  19.42979,-60.32762,298.1817
16.72:  19.19105,-60.23898,298.1837
16.74:  18.9511,-60.16019,298.1857
16.75:  18.70709,-60.08262,298.1877
16.77:  18.46555,-60.00583,298.1877
16.79:  18.22554,-59.92952,298.1897
16.8:  17.98075,-59.85168,298.1917
16.82:  17.73827,-59.77457,298.1936
16.84:  17.49647,-59.6951,298.202
16.85:  17.24885,-59.61621,298.2229
16.87:  17.00736,-59.53862,298.3643
16.89:  16.76969,-59.46047,298.7529
16.9:  16.53046,-59.37827,299.5155
16.92:  16.29102,-59.29229,300.3033
16.94:  16.05324,-59.2032,301.0912
16.95:  15.81628,-59.11068,301.8791
16.97:  15.58074,-59.01497,302.667
16.99:  15.34593,-58.91576,303.4549
17:  15.11319,-58.81364,304.2427
17.02:  14.88084,-58.70786,305.0306
17.04:  14.65546,-58.60149,305.8185
17.05:  14.42384,-58.48824,306.6064
17.07:  14.19753,-58.37371,307.3943
17.09:  13.97152,-58.25541,308.1821
17.1:  13.74822,-58.13458,308.97
17.12:  13.52892,-58.01198,309.7579
17.14:  13.30531,-57.88291,310.5458
17.15:  13.08568,-57.75208,311.3336
17.17:  12.87265,-57.62118,312.1215
17.19:  12.65078,-57.47764,312.9094
17.2:  12.44109,-57.34071,313.6973
17.22:  12.22983,-57.19856,314.4852
17.24:  12.02333,-57.05547,315.273
17.25:  11.81582,-56.9074,316.0609
17.27:  11.61229,-56.75791,316.8488
17.29:  11.40986,-56.6049,317.6367
17.3:  11.20888,-56.44859,318.4246
17.32:  11.00997,-56.28949,319.2061
17.34:  10.81301,-56.12845,319.8228
17.35:  10.6182,-55.96688,320.2241
17.37:  10.42239,-55.80383,320.3339
17.39:  10.22767,-55.64169,320.3358
17.4:  10.03185,-55.47863,320.3358
17.42:  9.836164,-55.31569,320.3358
17.44:  9.643358,-55.152,320.3378
17.45:  9.449148,-54.98712,320.3398
17.47:  9.253894,-54.82417,320.3988
17.49:  9.059337,-54.66028,320.6606
17.5:  8.866528,-54.49392,321.3408
17.52:  8.678411,-54.32703,322.1287
17.54:  8.490559,-54.15572,322.9165
17.55:  8.305191,-53.98193,323.7044
17.57:  8.124021,-53.80734,324.4923
17.59:  7.942937,-53.62797,325.2802
17.6:  7.764738,-53.44653,326.0681
17.62:  7.586058,-53.25952,326.8559
17.64:  7.413342,-53.07371,327.6438
17.65:  7.241686,-52.88387,328.4317
17.67:  7.075893,-52.69537,329.2196
17.69:  6.908662,-52.50035,329.9377
17.7:  6.745124,-52.30592,330.4848
17.72:  6.581039,-52.10976,330.6389
17.74:  6.418655,-51.91564,330.6389
17.75:  6.249998,-51.71402,330.6389
17.77:  6.08931,-51.52193,330.6389
17.79:  5.928136,-51.32926,330.6389
17.8:  5.765113,-51.13437,330.6389
17.82:  5.601922,-50.93929,330.6389
17.84:  5.441479,-50.74375,330.6389
17.85:  5.278193,-50.54855,330.6389
17.87:  5.119866,-50.35559,330.6389
17.89:  4.954501,-50.1579,330.6389
17.9:  4.790887,-49.96231,330.6389
17.92:  4.629734,-49.76591,330.6389
17.94:  4.466766,-49.57109,330.6389
17.95:  4.307297,-49.37674,330.6389
17.97:  4.143092,-49.18044,330.6389
17.99:  3.979428,-48.98479,330.6389
18:  3.816062,-48.78949,330.6389
18.02:  3.654725,-48.59286,330.6389
18.04:  3.502647,-48.39629,330.6389
18.05:  3.350864,-48.1921,330.6389
18.07:  3.206617,-47.98579,330.6389
18.09:  3.069301,-47.77664,330.6389
18.1:  2.931523,-47.56679,330.6389
18.12:  2.793645,-47.35679,330.6389
18.14:  2.658205,-47.14597,330.6472
18.15:  2.523723,-46.93551,330.7886
18.17:  2.3875,-46.71841,331.2596
18.19:  2.257909,-46.51004,332.0475
18.2:  2.131015,-46.29488,332.8353
18.22:  2.0039,-46.07738,333.6232
18.24:  1.88377,-45.86026,334.4111
18.25:  1.762829,-45.6396,335.199
18.27:  1.647537,-45.41698,335.9868
18.29:  1.532991,-45.19363,336.7747
18.3:  1.422137,-44.96996,337.5626
18.32:  1.314628,-44.74533,338.3505
18.34:  1.206293,-44.51073,339.1384
18.35:  1.106665,-44.28696,339.9262
18.37:  1.007921,-44.05671,340.7141
18.39:  0.9124303,-43.8253,341.502
18.4:  0.8201286,-43.5926,342.2899
18.42:  0.7327698,-43.3563,343.0778
18.44:  0.6498289,-43.12209,343.8656
18.45:  0.5672815,-42.88601,344.6535
18.47:  0.4897158,-42.64622,345.4414
18.49:  0.417073,-42.41063,346.2293
18.5:  0.3455127,-42.1669,347.0045
18.52:  0.2770295,-41.92573,347.5135
18.54:  0.2099114,-41.68622,347.7119
18.55:  0.1396752,-41.44456,347.7202
18.57:  0.07027522,-41.20564,347.7286
18.59:  0.002060778,-40.96181,347.7369
18.6:  -0.06543244,-40.72042,347.7452
18.62:  -0.135251,-40.47967,347.7535
18.64:  -0.2023687,-40.23925,347.7682
18.65:  -0.2721614,-39.99823,347.7765
18.67:  -0.3416913,-39.75799,347.7848
18.69:  -0.4112816,-39.5174,347.7932
18.7:  -0.4786757,-39.27546,347.8015
18.72:  -0.5482799,-39.03456,347.8098
18.74:  -0.6103794,-38.79318,347.8181
18.75:  -0.6632426,-38.54813,347.8264
18.77:  -0.7154311,-38.30604,347.8347
18.79:  -0.7689234,-38.05786,347.8367
18.8:  -0.8206976,-37.81761,347.8387
18.82:  -0.874217,-37.56908,347.847
18.84:  -0.9263301,-37.32705,347.849
18.85:  -0.9792133,-37.0814,347.851
18.87:  -1.031811,-36.8369,347.8593
18.89:  -1.084462,-36.59198,347.8676
18.9:  -1.136836,-36.34818,347.8759
18.92:  -1.189579,-36.10249,347.8842
18.94:  -1.241431,-35.86077,347.8926
18.95:  -1.286758,-35.61369,347.9199
18.97:  -1.292655,-35.35966,348.1183
18.99:  -1.236257,-35.11129,348.6654
19:  -1.109377,-34.88286,349.4533
19.02:  -0.9380932,-34.69155,350.2411
19.04:  -0.7538633,-34.51719,351.029
19.05:  -0.5651725,-34.34347,351.8169
19.07:  -0.3749642,-34.17312,352.6048
19.09:  -0.1814139,-34.00452,353.3927
19.1:  -0.003585637,-33.81918,354.1805
19.12:  0.1511104,-33.61021,354.9684
19.14:  0.292966,-33.38583,355.7563
19.15:  0.4301358,-33.16383,356.5442
19.17:  0.5701025,-32.94151,357.3321
19.19:  0.7171403,-32.71494,358.1199
19.2:  0.8633207,-32.49633,358.9078
19.22:  1.014614,-32.27667,359.6957
19.24:  1.165881,-32.06339,0.4835757
19.25:  1.323374,-31.84768,1.271455
19.27:  1.482549,-31.63585,2.059333
19.29:  1.62846,-31.42176,2.847212
19.3:  1.767157,-31.20519,3.635092
19.32:  1.890812,-30.97374,4.42297
19.34:  1.984541,-30.73061,5.210849
19.35:  2.044665,-30.48609,5.998728
19.37:  2.074116,-30.23861,6.786607
19.39:  2.107227,-29.98961,7.574486
19.42:  2.143476,-29.74301,8.362365
19.44:  2.18346,-29.49478,9.150243
19.45:  2.202271,-29.24685,9.938122
19.47:  2.205435,-28.99209,10.71966
19.49:  2.204683,-28.73911,11.46318
19.5:  2.19678,-28.48213,12.01022
19.52:  2.187491,-28.22066,12.26571
19.54:  2.178346,-27.96324,12.26571
19.55:  2.169241,-27.70693,12.26571
19.57:  2.160024,-27.44747,12.26571
19.59:  2.151037,-27.19025,12.29938
19.6:  2.154809,-26.93456,12.47882
19.62:  2.181059,-26.67617,13.06389
19.64:  2.23915,-26.44059,13.85177
19.65:  2.301973,-26.20009,14.63965
19.67:  2.368694,-25.95831,15.42753
19.69:  2.476153,-25.72923,16.2154
19.7:  2.643132,-25.53463,17.00328
19.72:  2.839187,-25.36995,17.79116
19.74:  3.04635,-25.21903,18.57904
19.75:  3.257812,-25.06939,19.36692
19.77:  3.47384,-24.92094,20.1548
19.79:  3.689845,-24.77343,20.94268
19.8:  3.91024,-24.62565,21.73056
19.82:  4.1347,-24.482,22.51844
19.84:  4.358858,-24.34047,23.30632
19.85:  4.584759,-24.2045,24.0942
19.87:  4.812991,-24.06903,24.88208
19.89:  5.041884,-23.93739,25.66996
19.9:  5.270214,-23.81022,26.45783
19.92:  5.505792,-23.68323,27.24572
19.94:  5.738183,-23.56205,28.03359
19.95:  5.973228,-23.44512,28.82147
19.97:  6.21193,-23.33044,29.60935
19.99:  6.449563,-23.21874,30.39723
20:  6.689557,-23.11145,31.18511
20.02:  6.93945,-23.00384,31.97299
20.04:  7.176205,-22.90573,32.76087
20.05:  7.417837,-22.80946,33.54875
20.07:  7.662962,-22.71569,34.33663
20.09:  7.9097,-22.62517,35.12451
20.1:  8.157925,-22.53795,35.91239
20.12:  8.40643,-22.45446,36.70026
20.14:  8.654818,-22.37268,37.48815
20.15:  8.903307,-22.29463,38.27602
20.17:  9.154966,-22.21793,39.0639
20.19:  9.406456,-22.14505,39.85178
20.2:  9.661133,-22.07502,40.63966
20.22:  9.923462,-22.00676,41.42754
20.24:  10.17664,-21.94458,42.21542
20.25:  10.42971,-21.8861,43.00329
20.27:  10.68141,-21.83158,43.79118
20.29:  10.94156,-21.77896,44.57905
20.3:  11.19979,-21.73182,45.36694
20.32:  11.46937,-21.6871,46.15481
20.34:  11.72466,-21.64634,46.94269
20.35:  11.98172,-21.60891,47.73057
20.37:  12.24181,-21.57469,48.51846
20.39:  12.50282,-21.544,49.30633
20.4:  12.76295,-21.51498,50.09421
20.42:  13.02192,-21.49172,50.88209
20.44:  13.28619,-21.47165,51.66996
20.45:  13.54821,-21.45537,52.45784
20.47:  13.81103,-21.44061,53.24572
20.49:  14.07404,-21.42812,54.0336
20.5:  14.33828,-21.41921,54.82148
20.52:  14.60256,-21.41393,55.60936
20.54:  14.86681,-21.41229,56.39724
20.55:  15.12445,-21.41556,57.18512
20.57:  15.39098,-21.42124,57.97299
20.59:  15.65305,-21.43177,58.76087
20.6:  15.9115,-21.44572,59.54875
20.62:  16.18415,-21.46421,60.33664
20.64:  16.4333,-21.48454,61.12451
20.65:  16.69609,-21.50963,61.9124
20.67:  16.96393,-21.53892,62.70027
20.69:  17.21585,-21.56999,63.48815
20.7:  17.47643,-21.60576,64.27604
20.72:  17.735,-21.64489,65.06392
20.74:  17.99246,-21.68745,65.84546
20.75:  18.2607,-21.73295,66.37982
20.77:  18.51472,-21.77738,66.37982
20.79:  18.77326,-21.82123,66.37982
20.8:  19.03119,-21.86498,66.37982
20.82:  19.29017,-21.90891,66.37982
20.84:  19.54599,-21.95366,66.37982
20.85:  19.80621,-21.99917,66.37982
20.87:  20.06684,-22.04338,66.37982
20.89:  20.32397,-22.08835,66.37982
20.9:  20.58171,-22.13343,66.37982
20.92:  20.84146,-22.17749,66.37982
20.94:  21.10044,-22.22279,66.37982
20.95:  21.35603,-22.26749,66.37982
20.97:  21.61499,-22.31279,66.37982
20.99:  21.87338,-22.35799,66.38181
21:  22.13189,-22.40337,66.41547
21.02:  22.39101,-22.44865,66.66463
21.04:  22.65801,-22.49839,67.30674
21.05:  22.91471,-22.54941,67.99322
21.07:  23.16586,-22.60384,68.68602
21.09:  23.42148,-22.6625,69.38518
21.1:  23.682,-22.72563,70.07798
21.12:  23.9285,-22.78851,70.77079
21.14:  24.17979,-22.85587,71.46359
21.15:  24.43291,-22.92561,72.15641
21.17:  24.68609,-22.99813,72.44359
21.19:  24.93946,-23.0693,72.44359
21.2:  25.18727,-23.14029,72.44359
21.22:  25.44611,-23.213,72.44359
21.24:  25.69922,-23.28411,72.44359
21.25:  25.95025,-23.35601,72.44359
21.27:  26.21598,-23.36475,72.44359
21.29:  26.47157,-23.34066,72.44359
21.3:  26.7134,-23.27952,72.44359
21.32:  26.95164,-23.20414,72.44359
21.34:  27.19116,-23.12836,72.44359
21.35:  27.42854,-23.05326,72.44359
21.37:  27.66656,-22.97795,72.44359
21.39:  27.90464,-22.90263,72.44359
21.4:  28.14406,-22.82688,72.44359
21.42:  28.38163,-22.75172,72.44359
21.44:  28.61771,-22.67703,72.44359
21.45:  28.85721,-22.60125,72.44359
21.47:  29.09781,-22.52513,72.44359
21.49:  29.33567,-22.44988,72.44359
21.5:  29.57113,-22.37538,72.44359
21.52:  29.82098,-22.29633,72.44359
21.54:  30.05398,-22.22262,72.44359
21.55:  30.29077,-22.1477,72.44359
21.57:  30.5278,-22.07271,72.44359
21.59:  30.76538,-21.99754,72.44359
21.6:  31.00458,-21.92187,72.44359
21.62:  31.24051,-21.84722,72.44359
21.64:  31.48207,-21.7708,72.44359
21.65:  31.71892,-21.69586,72.44359
21.67:  31.95425,-21.62141,72.44359
21.69:  32.19564,-21.54504,72.44359
21.7:  32.43179,-21.47032,72.44359
21.72:  32.67261,-21.39413,72.44359
21.74:  32.9139,-21.32807,72.44359
21.75:  33.15765,-21.26897,72.44359
21.77:  33.40218,-21.21469,72.44359
21.79:  33.64434,-21.16094,72.44359
21.8:  33.89246,-21.10588,72.44359
21.82:  34.13775,-21.05143,72.44359
21.84:  34.38302,-20.99699,72.44359
21.85:  34.62672,-20.94291,72.44359
21.87:  34.87247,-20.88836,72.44359
21.89:  35.11629,-20.83425,72.44359
21.9:  35.35912,-20.78035,72.44359
21.92:  35.60757,-20.7252,72.44359
21.94:  35.85343,-20.67064,72.44359
21.95:  36.0979,-20.61638,72.44359
21.97:  36.3432,-20.56193,72.44359
21.99:  36.58703,-20.50781,72.44359
22:  36.83205,-20.45343,72.44359
22.02:  37.0783,-20.39878,72.44359
22.04:  37.33706,-20.36449,72.44359
22.05:  37.58888,-20.34548,72.44359
22.07:  37.84906,-20.34485,72.44359
22.09:  38.10807,-20.36914,72.44359
22.12:  38.36085,-20.41912,72.44359
22.14:  38.61029,-20.47299,72.44359
22.15:  38.86189,-20.53079,72.44359
22.17:  39.10751,-20.58507,72.44359
22.19:  39.35737,-20.64029,72.44359
22.2:  39.60896,-20.69681,72.44359
22.22:  39.86153,-20.75355,72.44359
22.24:  40.11241,-20.80773,72.44359
22.25:  40.36634,-20.86478,72.44359
22.27:  40.61546,-20.92074,72.44359
22.29:  40.86801,-20.97747,72.44359
22.3:  41.12678,-21.0356,72.44359
22.32:  41.37556,-21.09149,72.44359
22.34:  41.62594,-21.14774,72.44359
22.35:  41.87556,-21.20381,72.44359
22.37:  42.1238,-21.25958,72.44359
22.39:  42.37932,-21.31698,72.44359
22.4:  42.63058,-21.37342,72.44359
22.42:  42.88253,-21.43002,72.44359
22.44:  43.13379,-21.48646,72.44359
22.45:  43.38694,-21.54333,72.44359
22.47:  43.63767,-21.59966,72.44359
22.49:  43.88922,-21.65616,72.44359
22.5:  44.14173,-21.71289,72.44359
22.52:  44.39385,-21.76953,72.44359
22.54:  44.64497,-21.82594,72.44359
22.55:  44.89887,-21.88297,72.44359
22.57:  45.14796,-21.93893,72.44359
22.59:  45.40057,-21.99568,72.44359
22.6:  45.64946,-22.05159,72.44359
22.62:  45.90435,-22.10885,72.44359
22.64:  46.15602,-22.16538,72.44359
22.65:  46.4085,-22.2221,72.44359
22.67:  46.65953,-22.27849,72.44359
22.69:  46.91167,-22.33513,72.44359
22.7:  47.16398,-22.39182,72.44359
22.72:  47.41582,-22.44839,72.44359
22.74:  47.66782,-22.505,72.44359
22.75:  47.92022,-22.5617,72.44359
22.77:  48.16929,-22.61765,72.44359
22.79:  48.42229,-22.67444,72.43527
22.8:  48.67456,-22.73068,72.3509
22.82:  48.92624,-22.78536,72.03836
22.84:  49.1769,-22.83713,71.45329
22.85:  49.43331,-22.88643,70.66541
22.87:  49.68528,-22.93129,69.87753
22.89:  49.94149,-22.97328,69.08966
22.9:  50.1964,-23.01146,68.30178
22.92:  50.45321,-23.04632,67.51391
22.94:  50.70916,-23.07749,66.72603
22.95:  50.96326,-23.1049,65.93815
22.97:  51.22317,-23.12932,65.15028
22.99:  51.48033,-23.14992,64.3624
23:  51.73677,-23.16691,63.57451
23.02:  51.99561,-23.18049,62.78664
23.04:  52.25114,-23.19038,61.99876
23.05:  52.51271,-23.19691,61.21088
23.07:  52.76815,-23.19976,60.42301
23.09:  53.02647,-23.19909,59.63513
23.1:  53.28379,-23.19489,58.84725
23.12:  53.54043,-23.18717,58.05937
23.14:  53.80154,-23.17572,57.27149
23.15:  54.06045,-23.16079,56.48361
23.17:  54.31643,-23.1425,55.69573
23.19:  54.57384,-23.12055,54.90785
23.2:  54.83169,-23.09498,54.11998
23.22:  55.08772,-23.06603,53.3321
23.24:  55.34282,-23.03363,52.54422
23.25:  55.60026,-22.99733,51.75634
23.27:  55.85248,-22.95822,50.96846
23.29:  56.10807,-22.91498,50.18058
23.3:  56.3621,-22.8684,49.3927
23.32:  56.61546,-22.81834,48.60482
23.34:  56.8679,-22.76484,47.81694
23.35:  57.11921,-22.70796,47.02907
23.37:  57.37025,-22.6475,46.24119
23.39:  57.62118,-22.5834,45.45331
23.4:  57.86954,-22.5163,44.66543
23.42:  58.11821,-22.44544,43.87755
23.44:  58.36578,-22.3712,43.08967
23.45:  58.61293,-22.29337,42.3018
23.47:  58.85681,-22.21286,41.51392
23.49:  59.10067,-22.12862,40.72604
23.5:  59.3421,-22.04149,39.93816
23.52:  59.5854,-21.94988,39.15028
23.54:  59.82241,-21.8569,38.3624
23.55:  60.06234,-21.75895,37.57452
23.57:  60.30077,-21.65776,36.78664
23.59:  60.53661,-21.55518,35.99876
23.6:  60.77008,-21.44978,35.21088
23.62:  60.99698,-21.34492,34.423
23.64:  61.22952,-21.23355,33.63512
23.65:  61.46788,-21.14494,32.84725
23.67:  61.71875,-21.06718,32.05937
23.69:  61.96156,-20.99904,31.2715
23.7:  62.20655,-20.94092,30.48362
23.72:  62.45232,-20.87902,29.69574
23.74:  62.69957,-20.81674,28.9142
23.75:  62.94616,-20.75148,28.22772
23.77:  63.19053,-20.68436,27.69336
23.79:  63.43638,-20.61536,27.37449
23.8:  63.68716,-20.54482,27.34082
23.82:  63.93216,-20.47577,27.31348
23.84:  64.17457,-20.40733,27.28615
23.85:  64.41532,-20.34107,27.25882
23.87:  64.65937,-20.27378,27.23149
23.89:  64.90604,-20.20564,27.20415
23.9:  65.14642,-20.13914,27.18316
23.92:  65.39301,-20.0708,27.15583
23.94:  65.63706,-20.00303,27.1285
23.95:  65.88042,-19.93724,27.1075
23.97:  66.12384,-19.86946,27.08651
23.99:  66.36768,-19.80146,27.06552
24:  66.61107,-19.73529,27.02551
24.02:  66.85362,-19.66878,26.90311
24.04:  67.105,-19.59637,26.57789
24.05:  67.34304,-19.52445,25.83438
24.07:  67.57959,-19.45127,25.0465
24.09:  67.81841,-19.37378,24.25862
24.1:  68.05724,-19.29072,23.47075
24.12:  68.29511,-19.20431,22.68287
24.14:  68.53104,-19.11685,21.89499
24.15:  68.76505,-19.02448,21.10711
24.17:  69.00084,-18.92961,20.31923
24.19:  69.23389,-18.83013,19.53135
24.2:  69.46368,-18.73025,18.74347
24.22:  69.69472,-18.62403,17.9556
24.24:  69.92043,-18.51648,17.16772
24.25:  70.15269,-18.39776,16.37984
24.27:  70.37872,-18.27629,15.59196
24.29:  70.60544,-18.14837,14.80408
24.3:  70.82703,-18.0193,14.0162
24.32:  71.05382,-17.88091,13.22832
24.34:  71.27495,-17.74383,12.44044
24.35:  71.49496,-17.60112,11.65257
24.37:  71.71053,-17.45914,10.86469
24.39:  71.92566,-17.31529,10.07681
24.4:  72.13814,-17.17109,9.28893
24.42:  72.3481,-17.02434,8.501051
24.44:  72.55679,-16.87636,7.713172
24.45:  72.76286,-16.72817,6.925293
24.47:  72.9651,-16.57847,6.137415
24.49:  73.16602,-16.42543,5.349535
24.5:  73.36617,-16.27088,4.561657
24.52:  73.56409,-16.11133,3.773778
24.54:  73.7558,-15.9547,2.985899
24.55:  73.95095,-15.79072,2.198021
24.57:  74.14035,-15.6247,1.410142
24.59:  74.32946,-15.45428,0.622263
24.6:  74.51469,-15.28024,359.8344
24.62:  74.69887,-15.09483,359.0465
24.64:  74.87503,-14.90254,358.2586
24.65:  75.04667,-14.70995,357.4707
24.67:  75.2197,-14.51302,356.6829
24.69:  75.38786,-14.31355,355.895
24.7:  75.55147,-14.11396,355.1071
24.72:  75.68544,-13.88979,354.3192
24.74:  75.79385,-13.65989,353.5313
24.75:  75.87152,-13.40809,352.7435
24.77:  75.92553,-13.15164,351.9556
24.79:  75.95496,-12.89402,351.1677
24.8:  75.97382,-12.63426,350.3798
24.82:  75.98738,-12.37796,349.7884
24.84:  76.0005,-12.12186,349.6914
24.85:  76.01369,-11.86423,349.6894
24.87:  76.02664,-11.61033,349.6811
24.89:  76.03986,-11.35115,349.6791
24.9:  76.05283,-11.09623,349.6708
24.92:  76.0659,-10.83833,349.6625
24.94:  76.07884,-10.58249,349.6541
24.95:  76.09181,-10.32518,349.6458
24.97:  76.10464,-10.0699,349.6375
24.99:  76.11752,-9.813148,349.6292
25:  76.13034,-9.556558,349.6209
25.02:  76.14313,-9.299994,349.6125
25.04:  76.15585,-9.043956,349.6042
25.05:  76.16902,-8.778728,349.6023
25.07:  76.18159,-8.525335,349.6003
25.09:  76.19418,-8.270966,349.5919
25.1:  76.20665,-8.018814,349.59
25.12:  76.22183,-7.75967,349.5817
25.14:  76.23447,-7.503243,349.5797
25.15:  76.24748,-7.238787,349.5777
25.17:  76.26218,-6.986987,349.5694
25.19:  76.27467,-6.732697,349.5694
25.2:  76.28722,-6.475963,349.5611
25.22:  76.29951,-6.224199,349.5527
25.24:  76.31459,-5.962918,349.5317
25.25:  76.32692,-5.705777,349.5044
25.27:  76.33896,-5.451604,349.4707
25.29:  76.35099,-5.193096,349.4244
25.3:  76.36281,-4.928176,349.3147
25.32:  76.37315,-4.67948,349.1416
25.34:  76.3828,-4.422873,348.9114
25.35:  76.3913,-4.165131,348.6496
25.37:  76.39847,-3.912176,348.3814
25.39:  76.40701,-3.65274,348.1133
25.4:  76.41197,-3.390462,347.8451
25.42:  76.41803,-3.133102,347.5769
25.44:  76.42047,-2.878904,347.3087
25.45:  76.4217,-2.628237,347.0406
25.47:  76.42176,-2.369522,346.7724
25.49:  76.42064,-2.112417,346.5106
25.5:  76.4207,-1.854634,346.2424
25.52:  76.41707,-1.58944,345.9742
25.54:  76.41251,-1.341567,345.706
25.55:  76.40894,-1.082315,345.4379
25.57:  76.40167,-0.8207183,345.1697
25.59:  76.39349,-0.5691537,344.8952
25.6:  76.38397,-0.3136604,344.627
25.62:  76.37321,-0.05713505,344.3588
25.64:  76.36123,0.2000037,344.0907
25.65:  76.35058,0.4570007,343.8542
25.67:  76.33931,0.7133737,343.7128
25.69:  76.32792,0.9692925,343.6791
25.7:  76.31351,1.23421,343.6454
25.72:  76.30192,1.488375,343.6181
25.74:  76.29018,1.74318,343.5908
25.75:  76.2758,2.000632,343.5634
25.77:  76.26146,2.25489,343.5298
25.79:  76.2468,2.511024,343.4834
25.8:  76.23151,2.767543,343.3484
25.82:  76.21485,3.024789,343.0548
25.84:  76.19582,3.280357,342.5014
25.85:  76.17308,3.537918,341.7136
25.87:  76.14755,3.787745,340.9257
25.89:  76.11993,4.046583,340.1378
25.9:  76.08686,4.300878,339.3499
25.92:  76.0501,4.556044,338.562
25.94:  76.00997,4.809865,337.7742
25.95:  75.96764,5.061808,337.2208
25.97:  75.92504,5.315295,337.2208
25.99:  75.88227,5.569588,337.2125
26:  75.84068,5.831473,337.2042
26.02:  75.79861,6.08137,337.2022
26.04:  75.75657,6.330993,337.2002
26.05:  75.71609,6.585658,337.1982
26.07:  75.67419,6.834341,337.1962
26.09:  75.63312,7.092717,337.1942
26.1:  75.59041,7.34594,337.1859
26.12:  75.54788,7.597997,337.184
26.14:  75.50506,7.851799,337.182
26.15:  75.46245,8.104111,337.1736
26.17:  75.41989,8.355885,337.1653
26.19:  75.37543,8.618863,337.1634
26.2:  75.33276,8.871186,337.1614
26.22:  75.29098,9.118229,337.1594
26.24:  75.24809,9.371828,337.1594
26.25:  75.20507,9.626117,337.1594
26.27:  75.16506,9.876738,337.1574
26.29:  75.122,10.13101,337.1491
26.3:  75.07913,10.38416,337.1471
26.32:  75.03607,10.63834,337.1451
26.34:  74.99317,10.89154,337.1432
26.35:  74.95039,11.14381,337.1348
26.37:  74.90762,11.39587,337.1265
26.39:  74.86473,11.64831,337.1182
26.4:  74.82118,11.9046,337.1162
26.42:  74.77822,12.1572,337.1079
26.44:  74.73518,12.41025,337.1059
26.45:  74.69184,12.66501,337.1039
26.47:  74.64944,12.91417,337.102
26.49:  74.60588,13.17008,337.1
26.5:  74.56519,13.42325,337.098
26.52:  74.52201,13.67683,337.096
26.54:  74.47873,13.93097,337.094
26.55:  74.43559,14.18423,337.092
26.57:  74.3927,14.43595,337.0901
26.59:  74.35144,14.6924,337.0881
26.6:  74.30835,14.94516,337.0861
26.62:  74.26523,15.19809,337.0841
26.64:  74.22211,15.45078,337.0758
26.65:  74.17941,15.70081,337.0675
26.67:  74.13585,15.95564,337.0592
26.7:  74.09224,16.21055,337.0508
26.72:  74.05127,16.46387,337.0425
26.74:  74.00779,16.71759,337.0342
26.75:  73.96453,16.96993,337.0322
26.77:  73.92079,17.22487,337.0239
26.79:  73.88022,17.47503,337.0156
26.8:  73.83633,17.73058,337.0136
26.82:  73.79279,17.98402,337.0116
26.84:  73.74959,18.23525,337.0033
26.85:  73.70295,18.49505,336.995
26.87:  73.66892,18.70304,336.9867
26.89:  73.64829,18.88289,336.9784
26.9:  73.63586,19.03764,336.97
26.92:  73.63839,19.14911,336.9617
26.94:  73.65463,19.20872,336.9534
26.95:  73.65463,19.20872,336.9514
26.97:  73.65463,19.20872,336.9494
26.99:  73.65463,19.20872,336.9474
27:  73.65463,19.20872,336.9391
27.02:  73.65463,19.20872,336.9372
27.04:  73.65463,19.20872,336.9352
27.05:  73.65463,19.20872,336.9332
27.07:  73.65463,19.20872,336.9312
27.09:  73.65463,19.20872,336.9292
27.1:  73.65463,19.20872,336.9272
27.12:  73.65463,19.20872,336.9189
27.14:  73.65463,19.20872,336.917
27.15:  73.65463,19.20872,336.9086
27.17:  73.65463,19.20872,336.9003
27.19:  73.65463,19.20872,336.8983
27.2:  73.65463,19.20872,336.8964
27.22:  73.65463,19.20872,336.8881
27.24:  73.65463,19.20872,336.8797
27.25:  73.65463,19.20872,336.8777
27.27:  73.65463,19.20872,336.8694
27.29:  73.65463,19.20872,336.8611
27.3:  73.65463,19.20872,336.8528
27.32:  73.65463,19.20872,336.8528
27.34:  73.65463,19.20872,336.8445
27.35:  73.65463,19.20872,336.8362
27.37:  73.65463,19.20872,336.8342
27.39:  73.65463,19.20872,336.8342
27.4:  73.65463,19.20872,336.8322
27.42:  73.65463,19.20872,336.8239
27.44:  73.65463,19.20872,336.8219
27.45:  73.65463,19.20872,336.8136
27.47:  73.65463,19.20872,336.8116
27.49:  73.65463,19.20872,336.8033
27.5:  73.65463,19.20872,336.8013
27.52:  73.65463,19.20872,336.7993
27.54:  73.65463,19.20872,336.7973
27.55:  73.65463,19.20872,336.7953
27.57:  73.65463,19.20872,336.7953
27.59:  73.65463,19.20872,336.7934
27.6:  73.65463,19.20872,336.7934
27.62:  73.65463,19.20872,336.7934
27.64:  73.65463,19.20872,336.7934
27.65:  73.65463,19.20872,336.7934
27.67:  73.65463,19.20872,336.7934
27.69:  73.65463,19.20872,336.7934
27.7:  73.65463,19.20872,336.7934
27.72:  73.65463,19.20872,336.7934
27.74:  73.65463,19.20872,336.7934
27.75:  73.65463,19.20872,336.7934
27.77:  73.65463,19.20872,336.7934
27.79:  73.65463,19.20872,336.7934
27.8:  73.65463,19.20872,336.7934
27.82:  73.65463,19.20872,336.7934
27.84:  73.65463,19.20872,336.7934
27.85:  73.65463,19.20872,336.7934
27.87:  73.65463,19.20872,336.7934
27.89:  73.65463,19.20872,336.7934
27.9:  73.65463,19.20872,336.7934
27.92:  73.65463,19.20872,336.7934
27.94:  73.65463,19.20872,336.7934
27.95:  73.65463,19.20872,336.7934
27.97:  73.65463,19.20872,336.7934
27.99:  73.65463,19.20872,336.7934
28:  73.65463,19.20872,336.7934
28.02:  73.65463,19.20872,336.7934
28.04:  73.65463,19.20872,336.7934
28.05:  73.65463,19.20872,336.7934
28.07:  73.65463,19.20872,336.7934
28.09:  73.65463,19.20872,336.7934
28.1:  73.65463,19.20872,336.7934
28.12:  73.65463,19.20872,336.7934
28.14:  73.65463,19.20872,336.7934
28.15:  73.65463,19.20872,336.7934
28.17:  73.65463,19.20872,336.7934
28.19:  73.65463,19.20872,336.7934
28.2:  73.65463,19.20872,336.7934
28.22:  73.65463,19.20872,336.7934
28.24:  73.65463,19.20872,336.7934
28.25:  73.65463,19.20872,336.7934
28.27:  73.65463,19.20872,336.7934
28.29:  73.65463,19.20872,336.7934
28.3:  73.65463,19.20872,336.7934
28.32:  73.65463,19.20872,336.7934
28.34:  73.65463,19.20872,336.7934
28.35:  73.65463,19.20872,336.7934
28.37:  73.65463,19.20872,336.7934
28.39:  73.65463,19.20872,336.7934
28.4:  73.65463,19.20872,336.7934
28.42:  73.65463,19.20872,336.7934
28.44:  73.65463,19.20872,336.7934
28.45:  73.65463,19.20872,336.7934
28.47:  73.65463,19.20872,336.7934
28.49:  73.65463,19.20872,336.7934
28.5:  73.65463,19.20872,336.7934
28.52:  73.65463,19.20872,336.7934
28.54:  73.65463,19.20872,336.7934
28.55:  73.65463,19.20872,336.7934
28.57:  73.65463,19.20872,336.7934
28.59:  73.65463,19.20872,336.7934
28.6:  73.65463,19.20872,336.7934
28.62:  73.65463,19.20872,336.7934
28.64:  73.65463,19.20872,336.7934
28.65:  73.65463,19.20872,336.7934
28.67:  73.65463,19.20872,336.7934
28.69:  73.65463,19.20872,336.7934
28.7:  73.65463,19.20872,336.7934
28.72:  73.65463,19.20872,336.7934
28.74:  73.65463,19.20872,336.7934
28.75:  73.65463,19.20872,336.7934
28.77:  73.65463,19.20872,336.7934
28.79:  73.65463,19.20872,336.7934
28.8:  73.65463,19.20872,336.7934
28.82:  73.65463,19.20872,336.7934
28.84:  73.65463,19.20872,336.7934
28.85:  73.65463,19.20872,336.7934
28.87:  73.65463,19.20872,336.7934
28.89:  73.65463,19.20872,336.7934
28.9:  73.65463,19.20872,336.7934
28.92:  73.65463,19.20872,336.7934
28.94:  73.65463,19.20872,336.7934
28.95:  73.65463,19.20872,336.7934
28.97:  73.65463,19.20872,336.7934
28.99:  73.65463,19.20872,336.7934
29:  73.65463,19.20872,336.7934
29.02:  73.65463,19.20872,336.7934
29.04:  73.65463,19.20872,336.7934
29.05:  73.65463,19.20872,336.7934
29.07:  73.65463,19.20872,336.7934
29.09:  73.65463,19.20872,336.7934
29.1:  73.65463,19.20872,336.7934
29.12:  73.65463,19.20872,336.7934
29.14:  73.65463,19.20872,336.7934
29.15:  73.65463,19.20872,336.7934
29.17:  73.65463,19.20872,336.7934
29.19:  73.65463,19.20872,336.7934
29.2:  73.65463,19.20872,336.7934
29.22:  73.65463,19.20872,336.7934
29.24:  73.65463,19.20872,336.7934
29.25:  73.65463,19.20872,336.7934
29.27:  73.65463,19.20872,336.7934
29.29:  73.65463,19.20872,336.7934
29.3:  73.65463,19.20872,336.7934
