ParticipantNo: 11015
Controller type: Gamepad
Training Level Timed:
0.02:  82.7,18.5,270
0.03:  82.7,18.5,270
0.05:  82.7,18.5,270
0.07:  82.7,18.5,270
0.09:  82.7,18.5,270
0.1:  82.7,18.5,270
0.12:  82.7,18.5,270
0.14:  82.7,18.5,270
0.15:  82.7,18.5,270
0.17:  82.7,18.5,270
0.19:  82.7,18.5,270
0.2:  82.7,18.5,270
0.22:  82.7,18.5,270
0.24:  82.7,18.5,270
0.25:  82.7,18.5,270
0.27:  82.7,18.5,270
0.29:  82.7,18.5,270
0.3:  82.7,18.5,270
0.32:  82.7,18.5,270
0.34:  82.7,18.5,270
0.35:  82.7,18.5,270
0.37:  82.7,18.5,270
0.39:  82.7,18.5,270
0.4:  82.7,18.5,270
0.42:  82.7,18.5,270
0.44:  82.7,18.5,270
0.45:  82.7,18.5,270
0.47:  82.7,18.5,270
0.49:  82.7,18.5,270
0.5:  82.7,18.5,270
0.52:  82.7,18.5,270
0.54:  82.7,18.5,270
0.55:  82.7,18.5,270
0.57:  82.7,18.5,270
0.59:  82.7,18.5,270
0.6:  82.7,18.5,270
0.62:  82.7,18.5,270
0.64:  82.7,18.5,270
0.65:  82.7,18.5,270
0.67:  82.7,18.5,270
0.69:  82.7,18.5,270
0.7:  82.7,18.5,270
0.72:  82.7,18.5,269.998
0.74:  82.7,18.5,269.996
0.75:  82.7,18.5,269.9941
0.77:  82.7,18.5,269.9921
0.79:  82.7,18.5,269.9901
0.8:  82.7,18.5,269.9881
0.82:  82.7,18.5,269.9861
0.84:  82.7,18.5,269.9842
0.85:  82.7,18.5,269.9822
0.87:  82.7,18.5,269.9802
0.89:  82.7,18.5,269.9782
0.9:  82.7,18.5,269.9762
0.92:  82.7,18.5,269.9742
0.94:  82.7,18.5,269.9723
0.95:  82.7,18.5,269.9703
0.97:  82.7,18.5,269.9683
0.99:  82.7,18.5,269.9663
1:  82.7,18.5,269.9644
1.02:  82.7,18.5,269.9624
1.04:  82.7,18.5,269.9604
1.05:  82.7,18.5,269.9604
1.07:  82.7,18.5,269.9604
1.09:  82.7,18.5,269.9584
1.1:  82.7,18.5,269.9564
1.12:  82.7,18.5,269.9545
1.14:  82.7,18.5,269.9525
1.15:  82.7,18.5,269.9442
1.17:  82.7,18.5,269.9422
1.19:  82.7,18.5,269.9402
1.2:  82.7,18.5,269.9382
1.22:  82.7,18.5,269.9362
1.24:  82.7,18.5,269.9279
1.25:  82.7,18.5,269.9279
1.27:  82.7,18.5,269.9259
1.3:  82.7,18.5,269.9259
1.32:  82.7,18.5,269.924
1.34:  82.7,18.5,269.922
1.35:  82.7,18.5,269.92
1.37:  82.7,18.5,269.918
1.39:  82.7,18.5,269.916
1.4:  82.7,18.5,269.916
1.42:  82.7,18.5,269.9141
1.44:  82.7,18.5,269.9121
1.45:  82.7,18.5,269.9101
1.47:  82.7,18.5,269.9018
1.49:  82.7,18.5,269.8745
1.5:  82.7,18.5,269.8154
1.52:  82.7,18.5,269.5853
1.54:  82.7,18.5,268.7974
1.55:  82.7,18.5,268.0095
1.57:  82.7,18.5,267.2216
1.59:  82.7,18.5,266.4338
1.6:  82.7,18.5,265.6459
1.62:  82.7,18.5,264.858
1.64:  82.7,18.5,264.0701
1.65:  82.7,18.5,263.2823
1.67:  82.7,18.5,262.4944
1.69:  82.7,18.5,261.7065
1.7:  82.7,18.5,260.9186
1.72:  82.7,18.5,260.1307
1.74:  82.7,18.5,259.3429
1.75:  82.70096,18.49525,258.555
1.77:  82.7246,18.38619,257.7671
1.79:  82.7618,18.13835,256.9792
1.8:  82.80238,17.8912,256.1913
1.82:  82.84649,17.64387,255.4035
1.84:  82.89384,17.39797,254.6156
1.85:  82.94378,17.1566,253.8277
1.87:  83.00063,16.91101,253.0398
1.89:  83.06084,16.66619,252.2583
1.9:  83.12392,16.42385,251.4831
1.92:  83.18789,16.18196,250.7015
1.94:  83.25562,15.93932,249.92
1.95:  83.32619,15.69915,249.1385
1.97:  83.39838,15.45704,248.3569
1.99:  83.47237,15.22058,247.5817
2:  83.55132,14.97985,246.8002
2.02:  83.6167,14.73697,246.0186
2.04:  83.65046,14.48189,245.2371
2.05:  83.66454,14.23189,244.4556
2.07:  83.67341,13.98003,243.6804
2.09:  83.67794,13.72942,242.8988
2.1:  83.68259,13.4782,242.1236
2.12:  83.68727,13.22909,241.3484
2.14:  83.68346,12.97587,240.5669
2.15:  83.67352,12.72353,239.7853
2.17:  83.64821,12.47783,239.0101
2.19:  83.61747,12.23298,238.2286
2.2:  83.59053,11.99212,237.4534
2.22:  83.56636,11.74582,236.6782
2.24:  83.53953,11.49609,235.8966
2.25:  83.51186,11.254,235.1214
2.27:  83.47812,11.00606,234.3399
2.29:  83.42841,10.75782,233.5584
2.3:  83.38049,10.50944,232.7832
2.32:  83.33548,10.25783,232.008
2.34:  83.29385,10.00558,231.2328
2.35:  83.25623,9.756579,230.4576
2.37:  83.22186,9.507666,229.6824
2.39:  83.1926,9.257517,228.9071
2.4:  83.16529,9.008924,228.1319
2.42:  83.1408,8.754293,227.3567
2.44:  83.11994,8.501204,226.5752
2.45:  83.10254,8.247382,225.7873
2.47:  83.08891,7.99928,225.0058
2.49:  83.07852,7.747199,224.2242
2.5:  83.07158,7.495371,223.4427
2.52:  83.07319,7.242226,222.6611
2.54:  83.09357,6.996097,221.8796
2.55:  83.1258,6.751383,221.0981
2.57:  83.17052,6.505655,220.3165
2.59:  83.21973,6.264634,219.535
2.6:  83.27222,6.024238,218.7534
2.62:  83.32772,5.787377,217.9719
2.64:  83.38651,5.549476,217.1904
2.65:  83.4483,5.313342,216.4088
2.67:  83.51196,5.077131,215.6273
2.69:  83.58063,4.8412,214.8457
2.7:  83.6503,4.608191,214.0642
2.72:  83.7238,4.374039,213.2827
2.74:  83.80203,4.141197,212.5011
2.75:  83.87221,3.903687,211.7196
2.77:  83.92387,3.654392,210.938
2.79:  83.96234,3.407485,210.1565
2.8:  83.99524,3.161166,209.375
2.82:  84.02156,2.91207,208.5934
2.84:  84.04662,2.655028,207.8182
2.85:  84.06738,2.401348,207.0367
2.87:  84.06654,2.148435,206.2551
2.89:  84.05166,1.895166,205.4736
2.9:  84.00063,1.643262,204.692
2.92:  83.91554,1.409296,203.9105
2.94:  83.8175,1.179692,203.1226
2.95:  83.72301,0.9496825,202.3347
2.97:  83.63001,0.7141809,201.5469
2.99:  83.54106,0.4799646,200.797
3:  83.4548,0.245489,200.1993
3.02:  83.37082,0.01253664,199.8234
3.04:  83.2854,-0.2247632,199.796
3.05:  83.2011,-0.45933,199.7687
3.07:  83.11618,-0.6960443,199.735
3.09:  83.03207,-0.9309317,199.7014
3.1:  82.94776,-1.166741,199.674
3.12:  82.86404,-1.401265,199.6467
3.14:  82.77984,-1.637463,199.6194
3.15:  82.69693,-1.870471,199.5857
3.17:  82.6128,-2.107376,199.552
3.19:  82.52895,-2.343731,199.531
3.2:  82.44556,-2.579184,199.5037
3.22:  82.36261,-2.813812,199.47
3.24:  82.27892,-3.051003,199.4364
3.25:  82.19628,-3.28554,199.409
3.27:  82.1129,-3.522564,199.3817
3.29:  82.02975,-3.759277,199.3544
3.3:  81.94729,-3.994389,199.327
3.32:  81.86475,-4.230184,199.2934
3.34:  81.78231,-4.466032,199.266
3.35:  81.70007,-4.701703,199.2387
3.37:  81.62011,-4.938603,199.2114
3.39:  81.53942,-5.177951,199.1904
3.4:  81.46082,-5.411509,199.163
3.42:  81.38325,-5.650078,199.1357
3.44:  81.30341,-5.888116,199.102
3.45:  81.22459,-6.123522,199.0747
3.47:  81.14741,-6.362124,199.0474
3.49:  81.07017,-6.601317,199.02
3.5:  80.9936,-6.838803,198.9927
3.52:  80.9172,-7.076169,198.9654
3.54:  80.84058,-7.314611,198.938
3.55:  80.76471,-7.551095,198.9107
3.57:  80.68797,-7.790696,198.8834
3.59:  80.61166,-8.02934,198.856
3.6:  80.5356,-8.267579,198.8287
3.62:  80.45997,-8.504782,198.8077
3.64:  80.38425,-8.742652,198.7804
3.65:  80.30638,-8.979612,198.7531
3.67:  80.23005,-9.220192,198.7257
3.69:  80.15215,-9.457998,198.6984
3.7:  80.08387,-9.698294,198.6711
3.72:  80.02738,-9.942085,198.6437
3.74:  79.97521,-10.18939,198.6227
3.75:  79.93985,-10.43962,198.5954
3.77:  79.91344,-10.69602,198.5871
3.79:  79.88719,-10.95095,198.5871
3.8:  79.86318,-11.20745,198.5871
3.82:  79.83952,-11.46035,198.5871
3.84:  79.81293,-11.71852,198.5871
3.85:  79.78941,-11.96978,198.5871
3.87:  79.76298,-12.22649,198.5871
3.89:  79.73636,-12.4837,198.6144
3.9:  79.70975,-12.73775,198.6861
3.92:  79.68228,-12.99263,198.8592
3.94:  79.66344,-13.24773,199.1908
3.95:  79.64333,-13.49863,199.6934
3.97:  79.62011,-13.75155,200.3546
3.99:  79.59345,-14.00727,201.06
4:  79.56701,-14.25737,201.8289
4.02:  79.53714,-14.50691,202.6168
4.04:  79.50356,-14.75814,203.4047
4.05:  79.467,-15.00596,204.1862
4.07:  79.42771,-15.2532,204.9741
4.09:  79.38566,-15.49771,205.7049
4.1:  79.34068,-15.74334,206.3217
4.12:  79.29272,-15.99119,206.742
4.14:  79.24532,-16.23799,206.82
4.15:  79.19879,-16.47983,206.8347
4.17:  79.16013,-16.731,206.8347
4.19:  79.13034,-16.98069,206.8347
4.2:  79.10951,-17.23268,206.8347
4.22:  79.09602,-17.49133,206.8347
4.24:  79.0872,-17.74158,206.8347
4.25:  79.07838,-17.99151,206.8347
4.27:  79.07167,-18.24528,206.8347
4.29:  79.06501,-18.49709,206.8347
4.3:  79.05616,-18.74785,206.8347
4.32:  79.04736,-18.9973,206.8347
4.34:  79.0406,-19.25296,206.8347
4.35:  79.03193,-19.49867,206.8347
4.37:  79.02412,-19.74962,206.8347
4.39:  79.01636,-19.9989,206.8347
4.4:  79.00975,-20.24864,206.8347
4.42:  79.00302,-20.50316,206.8347
4.44:  78.99635,-20.7556,206.8347
4.45:  78.9897,-21.00665,206.8347
4.47:  78.98081,-21.25867,206.8347
4.49:  78.97198,-21.50897,206.8347
4.5:  78.96529,-21.76195,206.8347
4.52:  78.95863,-22.01367,206.8347
4.54:  78.95212,-22.26017,206.8347
4.55:  78.94544,-22.51232,206.8347
4.57:  78.93986,-22.76352,206.8347
4.59:  78.94418,-23.01066,206.8347
4.6:  78.95838,-23.25999,206.8347
4.62:  78.98364,-23.5101,206.8347
4.64:  79.01683,-23.75741,206.8347
4.65:  79.05252,-23.998,206.8347
4.67:  79.09551,-24.24096,206.8347
4.69:  79.14262,-24.47904,206.8347
4.7:  79.19318,-24.71678,206.8347
4.72:  79.24844,-24.95114,206.8347
4.74:  79.30457,-25.18921,206.8347
4.75:  79.35964,-25.42279,206.8347
4.77:  79.416,-25.66184,206.8347
4.79:  79.47197,-25.89925,206.8366
4.8:  79.52769,-26.13578,206.8449
4.82:  79.58866,-26.37163,206.8533
4.84:  79.65172,-26.60916,206.8616
4.85:  79.7138,-26.84335,206.8826
4.87:  79.77414,-27.07851,206.9036
4.89:  79.83412,-27.31261,206.9246
4.9:  79.89572,-27.54602,206.9456
4.92:  79.95586,-27.78136,206.9602
4.94:  80.01794,-28.0172,206.9812
4.95:  80.07896,-28.24944,207.0086
4.97:  80.14115,-28.4866,207.0359
4.99:  80.20204,-28.71946,207.0759
5:  80.26348,-28.95521,207.1222
5.02:  80.32491,-29.19178,207.1749
5.04:  80.38557,-29.42631,207.2276
5.05:  80.44617,-29.66151,207.2803
5.07:  80.50471,-29.89685,207.3266
5.09:  80.56547,-30.13435,207.3793
5.1:  80.62535,-30.36931,207.432
5.12:  80.68254,-30.60185,207.4783
5.14:  80.74012,-30.83658,207.512
5.15:  80.79737,-31.07053,207.5457
5.17:  80.85255,-31.3101,207.5667
5.19:  80.90113,-31.55218,207.5813
5.2:  80.94257,-31.79368,207.5897
5.22:  80.98331,-32.04017,207.598
5.24:  81.02144,-32.28284,207.6
5.25:  81.05942,-32.52459,207.6
5.27:  81.10014,-32.77128,207.6083
5.29:  81.13847,-33.01551,207.6102
5.3:  81.17902,-33.2612,207.6122
5.32:  81.21703,-33.50372,207.6205
5.34:  81.2578,-33.75111,207.6225
5.35:  81.2956,-33.99249,207.6308
5.37:  81.33402,-34.23816,207.6392
5.39:  81.37233,-34.4831,207.6411
5.4:  81.41027,-34.72578,207.6431
5.42:  81.44851,-34.97041,207.6451
5.44:  81.48655,-35.21386,207.6471
5.45:  81.52452,-35.45689,207.6491
5.47:  81.56493,-35.70277,207.651
5.49:  81.60322,-35.94799,207.653
5.5:  81.64379,-36.195,207.655
5.52:  81.6834,-36.4362,207.657
5.54:  81.72211,-36.68423,207.659
5.55:  81.75967,-36.92495,207.6609
5.57:  81.80013,-37.17152,207.6629
5.59:  81.83841,-37.41697,207.6649
5.6:  81.87624,-37.6596,207.6669
5.62:  81.91437,-37.90418,207.6689
5.64:  81.95253,-38.14909,207.6708
5.65:  81.99021,-38.39092,207.6728
5.67:  82.03067,-38.63778,207.6748
5.69:  82.0708,-38.88266,207.6768
5.7:  82.10865,-39.12576,207.6788
5.72:  82.14666,-39.36989,207.6807
5.74:  82.18496,-39.61595,207.6807
5.75:  82.22264,-39.85809,207.6827
5.77:  82.26084,-40.10356,207.6847
5.79:  82.29889,-40.34814,207.6867
5.8:  82.3368,-40.59185,207.6867
5.82:  82.37486,-40.83653,207.6886
5.84:  82.41518,-41.083,207.6906
5.85:  82.45455,-41.32368,207.6926
5.87:  82.49292,-41.57053,207.6946
5.89:  82.53076,-41.81411,207.6966
5.9:  82.56898,-42.0601,207.6985
5.92:  82.60635,-42.30072,207.7005
5.94:  82.64475,-42.54821,207.7089
5.95:  82.68215,-42.78963,207.7235
5.97:  82.7202,-43.03569,207.7382
5.99:  82.75792,-43.28004,207.7528
6:  82.79793,-43.52662,207.7675
6.02:  82.83738,-43.77015,207.7822
6.04:  82.87737,-44.01778,207.8095
6.05:  82.91424,-44.25895,207.8368
6.07:  82.95152,-44.50376,207.8705
6.09:  82.98859,-44.74872,207.9232
6.1:  83.02509,-44.9925,208.0139
6.12:  83.0613,-45.2376,208.1236
6.14:  83.09658,-45.48108,208.284
6.15:  83.13314,-45.72512,208.4635
6.17:  83.16745,-45.97286,208.6429
6.19:  83.20051,-46.21733,208.8287
6.2:  83.2328,-46.46214,209.0145
6.22:  83.26433,-46.70708,209.1939
6.24:  83.2973,-46.95412,209.3797
6.25:  83.32901,-47.19765,209.5654
6.27:  83.35837,-47.44465,209.7512
6.29:  83.38887,-47.69144,209.937
6.3:  83.41854,-47.93811,210.1228
6.32:  83.44732,-48.18428,210.3149
6.34:  83.47335,-48.43078,210.5007
6.35:  83.49823,-48.67418,210.6928
6.37:  83.52277,-48.9222,210.8786
6.39:  83.54619,-49.16697,211.0644
6.4:  83.56898,-49.41365,211.2501
6.42:  83.59106,-49.66138,211.4359
6.44:  83.61227,-49.90845,211.6217
6.45:  83.63226,-50.15046,211.8075
6.47:  83.6519,-50.39809,211.9933
6.49:  83.67078,-50.64621,212.179
6.5:  83.69077,-50.89382,212.3648
6.52:  83.70785,-51.13935,212.5506
6.54:  83.72626,-51.38816,212.7491
6.55:  83.74331,-51.63356,213.0109
6.57:  83.75915,-51.88518,213.3805
6.59:  83.77282,-52.13256,213.8198
6.6:  83.7823,-52.38019,214.3351
6.62:  83.78924,-52.62791,214.9265
6.64:  83.79324,-52.87129,215.5876
6.65:  83.79427,-53.1172,216.2868
6.67:  83.7907,-53.3676,217.0113
6.69:  83.78225,-53.6184,217.7928
6.7:  83.77031,-53.86987,218.5807
6.72:  83.755,-54.11963,219.3686
6.74:  83.72417,-54.37357,220.1565
6.75:  83.67997,-54.61994,220.9443
6.77:  83.61876,-54.86259,221.7322
6.79:  83.5516,-55.10972,222.5201
6.8:  83.48227,-55.3516,223.308
6.82:  83.40353,-55.5935,224.0959
6.84:  83.31346,-55.82772,224.8837
6.85:  83.21781,-56.06662,225.6716
6.87:  83.12269,-56.3008,226.4595
6.89:  83.02315,-56.53651,227.2474
6.92:  82.92024,-56.76565,228.0353
6.94:  82.8131,-56.9957,228.8231
6.95:  82.70218,-57.22555,229.611
6.97:  82.58961,-57.45084,230.3989
6.99:  82.47179,-57.67876,231.1868
7:  82.35253,-57.90669,231.9747
7.02:  82.23126,-58.13087,232.7625
7.04:  82.10497,-58.3523,233.5504
7.05:  81.9784,-58.57164,234.3383
7.07:  81.84582,-58.78991,235.1262
7.09:  81.71069,-59.00564,235.9141
7.1:  81.56986,-59.22372,236.7019
7.12:  81.42895,-59.4355,237.4898
7.14:  81.28515,-59.64529,238.2777
7.15:  81.14188,-59.8521,239.0656
7.17:  80.99462,-60.05856,239.8535
7.19:  80.8417,-60.26304,240.6413
7.2:  80.68465,-60.45621,241.4292
7.22:  80.49584,-60.63729,242.2171
7.24:  80.29681,-60.79943,243.005
7.25:  80.09576,-60.94666,243.7928
7.27:  79.88264,-61.08339,244.5807
7.29:  79.66441,-61.21341,245.3686
7.3:  79.44331,-61.33539,246.1565
7.32:  79.21846,-61.44712,246.9444
7.34:  78.99142,-61.55065,247.7322
7.35:  78.75847,-61.64231,248.5201
7.37:  78.52766,-61.72949,249.308
7.39:  78.29529,-61.81363,250.0959
7.4:  78.05518,-61.89685,250.8838
7.42:  77.8202,-61.9747,251.6716
7.44:  77.58011,-62.05058,252.4595
7.45:  77.34268,-62.12205,253.2474
7.47:  77.10267,-62.19071,254.0353
7.49:  76.85857,-62.25693,254.8232
7.5:  76.61578,-62.31922,255.611
7.52:  76.37205,-62.37819,256.3989
7.54:  76.12746,-62.43381,257.1868
7.55:  75.87951,-62.48663,257.9747
7.57:  75.63456,-62.5353,258.7625
7.59:  75.3883,-62.58072,259.5504
7.6:  75.1442,-62.62227,260.3383
7.62:  74.89399,-62.66134,261.1262
7.64:  74.64887,-62.69616,261.9141
7.65:  74.40187,-62.73026,262.7019
7.67:  74.1567,-62.76802,263.4898
7.69:  73.90759,-62.80538,264.2777
7.7:  73.65986,-62.83659,265.0656
7.72:  73.41199,-62.86681,265.8535
7.74:  73.16122,-62.8939,266.6413
7.75:  72.91331,-62.91724,267.4292
7.77:  72.66589,-62.9371,268.2171
7.79:  72.41334,-62.95388,269.005
7.8:  72.16334,-62.98175,269.7928
7.82:  71.91479,-63.01574,270.5807
7.84:  71.6653,-63.05122,271.3686
7.85:  71.41168,-63.08373,272.1565
7.87:  71.16209,-63.11225,272.9444
7.89:  70.90752,-63.13779,273.7322
7.9:  70.65665,-63.15948,274.5201
7.92:  70.40263,-63.17793,275.308
7.94:  70.15266,-63.19264,276.0959
7.95:  69.89781,-63.20412,276.8838
7.97:  69.64507,-63.21202,277.6716
7.99:  69.39005,-63.21648,278.4595
8:  69.13402,-63.23196,279.2474
8.02:  68.87911,-63.24385,280.0353
8.04:  68.62343,-63.25227,280.8232
8.05:  68.36774,-63.25716,281.6111
8.07:  68.11243,-63.25853,282.3989
8.09:  67.85573,-63.25638,283.1868
8.1:  67.59783,-63.25068,283.9747
8.12:  67.34143,-63.24147,284.7626
8.14:  67.08688,-63.22883,285.5504
8.15:  66.8292,-63.21489,286.3383
8.17:  66.57202,-63.20519,287.1262
8.19:  66.31892,-63.19514,287.9141
8.2:  66.06702,-63.18775,288.702
8.22:  65.81757,-63.19011,289.4898
8.24:  65.56638,-63.20132,290.2777
8.25:  65.31609,-63.21876,291.0656
8.27:  65.07261,-63.24644,291.8535
8.29:  64.8216,-63.28572,292.6413
8.3:  64.57009,-63.32497,293.4292
8.32:  64.31824,-63.36284,294.2171
8.34:  64.0703,-63.39458,295.005
8.35:  63.82386,-63.43083,295.7928
8.37:  63.58191,-63.46782,296.5807
8.39:  63.33488,-63.50765,297.3686
8.4:  63.09439,-63.54797,298.1565
8.42:  62.85684,-63.58941,298.9444
8.44:  62.61731,-63.62974,299.7322
8.45:  62.37608,-63.66854,300.5201
8.47:  62.13873,-63.70337,301.308
8.49:  61.89691,-63.74276,302.0959
8.5:  61.66032,-63.78643,302.8838
8.52:  61.42685,-63.8279,303.6716
8.54:  61.19086,-63.86478,304.4595
8.55:  60.95242,-63.904,305.2474
8.57:  60.71416,-63.94158,306.0353
8.59:  60.47458,-63.97425,306.8232
8.6:  60.2353,-64.00353,307.611
8.62:  59.9959,-64.02949,308.3989
8.64:  59.75621,-64.05215,309.1868
8.65:  59.51531,-64.07159,309.9747
8.67:  59.27822,-64.08744,310.7625
8.69:  59.0358,-64.1003,311.5504
8.7:  58.79309,-64.11159,312.3383
8.72:  58.55068,-64.11952,313.1262
8.74:  58.30831,-64.12237,313.9141
8.75:  58.0662,-64.12189,314.7019
8.77:  57.82782,-64.11813,315.4898
8.79:  57.58397,-64.11269,316.2777
8.8:  57.34139,-64.10395,317.0656
8.82:  57.09975,-64.0919,317.8535
8.84:  56.85947,-64.07661,318.6413
8.85:  56.61721,-64.05785,319.4292
8.87:  56.3787,-64.03607,320.2171
8.89:  56.13825,-64.00903,321.005
8.9:  55.89655,-63.97847,321.7928
8.92:  55.65646,-63.94476,322.5807
8.94:  55.41738,-63.90783,323.3686
8.95:  55.17811,-63.86926,324.1565
8.97:  54.94439,-63.82655,324.9444
8.99:  54.70441,-63.78106,325.7322
9:  54.4696,-63.7332,326.5201
9.02:  54.23275,-63.68153,327.308
9.04:  53.99695,-63.62667,328.0959
9.05:  53.76066,-63.56827,328.8838
9.07:  53.53003,-63.50611,329.6716
9.09:  53.29432,-63.44092,330.4595
9.1:  53.0615,-63.37307,331.2474
9.12:  52.83159,-63.30081,332.0353
9.14:  52.60088,-63.22664,332.8232
9.15:  52.37232,-63.14783,333.611
9.17:  52.14777,-63.06694,334.3989
9.19:  51.91885,-62.9809,335.1868
9.2:  51.69477,-62.89315,335.9747
9.22:  51.47076,-62.80371,336.7625
9.24:  51.24711,-62.71085,337.5504
9.25:  51.02464,-62.61486,338.3383
9.27:  50.80495,-62.51647,339.1262
9.29:  50.58268,-62.41323,339.9141
9.3:  50.36451,-62.30822,340.7019
9.32:  50.14676,-62.1997,341.4898
9.34:  49.93217,-62.08905,342.2777
9.35:  49.71917,-61.97154,343.0656
9.37:  49.51365,-61.84058,343.8535
9.39:  49.30759,-61.70527,344.6413
9.4:  49.10471,-61.56605,345.4292
9.42:  48.9069,-61.42403,346.2171
9.44:  48.70617,-61.27801,347.005
9.45:  48.51522,-61.12164,347.7928
9.47:  48.33126,-60.96478,348.5807
9.49:  48.14442,-60.80096,349.3686
9.5:  47.96119,-60.6358,350.1565
9.52:  47.78191,-60.4629,350.9444
9.54:  47.60624,-60.28876,351.7322
9.55:  47.43176,-60.11098,352.5201
9.57:  47.26343,-59.92974,353.308
9.59:  47.10246,-59.73619,354.0959
9.6:  46.94181,-59.54078,354.8838
9.62:  46.78773,-59.3448,355.6716
9.64:  46.63482,-59.14244,356.4595
9.65:  46.48439,-58.93298,357.2474
9.67:  46.34571,-58.72115,358.0353
9.69:  46.20893,-58.50581,358.8232
9.7:  46.07671,-58.28717,359.611
9.72:  45.94819,-58.0679,0.3989071
9.74:  45.82368,-57.84861,1.186786
9.75:  45.70045,-57.62445,1.974665
9.77:  45.58216,-57.40208,2.762544
9.79:  45.4655,-57.17533,3.550423
9.8:  45.35136,-56.94574,4.338302
9.82:  45.2418,-56.71757,5.126181
9.84:  45.13506,-56.48719,5.91406
9.85:  45.03174,-56.25592,6.701939
9.87:  44.93056,-56.02603,7.489818
9.89:  44.83253,-55.78934,8.277696
9.9:  44.73849,-55.55313,9.065575
9.92:  44.64749,-55.31506,9.853454
9.94:  44.56057,-55.07797,10.64133
9.95:  44.47606,-54.83741,11.41654
9.97:  44.39545,-54.59871,12.11569
9.99:  44.31327,-54.35419,12.66906
10:  44.23643,-54.11448,13.00061
10.02:  44.15943,-53.87214,13.14836
10.04:  44.08283,-53.62988,13.2264
10.05:  44.00676,-53.38903,13.24739
10.07:  43.93078,-53.14842,13.24739
10.09:  43.85299,-52.90233,13.23274
10.1:  43.788,-52.66243,13.18005
10.12:  43.73378,-52.41206,13.10202
10.14:  43.69546,-52.16173,12.89089
10.15:  43.68489,-51.90681,12.45159
10.17:  43.6785,-51.65579,11.78413
10.19:  43.66614,-51.40076,10.99625
10.2:  43.65237,-51.14083,10.20838
10.22:  43.63522,-50.88399,9.420498
10.24:  43.61466,-50.62889,8.632619
10.25:  43.59052,-50.37326,7.844739
10.27:  43.56548,-50.12021,7.05686
10.29:  43.54135,-49.86325,6.268981
10.3:  43.53103,-49.61009,5.481103
10.32:  43.53694,-49.35497,4.693224
10.34:  43.55149,-49.10594,3.905345
10.35:  43.56522,-48.85381,3.117466
10.37:  43.57533,-48.60532,2.329588
10.39:  43.58199,-48.35782,1.541709
10.4:  43.58528,-48.10794,0.7538299
10.42:  43.58513,-47.85759,359.9659
10.44:  43.58162,-47.61253,359.1781
10.45:  43.57459,-47.36245,358.3902
10.47:  43.56414,-47.11292,357.6023
10.49:  43.55,-46.85885,356.8144
10.5:  43.53261,-46.60855,356.0266
10.52:  43.52408,-46.35856,355.2387
10.54:  43.51707,-46.11131,354.4508
10.55:  43.52601,-45.85909,353.6629
10.57:  43.53385,-45.60825,352.875
10.59:  43.53583,-45.35778,352.0872
10.6:  43.53679,-45.10186,351.2993
10.62:  43.53428,-44.85199,350.5114
10.64:  43.52821,-44.59639,349.7235
10.65:  43.51887,-44.34754,348.9356
10.67:  43.50574,-44.09178,348.1478
10.69:  43.48943,-43.84115,347.3599
10.7:  43.46921,-43.58505,346.572
10.72:  43.44617,-43.33677,345.7841
10.74:  43.4166,-43.08259,344.9962
10.75:  43.40984,-42.82332,344.2084
10.77:  43.42482,-42.57505,343.4205
10.79:  43.43993,-42.3198,342.6326
10.8:  43.45108,-42.0741,341.8447
10.82:  43.48894,-41.82469,341.0569
10.84:  43.52949,-41.57766,340.269
10.85:  43.56741,-41.32507,339.4811
10.87:  43.60107,-41.07766,338.6932
10.89:  43.63167,-40.82696,337.9053
10.9:  43.67162,-40.57816,337.1175
10.92:  43.73662,-40.33541,336.3296
10.94:  43.80167,-40.09841,335.5417
10.95:  43.87471,-39.85878,334.7538
10.97:  43.94576,-39.62585,333.9659
10.99:  44.01543,-39.38565,333.1781
11:  44.08142,-39.14586,332.3902
11.02:  44.14446,-38.90384,331.6023
11.04:  44.20567,-38.66198,330.8144
11.05:  44.26284,-38.42221,330.0266
11.07:  44.31561,-38.18665,329.2387
11.09:  44.36762,-37.94674,328.4508
11.1:  44.44939,-37.7163,327.6629
11.12:  44.53238,-37.4826,326.875
11.14:  44.61187,-37.24859,326.0872
11.15:  44.68625,-37.01445,325.2993
11.17:  44.75817,-36.78193,324.5114
11.19:  44.8278,-36.54531,323.7235
11.2:  44.8929,-36.30672,322.9356
11.22:  44.95365,-36.07139,322.1477
11.24:  45.01154,-35.83368,321.3599
11.25:  45.06612,-35.5953,320.572
11.27:  45.1155,-35.354,319.7841
11.29:  45.16144,-35.10209,318.9962
11.3:  45.20161,-34.85402,318.2083
11.32:  45.23881,-34.60232,317.4205
11.34:  45.2697,-34.35737,316.6326
11.35:  45.30141,-34.1058,315.8447
11.37:  45.32535,-33.86207,315.0568
11.39:  45.34636,-33.61299,314.269
11.4:  45.36745,-33.36295,313.4811
11.42:  45.38517,-33.11158,312.6932
11.44:  45.39941,-32.86044,311.9053
11.45:  45.40662,-32.61325,311.1174
11.47:  45.41232,-32.36559,310.3296
11.49:  45.41463,-32.11545,309.5417
11.5:  45.41351,-31.86513,308.7538
11.52:  45.40896,-31.61603,307.9659
11.54:  45.40101,-31.36791,307.178
11.55:  45.38959,-31.11834,306.3902
11.57:  45.3761,-30.86586,305.6023
11.59:  45.35752,-30.61268,304.8144
11.6:  45.33571,-30.36264,304.0265
11.62:  45.31107,-30.11894,303.2386
11.64:  45.28289,-29.87132,302.5205
11.65:  45.25412,-29.6235,302.0368
11.67:  45.22432,-29.37987,301.6862
11.69:  45.19079,-29.13029,301.3611
11.7:  45.15615,-28.88304,301.0358
11.72:  45.12142,-28.6349,300.6916
11.74:  45.08347,-28.38884,300.246
11.75:  45.04358,-28.14013,299.5468
11.77:  44.99947,-27.8952,298.8033
11.79:  44.95115,-27.64591,298.0408
11.8:  44.90067,-27.40303,297.2719
11.82:  44.83034,-27.16005,296.5031
11.84:  44.6965,-26.94795,295.7405
11.85:  44.53334,-26.75309,294.978
11.87:  44.3602,-26.57183,294.2028
11.89:  44.16921,-26.3944,293.4213
11.9:  43.97602,-26.22291,292.6397
11.92:  43.77164,-26.06092,291.8582
11.94:  43.55997,-25.91934,291.0703
11.95:  43.3465,-25.77793,290.2824
11.97:  43.12983,-25.64148,289.4945
11.99:  42.91151,-25.50533,288.7067
12:  42.69107,-25.37204,287.9188
12.02:  42.47232,-25.24385,287.1309
12.04:  42.25201,-25.11878,286.343
12.05:  42.02251,-24.99154,285.7643
12.07:  41.80047,-24.86854,285.7433
12.09:  41.57442,-24.74334,285.7413
12.1:  41.34856,-24.63708,285.733
12.12:  41.11213,-24.54742,285.7247
12.14:  40.87453,-24.46522,285.7164
12.15:  40.63644,-24.38549,285.708
12.17:  40.40044,-24.31161,285.6997
12.19:  40.15775,-24.24343,285.6914
12.2:  39.91569,-24.1755,285.6768
12.22:  39.67397,-24.10769,285.6684
12.24:  39.43303,-24.04015,285.6601
12.25:  39.19111,-23.97237,285.6518
12.27:  38.95064,-23.90503,285.6435
12.29:  38.70872,-23.83733,285.6351
12.3:  38.46816,-23.77004,285.6268
12.32:  38.22826,-23.70297,285.6185
12.34:  37.98944,-23.63625,285.6102
12.35:  37.74416,-23.58054,285.6019
12.37:  37.50187,-23.53051,285.5936
12.39:  37.25438,-23.47944,285.5852
12.4:  37.0082,-23.43118,285.5769
12.42:  36.76037,-23.39009,285.5686
12.44:  36.51366,-23.35167,285.5603
12.45:  36.25894,-23.32695,285.552
12.47:  36.00816,-23.30743,285.5436
12.49:  35.75113,-23.2899,285.5353
12.5:  35.49586,-23.27253,285.527
12.52:  35.24117,-23.25521,285.525
12.54:  34.98305,-23.23765,285.525
12.55:  34.72826,-23.22032,285.525
12.57:  34.47472,-23.20307,285.525
12.59:  34.2207,-23.18567,285.5524
12.6:  33.96775,-23.16816,285.5923
12.62:  33.70934,-23.15004,285.6451
12.64:  33.45842,-23.13219,285.7041
12.65:  33.20108,-23.11361,285.7631
12.67:  32.94899,-23.09515,285.8221
12.69:  32.6921,-23.07607,285.8811
12.7:  32.439,-23.05704,285.9338
12.72:  32.18229,-23.03755,285.9738
12.74:  31.93118,-23.01846,285.9821
12.75:  31.6771,-22.99914,285.9821
12.77:  31.42517,-22.97998,285.9821
12.79:  31.16934,-22.96053,285.9821
12.8:  30.91344,-22.94107,285.9821
12.82:  30.65894,-22.92171,285.9821
12.84:  30.4055,-22.90244,285.9821
12.85:  30.15115,-22.8831,285.9821
12.87:  29.89791,-22.86384,285.9821
12.89:  29.64216,-22.8444,285.9802
12.9:  29.38637,-22.82497,285.9782
12.92:  29.12971,-22.80551,285.9698
12.94:  28.87414,-22.78614,285.9679
12.95:  28.61961,-22.77937,285.9595
12.97:  28.37094,-22.77632,285.9576
12.99:  28.11554,-22.7732,285.9556
13:  27.86486,-22.77017,285.9473
13.02:  27.61849,-22.77551,285.9453
13.04:  27.37447,-22.78457,285.9453
13.05:  27.12919,-22.79527,285.937
13.07:  26.88328,-22.8292,285.935
13.09:  26.63963,-22.87042,285.935
13.1:  26.39957,-22.92103,285.933
13.12:  26.15596,-22.97463,285.931
13.14:  25.9132,-23.02583,285.929
13.15:  25.67079,-23.07699,285.9207
13.17:  25.42653,-23.12855,285.9187
13.19:  25.18852,-23.17879,285.9168
13.2:  24.94483,-23.23025,285.9148
13.22:  24.7026,-23.28363,285.9128
13.24:  24.46403,-23.33739,285.9108
13.25:  24.2206,-23.39104,285.9088
13.27:  23.98348,-23.44115,285.9069
13.29:  23.74159,-23.49227,285.9049
13.3:  23.49923,-23.53565,285.9049
13.32:  23.25834,-23.57655,285.9029
13.34:  23.01749,-23.61519,285.9009
13.35:  22.77172,-23.65253,285.8989
13.37:  22.52824,-23.68405,285.897
13.39:  22.28068,-23.71611,285.895
13.4:  22.03395,-23.74806,285.893
13.42:  21.78402,-23.77946,285.891
13.44:  21.53639,-23.81058,285.889
13.45:  21.28774,-23.84183,285.8871
13.47:  21.041,-23.87285,285.8851
13.49:  20.79085,-23.90431,285.8831
13.5:  20.54181,-23.93564,285.8811
13.52:  20.29397,-23.96683,285.8792
13.54:  20.04466,-23.99821,285.8772
13.55:  19.79948,-24.02908,285.8752
13.57:  19.5519,-24.06026,285.8732
13.59:  19.30393,-24.09247,285.8712
13.6:  19.05723,-24.13235,285.8693
13.62:  18.81983,-24.18269,285.8673
13.64:  18.57679,-24.2522,285.8653
13.65:  18.33321,-24.32764,285.8633
13.67:  18.10228,-24.40901,285.8613
13.69:  17.8701,-24.49295,285.8593
13.7:  17.63624,-24.5775,285.8574
13.72:  17.40382,-24.66155,285.8554
13.74:  17.17053,-24.74592,285.8534
13.75:  16.93649,-24.83056,285.8514
13.77:  16.70752,-24.91339,285.8495
13.79:  16.47248,-24.99841,285.8475
13.8:  16.24011,-25.08249,285.8455
13.82:  16.00746,-25.1667,285.8372
13.84:  15.77316,-25.2515,285.8372
13.85:  15.54083,-25.3356,285.8372
13.87:  15.30957,-25.41931,285.8372
13.89:  15.07496,-25.50419,285.8455
13.9:  14.84217,-25.58802,285.9299
13.92:  14.60863,-25.6713,286.1093
13.94:  14.37514,-25.7533,286.3838
13.95:  14.14013,-25.83403,286.7787
13.97:  13.90871,-25.91139,287.2498
13.99:  13.6706,-25.98857,287.7778
14:  13.43529,-26.06213,288.3755
14.02:  13.1979,-26.13329,289.0493
14.04:  12.96144,-26.20089,289.7802
14.05:  12.72272,-26.2656,290.568
14.07:  12.48614,-26.32626,291.3559
14.09:  12.24183,-26.38532,292.1438
14.1:  11.99918,-26.44047,292.9316
14.12:  11.75528,-26.49238,293.7195
14.14:  11.51116,-26.54084,294.5074
14.15:  11.27003,-26.58528,295.2953
14.17:  11.02511,-26.62693,296.0832
14.19:  10.78259,-26.66475,296.871
14.2:  10.53774,-26.6995,297.6589
14.22:  10.29341,-26.73075,298.4468
14.24:  10.04544,-26.75901,299.2346
14.25:  9.797973,-26.78376,300.0226
14.27:  9.553809,-26.8048,300.8104
14.29:  9.306904,-26.82266,301.5983
14.3:  9.057884,-26.83724,302.3862
14.32:  8.809726,-26.84834,303.174
14.34:  8.564211,-26.85594,303.9619
14.35:  8.314142,-26.86024,304.7498
14.37:  8.070083,-26.86108,305.5377
14.39:  7.822194,-26.85653,306.3256
14.4:  7.574002,-26.85056,307.1135
14.42:  7.326896,-26.84121,307.9013
14.44:  7.080394,-26.82849,308.6892
14.45:  6.833004,-26.81231,309.4771
14.47:  6.58731,-26.79285,310.265
14.5:  6.339932,-26.76983,311.0529
14.52:  6.093472,-26.74347,311.8407
14.54:  5.849118,-26.71882,312.6286
14.55:  5.604067,-26.69267,313.4165
14.57:  5.359779,-26.66819,314.2044
14.59:  5.122324,-26.64601,314.9922
14.6:  4.878903,-26.62692,315.7801
14.62:  4.640436,-26.61347,316.568
14.64:  4.402528,-26.59846,317.3559
14.65:  4.165606,-26.582,318.1438
14.67:  3.92769,-26.56218,318.9316
14.69:  3.687316,-26.54059,319.7195
14.7:  3.446971,-26.51567,320.5074
14.72:  3.207104,-26.48746,321.2953
14.74:  2.968845,-26.45611,322.0832
14.75:  2.730408,-26.4214,322.871
14.77:  2.490896,-26.38669,323.6589
14.79:  2.255695,-26.35275,324.4468
14.8:  2.015309,-26.3199,325.2347
14.82:  1.771947,-26.2941,326.0226
14.84:  1.535691,-26.27452,326.8104
14.85:  1.29822,-26.25695,327.5983
14.87:  1.059098,-26.24828,328.3862
14.89:  0.8168553,-26.24355,329.174
14.9:  0.5725448,-26.24846,329.9619
14.92:  0.3226306,-26.25796,330.7498
14.94:  0.08311568,-26.27906,331.5377
14.95:  -0.1540656,-26.31764,332.3256
14.97:  -0.392563,-26.38363,333.1134
14.99:  -0.6237578,-26.46981,333.9013
15:  -0.8498229,-26.57673,334.6892
15.02:  -1.047319,-26.66682,335.4771
15.04:  -1.196013,-26.76171,336.265
15.05:  -1.292645,-26.89856,337.0528
15.07:  -1.345032,-27.06737,337.8407
15.09:  -1.393387,-27.2381,338.6286
15.1:  -1.444767,-27.41044,339.4165
15.12:  -1.538422,-27.5564,340.2043
15.14:  -1.696559,-27.6394,340.9922
15.15:  -1.905114,-27.70805,341.7801
15.17:  -2.143299,-27.78284,342.568
15.19:  -2.381263,-27.85398,343.3559
15.2:  -2.623623,-27.92282,344.1437
15.22:  -2.865242,-27.98787,344.9316
15.24:  -3.108917,-28.0499,345.7195
15.25:  -3.352106,-28.10825,346.5074
15.27:  -3.59638,-28.16332,347.2953
15.29:  -3.838142,-28.21434,348.0831
15.3:  -4.079835,-28.28955,348.871
15.32:  -4.298048,-28.43691,349.6589
15.34:  -4.478886,-28.62197,350.4468
15.35:  -4.63828,-28.81622,351.2346
15.37:  -4.784739,-29.03065,352.0225
15.39:  -4.928713,-29.23845,352.8104
15.4:  -5.049517,-29.46814,353.5983
15.42:  -5.159272,-29.70867,354.3862
15.44:  -5.262204,-29.94902,355.174
15.45:  -5.337023,-30.19732,355.9619
15.47:  -5.389701,-30.45133,356.7498
15.49:  -5.438017,-30.70514,357.5377
15.5:  -5.476923,-30.95423,358.3256
15.52:  -5.519785,-31.2059,359.1134
15.54:  -5.529255,-31.45849,359.9013
15.55:  -5.532214,-31.7044,0.689198
15.57:  -5.538699,-31.95592,1.477077
15.59:  -5.548472,-32.203,2.264956
15.6:  -5.561881,-32.45443,3.052835
15.62:  -5.578732,-32.70543,3.840714
15.64:  -5.59884,-32.9538,4.628593
15.65:  -5.622441,-33.20271,5.416471
15.67:  -5.649513,-33.45173,6.204351
15.69:  -5.679745,-33.69823,6.99223
15.7:  -5.713733,-33.94699,7.780109
15.72:  -5.750953,-34.19403,8.567988
15.74:  -5.791598,-34.44073,9.355867
15.75:  -5.835235,-34.68463,10.14375
15.77:  -5.883237,-34.93316,10.93163
15.79:  -5.933624,-35.17605,11.71951
15.8:  -5.988064,-35.42147,12.50738
15.82:  -6.040882,-35.66634,13.29526
15.84:  -6.063897,-35.90993,14.08314
15.85:  -6.06665,-36.15833,14.87102
15.87:  -6.06665,-36.40693,15.6589
15.89:  -6.06665,-36.65247,16.44678
15.9:  -6.06665,-36.90534,17.23466
15.92:  -6.071531,-37.15762,18.02254
15.94:  -6.07509,-37.41372,18.81042
15.95:  -6.077148,-37.66966,19.59829
15.97:  -6.074954,-37.92474,20.38617
15.99:  -6.073989,-38.17735,21.17405
16:  -6.07726,-38.43248,21.96193
16.02:  -6.07726,-38.68791,22.74981
16.04:  -6.077261,-38.94175,23.53769
16.05:  -6.078355,-39.19237,24.32557
16.07:  -6.059985,-39.4417,25.11345
16.09:  -6.033186,-39.6923,25.90133
16.1:  -5.9972,-39.95153,26.68921
16.12:  -5.961433,-40.20408,27.47709
16.14:  -5.915947,-40.45204,28.26496
16.15:  -5.865959,-40.69538,29.05285
16.17:  -5.807444,-40.94464,29.84073
16.19:  -5.739698,-41.18148,30.62861
16.2:  -5.663764,-41.4285,31.41649
16.22:  -5.592184,-41.67331,32.20436
16.24:  -5.523767,-41.91982,32.99224
16.25:  -5.458817,-42.16698,33.78012
16.27:  -5.382761,-42.40737,34.568
16.29:  -5.307922,-42.64242,35.35588
16.3:  -5.236709,-42.884,36.14376
16.32:  -5.169228,-43.12509,36.93164
16.34:  -5.105104,-43.36695,37.71952
16.35:  -5.044272,-43.60983,38.5074
16.37:  -4.985849,-43.8491,39.29528
16.39:  -4.932104,-44.09182,40.08316
16.4:  -4.881093,-44.3382,40.87104
16.42:  -4.832201,-44.58159,41.65892
16.44:  -4.786397,-44.82705,42.4468
16.45:  -4.744165,-45.07199,43.23468
16.47:  -4.705543,-45.316,44.02256
16.49:  -4.670377,-45.55983,44.81044
16.5:  -4.637811,-45.80994,45.59832
16.52:  -4.610981,-46.05762,46.3862
16.54:  -4.587431,-46.30702,47.17408
16.55:  -4.563878,-46.55655,47.96196
16.57:  -4.54374,-46.80658,48.74983
16.59:  -4.503867,-47.05517,49.53771
16.6:  -4.453654,-47.3099,50.3256
16.62:  -4.408072,-47.55915,51.11347
16.64:  -4.364767,-47.81586,51.90135
16.65:  -4.326356,-48.06432,52.68922
16.67:  -4.276085,-48.31276,53.47711
16.69:  -4.222109,-48.55844,54.26498
16.7:  -4.156915,-48.80318,55.05286
16.72:  -4.093373,-49.04613,55.84074
16.74:  -4.033881,-49.28709,56.62862
16.75:  -3.964846,-49.52629,57.4165
16.77:  -3.874541,-49.76108,58.20437
16.79:  -3.775749,-49.98642,58.99225
16.8:  -3.668763,-50.214,59.78013
16.82:  -3.55386,-50.43771,60.56801
16.84:  -3.433012,-50.65896,61.35589
16.85:  -3.317117,-50.87825,62.14377
16.87:  -3.202612,-51.10232,62.93164
16.89:  -3.093353,-51.32358,63.71952
16.9:  -2.984457,-51.55196,64.5074
16.92:  -2.880419,-51.77811,65.29528
16.94:  -2.778603,-52.00768,66.08315
16.95:  -2.66294,-52.2288,66.87103
16.97:  -2.515316,-52.43925,67.65892
16.99:  -2.341312,-52.62157,68.44679
17:  -2.141134,-52.77466,69.23468
17.02:  -1.925487,-52.91376,70.02255
17.04:  -1.707439,-53.04589,70.81044
17.05:  -1.486155,-53.17228,71.59831
17.07:  -1.267226,-53.30136,72.38619
17.09:  -1.053,-53.43166,73.17407
17.1:  -0.8330941,-53.56742,73.96194
17.12:  -0.6181706,-53.70421,74.74983
17.14:  -0.4029104,-53.84542,75.5377
17.15:  -0.1922595,-53.98579,76.32559
17.17:  0.01618578,-54.12888,77.11347
17.19:  0.2218755,-54.27629,77.90134
17.2:  0.4286847,-54.42678,78.68923
17.22:  0.6304697,-54.57996,79.4771
17.24:  0.8309586,-54.73446,80.26499
17.25:  1.030474,-54.89475,81.05287
17.27:  1.229052,-55.05435,81.84075
17.29:  1.422127,-55.21626,82.62862
17.3:  1.615765,-55.38303,83.4165
17.32:  1.808044,-55.5533,84.20438
17.34:  1.997946,-55.72618,84.99226
17.35:  2.185978,-55.90203,85.76112
17.37:  2.374921,-56.0784,86.47929
17.39:  2.556043,-56.25408,87.17844
17.4:  2.769005,-56.40382,87.80788
17.42:  2.98346,-56.55411,88.36758
17.44:  3.200049,-56.70411,88.7942
17.45:  3.412754,-56.85446,89.03069
17.47:  3.625485,-57.00524,89.10239
17.49:  3.837806,-57.15572,89.10239
17.5:  4.053418,-57.30668,89.08773
17.52:  4.271081,-57.45874,89.02871
17.54:  4.487421,-57.60901,88.87462
17.55:  4.706684,-57.75551,88.58109
17.57:  4.929507,-57.90441,88.15447
17.59:  5.146932,-58.04694,87.64547
17.6:  5.372491,-58.19123,87.0097
17.62:  5.598641,-58.33188,86.27886
17.64:  5.825588,-58.46877,85.49731
17.65:  6.054712,-58.6027,84.70943
17.67:  6.284315,-58.73272,83.92156
17.69:  6.516036,-58.85975,83.13368
17.7:  6.751865,-58.98485,82.34581
17.72:  6.985922,-59.10653,81.55793
17.74:  7.220201,-59.22425,80.77005
17.75:  7.455549,-59.33849,79.98218
17.77:  7.692625,-59.45119,79.20064
17.79:  7.929802,-59.55997,78.41275
17.8:  8.169247,-59.66583,77.62488
17.82:  8.41108,-59.76882,76.84333
17.84:  8.651343,-59.86742,76.08714
17.85:  8.892124,-59.96465,75.44504
17.87:  9.132974,-60.05996,75.04378
17.89:  9.370662,-60.15462,74.84531
17.9:  9.610724,-60.24975,74.74827
17.92:  9.849442,-60.34416,74.70825
17.94:  10.08875,-60.43864,74.67459
17.95:  10.32588,-60.53371,74.64725
17.97:  10.56699,-60.62864,74.61993
17.99:  10.80441,-60.72198,74.5926
18:  11.04307,-60.8173,74.5716
18.02:  11.28139,-60.91235,74.54427
18.04:  11.51831,-61.00671,74.51694
18.05:  11.75799,-61.10045,74.48962
18.07:  11.99896,-61.19453,74.45594
18.09:  12.236,-61.28693,74.42861
18.1:  12.4784,-61.3813,74.40128
18.12:  12.71828,-61.47456,74.37395
18.14:  12.95589,-61.56677,74.34028
18.15:  13.19723,-61.66017,74.2876
18.17:  13.43748,-61.75275,74.20322
18.19:  13.67791,-61.84276,73.97942
18.2:  13.92593,-61.93203,73.57182
18.22:  14.17022,-62.01731,73.01843
18.24:  14.4214,-62.10173,72.35098
18.25:  14.66764,-62.18115,71.65182
18.27:  14.92126,-62.25927,70.89565
18.29:  15.17077,-62.33239,70.10776
18.3:  15.42265,-62.40245,69.31989
18.32:  15.67305,-62.46841,68.53201
18.34:  15.9304,-62.53243,67.74413
18.35:  16.18115,-62.59116,66.95625
18.37:  16.43527,-62.647,66.16837
18.39:  16.69263,-62.69838,65.3805
18.4:  16.9495,-62.74746,64.59262
18.42:  17.21044,-62.79213,63.80474
18.44:  17.46791,-62.83402,63.01687
18.45:  17.72551,-62.87231,62.22899
18.47:  17.98558,-62.90732,61.44111
18.49:  18.2451,-62.93862,60.65324
18.5:  18.50302,-62.9676,59.86535
18.52:  18.76042,-62.99444,59.08381
18.54:  19.01516,-63.01909,58.32763
18.55:  19.26883,-63.04055,57.63481
18.57:  19.5226,-63.06079,57.02439
18.59:  19.76685,-63.10534,56.52172
18.6:  20.01161,-63.16046,56.10144
18.62:  20.25556,-63.21378,55.7382
18.64:  20.49994,-63.2656,55.38129
18.65:  20.74298,-63.31556,55.02439
18.67:  20.99018,-63.3648,54.67383
18.69:  21.23398,-63.41178,54.31693
18.7:  21.48256,-63.45629,53.96637
18.72:  21.73079,-63.499,53.57777
18.74:  21.9815,-63.5384,53.14481
18.75:  22.2317,-63.5737,52.64214
18.77:  22.48693,-63.57734,52.06975
18.79:  22.74369,-63.57027,51.44666
18.8:  23.00611,-63.55996,50.77286
18.82:  23.26728,-63.54304,50.06738
18.84:  23.52775,-63.52626,49.33654
18.85:  23.78774,-63.50266,48.58669
18.87:  24.04689,-63.4771,47.82416
18.89:  24.30326,-63.44693,47.06163
18.9:  24.56748,-63.41425,46.29277
18.92:  24.82575,-63.37877,45.5239
18.94:  25.08118,-63.33823,44.75504
18.95:  25.33438,-63.27584,43.97984
18.97:  25.57994,-63.20405,43.21097
18.99:  25.82166,-63.12985,42.4421
19:  26.06816,-63.05055,41.67324
19.02:  26.31213,-62.96844,40.90437
19.04:  26.55651,-62.88611,40.13551
19.05:  26.79584,-62.8019,39.36665
19.07:  27.03706,-62.70974,38.59779
19.09:  27.27473,-62.61886,37.82892
19.1:  27.50897,-62.52341,37.05372
19.12:  27.747,-62.42493,36.27851
19.14:  27.97812,-62.32337,35.50331
19.15:  28.21105,-62.21723,34.72811
19.17:  28.44,-62.11144,33.95291
19.19:  28.66685,-62.00056,33.1777
19.2:  28.89426,-61.8856,32.40884
19.22:  29.12083,-61.76722,31.63997
19.24:  29.34297,-61.6473,30.86477
19.25:  29.56231,-61.5251,30.10224
19.27:  29.78231,-61.3989,29.38408
19.29:  30.0009,-61.27248,28.71029
19.3:  30.22221,-61.14125,28.08719
19.32:  30.44247,-61.00752,27.48945
19.34:  30.65812,-60.87105,26.89804
19.35:  30.87302,-60.73449,26.31932
19.37:  31.08669,-60.59573,25.75326
19.39:  31.29787,-60.45561,25.18721
19.4:  31.51102,-60.31112,24.62116
19.42:  31.72085,-60.16587,24.06145
19.44:  31.92959,-60.01834,23.50173
19.45:  32.13455,-59.87046,22.94202
19.47:  32.34002,-59.7191,22.37596
19.49:  32.54136,-59.56511,21.81625
19.5:  32.74517,-59.40874,21.25653
19.52:  32.94486,-59.24973,20.69682
19.54:  33.14427,-59.09046,20.1371
19.55:  33.33749,-58.93033,19.57739
19.57:  33.53463,-58.76609,18.9543
19.59:  33.72647,-58.60226,18.25515
19.6:  33.91306,-58.43567,17.46727
19.62:  34.10695,-58.25888,16.67939
19.64:  34.29098,-58.08354,15.89151
19.65:  34.47425,-57.90405,15.10363
19.67:  34.65488,-57.72399,14.31576
19.69:  34.83332,-57.54415,13.52788
19.7:  35.0102,-57.356,12.74
19.72:  35.18353,-57.16649,11.95212
19.74:  35.35419,-56.97696,11.22762
19.75:  35.52625,-56.78509,10.63622
19.77:  35.69324,-56.59317,10.25396
19.79:  35.86057,-56.3993,10.02382
19.8:  36.02651,-56.20919,9.869728
19.82:  36.19595,-56.01096,9.747326
19.84:  36.35926,-55.82245,9.656615
19.85:  36.52519,-55.63057,9.603932
19.87:  36.68792,-55.4389,9.557587
19.89:  36.8548,-55.24527,9.511242
19.9:  37.01993,-55.05014,9.464895
19.92:  37.18099,-54.8595,9.41855
19.94:  37.34412,-54.66609,9.372204
19.95:  37.50835,-54.47106,9.325858
19.97:  37.67167,-54.2768,9.279512
19.99:  37.83419,-54.08316,9.233167
20:  38.00032,-53.88823,9.19316
20.02:  38.1673,-53.69199,9.146812
20.04:  38.33269,-53.49703,9.06244
20.05:  38.49672,-53.29951,8.933702
20.07:  38.66109,-53.10367,8.760598
20.09:  38.82022,-52.91262,8.54313
20.1:  38.97971,-52.71564,8.224254
20.12:  39.14026,-52.5178,7.810311
20.14:  39.29919,-52.31847,7.320313
20.15:  39.45607,-52.11791,6.785949
20.17:  39.60909,-51.91429,6.150181
20.19:  39.75784,-51.71132,5.463708
20.2:  39.90705,-51.50245,4.764559
20.22:  40.05229,-51.29377,4.065411
20.24:  40.19478,-51.08363,3.366262
20.25:  40.33408,-50.87276,2.673452
20.27:  40.47243,-50.65771,1.980642
20.29:  40.60834,-50.44461,1.281493
20.3:  40.74397,-50.22611,0.5823447
20.32:  40.87272,-50.00895,359.8895
20.34:  41.00104,-49.79056,359.1904
20.35:  41.12853,-49.56738,358.4912
20.37:  41.24887,-49.34705,357.8681
20.39:  41.37134,-49.12296,357.4098
20.4:  41.49018,-48.89859,357.1353
20.42:  41.61237,-48.67092,356.9749
20.44:  41.72844,-48.44951,356.8905
20.45:  41.84743,-48.22202,356.8378
20.47:  41.96655,-47.99854,356.8105
20.49:  42.0836,-47.77429,356.7895
20.5:  42.20345,-47.5491,356.7749
20.52:  42.32103,-47.32355,356.7602
20.54:  42.43843,-47.09814,356.7392
20.55:  42.55678,-46.87073,356.7182
20.57:  42.6731,-46.64707,356.7036
20.59:  42.78979,-46.42249,356.6826
20.6:  42.90911,-46.19721,356.6616
20.62:  43.03055,-45.96773,356.6406
20.64:  43.14804,-45.74553,356.6196
20.65:  43.26574,-45.51543,356.5986
20.67:  43.38362,-45.29203,356.5713
20.69:  43.50035,-45.06602,356.5439
20.7:  43.61612,-44.84152,356.5039
20.72:  43.73363,-44.61325,356.4639
20.74:  43.84809,-44.39028,356.3986
20.75:  43.96494,-44.16144,356.2762
20.77:  44.08173,-43.93516,356.0523
20.79:  44.19868,-43.70517,355.7081
20.8:  44.3111,-43.47992,355.2751
20.82:  44.42001,-43.25205,354.7725
20.84:  44.52752,-43.02189,354.2635
20.85:  44.63425,-42.78787,353.7418
20.87:  44.73693,-42.55717,353.2201
20.89:  44.83957,-42.32606,352.6984
20.9:  44.94229,-42.08895,352.1767
20.92:  45.0397,-41.85296,351.655
20.94:  45.13349,-41.61982,351.1397
20.95:  45.22635,-41.38283,350.6243
20.97:  45.31704,-41.14515,350.109
20.99:  45.40482,-40.90918,349.6317
21:  45.49537,-40.66753,349.2938
21.02:  45.58483,-40.42622,349.0953
21.04:  45.67038,-40.18731,348.9286
21.05:  45.75751,-39.94843,348.7935
21.07:  45.84422,-39.7099,348.7281
21.09:  45.92771,-39.47355,348.6818
21.1:  46.01507,-39.23207,348.6418
21.12:  46.10213,-38.99099,348.6081
21.14:  46.18621,-38.75161,348.5807
21.15:  46.27052,-38.51133,348.5598
21.17:  46.35699,-38.27094,348.5388
21.19:  46.43996,-38.03393,348.5178
21.2:  46.52488,-37.79112,348.5031
21.22:  46.60807,-37.54917,348.4821
21.24:  46.67256,-37.30474,348.4611
21.25:  46.72326,-37.05704,348.4401
21.27:  46.77523,-36.80262,348.4191
21.29:  46.79969,-36.54704,348.4045
21.3:  46.81191,-36.28627,348.3835
21.32:  46.82138,-36.0321,348.3625
21.34:  46.82127,-35.77425,348.3415
21.35:  46.80441,-35.52456,348.3205
21.37:  46.77026,-35.27465,348.2932
21.39:  46.72705,-35.03067,348.2722
21.4:  46.67556,-34.78323,348.2448
21.42:  46.62515,-34.54143,348.2238
21.44:  46.57372,-34.29532,348.1965
21.45:  46.52314,-34.05389,348.1692
21.47:  46.47111,-33.80621,348.1355
21.49:  46.41982,-33.56261,348.1082
21.5:  46.3679,-33.31682,348.0745
21.52:  46.31446,-33.0645,348.0409
21.54:  46.26254,-32.82009,348.0072
21.55:  46.21115,-32.57888,347.9735
21.57:  46.1586,-32.33289,347.9398
21.59:  46.10678,-32.09108,347.9062
21.6:  46.05439,-31.84724,347.8725
21.62:  46.00166,-31.60254,347.8388
21.64:  45.94918,-31.35973,347.8051
21.65:  45.90586,-31.11366,347.7715
21.67:  45.87423,-30.86391,347.7378
21.69:  45.8476,-30.61638,347.7042
21.7:  45.82029,-30.36371,347.6768
21.72:  45.79276,-30.11012,347.6495
21.74:  45.76569,-29.86184,347.6222
21.75:  45.73846,-29.61295,347.6012
21.77:  45.69904,-29.36572,347.5738
21.79:  45.64462,-29.11927,347.5465
21.8:  45.59126,-28.87825,347.5192
21.82:  45.53733,-28.63511,347.4918
21.84:  45.48313,-28.39135,347.4645
21.85:  45.42888,-28.14791,347.4372
21.87:  45.36042,-27.90847,347.4098
21.89:  45.27507,-27.67247,347.3825
21.9:  45.17393,-27.43616,347.3805
21.92:  45.06161,-27.20444,347.3805
21.94:  44.94215,-26.97578,347.3805
21.95:  44.82357,-26.74883,347.3805
21.99:  44.70556,-26.52289,347.3889
22:  44.58719,-26.29593,347.4225
22.02:  44.46858,-26.06769,347.5069
22.04:  44.35119,-25.84007,347.6863
22.05:  44.23532,-25.6124,347.9925
22.07:  44.12149,-25.38591,348.4255
22.09:  44.00996,-25.16014,348.9662
22.1:  43.90229,-24.93646,349.5512
22.12:  43.79433,-24.70605,350.149
22.14:  43.68938,-24.47545,350.7848
22.15:  43.58449,-24.24508,351.4649
22.17:  43.46871,-24.02772,352.183
22.19:  43.34436,-23.81493,352.9709
22.2:  43.21864,-23.60386,353.7588
22.22:  43.09241,-23.39164,354.5467
22.24:  42.95992,-23.1837,355.3346
22.25:  42.81805,-22.98498,356.1224
22.27:  42.65769,-22.79592,356.9103
22.29:  42.48708,-22.63618,357.6982
22.3:  42.29639,-22.49364,358.4861
22.32:  42.08356,-22.3773,359.274
22.34:  41.85347,-22.297,0.06184322
22.35:  41.60981,-22.2668,0.849722
22.37:  41.35727,-22.25957,1.637601
22.39:  41.10958,-22.26122,2.42548
22.4:  40.85911,-22.31092,3.213359
22.42:  40.61042,-22.39649,4.001237
22.44:  40.37598,-22.51883,4.789116
22.45:  40.17,-22.66384,5.576995
22.47:  39.96914,-22.82888,6.364874
22.49:  39.77354,-22.98952,7.152752
22.5:  39.57643,-23.15796,7.940632
22.52:  39.3934,-23.3441,8.728512
22.54:  39.2071,-23.52842,9.51639
22.55:  39.01802,-23.71042,10.30427
22.57:  38.82704,-23.89123,11.09215
22.59:  38.6347,-24.06837,11.88003
22.6:  38.44039,-24.24245,12.6679
22.62:  38.24588,-24.41009,13.45578
22.64:  38.04605,-24.57756,14.24366
22.65:  37.84381,-24.74239,15.03154
22.67:  37.64312,-24.90141,15.81942
22.69:  37.43599,-25.06094,16.6073
22.7:  37.22695,-25.21741,17.39518
22.72:  37.01674,-25.3703,18.18306
22.74:  36.80339,-25.52278,18.97094
22.75:  36.58937,-25.66961,19.75882
22.77:  36.35614,-25.78526,20.5467
22.79:  36.11993,-25.8698,21.33458
22.8:  35.86709,-25.91464,22.12246
22.82:  35.61655,-25.94712,22.91034
22.84:  35.36808,-25.97586,23.69821
22.85:  35.11725,-25.98056,24.48609
22.87:  34.86961,-25.97637,25.27397
22.89:  34.617,-25.9244,26.06185
22.9:  34.38432,-25.8313,26.84973
22.92:  34.16155,-25.71465,27.63761
22.94:  33.94031,-25.5949,28.42548
22.95:  33.72385,-25.47386,29.21337
22.97:  33.50733,-25.34884,30.00124
22.99:  33.3101,-25.18825,30.78912
23:  33.12345,-25.01942,31.577
23.02:  32.93726,-24.84299,32.36488
23.04:  32.76614,-24.65214,33.15276
23.05:  32.62651,-24.4431,33.94064
23.07:  32.52549,-24.20813,34.72852
23.09:  32.50355,-23.96162,35.5164
23.1:  32.51134,-23.71728,36.30428
23.12:  32.52558,-23.46614,37.09216
23.14:  32.54328,-23.21526,37.88004
23.15:  32.56453,-22.96333,38.66792
23.17:  32.58883,-22.71596,39.4558
23.19:  32.6169,-22.46567,40.24367
23.2:  32.64825,-22.21705,41.03155
23.22:  32.68484,-21.96569,41.81944
23.24:  32.7531,-21.72433,42.60731
23.25:  32.84724,-21.48895,43.39519
23.27:  32.97028,-21.26896,44.18307
23.29:  33.10886,-21.05391,44.97095
23.3:  33.25677,-20.85254,45.75883
23.32:  33.41166,-20.64762,46.54671
23.34:  33.59053,-20.47276,47.33459
23.35:  33.77597,-20.30651,48.12247
23.37:  33.9664,-20.14045,48.91035
23.39:  34.15752,-19.97835,49.69823
23.4:  34.34811,-19.82117,50.48611
23.42:  34.54362,-19.66439,51.27398
23.44:  34.74282,-19.5091,52.06186
23.45:  34.94171,-19.35841,52.84974
23.47:  35.14926,-19.22074,53.63762
23.49:  35.3644,-19.09101,54.4255
23.5:  35.57998,-18.96502,55.21338
23.52:  35.80097,-18.84275,56.00126
23.54:  36.02194,-18.72442,56.78914
23.55:  36.24514,-18.60882,57.57702
23.57:  36.46782,-18.49463,58.36489
23.59:  36.69445,-18.38504,59.15278
23.6:  36.92104,-18.2793,59.94065
23.62:  37.14897,-18.17405,60.72853
23.64:  37.37931,-18.07417,61.51641
23.65:  37.60894,-17.97834,62.30429
23.67:  37.84081,-17.88266,63.09217
23.69:  38.07617,-17.79194,63.88005
23.7:  38.30211,-17.68499,64.66793
23.72:  38.53109,-17.58042,65.45581
23.74:  38.75917,-17.48004,66.24369
23.75:  38.98938,-17.38247,67.03157
23.77:  39.20492,-17.25247,67.81945
23.79:  39.38923,-17.07943,68.60732
23.8:  39.54145,-16.87687,69.39521
23.82:  39.66483,-16.66386,70.18309
23.84:  39.76115,-16.44661,70.97097
23.85:  39.84204,-16.22053,71.75884
23.87:  39.9034,-15.98311,72.54672
23.89:  39.93115,-15.74082,73.3346
23.9:  39.9311,-15.50129,74.12248
23.92:  39.90887,-15.24647,74.91036
23.94:  39.87173,-15.00223,75.69823
23.95:  39.83226,-14.75381,76.48611
23.97:  39.79367,-14.50457,77.27399
23.99:  39.75885,-14.25717,78.06187
24:  39.72759,-14.01061,78.84975
24.02:  39.68262,-13.7647,79.63763
24.04:  39.64103,-13.51812,80.4255
24.05:  39.60282,-13.27089,81.21338
24.07:  39.56806,-13.02352,82.00126
24.09:  39.53682,-12.77658,82.78914
24.1:  39.50875,-12.52729,83.57702
24.12:  39.48453,-12.2818,84.3649
24.14:  39.42087,-12.03221,85.15278
24.15:  39.30288,-11.8032,85.94065
24.17:  39.13984,-11.59681,86.72853
24.19:  38.94008,-11.44374,87.51641
24.2:  38.72163,-11.30726,88.30428
24.22:  38.49938,-11.17866,89.09217
24.24:  38.26085,-11.07242,89.88004
24.25:  38.01739,-11.00671,90.66793
24.27:  37.76461,-11.00029,91.4558
24.29:  37.5171,-10.99059,92.24368
24.3:  37.27858,-11.06439,93.03156
24.32:  37.08133,-11.21186,93.81944
24.34:  36.92889,-11.40821,94.60732
24.35:  36.82888,-11.63465,95.3952
24.37:  36.7672,-11.88208,96.18309
24.39:  36.73176,-12.13126,96.97096
24.4:  36.69316,-12.37828,97.75884
24.42:  36.65144,-12.62307,98.54672
24.44:  36.61098,-12.86925,99.33459
24.45:  36.56693,-13.11598,100.1225
24.47:  36.51987,-13.36011,100.9104
24.49:  36.47857,-13.5596,101.6982
24.5:  36.50688,-13.58813,102.4861
24.52:  36.57568,-13.60436,103.274
24.54:  36.68221,-13.60017,104.0619
24.55:  36.82434,-13.53577,104.8497
24.57:  36.96344,-13.41802,105.6376
24.59:  37.08638,-13.21842,106.4255
24.6:  37.1837,-12.98766,107.2134
24.62:  37.27689,-12.75615,108.0013
24.64:  37.37494,-12.52194,108.7891
24.65:  37.47336,-12.29561,109.577
24.67:  37.57611,-12.06795,110.3649
24.69:  37.6826,-11.84039,111.1528
24.7:  37.79072,-11.61741,111.9407
24.72:  37.89953,-11.38963,112.7285
24.74:  38.01086,-11.16461,113.5164
24.75:  38.11477,-10.93452,114.3043
24.77:  38.22089,-10.70788,115.0922
24.79:  38.33003,-10.48293,115.8801
24.8:  38.44133,-10.26133,116.6679
24.82:  38.55767,-10.03742,117.4558
24.84:  38.67667,-9.815877,118.2437
24.85:  38.79666,-9.599705,119.0316
24.87:  38.92032,-9.383946,119.8194
24.89:  39.04761,-9.168777,120.6073
24.9:  39.17695,-8.956839,121.3952
24.92:  39.31029,-8.744964,122.1831
24.94:  39.44732,-8.53372,122.971
24.95:  39.58783,-8.323506,123.7588
24.97:  39.72914,-8.118256,124.5467
24.99:  39.87191,-7.916861,125.3346
25:  40.01908,-7.715207,126.1225
25.02:  40.17093,-7.513047,126.9104
25.04:  40.31237,-7.310024,127.6982
25.05:  40.44903,-7.102716,128.4861
25.07:  40.57339,-6.880798,129.274
25.09:  40.66591,-6.641129,130.0619
25.1:  40.76226,-6.407553,130.8497
25.12:  40.8621,-6.16868,131.6376
25.14:  40.96631,-5.934502,132.4255
25.15:  41.05904,-5.689342,133.2134
25.17:  41.11892,-5.440073,134.0013
25.19:  41.18241,-5.190886,134.7891
25.2:  41.24794,-4.947738,135.577
25.22:  41.31894,-4.698036,136.3649
25.24:  41.39219,-4.453266,137.1528
25.25:  41.46683,-4.208765,137.9407
25.27:  41.54191,-3.97037,138.7285
25.29:  41.62479,-3.723418,139.5164
25.3:  41.70902,-3.483438,140.3043
25.32:  41.79955,-3.242596,141.0922
25.34:  41.8907,-3.006427,141.88
25.35:  41.98862,-2.766179,142.6679
25.37:  42.08729,-2.533303,143.4558
25.39:  42.1871,-2.298125,144.2437
25.4:  42.29299,-2.066194,145.0316
25.42:  42.4031,-1.833528,145.8194
25.44:  42.48487,-1.589713,146.6073
25.45:  42.55915,-1.341733,147.3952
25.47:  42.63575,-1.098245,148.1831
25.49:  42.71447,-0.8535745,148.9709
25.5:  42.79683,-0.6149011,149.7588
25.52:  42.88304,-0.3702749,150.5467
25.54:  42.97248,-0.12718,151.3346
25.55:  43.05623,0.1154268,152.1225
25.57:  43.12046,0.3646123,152.9103
25.59:  43.18995,0.61275,153.6982
25.6:  43.26192,0.8632692,154.4861
25.62:  43.33975,1.114363,155.274
25.64:  43.41922,1.358811,156.0619
25.65:  43.50197,1.607663,156.8497
25.67:  43.5879,1.849185,157.6376
25.69:  43.64411,2.107749,158.4255
25.7:  43.69384,2.363714,159.2134
25.72:  43.73209,2.628195,160.0013
25.74:  43.75666,2.896382,160.7891
25.75:  43.77921,3.162392,161.577
25.77:  43.80552,3.429188,162.3649
25.79:  43.83747,3.693158,163.1528
25.8:  43.84848,3.958607,163.9406
25.82:  43.83945,4.213359,164.7285
25.84:  43.82175,4.470867,165.5164
25.85:  43.80802,4.7209,166.3043
25.87:  43.79015,4.976826,167.0922
25.89:  43.75492,5.221488,167.88
25.9:  43.70548,5.468202,168.6679
25.92:  43.65956,5.714905,169.4558
25.94:  43.61739,5.960162,170.2437
25.95:  43.57898,6.203545,171.0316
25.97:  43.54341,6.450977,171.8194
25.99:  43.50073,6.702296,172.6073
26:  43.45079,6.944575,173.3952
26.02:  43.39111,7.190634,174.1831
26.04:  43.31572,7.43245,174.9709
26.05:  43.22177,7.671378,175.7588
26.07:  43.11787,7.903231,176.5467
26.09:  43.01481,8.141974,177.3346
26.1:  42.91742,8.376392,178.1225
26.12:  42.82131,8.616992,178.9103
26.14:  42.73031,8.854225,179.6982
26.15:  42.6403,9.096367,180.4861
26.17:  42.55375,9.330074,181.274
26.19:  42.46155,9.566755,182.0619
26.2:  42.37087,9.800236,182.8497
26.22:  42.28494,10.03726,183.6376
26.24:  42.20308,10.2761,184.4255
26.25:  42.12006,10.51912,185.2134
26.27:  42.04537,10.75506,186.0013
26.29:  41.95143,10.9934,186.7891
26.3:  41.84052,11.22272,187.577
26.32:  41.70366,11.43621,188.3649
26.34:  41.55532,11.6298,189.1528
26.35:  41.39117,11.82416,189.9406
26.37:  41.23215,12.01194,190.7285
26.39:  41.0692,12.20736,191.5164
26.4:  40.91265,12.39744,192.3043
26.42:  40.74746,12.58326,193.0922
26.44:  40.56949,12.75373,193.8801
26.45:  40.3751,12.91255,194.6679
26.47:  40.16338,13.05099,195.4558
26.49:  39.94393,13.16332,196.2437
26.5:  39.72422,13.27106,197.0316
26.52:  39.49831,13.38528,197.8194
26.54:  39.27761,13.4984,198.6073
26.55:  39.0575,13.6174,199.3952
26.57:  38.82946,13.72213,200.1831
26.59:  38.59565,13.81175,200.971
26.6:  38.36364,13.90435,201.7588
26.62:  38.13062,14.0011,202.5467
26.64:  37.90166,14.09986,203.3346
26.65:  37.67242,14.20251,204.1225
26.67:  37.44631,14.30752,204.9104
26.69:  37.22067,14.41611,205.6982
26.7:  36.9978,14.52715,206.4861
26.72:  36.77543,14.6418,207.274
26.74:  36.556,14.75878,208.0619
26.75:  36.33493,14.88056,208.8497
26.77:  36.11912,15.00335,209.6376
26.79:  35.90238,15.13064,210.4255
26.8:  35.68587,15.25609,211.2134
26.82:  35.46667,15.37028,212.0013
26.84:  35.24205,15.48567,212.7892
26.85:  35.0223,15.60241,213.577
26.87:  34.80054,15.72415,214.3649
26.89:  34.58021,15.84907,215.1528
26.9:  34.36502,15.97503,215.9407
26.92:  34.14864,16.10571,216.7285
26.94:  33.93491,16.23883,217.5164
26.95:  33.71738,16.36691,218.3043
26.97:  33.49057,16.48208,219.0922
26.99:  33.26298,16.60162,219.8801
27:  33.03987,16.72273,220.6679
27.02:  32.81656,16.84797,221.4558
27.04:  32.59432,16.97665,222.2437
27.05:  32.37543,17.10745,223.0316
27.07:  32.15789,17.24153,223.8195
27.09:  31.9405,17.37685,224.6073
27.1:  31.72458,17.5154,225.3952
27.12:  31.51167,17.65908,226.1831
27.14:  31.30116,17.80248,226.971
27.15:  31.09012,17.95054,227.7589
27.17:  30.88101,18.10157,228.5467
27.19:  30.67702,18.25322,229.3346
27.2:  30.47434,18.40826,230.1225
27.22:  30.27379,18.56916,230.9104
27.24:  30.0758,18.73253,231.6983
27.25:  29.88063,18.89813,232.4861
27.27:  29.6902,19.06426,233.274
27.29:  29.49759,19.23703,234.0619
27.3:  29.31108,19.409,234.8498
27.32:  29.12416,19.58609,235.625
27.34:  28.94278,19.76565,236.3431
27.35:  28.76614,19.94819,237.0359
27.37:  28.59152,20.13279,237.6844
27.39:  28.41834,20.31956,238.2568
27.4:  28.24738,20.50706,238.7341
27.42:  28.07583,20.69701,239.0086
27.44:  27.90481,20.88657,239.0359
27.45:  27.73297,21.07701,239.0339
27.47:  27.57791,21.27734,238.9686
27.49:  27.42141,21.47271,238.5673
27.5:  27.26451,21.66708,237.7985
27.52:  27.10251,21.86222,237.0106
27.54:  26.93927,22.05343,236.2227
27.55:  26.77157,22.2408,235.4348
27.57:  26.60267,22.42798,234.6469
27.59:  26.42907,22.61153,233.8591
27.6:  26.25561,22.78995,233.0712
27.62:  26.08176,22.96732,232.2833
27.64:  25.90019,23.14753,231.4954
27.65:  25.72181,23.31977,230.7076
27.67:  25.53609,23.49424,229.9197
27.69:  25.35197,23.66249,229.1318
27.7:  25.1639,23.82967,228.3439
27.72:  24.97194,23.99242,227.556
27.74:  24.77421,24.15545,226.7682
27.75:  24.57652,24.31082,225.9803
27.77:  24.3763,24.46377,225.1924
27.79:  24.17224,24.61224,224.4045
27.8:  23.98837,24.73359,223.6166
27.82:  23.83432,24.79575,222.8288
27.84:  23.71714,24.79843,222.0409
27.85:  23.62956,24.76631,221.253
27.87:  23.57776,24.70559,220.4651
27.89:  23.52318,24.63979,219.6772
27.9:  23.54484,24.46965,218.8894
27.92:  23.62591,24.23637,218.1015
27.94:  23.72977,24.0121,217.3136
27.95:  23.86487,23.81133,216.5257
27.97:  24.03446,23.62916,215.7379
27.99:  24.22784,23.46694,214.95
28:  24.43379,23.32718,214.1621
28.02:  24.64531,23.18784,213.3742
28.04:  24.85605,23.05314,212.5863
28.05:  25.06596,22.92299,211.7985
28.07:  25.2793,22.79475,211.0106
28.09:  25.49738,22.66771,210.2227
28.1:  25.71311,22.54598,209.4348
28.12:  25.93394,22.42535,208.647
28.14:  26.1552,22.3084,207.8591
28.15:  26.37944,22.19379,207.0712
28.17:  26.60058,22.08458,206.2833
28.19:  26.82794,21.97615,205.4954
28.2:  27.05352,21.87236,204.7076
28.22:  27.28152,21.77123,203.9197
28.24:  27.51243,21.67259,203.1318
28.25:  27.7436,21.57757,202.3439
28.27:  27.97889,21.49253,201.556
28.29:  28.23214,21.45181,200.7682
28.3:  28.48804,21.44873,199.9803
28.32:  28.73936,21.50536,199.1924
28.34:  28.97793,21.6053,198.4045
28.35:  29.20635,21.73351,197.6167
28.37:  29.42202,21.87035,196.8288
28.39:  29.61797,22.03812,196.0409
28.4:  29.80303,22.22668,195.253
28.42:  29.9687,22.4287,194.4651
28.44:  30.1182,22.64636,193.6773
28.45:  30.25534,22.87021,192.8894
28.47:  30.36955,23.10026,192.1015
28.49:  30.46454,23.33698,191.3136
28.5:  30.52339,23.57492,190.5258
28.52:  30.56626,23.82472,189.7379
28.54:  30.60511,24.07141,188.95
28.55:  30.64074,24.31977,188.1621
28.57:  30.66062,24.5687,187.3742
28.59:  30.63027,24.82396,186.5864
28.6:  30.56442,25.06505,185.7985
28.62:  30.47983,25.29693,185.0106
28.64:  30.36753,25.5236,184.2227
28.65:  30.23445,25.73042,183.4348
28.67:  30.08003,25.9284,182.647
28.69:  29.89108,26.09696,181.8591
28.7:  29.69332,26.23828,181.0712
28.72:  29.48139,26.36786,180.2833
28.74:  29.27119,26.49244,179.4955
28.75:  29.05672,26.6156,178.7076
28.77:  28.84353,26.73416,177.9197
28.79:  28.62314,26.76211,177.1318
28.8:  28.40804,26.76308,176.3439
28.82:  28.18451,26.76406,175.5561
28.84:  27.96624,26.76504,174.7682
28.85:  27.74057,26.76604,173.9803
28.87:  27.51597,26.76703,173.1924
28.89:  27.29164,26.76804,172.4045
28.9:  27.06366,26.76905,171.6167
28.92:  26.83068,26.77007,170.8288
28.94:  26.60164,26.77109,170.0409
28.95:  26.37124,26.77212,169.253
28.97:  26.13699,26.77354,168.4651
28.99:  25.90207,26.77419,167.6773
29:  25.6687,26.77523,166.8894
29.02:  25.43589,26.77628,166.1015
29.04:  25.19729,26.77734,165.3136
29.05:  24.96006,26.77879,164.5257
29.07:  24.72173,26.77946,163.7379
29.09:  24.48036,26.78092,162.95
29.1:  24.24096,26.78199,162.1621
29.12:  23.99834,26.78266,161.3742
29.14:  23.75666,26.78374,160.5863
29.15:  23.51407,26.78481,159.7985
29.17:  23.27351,26.7859,159.0106
29.19:  23.02811,26.78698,158.2227
29.2:  22.78781,26.78807,157.4348
29.22:  22.54215,26.78916,156.647
29.24:  22.29636,26.78957,155.8591
29.25:  22.04799,26.79107,155.0712
29.27:  21.7998,26.79217,154.2833
29.29:  21.55357,26.79326,153.4954
29.3:  21.30362,26.79503,152.7076
29.32:  21.05564,26.79613,151.9197
29.34:  20.80567,26.79682,151.1318
29.35:  20.56205,26.79725,150.3439
29.37:  20.31098,26.79876,149.556
29.39:  20.06323,26.79844,148.7682
29.4:  19.81755,26.79683,147.9803
29.42:  19.56995,26.78971,147.1924
29.44:  19.32373,26.77923,146.4045
29.45:  19.0775,26.76746,145.6166
29.47:  18.83109,26.75227,144.8288
29.49:  18.58028,26.73205,144.0409
29.5:  18.33252,26.70993,143.253
29.52:  18.08754,26.68338,142.4651
29.54:  17.84066,26.65107,141.6772
29.55:  17.5971,26.61705,140.8894
29.57:  17.35215,26.58022,140.1015
29.59:  17.10774,26.53792,139.3136
29.6:  16.86444,26.49236,138.5257
29.62:  16.62029,26.44444,137.7378
29.64:  16.37867,26.39357,136.95
29.65:  16.13662,26.33912,136.1621
29.67:  15.89977,26.2824,135.3742
29.69:  15.65974,26.22358,134.5863
29.7:  15.4217,26.15961,133.7984
29.72:  15.18021,26.09334,133.0106
29.74:  14.94272,26.02465,132.2227
29.75:  14.70605,25.95265,131.4348
29.77:  14.47018,25.87734,130.6469
29.79:  14.23785,25.79742,129.859
29.8:  14.00799,25.7148,129.0712
29.82:  13.77605,25.62782,128.2833
29.84:  13.5427,25.53752,127.4954
29.85:  13.3137,25.44438,126.7075
29.87:  13.09155,25.3459,125.9196
29.89:  12.96908,25.20977,125.1318
29.9:  12.9233,25.14276,124.3439
29.92:  12.97882,25.10593,123.556
29.94:  13.11294,25.0196,122.7681
29.95:  13.35571,24.94349,121.9803
29.97:  13.5972,24.87142,121.1924
29.99:  13.84353,24.80093,120.4045
30:  14.08827,24.73452,119.6166
30.02:  14.33141,24.65422,118.8288
30.04:  14.55044,24.53756,118.0409
30.05:  14.77286,24.42299,117.253
30.07:  14.99467,24.31257,116.4651
30.09:  15.22,24.19874,115.6772
30.1:  15.44305,24.0899,114.8894
30.12:  15.66983,23.98306,114.1015
30.14:  15.90103,23.87801,113.3136
30.15:  16.13194,23.77689,112.5257
30.17:  16.35696,23.68202,111.7378
30.19:  16.59013,23.58746,110.95
30.2:  16.82329,23.49662,110.1621
30.22:  17.05744,23.40909,109.3742
30.24:  17.29585,23.32368,108.5863
30.25:  17.52838,23.24397,107.7984
30.27:  17.76954,23.1649,107.0296
30.29:  18.00494,23.09101,106.3051
30.3:  18.24552,23.01858,105.6313
30.32:  18.4845,22.94934,105.0335
30.34:  18.72655,22.88157,104.5182
30.35:  18.96819,22.81591,104.0789
30.37:  19.21248,22.75098,103.76
30.39:  19.45357,22.68735,103.663
30.4:  19.6901,22.62504,103.6356
30.42:  19.93337,22.56107,103.6083
30.44:  20.17555,22.49752,103.581
30.45:  20.41744,22.43416,103.5536
30.47:  20.65956,22.37087,103.5263
30.49:  20.90473,22.30691,103.499
30.5:  21.14602,22.24408,103.4716
30.52:  21.38375,22.17981,103.4443
30.54:  21.6274,22.11661,103.417
30.55:  21.86868,22.05415,103.3896
30.57:  22.1096,21.99191,103.3623
30.59:  22.35231,21.92933,103.335
30.6:  22.59593,21.86667,103.3013
30.62:  22.83639,21.805,103.2613
30.64:  23.08058,21.74264,103.2023
30.65:  23.32432,21.6836,103.0545
30.67:  23.56635,21.62389,102.7356
30.69:  23.81073,21.56623,102.1506
30.7:  24.05431,21.51213,101.4007
30.72:  24.29749,21.46161,100.6128
30.74:  24.5442,21.41388,99.82497
30.75:  24.79086,21.36968,99.03709
30.77:  25.03725,21.32901,98.24922
30.79:  25.28659,21.29131,97.47401
30.8:  25.53124,21.25707,96.84458
30.82:  25.77804,21.22409,96.48768
30.84:  26.027,21.19092,96.46668
30.85:  26.27422,21.15807,96.44569
30.87:  26.52191,21.12522,96.43104
30.89:  26.76907,21.09253,96.41004
30.9:  27.01638,21.05989,96.39539
30.92:  27.26718,21.02686,96.38072
30.94:  27.51524,20.99425,96.36607
30.95:  27.76312,20.96172,96.35142
30.97:  28.01027,20.92936,96.33676
30.99:  28.25981,20.89678,96.31577
31:  28.50387,20.86497,96.30111
31.02:  28.75403,20.83247,96.28011
31.04:  29.0024,20.80026,96.26546
31.05:  29.24859,20.76842,96.24446
31.07:  29.49911,20.73612,96.22346
31.09:  29.7468,20.70425,96.20881
31.1:  29.99295,20.67265,96.19415
31.12:  30.24232,20.64077,96.16048
31.14:  30.49059,20.60922,96.12048
31.15:  30.74023,20.57786,96.03611
31.17:  30.98545,20.54778,95.86934
31.19:  31.23599,20.51824,95.60117
31.2:  31.48118,20.49074,95.27596
31.22:  31.73206,20.46435,94.88103
31.24:  31.98053,20.44017,94.43539
31.25:  32.22913,20.41818,93.93272
31.27:  32.4786,20.39845,93.39836
31.29:  32.72929,20.381,92.85766
31.3:  32.97835,20.36603,92.31696
31.32:  33.22832,20.35337,91.77626
31.34:  33.47777,20.34284,91.2926
31.35:  33.72848,20.33361,90.9864
31.37:  33.97797,20.32451,90.96541
31.39:  34.22826,20.31547,90.94441
31.4:  34.47554,20.30663,90.92342
31.42:  34.72766,20.29769,90.90877
31.44:  34.978,20.2889,90.88777
31.45:  35.22729,20.28024,90.86678
31.47:  35.47834,20.27158,90.85212
31.49:  35.72771,20.26304,90.83746
31.5:  35.97615,20.25463,90.81647
31.52:  36.22747,20.24621,90.79547
31.54:  36.47601,20.23797,90.77448
31.55:  36.7255,20.22735,90.75348
31.57:  36.97319,20.21932,90.73248
31.59:  37.22714,20.21119,90.71149
31.6:  37.47185,20.20344,90.6905
31.62:  37.72517,20.19551,90.6695
31.64:  37.97516,20.18778,90.64851
31.65:  38.22461,20.18012,90.63384
31.67:  38.4748,20.17251,90.61919
31.69:  38.72515,20.16499,90.59819
31.7:  38.97463,20.15758,90.5772
31.72:  39.22895,20.15013,90.55621
31.74:  39.47714,20.14294,90.53522
31.75:  39.72755,20.13824,90.51421
31.77:  39.97682,20.1312,90.49323
31.79:  40.22655,20.12425,90.47223
31.8:  40.47519,20.11741,90.45124
31.82:  40.72488,20.11064,90.43024
31.84:  40.97462,20.10396,90.40925
31.85:  41.22322,20.0974,90.38825
31.87:  41.47491,20.09085,90.36726
31.89:  41.7244,20.08445,90.34627
31.9:  41.97257,20.07817,90.32528
31.92:  42.22658,20.07184,90.30428
31.94:  42.47678,20.0657,90.28329
31.95:  42.7268,20.05962,90.26863
31.97:  42.97404,20.05368,90.25397
31.99:  43.22586,20.04769,90.23931
32:  43.47368,20.04189,90.21832
32.02:  43.72647,20.03606,90.19732
32.04:  43.97595,20.0304,90.17632
32.05:  44.22464,20.02482,90.16167
32.07:  44.47396,20.01934,90.13433
32.09:  44.72475,20.01396,90.107
32.1:  44.97183,20.00874,90.08601
32.12:  45.22336,20.00353,90.06502
32.14:  45.47472,19.9984,90.04402
32.15:  45.72514,19.99339,90.02303
32.17:  45.97617,19.98846,90.00203
32.19:  46.22578,19.98365,89.98104
32.2:  46.47412,19.97893,89.96638
32.22:  46.72499,19.97425,89.94539
32.24:  46.97486,19.96965,89.93073
32.25:  47.22413,19.96515,89.90974
32.27:  47.47429,19.96074,89.88874
32.29:  47.72425,19.95641,89.86774
32.3:  47.97229,19.95221,89.84676
32.32:  48.22552,19.94799,89.8321
32.34:  48.47556,19.94391,89.8111
32.35:  48.7261,19.93992,89.79012
32.37:  48.97396,19.93606,89.76912
32.39:  49.22624,19.93222,89.74812
32.4:  49.47346,19.92855,89.72713
32.42:  49.72554,19.92487,89.71247
32.44:  49.97615,19.92131,89.69147
32.45:  50.22589,19.91785,89.67048
32.47:  50.47629,19.91444,89.65582
32.49:  50.72615,19.91113,89.63483
32.5:  50.97388,19.90795,89.61383
32.52:  51.22696,19.90476,89.59918
32.54:  51.47493,19.90172,89.57819
32.55:  51.72492,19.89875,89.5572
32.57:  51.97476,19.89587,89.5362
32.59:  52.22393,19.89066,89.51521
32.6:  52.47298,19.88797,89.49422
32.62:  52.72709,19.88533,89.47322
32.64:  52.97681,19.88279,89.45856
32.65:  53.22618,19.88032,89.44391
32.67:  53.47636,19.87794,89.42291
32.69:  53.72572,19.87562,89.40826
32.7:  53.97857,19.87337,89.38726
32.72:  54.23033,19.87122,89.36626
32.74:  54.4815,19.86914,89.35161
32.75:  54.72934,19.86715,89.33695
32.77:  54.97764,19.86524,89.31596
32.79:  55.22649,19.86342,89.29497
32.8:  55.47615,19.86167,89.2803
32.82:  55.72798,19.85998,89.25931
32.84:  55.97422,19.85843,89.23832
32.85:  56.22606,19.85693,89.21732
32.87:  56.47452,19.85552,89.20267
32.89:  56.72896,19.85416,89.18167
32.9:  56.97682,19.85291,89.16702
32.92:  57.22824,19.8517,89.15237
32.94:  57.47604,19.8506,89.13138
32.95:  57.72618,19.84958,89.11037
32.97:  57.97564,19.84865,89.08939
32.99:  58.22588,19.84784,89.06206
33:  58.47452,19.8471,89.04739
33.02:  58.72675,19.84644,89.02641
33.04:  58.97768,19.84591,88.99908
33.05:  59.22739,19.84546,88.97808
33.07:  59.47572,19.84512,88.95708
33.09:  59.7288,19.84483,88.94243
33.1:  59.97581,19.84463,88.92144
33.12:  60.22795,19.8445,88.90678
33.14:  60.47905,19.84446,88.88579
33.15:  60.72813,19.84451,88.8648
33.17:  60.97626,19.84465,88.8438
33.19:  61.22545,19.84489,88.82281
33.2:  61.47502,19.84519,88.80816
33.22:  61.72748,19.84555,88.7935
33.24:  61.9796,19.84599,88.77885
33.25:  62.22656,19.8465,88.75785
33.27:  62.47757,19.84711,88.73685
33.29:  62.72758,19.84781,88.71586
33.3:  62.97635,19.8486,88.69486
33.32:  63.2285,19.84952,88.66753
33.34:  63.47758,19.85052,88.64653
33.35:  63.72915,19.85163,88.62553
33.37:  63.97837,19.85281,88.60455
33.39:  64.22807,19.85409,88.58355
33.4:  64.4752,19.85544,88.56256
33.42:  64.72822,19.85689,88.5479
33.44:  64.97705,19.85841,88.52691
33.45:  65.22765,19.86001,88.51225
33.47:  65.47764,19.86166,88.4976
33.49:  65.73041,19.86342,88.4766
33.5:  65.97886,19.86522,88.46194
33.52:  66.22874,19.86712,88.44095
33.54:  66.47823,19.86667,88.41995
33.55:  66.72827,19.86875,88.39896
33.57:  66.97973,19.87094,88.37797
33.59:  67.22955,19.87321,88.35697
33.6:  67.47762,19.87555,88.33598
33.62:  67.72618,19.87799,88.31499
33.64:  67.979,19.88056,88.29399
33.65:  68.22847,19.88319,88.27299
33.67:  68.47865,19.88591,88.25201
33.69:  68.72842,19.8887,88.23735
33.7:  68.97692,19.89157,88.21635
33.74:  69.22744,19.89454,88.19536
33.75:  69.47746,19.89758,88.18071
33.77:  69.72938,19.90071,88.16605
33.79:  69.97993,19.90382,88.16408
33.8:  70.23048,19.90694,88.16408
33.82:  70.47841,19.9099,88.19141
33.84:  70.73009,19.91246,88.29479
33.85:  70.98379,19.9141,88.50593
33.87:  71.22884,19.91908,88.83747
33.89:  71.47993,19.92208,89.3148
33.9:  71.72966,19.92199,90.02028
33.92:  71.9772,19.94516,90.80816
33.94:  72.23145,19.99016,91.59604
33.95:  72.47961,20.04863,92.38393
33.97:  72.71081,20.14387,93.1718
33.99:  72.92058,20.27381,93.95969
34:  73.10173,20.43402,94.74756
34.02:  73.26314,20.60433,95.53544
34.04:  73.4123,20.80652,96.32331
34.05:  73.53256,21.01672,97.11119
34.07:  73.62097,21.24729,97.89907
34.09:  73.68343,21.4926,98.68695
34.1:  73.73922,21.73731,99.47483
34.12:  73.7833,21.9808,100.2627
34.14:  73.83187,22.22949,101.0506
34.15:  73.88376,22.47703,101.8385
34.17:  73.938,22.71918,102.6263
34.19:  73.99557,22.96054,103.4142
34.2:  74.05679,23.20244,104.2021
34.22:  74.12118,23.44292,104.99
34.24:  74.187,23.68493,105.7779
34.25:  74.2562,23.9262,106.5658
34.27:  74.33141,24.16686,107.3536
34.29:  74.40692,24.40519,108.1415
34.3:  74.48759,24.64041,108.9294
34.32:  74.56957,24.87643,109.7173
34.34:  74.65441,25.11024,110.5051
34.35:  74.7453,25.34344,111.293
34.37:  74.83913,25.57474,112.0809
34.39:  74.93705,25.80689,112.8688
34.4:  75.05534,26.02804,113.6567
34.42:  75.21635,26.22397,114.4445
34.44:  75.40282,26.38762,115.2324
34.45:  75.60229,26.53329,116.0203
34.47:  75.82121,26.66185,116.8082
34.49:  76.04831,26.75841,117.596
34.5:  76.28857,26.78092,118.3839
34.52:  76.52873,26.78708,119.1718
34.54:  76.77395,26.78866,119.9597
34.55:  77.02001,26.78975,120.7476
34.57:  77.26501,26.79591,121.5354
34.59:  77.51853,26.78905,122.3233
34.6:  77.76607,26.74644,123.1112
34.62:  78.0099,26.66531,123.8991
34.64:  78.25041,26.56824,124.687
34.65:  78.47452,26.45351,125.4748
34.67:  78.69382,26.32917,126.2627
34.69:  78.90758,26.20126,127.0506
34.7:  79.12324,26.06816,127.8385
34.72:  79.3342,25.93391,128.6263
34.74:  79.54552,25.79531,129.4142
34.75:  79.75365,25.65468,130.2021
34.77:  79.96029,25.51087,130.99
34.79:  80.16387,25.365,131.7779
34.8:  80.36691,25.21525,132.5657
34.82:  80.56507,25.06485,133.3536
34.84:  80.76463,24.90901,134.1415
34.85:  80.96154,24.75084,134.9294
34.87:  81.15397,24.59186,135.7173
34.89:  81.34564,24.42902,136.5051
34.9:  81.53659,24.26545,137.293
34.92:  81.73067,24.10424,138.0809
34.94:  81.92965,23.94391,138.8688
34.95:  82.13861,23.79273,139.6566
34.97:  82.36107,23.66287,140.4445
34.99:  82.58692,23.55314,141.2324
35:  82.82269,23.46148,142.0203
35.02:  83.06179,23.37504,142.8082
35.04:  83.30145,23.28387,143.596
35.05:  83.53948,23.19177,144.3839
35.07:  83.77637,23.09635,145.1718
35.09:  84.01179,22.99773,145.9597
35.1:  84.24817,22.89487,146.7475
35.12:  84.47808,22.79105,147.5354
35.14:  84.71115,22.68191,148.3233
35.15:  84.93797,22.57188,149.1112
35.17:  85.16837,22.45769,149.8991
35.19:  85.39175,22.34313,150.6869
35.2:  85.61811,22.22308,151.4748
35.22:  85.80429,22.11477,152.2627
35.24:  85.90896,22.04137,153.0506
35.25:  85.91759,22.02379,153.8385
35.27:  85.91759,22.02379,154.6263
35.29:  85.91759,22.02379,155.4079
35.3:  85.91759,22.02379,155.9676
35.32:  85.91759,22.02379,155.9676
35.34:  85.91759,22.02379,155.9676
35.35:  85.91759,22.02379,155.9676
35.37:  85.91759,22.02379,155.9676
35.39:  85.91759,22.02379,155.9676
35.4:  85.91759,22.02379,155.9676
35.42:  85.91759,22.02379,155.9676
35.44:  85.91759,22.02379,155.9676
35.45:  85.91759,22.02379,155.9676
35.47:  85.91759,22.02379,155.9676
35.49:  85.91759,22.02379,155.9676
35.5:  85.91759,22.02379,155.9676
35.52:  85.91759,22.02379,155.9676
35.54:  85.91759,22.02379,155.9676
35.55:  85.91759,22.02379,155.9676
35.57:  85.91759,22.02379,155.9676
35.59:  85.91759,22.02379,155.9676
35.6:  85.91759,22.02379,155.9676
35.62:  85.91759,22.02379,155.9676
35.64:  85.91759,22.02379,155.9676
35.65:  85.91759,22.02379,155.9676
35.67:  85.91759,22.02379,155.9676
35.69:  85.91759,22.02379,155.9676
35.7:  85.91759,22.02379,155.9676
35.72:  85.91759,22.02379,155.9676
35.74:  85.91759,22.02379,155.9676
35.75:  85.91759,22.02379,155.9676
35.77:  85.91759,22.02379,155.9676
35.79:  85.91759,22.02379,155.9676
35.8:  85.91759,22.02379,155.9676
35.82:  85.91759,22.02379,155.9676
35.84:  85.91759,22.02379,155.9676
35.85:  85.91759,22.02379,155.9676
35.87:  85.91759,22.02379,155.9676
35.89:  85.91759,22.02379,155.9676
35.9:  85.91759,22.02379,155.9676
35.92:  85.91759,22.02379,155.9676
35.94:  85.91759,22.02379,155.9676
35.95:  85.91759,22.02379,155.9676
35.97:  85.91759,22.02379,155.9676
35.99:  85.91759,22.02379,155.9676
36:  85.91759,22.02379,155.9676
36.02:  85.91759,22.02379,155.9676
36.04:  85.91759,22.02379,155.9676
36.05:  85.91759,22.02379,155.9676
36.07:  85.91759,22.02379,155.9676
36.09:  85.91759,22.02379,155.9676
36.1:  85.91759,22.02379,155.9676
36.12:  85.91759,22.02379,155.9676
36.14:  85.91759,22.02379,155.9676
