ParticipantNo: 11017
Controller type: Gamepad
Training Level Timed:
0.02:  82.7,18.5,270
0.03:  82.7,18.5,270
0.05:  82.7,18.5,269.998
0.07:  82.7,18.5,269.996
0.09:  82.7,18.5,269.9941
0.11:  82.7,18.5,269.9921
0.12:  82.7,18.5,269.9901
0.14:  82.7,18.5,269.9881
0.16:  82.7,18.5,269.9861
0.17:  82.7,18.5,269.9842
0.19:  82.7,18.5,269.9822
0.21:  82.7,18.5,269.9802
0.22:  82.7,18.5,269.9782
0.24:  82.7,18.5,269.9762
0.26:  82.7,18.5,269.9742
0.27:  82.7,18.5,269.9723
0.29:  82.7,18.5,269.9703
0.31:  82.7,18.5,269.9683
0.32:  82.7,18.5,269.9663
0.34:  82.7,18.5,269.9644
0.36:  82.7,18.5,269.9624
0.37:  82.7,18.5,269.9604
0.39:  82.7,18.5,269.9584
0.41:  82.7,18.5,269.9564
0.42:  82.7,18.5,269.9481
0.44:  82.7,18.5,269.9461
0.46:  82.7,18.5,269.9442
0.47:  82.7,18.5,269.9422
0.49:  82.7,18.5,269.9402
0.51:  82.7,18.5,269.9382
0.52:  82.7,18.5,269.9362
0.54:  82.7,18.5,269.9343
0.56:  82.7,18.5,269.9323
0.57:  82.7,18.5,269.9303
0.59:  82.7,18.5,269.9283
0.61:  82.7,18.5,269.9263
0.62:  82.7,18.5,269.9243
0.64:  82.7,18.5,269.9224
0.66:  82.7,18.5,269.9204
0.67:  82.7,18.5,269.9184
0.69:  82.7,18.5,269.9164
0.71:  82.7,18.5,269.9145
0.72:  82.7,18.5,269.9125
0.74:  82.7,18.5,269.9105
0.76:  82.7,18.5,269.9085
0.77:  82.7,18.5,269.9085
0.79:  82.7,18.5,269.9065
0.81:  82.7,18.5,269.9045
0.82:  82.7,18.5,269.9026
0.84:  82.7,18.5,269.8943
0.86:  82.7,18.5,269.8859
0.87:  82.7,18.5,269.884
0.89:  82.7,18.5,269.882
0.91:  82.7,18.5,269.88
0.92:  82.7,18.5,269.8717
0.94:  82.7,18.5,269.8697
0.96:  82.7,18.5,269.8677
0.97:  82.7,18.5,269.8658
0.99:  82.7,18.5,269.8638
1.01:  82.7,18.5,269.8618
1.02:  82.7,18.5,269.8598
1.04:  82.7,18.5,269.8578
1.06:  82.7,18.5,269.8558
1.07:  82.7,18.5,269.8539
1.09:  82.7,18.5,269.8519
1.11:  82.7,18.5,269.8499
1.12:  82.7,18.5,269.8416
1.14:  82.7,18.5,269.8396
1.16:  82.7,18.5,269.8376
1.17:  82.7,18.5,269.8356
1.19:  82.7,18.5,269.8337
1.21:  82.7,18.5,269.8317
1.22:  82.7,18.5,269.8297
1.24:  82.7,18.5,269.8277
1.26:  82.7,18.5,269.8257
1.27:  82.7,18.5,269.8238
1.29:  82.7,18.5,269.8218
1.31:  82.7,18.5,269.8198
1.32:  82.7,18.5,269.8178
1.34:  82.7,18.5,269.8158
1.36:  82.7,18.5,269.8138
1.37:  82.7,18.5,269.8055
1.39:  82.7,18.5,269.8036
1.41:  82.7,18.5,269.8016
1.42:  82.7,18.5,269.7996
1.44:  82.7,18.5,269.7976
1.46:  82.7,18.5,269.7957
1.47:  82.7,18.5,269.7936
1.51:  82.7,18.5,269.7917
1.52:  82.7,18.5,269.7917
1.54:  82.7,18.5,269.7897
1.56:  82.7,18.5,269.7877
1.57:  82.7,18.5,269.7794
1.59:  82.7,18.5,269.7774
1.61:  82.7,18.5,269.7755
1.62:  82.7,18.5,269.7734
1.64:  82.7,18.5,269.7715
1.66:  82.7,18.5,269.7695
1.67:  82.7,18.5,269.7675
1.69:  82.7,18.5,269.7655
1.71:  82.7,18.5,269.7635
1.72:  82.7,18.5,269.7616
1.74:  82.7,18.5,269.7596
1.76:  82.68282,18.49993,269.7576
1.77:  82.4357,18.54003,269.7556
1.79:  82.18675,18.58042,269.7537
1.81:  81.93472,18.62131,269.7517
1.82:  81.68529,18.66176,269.7497
1.84:  81.43428,18.69017,269.7477
1.86:  81.18353,18.71609,269.7457
1.87:  80.93523,18.73688,269.7437
1.89:  80.68324,18.75794,269.7354
1.91:  80.43449,18.77629,269.7335
1.92:  80.18454,18.79468,269.7251
1.94:  79.93362,18.81311,269.7168
1.96:  79.68398,18.83142,269.7085
1.97:  79.43739,18.84704,269.7002
1.99:  79.18492,18.86053,269.6919
2.01:  78.93517,18.87384,269.6835
2.02:  78.68279,18.88975,269.6816
2.04:  78.43376,18.90542,269.6732
2.06:  78.18031,18.92132,269.6649
2.07:  77.93175,18.93686,269.6503
2.09:  77.68372,18.95232,269.6419
2.11:  77.43595,18.96773,269.6336
2.12:  77.18591,18.98325,269.6253
2.14:  76.93644,18.9987,269.617
2.16:  76.68636,19.01414,269.6087
2.17:  76.43333,19.02974,269.6004
2.19:  76.18443,19.04504,269.592
2.21:  75.93267,19.06051,269.5901
2.22:  75.68314,19.07583,269.5881
2.24:  75.43227,19.0912,269.5798
2.26:  75.18139,19.10653,269.5714
2.27:  74.92957,19.12189,269.5631
2.29:  74.68236,19.13692,269.5548
2.31:  74.43327,19.15203,269.5465
2.32:  74.18085,19.16731,269.5382
2.34:  73.93099,19.1824,269.5298
2.36:  73.68052,19.19749,269.5215
2.37:  73.43053,19.21252,269.5132
2.39:  73.18121,19.22746,269.5049
2.41:  72.93037,19.24246,269.4966
2.42:  72.68072,19.25736,269.4883
2.44:  72.42867,19.27236,269.4799
2.46:  72.17995,19.28715,269.478
2.47:  71.9304,19.30196,269.4696
2.49:  71.68097,19.31672,269.4613
2.51:  71.43256,19.33136,269.4467
2.52:  71.18266,19.34355,269.4257
2.54:  70.93176,19.35815,269.4047
2.56:  70.6813,19.37263,269.3837
2.57:  70.43223,19.38695,269.3627
2.59:  70.18075,19.4013,269.3417
2.61:  69.92892,19.41559,269.3207
2.62:  69.67712,19.42978,269.2997
2.64:  69.42855,19.4437,269.2787
2.66:  69.17821,19.45762,269.2577
2.67:  68.92765,19.47146,269.2367
2.69:  68.67834,19.48515,269.2157
2.71:  68.42854,19.49877,269.1947
2.72:  68.17825,19.51232,269.1737
2.74:  67.92698,19.52584,269.1527
2.76:  67.6761,19.53918,269.1191
2.77:  67.42824,19.552,269.0347
2.79:  67.17752,19.56373,268.7538
2.81:  66.92662,19.57249,268.0737
2.82:  66.67524,19.57536,267.2858
2.84:  66.42442,19.57721,266.498
2.86:  66.1741,19.57562,265.7101
2.87:  65.92303,19.57057,264.9222
2.89:  65.6739,19.56214,264.1343
2.91:  65.42377,19.55022,263.3464
2.92:  65.17673,19.53504,262.5586
2.94:  64.92351,19.51599,261.7707
2.96:  64.67274,19.49364,260.9828
2.97:  64.42654,19.46829,260.1949
2.99:  64.1785,19.4393,259.407
3.01:  63.92549,19.40619,258.6192
3.02:  63.67935,19.37054,257.8313
3.04:  63.43211,19.33124,257.0434
3.06:  63.18343,19.2882,256.2555
3.07:  62.93745,19.24214,255.4677
3.09:  62.6842,19.22102,254.6798
3.11:  62.43253,19.19653,253.8919
3.12:  62.17891,19.16834,253.104
3.14:  61.92654,19.13676,252.3161
3.16:  61.67302,19.10266,251.6867
3.17:  61.40948,19.10844,251.4566
3.19:  61.15667,19.11397,251.4546
3.21:  60.89404,19.11971,251.4526
3.22:  60.6366,19.12757,251.4443
3.24:  60.38002,19.13395,251.4423
3.26:  60.12059,19.14271,251.4403
3.27:  59.86386,19.1531,251.4384
3.29:  59.6108,19.1633,251.4301
3.31:  59.35659,19.17352,251.4217
3.32:  59.10095,19.18335,251.3247
3.34:  58.84943,19.22416,251.1769
3.36:  58.59974,19.27534,250.8073
3.37:  58.34888,19.32316,250.0195
3.39:  58.10398,19.36637,249.2316
3.41:  57.8534,19.40703,248.4437
3.42:  57.60312,19.44199,247.6558
3.44:  57.34969,19.476,246.868
3.46:  57.09723,19.50634,246.0801
3.47:  56.84423,19.53323,245.2922
3.49:  56.59138,19.55659,244.5043
3.51:  56.34189,19.57618,243.7164
3.52:  56.08351,19.59163,242.9286
3.54:  55.82922,19.60458,242.1407
3.56:  55.57431,19.6128,241.3528
3.57:  55.3199,19.61539,240.5649
3.59:  55.06504,19.61784,239.777
3.61:  54.81114,19.61344,238.9892
3.62:  54.55638,19.60552,238.2013
3.64:  54.30179,19.59747,237.4134
3.66:  54.04018,19.5843,236.6255
3.67:  53.78902,19.56819,235.8376
3.69:  53.53382,19.54742,235.0498
3.71:  53.28365,19.52569,234.2619
3.72:  53.02929,19.50007,233.474
3.74:  52.7781,19.47003,232.6861
3.76:  52.52246,19.43715,231.8982
3.77:  52.27169,19.40139,231.1104
3.79:  52.02396,19.36258,230.3225
3.81:  51.77334,19.31852,229.5346
3.82:  51.52227,19.27081,228.7467
3.84:  51.27098,19.21946,227.9589
3.86:  51.01995,19.16457,227.171
3.87:  50.77083,19.10777,226.3831
3.89:  50.52422,19.04797,225.5952
3.91:  50.27665,18.98302,224.8073
3.92:  50.02891,18.91216,224.0195
3.94:  49.78213,18.83629,223.2316
3.96:  49.53333,18.73483,222.4437
3.97:  49.30302,18.61122,221.6558
3.99:  49.07487,18.48469,220.868
4.01:  48.84663,18.35035,220.0801
4.02:  48.62017,18.21552,219.2922
4.04:  48.41359,18.06171,218.5043
4.06:  48.22436,17.89292,217.7164
4.07:  48.03592,17.72013,216.9286
4.09:  47.85043,17.54529,216.1407
4.11:  47.69422,17.34648,215.3528
4.12:  47.54295,17.14842,214.5649
4.14:  47.39461,16.94857,213.777
4.16:  47.25776,16.73774,212.9892
4.17:  47.1263,16.529,212.2013
4.19:  46.99504,16.31408,211.4134
4.21:  46.86737,16.09843,210.6255
4.22:  46.74341,15.8823,209.8377
4.24:  46.62139,15.66262,209.0498
4.26:  46.50267,15.44178,208.2619
4.27:  46.38672,15.21881,207.474
4.29:  46.27551,14.99755,206.6861
4.31:  46.1658,14.77159,205.8983
4.32:  46.06037,14.54663,205.1104
4.34:  45.95717,14.31932,204.4176
4.36:  45.85577,14.09133,203.9783
4.37:  45.75435,13.86302,203.9509
4.39:  45.65307,13.63478,203.9299
4.41:  45.55146,13.40559,203.909
4.42:  45.45022,13.17706,203.8943
4.44:  45.34849,12.94727,203.8796
4.46:  45.24661,12.71699,203.865
4.47:  45.14606,12.48956,203.8503
4.49:  45.04502,12.26077,203.8293
4.51:  44.94506,12.0343,203.8147
4.52:  44.84437,11.80593,203.7937
4.54:  44.74454,11.57931,203.7727
4.56:  44.64253,11.34748,203.7517
4.57:  44.54235,11.11968,203.737
4.59:  44.44153,10.89017,203.716
4.61:  44.3411,10.66133,203.6951
4.62:  44.24078,10.43252,203.6741
4.64:  44.13955,10.20139,203.6531
4.66:  44.03764,9.968493,203.6321
4.67:  43.93842,9.741486,203.6111
4.69:  43.83897,9.513824,203.5964
4.71:  43.74007,9.287246,203.5818
4.72:  43.64002,9.057887,203.5671
4.74:  43.54008,8.828546,203.5461
4.76:  43.44003,8.598728,203.5251
4.77:  43.3394,8.367414,203.5105
4.79:  43.24028,8.139323,203.4895
4.81:  43.14074,7.910141,203.4748
4.82:  43.04062,7.679348,203.4538
4.84:  42.94123,7.450044,203.4328
4.86:  42.84196,7.220782,203.4118
4.87:  42.74221,6.990168,203.3908
4.89:  42.64383,6.762503,203.3698
4.91:  42.54439,6.53213,203.3488
4.92:  42.44538,6.302617,203.3342
4.94:  42.34599,6.072044,203.3195
4.96:  42.24758,5.843527,203.2985
4.97:  42.14923,5.614907,203.2775
4.99:  42.05074,5.385756,203.2565
5.01:  41.95196,5.155733,203.2419
5.02:  41.85285,4.924796,203.2272
5.04:  41.75555,4.697855,203.2062
5.06:  41.656,4.465416,203.1852
5.07:  41.55658,4.233054,203.1642
5.09:  41.4597,4.006331,203.1369
5.11:  41.36248,3.778578,203.1159
5.12:  41.26456,3.548963,203.0949
5.14:  41.16578,3.317153,203.0803
5.16:  41.06757,3.086436,203.0593
5.17:  40.96898,2.854679,203.0446
5.19:  40.87152,2.62541,203.03
5.21:  40.77412,2.396264,203.028
5.22:  40.6764,2.166322,203.026
5.24:  40.57665,1.931615,203.024
5.26:  40.47955,1.703093,203.022
5.27:  40.38301,1.475883,203.0201
5.29:  40.28531,1.245924,203.0181
5.31:  40.18713,1.0148,203.0161
5.32:  40.09061,0.7875675,203.0141
5.34:  39.99267,0.5569823,203.0121
5.36:  39.89502,0.3270552,203.0101
5.37:  39.7977,0.09785776,203.0082
5.39:  39.6997,-0.1329295,203.0062
5.41:  39.60153,-0.3641674,203.0042
5.42:  39.50329,-0.5955757,203.0022
5.44:  39.40542,-0.8261225,203.0022
5.46:  39.30762,-1.056488,203.0022
5.47:  39.21024,-1.285878,203.0022
5.49:  39.11278,-1.515464,203.0022
5.51:  39.01485,-1.746174,203.0002
5.52:  38.91849,-1.973176,203.0002
5.54:  38.83602,-2.211717,202.9983
5.56:  38.75483,-2.446546,202.9983
5.57:  38.67211,-2.685813,202.9963
5.59:  38.59071,-2.921315,202.9943
5.61:  38.50822,-3.159971,202.9923
5.62:  38.42403,-3.396063,202.9923
5.64:  38.34218,-3.632902,202.9923
5.66:  38.25992,-3.870906,202.9923
5.67:  38.17789,-4.10822,202.9923
5.69:  38.09638,-4.344066,202.9923
5.71:  38.01518,-4.578994,202.9923
5.72:  37.93314,-4.816383,202.9923
5.74:  37.86686,-5.060693,202.9923
5.76:  37.81055,-5.304901,202.9923
5.77:  37.75304,-5.554325,202.9923
5.79:  37.69606,-5.801462,202.9923
5.81:  37.63939,-6.047206,202.9923
5.82:  37.5817,-6.29741,202.9923
5.84:  37.52478,-6.54425,202.9923
5.86:  37.46755,-6.792478,202.9923
5.87:  37.41062,-7.039387,202.9923
5.89:  37.3535,-7.287115,202.9923
5.91:  37.29663,-7.533697,202.9943
5.92:  37.23957,-7.780954,203.0026
5.94:  37.18217,-8.029122,203.0299
5.96:  37.12452,-8.275258,203.1904
5.97:  37.06446,-8.523338,203.617
5.99:  37.00193,-8.768086,204.3415
6.01:  36.93623,-9.01123,205.1294
6.02:  36.8665,-9.25585,205.9173
6.04:  36.79376,-9.49835,206.7051
6.06:  36.71699,-9.742049,207.493
6.07:  36.63758,-9.982534,208.2809
6.09:  36.55456,-10.22284,209.0688
6.11:  36.45359,-10.45284,209.8566
6.12:  36.34884,-10.6828,210.6445
6.14:  36.24055,-10.91212,211.4324
6.16:  36.13023,-11.13767,212.2203
6.17:  36.01434,-11.36116,213.0082
6.19:  35.89623,-11.58146,213.796
6.21:  35.77454,-11.80113,214.5839
6.22:  35.65245,-12.01943,215.3718
6.24:  35.52349,-12.23785,216.1597
6.26:  35.39339,-12.4514,216.9476
6.27:  35.25903,-12.6653,217.7354
6.29:  35.12323,-12.87503,218.5233
6.31:  34.98613,-13.0805,219.3112
6.32:  34.84198,-13.29024,220.0991
6.34:  34.69686,-13.4953,220.8869
6.36:  34.54879,-13.69853,221.6748
6.37:  34.39813,-13.89947,222.4627
6.39:  34.24794,-14.09809,223.2506
6.41:  34.08797,-14.29963,224.0385
6.42:  33.93275,-14.48977,224.8263
6.44:  33.77533,-14.68102,225.6142
6.46:  33.61106,-14.87507,226.4021
6.47:  33.4452,-15.06195,227.19
6.49:  33.25824,-15.23042,227.9779
6.51:  33.07027,-15.39517,228.7657
6.52:  32.87815,-15.55895,229.5536
6.54:  32.68492,-15.71914,230.3415
6.56:  32.49006,-15.87621,231.1294
6.57:  32.29587,-16.02893,231.8159
6.59:  32.09769,-16.18162,232.3882
6.61:  31.89858,-16.33235,232.8719
6.62:  31.69824,-16.4819,233.2605
6.64:  31.49417,-16.6325,233.573
6.66:  31.29498,-16.77949,233.575
6.67:  31.08024,-16.91046,233.577
6.69:  30.85829,-17.02875,233.579
6.71:  30.62127,-17.13286,233.581
6.72:  30.36661,-17.20819,233.5829
6.74:  30.10595,-17.24787,233.5849
6.76:  29.84774,-17.26491,233.5869
6.77:  29.59106,-17.25598,233.5889
6.79:  29.33585,-17.22961,233.5909
6.81:  29.07873,-17.20302,233.5929
6.82:  28.82249,-17.17653,233.5929
6.84:  28.57001,-17.14542,233.5929
6.86:  28.3269,-17.1088,233.5655
6.87:  28.08352,-17.06819,233.272
6.89:  27.84584,-16.99315,232.6045
6.91:  27.6055,-16.91879,231.8167
6.92:  27.37112,-16.84348,231.0288
6.94:  27.13736,-16.76975,230.2409
6.96:  26.90347,-16.69733,229.453
6.97:  26.66818,-16.62802,228.6651
6.99:  26.43869,-16.55954,227.8773
7.01:  26.20799,-16.48845,227.0894
7.02:  25.98453,-16.41636,226.3015
7.04:  25.76061,-16.34631,225.5136
7.06:  25.52577,-16.27514,224.7258
7.07:  25.29735,-16.20934,223.9379
7.09:  25.06433,-16.14567,223.15
7.11:  24.83088,-16.08531,222.3621
7.12:  24.59242,-16.02715,221.5742
7.14:  24.35871,-15.97354,220.7864
7.16:  24.12364,-15.92301,219.9985
7.17:  23.88692,-15.87552,219.2106
7.19:  23.65087,-15.83154,218.4227
7.21:  23.41092,-15.79023,217.6348
7.22:  23.17352,-15.75271,216.847
7.24:  22.93419,-15.71826,216.0591
7.26:  22.69645,-15.68518,215.2712
7.27:  22.45557,-15.65724,214.4833
7.29:  22.21744,-15.63293,213.6955
7.31:  21.97635,-15.61167,212.9076
7.32:  21.73351,-15.59361,212.1197
7.34:  21.49185,-15.57898,211.3318
7.36:  21.25253,-15.56779,210.5439
7.37:  21.0076,-15.5619,209.7561
7.39:  20.77173,-15.55737,208.9682
7.41:  20.52804,-15.55821,208.1803
7.42:  20.28441,-15.56671,207.3924
7.44:  20.03942,-15.57862,206.6046
7.46:  19.79508,-15.59601,205.8167
7.47:  19.54992,-15.61684,205.0288
7.49:  19.30343,-15.64121,204.2409
7.51:  19.05702,-15.66899,203.453
7.52:  18.8129,-15.69993,202.6652
7.54:  18.56882,-15.73427,201.8773
7.56:  18.32699,-15.77169,201.0894
7.57:  18.08542,-15.81249,200.3015
7.59:  17.8437,-15.85673,199.5136
7.61:  17.60406,-15.90401,198.7258
7.62:  17.36277,-15.95507,197.9379
7.64:  17.12332,-16.0092,197.15
7.66:  16.88511,-16.06649,196.3621
7.67:  16.64719,-16.12719,195.5743
7.69:  16.4079,-16.19176,194.7864
7.71:  16.17279,-16.25868,193.9985
7.72:  15.93519,-16.32985,193.2106
7.74:  15.70077,-16.4036,192.4227
7.76:  15.46778,-16.48044,191.6349
7.77:  15.23446,-16.56096,190.847
7.79:  15.00276,-16.6445,190.0591
7.81:  14.77249,-16.73112,189.2712
7.82:  14.54226,-16.82137,188.4834
7.84:  14.31443,-16.9143,187.6955
7.86:  14.08862,-17.01005,186.9076
7.87:  13.86166,-17.10999,186.1197
7.89:  13.64016,-17.2112,185.3318
7.91:  13.41884,-17.31601,184.544
7.92:  13.1983,-17.4242,183.7561
7.94:  12.97825,-17.53593,182.9682
7.96:  12.76337,-17.64877,182.1803
7.97:  12.54529,-17.76715,181.3924
7.99:  12.33066,-17.88751,180.6046
8.01:  12.11753,-18.00844,179.8167
8.02:  11.90846,-18.13091,179.0288
8.04:  11.6975,-18.25339,178.2409
8.06:  11.49141,-18.37437,177.453
8.07:  11.28433,-18.49979,176.6652
8.09:  11.07898,-18.62806,175.8773
8.11:  10.87632,-18.75854,175.0894
8.12:  10.67614,-18.89137,174.3015
8.14:  10.47566,-19.02841,173.5137
8.16:  10.28087,-19.16552,172.7258
8.17:  10.07955,-19.30725,171.9379
8.19:  9.88251,-19.45005,171.15
8.21:  9.691466,-19.59525,170.3621
8.22:  9.497402,-19.74699,169.5742
8.24:  9.304621,-19.8978,168.7864
8.26:  9.116619,-20.04909,167.9985
8.27:  8.926838,-20.20615,167.2106
8.29:  8.737176,-20.3661,166.4227
8.31:  8.551071,-20.52748,165.6349
8.32:  8.365789,-20.69121,164.847
8.34:  8.179636,-20.86032,164.0591
8.36:  7.999525,-21.02852,163.2712
8.37:  7.818168,-21.20261,162.4833
8.39:  7.641947,-21.37649,161.6955
8.41:  7.46878,-21.55213,160.9076
8.42:  7.293964,-21.73281,160.1197
8.44:  7.124158,-21.91478,159.3318
8.46:  6.957505,-22.09837,158.5439
8.47:  6.792023,-22.28579,157.7561
8.49:  6.629764,-22.47473,156.9682
8.51:  6.469631,-22.66646,156.1803
8.52:  6.314214,-22.85784,155.3924
8.54:  6.159782,-23.05344,154.6045
8.56:  6.007421,-23.25197,153.8167
8.57:  5.858628,-23.45148,153.0288
8.59:  5.71263,-23.65296,152.2409
8.61:  5.568519,-23.8577,151.453
8.62:  5.428361,-24.06276,150.6652
8.64:  5.290039,-24.27123,149.8773
8.66:  5.155054,-24.48087,149.0894
8.67:  5.023262,-24.69188,148.3015
8.69:  4.896522,-24.90114,147.5136
8.71:  4.770163,-25.1164,146.7258
8.72:  4.647197,-25.33264,145.9379
8.74:  4.527131,-25.5507,145.15
8.76:  4.411635,-25.76746,144.3621
8.77:  4.296277,-25.99133,143.5742
8.79:  4.184978,-26.21482,142.7864
8.81:  4.076704,-26.43994,141.9985
8.82:  3.973709,-26.66706,141.2106
8.84:  3.871449,-26.89555,140.4227
8.86:  3.770974,-27.12586,139.6348
8.87:  3.67731,-27.35733,138.847
8.89:  3.586282,-27.58553,138.0591
8.91:  3.497044,-27.81851,137.2712
8.92:  3.412841,-28.05411,136.4833
8.94:  3.332095,-28.29023,135.6954
8.96:  3.253258,-28.53155,134.9076
8.97:  3.177832,-28.76998,134.1197
8.99:  3.107101,-29.00853,133.3318
9.01:  3.039946,-29.247,132.5439
9.02:  2.97539,-29.48895,131.7561
9.04:  2.91429,-29.73127,130.9682
9.06:  2.85619,-29.97582,130.1803
9.07:  2.801905,-30.21916,129.3924
9.09:  2.748857,-30.46789,128.6045
9.11:  2.701272,-30.71268,127.8167
9.12:  2.654834,-30.95807,127.0288
9.14:  2.611951,-31.20307,126.2409
9.16:  2.572889,-31.45286,125.453
9.17:  2.5392,-31.69724,124.6651
9.19:  2.508661,-31.9438,123.8773
9.21:  2.481153,-32.19404,123.0894
9.22:  2.457319,-32.44224,122.3015
9.24:  2.436814,-32.69179,121.5136
9.26:  2.419851,-32.94002,120.7257
9.27:  2.406174,-33.19081,119.9379
9.29:  2.396147,-33.43685,119.15
9.31:  2.389436,-33.68554,118.3621
9.32:  2.386093,-33.93826,117.5742
9.34:  2.386223,-34.18628,116.7863
9.36:  2.389816,-34.43795,115.9985
9.37:  2.365989,-34.68456,115.2106
9.39:  2.343713,-34.92619,114.4227
9.41:  2.310625,-35.17639,113.6348
9.42:  2.274657,-35.41603,112.8469
9.44:  2.240524,-35.6669,112.0591
9.46:  2.208245,-35.91174,111.2712
9.47:  2.179439,-36.15474,110.5213
9.49:  2.150324,-36.40176,109.9299
9.51:  2.125006,-36.65021,109.5794
9.52:  2.099952,-36.89724,109.552
9.54:  2.074932,-37.14483,109.531
9.56:  2.05013,-37.39118,109.51
9.57:  2.025812,-37.63361,109.489
9.59:  1.998994,-37.87783,109.4744
9.61:  1.972141,-38.12294,109.4597
9.62:  1.945413,-38.36751,109.4451
9.64:  1.917619,-38.61721,109.4304
9.66:  1.890296,-38.8635,109.4094
9.67:  1.8636,-39.10977,109.3948
9.69:  1.839574,-39.35424,109.3738
9.71:  1.813107,-39.60008,109.3528
9.72:  1.786173,-39.84591,109.3318
9.74:  1.758835,-40.09627,109.3108
9.76:  1.734327,-40.34455,109.2644
9.77:  1.707721,-40.59269,109.1991
9.79:  1.681703,-40.83902,109.1084
9.81:  1.656136,-41.08641,108.9796
9.82:  1.631114,-41.33478,108.8319
9.84:  1.607381,-41.58263,108.6778
9.86:  1.583681,-41.83157,108.5173
9.87:  1.560912,-42.07805,108.3569
9.89:  1.539285,-42.32582,108.1965
9.91:  1.517823,-42.57327,108.0361
9.92:  1.496917,-42.82209,107.882
9.94:  1.476941,-43.06775,107.7279
9.96:  1.457374,-43.31597,107.5865
9.97:  1.438035,-43.56421,107.5338
9.99:  1.418885,-43.81261,107.4874
10.01:  1.399788,-44.06297,107.4411
10.02:  1.381018,-44.31169,107.3948
10.04:  1.3626,-44.55805,107.3547
10.06:  1.344273,-44.80551,107.3147
10.07:  1.325992,-45.05471,107.2747
10.09:  1.308003,-45.30231,107.2347
10.11:  1.28999,-45.55225,107.201
10.12:  1.272857,-45.80018,107.161
10.14:  1.255271,-46.04906,107.121
10.16:  1.237896,-46.29742,107.081
10.17:  1.221591,-46.54078,107.041
10.19:  1.204404,-46.79147,107.001
10.21:  1.187601,-47.0391,106.961
10.22:  1.171013,-47.28612,106.921
10.24:  1.154348,-47.5369,106.881
10.26:  1.140388,-47.78648,106.8283
10.27:  1.125528,-48.03182,106.6742
10.29:  1.111461,-48.28093,106.311
10.31:  1.100546,-48.52769,105.6118
10.32:  1.092971,-48.77638,104.8239
10.34:  1.088745,-49.02937,104.0361
10.36:  1.088015,-49.27678,103.2482
10.37:  1.093118,-49.52736,102.4603
10.39:  1.102078,-49.77306,101.6724
10.41:  1.117005,-50.02237,100.8845
10.42:  1.137108,-50.27122,100.0967
10.44:  1.163689,-50.52642,99.30879
10.46:  1.232433,-50.76521,98.52091
10.47:  1.308723,-51.00939,97.73302
10.49:  1.388475,-51.25284,96.94515
10.51:  1.469886,-51.49344,96.15727
10.52:  1.55634,-51.7347,95.36939
10.54:  1.644593,-51.97072,94.58152
10.56:  1.73929,-52.21373,93.79363
10.57:  1.832664,-52.44394,93.00575
10.59:  1.93266,-52.68106,92.21786
10.61:  2.033485,-52.91125,91.42999
10.62:  2.140932,-53.14766,90.64211
10.64:  2.24729,-53.37338,89.85423
10.66:  2.359979,-53.60426,89.06636
10.67:  2.485325,-53.81426,88.27847
10.69:  2.627708,-54.02039,87.4906
10.71:  2.775255,-54.22211,86.88652
10.72:  2.932735,-54.41612,86.66905
10.74:  3.09251,-54.59249,86.66708
10.76:  3.265576,-54.77011,86.65875
10.77:  3.454266,-54.91956,86.65043
10.79:  3.652587,-55.06564,86.64211
10.81:  3.856258,-55.20981,86.63379
10.82:  4.065931,-55.35395,86.63181
10.84:  4.272456,-55.49412,86.62983
10.86:  4.485754,-55.63648,86.62785
10.87:  4.692961,-55.77477,86.62586
10.89:  4.90082,-55.91578,86.61755
10.91:  5.109356,-56.05669,86.61557
10.92:  5.318833,-56.19877,86.61359
10.94:  5.527454,-56.33793,86.61161
10.96:  5.736381,-56.47962,86.60963
10.97:  5.943003,-56.62153,86.60764
10.99:  6.152686,-56.76368,86.59933
11.01:  6.363001,-56.90625,86.59735
11.02:  6.573496,-57.04654,86.58904
11.04:  6.785797,-57.18624,86.58705
11.06:  7.014675,-57.28888,86.57874
11.07:  7.238545,-57.38923,86.57041
11.09:  7.46751,-57.49186,86.56844
11.11:  7.692354,-57.59262,86.56645
11.12:  7.922408,-57.69448,86.56448
11.14:  8.149988,-57.79646,86.56249
11.16:  8.37788,-57.89856,86.56051
11.17:  8.606833,-57.9999,86.55853
11.19:  8.836046,-58.10134,86.55655
11.21:  9.064321,-58.20356,86.54823
11.22:  9.291404,-58.30524,86.54625
11.24:  9.521625,-58.40706,86.54427
11.26:  9.752179,-58.509,86.53594
11.27:  9.981339,-58.61028,86.52763
11.29:  10.21154,-58.71198,86.5193
11.31:  10.44201,-58.81253,86.51099
11.32:  10.67341,-58.91345,86.50267
11.34:  10.90693,-59.01529,86.50068
11.36:  11.13858,-59.11393,86.4987
11.37:  11.37149,-59.2119,86.49672
11.39:  11.6061,-59.31059,86.49474
11.41:  11.84189,-59.40976,86.49276
11.42:  12.07651,-59.50842,86.49078
11.44:  12.31058,-59.60685,86.48879
11.46:  12.5451,-59.70546,86.48682
11.47:  12.7801,-59.80423,86.4785
11.49:  13.01531,-59.9019,86.47652
11.51:  13.25061,-59.9972,86.4682
11.52:  13.48574,-60.09128,86.45989
11.54:  13.72843,-60.18591,86.45157
11.56:  13.97059,-60.27919,86.44326
11.57:  14.21214,-60.3722,86.43494
11.59:  14.45286,-60.46484,86.42662
11.61:  14.69683,-60.55873,86.42463
11.62:  14.93877,-60.65183,86.42265
11.64:  15.18092,-60.745,86.42068
11.66:  15.42163,-60.8376,86.41869
11.67:  15.66218,-60.9301,86.41037
11.69:  15.90409,-61.02309,86.40205
11.71:  16.14645,-61.11624,86.40007
11.72:  16.40049,-61.16662,86.39175
11.74:  16.65222,-61.21411,86.38342
11.76:  16.90635,-61.26202,86.37511
11.77:  17.16084,-61.31238,86.36678
11.79:  17.41131,-61.35952,86.35847
11.81:  17.66728,-61.40768,86.35649
11.82:  17.92014,-61.45523,86.34818
11.84:  18.17497,-61.50556,86.3462
11.86:  18.4285,-61.55318,86.33789
11.87:  18.68298,-61.60094,86.32957
11.89:  18.93518,-61.64824,86.32125
11.91:  19.18969,-61.69596,86.31927
11.92:  19.44434,-61.74369,86.3173
11.94:  19.69623,-61.7909,86.31531
11.96:  19.95077,-61.84103,86.31332
11.97:  20.20482,-61.88863,86.31135
11.99:  20.45868,-61.93859,86.30936
12.01:  20.70856,-61.98777,86.30739
12.02:  20.96279,-62.03535,86.29907
12.04:  21.21251,-62.08442,86.29075
12.06:  21.47042,-62.13506,86.28242
12.07:  21.72432,-62.18488,86.27411
12.09:  21.97711,-62.23447,86.27213
12.11:  22.23211,-62.28445,86.26381
12.12:  22.4873,-62.33203,86.26182
12.14:  22.74092,-62.37931,86.25984
12.16:  22.99518,-62.4267,86.25786
12.17:  23.25174,-62.47696,86.25587
12.19:  23.50122,-62.52344,86.2539
12.21:  23.75392,-62.57292,86.25191
12.22:  24.00499,-62.62207,86.24994
12.24:  24.26223,-62.66997,86.24796
12.26:  24.51563,-62.71953,86.23964
12.27:  24.77333,-62.76989,86.23132
12.29:  25.02636,-62.8193,86.223
12.31:  25.27969,-62.86632,86.21468
12.32:  25.52943,-62.88388,86.20637
12.34:  25.77924,-62.88689,86.20438
12.36:  26.0309,-62.88988,86.19607
12.37:  26.28192,-62.89282,86.18775
12.39:  26.53204,-62.87858,86.17944
12.41:  26.78255,-62.86431,86.17745
12.42:  27.03256,-62.85006,86.17548
12.44:  27.27981,-62.83595,86.17349
12.46:  27.52968,-62.82169,86.17151
12.47:  27.77999,-62.80739,86.16953
12.49:  28.02793,-62.79566,86.16755
12.51:  28.27959,-62.78371,86.15923
12.52:  28.52974,-62.76935,86.15091
12.54:  28.78054,-62.75491,86.14259
12.56:  29.02925,-62.74299,86.13427
12.57:  29.2791,-62.72856,86.13229
12.59:  29.52736,-62.71418,86.12397
12.61:  29.77768,-62.70211,86.11565
12.62:  30.02818,-62.68753,86.10732
12.64:  30.27777,-62.67054,86.10534
12.66:  30.5274,-62.65599,86.10336
12.67:  30.77758,-62.6414,86.10138
12.69:  31.02452,-62.627,86.0994
12.71:  31.27595,-62.61232,86.09742
12.72:  31.52527,-62.59773,86.0891
12.74:  31.77544,-62.58305,86.08079
12.76:  32.02502,-62.5684,86.0788
12.77:  32.27583,-62.55364,86.07049
12.79:  32.52249,-62.53909,86.06216
12.81:  32.77341,-62.52178,86.05386
12.82:  33.02401,-62.50693,86.04553
12.84:  33.27076,-62.49226,86.03722
12.86:  33.52196,-62.47482,86.02891
12.87:  33.77317,-62.45982,86.02058
12.89:  34.01951,-62.44508,86.01226
12.91:  34.26972,-62.43009,86.01028
12.92:  34.51709,-62.41283,86.00829
12.94:  34.76719,-62.39783,86.00632
12.96:  35.01662,-62.38283,85.99799
12.97:  35.26793,-62.36771,85.99601
12.99:  35.51747,-62.35267,85.98769
13.01:  35.76746,-62.33759,85.98571
13.02:  36.01768,-62.32245,85.97739
13.04:  36.26745,-62.30734,85.97541
13.06:  36.51698,-62.2922,85.96709
13.07:  36.76713,-62.27453,85.95877
13.09:  37.01381,-62.25949,85.95046
13.11:  37.26509,-62.24417,85.94848
13.12:  37.51427,-62.22648,85.94016
13.14:  37.76478,-62.20869,85.93818
13.16:  38.01481,-62.19339,85.9362
13.17:  38.26359,-62.17816,85.93422
13.19:  38.51082,-62.16301,85.93223
13.21:  38.76247,-62.14759,85.93025
13.22:  39.01164,-62.13227,85.92194
13.24:  39.25758,-62.11715,85.91995
13.26:  39.5074,-62.10176,85.91164
13.27:  39.75898,-62.08622,85.90333
13.29:  40.0073,-62.07084,85.895
13.31:  40.25765,-62.0553,85.88669
13.32:  40.5071,-62.03978,85.87836
13.34:  40.75629,-62.02424,85.87004
13.36:  41.0093,-62.00846,85.86806
13.37:  41.25721,-61.99295,85.85973
13.39:  41.50603,-61.97738,85.85775
13.41:  41.75517,-61.95933,85.85578
13.42:  42.00729,-61.94351,85.84746
13.44:  42.2532,-61.92804,85.83915
13.46:  42.50564,-61.91216,85.83717
13.47:  42.75122,-61.89669,85.83519
13.49:  43.00147,-61.8809,85.82687
13.51:  43.25099,-61.86514,85.8249
13.52:  43.50077,-61.84687,85.81658
13.54:  43.75241,-61.83091,85.80826
13.56:  44.00257,-61.81746,85.79994
13.57:  44.25105,-61.80162,85.79163
13.59:  44.49755,-61.78588,85.78331
13.61:  44.74757,-61.76987,85.77499
13.62:  44.99849,-61.75377,85.76667
13.64:  45.24847,-61.73523,85.75836
13.66:  45.4971,-61.71678,85.75638
13.67:  45.7457,-61.70077,85.7544
13.69:  45.99483,-61.68472,85.75243
13.71:  46.24683,-61.66848,85.75044
13.72:  46.49721,-61.65234,85.74847
13.74:  46.74297,-61.63645,85.74014
13.76:  46.99582,-61.62007,85.73182
13.77:  47.24306,-61.60402,85.7235
13.79:  47.49448,-61.58766,85.71518
13.81:  47.7447,-61.57137,85.7132
13.82:  47.9915,-61.55526,85.70488
13.84:  48.24039,-61.53899,85.69656
13.86:  48.48895,-61.52024,85.68824
13.87:  48.73885,-61.50383,85.67993
13.89:  48.98735,-61.48502,85.67161
13.91:  49.24144,-61.46828,85.66962
13.92:  49.49277,-61.45172,85.66764
13.94:  49.73847,-61.43549,85.65933
13.96:  49.99182,-61.41875,85.65735
13.97:  50.23634,-61.40255,85.64903
13.99:  50.48568,-61.386,85.64071
14.01:  50.73931,-61.36916,85.63873
14.02:  50.98476,-61.35282,85.63041
14.04:  51.23318,-61.33625,85.62209
14.06:  51.48362,-61.31948,85.60744
14.07:  51.73451,-61.30267,85.60546
14.09:  51.98205,-61.28603,85.59081
14.11:  52.23536,-61.26898,85.58882
14.12:  52.48087,-61.25,85.58051
14.14:  52.73032,-61.23072,85.57852
14.16:  52.98008,-61.21386,85.57654
14.17:  53.22964,-61.197,85.57456
14.19:  53.47994,-61.18009,85.57257
14.21:  53.7287,-61.16327,85.57059
14.22:  53.9782,-61.1464,85.56861
14.24:  54.22796,-61.12949,85.56663
14.26:  54.47445,-61.1128,85.56465
14.27:  54.72514,-61.09582,85.56267
14.29:  54.97379,-61.07894,85.55435
14.31:  55.22328,-61.062,85.55435
14.32:  55.47681,-61.04547,85.70844
14.34:  55.72678,-61.0313,86.19211
14.36:  55.97951,-61.02044,86.97999
14.37:  56.22627,-61.01325,87.76786
14.39:  56.47853,-61.00936,88.55575
14.41:  56.72651,-61.00895,89.34362
14.42:  56.97884,-61.012,90.13151
14.44:  57.22571,-61.01839,90.91939
14.46:  57.4805,-61.02718,91.41573
14.47:  57.72631,-61.03567,91.41573
14.49:  57.97199,-61.04657,91.41573
14.51:  58.22563,-61.05532,91.41573
14.52:  58.47566,-61.06396,91.41573
14.54:  58.72535,-61.07258,91.41573
14.56:  58.9762,-61.08124,91.41573
14.57:  59.22475,-61.08982,91.41573
14.59:  59.47242,-61.1008,91.41573
14.61:  59.72409,-61.10949,91.41573
14.62:  59.97428,-61.11813,91.41573
14.64:  60.22179,-61.12667,91.41573
14.66:  60.47193,-61.13531,91.41573
14.67:  60.72398,-61.14401,91.41573
14.69:  60.97013,-61.15251,91.41573
14.71:  61.2212,-61.16118,91.41573
14.72:  61.47114,-61.16981,91.41573
14.74:  61.72087,-61.17843,91.41573
14.76:  61.97122,-61.18708,91.41573
14.77:  62.22162,-61.19572,91.41573
14.79:  62.47023,-61.20431,91.41573
14.81:  62.72047,-61.21294,91.41573
14.82:  62.97137,-61.22161,91.41573
14.84:  63.22054,-61.23021,91.41573
14.86:  63.46969,-61.23882,91.41573
14.87:  63.71964,-61.24744,91.41573
14.89:  63.96935,-61.25607,91.41573
14.91:  64.22182,-61.26478,91.41573
14.92:  64.47006,-61.27335,91.41573
14.94:  64.71759,-61.2819,91.41573
14.96:  64.97,-61.29062,91.41573
14.97:  65.2178,-61.29917,91.41573
14.99:  65.46749,-61.30779,91.41573
15.01:  65.71757,-61.31643,91.41573
15.02:  65.96926,-61.32512,91.41573
15.04:  66.21591,-61.33363,91.41573
15.06:  66.46964,-61.34239,91.41573
15.07:  66.71622,-61.35091,91.41573
15.09:  66.96646,-61.35954,91.41573
15.11:  67.21447,-61.36811,91.41573
15.12:  67.46719,-61.37683,91.41573
15.14:  67.71758,-61.38548,91.41573
15.16:  67.96708,-61.39409,91.41573
15.17:  68.21661,-61.40271,91.41573
15.19:  68.46563,-61.4113,91.41573
15.21:  68.71641,-61.41996,91.41573
15.22:  68.96659,-61.4286,91.41573
15.24:  69.21584,-61.43721,91.41573
15.26:  69.46622,-61.44585,91.41573
15.27:  69.71748,-61.45453,91.41573
15.29:  69.96466,-61.46306,91.41573
15.31:  70.21873,-61.47183,91.41573
15.32:  70.46233,-61.48024,91.41573
15.34:  70.71556,-61.48899,91.41573
15.36:  70.96524,-61.49761,91.41573
15.37:  71.21706,-61.50383,91.41573
15.39:  71.46593,-61.51242,91.41573
15.41:  71.715,-61.52102,91.41573
15.42:  71.96594,-61.52969,91.41573
15.44:  72.21436,-61.53827,91.41573
15.46:  72.46525,-61.54692,91.41374
15.47:  72.71442,-61.55792,91.40543
15.49:  72.96439,-61.56644,91.39077
15.51:  73.21359,-61.57479,91.3571
15.52:  73.46412,-61.58284,91.27907
15.54:  73.71516,-61.59004,91.0806
15.56:  73.96228,-61.61274,90.76173
15.57:  74.21432,-61.63638,90.3161
15.59:  74.46296,-61.65481,89.75639
15.61:  74.71432,-61.67294,89.0826
15.62:  74.9648,-61.68755,88.29471
15.64:  75.2169,-61.70123,87.50684
15.66:  75.46918,-61.72855,86.71895
15.67:  75.72113,-61.75476,85.93108
15.69:  75.97394,-61.7848,85.1432
15.71:  76.22823,-61.82829,84.35532
15.72:  76.4836,-61.88812,83.56744
15.74:  76.72981,-61.95829,82.77956
15.76:  76.96948,-62.05614,81.99168
15.79:  77.19344,-62.17339,81.2038
15.81:  77.39422,-62.32896,80.41592
15.82:  77.57011,-62.51751,79.62804
15.84:  77.72294,-62.72778,78.84017
15.86:  77.86608,-62.94119,78.05229
15.87:  78.01284,-63.15363,77.26441
15.89:  78.16255,-63.36019,76.47653
15.91:  78.32656,-63.55967,75.68864
15.92:  78.50558,-63.75093,74.90077
15.94:  78.70264,-63.91609,74.11289
15.96:  78.917,-64.06527,73.32501
15.97:  79.1433,-64.18718,72.53713
15.99:  79.38733,-64.26732,71.74926
16.01:  79.64642,-64.29265,70.96138
16.02:  79.90161,-64.26558,70.1735
16.04:  80.14493,-64.21276,69.38563
16.06:  80.38477,-64.13206,68.59775
16.07:  80.61726,-64.03723,67.80987
16.09:  80.84467,-63.9408,67.02199
16.11:  81.07175,-63.84081,66.23412
16.12:  81.30003,-63.73652,65.44624
16.14:  81.52683,-63.62911,64.65836
16.16:  81.75188,-63.51871,63.87048
16.17:  81.97329,-63.4063,63.0826
16.19:  82.19511,-63.28982,62.29471
16.21:  82.41454,-63.17071,61.50683
16.22:  82.6341,-63.0476,60.71896
16.24:  82.85042,-62.92236,59.93108
16.26:  83.06541,-62.79391,59.1432
16.27:  83.27787,-62.66298,58.35532
16.29:  83.4884,-62.5292,57.56744
16.31:  83.69576,-62.3934,56.77957
16.32:  83.9038,-62.25303,55.99169
16.34:  84.10856,-62.11074,55.20381
16.36:  84.3135,-61.96411,54.41593
16.37:  84.51588,-61.81505,53.62806
16.39:  84.71512,-61.66404,52.84018
16.41:  84.91036,-61.51179,52.0523
16.42:  85.10567,-61.35511,51.26442
16.44:  85.29914,-61.1955,50.47654
16.46:  85.49018,-61.03342,49.68866
16.47:  85.67921,-60.86852,48.90078
16.49:  85.86437,-60.70247,48.1129
16.51:  86.0474,-60.53372,47.32503
16.52:  86.22913,-60.36149,46.53714
16.54:  86.40925,-60.18602,45.74927
16.56:  86.58682,-60.00821,44.96139
16.57:  86.76147,-59.82845,44.17351
16.59:  86.93199,-59.64803,43.38563
16.61:  87.1006,-59.46466,42.59775
16.62:  87.26913,-59.27623,41.80988
16.64:  87.42988,-59.09145,41.022
16.66:  87.59352,-58.89804,40.23412
16.67:  87.75235,-58.70499,39.44624
16.69:  87.90891,-58.50929,38.65836
16.71:  88.06158,-58.31296,37.87048
16.72:  88.21142,-58.11472,37.0826
16.74:  88.35964,-57.9129,36.29472
16.76:  88.50401,-57.71055,35.50684
16.77:  88.64869,-57.50176,34.71896
16.79:  88.78719,-57.2959,33.93109
16.81:  88.87749,-57.08688,33.14321
16.82:  88.87841,-56.8732,32.35534
16.84:  88.87935,-56.66093,31.56746
16.86:  88.88029,-56.44853,30.77958
16.87:  88.88123,-56.22894,29.9917
16.89:  88.88219,-56.01158,29.20382
16.91:  88.88316,-55.79547,28.41594
16.92:  88.88412,-55.57242,27.62806
16.94:  88.8851,-55.3494,26.84018
16.96:  88.88609,-55.12093,26.0523
16.97:  88.88708,-54.89569,25.26443
16.99:  88.88808,-54.66853,24.47654
17.01:  88.88908,-54.43723,23.68867
17.02:  88.8901,-54.20789,22.90079
17.04:  88.89111,-53.97444,22.11291
17.06:  88.89214,-53.7436,21.32503
17.07:  88.89316,-53.50751,20.53715
17.09:  88.89419,-53.27502,19.74927
17.11:  88.89523,-53.03643,18.96139
17.12:  88.89627,-52.80304,18.17352
17.14:  88.89732,-52.56234,17.38564
17.16:  88.89837,-52.32702,16.59776
17.17:  88.89943,-52.08409,15.80988
17.19:  88.90049,-51.84331,15.022
17.21:  88.90156,-51.60303,14.23412
17.22:  88.90263,-51.35774,13.44624
17.24:  88.90369,-51.11215,12.65837
17.26:  88.90477,-50.86923,11.87049
17.27:  88.90585,-50.6255,11.08261
17.29:  88.90693,-50.37963,10.29473
17.31:  88.90801,-50.13339,9.506849
17.32:  88.9091,-49.88521,8.71897
17.34:  88.91019,-49.63766,7.931092
17.36:  88.91128,-49.38917,7.143213
17.37:  88.91238,-49.14161,6.355334
17.39:  88.91347,-48.89252,5.567456
17.41:  88.91456,-48.6447,4.779576
17.42:  88.91566,-48.39061,3.991698
17.44:  88.91676,-48.13987,3.203819
17.46:  88.91785,-47.89467,2.41594
17.47:  88.91895,-47.64251,1.628061
17.49:  88.92005,-47.39475,0.8401824
17.51:  88.92028,-47.14648,0.05230358
17.52:  88.91705,-46.89499,359.2644
17.54:  88.91046,-46.64719,358.4765
17.56:  88.90028,-46.39487,357.6887
17.57:  88.88678,-46.14556,356.9008
17.59:  88.86981,-45.89588,356.1129
17.61:  88.84953,-45.64783,355.325
17.62:  88.82551,-45.39666,354.5371
17.64:  88.79843,-45.14945,353.7493
17.66:  88.76777,-44.90108,352.9614
17.67:  88.73373,-44.65345,352.1735
17.69:  88.695,-44.3978,351.3857
17.71:  88.65566,-44.16023,350.5977
17.72:  88.61097,-43.91159,349.8099
17.74:  88.56365,-43.66767,349.022
17.76:  88.51298,-43.42438,348.2341
17.77:  88.45796,-43.17732,347.4462
17.79:  88.40067,-42.93572,346.6584
17.81:  88.33968,-42.69343,345.8705
17.82:  88.27583,-42.45378,345.0826
17.84:  88.20747,-42.21067,344.2947
17.86:  88.13647,-41.97089,343.5068
17.87:  88.06265,-41.7336,342.719
17.89:  87.98502,-41.49566,341.9311
17.91:  87.90449,-41.25984,341.1432
17.92:  87.81989,-41.02287,340.3553
17.94:  87.73222,-40.78752,339.5674
17.96:  87.64249,-40.55644,338.7796
17.97:  87.54812,-40.32295,337.9917
17.99:  87.45129,-40.09255,337.2038
18.01:  87.35181,-39.86468,336.4159
18.02:  87.24722,-39.63382,335.6281
18.04:  87.14103,-39.40775,334.8402
18.06:  87.03169,-39.18305,334.0523
18.07:  86.91938,-38.96009,333.2644
18.09:  86.80428,-38.73919,332.4765
18.11:  86.68639,-38.52036,331.6887
18.12:  86.5643,-38.301,330.9008
18.14:  86.44071,-38.08596,330.1129
18.16:  86.31277,-37.87026,329.325
18.17:  86.18166,-37.656,328.5371
18.19:  86.04737,-37.44318,327.7493
18.21:  85.91222,-37.23537,326.9614
18.22:  85.7733,-37.02806,326.1735
18.24:  85.63135,-36.8224,325.3856
18.26:  85.48624,-36.61823,324.5977
18.27:  85.33688,-36.41407,323.8099
18.29:  85.1869,-36.21489,323.022
18.31:  85.03571,-36.01974,322.2341
18.32:  84.87904,-35.82315,321.4462
18.34:  84.72267,-35.63239,320.6584
18.36:  84.55912,-35.43837,319.8705
18.37:  84.39595,-35.25013,319.0826
18.39:  84.22659,-35.06007,318.2947
18.41:  84.06979,-34.86731,317.5068
18.42:  83.92093,-34.67066,316.719
18.44:  83.76566,-34.47131,315.9311
18.46:  83.60974,-34.2728,315.1432
18.47:  83.44958,-34.07844,314.3553
18.49:  83.28755,-33.88723,313.5674
18.51:  83.1235,-33.69894,312.7796
18.52:  82.95407,-33.5098,311.9917
18.54:  82.78179,-33.32272,311.2038
18.56:  82.60933,-33.14053,310.4159
18.57:  82.4306,-32.95684,309.6281
18.59:  82.25623,-32.78249,308.8402
18.61:  82.07355,-32.60481,308.0523
18.62:  81.89084,-32.4319,307.2644
18.64:  81.70491,-32.26074,306.4765
18.66:  81.52002,-32.09517,305.6887
18.67:  81.33212,-31.93152,304.9008
18.69:  81.13848,-31.77068,304.1129
18.71:  80.94818,-31.61392,303.325
18.72:  80.74912,-31.45764,302.5371
18.74:  80.55062,-31.30308,301.7493
18.76:  80.34977,-31.15109,300.9614
18.77:  80.14564,-31.00401,300.1735
18.79:  79.93887,-30.8563,299.3856
18.81:  79.73223,-30.71588,298.5977
18.82:  79.5239,-30.57555,297.8099
18.84:  79.30052,-30.46162,297.022
18.86:  79.07423,-30.35011,296.2341
18.87:  78.85178,-30.24426,295.4462
18.89:  78.62222,-30.13888,294.6584
18.91:  78.39752,-30.03945,293.8705
18.92:  78.16521,-29.94044,293.0826
18.94:  77.93381,-29.84556,292.2947
18.96:  77.70391,-29.75497,291.5068
18.97:  77.4689,-29.66608,290.719
18.99:  77.23432,-29.58101,289.9311
19.01:  76.99868,-29.49922,289.1432
19.02:  76.76129,-29.42045,288.3553
19.04:  76.52267,-29.34491,287.5674
19.06:  76.28317,-29.27269,286.7795
19.07:  76.03799,-29.20243,285.9917
19.09:  75.79942,-29.13759,285.2038
19.11:  75.55215,-29.07403,284.4159
19.12:  75.31298,-29.01604,283.6281
19.14:  75.06604,-28.95976,282.8401
19.16:  74.82381,-28.90787,282.0903
19.17:  74.57654,-28.85743,281.5306
19.19:  74.33459,-28.80875,281.3765
19.21:  74.09218,-28.76009,281.3492
19.22:  73.84636,-28.71084,281.3282
19.24:  73.60028,-28.66164,281.3072
19.26:  73.35757,-28.6132,281.2862
19.27:  73.11323,-28.54686,281.2652
19.29:  72.87679,-28.46262,281.2442
19.31:  72.64337,-28.36423,281.2232
19.32:  72.40911,-28.25251,281.1959
19.34:  72.18084,-28.12995,281.1685
19.36:  71.95276,-28.00764,281.1412
19.37:  71.72772,-27.88362,281.1139
19.39:  71.50037,-27.76112,281.0929
19.41:  71.27513,-27.64068,281.0719
19.42:  71.04155,-27.51939,281.0509
19.44:  70.81085,-27.39971,281.0299
19.46:  70.57826,-27.27922,280.9962
19.47:  70.34695,-27.1595,280.9752
19.49:  70.11517,-27.03964,280.9542
19.51:  69.88501,-26.92073,280.9332
19.52:  69.65185,-26.80038,280.9122
19.54:  69.42035,-26.681,280.8912
19.56:  69.18774,-26.56121,280.8576
19.57:  68.95667,-26.44232,280.8366
19.59:  68.72413,-26.32543,280.8156
19.61:  68.4864,-26.25298,280.7946
19.62:  68.24284,-26.18145,280.7672
19.64:  68.00181,-26.11079,280.7399
19.66:  67.75915,-26.03978,280.7126
19.67:  67.51929,-25.96968,280.6916
19.69:  67.27891,-25.89955,280.6642
19.71:  67.03838,-25.8295,280.6369
19.72:  66.79737,-25.75942,280.6159
19.74:  66.55939,-25.69033,280.5886
19.76:  66.31531,-25.61966,280.5486
19.77:  66.07555,-25.55071,280.4452
19.79:  65.83228,-25.48201,280.1707
19.81:  65.59167,-25.4159,279.7631
19.82:  65.34739,-25.35132,279.2097
19.84:  65.10293,-25.29024,278.4282
19.86:  64.85767,-25.23254,277.6403
19.87:  64.61192,-25.17827,276.8524
19.89:  64.36514,-25.12733,276.0645
19.91:  64.12029,-25.08023,275.2893
19.92:  63.87218,-25.03555,274.6092
19.94:  63.62531,-24.9913,274.5628
19.96:  63.37754,-24.9469,274.5609
19.97:  63.13239,-24.90297,274.5589
19.99:  62.88478,-24.85862,274.5569
20.01:  62.63948,-24.81714,274.5549
20.02:  62.3886,-24.77221,274.5529
20.04:  62.14068,-24.72783,274.551
20.06:  61.89267,-24.68343,274.549
20.07:  61.64608,-24.6393,274.549
20.09:  61.39556,-24.59446,274.547
20.11:  61.15395,-24.55123,274.545
20.12:  60.90465,-24.50663,274.543
20.14:  60.65767,-24.46246,274.541
20.16:  60.41057,-24.41827,274.5391
20.17:  60.16496,-24.37436,274.5371
20.19:  59.91512,-24.3297,274.5351
20.21:  59.67011,-24.28592,274.5331
20.22:  59.42142,-24.24148,274.5311
20.24:  59.1739,-24.19727,274.5292
20.26:  58.92651,-24.15308,274.5272
20.27:  58.67683,-24.1085,274.5252
20.29:  58.43104,-24.06462,274.5232
20.31:  58.18591,-24.02086,274.5212
20.32:  57.93898,-23.97678,274.5212
20.34:  57.69091,-23.93251,274.5193
20.36:  57.44204,-23.8881,274.5193
20.37:  57.19487,-23.84378,274.5656
20.39:  56.9493,-23.79938,274.65
20.41:  56.70323,-23.75451,274.7343
20.42:  56.45421,-23.7091,274.7363
20.44:  56.20817,-23.66423,274.7363
20.46:  55.96083,-23.61912,274.7363
20.47:  55.71223,-23.5739,274.709
20.49:  55.46532,-23.52951,274.5929
20.51:  55.21938,-23.4862,274.3881
20.52:  54.97125,-23.44398,274.0566
20.54:  54.7232,-23.40328,273.7187
20.56:  54.47369,-23.36306,273.5583
20.57:  54.22926,-23.32367,273.5563
20.59:  53.98309,-23.28399,273.5563
20.61:  53.73465,-23.24395,273.5563
20.62:  53.48843,-23.20427,273.5563
20.64:  53.23626,-23.16362,273.5563
20.66:  52.99144,-23.12417,273.5563
20.67:  52.74009,-23.08366,273.5563
20.69:  52.49499,-23.04416,273.5563
20.71:  52.24759,-23.00428,273.5563
20.72:  51.99688,-22.96387,273.5563
20.74:  51.74804,-22.92377,273.5563
20.76:  51.50351,-22.88436,273.5563
20.77:  51.25206,-22.84383,273.5563
20.79:  51.00858,-22.80459,273.5563
20.81:  50.75702,-22.76405,273.5563
20.82:  50.51262,-22.72466,273.5563
20.84:  50.26054,-22.68654,273.5563
20.86:  50.01643,-22.6472,273.5563
20.87:  49.76471,-22.60663,273.5563
20.89:  49.51674,-22.56666,273.5563
20.91:  49.27253,-22.5273,273.5563
20.92:  49.02394,-22.48724,273.5563
20.94:  48.77188,-22.44661,273.5563
20.96:  48.52888,-22.40745,273.5563
20.97:  48.2777,-22.36947,273.5563
20.99:  48.02794,-22.32921,273.5563
21.01:  47.78115,-22.28944,273.5563
21.02:  47.53563,-22.24987,273.5563
21.04:  47.28444,-22.20938,273.5563
21.06:  47.03556,-22.16927,273.5563
21.07:  46.79121,-22.12989,273.5563
21.09:  46.53978,-22.08937,273.5563
21.11:  46.29455,-22.04984,273.5563
21.12:  46.04452,-22.00954,273.5563
21.14:  45.79909,-21.96999,273.5563
21.16:  45.5492,-21.92971,273.5563
21.17:  45.30386,-21.89017,273.5563
21.19:  45.05223,-21.85962,273.5563
21.21:  44.80318,-21.84169,273.5563
21.22:  44.55275,-21.82366,273.5563
21.24:  44.30345,-21.80571,273.5563
21.26:  44.05361,-21.78772,273.5563
21.27:  43.80384,-21.76974,273.5563
21.29:  43.55234,-21.74916,273.5563
21.31:  43.30247,-21.73116,273.5563
21.32:  43.0502,-21.71549,273.5563
21.34:  42.80401,-21.70019,273.5563
21.36:  42.55324,-21.6846,273.5563
21.37:  42.3057,-21.66922,273.5563
21.39:  42.05666,-21.65374,273.5563
21.41:  41.80895,-21.63835,273.5563
21.42:  41.55589,-21.62262,273.5563
21.44:  41.30605,-21.60709,273.5563
21.46:  41.05637,-21.59157,273.5563
21.47:  40.80689,-21.57607,273.5563
21.49:  40.5611,-21.56079,273.5563
21.51:  40.31046,-21.54522,273.5563
21.52:  40.06014,-21.52966,273.5563
21.54:  39.8099,-21.51411,273.5563
21.56:  39.56188,-21.49869,273.5563
21.57:  39.31361,-21.48326,273.5563
21.59:  39.06433,-21.46777,273.5563
21.61:  38.81702,-21.4524,273.5563
21.62:  38.56546,-21.43677,273.5563
21.64:  38.31568,-21.42124,273.5563
21.66:  38.06549,-21.40569,273.5563
21.67:  37.8152,-21.39014,273.5563
21.69:  37.56654,-21.37469,273.5563
21.71:  37.31818,-21.35925,273.5563
21.72:  37.06724,-21.34365,273.5563
21.74:  36.81677,-21.32809,273.5563
21.76:  36.5666,-21.31254,273.5563
21.77:  36.31641,-21.29699,273.5563
21.79:  36.06717,-21.2815,273.5563
21.81:  35.8204,-21.26617,273.5563
21.82:  35.57049,-21.25064,273.5563
21.84:  35.32337,-21.23528,273.5563
21.86:  35.07637,-21.21993,273.5563
21.87:  34.82267,-21.20416,273.5563
21.89:  34.57643,-21.18886,273.5563
21.91:  34.32564,-21.17327,273.5563
21.92:  34.0771,-21.15782,273.5563
21.94:  33.82795,-21.14234,273.5563
21.96:  33.57909,-21.12687,273.5563
21.97:  33.32881,-21.11132,273.5563
21.99:  33.0793,-21.09581,273.5563
22.01:  32.83018,-21.08033,273.5563
22.02:  32.57737,-21.06462,273.5563
22.04:  32.33035,-21.04926,273.5563
22.06:  32.08154,-21.0338,273.5563
22.07:  31.82895,-21.0181,273.5563
22.09:  31.58214,-21.00276,273.5563
22.11:  31.33112,-20.98716,273.5563
22.12:  31.08028,-20.97157,273.5563
22.14:  30.83485,-20.95632,273.5563
22.16:  30.58446,-20.94076,273.5563
22.17:  30.33038,-20.92497,273.5563
22.19:  30.0862,-20.90979,273.5563
22.21:  29.836,-20.89425,273.5563
22.22:  29.58434,-20.8786,273.5563
22.24:  29.33706,-20.86324,273.5563
22.26:  29.08666,-20.84768,273.5543
22.27:  28.8336,-20.83196,273.5543
22.29:  28.58423,-20.81647,273.5543
22.31:  28.33688,-20.80111,273.5543
22.32:  28.08491,-20.78546,273.5543
22.34:  27.83506,-20.76995,273.5523
22.36:  27.58402,-20.75684,273.5523
22.37:  27.33628,-20.75118,273.5523
22.39:  27.08543,-20.74792,273.5523
22.41:  26.83563,-20.76412,273.5523
22.42:  26.58197,-20.78793,273.5523
22.44:  26.32793,-20.81178,273.5523
22.46:  26.07623,-20.83783,273.5523
22.47:  25.82515,-20.8614,273.5523
22.49:  25.57248,-20.88756,273.5523
22.51:  25.32262,-20.91101,273.5523
22.52:  25.07064,-20.93466,273.5523
22.54:  24.81741,-20.96088,273.5523
22.56:  24.56421,-20.98465,273.5523
22.57:  24.31176,-21.01078,273.5523
22.59:  24.06038,-21.03438,273.5523
22.61:  23.81194,-21.0577,273.5523
22.62:  23.55861,-21.08148,273.5523
22.64:  23.30674,-21.10512,273.5523
22.66:  23.05486,-21.12876,273.5523
22.67:  22.80133,-21.15256,273.5523
22.69:  22.5487,-21.17628,273.5523
22.71:  22.29831,-21.19978,273.5523
22.72:  22.04416,-21.22609,273.5523
22.74:  21.79173,-21.24978,273.5523
22.76:  21.54234,-21.2732,273.5523
22.77:  21.28961,-21.29692,273.5523
22.79:  21.03663,-21.32311,273.5523
22.81:  20.78764,-21.34648,273.5523
22.82:  20.53316,-21.37037,273.5523
22.84:  20.28211,-21.39393,273.5523
22.86:  20.02884,-21.42015,273.5523
22.87:  19.77616,-21.44387,273.5523
22.89:  19.52526,-21.46742,273.5523
22.91:  19.27545,-21.49087,273.5523
22.92:  19.02241,-21.51462,273.5523
22.94:  18.7696,-21.53836,273.5503
22.96:  18.51583,-21.56219,273.5503
22.97:  18.26846,-21.58542,273.5503
22.99:  18.01153,-21.60955,273.5503
23.01:  17.76473,-21.63272,273.5503
23.02:  17.51489,-21.65619,273.5503
23.04:  17.25923,-21.68019,273.5503
23.06:  17.00464,-21.70656,273.5503
23.07:  16.75432,-21.73006,273.5503
23.09:  16.50242,-21.75372,273.5503
23.11:  16.25268,-21.77717,273.5503
23.12:  15.9994,-21.80095,273.5503
23.14:  15.74647,-21.82714,273.5503
23.16:  15.49527,-21.85316,273.5503
23.17:  15.24135,-21.87945,273.5503
23.19:  14.98857,-21.92744,273.5503
23.21:  14.73527,-21.98277,273.5503
23.22:  14.48235,-22.05321,273.5503
23.24:  14.2341,-22.13123,273.5503
23.26:  13.98629,-22.21152,273.5503
23.27:  13.73723,-22.29221,273.5503
23.29:  13.48976,-22.37238,273.5503
23.31:  13.25228,-22.46261,273.5503
23.32:  13.01585,-22.55943,273.5503
23.34:  12.78925,-22.66281,273.5503
23.36:  12.56811,-22.77703,273.5503
23.37:  12.35112,-22.89521,273.5503
23.39:  12.12964,-23.01435,273.5503
23.41:  11.90983,-23.13259,273.5503
23.42:  11.68734,-23.25227,273.5503
23.44:  11.47984,-23.38456,273.5503
23.46:  11.27376,-23.52003,273.5503
23.47:  11.07645,-23.65735,273.5503
23.49:  10.88864,-23.80245,273.5523
23.51:  10.70749,-23.95532,273.586
23.52:  10.52695,-24.10947,273.664
23.54:  10.35012,-24.26002,273.7484
23.56:  10.17065,-24.41448,273.8581
23.57:  9.989148,-24.5675,274.0249
23.59:  9.807432,-24.71884,274.3691
23.61:  9.627003,-24.86561,275.0302
23.62:  9.440794,-25.01288,275.8181
23.64:  9.25281,-25.15739,276.606
23.66:  9.064456,-25.29811,277.3939
23.67:  8.87342,-25.43678,278.1817
23.69:  8.679605,-25.57344,278.9696
23.71:  8.488372,-25.70438,279.7575
23.72:  8.290134,-25.83615,280.5454
23.74:  8.092366,-25.96372,281.3333
23.76:  7.868353,-26.07131,282.1211
23.77:  7.634978,-26.1606,282.909
23.79:  7.387612,-26.21374,283.6969
23.81:  7.134407,-26.2458,284.4847
23.82:  6.872689,-26.25398,285.2726
23.84:  6.61438,-26.25615,286.0605
23.86:  6.356114,-26.25478,286.8484
23.89:  6.099527,-26.24988,287.6363
23.91:  5.837097,-26.24126,288.4241
23.92:  5.583836,-26.22184,289.212
23.94:  5.324233,-26.19593,289.9999
23.96:  5.071363,-26.16717,290.7878
23.97:  4.815166,-26.13206,291.5757
23.99:  4.56737,-26.0728,292.3635
24.01:  4.326042,-25.99904,293.1514
24.02:  4.09762,-25.90817,293.9393
24.04:  3.868586,-25.80269,294.7272
24.06:  3.644825,-25.69589,295.515
24.07:  3.419191,-25.58436,296.3029
24.09:  3.198405,-25.47143,297.0908
24.11:  2.974998,-25.35324,297.8787
24.12:  2.75276,-25.23174,298.6666
24.14:  2.535331,-25.10895,299.4544
24.16:  2.32081,-24.98389,300.2423
24.17:  2.106327,-24.85486,301.0302
24.19:  1.895539,-24.72407,301.8181
24.21:  1.682537,-24.58782,302.606
24.22:  1.477045,-24.45236,303.3938
24.24:  1.267409,-24.30999,304.1817
24.26:  1.065278,-24.16861,304.9696
24.27:  0.8626102,-24.02267,305.7575
24.29:  0.6622141,-23.87414,306.5453
24.31:  0.4624791,-23.7218,307.3332
24.32:  0.2679424,-23.56915,308.1211
24.34:  0.07196429,-23.41096,308.909
24.36:  -0.1229731,-23.24914,309.6969
24.37:  -0.3135232,-23.08648,310.4847
24.39:  -0.4996158,-22.92315,311.2726
24.41:  -0.6840262,-22.75676,312.0605
24.42:  -0.8649016,-22.58898,312.8484
24.44:  -1.047815,-22.41458,313.6363
24.46:  -1.22665,-22.2393,314.4241
24.47:  -1.403494,-22.06114,315.212
24.49:  -1.579514,-21.87887,315.9999
24.51:  -1.749332,-21.69811,316.7878
24.52:  -1.917497,-21.5141,317.5757
24.54:  -2.083949,-21.32686,318.3635
24.56:  -2.247472,-21.13774,319.1514
24.57:  -2.408475,-20.94628,319.9393
24.59:  -2.56613,-20.75348,320.7272
24.61:  -2.722027,-20.55738,321.515
24.62:  -2.873637,-20.3612,322.3029
24.64:  -3.026375,-20.15784,323.0908
24.66:  -3.172784,-19.95722,323.8787
24.67:  -3.318057,-19.7523,324.6665
24.69:  -3.460629,-19.54521,325.4544
24.71:  -3.599643,-19.33722,326.2423
24.72:  -3.735934,-19.12711,327.0302
24.74:  -3.867403,-18.91819,327.8181
24.76:  -3.99968,-18.70144,328.606
24.77:  -4.1246,-18.49026,329.3938
24.79:  -4.251614,-18.26865,330.1817
24.81:  -4.370849,-18.05381,330.9696
24.82:  -4.490056,-17.83188,331.7574
24.84:  -4.604671,-17.61129,332.5453
24.86:  -4.717741,-17.38615,333.3332
24.87:  -4.825715,-17.16358,334.1211
24.89:  -4.932697,-16.9351,334.909
24.91:  -5.035092,-16.70835,335.6968
24.92:  -5.135238,-16.4782,336.4847
24.94:  -5.231054,-16.24945,337.2726
24.96:  -5.325881,-16.01403,338.0605
24.97:  -5.415794,-15.78164,338.8484
24.99:  -5.503029,-15.54662,339.6362
25.01:  -5.585921,-15.31352,340.4241
25.02:  -5.66697,-15.07527,341.212
25.04:  -5.743449,-14.8399,341.9999
25.06:  -5.81823,-14.5985,342.7878
25.07:  -5.887758,-14.36264,343.5756
25.09:  -5.95677,-14.11607,344.3635
25.11:  -6.020127,-13.8771,345.1514
25.12:  -6.059337,-13.63589,345.9393
25.14:  -6.060406,-13.39372,346.7271
25.16:  -6.061479,-13.14665,347.515
25.17:  -6.062554,-12.90434,348.3029
25.19:  -6.063633,-12.65449,349.0908
25.21:  -6.064714,-12.41302,349.8787
25.22:  -6.065798,-12.16409,350.6665
25.24:  -6.066885,-11.91908,351.4544
25.26:  -6.067974,-11.66932,352.2423
25.27:  -6.069065,-11.42369,353.0302
25.29:  -6.070158,-11.17204,353.8181
25.31:  -6.071252,-10.92598,354.6059
25.32:  -6.072349,-10.67713,355.3938
25.34:  -6.073445,-10.42344,356.1817
25.36:  -6.074543,-10.17728,356.9696
25.37:  -6.075643,-9.922321,357.7574
25.39:  -6.076742,-9.677592,358.5453
25.41:  -6.077842,-9.424811,359.3332
25.42:  -6.07732,-9.177803,0.1210925
25.44:  -6.073304,-8.924715,0.9089714
25.46:  -6.065992,-8.677886,1.69685
25.47:  -6.05495,-8.423417,2.484729
25.49:  -6.040953,-8.178627,3.272608
25.51:  -6.023584,-7.925234,3.921053
25.52:  -6.007329,-7.680406,3.798653
25.54:  -5.990698,-7.429934,3.798653
25.56:  -5.974102,-7.179972,3.798653
25.57:  -5.95753,-6.930378,3.798653
25.59:  -5.941206,-6.68453,3.798653
25.61:  -5.924615,-6.434648,3.798653
25.62:  -5.908226,-6.187812,3.798653
25.64:  -5.891528,-5.93632,3.798653
25.66:  -5.874897,-5.685846,3.798653
25.67:  -5.858266,-5.43537,3.798653
25.69:  -5.841662,-5.185294,3.798653
25.71:  -5.824929,-4.933264,3.798653
25.72:  -5.808592,-4.687213,3.798653
25.74:  -5.792157,-4.43969,3.798653
25.76:  -5.775582,-4.190053,3.798653
25.77:  -5.75902,-3.940609,3.798653
25.79:  -5.742477,-3.691452,3.798653
25.81:  -5.725878,-3.441451,3.798653
25.82:  -5.709428,-3.193697,3.798653
25.84:  -5.692742,-2.942399,3.798653
25.86:  -5.676124,-2.692099,3.798653
25.87:  -5.659441,-2.44084,3.798653
25.89:  -5.642921,-2.192036,3.798653
25.91:  -5.625504,-1.941182,3.971756
25.92:  -5.606353,-1.694699,4.442741
25.94:  -5.583371,-1.443653,5.23062
25.96:  -5.557178,-1.195212,6.018498
25.97:  -5.527462,-0.9462455,6.806377
25.99:  -5.494519,-0.6991634,7.594257
26.01:  -5.458304,-0.4533812,8.382136
26.02:  -5.418475,-0.2066498,9.170015
26.04:  -5.37495,0.04125686,9.957894
26.06:  -5.328268,0.2872359,10.74577
26.07:  -5.278255,0.5323176,11.53365
26.09:  -5.224854,0.7767983,12.32153
26.11:  -5.16829,1.019689,13.10941
26.12:  -5.108833,1.259989,13.89729
26.14:  -5.044884,1.504007,14.68517
26.16:  -4.978229,1.744799,15.47304
26.17:  -4.908286,1.984591,16.26093
26.19:  -4.835497,2.221948,17.04881
26.21:  -4.758216,2.462123,17.83668
26.22:  -4.679548,2.695549,18.62456
26.24:  -4.594912,2.93572,19.41244
26.26:  -4.509407,3.168112,20.20032
26.27:  -4.421405,3.397505,20.9882
26.29:  -4.327619,3.632271,21.77608
26.31:  -4.231613,3.86332,22.56396
26.32:  -4.132728,4.092358,23.35184
26.34:  -4.029855,4.321907,24.13971
26.36:  -3.924771,4.548006,24.92759
26.37:  -3.816509,4.772801,25.71547
26.39:  -3.704907,4.996608,26.50335
26.41:  -3.589431,5.220423,27.29123
26.42:  -3.472086,5.440383,28.07911
26.44:  -3.351466,5.659184,28.86699
26.46:  -3.22766,5.876637,29.65487
26.47:  -3.100992,6.092169,30.44275
26.49:  -2.971485,6.305753,31.23063
26.51:  -2.837504,6.520013,32.0185
26.52:  -2.702817,6.728955,32.80638
26.54:  -2.565011,6.936415,33.59427
26.56:  -2.424594,7.141626,34.38214
26.57:  -2.280935,7.345502,35.17002
26.59:  -2.133962,7.548105,35.9579
26.61:  -1.982658,7.750757,36.74578
26.62:  -1.831258,7.947826,37.53367
26.64:  -1.676862,8.143174,38.32154
26.66:  -1.517387,8.339342,39.10943
26.67:  -1.357105,8.531055,39.89731
26.69:  -1.192402,8.72264,40.68519
26.71:  -1.027807,8.908857,41.47307
26.72:  -0.8632057,9.09,42.26095
26.74:  -0.6915107,9.273806,43.04882
26.76:  -0.5178915,9.454622,43.83671
26.77:  -0.3422217,9.632609,44.62459
26.79:  -0.1642589,9.808028,45.41247
26.81:  0.01669572,9.981555,46.20035
26.82:  0.1975559,10.15028,46.98822
26.84:  0.384138,10.3196,47.7761
26.86:  0.5716477,10.48513,48.56398
26.87:  0.7645648,10.65076,49.35186
26.89:  0.9550422,10.8098,50.13974
26.91:  1.146484,10.96522,50.92762
26.92:  1.344287,11.12135,51.7155
26.94:  1.541588,11.27273,52.50338
26.96:  1.742226,11.42233,53.29126
26.97:  1.945187,11.56936,54.07914
26.99:  2.149177,11.7129,54.86702
27.01:  2.355783,11.85408,55.6549
27.02:  2.56303,11.99155,56.44278
27.04:  2.774086,12.1274,57.23066
27.06:  2.98436,12.2587,58.01853
27.07:  3.200785,12.38974,58.80641
27.09:  3.415407,12.51569,59.59429
27.11:  3.633008,12.63939,60.38217
27.12:  3.84991,12.75878,61.17006
27.14:  4.070881,12.87648,61.95793
27.16:  4.294977,12.99192,62.74581
27.17:  4.518792,13.10403,63.39426
27.19:  4.743152,13.21402,63.88425
27.21:  4.967743,13.3234,64.03201
27.22:  5.191523,13.43239,64.03201
27.24:  5.416736,13.54208,64.03201
27.26:  5.641759,13.65168,64.03201
27.27:  5.867898,13.76181,64.03201
27.29:  6.094063,13.87197,64.03201
27.31:  6.318973,13.98151,64.03201
27.32:  6.543315,14.09077,64.03201
27.34:  6.764553,14.19852,64.03201
27.36:  6.988989,14.30782,64.03399
27.37:  7.212337,14.41643,64.06765
27.39:  7.439706,14.52615,64.24076
27.41:  7.667123,14.63383,64.66105
27.42:  7.892495,14.73766,65.26512
27.44:  8.122171,14.84009,65.96427
27.46:  8.351018,14.93843,66.74582
27.47:  8.58313,15.03441,67.5337
27.49:  8.815839,15.12692,68.32158
27.51:  9.049187,15.21598,69.10945
27.52:  9.281387,15.30097,69.89735
27.54:  9.519181,15.3844,70.66621
27.56:  9.756841,15.46498,71.27029
27.57:  9.992871,15.54328,71.6462
27.59:  10.23176,15.62244,71.6672
27.61:  10.46906,15.70107,71.6672
27.62:  10.70343,15.77873,71.6672
27.64:  10.94274,15.85803,71.6672
27.66:  11.18073,15.93689,71.6672
27.67:  11.41849,16.01567,71.6672
27.69:  11.65591,16.09434,71.6672
27.71:  11.89408,16.17326,71.6672
27.72:  12.12964,16.25131,71.6672
27.74:  12.36812,16.33033,71.6672
27.76:  12.60573,16.40907,71.6672
27.77:  12.84393,16.48799,71.6672
27.79:  13.08206,16.5669,71.6672
27.81:  13.31575,16.64433,71.6672
27.82:  13.55146,16.72243,71.66917
27.84:  13.78957,16.80131,71.67116
27.86:  14.02832,16.88036,71.67947
27.87:  14.26541,16.95886,71.68146
27.89:  14.50289,17.03745,71.68977
27.91:  14.73977,17.11579,71.69809
27.92:  14.97472,17.19335,71.73175
27.94:  15.21421,17.27157,71.91119
27.96:  15.45294,17.34762,72.33148
27.97:  15.6927,17.42084,73.01794
27.99:  15.93201,17.49034,73.80582
28.01:  16.17292,17.55672,74.5937
28.02:  16.41275,17.61928,75.38158
28.04:  16.65591,17.67914,76.16946
28.06:  16.90037,17.73577,76.95734
28.07:  17.14494,17.78889,77.74522
28.09:  17.38988,17.83858,78.5331
28.11:  17.63748,17.88527,79.32098
28.12:  17.88294,17.92807,80.10885
28.14:  18.13201,17.96798,80.89673
28.16:  18.37755,18.00387,81.68461
28.17:  18.62378,18.03641,82.4725
28.19:  18.87169,18.0657,83.26036
28.21:  19.11985,18.09157,84.04825
28.22:  19.36728,18.11393,84.83613
28.24:  19.61535,18.13292,85.62401
28.26:  19.86718,18.14871,86.41189
28.27:  20.1157,18.16086,87.19978
28.29:  20.36359,18.16957,87.98766
28.31:  20.61687,18.17499,88.77554
28.32:  20.86519,18.17688,89.56341
28.34:  21.11699,18.17534,90.35129
28.36:  21.36389,18.17043,91.13917
28.37:  21.61802,18.16188,91.92705
28.39:  21.86726,18.15006,92.71492
28.41:  22.11754,18.13474,93.5028
28.42:  22.36317,18.11631,94.29068
28.44:  22.61478,18.09395,95.07856
28.46:  22.86466,18.06827,95.86643
28.47:  23.11782,18.03874,96.65431
28.49:  23.36316,18.00669,97.44219
28.51:  23.61451,17.97034,98.23006
28.52:  23.85695,17.93186,99.01794
28.54:  24.10596,17.88882,99.80582
28.56:  24.34795,17.84356,100.5937
28.57:  24.59729,17.79337,101.3816
28.59:  24.83855,17.74134,102.1695
28.61:  25.0862,17.68436,102.9573
28.62:  25.32384,17.62623,103.7452
28.64:  25.57077,17.56222,104.5331
28.66:  25.8092,17.4969,105.321
28.67:  26.05144,17.42694,106.1089
28.69:  26.28764,17.35519,106.8967
28.71:  26.52838,17.27843,107.6846
28.72:  26.76285,17.20011,108.4725
28.74:  26.99837,17.11854,109.1019
28.76:  27.23571,17.03454,109.4905
28.77:  27.47121,16.95118,109.4925
28.79:  27.70724,16.86763,109.4925
28.81:  27.93961,16.78538,109.4925
28.82:  28.17573,16.7018,109.4925
28.84:  28.413,16.61781,109.4925
28.86:  28.64916,16.53422,109.4925
28.87:  28.88343,16.45129,109.4925
28.89:  29.11807,16.36808,109.5262
28.91:  29.35341,16.283,109.8767
28.92:  29.58531,16.19559,110.6519
28.94:  29.82202,16.1027,111.4271
28.96:  30.05227,16.00872,112.2023
28.97:  30.28455,15.91017,112.9902
28.99:  30.51238,15.80979,113.7781
29.01:  30.74022,15.70564,114.566
29.02:  30.96379,15.5997,115.3539
29.04:  31.19063,15.48837,116.1417
29.06:  31.41389,15.37496,116.9296
29.07:  31.63312,15.25978,117.7175
29.09:  31.85458,15.13951,118.5054
29.11:  32.07215,15.01745,119.2933
29.12:  32.28469,14.89433,120.0811
29.14:  32.50032,14.76544,120.869
29.16:  32.71318,14.6342,121.6569
29.17:  32.92468,14.49974,122.4448
29.19:  33.134,14.3626,123.2327
29.21:  33.34225,14.22202,124.0205
29.22:  33.54545,14.08075,124.8084
29.24:  33.74961,13.9346,125.5963
29.26:  33.95208,13.78542,126.3842
29.27:  34.15118,13.63445,127.172
29.29:  34.34857,13.48045,127.9599
29.31:  34.54327,13.3242,128.7478
29.32:  34.73611,13.16503,129.5357
29.34:  34.92788,13.00226,130.3236
29.36:  35.11575,12.83831,131.1114
29.37:  35.30252,12.67074,131.8993
29.39:  35.48565,12.50182,132.6872
29.41:  35.66732,12.32957,133.4751
29.42:  35.84467,12.15672,134.263
29.44:  36.02285,11.97823,135.0508
29.46:  36.19707,11.79884,135.8387
29.47:  36.36885,11.61702,136.6266
29.49:  36.53743,11.43359,137.4145
29.51:  36.70145,11.25013,138.2023
29.52:  36.86568,11.06126,138.9902
29.54:  37.02913,10.868,139.7781
29.56:  37.18755,10.67537,140.566
29.57:  37.34358,10.48024,141.3539
29.59:  37.49684,10.28307,142.1417
29.61:  37.64779,10.08327,142.9296
29.62:  37.79394,9.884183,143.7175
29.64:  37.94038,9.678845,144.5054
29.66:  38.083,9.472913,145.2932
29.67:  38.22292,9.264847,146.0811
29.69:  38.35945,9.055658,146.869
29.71:  38.49327,8.844322,147.6569
29.72:  38.62334,8.632525,148.4448
29.74:  38.75047,8.418996,149.2326
29.76:  38.87634,8.200797,150.0205
29.77:  38.99863,7.981902,150.8084
29.79:  39.11738,7.762326,151.5963
29.81:  39.23415,7.539114,152.3842
29.82:  39.34499,7.319948,153.172
29.84:  39.45564,7.093495,153.9599
29.86:  39.56223,6.86751,154.7478
29.87:  39.66638,6.638594,155.5357
29.89:  39.76682,6.409519,156.3235
29.91:  39.86381,6.1798,157.1114
29.92:  39.95675,5.950926,157.8993
29.94:  40.04832,5.716206,158.6872
29.96:  40.13601,5.481972,159.4751
29.97:  40.22087,5.245448,160.2629
29.99:  40.30246,5.007831,161.0508
30.01:  40.38015,4.771149,161.826
30.02:  40.45494,4.534775,162.4428
30.04:  40.52948,4.292737,162.8821
30.06:  40.60313,4.053628,162.8821
30.07:  40.67682,3.814369,162.8821
30.09:  40.75057,3.574886,162.8821
30.11:  40.82286,3.340172,162.8821
30.12:  40.89584,3.103189,162.8821
30.14:  40.96972,2.863311,162.8821
30.16:  41.04346,2.623892,162.8821
30.17:  41.11755,2.383329,162.8821
30.19:  41.19217,2.141056,162.8821
30.21:  41.26518,1.903985,162.8821
30.22:  41.33922,1.663574,162.8821
30.24:  41.41292,1.424267,162.8821
30.26:  41.4867,1.184728,162.8821
30.27:  41.56007,0.946483,162.8821
30.29:  41.63414,0.7059889,162.8821
30.31:  41.70662,0.4706699,162.8821
30.32:  41.781,0.2291536,162.8821
30.34:  41.85423,-0.00862816,162.8821
30.36:  41.92845,-0.2496039,162.8821
30.37:  42.00098,-0.4851078,162.8821
30.39:  42.07553,-0.7271917,162.8821
30.41:  42.14864,-0.9645535,162.8821
30.42:  42.21188,-1.202683,162.8821
30.44:  42.27445,-1.447967,162.8821
30.46:  42.33648,-1.691119,162.8821
30.47:  42.3979,-1.931878,162.8821
30.49:  42.45947,-2.173196,162.8821
30.51:  42.5211,-2.414787,162.8821
30.52:  42.58232,-2.654785,162.8821
30.54:  42.64483,-2.899816,162.8821
30.56:  42.70731,-3.144699,162.8821
30.57:  42.76966,-3.38913,162.8821
30.59:  42.83169,-3.632278,162.8821
30.61:  42.89357,-3.874814,162.8821
30.62:  42.95483,-4.114972,162.8821
30.64:  43.01897,-4.356506,162.8821
30.66:  43.08074,-4.59861,162.8821
30.67:  43.1426,-4.841111,162.8821
30.69:  43.20685,-5.083049,162.8821
30.71:  43.25699,-5.329082,162.8821
30.72:  43.28815,-5.578868,162.8821
30.74:  43.31745,-5.833425,162.8821
30.76:  43.34629,-6.084001,162.8821
30.77:  43.37804,-6.33852,162.8821
30.79:  43.4071,-6.590972,162.8821
30.81:  43.39563,-6.853492,162.8821
30.82:  43.37274,-7.110793,162.8821
30.84:  43.34909,-7.366057,162.8821
30.86:  43.32222,-7.621406,162.8821
30.87:  43.24874,-7.868292,162.8821
30.89:  43.1706,-8.111901,162.8821
30.91:  43.09153,-8.353822,162.8821
30.92:  42.99001,-8.586173,162.8821
30.94:  42.87904,-8.822074,162.8821
30.96:  42.76783,-9.054603,162.8821
30.97:  42.65423,-9.287932,162.8821
30.99:  42.53942,-9.516079,162.8821
31.01:  42.42572,-9.742024,162.8821
31.02:  42.31149,-9.965259,162.8821
31.04:  42.19613,-10.19451,162.8821
31.06:  42.0827,-10.42748,162.8821
31.07:  41.96922,-10.66057,162.8821
31.09:  41.85806,-10.89266,162.8821
31.11:  41.75952,-11.1308,162.8821
31.12:  41.70538,-11.38351,162.8821
31.14:  41.66479,-11.64766,162.8821
31.16:  41.65156,-11.9164,162.8821
31.17:  41.67824,-12.1692,162.8821
31.19:  41.73335,-12.41511,162.8821
31.21:  41.80617,-12.65153,162.8821
31.22:  41.87989,-12.89091,162.8821
31.24:  41.95354,-13.13002,162.8821
31.26:  42.02739,-13.36982,162.8821
31.27:  42.1012,-13.60947,162.8821
31.29:  42.17538,-13.85032,162.8821
31.31:  42.24797,-14.08604,162.8821
31.32:  42.3208,-14.32251,162.8821
31.34:  42.39458,-14.56206,162.8821
31.36:  42.46774,-14.7996,162.8821
31.37:  42.54171,-15.03978,162.8821
31.39:  42.61548,-15.27932,162.8821
31.41:  42.68911,-15.51837,162.8821
31.42:  42.76186,-15.75461,162.8821
31.44:  42.83619,-15.99595,162.8821
31.46:  42.91025,-16.23641,162.8821
31.47:  42.9839,-16.47556,162.8821
31.49:  43.05726,-16.71376,162.8821
31.51:  43.13097,-16.95307,162.8821
31.52:  43.20374,-17.18935,162.8821
31.54:  43.2779,-17.43014,162.8821
31.57:  43.35145,-17.66896,162.8821
31.59:  43.42479,-17.90709,162.8821
31.61:  43.48013,-18.11994,162.8821
31.62:  43.43985,-18.28159,162.8821
31.64:  43.30883,-18.4037,162.8821
31.66:  43.09883,-18.49423,162.8821
31.67:  42.85957,-18.56793,162.8801
31.69:  42.61894,-18.64206,162.8781
31.71:  42.38005,-18.71566,162.8761
31.72:  42.14238,-18.78893,162.8678
31.74:  41.9058,-18.86203,162.8278
31.76:  41.66551,-18.93682,162.7118
31.77:  41.4256,-19.01278,162.4309
31.79:  41.18868,-19.09061,161.8141
31.81:  40.96421,-19.16779,161.0263
31.82:  40.7495,-19.21593,160.2384
31.84:  40.545,-19.24395,159.4505
31.86:  40.33396,-19.24999,158.6626
31.87:  40.12748,-19.24612,157.8748
31.89:  39.94577,-19.25647,157.0869
31.91:  39.88284,-19.2841,156.299
31.92:  39.92849,-19.38431,155.5111
31.94:  40.07068,-19.5936,154.7232
31.96:  40.21697,-19.80268,153.9354
31.97:  40.36499,-20.00817,153.1475
31.99:  40.51713,-20.21336,152.3596
32.01:  40.66991,-20.41359,151.5717
32.02:  40.82413,-20.61007,150.7838
32.04:  40.98058,-20.80382,149.996
32.06:  41.14324,-20.9997,149.2081
32.07:  41.30865,-21.1934,148.4202
32.09:  41.4594,-21.39453,147.6323
32.11:  41.59789,-21.60652,146.8444
32.12:  41.73696,-21.81315,146.0566
32.14:  41.8812,-22.02121,145.2687
32.16:  42.02443,-22.22188,144.4808
32.17:  42.17495,-22.42673,143.6929
32.19:  42.32431,-22.62426,142.905
32.21:  42.47989,-22.82422,142.1172
32.22:  42.6332,-23.01579,141.3293
32.24:  42.78279,-23.22099,140.5414
32.26:  42.896,-23.44831,139.7535
32.27:  42.92226,-23.70607,138.9657
32.29:  42.86632,-23.94656,138.1778
32.31:  42.74878,-24.18145,137.3899
32.32:  42.60343,-24.38928,136.602
32.34:  42.45221,-24.59475,135.8141
32.36:  42.30667,-24.7983,135.0263
32.37:  42.14388,-24.99018,134.2384
32.39:  41.97227,-25.17133,133.4505
32.41:  41.80259,-25.35546,132.6626
32.42:  41.63638,-25.54087,131.8747
32.44:  41.4697,-25.73202,131.0869
32.46:  41.28363,-25.89889,130.299
32.47:  41.06331,-26.03502,129.5111
32.49:  40.83394,-26.11493,128.7232
32.51:  40.64419,-26.12298,127.9353
32.52:  40.47321,-26.03646,127.1475
32.54:  40.30162,-25.91014,126.3596
32.56:  40.12379,-25.78295,125.5717
32.57:  39.94323,-25.65754,124.7838
32.59:  39.90208,-25.62979,123.9959
32.61:  39.90208,-25.62979,123.2081
32.62:  39.90208,-25.62979,122.4202
32.64:  39.90208,-25.62979,121.6323
32.66:  39.90208,-25.62979,120.8444
32.67:  39.90208,-25.62979,120.0566
32.69:  39.90208,-25.62979,119.2687
32.71:  39.90208,-25.62979,118.4808
32.72:  39.90208,-25.62979,117.6929
32.74:  39.90208,-25.62979,116.905
32.76:  39.90208,-25.62979,116.1171
32.77:  39.90208,-25.62979,115.3293
32.79:  39.90208,-25.62979,114.5414
32.81:  39.90208,-25.62979,113.7535
32.82:  39.90208,-25.62979,112.9656
32.84:  39.90208,-25.62979,112.1777
32.86:  39.90208,-25.62979,111.3899
32.87:  39.90208,-25.62979,110.602
32.89:  39.90208,-25.62979,109.8141
32.91:  39.90208,-25.62979,109.0262
32.92:  39.90208,-25.62979,108.2384
32.94:  39.90208,-25.62979,107.4505
32.96:  39.90208,-25.62979,106.6626
32.97:  39.90208,-25.62979,105.8747
32.99:  39.90208,-25.62979,105.0868
33.01:  39.90208,-25.62979,104.299
33.02:  39.90208,-25.62979,103.5111
33.04:  39.90208,-25.62979,102.7232
33.06:  39.90208,-25.62979,101.9353
33.07:  39.90208,-25.62979,101.1474
33.09:  39.90208,-25.62979,100.3596
33.11:  39.90208,-25.62979,99.57168
33.12:  39.97684,-25.64134,98.78381
33.14:  40.14126,-25.66443,97.99593
33.16:  40.39083,-25.696,97.20805
33.17:  40.63957,-25.72399,96.42017
33.19:  40.88835,-25.74852,95.63229
33.21:  41.14117,-25.76995,94.84441
33.22:  41.39135,-25.78769,94.05653
33.24:  41.64078,-25.80194,93.26865
33.26:  41.89185,-25.81281,92.48077
33.27:  42.13931,-25.82013,91.6929
33.29:  42.3929,-25.82413,90.90501
33.31:  42.64017,-25.82546,90.30727
33.32:  42.89349,-25.82675,90.29263
33.34:  43.13977,-25.828,90.29063
33.36:  43.3913,-25.82927,90.28865
33.37:  43.63654,-25.8305,90.28865
33.39:  43.88705,-25.83177,90.28865
33.41:  44.13723,-25.83302,90.28667
33.42:  44.38702,-25.82202,90.28468
33.44:  44.63404,-25.80629,90.2827
33.46:  44.88723,-25.79016,90.28071
33.47:  45.13948,-25.77409,90.28071
33.49:  45.39132,-25.75805,90.28071
33.51:  45.63684,-25.7424,90.28071
33.52:  45.88692,-25.72619,90.21535
33.54:  46.13466,-25.70956,90.08661
33.56:  46.38697,-25.69133,89.79309
33.57:  46.63705,-25.67033,89.12563
33.59:  46.88729,-25.64584,88.33775
33.61:  47.13647,-25.618,87.54988
33.62:  47.38492,-25.60394,86.76199
33.64:  47.63279,-25.5865,85.97412
33.66:  47.88432,-25.56532,85.18623
33.67:  48.13266,-25.54096,84.39836
33.69:  48.38219,-25.51302,83.61048
33.71:  48.63068,-25.48172,82.82261
33.72:  48.87812,-25.4471,82.03473
33.74:  49.12206,-25.40954,81.24684
33.76:  49.37055,-25.36778,80.45897
33.77:  49.61742,-25.32278,79.67109
33.79:  49.863,-25.27453,78.88321
33.81:  50.10703,-25.22308,78.09533
33.82:  50.35102,-25.16813,77.30746
33.84:  50.5913,-25.1107,76.5576
33.86:  50.83496,-25.04977,75.95987
33.87:  51.0768,-24.98743,75.54592
33.89:  51.31736,-24.92543,75.54791
33.91:  51.56066,-24.86273,75.54791
33.92:  51.80465,-24.79984,75.54791
33.94:  52.04399,-24.73816,75.54791
33.96:  52.29042,-24.67465,75.54791
33.97:  52.52891,-24.61318,75.54791
33.99:  52.77523,-24.5497,75.54791
34.01:  53.0178,-24.48718,75.54791
34.02:  53.25791,-24.4253,75.54791
34.04:  53.50051,-24.36278,75.54791
34.06:  53.74049,-24.30093,75.54791
34.07:  53.98144,-24.23883,75.54791
34.09:  54.22429,-24.17624,75.54791
34.11:  54.46642,-24.11384,75.54791
34.12:  54.70819,-24.05153,75.54791
34.14:  54.94726,-23.98991,75.54791
34.16:  55.19268,-23.92666,75.54791
34.17:  55.43752,-23.86356,75.54791
34.19:  55.67878,-23.80138,75.54791
34.21:  55.92531,-23.73784,75.54791
34.22:  56.16524,-23.676,75.54592
34.24:  56.40691,-23.61356,75.51226
34.26:  56.64622,-23.55083,75.31381
34.27:  56.89038,-23.48426,74.74776
34.29:  57.13089,-23.42296,74.01691
34.31:  57.38123,-23.37375,73.27974
34.32:  57.62919,-23.34372,72.54256
34.34:  57.88393,-23.33171,71.80539
34.36:  58.14441,-23.33413,71.06187
34.37:  58.40092,-23.33318,70.31836
34.39:  58.65288,-23.32982,69.58118
34.41:  58.91001,-23.34865,68.84401
34.42:  59.16273,-23.38471,68.10049
34.44:  59.41394,-23.41725,67.36331
34.46:  59.66563,-23.46237,66.62614
34.47:  59.90686,-23.52497,65.88897
34.49:  60.15241,-23.58534,65.15179
34.51:  60.39635,-23.64199,64.41462
34.52:  60.64125,-23.69555,63.67744
34.54:  60.88374,-23.74533,62.94026
34.56:  61.13312,-23.79318,62.20309
34.57:  61.3833,-23.83787,61.46592
34.59:  61.63173,-23.87894,60.72874
34.61:  61.88857,-23.91643,59.99157
34.62:  62.12828,-23.92674,59.24806
34.64:  62.38448,-23.92692,58.50454
34.66:  62.63468,-23.92384,57.76103
34.67:  62.89168,-23.91606,57.01752
34.69:  63.14538,-23.90173,56.27401
34.71:  63.40157,-23.88392,55.53049
34.72:  63.65184,-23.82938,54.79332
34.74:  63.89833,-23.77233,54.05614
34.76:  64.15076,-23.71048,53.31896
34.77:  64.40125,-23.64567,52.58179
34.79:  64.64769,-23.57852,51.84462
34.81:  64.89824,-23.50677,51.10744
34.82:  65.1481,-23.4341,50.37027
34.84:  65.39746,-23.35805,49.62675
34.86:  65.64486,-23.27907,48.88324
34.87:  65.89246,-23.19407,48.13972
34.89:  66.1329,-23.10799,47.38987
34.91:  66.3767,-23.01709,46.64001
34.92:  66.59996,-22.89526,45.88383
34.94:  66.82735,-22.76998,45.12764
34.96:  67.0499,-22.64348,44.36511
34.97:  67.26978,-22.51188,43.60258
34.99:  67.48923,-22.37656,42.84639
35.01:  67.705,-22.23951,42.08387
35.02:  67.91966,-22.09913,41.32134
35.04:  68.13308,-21.95832,40.56515
35.06:  68.34885,-21.81185,39.80897
35.07:  68.55586,-21.66441,39.04644
35.09:  68.76157,-21.51374,38.28391
35.11:  68.96874,-21.36071,37.52772
35.12:  69.17204,-21.20336,36.76519
35.14:  69.37096,-21.04512,36.00267
35.16:  69.57394,-20.88227,35.24014
35.17:  69.77239,-20.71558,34.47761
35.19:  69.96692,-20.54773,33.71508
35.21:  70.159,-20.37748,32.95256
35.22:  70.34885,-20.2046,32.18369
35.24:  70.53453,-20.0309,31.41483
35.26:  70.72172,-19.8511,30.65864
35.27:  70.90408,-19.67177,29.98484
35.29:  71.08993,-19.48818,29.33006
35.31:  71.26862,-19.30428,28.68161
35.32:  71.44466,-19.11895,28.03317
35.34:  71.61819,-18.93215,27.3974
35.36:  71.79335,-18.74434,26.83135
35.37:  71.96365,-18.55445,26.39205
35.39:  72.13475,-18.36543,25.97811
35.41:  72.3021,-18.1743,25.56417
35.42:  72.4985,-18.00396,25.15656
35.44:  72.70905,-17.86037,24.74261
35.46:  72.94338,-17.73441,24.33501
35.47:  73.18143,-17.64451,23.92107
35.49:  73.42612,-17.58892,23.51346
35.51:  73.68594,-17.55561,23.10586
35.52:  73.94769,-17.5257,22.69191
35.54:  74.2014,-17.4689,22.28431
35.56:  74.43846,-17.36581,21.8767
35.57:  74.65813,-17.21026,21.45008
35.59:  74.84007,-17.0248,20.97276
35.61:  75.00193,-16.81361,20.40671
35.62:  75.15223,-16.6084,19.67587
35.64:  75.29935,-16.39641,18.88799
35.66:  75.44604,-16.18289,18.10011
35.67:  75.56644,-15.95515,17.31223
35.69:  75.67832,-15.73106,16.52435
35.71:  75.79227,-15.50039,15.73648
35.72:  75.89391,-15.27063,14.9486
35.74:  75.97673,-15.03283,14.16072
35.76:  76.05546,-14.79637,13.37284
35.77:  76.13021,-14.56113,12.58496
35.79:  76.2033,-14.31965,11.79708
35.81:  76.27287,-14.07945,11.11061
35.82:  76.34324,-13.83822,11.22034
35.84:  76.41295,-13.59926,11.22034
35.86:  76.48428,-13.35474,11.22034
35.87:  76.5546,-13.11366,11.22034
35.89:  76.62555,-12.87046,11.22034
35.91:  76.69524,-12.63156,11.22034
35.92:  76.76551,-12.39068,11.22034
35.94:  76.83512,-12.15204,11.22034
35.96:  76.90616,-11.90853,11.22034
35.97:  76.97638,-11.66782,11.22034
35.99:  77.04626,-11.42824,11.22034
36.01:  77.11703,-11.18567,11.22034
36.02:  77.18736,-10.94456,11.22034
36.04:  77.25732,-10.70474,11.22034
36.06:  77.32827,-10.46154,11.22034
36.07:  77.39851,-10.22075,11.22034
36.09:  77.46889,-9.979488,11.22034
36.11:  77.53932,-9.738047,11.22034
36.12:  77.60922,-9.498422,11.22034
36.14:  77.67889,-9.259627,11.22034
36.16:  77.74995,-9.016039,11.22034
36.17:  77.82041,-8.774476,11.22034
36.19:  77.89058,-8.532919,11.15498
36.21:  77.959,-8.293797,10.92483
36.22:  78.02573,-8.050496,10.2954
36.24:  78.08849,-7.808719,9.50752
36.26:  78.14831,-7.564464,8.719642
36.27:  78.20472,-7.319605,7.931764
36.29:  78.25777,-7.073977,7.143885
36.31:  78.30735,-6.828032,6.356006
36.32:  78.35341,-6.582187,5.568127
36.34:  78.39584,-6.337126,4.780249
36.36:  78.43568,-6.086524,3.99237
36.37:  78.47173,-5.837816,3.204491
36.39:  78.50436,-5.588571,2.416612
36.41:  78.53357,-5.338863,1.628734
36.42:  78.55921,-5.090014,0.8408546
36.44:  78.58194,-4.843479,0.2240989
36.46:  78.60349,-4.592222,359.8609
36.47:  78.6247,-4.342954,359.8209
36.49:  78.64569,-4.096156,359.8189
36.51:  78.66748,-3.839892,359.8169
36.52:  78.68876,-3.589555,359.8169
36.54:  78.70992,-3.34067,359.8149
36.56:  78.73109,-3.091424,359.8129
36.57:  78.7524,-2.840356,359.8109
36.59:  78.77364,-2.590162,359.809
36.61:  78.79507,-2.337642,359.809
36.62:  78.81613,-2.089378,359.807
36.64:  78.83737,-1.838918,359.805
36.66:  78.85854,-1.589177,359.803
36.67:  78.8796,-1.340693,359.8011
36.69:  78.90044,-1.094704,359.7991
36.71:  78.92181,-0.8423206,359.7971
36.72:  78.92078,-0.5921992,359.7634
36.74:  78.91939,-0.3448381,359.679
36.76:  78.9164,-0.09213129,359.3221
36.77:  78.91002,0.158115,358.5406
36.79:  78.90021,0.4095456,357.7654
36.81:  78.88703,0.6597002,356.9839
36.82:  78.87054,0.9085743,356.2086
36.84:  78.85082,1.155396,355.4334
36.86:  78.82711,1.408696,354.6519
36.87:  78.80056,1.656225,353.8767
36.89:  78.77053,1.90438,353.1015
36.91:  78.73804,2.151062,352.4974
36.92:  78.70444,2.398128,352.2546
36.94:  78.67089,2.644542,352.2463
36.96:  78.63688,2.894274,352.2443
36.97:  78.60323,3.141248,352.2423
36.99:  78.56933,3.390055,352.2403
37.01:  78.53548,3.638192,352.232
37.02:  78.50176,3.88531,352.23
37.04:  78.46785,4.133762,352.2281
37.06:  78.43423,4.380043,352.2261
37.07:  78.40035,4.628129,352.2241
37.09:  78.36653,4.875712,352.2221
37.11:  78.33264,5.123765,352.2201
37.12:  78.29879,5.37149,352.2182
37.14:  78.26507,5.618162,352.2162
37.16:  78.23079,5.868851,352.2142
37.17:  78.19687,6.116665,352.2059
37.19:  78.16303,6.363848,352.2039
37.21:  78.12913,6.611418,352.2019
37.22:  78.09527,6.858588,352.1999
37.24:  78.06154,7.104727,352.198
37.26:  78.02711,7.355918,352.196
37.27:  77.99379,7.598988,352.194
37.29:  77.95993,7.845953,352.192
37.31:  77.92593,8.093855,352.19
37.32:  77.89173,8.343106,352.188
37.34:  77.85815,8.587812,352.1861
37.36:  77.82372,8.838712,352.1861
37.37:  77.78909,9.090734,352.1778
37.39:  77.75515,9.337549,352.1694
37.41:  77.72144,9.582602,352.1674
37.42:  77.68754,9.828772,352.1591
37.44:  77.65381,10.07344,352.1508
37.46:  77.6122,10.321,352.1425
37.47:  77.56555,10.56867,352.1405
37.49:  77.51611,10.81771,352.1385
37.51:  77.46796,11.06023,352.1366
37.52:  77.41877,11.30796,352.1346
37.54:  77.37028,11.5521,352.1326
37.56:  77.32098,11.80024,352.1306
37.57:  77.27255,12.04397,352.1286
37.59:  77.2233,12.29185,352.1266
37.61:  77.17696,12.53749,352.1247
37.62:  77.1282,12.78273,352.1227
37.64:  77.07983,13.02606,352.1207
37.66:  77.03301,13.2741,352.1187
37.67:  76.98491,13.51595,352.1168
37.69:  76.93569,13.76334,352.1148
37.71:  76.8867,14.00955,352.1128
37.72:  76.84032,14.2551,352.1108
37.74:  76.79195,14.49812,352.1088
37.76:  76.74249,14.74642,352.1005
37.77:  76.69576,14.99355,352.0985
37.79:  76.64917,15.23989,352.0966
37.81:  76.60028,15.48517,352.0946
37.84:  76.55384,15.73063,352.0926
37.86:  76.50525,15.97434,352.0906
37.87:  76.4584,16.22185,352.0886
37.89:  76.40927,16.46817,352.0866
37.91:  76.36015,16.71442,352.0847
37.92:  76.31357,16.96037,352.0827
37.94:  76.26486,17.20446,352.0807
37.96:  76.2187,17.44798,352.0724
37.97:  76.17403,17.69669,352.0641
37.99:  76.13004,17.94162,352.0641
38.01:  76.08566,18.1885,352.0558
38.02:  76.04346,18.43723,352.0538
38.04:  76.00884,18.68491,352.0455
38.06:  75.97463,18.92971,352.0435
38.07:  75.93975,19.17922,352.0415
38.09:  75.90534,19.42528,352.0395
38.11:  75.91078,19.3864,352.0375
38.12:  75.91078,19.3864,352.0356
38.14:  75.91078,19.3864,352.0336
38.16:  75.91078,19.3864,352.0316
38.17:  75.91078,19.3864,352.0296
38.19:  75.91078,19.3864,352.0276
38.21:  75.91078,19.3864,352.0193
38.22:  75.91078,19.3864,352.011
38.24:  75.91078,19.3864,352.0027
38.26:  75.91078,19.3864,352.0007
38.27:  75.91078,19.3864,351.9987
38.29:  75.91078,19.3864,351.9967
38.31:  75.91078,19.3864,351.9948
38.32:  75.91078,19.3864,351.9928
38.34:  75.91078,19.3864,351.9908
38.36:  75.91078,19.3864,351.9888
38.37:  75.91078,19.3864,351.9868
38.39:  75.91078,19.3864,351.9849
38.41:  75.91078,19.3864,351.9765
38.42:  75.91078,19.3864,351.9745
38.44:  75.91078,19.3864,351.9726
38.46:  75.91078,19.3864,351.9643
38.47:  75.91078,19.3864,351.9623
38.49:  75.91078,19.3864,351.9539
38.51:  75.91078,19.3864,351.9456
38.52:  75.91078,19.3864,351.9437
38.54:  75.91078,19.3864,351.9417
38.56:  75.91078,19.3864,351.9397
38.57:  75.91078,19.3864,351.9377
38.59:  75.91078,19.3864,351.9357
38.61:  75.91078,19.3864,351.9337
38.62:  75.91078,19.3864,351.9318
38.64:  75.91078,19.3864,351.9298
38.66:  75.91078,19.3864,351.9278
38.67:  75.91078,19.3864,351.9258
38.69:  75.91078,19.3864,351.9175
38.71:  75.91078,19.3864,351.9155
38.72:  75.91078,19.3864,351.9135
38.74:  75.91078,19.3864,351.9116
38.76:  75.91078,19.3864,351.9033
38.77:  75.91078,19.3864,351.9013
38.79:  75.91078,19.3864,351.8993
38.81:  75.91078,19.3864,351.8973
38.82:  75.91078,19.3864,351.8953
38.84:  75.91078,19.3864,351.8934
38.86:  75.91078,19.3864,351.8914
38.87:  75.91078,19.3864,351.8894
38.89:  75.91078,19.3864,351.8874
38.91:  75.91078,19.3864,351.8854
38.92:  75.91078,19.3864,351.8835
38.94:  75.91078,19.3864,351.8751
38.96:  75.91078,19.3864,351.8668
38.97:  75.91078,19.3864,351.8648
38.99:  75.91078,19.3864,351.8629
39.01:  75.91078,19.3864,351.8609
39.02:  75.91078,19.3864,351.8589
39.04:  75.91078,19.3864,351.8569
39.06:  75.91078,19.3864,351.8549
39.07:  75.91078,19.3864,351.8466
39.09:  75.91078,19.3864,351.8446
39.11:  75.91078,19.3864,351.8427
39.12:  75.91078,19.3864,351.8407
39.14:  75.91078,19.3864,351.8387
39.16:  75.91078,19.3864,351.8367
39.17:  75.91078,19.3864,351.8347
39.19:  75.91078,19.3864,351.8327
39.21:  75.91078,19.3864,351.8307
39.22:  75.91078,19.3864,351.8288
39.24:  75.91078,19.3864,351.8268
39.26:  75.91078,19.3864,351.8185
39.27:  75.91078,19.3864,351.8165
39.29:  75.91078,19.3864,351.8145
39.31:  75.91078,19.3864,351.8062
39.32:  75.91078,19.3864,351.8042
39.34:  75.91078,19.3864,351.8022
39.36:  75.91078,19.3864,351.8003
39.37:  75.91078,19.3864,351.7919
39.39:  75.91078,19.3864,351.7899
39.41:  75.91078,19.3864,351.788
39.42:  75.91078,19.3864,351.7797
39.44:  75.91078,19.3864,351.7777
39.46:  75.91078,19.3864,351.7757
39.47:  75.91078,19.3864,351.7737
39.49:  75.91078,19.3864,351.7717
39.51:  75.91078,19.3864,351.7697
39.52:  75.91078,19.3864,351.7678
39.54:  75.91078,19.3864,351.7658
39.56:  75.91078,19.3864,351.7638
39.57:  75.91078,19.3864,351.7618
39.59:  75.91078,19.3864,351.7599
39.61:  75.91078,19.3864,351.7579
39.62:  75.91078,19.3864,351.7559
39.64:  75.91078,19.3864,351.7539
39.66:  75.91078,19.3864,351.7456
39.67:  75.91078,19.3864,351.7436
39.69:  75.91078,19.3864,351.7416
39.71:  75.91078,19.3864,351.7397
39.72:  75.91078,19.3864,351.7313
39.74:  75.91078,19.3864,351.723
39.76:  75.91078,19.3864,351.721
39.77:  75.91078,19.3864,351.7127
39.79:  75.91078,19.3864,351.7107
39.81:  75.91078,19.3864,351.7087
39.82:  75.91078,19.3864,351.7068
39.84:  75.91078,19.3864,351.7048
39.86:  75.91078,19.3864,351.7028
39.87:  75.91078,19.3864,351.7008
39.89:  75.91078,19.3864,351.6989
39.91:  75.91078,19.3864,351.6969
39.92:  75.91078,19.3864,351.6949
39.94:  75.91078,19.3864,351.6929
39.96:  75.91078,19.3864,351.6909
39.97:  75.91078,19.3864,351.6826
39.99:  75.91078,19.3864,351.6743
40.01:  75.91078,19.3864,351.6723
40.02:  75.91078,19.3864,351.664
40.04:  75.91078,19.3864,351.6557
40.06:  75.91078,19.3864,351.6537
40.07:  75.91078,19.3864,351.6517
40.09:  75.91078,19.3864,351.6497
40.11:  75.91078,19.3864,351.6477
40.12:  75.91078,19.3864,351.6458
40.14:  75.91078,19.3864,351.6438
40.16:  75.91078,19.3864,351.6418
40.17:  75.91078,19.3864,351.6398
40.19:  75.91078,19.3864,351.6378
40.21:  75.91078,19.3864,351.6359
40.22:  75.91078,19.3864,351.6339
40.24:  75.91078,19.3864,351.6319
40.26:  75.91078,19.3864,351.6299
40.27:  75.91078,19.3864,351.6216
40.29:  75.91078,19.3864,351.6196
40.31:  75.91078,19.3864,351.6176
40.32:  75.91078,19.3864,351.6157
40.34:  75.91078,19.3864,351.6137
40.36:  75.91078,19.3864,351.6117
40.37:  75.91078,19.3864,351.6097
40.39:  75.91078,19.3864,351.6077
40.41:  75.91078,19.3864,351.6057
40.42:  75.91078,19.3864,351.6038
40.44:  75.91078,19.3864,351.6018
40.46:  75.91078,19.3864,351.5935
40.47:  75.91078,19.3864,351.5915
40.49:  75.91078,19.3864,351.5895
40.51:  75.91078,19.3864,351.5812
40.52:  75.91078,19.3864,351.5729
40.54:  75.91078,19.3864,351.5645
40.56:  75.91078,19.3864,351.5626
40.57:  75.91078,19.3864,351.5606
40.59:  75.91078,19.3864,351.5586
40.61:  75.91078,19.3864,351.5566
40.62:  75.91078,19.3864,351.5547
40.64:  75.91078,19.3864,351.5527
40.66:  75.91078,19.3864,351.5507
40.67:  75.91078,19.3864,351.5487
40.69:  75.91078,19.3864,351.5467
40.71:  75.91078,19.3864,351.5384
40.72:  75.91078,19.3864,351.5301
40.74:  75.91078,19.3864,351.5281
40.76:  75.91078,19.3864,351.5261
40.77:  75.91078,19.3864,351.5241
40.79:  75.91078,19.3864,351.5222
40.81:  75.91078,19.3864,351.5202
40.82:  75.91078,19.3864,351.5119
40.84:  75.91078,19.3864,351.5099
40.86:  75.91078,19.3864,351.5016
40.87:  75.91078,19.3864,351.4996
40.89:  75.91078,19.3864,351.4976
40.91:  75.91078,19.3864,351.4956
40.92:  75.91078,19.3864,351.4937
40.94:  75.91078,19.3864,351.4917
40.96:  75.91078,19.3864,351.4897
40.97:  75.91078,19.3864,351.4877
40.99:  75.91078,19.3864,351.4794
41.01:  75.91078,19.3864,351.4774
41.02:  75.91078,19.3864,351.4691
41.04:  75.91078,19.3864,351.4671
41.06:  75.91078,19.3864,351.4651
41.07:  75.91078,19.3864,351.4632
41.09:  75.91078,19.3864,351.4612
41.11:  75.91078,19.3864,351.4529
41.12:  75.91078,19.3864,351.4509
41.14:  75.91078,19.3864,351.4489
41.16:  75.91078,19.3864,351.4469
41.17:  75.91078,19.3864,351.4449
41.19:  75.91078,19.3864,351.443
41.21:  75.91078,19.3864,351.441
41.22:  75.91078,19.3864,351.4326
41.24:  75.91078,19.3864,351.4307
41.26:  75.91078,19.3864,351.4224
41.27:  75.91078,19.3864,351.414
41.29:  75.91078,19.3864,351.412
41.31:  75.91078,19.3864,351.4101
41.32:  75.91078,19.3864,351.4081
41.34:  75.91078,19.3864,351.4061
41.36:  75.91078,19.3864,351.4041
41.37:  75.91078,19.3864,351.4022
41.39:  75.91078,19.3864,351.4002
41.41:  75.91078,19.3864,351.3982
41.42:  75.91078,19.3864,351.3962
41.44:  75.91078,19.3864,351.3942
41.46:  75.91078,19.3864,351.3922
41.47:  75.91078,19.3864,351.3903
41.49:  75.91078,19.3864,351.382
41.51:  75.91078,19.3864,351.3736
41.52:  75.91078,19.3864,351.3653
41.54:  75.91078,19.3864,351.3633
41.56:  75.91078,19.3864,351.3614
41.57:  75.91078,19.3864,351.3594
41.59:  75.91078,19.3864,351.351
41.61:  75.91078,19.3864,351.3491
41.62:  75.91078,19.3864,351.3471
41.64:  75.91078,19.3864,351.3451
41.66:  75.91078,19.3864,351.3451
41.67:  75.91078,19.3864,351.3431
41.69:  75.91078,19.3864,351.3412
41.71:  75.91078,19.3864,351.3392
41.72:  75.91078,19.3864,351.3372
41.74:  75.91078,19.3864,351.3352
41.76:  75.91078,19.3864,351.3269
41.77:  75.91078,19.3864,351.3249
41.79:  75.91078,19.3864,351.3166
41.81:  75.91078,19.3864,351.3146
41.82:  75.91078,19.3864,351.3126
41.84:  75.91078,19.3864,351.3106
41.86:  75.91078,19.3864,351.3087
41.87:  75.91078,19.3864,351.3067
41.89:  75.91078,19.3864,351.3047
41.91:  75.91078,19.3864,351.2964
41.92:  75.91078,19.3864,351.2944
41.94:  75.91078,19.3864,351.2924
41.96:  75.91078,19.3864,351.2904
41.97:  75.91078,19.3864,351.2885
41.99:  75.91078,19.3864,351.2865
42.01:  75.91078,19.3864,351.2782
42.02:  75.91078,19.3864,351.2698
42.04:  75.91078,19.3864,351.2679
42.06:  75.91078,19.3864,351.2659
42.07:  75.91078,19.3864,351.2576
42.09:  75.91078,19.3864,351.2556
42.11:  75.91078,19.3864,351.2536
42.12:  75.91078,19.3864,351.2453
42.14:  75.91078,19.3864,351.237
42.16:  75.91078,19.3864,351.235
42.17:  75.91078,19.3864,351.233
42.19:  75.91078,19.3864,351.231
42.21:  75.91078,19.3864,351.2227
42.22:  75.91078,19.3864,351.2144
42.24:  75.91078,19.3864,351.2124
42.26:  75.91078,19.3864,351.2104
42.27:  75.91078,19.3864,351.2084
42.29:  75.91078,19.3864,351.2065
42.31:  75.91078,19.3864,351.2045
42.32:  75.91078,19.3864,351.1962
42.34:  75.91078,19.3864,351.1942
42.36:  75.91078,19.3864,351.1922
42.37:  75.91078,19.3864,351.1902
42.39:  75.91078,19.3864,351.1882
42.41:  75.91078,19.3864,351.1863
42.42:  75.91078,19.3864,351.1843
42.44:  75.91078,19.3864,351.1823
42.46:  75.91078,19.3864,351.1803
42.47:  75.91078,19.3864,351.1783
42.49:  75.91078,19.3864,351.1764
42.51:  75.91078,19.3864,351.168
42.52:  75.91078,19.3864,351.1597
42.54:  75.91078,19.3864,351.1514
42.56:  75.91078,19.3864,351.1431
42.57:  75.91078,19.3864,351.1411
42.59:  75.91078,19.3864,351.1328
42.61:  75.91078,19.3864,351.1308
42.62:  75.91078,19.3864,351.1225
42.64:  75.91078,19.3864,351.1205
42.66:  75.91078,19.3864,351.1185
42.67:  75.91078,19.3864,351.1165
42.69:  75.91078,19.3864,351.1146
42.71:  75.91078,19.3864,351.1126
42.72:  75.91078,19.3864,351.1106
42.74:  75.91078,19.3864,351.1086
42.76:  75.91078,19.3864,351.1067
42.77:  75.91078,19.3864,351.1047
42.79:  75.91078,19.3864,351.0963
42.81:  75.91078,19.3864,351.0944
42.82:  75.91078,19.3864,351.0924
42.84:  75.91078,19.3864,351.0904
42.86:  75.91078,19.3864,351.0884
42.87:  75.91078,19.3864,351.0801
42.89:  75.91078,19.3864,351.0781
42.91:  75.91078,19.3864,351.0761
42.92:  75.91078,19.3864,351.0678
42.94:  75.91078,19.3864,351.0658
42.96:  75.91078,19.3864,351.0639
42.97:  75.91078,19.3864,351.0619
42.99:  75.91078,19.3864,351.0599
43.01:  75.91078,19.3864,351.0579
