ParticipantNo: 12018
Controller type: Gamepad
Training Level:
0.02:  82.7,18.5,270
0.04:  82.7,18.5,270
0.06:  82.7,18.5,269.979
0.08:  82.7,18.5,269.958
0.1:  82.7,18.5,269.937
0.11:  82.7,18.5,269.9097
0.13:  82.7,18.5,269.8824
0.15:  82.7,18.5,269.8614
0.16:  82.7,18.5,269.8404
0.18:  82.7,18.5,269.813
0.2:  82.7,18.5,269.7921
0.21:  82.7,18.5,269.7711
0.23:  82.7,18.5,269.7437
0.25:  82.7,18.5,269.7164
0.26:  82.7,18.5,269.6954
0.28:  82.7,18.5,269.6681
0.3:  82.7,18.5,269.6407
0.31:  82.7,18.5,269.6134
0.33:  82.7,18.5,269.5861
0.35:  82.7,18.5,269.5587
0.36:  82.7,18.5,269.5377
0.38:  82.7,18.5,269.5104
0.4:  82.7,18.5,269.4831
0.41:  82.7,18.5,269.4557
0.43:  82.7,18.5,269.4284
0.45:  82.7,18.5,269.4011
0.46:  82.7,18.5,269.3737
0.48:  82.7,18.5,269.3528
0.5:  82.7,18.5,269.3318
0.51:  82.7,18.5,269.3044
0.53:  82.7,18.5,269.2834
0.55:  82.7,18.5,269.2561
0.56:  82.7,18.5,269.2288
0.58:  82.7,18.5,269.2014
0.6:  82.7,18.5,269.1805
0.61:  82.7,18.5,269.1595
0.63:  82.7,18.5,269.1321
0.65:  82.7,18.5,269.1111
0.66:  82.7,18.5,269.0838
0.68:  82.7,18.5,269.0565
0.7:  82.7,18.5,269.0291
0.71:  82.7,18.5,269.0081
0.73:  82.7,18.5,268.9808
0.75:  82.7,18.5,268.9598
0.76:  82.7,18.5,268.9325
0.78:  82.7,18.5,268.9115
0.8:  82.7,18.5,268.8841
0.81:  82.7,18.5,268.8631
0.83:  82.7,18.5,268.8358
0.85:  82.7,18.5,268.8085
0.86:  82.7,18.5,268.7811
0.88:  82.7,18.5,268.7602
0.9:  82.7,18.5,268.7328
0.91:  82.7,18.5,268.7055
0.93:  82.7,18.5,268.6845
0.95:  82.7,18.5,268.6572
0.96:  82.7,18.5,268.6362
0.98:  82.7,18.5,268.6088
1:  82.7,18.5,268.5815
1.01:  82.7,18.5,268.5605
1.03:  82.7,18.5,268.5395
1.05:  82.7,18.5,268.5122
1.06:  82.7,18.5,268.4849
1.08:  82.7,18.5,268.4575
1.1:  82.7,18.5,268.4302
1.11:  82.7,18.5,268.4029
1.13:  82.7,18.5,268.3755
1.15:  82.7,18.5,268.3545
1.16:  82.7,18.5,268.3335
1.18:  82.7,18.5,268.3062
1.2:  82.7,18.5,268.2852
1.21:  82.7,18.5,268.2579
1.23:  82.7,18.5,268.2305
1.25:  82.7,18.5,268.2032
1.26:  82.7,18.5,268.1759
1.28:  82.7,18.5,268.1486
1.3:  82.7,18.5,268.1212
1.31:  82.7,18.5,268.1002
1.33:  82.7,18.5,268.0729
1.35:  82.7,18.5,268.0519
1.36:  82.7,18.5,268.0309
1.38:  82.7,18.5,268.0036
1.4:  82.7,18.5,267.9762
1.41:  82.7,18.5,267.9489
1.43:  82.7,18.5,267.9279
1.45:  82.7,18.5,267.9006
1.46:  82.7,18.5,267.8732
1.48:  82.7,18.5,267.8459
1.5:  82.7,18.5,267.8186
1.51:  82.7,18.5,267.7913
1.53:  82.7,18.5,267.7639
1.55:  82.7,18.5,267.7366
1.56:  82.7,18.5,267.7156
1.58:  82.7,18.5,267.6883
1.6:  82.7,18.5,267.6609
1.61:  82.7,18.5,267.6399
1.63:  82.7,18.5,267.6126
1.65:  82.7,18.5,267.5916
1.66:  82.7,18.5,267.5643
1.68:  82.7,18.5,267.5369
1.7:  82.7,18.5,267.5159
1.71:  82.7,18.5,267.4886
1.73:  82.7,18.5,267.4613
1.75:  82.7,18.5,267.434
1.76:  82.7,18.5,267.413
1.78:  82.7,18.5,267.392
1.8:  82.7,18.5,267.371
1.81:  82.7,18.5,267.3373
1.83:  82.7,18.5,267.3163
1.85:  82.7,18.5,267.289
1.86:  82.7,18.5,267.2616
1.88:  82.7,18.5,267.2343
1.9:  82.7,18.5,267.2133
1.91:  82.7,18.5,267.1923
1.93:  82.7,18.5,267.165
1.95:  82.7,18.5,267.144
1.96:  82.7,18.5,267.123
1.98:  82.7,18.5,267.0957
2:  82.7,18.5,267.0683
2.01:  82.7,18.5,267.041
2.03:  82.7,18.5,267.0137
2.05:  82.7,18.5,266.9863
2.06:  82.7,18.5,266.9653
2.08:  82.7,18.5,266.9443
2.1:  82.7,18.5,266.9233
2.11:  82.7,18.5,266.9023
2.13:  82.7,18.5,266.875
2.15:  82.7,18.5,266.854
2.16:  82.7,18.5,266.8267
2.18:  82.7,18.5,266.7994
2.2:  82.7,18.5,266.7784
2.21:  82.7,18.5,266.7574
2.23:  82.7,18.5,266.7364
2.25:  82.7,18.5,266.709
2.26:  82.7,18.5,266.6817
2.28:  82.7,18.5,266.6544
2.3:  82.7,18.5,266.6271
2.31:  82.7,18.5,266.5997
2.33:  82.7,18.5,266.5724
2.35:  82.7,18.5,266.545
2.36:  82.7,18.5,266.524
2.38:  82.7,18.5,266.4967
2.4:  82.7,18.5,266.4694
2.41:  82.7,18.5,266.4421
2.43:  82.7,18.5,266.4147
2.45:  82.7,18.5,266.3874
2.46:  82.7,18.5,266.3601
2.48:  82.7,18.5,266.3328
2.5:  82.7,18.5,266.3054
2.51:  82.7,18.5,266.2781
2.53:  82.7,18.5,266.2507
2.55:  82.7,18.5,266.2298
2.56:  82.7,18.5,266.2024
2.58:  82.7,18.5,266.1751
2.6:  82.7,18.5,266.1541
2.61:  82.7,18.5,266.1331
2.63:  82.7,18.5,266.1121
2.65:  82.7,18.5,266.0848
2.66:  82.7,18.5,266.0574
2.68:  82.7,18.5,266.0301
2.7:  82.7,18.5,266.0028
2.71:  82.7,18.5,265.9818
2.73:  82.7,18.5,265.9608
2.75:  82.7,18.5,265.9335
2.76:  82.7,18.5,265.9125
2.78:  82.7,18.5,265.8851
2.8:  82.7,18.5,265.8578
2.81:  82.7,18.5,265.8368
2.83:  82.7,18.5,265.8158
2.85:  82.7,18.5,265.7885
2.86:  82.7,18.5,265.7611
2.88:  82.7,18.5,265.7338
2.9:  82.7,18.5,265.7065
2.91:  82.7,18.5,265.6855
2.93:  82.7,18.5,265.6645
2.95:  82.7,18.5,265.6372
2.96:  82.7,18.5,265.6098
2.98:  82.7,18.5,265.5825
3:  82.7,18.5,265.5552
3.01:  82.7,18.5,265.5278
3.03:  82.7,18.5,265.5068
3.05:  82.7,18.5,265.4858
3.06:  82.7,18.5,265.4585
3.08:  82.7,18.5,265.4312
3.1:  82.7,18.5,265.4038
3.11:  82.7,18.5,265.3765
3.13:  82.7,18.5,265.3555
3.15:  82.7,18.5,265.3282
3.16:  82.7,18.5,265.3008
3.18:  82.7,18.5,265.2798
3.2:  82.7,18.5,265.2525
3.21:  82.7,18.5,265.2315
3.23:  82.7,18.5,265.2105
3.25:  82.7,18.5,265.1832
3.26:  82.7,18.5,265.1559
3.28:  82.7,18.5,265.1285
3.3:  82.7,18.5,265.1075
3.31:  82.7,18.5,265.0865
3.33:  82.7,18.5,265.0656
3.35:  82.7,18.5,265.0446
3.36:  82.7,18.5,265.0236
3.38:  82.7,18.5,264.9962
3.4:  82.7,18.5,264.9689
3.41:  82.7,18.5,264.9479
3.43:  82.7,18.5,264.9206
3.45:  82.7,18.5,264.8932
3.46:  82.7,18.5,264.8659
3.48:  82.7,18.5,264.8386
3.5:  82.7,18.5,264.8112
3.51:  82.7,18.5,264.7839
3.53:  82.7,18.5,264.7566
3.55:  82.7,18.5,264.7292
3.56:  82.7,18.5,264.7083
3.58:  82.7,18.5,264.6809
3.6:  82.7,18.5,264.6536
3.61:  82.7,18.5,264.6263
3.63:  82.7,18.5,264.5989
3.65:  82.7,18.5,264.5716
3.66:  82.7,18.5,264.5443
3.68:  82.7,18.5,264.5169
3.7:  82.7,18.5,264.4959
3.71:  82.7,18.5,264.4686
3.73:  82.7,18.5,264.4413
3.75:  82.7,18.5,264.4139
3.76:  82.7,18.5,264.3866
3.78:  82.7,18.5,264.3593
3.8:  82.7,18.5,264.3383
3.81:  82.7,18.5,264.3109
3.83:  82.7,18.5,264.2899
3.85:  82.7,18.5,264.269
3.86:  82.7,18.5,264.248
3.88:  82.7,18.5,264.2206
3.9:  82.7,18.5,264.1996
3.91:  82.7,18.5,264.1723
3.93:  82.7,18.5,264.145
3.95:  82.7,18.5,264.1176
3.96:  82.7,18.5,264.0966
3.98:  82.7,18.5,264.0757
4:  82.7,18.5,264.0483
4.01:  82.7,18.5,264.021
4.03:  82.7,18.5,263.9937
