ParticipantNo: 11014
Controller type: Keyboard and Mouse
Training Level Timed:
0.02:  82.7,18.5,270
0.03:  82.7,18.5,270
0.05:  82.7,18.5,271.4
0.07:  82.7,18.5,272
0.09:  82.7,18.5,274
0.1:  82.7,18.5,276.2
0.12:  82.7,18.5,278.5
0.13:  82.7,18.5,280.3
0.15:  82.7,18.5,281.8
0.17:  82.7,18.5,282.6
0.18:  82.7,18.5,282.9
0.2:  82.7,18.5,282.9
0.22:  82.7,18.5,282.9
0.23:  82.7,18.5,282.9
0.25:  82.7,18.5,282.7
0.27:  82.7,18.5,282.3
0.28:  82.7,18.5,281.6
0.3:  82.7,18.5,280.2
0.32:  82.7,18.5,278.6
0.34:  82.7,18.5,277.4
0.35:  82.7,18.5,275.1
0.37:  82.7,18.5,273
0.38:  82.7,18.5,271.3
0.4:  82.7,18.5,268.7
0.42:  82.7,18.5,267.4
0.44:  82.7,18.5,266.3
0.45:  82.7,18.5,265.2
0.47:  82.7,18.5,264.7
0.49:  82.7,18.5,264.3
0.5:  82.7,18.5,264.1
0.52:  82.7,18.5,264.1
0.54:  82.7,18.5,264.1
0.55:  82.7,18.5,264.1
0.57:  82.7,18.5,264.1
0.58:  82.7,18.5,264.1
0.6:  82.7,18.5,264.1
0.62:  82.7,18.5,264.1
0.63:  82.7,18.5,264.1
0.65:  82.7,18.5,264.1
0.67:  82.7,18.5,264.1
0.68:  82.7,18.5,264
0.7:  82.7,18.5,263.7
0.72:  82.7,18.5,263.7
0.73:  82.7,18.5,263.7
0.75:  82.7,18.5,263.7
0.77:  82.7,18.5,263.7
0.79:  82.7,18.5,263.7
0.8:  82.7,18.5,263.7
0.82:  82.7,18.5,263.7
0.83:  82.7,18.5,263.7
0.85:  82.7,18.5,263.7
0.87:  82.7,18.5,263.7
0.88:  82.7,18.5,263.8
0.9:  82.7,18.5,264.3
0.92:  82.7,18.5,265.2
0.93:  82.7,18.5,265.4
0.95:  82.7,18.5,265.4
0.97:  82.7,18.5,265.4
0.98:  82.7,18.5,265.4
1:  82.7,18.5,265.4
1.02:  82.7,18.5,265.4
1.04:  82.7,18.5,265.4
1.05:  82.7,18.5,265.4
1.07:  82.7,18.5,265.4
1.08:  82.7,18.5,265.4
1.1:  82.7,18.5,265.4
1.12:  82.7,18.5,265.4
1.13:  82.7,18.5,265.4
1.15:  82.7,18.5,265.4
1.17:  82.7,18.5,265.4
1.18:  82.7,18.5,265.5
1.2:  82.7,18.5,265.5
1.22:  82.7,18.5,265.5
1.23:  82.7,18.5,265.5
1.25:  82.7,18.5,265.5
1.27:  82.7,18.5,265.5
1.28:  82.7,18.5,265.5
1.3:  82.7,18.5,265.5
1.32:  82.7,18.5,265.5
1.33:  82.7,18.5,265.5
1.35:  82.7,18.5,265.5
1.37:  82.7,18.5,265.5
1.38:  82.7,18.5,265.5
1.4:  82.7,18.5,265.5
1.42:  82.7,18.5,265.5
1.43:  82.7,18.5,265.5
1.45:  82.7,18.5,265.5
1.47:  82.7,18.5,265.5
1.48:  82.7,18.5,265.5
1.5:  82.7,18.5,265.5
1.52:  82.7,18.5,265.5
1.53:  82.7,18.5,265.5
1.55:  82.7,18.5,265.5
1.57:  82.7,18.5,265.5
1.58:  82.7,18.5,265.5
1.6:  82.7,18.5,265.5
1.62:  82.7,18.5,265.5
1.63:  82.7,18.5,265.5
1.65:  82.7,18.5,265.5
1.67:  82.7,18.5,265.5
1.68:  82.7,18.5,265.5
1.7:  82.7,18.5,265.5
1.72:  82.7,18.5,265.5
1.73:  82.7,18.5,265.5
1.75:  82.7,18.5,265.5
1.77:  82.7,18.5,265.5
1.78:  82.7,18.5,265.5
1.8:  82.7,18.5,265.5
1.82:  82.7,18.5,265.5
1.83:  82.7,18.5,265.5
1.85:  82.7,18.5,265.5
1.87:  82.7,18.5,265.5
1.88:  82.7,18.5,265.5
1.9:  82.7,18.5,265.5
1.92:  82.7,18.5,265.5
1.93:  82.7,18.5,265.5
1.95:  82.7,18.5,265.5
1.97:  82.7,18.5,265.5
1.98:  82.7,18.5,265.5
2:  82.7,18.5,265.5
2.02:  82.7,18.5,265.5
2.04:  82.7,18.5,265.5
2.05:  82.7,18.5,265.5
2.07:  82.7,18.5,265.5
2.08:  82.7,18.5,265.5
2.1:  82.7,18.5,265.5
2.12:  82.7,18.5,265.5
2.13:  82.7,18.5,265.5
2.15:  82.7,18.5,265.5
2.17:  82.7,18.5,265.5
2.18:  82.7,18.5,265.5
2.2:  82.7,18.5,265.5
2.22:  82.7,18.5,265.5
2.23:  82.7,18.5,265.5
2.25:  82.7,18.5,265.5
2.27:  82.7,18.5,265.5
2.28:  82.7,18.5,265.5
2.3:  82.7,18.5,265.5
2.32:  82.7,18.5,265.5
2.33:  82.7,18.5,265.5
2.35:  82.7,18.5,265.5
2.37:  82.7,18.5,265.5
2.38:  82.7,18.5,265.5
2.4:  82.7,18.5,265.5
2.42:  82.7,18.5,265.5
2.43:  82.7,18.5,265.5
2.45:  82.7,18.5,265.5
2.47:  82.7,18.5,265.5
2.48:  82.7,18.5,265.5
2.5:  82.7,18.5,265.5
2.52:  82.7,18.5,265.5
2.54:  82.7,18.5,265.5
2.55:  82.7,18.5,265.5
2.57:  82.7,18.5,265.5
2.58:  82.7,18.5,265.5
2.6:  82.7,18.5,265.5
2.62:  82.7,18.5,265.5
2.63:  82.7,18.5,265.5
2.65:  82.7,18.5,265.5
2.67:  82.7,18.5,265.5
2.68:  82.7,18.5,265.5
2.7:  82.7,18.5,265.5
2.72:  82.7,18.5,265.5
2.73:  82.7,18.5,265.5
2.75:  82.7,18.5,265.5
2.77:  82.7,18.5,265.5
2.78:  82.7,18.5,265.5
2.8:  82.7,18.5,265.5
2.84:  82.7,18.5,265.5
2.85:  82.7,18.5,265.5
2.87:  82.7,18.5,265.5
2.88:  82.7,18.5,265.5
2.9:  82.7,18.5,265.5
2.92:  82.7,18.5,265.5
2.93:  82.7,18.5,265.5
2.95:  82.7,18.5,265.5
2.97:  82.7,18.5,265.5
2.98:  82.7,18.5,265.5
3:  82.7,18.5,265.5
3.02:  82.7,18.5,265.5
3.03:  82.7,18.5,265.5
3.05:  82.7,18.5,265.5
3.07:  82.7,18.5,265.5
3.08:  82.7,18.5,265.5
3.1:  82.7,18.5,265.5
3.12:  82.7,18.5,265.5
3.13:  82.7,18.5,265.5
3.15:  82.7,18.5,265.5
3.17:  82.7,18.5,265.5
3.18:  82.7,18.5,265.5
3.2:  82.7,18.5,265.5
3.22:  82.7,18.5,265.5
3.23:  82.7,18.5,265.5
3.25:  82.7,18.5,265.5
3.27:  82.7,18.5,266.7
3.28:  82.7,18.5,269
3.3:  82.7,18.5,270.3
3.32:  82.7,18.5,270.3
3.33:  82.7,18.5,269.2
3.35:  82.7,18.5,267.5
3.37:  82.7,18.5,265.1
3.38:  82.7,18.5,264.2
3.4:  82.7,18.5,263.3
3.42:  82.7,18.5,262.7
3.43:  82.7,18.5,262.6
3.45:  82.7,18.5,262.6
3.47:  82.7,18.5,263.1
3.48:  82.7,18.5,263.7
3.5:  82.7,18.5,264.3
3.52:  82.7,18.5,265
3.53:  82.7,18.5,265.6
3.55:  82.7,18.5,266.2
3.57:  82.7,18.5,266.4
3.58:  82.7,18.5,266.4
3.6:  82.7,18.5,266.4
3.62:  82.7,18.5,266.4
3.63:  82.7,18.5,266.4
3.65:  82.7,18.5,266.4
3.67:  82.7,18.5,266.4
3.68:  82.7,18.5,266.4
3.7:  82.7,18.5,266.4
3.72:  82.7,18.5,266.4
3.73:  82.7,18.5,266.4
3.75:  82.7,18.5,266.7
3.77:  82.7,18.5,267.1
3.78:  82.7,18.5,267.4
3.8:  82.7,18.5,267.5
3.82:  82.7,18.5,267.6
3.83:  82.7,18.5,267.6
3.85:  82.7,18.5,267.6
3.87:  82.7,18.5,267.6
3.88:  82.7,18.5,267.6
3.9:  82.7,18.5,267.6
3.92:  82.7,18.5,267.6
3.93:  82.7,18.5,267.6
3.95:  82.7,18.5,267.6
3.97:  82.7,18.5,267.8
3.98:  82.7,18.5,268
4:  82.7,18.5,268.2
4.02:  82.7,18.5,268.3
4.03:  82.7,18.5,268.3
4.05:  82.7,18.5,268.3
4.07:  82.7,18.5,268.2
4.08:  82.7,18.5,268.1
4.1:  82.7,18.5,267.8
4.12:  82.7,18.5,267.4
4.13:  82.7,18.5,267.2
4.15:  82.7,18.5,267.1
4.17:  82.7,18.5,267.1
4.18:  82.7,18.5,267.1
4.2:  82.7,18.5,267.1
4.22:  82.7,18.5,267.1
4.23:  82.7,18.5,267.1
4.25:  82.7,18.5,267.1
4.27:  82.7,18.5,267.1
4.28:  82.7,18.5,267.1
4.3:  82.7,18.5,267.1
4.32:  82.7,18.5,267.1
4.33:  82.7,18.5,267.2
4.35:  82.7,18.5,267.2
4.37:  82.7,18.5,267.3
4.38:  82.7,18.5,267.3
4.4:  82.7,18.5,267.3
4.42:  82.7,18.5,267.3
4.44:  82.7,18.5,267.3
4.45:  82.7,18.5,267
4.47:  82.7,18.5,266.6
4.48:  82.7,18.5,266.2
4.5:  82.7,18.5,265.9
4.52:  82.7,18.5,265.7
4.53:  82.7,18.5,265.6
4.55:  82.7,18.5,265.4
4.57:  82.7,18.5,265.1
4.58:  82.7,18.5,264.9
4.6:  82.7,18.5,264.7
4.62:  82.7,18.5,264.6
4.63:  82.7,18.5,264.5
4.65:  82.7,18.5,264.3
4.67:  82.7,18.5,264.1
4.68:  82.7,18.5,264
4.7:  82.7,18.5,263.9
4.72:  82.7,18.5,263.7
4.73:  82.7,18.5,263.4
4.75:  82.7,18.5,263.3
4.77:  82.7,18.5,263.3
4.78:  82.7,18.5,263.3
4.8:  82.7,18.5,263.3
4.82:  82.7,18.5,263.3
4.83:  82.7,18.5,263.3
4.85:  82.7,18.5,263.3
4.87:  82.68661,18.49843,263.3
4.89:  82.6622,18.49556,263.3
4.9:  82.62421,18.4911,263.3
4.92:  82.57532,18.48535,263.3
4.93:  82.51285,18.47802,263.3
4.95:  82.43845,18.46927,263.3
4.97:  82.35155,18.45922,263.4
4.98:  82.25184,18.44786,263.5
5:  82.14219,18.43556,263.6
5.02:  82.01765,18.42159,263.6
5.03:  81.8805,18.40645,263.7
5.05:  81.732,18.39058,263.9
5.07:  81.56326,18.37344,264.2
5.08:  81.3941,18.35685,264.4
5.1:  81.20786,18.33892,264.5
5.12:  81.00828,18.32041,264.7
5.14:  80.79626,18.30148,264.9
5.15:  80.56342,18.28193,265.2
5.17:  80.33007,18.26357,265.5
5.18:  80.08339,18.24632,266
5.2:  79.83616,18.23076,266.4
5.22:  79.58743,18.21816,267.1
5.23:  79.33681,18.20853,267.8
5.25:  79.08826,18.20116,268.3
5.27:  78.84128,18.19555,268.7
5.28:  78.58652,18.19022,268.8
5.3:  78.33724,18.185,268.8
5.32:  78.08662,18.17931,268.7
5.33:  77.83831,18.17281,268.5
5.35:  77.58652,18.16577,268.4
5.37:  77.33653,18.15879,268.4
5.38:  77.09027,18.15148,268.3
5.4:  76.83899,18.14446,268.4
5.42:  76.58823,18.13921,268.8
5.43:  76.33913,18.1353,269.1
5.45:  76.08719,18.13266,269.4
5.47:  75.83868,18.13092,269.6
5.48:  75.59057,18.12962,269.7
5.5:  75.33895,18.12831,269.7
5.52:  75.08688,18.12699,269.7
5.53:  74.83712,18.12568,269.7
5.55:  74.58818,18.12437,269.7
5.57:  74.33677,18.12306,269.7
5.59:  74.08961,18.12219,269.8
5.6:  73.82841,18.12447,270.5
5.62:  73.58415,18.13002,271.3
5.63:  73.33662,18.13996,272.3
5.65:  73.08732,18.15433,273.3
5.67:  72.84091,18.17286,274.3
5.68:  72.59431,18.19661,275.5
5.7:  72.3427,18.22483,276.4
5.72:  72.09605,18.25686,277.4
5.73:  71.84491,18.29216,278
5.75:  71.5994,18.32885,278.5
5.77:  71.35228,18.36711,278.8
5.79:  71.10413,18.40597,278.9
5.8:  70.84621,18.44636,278.9
5.82:  70.61099,18.48319,278.9
5.84:  70.36297,18.52203,278.9
5.85:  70.10743,18.56205,278.9
5.87:  69.86428,18.60012,278.9
5.88:  69.62333,18.63785,278.9
5.9:  69.37635,18.67653,278.9
5.92:  69.12934,18.71521,278.9
5.93:  68.88177,18.75353,278.8
5.95:  68.63378,18.79148,278.7
5.97:  68.38808,18.82908,278.7
5.98:  68.13926,18.86671,278.6
6:  67.89346,18.90301,278.4
6.02:  67.64584,18.93869,278.2
6.03:  67.40086,18.97356,278.1
6.05:  67.15051,19.00919,278.1
6.07:  66.90551,19.04362,278
6.08:  66.65652,19.07861,278
6.1:  66.40894,19.11341,278
6.12:  66.16325,19.14794,278
6.13:  65.91443,19.18291,278
6.15:  65.66576,19.21786,278
6.17:  65.4205,19.25232,278
6.18:  65.16928,19.28763,278
6.2:  64.92475,19.322,278
6.22:  64.67793,19.35669,278
6.23:  64.42861,19.39172,278
6.25:  64.18121,19.42649,278
6.27:  63.93259,19.46144,278
6.28:  63.68649,19.49602,278
6.3:  63.43824,19.53091,278
6.32:  63.19303,19.56537,278
6.33:  62.94324,19.60048,278
6.35:  62.69565,19.63527,278
6.37:  62.44854,19.67001,278
6.38:  62.20021,19.70491,278
6.4:  61.95592,19.73924,278
6.42:  61.70549,19.77443,278
6.43:  61.45755,19.80928,278
6.45:  61.21233,19.84374,278
6.47:  60.96191,19.87894,278
6.48:  60.71692,19.91337,278
6.5:  60.46799,19.94835,278
6.52:  60.21945,19.98328,278
6.53:  59.97261,20.01797,278
6.55:  59.7248,20.0528,278
6.57:  59.47836,20.08744,278
6.58:  59.23044,20.12228,278
6.6:  58.98188,20.15721,278
6.62:  58.73438,20.192,278
6.63:  58.48635,20.22685,278
6.65:  58.24112,20.26132,278
6.67:  57.99209,20.29632,278
6.68:  57.74418,20.33116,278
6.7:  57.49567,20.36609,278
6.72:  57.24869,20.40079,278
6.73:  57.00135,20.43556,278
6.75:  56.75677,20.46993,278
6.77:  56.50494,20.50532,278
6.78:  56.2597,20.53979,278
6.8:  56.009,20.57502,278
6.82:  55.7663,20.60913,278
6.83:  55.51669,20.64421,278
6.85:  55.26891,20.67904,278
6.87:  55.01055,20.71535,278
6.89:  54.76884,20.74932,278
6.9:  54.52215,20.78399,278
6.92:  54.27795,20.81831,278
6.94:  54.02976,20.8523,277.8
6.95:  53.7702,20.87775,275.6
6.97:  53.52622,20.88969,272.8
6.98:  53.27969,20.88409,268.7
7:  53.03312,20.85425,263.1
7.02:  52.78992,20.79989,257.4
7.03:  52.5526,20.71725,250.8
7.05:  52.329,20.60625,243.6
7.07:  52.12984,20.46102,233.9
7.08:  51.94149,20.29379,228.4
7.1:  51.76532,20.11578,224.7
7.12:  51.59541,19.92839,222.2
7.13:  51.43452,19.74001,220.5
7.15:  51.27597,19.5463,219.3
7.17:  51.12329,19.34946,217.8
7.18:  50.97266,19.14957,217
7.2:  50.82364,18.94819,216.5
7.22:  50.67834,18.74746,215.9
7.23:  50.53197,18.54301,215.6
7.25:  50.38728,18.33866,215.3
7.27:  50.24471,18.13505,215
7.28:  50.10169,17.9285,214.7
7.3:  49.95979,17.72126,214.4
7.32:  49.81975,17.5152,214.2
7.33:  49.67224,17.2965,214
7.35:  49.54067,17.09997,213.8
7.37:  49.39438,16.88062,213.7
7.38:  49.26345,16.68356,213.6
7.4:  49.12545,16.47507,213.5
7.42:  48.9884,16.26642,213.3
7.43:  48.852,16.05557,212.9
7.45:  48.71984,15.84408,212
7.47:  48.59237,15.63192,211
7.48:  48.46667,15.41245,209.8
7.5:  48.34888,15.19368,208.3
7.52:  48.23432,14.97455,207.6
7.53:  48.11835,14.74792,207.1
7.55:  48.0059,14.52724,207
7.57:  47.89281,14.30528,207
7.58:  47.77797,14.07989,207
7.6:  47.66519,13.85855,207
7.62:  47.55132,13.63507,207
7.63:  47.43841,13.41347,207
7.65:  47.32466,13.19022,207
7.67:  47.21151,12.96815,207
7.68:  47.09436,12.73822,207
7.7:  46.98313,12.51994,207
7.72:  46.8692,12.29632,207
7.73:  46.75634,12.07483,207
7.75:  46.64349,11.85334,207
7.77:  46.5297,11.63002,207
7.78:  46.41776,11.40648,206.6
7.8:  46.30915,11.18576,206.2
7.82:  46.2009,10.95778,205.4
7.83:  46.09508,10.72877,204.8
7.85:  45.99222,10.50201,204.4
7.87:  45.88974,10.27292,204.1
7.88:  45.78588,10.03966,204
7.9:  45.68664,9.815694,203.9
7.92:  45.58677,9.589265,203.8
7.93:  45.4854,9.359445,203.8
7.95:  45.38475,9.130153,203.7
7.97:  45.28479,8.902417,203.7
7.98:  45.18434,8.673587,203.7
8:  45.08371,8.444342,203.7
8.02:  44.98309,8.215132,203.7
8.03:  44.88245,7.985881,203.7
8.05:  44.7824,7.757953,203.7
8.07:  44.68304,7.531593,203.7
8.09:  44.58146,7.30019,203.7
8.1:  44.47666,7.06146,203.7
8.12:  44.37833,6.837447,203.7
8.13:  44.27873,6.610552,203.7
8.15:  44.17853,6.381207,203.6
8.17:  44.07941,6.152146,203.4
8.19:  43.98184,5.92229,203
8.2:  43.88289,5.683407,202.5
8.22:  43.78903,5.453411,202.2
8.23:  43.69928,5.226726,201.6
8.25:  43.60904,4.994069,201.2
8.27:  43.52081,4.761797,200.8
8.28:  43.43316,4.526134,200.4
8.3:  43.34828,4.292914,200
8.32:  43.26448,4.056278,199.5
8.33:  43.18089,3.812144,198.9
8.35:  43.10434,3.583355,198.5
8.37:  43.02407,3.342059,198.4
8.38:  42.94731,3.109958,198.3
8.4:  42.86845,2.870082,198.2
8.42:  42.79136,2.634252,198.1
8.43:  42.7146,2.393726,197.7
8.45:  42.64377,2.159125,196.8
8.47:  42.57289,1.911916,196
8.48:  42.50829,1.67249,195.1
8.5:  42.4487,1.435289,194.1
8.52:  42.38946,1.182701,193.2
8.53:  42.33629,0.9448286,192.6
8.55:  42.28445,0.7009382,192
8.57:  42.2349,0.4412019,190.8
8.58:  42.1941,0.2121705,190.1
8.6:  42.15304,-0.03859106,189.3
8.62:  42.11494,-0.296579,188.4
8.64:  42.08605,-0.5353277,186.9
8.65:  42.06394,-0.7880782,185
8.67:  42.04711,-1.034917,183.9
8.68:  42.03486,-1.285334,182.8
8.7:  42.02672,-1.53089,181.9
8.72:  42.02363,-1.783837,180.7
8.74:  42.0258,-2.032907,179.5
8.75:  42.03463,-2.285576,178
8.77:  42.04884,-2.539821,176.8
8.78:  42.06714,-2.783241,175.7
8.8:  42.08996,-3.029209,174.7
8.82:  42.11866,-3.277259,173.4
8.84:  42.15265,-3.525366,172.2
8.85:  42.19529,-3.777462,170.4
8.87:  42.24356,-4.025794,169
8.89:  42.29551,-4.262082,167.6
8.9:  42.35745,-4.518124,166.4
8.92:  42.42091,-4.753319,164.9
8.93:  42.4893,-4.988711,163.8
8.95:  42.56412,-5.221756,162.2
8.97:  42.64919,-5.460639,160.4
8.98:  42.73591,-5.695098,159.7
9:  42.82341,-5.929123,159.5
9.02:  42.9099,-6.160452,159.5
9.03:  42.99607,-6.397204,160
9.05:  43.07446,-6.634211,161.7
9.07:  43.12638,-6.87644,167.9
9.08:  43.14732,-7.136689,175.4
9.1:  43.12793,-7.377714,184.6
9.12:  43.06435,-7.618365,194.8
9.14:  42.95595,-7.856214,204.5
9.15:  42.82359,-8.060819,212.9
9.17:  42.66284,-8.250364,220.3
9.18:  42.48036,-8.418756,227.3
9.2:  42.28912,-8.576963,230.4
9.22:  42.08214,-8.739258,231.9
9.23:  41.89033,-8.885906,232.6
9.25:  41.69654,-9.032994,232.8
9.27:  41.49323,-9.185095,233.2
9.29:  41.28984,-9.328042,234.9
9.3:  41.06976,-9.473704,236.5
9.32:  40.86418,-9.604175,237.6
9.33:  40.64345,-9.739966,238.4
9.35:  40.44632,-9.860291,238.6
9.37:  40.22285,-9.996703,238.6
9.39:  40.01439,-10.12345,238.7
9.4:  39.7991,-10.2528,239
9.42:  39.58609,-10.37928,239.3
9.43:  39.37139,-10.50575,239.5
9.45:  39.15767,-10.63164,239.5
9.47:  38.94263,-10.75831,239.5
9.48:  38.72724,-10.88518,239.5
9.5:  38.51104,-11.01253,239.5
9.52:  38.29355,-11.13709,240.2
9.53:  38.0723,-11.25622,241.7
9.55:  37.85013,-11.36845,243.2
9.57:  37.61679,-11.47676,245.1
9.59:  37.3866,-11.57685,246.5
9.6:  37.15829,-11.67142,247.5
9.62:  36.93059,-11.76388,247.9
9.63:  36.70041,-11.85641,248.1
9.65:  36.4681,-11.9498,248.1
9.67:  36.23725,-12.0426,248.1
9.68:  36.00393,-12.13829,247.7
9.7:  35.77436,-12.23621,246.9
9.72:  35.54803,-12.3384,245.7
9.73:  35.31979,-12.44387,245.2
9.75:  35.09449,-12.5523,244.3
9.77:  34.86583,-12.66481,243.8
9.79:  34.64319,-12.77825,243
9.8:  34.42421,-12.90013,240.9
9.82:  34.21737,-13.03089,237.7
9.83:  34.01634,-13.18348,232.8
9.85:  33.83498,-13.35143,227.2
9.87:  33.67586,-13.54376,219.6
9.89:  33.54484,-13.75674,211.6
9.9:  33.4616,-14.00407,198.6
9.92:  33.41993,-14.24038,190
9.93:  33.41118,-14.49103,182
9.95:  33.43198,-14.73872,175.2
9.97:  33.48195,-14.9843,168.5
9.98:  33.55605,-15.2237,162.8
10:  33.65491,-15.45215,156.6
10.02:  33.78683,-15.66409,148.1
10.03:  33.9393,-15.86279,142.5
10.05:  34.10936,-16.04516,137
10.07:  34.30384,-16.21904,131.8
10.08:  34.50025,-16.36813,127.2
10.1:  34.70603,-16.49872,122.4
10.12:  34.92878,-16.60881,116.3
10.13:  35.16024,-16.70468,112.5
10.15:  35.39695,-16.78665,109.1
10.17:  35.63707,-16.85596,106.1
10.18:  35.88162,-16.91377,103.3
10.2:  36.12513,-16.96022,100.8
10.22:  36.3729,-16.99769,98.60001
10.23:  36.62101,-17.02421,96.1
10.25:  36.87122,-17.04786,95.4
10.27:  37.12017,-17.07095,95.3
10.28:  37.36834,-17.09398,95.3
10.3:  37.61706,-17.11705,95.3
10.32:  37.86523,-17.14007,95.3
10.33:  38.1139,-17.16314,95.3
10.35:  38.36507,-17.18777,95.6
10.37:  38.65065,-17.21829,96.1
10.39:  38.8694,-17.24282,96.39999
10.4:  39.1132,-17.27103,96.6
10.42:  39.35855,-17.29985,96.7
10.43:  39.60525,-17.32883,96.7
10.45:  39.853,-17.35794,96.7
10.47:  40.10313,-17.38776,96.8
10.48:  40.35008,-17.41721,96.8
10.5:  40.59921,-17.44692,96.8
10.52:  40.84724,-17.47649,96.8
10.53:  41.09436,-17.50596,96.8
10.55:  41.3432,-17.53563,96.8
10.57:  41.59289,-17.56541,96.8
10.58:  41.84145,-17.59505,96.8
10.6:  42.08819,-17.62447,96.8
10.62:  42.33281,-17.65364,96.8
10.63:  42.58535,-17.68375,96.8
10.65:  42.83353,-17.71334,96.8
10.67:  43.08097,-17.74285,96.8
10.68:  43.32938,-17.77247,96.8
10.7:  43.57423,-17.80167,96.8
10.72:  43.8271,-17.83182,96.8
10.73:  44.07355,-17.86121,96.8
10.75:  44.32105,-17.89028,96.7
10.77:  44.58103,-17.91898,96.3
10.78:  44.82093,-17.94462,96.1
10.8:  45.06894,-17.97069,96
10.82:  45.31502,-17.99612,95.9
10.83:  45.5782,-18.02285,95.8
10.85:  45.81404,-18.04639,95.7
10.87:  46.06155,-18.07022,95.5
10.89:  46.31192,-18.09345,95.3
10.9:  46.57201,-18.11712,95.2
10.92:  46.81284,-18.13777,94.90001
10.94:  47.05869,-18.15798,94.7
10.95:  47.32014,-18.17856,94.50002
10.97:  47.5622,-18.19761,94.50002
10.98:  47.80697,-18.21687,94.50002
11:  48.05766,-18.23616,94.40001
11.02:  48.30586,-18.25526,94.40001
11.03:  48.55572,-18.27448,94.40001
11.05:  48.80339,-18.29354,94.40001
11.07:  49.05352,-18.31279,94.40001
11.08:  49.30126,-18.33185,94.40001
11.1:  49.55166,-18.35112,94.40001
11.12:  49.80028,-18.37025,94.40001
11.13:  50.05034,-18.38949,94.40001
11.15:  50.29989,-18.40869,94.40001
11.17:  50.54893,-18.42785,94.40001
11.18:  50.79754,-18.44698,94.40001
11.2:  51.04693,-18.46617,94.40001
11.22:  51.30496,-18.48603,94.40001
11.24:  51.54779,-18.50471,94.40001
11.25:  51.79826,-18.52398,94.40001
11.27:  52.04354,-18.54286,94.40001
11.29:  52.29615,-18.56185,94.30001
11.3:  52.5491,-18.58087,94.30001
11.32:  52.79803,-18.59959,94.30001
11.34:  53.0415,-18.6179,94.30001
11.35:  53.29697,-18.6371,94.30001
11.37:  53.54348,-18.65564,94.30001
11.38:  53.78995,-18.67417,94.30001
11.4:  54.03981,-18.69296,94.30001
11.42:  54.28645,-18.7115,94.30001
11.43:  54.53539,-18.73022,94.30001
11.45:  54.78609,-18.74907,94.30001
11.47:  55.03664,-18.76791,94.30001
11.48:  55.28548,-18.78662,94.30001
11.5:  55.53415,-18.80532,94.30001
11.52:  55.78369,-18.82408,94.30001
11.53:  56.03242,-18.84278,94.30001
11.55:  56.28102,-18.86148,94.30001
11.57:  56.53142,-18.8803,94.30001
11.59:  56.78048,-18.89903,94.30001
11.6:  57.03661,-18.91829,94.30001
11.62:  57.28464,-18.93694,94.30001
11.63:  57.52977,-18.95537,94.30001
11.65:  57.77928,-18.97413,94.30001
11.67:  58.02841,-18.99286,94.30001
11.68:  58.27774,-19.01161,94.30001
11.7:  58.52555,-19.03024,94.30001
11.72:  58.77716,-19.04916,94.30001
11.73:  59.0233,-19.06767,94.30001
11.75:  59.27406,-19.08652,94.30001
11.77:  59.52597,-19.10547,94.30001
11.78:  59.77212,-19.12398,94.30001
11.8:  60.02092,-19.14268,94.30001
11.82:  60.2709,-19.16148,94.30001
11.83:  60.52161,-19.18033,94.30001
11.85:  60.76987,-19.199,94.30001
11.87:  61.01906,-19.21773,94.30001
11.88:  61.26852,-19.23649,94.30001
11.9:  61.51542,-19.25505,94.30001
11.92:  61.76689,-19.27396,94.30001
11.93:  62.01714,-19.29278,94.30001
11.95:  62.26518,-19.31143,94.30001
11.97:  62.51665,-19.33034,94.30001
11.98:  62.76506,-19.35076,94.7
12:  63.0131,-19.37552,95.7
12.02:  63.25871,-19.40785,97.50001
12.03:  63.50691,-19.45431,100.6
12.05:  63.74938,-19.51162,103.3
12.07:  63.99206,-19.57756,105.2
12.09:  64.23131,-19.64934,106.7
12.1:  64.47806,-19.72808,107.7
12.12:  64.70739,-19.80393,108.3
12.13:  64.94491,-19.88478,108.8
12.15:  65.18076,-19.96831,109.5
12.17:  65.41389,-20.05408,110.2
12.18:  65.6456,-20.14582,111.6
12.2:  65.87471,-20.24496,113.4
12.22:  66.1032,-20.352,115.1
12.24:  66.32452,-20.46283,116.6
12.25:  66.54864,-20.58911,119.4
12.27:  66.76359,-20.71877,121.1
12.28:  66.97318,-20.85127,122.3
12.3:  67.17838,-20.98657,123.4
12.32:  67.38706,-21.12893,124.3
12.34:  67.58908,-21.2725,125.4
12.35:  67.78943,-21.42623,127.5
12.37:  67.98162,-21.57966,128.6
12.38:  68.17311,-21.74148,130.2
12.4:  68.3587,-21.90742,131.8
12.42:  68.54868,-22.0852,133.1
12.44:  68.72532,-22.26061,134.8
12.45:  68.90115,-22.45049,137.2
12.47:  69.05675,-22.62885,138.9
12.48:  69.21203,-22.82061,141
12.5:  69.36308,-23.01889,142.7
12.52:  69.51561,-23.2296,144.1
12.54:  69.65215,-23.42901,145.6
12.55:  69.7836,-23.64268,148.4
12.57:  69.90263,-23.86008,151.3
12.58:  70.01688,-24.08146,152.7
12.6:  70.1263,-24.30678,154.1
12.62:  70.23005,-24.5334,155.4
12.63:  70.33094,-24.76215,156.2
12.65:  70.42881,-24.99272,157
12.67:  70.52502,-25.22271,157.3
12.69:  70.62048,-25.45091,157.3
12.7:  70.72004,-25.68892,157.3
12.72:  70.81547,-25.91706,157.3
12.73:  70.91139,-26.14637,157.3
12.75:  71.00751,-26.37615,157.3
12.77:  71.10376,-26.60624,157.3
12.78:  71.20098,-26.83865,157.3
12.8:  71.29841,-27.06818,157
12.82:  71.39825,-27.2989,156.6
12.83:  71.50025,-27.52586,155.8
12.85:  71.60745,-27.75163,154.6
12.87:  71.71993,-27.97429,153.2
12.89:  71.84486,-28.17312,151
12.9:  72.01302,-28.2064,149.5
12.92:  72.18298,-28.25869,148.2
12.93:  72.36466,-28.32879,146.8
12.95:  72.55556,-28.42035,145.9
12.97:  72.74483,-28.53302,145.1
12.98:  72.93699,-28.67145,144.5
13:  73.11752,-28.83198,143.9
13.02:  73.28563,-29.01383,143.5
13.03:  73.43652,-29.21406,143
13.05:  73.58749,-29.41153,142.6
13.07:  73.73998,-29.61027,142.5
13.08:  73.89079,-29.80609,142.4
13.1:  74.04439,-30.00554,142.4
13.12:  74.19724,-30.20403,142.4
13.13:  74.3504,-30.4029,142.4
13.15:  74.5021,-30.60061,142.5
13.17:  74.65252,-30.7995,142.9
13.19:  74.8017,-31.0011,143.5
13.2:  74.951,-31.20964,144.4
13.22:  75.08837,-31.40952,145.5
13.23:  75.22801,-31.6189,146.3
13.25:  75.36214,-31.82862,147.4
13.27:  75.49971,-32.05051,148.2
13.29:  75.62281,-32.25538,149
13.3:  75.74916,-32.47601,150.2
13.32:  75.87009,-32.69062,150.6
13.33:  75.98982,-32.90573,150.9
13.35:  76.11264,-33.12822,151.1
13.37:  76.23224,-33.34758,151.4
13.39:  76.34957,-33.56639,151.8
13.4:  76.46789,-33.79176,152.3
13.42:  76.5796,-34.00912,152.8
13.43:  76.69321,-34.23307,153.1
13.45:  76.80567,-34.45764,153.4
13.47:  76.91603,-34.68095,153.7
13.48:  77.02467,-34.90468,154.1
13.5:  77.13282,-35.13244,154.6
13.52:  77.23609,-35.3601,155.6
13.53:  77.33794,-35.59104,156.2
13.55:  77.43642,-35.8186,156.6
13.57:  77.53357,-36.04971,157.2
13.58:  77.6269,-36.27954,157.9
13.6:  77.71601,-36.51537,159.3
13.62:  77.79921,-36.74774,160.3
13.64:  77.88062,-36.98687,161.2
13.65:  77.9607,-37.23189,161.9
13.67:  78.03316,-37.46597,162.8
13.68:  78.10259,-37.70189,163.6
13.7:  78.16974,-37.944,164.5
13.72:  78.22779,-38.18397,166.4
13.73:  78.28187,-38.42992,167.6
13.75:  78.33114,-38.67426,168.6
13.77:  78.37698,-38.92159,169.5
13.78:  78.41946,-39.16753,170.2
13.8:  78.46083,-39.41476,170.5
13.82:  78.50174,-39.65923,170.5
13.83:  78.54308,-39.90631,170.5
13.85:  78.58418,-40.15182,170.5
13.87:  78.62553,-40.399,170.5
13.88:  78.66717,-40.6478,170.5
13.9:  78.70826,-40.89336,170.5
13.92:  78.74958,-41.14027,170.5
13.93:  78.79072,-41.38609,170.5
13.95:  78.83255,-41.63343,170.4
13.97:  78.87563,-41.88029,170.1
13.98:  78.92197,-42.13522,169.7
14:  78.96635,-42.37016,169.3
14.02:  79.01545,-42.62509,169.1
14.03:  79.06174,-42.86327,169
14.05:  79.10861,-43.10436,169
14.07:  79.15701,-43.35339,169
14.08:  79.20451,-43.59771,169
14.1:  79.25172,-43.84058,169
14.12:  79.29993,-44.08865,169
14.13:  79.34749,-44.33328,169
14.15:  79.39484,-44.57691,169
14.17:  79.44313,-44.82531,169
14.18:  79.49046,-45.06878,169
14.2:  79.53853,-45.31609,169
14.22:  79.58608,-45.56074,169
14.23:  79.634,-45.80729,169
14.25:  79.68122,-46.05019,169
14.27:  79.72913,-46.29663,169
14.28:  79.77705,-46.54319,169
14.3:  79.82481,-46.78891,169
14.32:  79.87251,-47.03426,169
14.33:  79.91978,-47.2775,169
14.35:  79.96734,-47.52214,169
14.37:  80.0153,-47.76886,169
14.38:  80.06322,-48.01543,169
14.4:  80.1109,-48.2607,169
14.42:  80.15886,-48.50742,169
14.43:  80.20609,-48.75037,169
14.45:  80.25399,-48.99684,169
14.47:  80.30174,-49.24249,169
14.48:  80.34959,-49.48867,169
14.5:  80.39703,-49.73273,169
14.52:  80.44481,-49.97852,169
14.53:  80.49227,-50.2227,169
14.55:  80.54021,-50.46928,169
14.57:  80.58769,-50.71358,169
14.58:  80.6354,-50.96131,169.1
14.6:  80.68137,-51.20464,169.3
14.62:  80.72627,-51.45171,169.7
14.63:  80.76974,-51.69822,170
14.65:  80.81161,-51.94319,170.3
14.67:  80.85541,-52.2021,170.4
14.69:  80.89532,-52.43812,170.4
14.7:  80.93697,-52.68694,170.5
14.72:  80.97788,-52.93144,170.5
14.73:  81.01914,-53.17802,170.5
14.75:  81.0602,-53.42337,170.5
14.77:  81.10169,-53.67131,170.5
14.78:  81.14352,-53.91863,170.4
14.8:  81.18458,-54.16135,170.4
14.82:  81.22672,-54.41054,170.4
14.83:  81.26839,-54.65691,170.4
14.85:  81.31004,-54.9031,170.4
14.87:  81.35154,-55.14851,170.4
14.88:  81.39304,-55.39388,170.4
14.9:  81.43506,-55.64231,170.4
14.92:  81.47607,-55.88998,170.6
14.93:  81.51427,-56.13684,171.2
14.95:  81.55102,-56.38266,171.5
14.99:  81.5869,-56.63164,171.8
15:  81.62228,-56.88029,171.9
15.02:  81.65666,-57.12803,172.1
15.04:  81.68916,-57.37484,172.5
15.05:  81.71604,-57.63066,174
15.07:  81.73145,-57.87553,176.4
15.08:  81.7336,-58.12158,179.5
15.1:  81.72277,-58.36956,182.5
15.12:  81.69763,-58.62136,185.7
15.13:  81.666,-58.86832,187.3
15.15:  81.63157,-59.11644,187.9
15.17:  81.59651,-59.3659,188
15.19:  81.55778,-59.62201,188.6
15.2:  81.51534,-59.86266,190
15.22:  81.45116,-60.1073,194.7
15.24:  81.37485,-60.3354,198.5
15.25:  81.27179,-60.57354,203.4
15.27:  81.15068,-60.79202,209
15.29:  81.00945,-60.99223,215.2
15.3:  80.84637,-61.17918,221.1
15.32:  80.65797,-61.34644,228.4
15.34:  80.45777,-61.50342,231.9
15.35:  80.25883,-61.6448,234.6
15.37:  80.04964,-61.78064,237
15.38:  79.83567,-61.90921,239
15.4:  79.61887,-62.0289,241.1
15.42:  79.39056,-62.14273,243.5
15.43:  79.16974,-62.2457,245
15.45:  78.93866,-62.34713,246.3
15.47:  78.70786,-62.44085,247.9
15.49:  78.4653,-62.53299,249.2
15.5:  78.22507,-62.619,250.3
15.52:  77.99072,-62.69924,251.1
15.53:  77.76245,-62.77562,251.5
15.55:  77.52773,-62.8537,251.6
15.57:  77.28954,-62.93293,251.6
15.59:  77.05186,-63.01108,251.8
15.6:  76.81094,-63.0889,252.1
15.62:  76.5757,-63.16307,252.5
15.63:  76.33738,-63.23547,253.1
15.65:  76.09732,-63.30658,253.5
15.67:  75.8569,-63.37643,253.8
15.69:  75.61574,-63.44558,254
15.7:  75.37432,-63.5139,254.2
15.72:  75.13654,-63.58118,254.2
15.74:  74.88535,-63.65226,254.2
15.75:  74.64546,-63.71969,254.3
15.77:  74.41106,-63.78469,254.5
15.79:  74.17184,-63.85014,254.7
15.8:  73.92889,-63.9157,254.9
15.82:  73.68851,-63.97965,255.1
15.84:  73.44713,-64.04343,255.2
15.85:  73.20456,-64.10752,255.2
15.87:  72.96392,-64.1711,255.2
15.89:  72.72186,-64.23505,255.2
15.9:  72.47636,-64.29991,255.2
15.92:  72.2355,-64.36356,255.2
15.94:  71.99672,-64.42664,255.2
15.95:  71.75415,-64.49073,255.2
15.97:  71.51395,-64.55419,255.2
15.99:  71.26299,-64.6205,255.2
16:  71.0271,-64.68283,255.2
16.02:  70.78826,-64.74593,255.2
16.03:  70.54384,-64.81005,255.3
16.05:  70.305,-64.87271,255.3
16.07:  70.06432,-64.9354,255.4
16.09:  69.82198,-64.99448,256.3
16.1:  69.57542,-65.0514,257
16.12:  69.33213,-65.1049,257.6
16.14:  69.0864,-65.15757,257.9
16.15:  68.84235,-65.20901,258.1
16.17:  68.58754,-65.26177,258.3
16.19:  68.34615,-65.31132,258.4
16.2:  68.10486,-65.36085,258.4
16.22:  67.86219,-65.41022,258.5
16.23:  67.62305,-65.45844,258.6
16.25:  67.37706,-65.5067,258.9001
16.27:  67.12869,-65.55363,259.3
16.28:  66.88525,-65.59699,259.9001
16.3:  66.63683,-65.63902,260.4
16.32:  66.37538,-65.68136,260.8
16.34:  66.1375,-65.71819,261.2
16.35:  65.89101,-65.75458,261.6
16.37:  65.64938,-65.78897,261.9001
16.38:  65.39941,-65.82277,262.3
16.4:  65.15121,-65.85368,262.9001
16.42:  64.90211,-65.88206,263.5001
16.43:  64.65297,-65.90693,264.3
16.45:  64.40387,-65.93004,264.7
16.47:  64.15858,-65.95193,264.9001
16.49:  63.89402,-65.97461,265.1
16.5:  63.65091,-65.9946,265.3
16.52:  63.40741,-66.01376,265.5001
16.54:  63.15003,-66.03266,265.8
16.55:  62.90041,-66.04924,266.2
16.57:  62.65226,-66.06355,266.7
16.59:  62.41333,-66.07273,267.8
16.6:  62.15896,-66.07983,268.4001
16.62:  61.91125,-66.08329,269.2
16.63:  61.65976,-66.08373,269.9001
16.65:  61.40963,-66.08111,270.6
16.67:  61.16053,-66.07502,271.4001
16.69:  60.91167,-66.0659,272.1
16.7:  60.64828,-66.05071,273.3
16.72:  60.40926,-66.03316,274.2
16.73:  60.16097,-66.01144,275.0001
16.75:  59.91403,-65.98461,276.2
16.77:  59.66609,-65.9502,277.9001
16.79:  59.41926,-65.90934,279.4001
16.8:  59.17282,-65.85965,281.4001
16.82:  58.93227,-65.80057,283.8
16.83:  58.68899,-65.73674,284.7
16.85:  58.44921,-65.66979,285.6
16.87:  58.20045,-65.59893,285.9
16.88:  57.97007,-65.532,286.2
16.9:  57.72976,-65.46173,286.3
16.92:  57.48495,-65.38875,286.6
16.93:  57.24975,-65.31728,286.9
16.95:  57.01028,-65.24316,287.2
16.97:  56.77225,-65.16811,287.5
16.98:  56.53422,-65.09077,288
17:  56.29781,-65.01167,288.5
17.02:  56.05392,-64.92769,289
17.03:  55.82697,-64.84821,289.3
17.05:  55.59076,-64.76317,289.8
17.07:  55.32961,-64.66605,290.4
17.09:  55.11654,-64.5834,291.2
17.1:  54.88916,-64.49015,292.3
17.12:  54.65235,-64.3857,293.8
17.14:  54.43148,-64.28271,295
17.15:  54.21032,-64.1734,296.3
17.17:  53.99419,-64.0609,297.5
17.19:  53.76087,-63.93262,298.8
17.2:  53.5522,-63.81167,300.1
17.22:  53.34042,-63.67727,302.4
17.24:  53.13523,-63.53938,303.9
17.25:  52.93079,-63.39463,305.3
17.27:  52.72825,-63.24585,306.3
17.29:  52.53035,-63.09618,307.1
17.3:  52.33192,-62.94337,307.6
17.32:  52.13707,-62.79004,308.2
17.33:  51.93941,-62.63055,308.9
17.35:  51.74839,-62.47364,309.4
17.37:  51.55827,-62.31524,309.8
17.39:  51.36396,-62.15219,310
17.4:  51.17278,-61.99178,310
17.42:  50.98074,-61.83006,310.1
17.44:  50.79131,-61.66941,310.3
17.45:  50.60014,-61.50671,310.4
17.47:  50.41009,-61.34382,310.6
17.48:  50.22319,-61.18192,310.9
17.5:  50.03536,-61.01691,311.3
17.52:  49.84949,-60.85014,311.9
17.54:  49.66685,-60.68101,312.8
17.55:  49.4827,-60.50687,313.4
17.57:  49.30352,-60.33384,314
17.58:  49.12703,-60.15796,314.9
17.6:  48.9527,-59.97932,315.7
17.62:  48.77165,-59.78652,316.8
17.64:  48.61009,-59.60772,317.9
17.65:  48.4445,-59.40968,320.1
17.67:  48.2944,-59.22164,321.4
17.68:  48.14551,-59.02334,323.1
17.7:  48.00076,-58.82116,324.4
17.72:  47.86229,-58.61663,325.9
17.73:  47.72493,-58.40593,326.9
17.75:  47.59412,-58.19496,328.2
17.77:  47.4675,-57.97827,329.7
17.78:  47.34638,-57.76066,330.9
17.8:  47.22789,-57.53593,332.2
17.82:  47.11732,-57.31512,333.4
17.83:  47.0061,-57.08607,334.1
17.85:  46.90255,-56.86299,335.1
17.87:  46.80043,-56.63036,336.3
17.88:  46.70368,-56.40353,336.9
17.9:  46.60835,-56.17338,337.5
17.92:  46.51343,-55.93963,337.9
17.93:  46.4214,-55.70953,338.2
17.95:  46.32852,-55.47613,338.3
17.97:  46.23673,-55.2443,338.4
17.98:  46.14415,-55.00925,338.5
18:  46.05391,-54.77901,338.6
18.02:  45.96334,-54.5479,338.6
18.03:  45.8722,-54.31533,338.6
18.05:  45.78098,-54.08255,338.6
18.07:  45.68995,-53.85028,338.6
18.09:  45.59861,-53.61721,338.6
18.1:  45.50354,-53.37461,338.6
18.12:  45.41278,-53.14184,338.7
18.13:  45.32497,-52.91545,338.8
18.15:  45.23516,-52.68269,338.9
18.17:  45.14588,-52.45011,339
18.19:  45.0522,-52.20478,339.1
18.2:  44.9652,-51.97696,339.1
18.22:  44.87844,-51.74977,339.1
18.24:  44.78846,-51.51412,339.1
18.25:  44.69932,-51.27946,339.2
18.27:  44.61209,-51.04985,339.2
18.28:  44.52352,-50.81544,339.3
18.3:  44.43535,-50.58086,339.4
18.32:  44.34762,-50.34622,339.5
18.33:  44.2605,-50.11197,339.6
18.35:  44.17323,-49.87602,339.7
18.37:  44.08747,-49.6417,339.9
18.38:  44.00388,-49.40822,340.3
18.4:  43.92007,-49.17024,340.6
18.42:  43.83916,-48.93659,340.9
18.44:  43.75743,-48.69788,341.1
18.45:  43.67346,-48.4512,341.2
18.47:  43.59685,-48.22618,341.2
18.48:  43.51585,-47.98686,341.3
18.5:  43.43658,-47.75266,341.3
18.52:  43.35645,-47.51456,341.4
18.53:  43.27333,-47.26615,341.5
18.55:  43.19788,-47.04065,341.5
18.57:  43.11793,-46.80031,341.6
18.58:  43.03949,-46.5645,341.6
18.6:  42.96103,-46.32866,341.6
18.62:  42.88055,-46.08673,341.6
18.63:  42.80387,-45.85622,341.6
18.65:  42.72525,-45.61987,341.6
18.67:  42.64693,-45.38444,341.6
18.68:  42.56774,-45.14637,341.6
18.7:  42.48842,-44.90794,341.6
18.72:  42.40962,-44.67105,341.6
18.73:  42.33128,-44.43418,341.7
18.75:  42.25236,-44.19414,341.8
18.77:  42.17439,-43.95697,341.8
18.78:  42.09659,-43.71895,341.9
18.8:  42.01948,-43.48164,342
18.82:  41.94224,-43.24251,342.1
18.84:  41.86603,-43.00654,342.1
18.85:  41.7877,-42.76402,342.1
18.87:  41.7124,-42.5309,342.1
18.88:  41.63325,-42.28584,342.1
18.9:  41.55894,-42.0544,342.2
18.92:  41.4821,-41.81507,342.2
18.93:  41.4065,-41.5796,342.2
18.95:  41.32999,-41.34132,342.2
18.97:  41.25335,-41.10401,342.1
18.98:  41.17417,-40.86599,341.6
19:  41.09132,-40.62673,340.9
19.02:  41.0046,-40.39355,339.6
19.04:  40.91095,-40.16522,337.7
19.05:  40.80428,-39.91872,336.6
19.07:  40.70618,-39.70346,335.5
19.09:  40.59892,-39.47858,334.5
19.1:  40.4869,-39.25291,333.6
19.12:  40.37142,-39.03014,332.6
19.13:  40.25695,-38.8121,332.3
19.15:  40.14005,-38.59132,332.1
19.17:  40.02227,-38.3698,332
19.19:  39.90418,-38.14865,331.9
19.2:  39.78555,-37.92646,331.9
19.22:  39.67027,-37.71146,331.8
19.24:  39.55112,-37.48925,331.8
19.25:  39.42628,-37.2574,331.7
19.27:  39.31242,-37.04594,331.7
19.28:  39.19564,-36.82905,331.7
19.3:  39.07599,-36.60685,331.7
19.32:  38.95719,-36.38621,331.7
19.33:  38.83733,-36.16909,331.1
19.35:  38.71312,-35.95043,330.4
19.37:  38.58479,-35.73429,329.3
19.39:  38.45193,-35.52331,327.8
19.4:  38.30363,-35.30672,325.6
19.42:  38.15448,-35.11235,322.5
19.44:  37.99314,-34.92807,318.8
19.45:  37.80663,-34.76421,311.3
19.47:  37.60398,-34.61589,306.2
19.48:  37.38964,-34.48963,300.5
19.5:  37.16563,-34.38182,295.7
19.52:  36.93129,-34.29421,290.5
19.53:  36.69121,-34.22309,286.5
19.55:  36.44616,-34.17324,281.5
19.57:  36.19903,-34.13277,279.3
19.58:  35.95012,-34.10132,277.2
19.6:  35.70317,-34.07406,276.3
19.62:  35.45341,-34.05001,275.5
19.64:  35.20414,-34.02689,275.3
19.65:  34.95487,-34.0042,275.2
19.67:  34.70798,-33.9839,274.7
19.69:  34.45851,-33.96558,274.2
19.7:  34.2073,-33.94978,273.6
19.72:  34.00109,-33.93405,273.3
19.74:  34.00109,-33.92217,272.9
19.75:  34.00109,-33.91093,272.6
19.77:  34.00109,-33.90124,272.3
19.79:  34.00109,-33.8926,271.9
19.8:  34.00109,-33.88453,271.9
19.82:  34.00109,-33.87631,271.9
19.83:  34.00109,-33.86799,271.9
19.85:  34.00109,-33.85977,271.9
19.87:  34.00109,-33.85144,271.9
19.88:  34.00109,-33.84015,272.6
19.9:  34.00099,-33.82097,274.4
19.92:  34.00063,-33.79083,277
19.93:  34.00006,-33.74783,279.8
19.95:  33.9993,-33.69306,282.6
19.97:  33.99797,-33.62273,286.4
19.99:  33.99492,-33.52602,292.9
20:  33.99199,-33.40517,297.8
20.02:  33.98944,-33.27737,301.5
20.04:  33.98652,-33.13568,305.3
20.05:  33.9841,-32.97761,308.2
20.07:  33.97983,-32.80637,312.9
20.09:  33.9771,-32.62902,315.7
20.1:  33.97455,-32.44154,318.2
20.12:  33.97233,-32.25066,320.3
20.14:  33.97103,-32.05474,321.5
20.15:  33.97048,-31.85585,322
20.17:  33.97037,-31.662,322.1
20.18:  33.97037,-31.46527,322.1
20.2:  33.97037,-31.26771,322.1
20.22:  33.97037,-31.07153,322.1
20.23:  33.97015,-30.86114,322.3
20.25:  33.96993,-30.67364,322.5
20.27:  33.9607,-30.47066,322.6
20.28:  33.92649,-30.25836,322.6
20.3:  33.87265,-30.04148,322.3
20.32:  33.79676,-29.82093,321.5
20.33:  33.69958,-29.60371,319.7
20.35:  33.5792,-29.39166,317.7
20.37:  33.43752,-29.18892,315
20.39:  33.27747,-29.00095,311.6
20.4:  33.09196,-28.81479,306.1
20.42:  32.90662,-28.6753,301.9
20.44:  32.70214,-28.53409,296.6
20.45:  32.46869,-28.41737,291.9
20.47:  32.24764,-28.33328,288.2
20.49:  32.00819,-28.26822,285.2
20.5:  31.76152,-28.21128,283
20.52:  31.51689,-28.16417,280.9
20.54:  31.27428,-28.11789,280.8
20.55:  30.9788,-28.06205,280.7
20.57:  30.78141,-28.02476,280.7
20.58:  30.53551,-27.97607,281.2
20.6:  30.29245,-27.92617,281.6
20.62:  30.04747,-27.87186,282.5
20.63:  29.7927,-27.81351,282.9
20.65:  29.56136,-27.75883,283.3
20.67:  29.31905,-27.69976,283.7
20.68:  29.07522,-27.63806,284.2
20.7:  28.83295,-27.57405,284.8
20.72:  28.59473,-27.50978,285.1
20.73:  28.34858,-27.4429,285.2
20.75:  28.10814,-27.37757,285.2
20.77:  27.87098,-27.31314,285.2
20.78:  27.62884,-27.24825,285
20.8:  27.38436,-27.18594,284.3
20.82:  27.14177,-27.12815,283.4
20.84:  26.89517,-27.07842,281.4
20.85:  26.64581,-27.03669,279.5
20.87:  26.40204,-27.0033,277.8
20.89:  26.15351,-26.97718,276
20.9:  25.90218,-26.96049,273.8
20.92:  25.65178,-26.95437,271.4
20.93:  25.40481,-26.9548,269.9
20.95:  25.15351,-26.9605,268.7
20.97:  24.90429,-26.96964,267.9
20.99:  24.65373,-26.98102,267.4
21:  24.39826,-26.99396,267.1
21.02:  24.15129,-27.0069,267
21.03:  23.91,-27.01955,267
21.05:  23.65556,-27.03288,267
21.07:  23.40795,-27.04586,267
21.08:  23.1599,-27.05886,267
21.1:  22.90992,-27.07196,267
21.12:  22.65935,-27.08509,267
21.13:  22.40932,-27.09819,267
21.15:  22.15792,-27.11137,267
21.17:  21.90821,-27.12402,267.1
21.18:  21.65943,-27.13619,267.2
21.2:  21.40726,-27.14808,267.3
21.22:  21.16041,-27.15886,267.5
21.23:  20.89363,-27.16911,267.8
21.25:  20.66134,-27.17762,267.9
21.27:  20.40924,-27.18643,268
21.28:  20.16272,-27.19504,268
21.3:  19.91008,-27.20386,268
21.32:  19.66178,-27.21253,268
21.33:  19.41216,-27.22125,268
21.35:  19.16205,-27.22954,268.1
21.37:  18.91266,-27.23782,268.1
21.38:  18.66397,-27.24607,268.1
21.4:  18.41325,-27.25395,268.2
21.42:  18.16152,-27.26098,268.4
21.44:  17.91417,-27.26745,268.5
21.45:  17.65889,-27.27369,268.6
21.47:  17.41426,-27.27925,268.7
21.49:  17.16282,-27.28495,268.7
21.5:  16.90493,-27.29035,268.8
21.52:  16.66152,-27.29545,268.8
21.53:  16.41033,-27.30071,268.8
21.55:  16.16039,-27.30595,268.8
21.57:  15.90971,-27.31076,268.9
21.59:  15.66163,-27.31509,269
21.6:  15.40039,-27.31874,269.2
21.62:  15.15573,-27.32173,269.3
21.64:  14.90464,-27.32436,269.4
21.65:  14.65667,-27.32652,269.5
21.67:  14.41382,-27.32864,269.5
21.69:  14.15082,-27.33048,269.6
21.7:  13.9086,-27.33217,269.6
21.72:  13.66223,-27.33346,269.7
21.73:  13.41411,-27.33476,269.7
21.75:  13.16518,-27.33606,269.7
21.77:  12.91557,-27.33737,269.7
21.79:  12.66192,-27.3387,269.7
21.8:  12.39906,-27.33962,269.8
21.82:  12.16128,-27.34003,269.9
21.84:  11.91327,-27.34046,269.9
21.85:  11.65504,-27.34092,269.9
21.87:  11.41029,-27.34134,269.9
21.88:  11.16136,-27.34178,269.9
21.9:  10.91154,-27.34221,269.9
21.92:  10.66187,-27.34265,269.9
21.94:  10.4107,-27.34309,269.9
21.95:  10.15945,-27.34309,270
21.97:  9.914844,-27.34309,270
21.99:  9.662199,-27.34265,270.1
22:  9.407496,-27.34176,270.2
22.02:  9.160209,-27.34089,270.2
22.03:  8.909855,-27.34002,270.2
22.05:  8.660987,-27.33915,270.2
22.07:  8.409911,-27.33784,270.3
22.09:  8.159642,-27.33653,270.3
22.1:  7.909897,-27.33478,270.4
22.12:  7.65982,-27.33304,270.4
22.14:  7.41041,-27.3313,270.4
22.15:  7.159419,-27.32954,270.4
22.17:  6.910596,-27.32781,270.4
22.18:  6.660103,-27.32606,270.4
22.2:  6.413892,-27.32434,270.4
22.22:  6.159908,-27.32212,270.5
22.25:  5.910605,-27.31995,270.5
22.27:  5.653893,-27.31771,270.5
22.29:  5.410213,-27.31558,270.5
22.3:  5.148378,-27.31284,270.6
22.32:  4.909331,-27.31034,270.6
22.33:  4.663352,-27.30733,270.7
22.35:  4.410938,-27.30425,270.7
22.37:  4.158794,-27.30073,270.8
22.38:  3.909095,-27.29637,271
22.4:  3.661524,-27.28902,271.7
22.42:  3.410046,-27.27584,273
22.43:  3.163236,-27.24247,277.7
22.45:  2.91686,-27.19592,280.7
22.47:  2.673697,-27.13933,283.1
22.48:  2.432858,-27.0775,284.4
22.5:  2.190866,-27.00948,285.7
22.52:  1.9502,-26.93636,286.9
22.53:  1.720753,-26.83706,293.4
22.55:  1.507508,-26.70995,300.8
22.57:  1.31931,-26.54864,310.6
22.58:  1.162611,-26.35022,321.7
22.6:  1.054298,-26.12617,334.2
22.62:  0.9938117,-25.88357,346
22.64:  1.006422,-25.61617,2.699984
22.65:  1.055917,-25.3813,11.89998
22.67:  1.136058,-25.14986,19.09998
22.68:  1.237466,-24.92422,24.19998
22.7:  1.356386,-24.70336,28.29999
22.72:  1.486682,-24.48906,31.29998
22.73:  1.63034,-24.28466,35.09999
22.75:  1.781811,-24.09008,37.89999
22.77:  1.946856,-23.89955,40.89999
22.78:  2.11991,-23.71909,43.79998
22.8:  2.302105,-23.5468,46.59999
22.82:  2.488187,-23.38674,49.29999
22.84:  2.696899,-23.22191,51.69999
22.85:  2.893138,-23.07617,53.39999
22.87:  3.096682,-22.93312,54.89999
22.89:  3.302871,-22.79457,56.09999
22.9:  3.511178,-22.66032,57.19999
22.92:  3.725497,-22.52847,58.39999
22.93:  3.944249,-22.40821,61.19999
22.95:  4.166133,-22.29807,63.59999
22.97:  4.394032,-22.19612,65.89998
22.98:  4.627205,-22.10427,68.49999
23:  4.862114,-22.02247,70.79999
23.02:  5.099125,-21.95091,73.19999
23.04:  5.343661,-21.8863,75.19999
23.05:  5.596226,-21.82706,76.8
23.07:  5.836683,-21.77376,77.49999
23.09:  6.081875,-21.72253,78.19999
23.1:  6.326037,-21.67241,78.4
23.12:  6.570031,-21.62321,78.59999
23.13:  6.810907,-21.57508,78.69999
23.15:  7.055569,-21.52664,78.8
23.17:  7.303907,-21.47792,78.89999
23.19:  7.547007,-21.43022,78.89999
23.2:  7.793218,-21.38236,79.00001
23.22:  8.035336,-21.33574,79.10001
23.24:  8.284451,-21.28822,79.2
23.25:  8.538034,-21.23985,79.2
23.27:  8.775579,-21.19453,79.2
23.28:  9.020165,-21.14787,79.2
23.3:  9.26506,-21.10116,79.2
23.32:  9.510454,-21.05435,79.2
23.33:  9.757519,-21.00722,79.2
23.35:  9.998727,-20.9612,79.2
23.37:  10.24549,-20.91413,79.2
23.38:  10.49334,-20.86685,79.2
23.4:  10.73872,-20.82004,79.2
23.42:  10.9851,-20.77304,79.2
23.44:  11.2301,-20.72631,79.2
23.45:  11.4769,-20.67923,79.2
23.47:  11.72709,-20.6315,79.2
23.49:  11.96735,-20.58567,79.2
23.5:  12.21768,-20.53791,79.2
23.52:  12.46526,-20.49068,79.2
23.54:  12.70687,-20.4446,79.2
23.55:  12.95109,-20.39801,79.2
23.57:  13.19506,-20.35147,79.2
23.58:  13.43999,-20.30475,79.2
23.6:  13.68561,-20.25789,79.2
23.62:  13.92964,-20.21134,79.2
23.63:  14.17404,-20.16472,79.2
23.65:  14.42327,-20.11718,79.2
23.67:  14.6667,-20.07118,79.3
23.68:  14.91407,-20.02444,79.3
23.7:  15.16028,-19.97792,79.3
23.72:  15.40491,-19.93169,79.3
23.73:  15.65154,-19.88509,79.3
23.75:  15.89587,-19.83892,79.3
23.77:  16.14248,-19.79233,79.3
23.79:  16.39334,-19.74493,79.3
23.8:  16.64541,-19.69775,79.4
23.82:  16.88263,-19.65336,79.4
23.84:  17.12654,-19.60771,79.4
23.85:  17.37271,-19.56253,79.6
23.87:  17.61492,-19.51895,79.8
23.88:  17.86539,-19.47479,80.00001
23.9:  18.10803,-19.43287,80.2
23.92:  18.35812,-19.39147,80.60001
23.94:  18.60323,-19.35265,81.00001
23.95:  18.85154,-19.31554,81.5
23.97:  19.09954,-19.28157,82.2
23.98:  19.34723,-19.25116,83.00001
24:  19.59241,-19.22668,84.3
24.02:  19.84631,-19.20492,85.10001
24.04:  20.09393,-19.18587,85.60001
24.05:  20.34362,-19.16753,85.80001
24.07:  20.60098,-19.14863,85.80001
24.09:  20.85023,-19.13076,85.90001
24.1:  21.09652,-19.11311,85.90001
24.12:  21.34126,-19.09685,86.2
24.14:  21.58776,-19.08134,86.40001
24.15:  21.84289,-19.06619,86.60001
24.17:  22.09222,-19.05225,86.80001
24.19:  22.3385,-19.03891,86.90001
24.2:  22.5893,-19.02577,87.00002
24.22:  22.83963,-19.01396,87.30002
24.23:  23.09002,-19.00259,87.40002
24.25:  23.33738,-18.99179,87.50002
24.27:  23.5881,-18.98128,87.60002
24.29:  23.83637,-18.97218,87.90002
24.3:  24.09175,-18.96415,88.20002
24.32:  24.34054,-18.95851,88.70002
24.33:  24.58964,-18.9559,89.40002
24.35:  24.83484,-18.95547,89.90002
24.37:  25.08715,-18.95723,90.40002
24.39:  25.33773,-18.96073,90.80002
24.4:  25.58856,-18.96555,91.10001
24.42:  25.83562,-18.97159,91.40002
24.43:  26.08804,-18.9804,92.00002
24.45:  26.33411,-18.99158,92.60002
24.47:  26.59485,-19.0057,93.10002
24.49:  26.84587,-19.02105,93.50002
24.5:  27.08764,-19.03668,93.70002
24.52:  27.34038,-19.05347,93.80003
24.53:  27.58254,-19.06956,93.80003
24.55:  27.83096,-19.08649,93.90002
24.57:  28.08403,-19.10419,94.00002
24.58:  28.34159,-19.1222,94.00002
24.6:  28.57739,-19.13869,94.00002
24.62:  28.84198,-19.15719,94.00002
24.64:  29.08619,-19.17427,94.00002
24.65:  29.33308,-19.19197,94.10002
24.67:  29.58176,-19.20979,94.10002
24.68:  29.83048,-19.22762,94.10002
24.7:  30.07734,-19.24531,94.10002
24.72:  30.32698,-19.26321,94.10002
24.74:  30.57561,-19.28103,94.10002
24.75:  30.83246,-19.29944,94.10002
24.77:  31.07898,-19.31711,94.10002
24.78:  31.3263,-19.33484,94.10002
24.8:  31.57135,-19.35241,94.10002
24.82:  31.82397,-19.37051,94.10002
24.84:  32.07267,-19.38834,94.10002
24.85:  32.32309,-19.40629,94.10002
24.87:  32.57225,-19.42415,94.10002
24.88:  32.81998,-19.44191,94.10002
24.9:  33.0676,-19.45966,94.10002
24.92:  33.31699,-19.47754,94.10002
24.94:  33.57247,-19.49585,94.10002
24.95:  33.8233,-19.51383,94.10002
24.97:  34.07095,-19.53158,94.10002
24.98:  34.31831,-19.54931,94.10002
25:  34.56247,-19.56681,94.10002
25.02:  34.81581,-19.58497,94.10002
25.03:  35.0643,-19.60279,94.10002
25.05:  35.31481,-19.62074,94.10002
25.07:  35.56356,-19.63857,94.10002
25.08:  35.81334,-19.65648,94.10002
25.1:  36.05934,-19.67411,94.10002
25.12:  36.33577,-19.69393,94.10002
25.14:  36.56446,-19.71032,94.10002
25.15:  36.8128,-19.72812,94.10002
25.17:  37.06178,-19.74597,94.10002
25.18:  37.30899,-19.76369,94.10002
25.2:  37.55708,-19.78147,94.10002
25.22:  37.80806,-19.79946,94.10002
25.24:  38.05721,-19.81732,94.10002
25.25:  38.31228,-19.83561,94.10002
25.29:  38.56212,-19.85352,94.10002
25.3:  38.80613,-19.87101,94.10002
25.32:  39.05265,-19.88868,94.10002
25.34:  39.30389,-19.90669,94.10002
25.35:  39.55422,-19.92463,94.10002
25.37:  39.80294,-19.94246,94.10002
25.38:  40.05917,-19.96083,94.10002
25.4:  40.30041,-19.97812,94.10002
25.42:  40.5527,-19.99576,94.00003
25.43:  40.80081,-20.01311,94.00003
25.45:  41.04844,-20.03043,94.00003
25.47:  41.29934,-20.04797,94.00003
25.49:  41.54925,-20.06501,93.90002
25.5:  41.79864,-20.08157,93.80003
25.52:  42.04347,-20.09784,93.80003
25.54:  42.2995,-20.11439,93.70003
25.55:  42.54668,-20.12994,93.60003
25.57:  42.79464,-20.14511,93.50003
25.59:  43.05383,-20.16005,93.30003
25.6:  43.30456,-20.17276,92.90003
25.62:  43.54665,-20.18375,92.60003
25.64:  43.80393,-20.19408,92.30003
25.65:  44.04649,-20.20255,92.00003
25.67:  44.30421,-20.2102,91.70003
25.69:  44.54506,-20.21525,91.20004
25.7:  44.79622,-20.21656,90.30003
25.72:  45.04283,-20.21312,89.20004
25.73:  45.2942,-20.2061,88.40003
25.75:  45.54406,-20.19388,87.20003
25.77:  45.79318,-20.17777,86.30003
25.78:  46.04373,-20.15673,85.20004
25.8:  46.28857,-20.1297,83.70003
25.82:  46.55021,-20.09432,82.30003
25.84:  46.78765,-20.05926,81.60004
25.85:  47.03452,-20.02104,81.20004
25.87:  47.27786,-19.98207,80.90004
25.89:  47.53558,-19.93987,80.70004
25.9:  47.78161,-19.89913,80.60004
25.92:  48.03095,-19.85741,80.50004
25.94:  48.26815,-19.81687,80.30003
25.95:  48.52277,-19.77288,80.20004
25.97:  48.76426,-19.73074,80.10004
25.99:  49.00585,-19.68857,80.10004
26:  49.25256,-19.64507,80.00004
26.02:  49.49862,-19.60168,80.00004
26.03:  49.74545,-19.55816,80.00004
26.05:  49.99035,-19.51498,80.00004
26.07:  50.23727,-19.47144,80.00004
26.09:  50.47998,-19.42865,80.00004
26.1:  50.73113,-19.38391,79.90005
26.12:  50.97396,-19.34066,79.90005
26.13:  51.22117,-19.29662,79.90005
26.15:  51.46692,-19.25285,79.90005
26.17:  51.71116,-19.20934,79.90005
26.18:  51.96061,-19.16491,79.90005
26.2:  52.2048,-19.12053,79.70006
26.22:  52.46061,-19.06895,78.60006
26.24:  52.69384,-19.01339,76.60005
26.25:  52.93636,-18.94613,74.50005
26.27:  53.17479,-18.87686,73.80005
26.29:  53.41325,-18.80758,73.80005
26.3:  53.65512,-18.73731,73.80005
26.32:  53.89361,-18.66803,73.80005
26.34:  54.13838,-18.59691,73.80005
26.35:  54.37575,-18.52795,73.80005
26.37:  54.61383,-18.45878,73.80005
26.38:  54.85245,-18.38946,73.80005
26.4:  55.09347,-18.31944,73.80005
26.42:  55.33558,-18.2491,73.80005
26.43:  55.57619,-18.17919,73.80005
26.45:  55.81534,-18.10971,73.80005
26.47:  56.05549,-18.03994,73.80005
26.49:  56.30126,-17.96854,73.80005
26.5:  56.53724,-17.89998,73.80005
26.52:  56.77562,-17.83073,73.80005
26.54:  57.01593,-17.76091,73.80005
26.55:  57.25771,-17.69158,74.00005
26.57:  57.49537,-17.62701,74.80005
26.58:  57.73999,-17.56693,76.20006
26.6:  57.98561,-17.51874,78.90005
26.62:  58.23954,-17.4817,81.70006
26.63:  58.49032,-17.46064,85.20005
26.65:  58.73099,-17.45391,88.40006
26.67:  58.9946,-17.46819,93.10006
26.69:  59.23183,-17.49774,97.10006
26.7:  59.47782,-17.54467,100.8001
26.72:  59.71853,-17.61007,105.2001
26.74:  59.95291,-17.69168,109.2001
26.75:  60.18407,-17.78791,112.6001
26.77:  60.40512,-17.90005,116.9001
26.79:  60.63341,-18.0308,119.8
26.8:  60.83569,-18.15966,122.5
26.82:  61.04137,-18.29892,124.1
26.83:  61.24424,-18.44523,125.8
26.85:  61.44302,-18.59394,126.8
26.87:  61.64429,-18.74616,127.1
26.88:  61.84197,-18.89785,127.5
26.9:  62.0401,-19.05042,127.6
26.92:  62.23971,-19.2047,127.7
26.94:  62.43419,-19.35555,127.8
26.95:  62.63398,-19.51053,127.8
26.97:  62.82954,-19.66277,127.9
26.99:  63.02806,-19.81731,127.9
27:  63.22523,-19.97136,128
27.02:  63.42205,-20.12568,128.1001
27.03:  63.61896,-20.28008,128.1001
27.05:  63.81358,-20.43268,128.1001
27.07:  64.01222,-20.58844,128.1001
27.09:  64.20791,-20.74188,128.1001
27.1:  64.40567,-20.89694,128.1001
27.12:  64.60383,-21.05065,127.8001
27.14:  64.79911,-21.19995,127.4
27.15:  65.00216,-21.35131,126.7001
27.17:  65.20441,-21.49771,125.9001
27.19:  65.4083,-21.64048,125.0001
27.2:  65.61781,-21.78127,123.9001
27.22:  65.82604,-21.91805,123.3
27.23:  66.03708,-22.05562,123.1001
27.25:  66.24236,-22.18893,123.0001
27.27:  66.45145,-22.32471,123.0001
27.28:  66.66482,-22.46328,123.0001
27.3:  66.87229,-22.59801,123.0001
27.32:  67.08364,-22.73527,123.0001
27.34:  67.29231,-22.87078,123.0001
27.35:  67.50315,-23.0077,123.0001
27.37:  67.71282,-23.14386,123.0001
27.39:  67.92027,-23.27858,123.0001
27.4:  68.13724,-23.41948,123.0001
27.42:  68.34396,-23.55372,123.0001
27.44:  68.55229,-23.68902,123.0001
27.45:  68.76187,-23.82564,123.1001
27.47:  68.96734,-23.96112,123.4
27.49:  69.17594,-24.1013,123.9001
27.5:  69.3894,-24.24856,124.6001
27.52:  69.58601,-24.38622,125
27.53:  69.78995,-24.53169,125.5001
27.55:  69.99136,-24.67749,125.9001
27.57:  70.19663,-24.82772,126.2001
27.59:  70.39539,-24.9748,126.5001
27.6:  70.59918,-25.12837,127
27.62:  70.79355,-25.2759,127.2001
27.64:  70.99284,-25.42717,127.2001
27.65:  71.1993,-25.58389,127.2001
27.67:  71.39419,-25.73181,127.2001
27.69:  71.59259,-25.88241,127.2001
27.7:  71.79124,-26.0332,127.2001
27.72:  71.98988,-26.18397,127.2001
27.73:  72.18967,-26.33562,127.2001
27.75:  72.38776,-26.48597,127.2001
27.77:  72.58372,-26.63472,127.2001
27.79:  72.78552,-26.7879,127.2001
27.8:  72.98529,-26.93953,127.2001
27.82:  73.18668,-27.08747,126.3001
27.84:  73.39171,-27.22628,124.1001
27.85:  73.60989,-27.3548,120.5001
27.87:  73.83291,-27.46165,115.6001
27.89:  74.07328,-27.54068,108.2001
27.9:  74.31937,-27.58186,99.50006
27.92:  74.56593,-27.58143,89.90006
27.94:  74.81673,-27.54081,80.80006
27.95:  75.08153,-27.4381,68.80006
27.97:  75.27412,-27.3309,60.90006
27.98:  75.4694,-27.18322,52.90006
28:  75.64323,-27.00817,44.80006
28.02:  75.79646,-26.80776,37.40006
28.03:  75.92416,-26.59269,30.70006
28.05:  76.01929,-26.36414,22.60006
28.07:  76.09624,-26.12729,18.00006
28.09:  76.15614,-25.87196,13.20006
28.1:  76.19166,-25.62847,8.300057
28.12:  76.20795,-25.37652,3.700057
28.14:  76.20966,-25.13169,0.4000571
28.15:  76.19874,-24.88157,357.5001
28.17:  76.18351,-24.63258,356.5001
28.19:  76.16531,-24.38466,355.8
28.2:  76.14566,-24.13509,355.5001
28.22:  76.12486,-23.88725,355.2
28.24:  76.10152,-23.63581,354.7
28.25:  76.0746,-23.38791,353.8
28.27:  76.04422,-23.14404,352.9001
28.29:  76.00741,-22.89474,351.6001
28.3:  75.96667,-22.64597,350.7
28.32:  75.92286,-22.40002,349.9001
28.34:  75.87691,-22.14969,349.6001
28.35:  75.83307,-21.90598,349.8
28.37:  75.79204,-21.66339,350.4001
28.38:  75.75456,-21.41561,351.4001
28.4:  75.72188,-21.16736,352.5001
28.42:  75.6936,-20.9192,353.5001
28.44:  75.66856,-20.67264,354.2
28.45:  75.64566,-20.41603,354.9001
28.47:  75.62523,-20.17276,355.2
28.49:  75.60506,-19.92212,355.4001
28.5:  75.58546,-19.67293,355.5001
28.52:  75.56647,-19.42616,355.6001
28.54:  75.54761,-19.17536,355.7
28.55:  75.53006,-18.92437,356.0001
28.57:  75.5137,-18.67814,356.2
28.58:  75.49735,-18.42523,356.3
28.6:  75.48185,-18.17887,356.4001
28.62:  75.46639,-17.92615,356.5001
28.63:  75.45118,-17.67744,356.5001
28.65:  75.436,-17.42931,356.5001
28.67:  75.42068,-17.17876,356.5001
28.69:  75.40545,-16.92964,356.5001
28.7:  75.39015,-16.67959,356.5001
28.72:  75.37493,-16.43071,356.5001
28.74:  75.35966,-16.18099,356.5001
28.75:  75.3444,-15.93149,356.5001
28.77:  75.32932,-15.68484,356.5001
28.78:  75.31402,-15.43477,356.5001
28.8:  75.29871,-15.18447,356.5001
28.82:  75.28346,-14.93517,356.5001
28.83:  75.26816,-14.68491,356.5001
28.85:  75.25286,-14.43481,356.5001
28.87:  75.23753,-14.18412,356.5001
28.89:  75.22224,-13.93412,356.5001
28.9:  75.20701,-13.6851,356.5001
28.92:  75.1918,-13.43651,356.5001
28.94:  75.17652,-13.18676,356.5001
28.95:  75.16122,-12.93648,356.5001
28.97:  75.14605,-12.68847,356.5001
28.98:  75.13081,-12.4393,356.5001
29:  75.1155,-12.18896,356.5001
29.02:  75.09953,-11.92783,356.5001
29.04:  75.08492,-11.68893,356.5001
29.05:  75.06967,-11.43966,356.5001
29.07:  75.05437,-11.18946,356.5001
29.09:  75.03913,-10.94029,356.5001
29.1:  75.0239,-10.69123,356.5001
29.12:  75.00858,-10.44087,356.5001
29.13:  74.99343,-10.19309,356.5001
29.15:  74.97836,-9.946652,356.5001
29.17:  74.96223,-9.683079,356.5001
29.19:  74.94762,-9.444189,356.5001
29.2:  74.93227,-9.193248,356.5001
29.22:  74.91707,-8.944592,356.5001
29.24:  74.90163,-8.692131,356.5001
29.25:  74.88651,-8.444864,356.5001
29.27:  74.87131,-8.196364,356.5001
29.29:  74.85571,-7.94126,356.5001
29.3:  74.84073,-7.696414,356.5001
29.32:  74.82538,-7.445497,356.5001
29.34:  74.81024,-7.197989,356.5001
29.35:  74.7944,-6.93888,356.5001
29.37:  74.7795,-6.695268,356.5001
29.39:  74.76432,-6.447219,356.5001
29.4:  74.74916,-6.199321,356.5001
29.42:  74.734,-5.95139,356.5001
29.44:  74.71865,-5.700443,356.5001
29.45:  74.70336,-5.450522,356.5001
29.47:  74.68816,-5.201819,356.5001
29.48:  74.67281,-4.951,356.5001
29.5:  74.65762,-4.702551,356.5001
29.52:  74.64178,-4.443747,356.5001
29.54:  74.62687,-4.199762,356.5001
29.55:  74.6118,-3.953504,356.5001
29.57:  74.59643,-3.702118,356.5001
29.59:  74.58131,-3.454816,356.5001
29.6:  74.56597,-3.204157,356.5001
29.62:  74.55092,-2.958001,356.5001
29.64:  74.53559,-2.707374,356.5001
29.65:  74.51987,-2.450449,356.5001
29.67:  74.50449,-2.198913,356.5001
29.69:  74.48965,-1.956328,356.5001
29.7:  74.47437,-1.706431,356.5001
29.72:  74.45932,-1.460385,356.5001
29.73:  74.44382,-1.206924,356.5001
29.75:  74.42871,-0.9598631,356.5001
29.77:  74.4134,-0.7096102,356.5001
29.79:  74.3981,-0.4594681,356.5001
29.8:  74.38246,-0.2037804,356.5001
29.82:  74.36721,0.04558465,356.5001
29.84:  74.35255,0.2852044,356.5001
29.85:  74.33706,0.5386538,356.5001
29.87:  74.32191,0.7862132,356.5001
29.89:  74.30669,1.03508,356.5001
29.9:  74.29095,1.292539,356.5001
29.92:  74.27598,1.537291,356.5001
29.93:  74.26073,1.786469,356.5001
29.95:  74.24574,2.031737,356.5001
29.97:  74.23024,2.285091,356.5001
29.99:  74.21497,2.534898,356.5001
30:  74.19975,2.783725,356.5001
30.02:  74.18436,3.035144,356.5001
30.03:  74.16922,3.282799,356.5001
30.05:  74.15398,3.531935,356.5001
30.07:  74.13874,3.781176,356.5001
30.09:  74.12345,4.031175,356.5001
30.1:  74.1076,4.29034,356.5001
30.12:  74.09262,4.535192,356.5001
30.14:  74.07742,4.783784,356.5001
30.15:  74.06232,5.030615,356.5001
30.17:  74.04723,5.277459,356.5001
30.19:  74.03196,5.527058,356.5001
30.2:  74.01655,5.77897,356.5001
30.22:  74.00135,6.027543,356.5001
30.24:  73.98565,6.284204,356.5001
30.25:  73.97044,6.532988,356.5001
30.27:  73.95531,6.780328,356.5001
30.29:  73.94025,7.026558,356.5001
30.3:  73.92611,7.282691,356.5001
30.32:  73.92611,7.526769,356.5001
30.34:  73.92611,7.775173,356.5001
30.35:  73.92611,8.024317,356.5001
30.37:  73.92611,8.273566,356.5001
30.38:  73.92611,8.520326,356.5001
30.4:  73.92611,8.772298,356.5001
30.42:  73.92611,9.032088,356.5001
30.44:  73.92611,9.276273,356.5001
30.45:  73.91825,9.522964,356.5001
30.47:  73.90306,9.771257,356.5001
30.49:  73.8873,10.02905,356.5001
30.5:  73.87251,10.27094,356.5001
30.52:  73.85718,10.52154,356.5001
30.53:  73.84215,10.76728,356.5001
30.55:  73.82729,11.01728,356.6001
30.57:  73.81232,11.26923,356.6001
30.59:  73.79792,11.519,356.7
30.6:  73.78397,11.76871,356.8
30.62:  73.77011,12.0165,356.8
30.64:  73.75624,12.26452,356.8
30.65:  73.74255,12.51727,356.9001
30.67:  73.72907,12.76616,356.9001
30.69:  73.71552,13.0164,356.9001
30.7:  73.70203,13.26557,356.9001
30.72:  73.68851,13.51507,356.9001
30.74:  73.67495,13.76559,356.9001
30.75:  73.66185,14.01558,357.0001
30.77:  73.64884,14.26383,357.0001
30.79:  73.63584,14.51176,357.0001
30.8:  73.62237,14.76894,357.0001
30.82:  73.60942,15.01595,357.0001
30.84:  73.59646,15.26338,357.0001
30.85:  73.58339,15.51274,357.0001
30.87:  73.57045,15.75965,357.0001
30.9:  73.55719,16.01265,357.0001
30.92:  73.54377,16.26864,357.0001
30.94:  73.5309,16.51425,357.0001
30.95:  73.51791,16.76204,357.0001
30.97:  73.50543,17.00841,357.1001
30.99:  73.49249,17.26404,357.1001
31:  73.48009,17.50885,357.1001
31.02:  73.46736,17.75996,357.1001
31.04:  73.45478,18.00841,357.1001
31.05:  73.44215,18.25764,357.1001
31.07:  73.42945,18.50835,357.1001
31.09:  73.41683,18.75756,357.1001
31.1:  73.40421,19.00671,357.1001
31.12:  73.39149,19.25773,357.1001
31.14:  73.37888,19.50677,357.1001
31.15:  73.36611,19.75878,357.1001
31.17:  73.35361,20.00555,357.1001
31.19:  73.34089,20.25663,357.1001
31.2:  73.32825,20.50607,357.1001
31.22:  73.31564,20.75499,357.1001
31.24:  73.30298,21.00496,357.1001
31.25:  73.29036,21.25415,357.1001
31.27:  73.27853,21.50497,357.3
31.29:  73.26756,21.75628,357.5001
31.3:  73.25943,21.96791,357.8
31.32:  73.25259,22.18535,358.2
31.34:  73.24751,22.37982,358.5001
31.35:  73.24322,22.5686,358.7
31.37:  73.23927,22.74289,358.7
31.39:  73.23557,22.90546,358.7
31.4:  73.23213,23.05734,358.7
31.42:  73.22908,23.19177,358.7
31.44:  73.22623,23.31729,358.7
31.45:  73.22372,23.42801,358.7
31.47:  73.22142,23.52913,358.7
31.49:  73.21946,23.61583,358.7
31.5:  73.21774,23.69165,358.7
31.52:  73.21632,23.75376,358.7
31.54:  73.21519,23.80394,358.7
31.55:  73.21433,23.84149,358.7
31.57:  73.21377,23.86641,358.7
31.59:  73.21349,23.87895,358.7
31.6:  73.21349,23.87895,358.7
31.62:  73.21349,23.87895,358.7
31.64:  73.21349,23.87895,358.7
31.65:  73.21349,23.87895,358.7
31.67:  73.21349,23.87895,358.7
31.69:  73.21349,23.87895,358.7
31.7:  73.21349,23.87895,358.7
31.72:  73.21349,23.87895,358.7
31.74:  73.21349,23.87895,358.7
31.75:  73.21349,23.87895,358.7
31.77:  73.21349,23.87895,358.7
31.79:  73.21349,23.87895,358.7
31.8:  73.21349,23.87895,358.7
31.82:  73.21349,23.87895,358.7
31.84:  73.21349,23.87895,358.7
31.85:  73.21349,23.87895,358.7
31.87:  73.21349,23.87895,358.7
31.89:  73.21349,23.87895,358.7
31.9:  73.21349,23.87895,358.7
31.92:  73.21349,23.87895,358.7
31.94:  73.21349,23.87895,358.7
31.95:  73.21349,23.87895,358.7
31.97:  73.21349,23.87895,358.7
31.99:  73.21349,23.87895,358.7
32:  73.21349,23.87895,358.7
32.02:  73.21349,23.87895,358.7
32.04:  73.21349,23.87895,358.7
32.05:  73.21349,23.87895,358.7
32.07:  73.21349,23.87895,358.7
32.09:  73.21349,23.87895,358.7
32.1:  73.21349,23.87895,358.7
32.12:  73.21349,23.87895,358.7
32.14:  73.21349,23.87895,358.7
32.15:  73.21349,23.87895,358.7
32.17:  73.21349,23.87895,358.7
32.19:  73.21349,23.87895,358.7
32.2:  73.21349,23.87895,358.7
32.22:  73.21349,23.87895,358.7
32.24:  73.21349,23.87895,358.7
32.25:  73.21349,23.87895,358.7
32.27:  73.21349,23.87895,358.7
32.29:  73.21349,23.87895,358.7
32.3:  73.21349,23.87895,358.7
32.32:  73.21349,23.87895,358.7
32.34:  73.21349,23.87895,358.7
32.35:  73.21349,23.87895,358.7
32.37:  73.21349,23.87895,358.7
32.39:  73.21349,23.87895,358.7
32.4:  73.21349,23.87895,358.7
32.42:  73.21349,23.87895,358.7
32.44:  73.21349,23.87895,358.7
32.45:  73.21349,23.87895,358.7
32.47:  73.21349,23.87895,358.7
32.49:  73.21349,23.87895,358.7
32.5:  73.21349,23.87895,358.7
32.52:  73.21349,23.87895,358.7
32.54:  73.21349,23.87895,358.7
32.55:  73.21349,23.87895,358.7
32.57:  73.21349,23.87895,358.7
32.59:  73.21349,23.87895,358.7
32.6:  73.21349,23.87895,358.7
32.62:  73.21349,23.87895,358.7
32.64:  73.21349,23.87895,358.7
32.65:  73.21349,23.87895,358.7
32.67:  73.21349,23.87895,358.7
32.69:  73.21349,23.87895,358.7
32.7:  73.21349,23.87895,358.7
32.72:  73.21349,23.87895,358.7
32.74:  73.21349,23.87895,358.7
32.75:  73.21349,23.87895,358.7
32.77:  73.21349,23.87895,358.7
32.79:  73.21349,23.87895,358.7
32.8:  73.21349,23.87895,358.7
32.82:  73.21349,23.87895,358.7
32.84:  73.21349,23.87895,358.7
32.85:  73.21349,23.87895,358.7
32.87:  73.21349,23.87895,358.7
32.89:  73.21349,23.87895,358.7
32.9:  73.21349,23.87895,358.7
32.92:  73.21349,23.87895,358.7
32.94:  73.21349,23.87895,358.7
32.95:  73.21349,23.87895,358.7
32.97:  73.21349,23.87895,358.7
32.99:  73.21349,23.87895,358.7
33:  73.21349,23.87895,358.7
33.02:  73.21349,23.87895,358.7
33.04:  73.21349,23.87895,358.7
33.05:  73.21349,23.87895,358.7
33.07:  73.21349,23.87895,358.7
33.09:  73.21349,23.87895,358.7
33.1:  73.21349,23.87895,358.7
33.12:  73.21349,23.87895,358.7
33.14:  73.21349,23.87895,358.7
33.15:  73.21349,23.87895,358.7
33.17:  73.21349,23.87895,358.7
33.19:  73.21349,23.87895,358.7
33.2:  73.21349,23.87895,358.7
33.22:  73.21349,23.87895,358.7
33.24:  73.21349,23.87895,358.7
33.25:  73.21349,23.87895,358.7
33.27:  73.21349,23.87895,358.7
33.29:  73.21349,23.87895,358.7
33.3:  73.21349,23.87895,358.7
33.32:  73.21349,23.87895,358.7
33.34:  73.21349,23.87895,358.7
33.35:  73.21349,23.87895,358.7
33.37:  73.21349,23.87895,358.7
33.39:  73.21349,23.87895,358.7
33.4:  73.21349,23.87895,358.7
33.42:  73.21349,23.87895,358.7
33.44:  73.21349,23.87895,358.7
33.45:  73.21349,23.87895,358.7
33.47:  73.21349,23.87895,358.7
33.49:  73.21349,23.87895,358.7
33.5:  73.21349,23.87895,358.7
33.52:  73.21349,23.87895,358.7
33.54:  73.21349,23.87895,358.7
33.55:  73.21349,23.87895,358.7
33.57:  73.21349,23.87895,358.7
33.59:  73.21349,23.87895,358.7
33.6:  73.21349,23.87895,358.7
33.62:  73.21349,23.87895,358.7
33.64:  73.21349,23.87895,358.7
33.65:  73.21349,23.87895,358.7
33.67:  73.21349,23.87895,358.7
33.69:  73.21349,23.87895,358.7
33.7:  73.21349,23.87895,358.7
33.72:  73.21349,23.87895,358.7
33.74:  73.21349,23.87895,358.7
33.75:  73.21349,23.87895,358.7
33.77:  73.21349,23.87895,358.7
33.79:  73.21349,23.87895,358.7
33.8:  73.21349,23.87895,358.7
33.82:  73.21349,23.87895,358.7
33.84:  73.21349,23.87895,358.7
33.85:  73.21349,23.87895,358.7
33.87:  73.21349,23.87895,358.7
33.89:  73.21349,23.87895,358.7
33.9:  73.21349,23.87895,358.7
33.92:  73.21349,23.87895,358.7
33.94:  73.21349,23.87895,358.7
33.95:  73.21349,23.87895,358.7
33.97:  73.21349,23.87895,358.7
33.99:  73.21349,23.87895,358.7
34:  73.21349,23.87895,358.7
34.02:  73.21349,23.87895,358.7
34.04:  73.21349,23.87895,358.7
