ParticipantNo: 12017
Controller type: Gamepad
Training Level Timed:
0.02:  82.7,18.5,270
0.03:  82.7,18.5,270
0.05:  82.7,18.5,270
0.07:  82.7,18.5,270
0.08:  82.7,18.5,270
0.1:  82.7,18.5,269.998
0.12:  82.7,18.5,269.996
0.13:  82.7,18.5,269.996
0.15:  82.7,18.5,269.9941
0.17:  82.7,18.5,269.9921
0.18:  82.7,18.5,269.9901
0.2:  82.7,18.5,269.9881
0.22:  82.7,18.5,269.9861
0.23:  82.7,18.5,269.9861
0.25:  82.7,18.5,269.9842
0.27:  82.7,18.5,269.9842
0.28:  82.7,18.5,269.9822
0.3:  82.7,18.5,269.9802
0.32:  82.7,18.5,269.9782
0.34:  82.7,18.5,269.9782
0.35:  82.7,18.5,269.9762
0.37:  82.7,18.5,269.9762
0.38:  82.7,18.5,269.9762
0.4:  82.7,18.5,269.9742
0.42:  82.7,18.5,269.9723
0.44:  82.7,18.5,269.9703
0.45:  82.7,18.5,269.9683
0.47:  82.7,18.5,269.9663
0.48:  82.7,18.5,269.9663
0.5:  82.7,18.5,269.9663
0.52:  82.7,18.5,269.9663
0.53:  82.7,18.5,269.9663
0.55:  82.7,18.5,269.9663
0.57:  82.7,18.5,269.9644
0.58:  82.7,18.5,269.9644
0.6:  82.7,18.5,269.9644
0.62:  82.7,18.5,269.9624
0.63:  82.7,18.5,269.9624
0.65:  82.7,18.5,269.9624
0.67:  82.7,18.5,269.9624
0.68:  82.7,18.5,269.9624
0.7:  82.7,18.5,269.9604
0.72:  82.7,18.5,269.9584
0.73:  82.7,18.5,269.9584
0.75:  82.7,18.5,269.9584
0.77:  82.7,18.5,269.9584
0.78:  82.7,18.5,269.9584
0.8:  82.7,18.5,269.9564
0.82:  82.7,18.5,269.9564
0.84:  82.7,18.5,269.9564
0.85:  82.7,18.5,269.9564
0.87:  82.7,18.5,269.9564
0.88:  82.7,18.5,269.9545
0.9:  82.7,18.5,269.9525
0.92:  82.7,18.5,269.9525
0.95:  82.7,18.5,269.9505
0.97:  82.7,18.5,269.9505
0.98:  82.7,18.5,269.9505
1:  82.7,18.5,269.9505
1.02:  82.7,18.5,269.9505
1.03:  82.7,18.5,269.9505
1.05:  82.7,18.5,269.9505
1.07:  82.7,18.5,269.9505
1.08:  82.7,18.5,269.9505
1.1:  82.7,18.5,269.9505
1.12:  82.7,18.5,269.9505
1.13:  82.7,18.5,269.9505
1.15:  82.7,18.5,269.9505
1.17:  82.7,18.5,269.9485
1.18:  82.7,18.5,269.9485
1.2:  82.7,18.5,269.9465
1.22:  82.7,18.5,269.9445
1.23:  82.7,18.5,269.9426
1.25:  82.7,18.5,269.9406
1.27:  82.7,18.5,269.9386
1.28:  82.7,18.5,269.9386
1.3:  82.7,18.5,270.0737
1.32:  82.7,18.5,270.4686
1.33:  82.7,18.5,271.1741
1.35:  82.7,18.5,271.9556
1.37:  82.7,18.5,272.7372
1.38:  82.7,18.5,273.5187
1.4:  82.7,18.5,274.3003
1.42:  82.7,18.5,275.0818
1.43:  82.7,18.5,275.8633
1.45:  82.7,18.5,276.6449
1.47:  82.7,18.5,277.4264
1.48:  82.7,18.5,278.2079
1.5:  82.7,18.5,278.9895
1.52:  82.7,18.5,279.7711
1.53:  82.7,18.5,280.5589
1.55:  82.7,18.5,281.3405
1.57:  82.7,18.5,282.122
1.58:  82.7,18.5,282.9036
1.6:  82.7,18.5,283.6851
1.62:  82.7,18.5,284.4666
1.63:  82.7,18.5,285.2482
1.65:  82.7,18.5,286.0297
1.67:  82.7,18.5,286.8112
1.68:  82.7,18.5,287.5928
1.7:  82.7,18.5,288.3743
1.72:  82.7,18.5,289.1622
1.73:  82.7,18.5,289.9501
1.75:  82.7,18.5,290.7379
1.77:  82.7,18.5,291.5258
1.78:  82.7,18.5,292.3137
1.8:  82.7,18.5,293.1016
1.82:  82.7,18.5,293.8895
1.84:  82.7,18.5,294.6773
1.85:  82.7,18.5,295.4652
1.87:  82.7,18.5,296.2531
1.89:  82.7,18.5,297.041
1.9:  82.7,18.5,297.8289
1.92:  82.7,18.5,298.6167
1.93:  82.7,18.5,299.4046
1.95:  82.7,18.5,300.1925
1.97:  82.7,18.5,300.9803
1.98:  82.7,18.5,301.7682
2:  82.7,18.5,302.5561
2.02:  82.7,18.5,303.344
2.03:  82.7,18.5,304.1319
2.05:  82.7,18.5,304.9197
2.07:  82.7,18.5,305.7076
2.08:  82.7,18.5,306.4955
2.1:  82.7,18.5,307.2834
2.12:  82.7,18.5,308.0713
2.13:  82.7,18.5,308.8592
2.15:  82.7,18.5,309.647
2.17:  82.7,18.5,310.4349
2.19:  82.7,18.5,311.2228
2.2:  82.7,18.5,312.0107
2.22:  82.7,18.5,312.7985
2.23:  82.7,18.5,313.5864
2.25:  82.7,18.5,314.3743
2.27:  82.7,18.5,315.1622
2.28:  82.7,18.5,315.95
2.3:  82.7,18.5,316.7379
2.32:  82.7,18.5,317.5258
2.33:  82.7,18.5,318.3137
2.35:  82.7,18.5,319.1016
2.37:  82.7,18.5,319.8894
2.39:  82.7,18.5,320.6773
2.4:  82.7,18.5,321.4652
2.42:  82.7,18.5,322.2531
2.43:  82.7,18.5,323.041
2.45:  82.7,18.5,323.8288
2.47:  82.7,18.5,324.6167
2.48:  82.7,18.5,325.4046
2.5:  82.7,18.5,326.1924
2.52:  82.7,18.5,326.9803
2.53:  82.7,18.5,327.7492
2.55:  82.7,18.5,328.3152
2.57:  82.7,18.5,328.2943
2.58:  82.7,18.5,327.988
2.6:  82.7,18.5,327.2635
2.62:  82.7,18.5,326.4757
2.63:  82.7,18.5,325.6878
2.65:  82.7,18.5,324.8999
2.67:  82.7,18.5,324.112
2.68:  82.7,18.5,323.3242
2.7:  82.7,18.5,322.5363
2.72:  82.7,18.5,321.7484
2.73:  82.7,18.5,320.9605
2.75:  82.7,18.5,320.1726
2.77:  82.7,18.5,319.3848
2.78:  82.7,18.5,318.5969
2.8:  82.7,18.5,317.809
2.82:  82.7,18.5,317.0211
2.83:  82.7,18.5,316.2332
2.85:  82.7,18.5,315.4454
2.87:  82.7,18.5,314.6575
2.88:  82.7,18.5,313.8696
2.9:  82.7,18.5,313.0817
2.92:  82.7,18.5,312.2939
2.93:  82.7,18.5,311.506
2.95:  82.7,18.5,310.7181
2.97:  82.7,18.5,309.9302
2.98:  82.7,18.5,309.1423
3:  82.7,18.5,308.3545
3.02:  82.7,18.5,307.5666
3.03:  82.7,18.5,306.7787
3.05:  82.7,18.5,305.9908
3.07:  82.7,18.5,305.2029
3.08:  82.7,18.5,304.4151
3.1:  82.7,18.5,303.6272
3.12:  82.7,18.5,302.8393
3.13:  82.7,18.5,302.0514
3.15:  82.7,18.5,301.2635
3.17:  82.7,18.5,300.4757
3.18:  82.7,18.5,299.6878
3.2:  82.7,18.5,298.8999
3.22:  82.7,18.5,298.1121
3.23:  82.7,18.5,297.3242
3.25:  82.7,18.5,296.5363
3.27:  82.7,18.5,295.7484
3.28:  82.7,18.5,294.9605
3.3:  82.7,18.5,294.1726
3.32:  82.7,18.5,293.3848
3.33:  82.7,18.5,292.5969
3.35:  82.7,18.5,291.809
3.37:  82.7,18.5,291.0211
3.38:  82.7,18.5,290.2332
3.4:  82.7,18.5,289.4454
3.42:  82.7,18.5,288.6575
3.43:  82.7,18.5,287.8696
3.45:  82.7,18.5,287.0817
3.47:  82.7,18.5,286.2939
3.49:  82.7,18.5,285.506
3.5:  82.7,18.5,284.7181
3.52:  82.7,18.5,283.9302
3.53:  82.7,18.5,283.1423
3.55:  82.7,18.5,282.3545
3.57:  82.7,18.5,281.5666
3.58:  82.7,18.5,280.7787
3.6:  82.7,18.5,279.9908
3.62:  82.7,18.5,279.2029
3.63:  82.7,18.5,278.4151
3.65:  82.7,18.5,277.6272
3.67:  82.7,18.5,276.8393
3.68:  82.7,18.5,276.0514
3.7:  82.7,18.5,275.2635
3.72:  82.7,18.5,274.4756
3.73:  82.7,18.5,273.6878
3.75:  82.7,18.5,272.8999
3.77:  82.7,18.5,272.112
3.78:  82.7,18.5,271.3242
3.8:  82.7,18.5,270.5363
3.82:  82.7,18.5,269.7484
3.83:  82.7,18.5,268.9605
3.85:  82.7,18.5,268.1726
3.87:  82.7,18.5,267.3848
3.88:  82.7,18.5,266.5969
3.9:  82.7,18.5,265.809
3.92:  82.7,18.5,265.0211
3.93:  82.7,18.5,264.2332
3.95:  82.7,18.5,263.4454
3.97:  82.7,18.5,262.6575
3.98:  82.7,18.5,261.8696
4:  82.7,18.5,261.0817
4.02:  82.7,18.5,260.2938
4.03:  82.7,18.5,259.506
4.05:  82.7,18.5,258.7181
4.07:  82.7,18.5,257.9302
4.08:  82.7,18.5,257.1423
4.1:  82.7,18.5,256.3545
4.12:  82.7,18.5,255.5666
4.14:  82.7,18.5,254.7787
4.15:  82.7,18.5,253.9908
4.17:  82.7,18.5,253.2029
4.18:  82.7,18.5,252.4151
4.2:  82.7,18.5,251.6272
4.22:  82.7,18.5,250.8393
4.24:  82.7,18.5,250.0514
4.25:  82.7,18.5,249.2635
4.27:  82.7,18.5,248.4757
4.28:  82.7,18.5,247.6878
4.3:  82.7,18.5,246.8999
4.32:  82.7,18.5,246.112
4.34:  82.7,18.5,245.3242
4.35:  82.7,18.5,244.5363
4.37:  82.7,18.5,243.7484
4.38:  82.7,18.5,242.9605
4.4:  82.7,18.5,242.1727
4.42:  82.7,18.5,241.3848
4.44:  82.7,18.5,240.5969
4.45:  82.7,18.5,239.809
4.47:  82.7,18.5,239.0211
4.49:  82.7,18.5,238.2333
4.5:  82.7,18.5,237.4454
4.52:  82.7,18.5,236.6575
4.53:  82.7,18.5,235.8696
4.55:  82.7,18.5,235.0817
4.57:  82.7,18.5,234.2939
4.58:  82.7,18.5,233.506
4.6:  82.7,18.5,232.7181
4.62:  82.7,18.5,231.9302
4.64:  82.7,18.5,231.1423
4.65:  82.7,18.5,230.3545
4.67:  82.7,18.5,229.5666
4.68:  82.7,18.5,228.7787
4.7:  82.7,18.5,227.9908
4.72:  82.7,18.5,227.203
4.73:  82.7,18.5,226.4151
4.75:  82.7,18.5,225.6272
4.77:  82.7,18.5,224.8393
4.78:  82.7,18.5,224.0514
4.8:  82.7,18.5,223.2636
4.82:  82.7,18.5,222.4757
4.83:  82.7,18.5,221.6878
4.85:  82.7,18.5,220.8999
4.87:  82.7,18.5,220.112
4.88:  82.7,18.5,219.3242
4.9:  82.68776,18.48463,218.5363
4.92:  82.62782,18.40721,217.7484
4.93:  82.51297,18.25459,216.9605
4.95:  82.37614,18.04681,216.1727
4.97:  82.25076,17.82777,215.3848
4.99:  82.12874,17.60761,214.5969
5:  82.00526,17.37742,213.809
5.02:  81.89783,17.16013,213.0211
5.04:  81.79578,16.92949,212.2333
5.05:  81.69442,16.68517,211.4454
5.07:  81.60287,16.45561,210.6575
5.09:  81.51274,16.22027,209.8696
5.1:  81.4259,15.98381,209.0818
5.12:  81.34287,15.74776,208.2939
5.13:  81.26231,15.50826,207.506
5.15:  81.18476,15.26676,206.7181
5.17:  81.11102,15.02578,205.9302
5.18:  81.04049,14.78346,205.1423
5.2:  80.97264,14.5378,204.3545
5.22:  80.91997,14.28857,203.5666
5.24:  80.87971,14.03463,202.7787
5.25:  80.84729,13.77142,201.9908
5.27:  80.82246,13.52301,201.203
5.28:  80.80074,13.26294,200.4151
5.3:  80.78277,13.01415,199.6272
5.32:  80.76868,12.76197,198.8393
5.33:  80.75718,12.50431,198.0515
5.35:  80.74997,12.24983,197.2636
5.37:  80.74321,11.99308,196.4757
5.38:  80.73465,11.73731,195.6878
5.4:  80.72005,11.48154,194.8999
5.42:  80.7042,11.22677,194.1121
5.43:  80.69196,10.97393,193.3242
5.45:  80.68311,10.71841,192.5363
5.47:  80.68021,10.46477,191.7484
5.48:  80.68082,10.2035,190.9605
5.5:  80.68246,9.954761,190.1727
5.52:  80.69005,9.700528,189.3848
5.53:  80.69869,9.447218,188.5969
5.55:  80.69629,9.194739,187.809
5.57:  80.67579,8.949332,187.0211
5.58:  80.64819,8.696711,186.2333
5.6:  80.62452,8.448345,185.4454
5.62:  80.60416,8.198549,184.6575
5.63:  80.58736,7.950018,183.8696
5.65:  80.57397,7.70147,183.0818
5.67:  80.56388,7.449459,182.2939
5.68:  80.55734,7.200683,181.506
5.7:  80.55421,6.951374,180.7181
5.72:  80.55452,6.699611,179.9302
5.73:  80.55825,6.450444,179.1424
5.75:  80.56547,6.199233,178.3545
5.77:  80.57599,5.949766,177.5856
5.78:  80.59009,5.694229,176.8421
5.8:  80.60662,5.450918,176.1113
5.82:  80.62654,5.203699,175.3931
5.83:  80.64983,4.953037,174.694
5.85:  80.6759,4.70432,174.0138
5.87:  80.70481,4.454854,173.3907
5.88:  80.73586,4.208057,172.831
5.9:  80.76921,3.960597,172.322
5.92:  80.80466,3.712656,171.8637
5.93:  80.8416,3.465836,171.4878
5.95:  80.8798,3.217997,171.2386
5.97:  80.91848,2.970542,171.1162
5.98:  80.95709,2.724617,171.0762
6:  80.99583,2.4779,171.0762
6.02:  81.03454,2.230081,171.1226
6.03:  81.07233,1.983576,171.283
6.05:  81.10929,1.735361,171.5322
6.07:  81.14373,1.491377,171.9651
6.08:  81.17668,1.241342,172.4931
6.1:  81.20683,0.9926925,173.0845
6.12:  81.23415,0.7440339,173.733
6.13:  81.25846,0.4957462,174.4068
6.15:  81.27999,0.2455727,175.0806
6.17:  81.29848,-0.003580287,175.7544
6.19:  81.31437,-0.258473,176.4345
6.2:  81.32709,-0.5107603,177.1146
6.22:  81.3364,-0.752762,177.7948
6.23:  81.34308,-1.002456,178.4686
6.25:  81.34679,-1.252514,179.1487
6.27:  81.34757,-1.502467,179.8225
6.28:  81.34585,-1.748843,180.4012
6.3:  81.34219,-2.001908,180.8279
6.32:  81.33773,-2.250631,181.0263
6.33:  81.33321,-2.502651,181.0283
6.35:  81.32873,-2.751934,181.0303
6.37:  81.32421,-3.002703,181.0322
6.38:  81.31973,-3.251019,181.0342
6.4:  81.31523,-3.499554,181.0362
6.42:  81.31065,-3.752245,181.0382
6.43:  81.30613,-4.001453,181.0402
6.45:  81.30156,-4.252421,181.0421
6.47:  81.297,-4.502332,181.0441
6.49:  81.29249,-4.749851,181.0461
6.5:  81.28771,-5.009204,181.0544
6.52:  81.2832,-5.252098,181.0627
6.53:  81.27857,-5.501557,181.0647
6.55:  81.2739,-5.752568,181.0667
6.57:  81.26923,-6.000905,181.075
6.58:  81.26453,-6.251269,181.077
6.6:  81.25983,-6.501047,181.079
6.62:  81.25507,-6.751372,181.0873
6.64:  81.25031,-7.000695,181.0956
6.65:  81.24544,-7.253178,181.1039
6.67:  81.24059,-7.503103,181.1123
6.68:  81.23569,-7.751839,181.1269
6.7:  81.23061,-8.000524,181.1732
6.72:  81.22511,-8.250938,181.2576
6.73:  81.21928,-8.500559,181.3357
6.75:  81.2131,-8.750995,181.4137
6.77:  81.20657,-9.001745,181.4917
6.78:  81.19986,-9.250868,181.5444
6.8:  81.19299,-9.501026,181.5718
6.82:  81.186,-9.750653,181.6054
6.83:  81.17889,-10.00013,181.6328
6.85:  81.17171,-10.24745,181.6601
6.87:  81.16429,-10.49957,181.6874
6.88:  81.15686,-10.74953,181.7021
6.9:  81.14943,-10.99965,181.7021
6.92:  81.14201,-11.25053,181.6938
6.93:  81.13476,-11.49711,181.6854
6.95:  81.12733,-11.74968,181.6854
6.97:  81.11997,-11.99992,181.6835
6.98:  81.11268,-12.24833,181.6815
7:  81.10532,-12.49904,181.6795
7.02:  81.09801,-12.74879,181.6775
7.03:  81.09068,-12.99929,181.6755
7.05:  81.08336,-13.25013,181.6736
7.07:  81.07611,-13.49844,181.6716
7.08:  81.06882,-13.74869,181.6696
7.1:  81.06155,-13.99838,181.6676
7.12:  81.05427,-14.24841,181.6676
7.13:  81.047,-14.49796,181.6676
7.15:  81.03979,-14.74604,181.6656
7.17:  81.03255,-14.99501,181.6637
7.18:  81.02522,-15.24773,181.6617
7.2:  81.01798,-15.49779,181.6597
7.22:  81.01073,-15.7483,181.6577
7.23:  81.00352,-15.99757,181.6557
7.25:  80.99635,-16.2459,181.6538
7.27:  80.98885,-16.50622,181.6518
7.29:  80.98178,-16.75146,181.6498
7.3:  80.97462,-17.00029,181.6478
7.32:  80.9675,-17.24806,181.6478
7.33:  80.96033,-17.49739,181.6458
7.35:  80.95313,-17.74789,181.6458
7.37:  80.94599,-17.99682,181.6439
7.39:  80.93859,-18.25468,181.6439
7.4:  80.93155,-18.50044,181.6419
7.42:  80.92445,-18.74795,181.6419
7.43:  80.91734,-18.99631,181.6399
7.45:  80.91017,-19.24704,181.6379
7.47:  80.90302,-19.49731,181.6359
7.48:  80.89594,-19.74586,181.634
7.5:  80.8888,-19.99635,181.632
7.52:  80.88168,-20.24648,181.63
7.54:  80.87458,-20.49586,181.63
7.55:  80.86743,-20.74763,181.628
7.57:  80.86041,-20.99471,181.626
7.58:  80.8533,-21.24558,181.6241
7.6:  80.84623,-21.49507,181.6241
7.62:  80.83922,-21.74221,181.6241
7.63:  80.83205,-21.99488,181.6241
7.65:  80.82507,-22.24116,181.6241
7.67:  80.81785,-22.49604,181.6241
7.68:  80.81079,-22.74502,181.6241
7.7:  80.80368,-22.99573,181.6241
7.72:  80.79662,-23.24515,181.6221
7.73:  80.7896,-23.4932,181.6201
7.75:  80.78248,-23.74526,181.6181
7.77:  80.77522,-24.0027,181.6161
7.78:  80.76838,-24.24516,181.6161
7.8:  80.76138,-24.49446,181.6078
7.82:  80.75429,-24.75145,181.5805
7.83:  80.7551,-24.99683,181.4961
7.85:  80.75915,-25.24492,181.3103
7.87:  80.77449,-25.4958,180.9851
7.88:  80.79401,-25.74585,180.5775
7.9:  80.81501,-25.99218,180.1699
7.92:  80.83836,-26.2448,179.7623
7.94:  80.85947,-26.50254,179.8023
7.95:  80.8819,-26.74642,179.7876
7.97:  80.90489,-26.99597,179.7793
7.98:  80.92538,-27.24449,179.771
8:  80.94848,-27.49444,179.7627
8.02:  80.97175,-27.74555,179.748
8.03:  80.9924,-27.99399,179.7334
8.05:  81.01546,-28.24151,179.7187
8.07:  81.03984,-28.50269,179.7104
8.08:  81.06007,-28.74455,179.7021
8.1:  81.08105,-28.99452,179.6874
8.12:  81.09715,-29.24396,179.6728
8.13:  81.10844,-29.49365,179.6581
8.15:  81.11984,-29.74454,179.6435
8.17:  81.13126,-29.99438,179.6288
8.19:  81.14304,-30.25073,179.6141
8.2:  81.15446,-30.49827,179.6058
8.22:  81.16593,-30.74578,179.5912
8.23:  81.17751,-30.99422,179.5765
8.25:  81.18926,-31.24475,179.5619
8.27:  81.20103,-31.49457,179.5472
8.28:  81.21268,-31.74037,179.5325
8.3:  81.22474,-31.99346,179.5179
8.32:  81.23653,-32.23944,179.5032
8.34:  81.24899,-32.49815,179.4886
8.35:  81.26088,-32.74436,179.4803
8.37:  81.27296,-32.99371,179.4719
8.38:  81.28506,-33.24234,179.4573
8.4:  81.29732,-33.49246,179.4426
8.42:  81.30959,-33.74189,179.428
8.44:  81.32198,-33.99217,179.4133
8.45:  81.33482,-34.25044,179.3987
8.47:  81.34701,-34.49428,179.384
8.48:  81.35954,-34.74424,179.3757
8.5:  81.37198,-34.99159,179.3674
8.52:  81.38464,-35.24207,179.3527
8.53:  81.39726,-35.4912,179.3444
8.55:  81.40997,-35.74062,179.3297
8.57:  81.4228,-35.9918,179.3214
8.58:  81.43556,-36.24051,179.3068
8.6:  81.4485,-36.49124,179.2921
8.62:  81.46145,-36.74086,179.2774
8.63:  81.47446,-36.99061,179.2628
8.65:  81.48754,-37.24098,179.2545
8.67:  81.50063,-37.49028,179.2398
8.68:  81.51379,-37.73959,179.2252
8.7:  81.52708,-37.99022,179.2105
8.72:  81.5404,-38.24025,179.1958
8.73:  81.55373,-38.48913,179.1812
8.75:  81.56721,-38.74022,179.1729
8.77:  81.58102,-38.99694,179.1646
8.79:  81.59432,-39.24332,179.1562
8.8:  81.6077,-39.49057,179.1479
8.82:  81.62121,-39.7389,179.1333
8.84:  81.6348,-39.98827,179.1249
8.85:  81.64859,-40.24047,179.1166
8.87:  81.66225,-40.48919,179.102
8.89:  81.67589,-40.73627,179.0873
8.9:  81.69028,-40.99595,179.0726
8.92:  81.70371,-41.23761,179.0643
8.93:  81.71768,-41.48821,179.056
8.95:  81.73165,-41.73784,179.0414
8.97:  81.74564,-41.98638,179.0267
8.98:  81.75963,-42.23415,179.0121
9:  81.77396,-42.48656,178.9974
9.02:  81.78828,-42.73782,178.9827
9.03:  81.80248,-42.98629,178.9744
9.05:  81.81691,-43.23755,178.9598
9.07:  81.83125,-43.4862,178.9451
9.08:  81.84572,-43.73595,178.9304
9.1:  81.86024,-43.98547,178.9158
9.12:  81.87485,-44.23556,178.9011
9.13:  81.88459,-44.48563,178.8928
9.15:  81.88943,-44.73284,178.8782
9.17:  81.89462,-44.99454,178.8635
9.19:  81.89952,-45.23972,178.8552
9.2:  81.90453,-45.48731,178.8405
9.22:  81.9096,-45.73455,178.8259
9.23:  81.9147,-45.98184,178.8176
9.25:  81.92,-46.23505,178.8029
9.27:  81.92527,-46.48449,178.7882
9.28:  81.93063,-46.7345,178.7736
9.3:  81.93604,-46.98437,178.7589
9.32:  81.94154,-47.23532,178.7443
9.33:  81.94707,-47.48481,178.7296
9.35:  81.95267,-47.73458,178.715
9.37:  81.95834,-47.98423,178.7003
9.39:  81.96422,-48.24043,178.6857
9.4:  81.96994,-48.487,178.671
9.42:  81.97585,-48.74049,178.6627
9.44:  81.98165,-48.98593,178.648
9.45:  81.98757,-49.23545,178.6397
9.47:  81.99358,-49.48557,178.625
9.48:  81.99951,-49.73122,178.6167
9.5:  82.00565,-49.98373,178.6084
9.52:  82.01176,-50.2339,178.6001
9.53:  82.01791,-50.4834,178.5854
9.55:  82.02418,-50.73445,178.5708
9.57:  82.03048,-50.9854,178.5625
9.58:  82.03669,-51.2303,178.5478
9.6:  82.04316,-51.48418,178.5395
9.62:  82.04951,-51.73059,178.5248
9.63:  82.05609,-51.9837,178.5102
9.65:  82.0626,-52.23166,178.4955
9.67:  82.06921,-52.48195,178.4872
9.68:  82.06358,-52.73414,178.4725
9.7:  82.05563,-52.98305,178.4642
9.72:  82.04037,-53.23299,178.4496
9.73:  82.02251,-53.4795,178.4349
9.75:  81.99224,-53.71575,178.4202
9.77:  81.9523,-53.94901,178.4056
9.78:  81.89942,-54.17223,178.3973
9.8:  81.83443,-54.3897,178.3973
9.82:  81.74917,-54.59108,178.3973
9.83:  81.65671,-54.78192,178.3993
9.85:  81.5425,-54.95699,178.509
9.87:  81.38857,-55.10941,178.8849
9.88:  81.19925,-55.23505,179.6094
9.9:  80.98261,-55.33905,180.3973
9.92:  80.75261,-55.42995,181.1851
9.93:  80.51475,-55.50024,181.973
9.95:  80.27081,-55.55496,182.7609
9.97:  80.02469,-55.59812,183.5488
9.98:  79.7753,-55.63105,184.3367
10:  79.5266,-55.65801,185.1245
10.02:  79.27746,-55.68155,185.9124
10.03:  79.02863,-55.70161,186.7003
10.05:  78.77926,-55.71827,187.4882
10.07:  78.52975,-55.73149,188.276
10.08:  78.28003,-55.74129,189.0639
10.1:  78.02991,-55.74765,189.8518
10.12:  77.77728,-55.75013,190.6397
10.14:  77.52782,-55.74961,191.4276
10.15:  77.27632,-55.74564,192.2154
10.17:  77.02882,-55.73594,193.0033
10.18:  76.78018,-55.71793,193.7912
10.2:  76.53483,-55.68705,194.5791
10.22:  76.31545,-55.6522,195.367
10.23:  76.21915,-55.64689,196.1485
10.25:  76.21915,-55.64689,196.7082
10.27:  76.35252,-55.68693,196.7082
10.28:  76.5927,-55.75872,196.6429
10.3:  76.8326,-55.82941,196.4191
10.32:  77.07149,-55.89791,195.9988
10.34:  77.31398,-55.96436,195.325
10.35:  77.55785,-56.0276,194.5371
10.37:  77.8001,-56.08688,193.7492
10.38:  78.04015,-56.14212,192.9613
10.42:  78.28731,-56.19544,192.1735
10.44:  78.53172,-56.24483,191.4236
10.45:  78.7773,-56.29241,190.9653
10.47:  79.02332,-56.34008,190.9653
10.49:  79.26894,-56.3876,190.9506
10.5:  79.51331,-56.43484,190.9423
10.52:  79.7675,-56.48395,190.934
10.54:  80.00504,-56.52978,190.9193
10.55:  80.25037,-56.57705,190.9047
10.57:  80.49278,-56.62371,190.8964
10.59:  80.73882,-56.68366,190.8881
10.6:  80.97576,-56.77405,190.8734
10.62:  81.19238,-56.90538,190.8651
10.64:  81.37914,-57.07869,190.8568
10.65:  81.50859,-57.29114,190.8421
10.67:  81.57494,-57.53065,190.8275
10.68:  81.54492,-57.77896,190.8191
10.7:  81.49873,-58.02083,190.8108
10.72:  81.39732,-58.26004,190.8025
10.74:  81.2426,-58.45731,190.7942
10.75:  81.08355,-58.64941,190.7859
10.77:  80.92381,-58.84242,190.7775
10.79:  80.76495,-59.03626,190.7692
10.8:  80.60442,-59.22879,190.7692
10.82:  80.43802,-59.41859,190.9423
10.84:  80.26001,-59.58449,191.4133
10.85:  80.07266,-59.73848,192.1948
10.87:  79.88631,-59.87959,192.9827
10.89:  79.69212,-60.00541,193.7706
10.9:  79.49127,-60.12344,194.5585
10.92:  79.28564,-60.23454,195.3464
10.94:  79.07422,-60.32928,196.1342
10.95:  78.85133,-60.40705,196.9221
10.97:  78.62418,-60.47139,197.71
10.99:  78.39781,-60.51672,198.4979
11:  78.16605,-60.55298,199.2858
11.02:  77.93543,-60.57263,200.0736
11.04:  77.69257,-60.57707,200.8615
11.05:  77.44698,-60.55085,201.6494
11.07:  77.20332,-60.49554,202.4373
11.09:  76.96255,-60.4216,203.2252
11.1:  76.72672,-60.34053,204.013
11.12:  76.49193,-60.25361,204.8009
11.14:  76.25724,-60.16303,205.5888
11.15:  76.02507,-60.06974,206.3767
11.17:  75.79059,-59.97174,207.1646
11.19:  75.56606,-59.86901,207.9524
11.2:  75.34551,-59.75087,208.7403
11.22:  75.12775,-59.62751,209.5282
11.24:  74.91201,-59.50137,210.3161
11.25:  74.69833,-59.37245,211.104
11.27:  74.48563,-59.2401,211.8918
11.29:  74.27573,-59.10545,212.6797
11.3:  74.06721,-58.9676,213.4676
11.32:  73.86051,-58.82684,214.2555
11.34:  73.65728,-58.6843,215.0434
11.35:  73.45316,-58.53691,215.8312
11.37:  73.25146,-58.38702,216.6191
11.39:  73.05238,-58.23476,217.407
11.4:  72.85645,-58.08062,218.1949
11.42:  72.66238,-57.92356,218.9828
11.44:  72.47263,-57.76563,219.7706
11.45:  72.28619,-57.60606,220.5585
11.47:  72.11334,-57.45724,221.3464
11.49:  71.95972,-57.33146,222.1343
11.5:  71.82811,-57.23581,222.9221
11.52:  71.71014,-57.15695,223.71
11.54:  71.60203,-57.08854,224.4979
11.55:  71.49823,-57.01859,225.2858
11.57:  71.40029,-56.95523,226.0737
11.59:  71.31426,-56.90331,226.8615
11.6:  71.23824,-56.85991,227.6494
11.62:  71.17341,-56.82898,228.4373
11.64:  71.12506,-56.81346,229.2252
11.65:  71.09224,-56.81231,230.0131
11.67:  71.09224,-56.81231,230.8009
11.69:  71.09224,-56.81231,231.5888
11.7:  71.09224,-56.81231,232.3767
11.72:  71.09224,-56.81231,233.1646
11.74:  71.09224,-56.81231,233.9525
11.75:  71.09224,-56.81231,234.7403
11.77:  71.09224,-56.81231,235.5282
11.79:  71.09224,-56.81231,236.3161
11.8:  71.09224,-56.81231,237.104
11.82:  71.09224,-56.81231,237.8919
11.84:  71.09224,-56.81231,238.6037
11.85:  71.09224,-56.81231,239.1634
11.87:  71.09224,-56.81231,239.3302
11.89:  71.09224,-56.81231,239.3321
11.9:  71.09224,-56.81231,239.3341
11.92:  71.09224,-56.81231,239.3488
11.93:  71.09224,-56.81231,239.3888
11.95:  71.09224,-56.81231,239.4922
11.97:  71.09224,-56.81231,239.7921
11.99:  71.09224,-56.81231,240.4151
12:  71.09224,-56.81231,241.1333
12.02:  71.09224,-56.81231,241.9212
12.04:  71.09224,-56.81231,242.709
12.05:  71.09224,-56.81231,243.4969
12.07:  71.09224,-56.81231,244.2848
12.09:  71.09224,-56.81231,245.0727
12.1:  71.09224,-56.81231,245.8606
12.12:  71.09224,-56.81231,246.6484
12.14:  71.09224,-56.81231,247.4363
12.15:  71.09224,-56.81231,248.2242
12.17:  71.09224,-56.81231,249.0121
12.19:  71.09224,-56.81231,249.8
12.2:  71.09224,-56.81231,250.5878
12.22:  71.09224,-56.81231,251.3757
12.24:  71.09224,-56.81231,252.1636
12.25:  71.09224,-56.81231,252.9515
12.27:  71.09224,-56.81231,253.7394
12.29:  71.09224,-56.81231,254.5273
12.3:  71.09224,-56.81231,255.3151
12.32:  71.09224,-56.81231,256.103
12.34:  71.09224,-56.81231,256.8909
12.35:  71.09224,-56.81231,257.6788
12.37:  71.09224,-56.81231,258.4666
12.39:  71.09224,-56.81231,259.2545
12.4:  71.09224,-56.81231,260.0424
12.42:  71.09224,-56.81231,260.8303
12.44:  71.09224,-56.81231,261.6182
12.45:  71.09224,-56.81231,262.406
12.47:  71.09224,-56.81231,263.1939
12.49:  71.09224,-56.81231,263.9818
12.5:  71.09224,-56.81231,264.7697
12.52:  71.09224,-56.81231,265.5576
12.54:  71.09224,-56.81231,266.3454
12.55:  71.07349,-56.8279,267.1333
12.57:  71.03793,-56.8687,267.9212
12.59:  70.9782,-56.92122,268.7091
12.6:  70.89064,-56.99303,269.4969
12.62:  70.76236,-57.09803,270.2849
12.64:  70.61685,-57.21196,271.0727
12.65:  70.45464,-57.34422,271.8606
12.67:  70.28718,-57.47616,272.6485
12.69:  70.10619,-57.61369,273.4363
12.7:  69.90886,-57.75178,274.2242
12.72:  69.7119,-57.88561,275.0121
12.74:  69.51093,-58.02044,275.8
12.75:  69.3079,-58.15038,276.5879
12.77:  69.10254,-58.27786,277.3757
12.79:  68.89686,-58.40166,278.1636
12.8:  68.68967,-58.52252,278.9515
12.82:  68.47961,-58.6412,279.7394
12.83:  68.26872,-58.75873,280.5273
12.85:  68.05901,-58.86973,281.3151
12.87:  67.84242,-58.98273,282.103
12.89:  67.6278,-59.08889,282.8909
12.9:  67.40304,-59.19623,283.6788
12.92:  67.18713,-59.29778,284.4666
12.94:  66.9706,-59.39601,285.2545
12.95:  66.74887,-59.49295,286.0424
12.97:  66.52527,-59.58707,286.8303
12.99:  66.30017,-59.67819,287.6182
13:  66.07715,-59.76292,288.406
13.02:  65.84422,-59.84776,289.1939
13.04:  65.62329,-59.9248,289.9818
13.05:  65.39491,-60.00094,290.7697
13.07:  65.16547,-60.07593,291.5576
13.08:  64.93941,-60.15719,292.3454
13.1:  64.7157,-60.23587,293.1333
13.12:  64.48608,-60.3131,293.9212
13.14:  64.25794,-60.38635,294.7091
13.15:  64.02179,-60.45861,295.4969
13.17:  63.79488,-60.52467,296.2785
13.19:  63.56794,-60.58737,297.0664
13.2:  63.33791,-60.64753,297.8542
13.22:  63.10746,-60.70613,298.6421
13.24:  62.87621,-60.76514,299.43
13.25:  62.64558,-60.82063,300.2179
13.27:  62.41261,-60.8733,301.0058
13.29:  62.1811,-60.92763,301.7936
13.3:  61.94913,-60.98581,302.5815
13.32:  61.71254,-61.04159,303.3694
13.34:  61.48185,-61.09444,304.1573
13.35:  61.2431,-61.14928,304.9452
13.37:  61.00858,-61.20685,305.733
13.39:  60.77607,-61.27156,306.5209
13.4:  60.54749,-61.33533,307.3088
13.42:  60.31071,-61.39997,308.0966
13.44:  60.08304,-61.46227,308.8845
13.45:  59.85724,-61.52625,309.6724
13.47:  59.62254,-61.59713,310.4603
13.49:  59.38997,-61.66602,311.2482
13.5:  59.15493,-61.73215,312.036
13.52:  58.92027,-61.7947,312.8239
13.54:  58.68556,-61.85383,313.6118
13.55:  58.44894,-61.91562,314.3997
13.57:  58.217,-61.98403,315.1876
13.59:  57.98163,-62.05116,315.9755
13.6:  57.7494,-62.11499,316.7633
13.62:  57.51725,-62.17656,317.5512
13.64:  57.27382,-62.23991,318.3391
13.65:  57.04165,-62.30816,319.127
13.67:  56.81022,-62.3774,319.9149
13.68:  56.57927,-62.44305,320.7027
13.7:  56.35069,-62.50465,321.4906
13.72:  56.11523,-62.56463,322.2785
13.73:  55.88232,-62.6262,323.0663
13.75:  55.65137,-62.68387,323.8542
13.77:  55.41402,-62.74299,324.6421
13.79:  55.18485,-62.80848,325.43
13.8:  54.95448,-62.87412,326.2179
13.82:  54.72641,-62.93572,327.0057
13.84:  54.486,-62.99963,327.7936
13.85:  54.25552,-63.05516,328.5752
13.87:  54.02125,-63.10821,329.363
13.89:  53.79067,-63.1571,330.1509
13.9:  53.55824,-63.20541,330.9388
13.92:  53.31866,-63.25423,331.7267
13.94:  53.09085,-63.29739,332.5146
13.95:  52.85508,-63.33633,333.3024
13.97:  52.6198,-63.37425,334.0903
13.98:  52.385,-63.40643,334.8782
14:  52.15026,-63.43765,335.6661
14.02:  51.90523,-63.46683,336.4539
14.04:  51.66891,-63.49168,337.2418
14.05:  51.43079,-63.51105,338.0297
14.07:  51.19504,-63.5293,338.8176
14.09:  50.96081,-63.5442,339.6055
14.1:  50.72242,-63.55372,340.3933
14.12:  50.48482,-63.55994,341.1812
14.14:  50.24661,-63.56525,341.9691
14.15:  50.00864,-63.56727,342.757
14.17:  49.76934,-63.56601,343.5449
14.19:  49.53228,-63.55918,344.3327
14.2:  49.29424,-63.55138,345.1206
14.22:  49.05009,-63.54002,345.9085
14.23:  48.81752,-63.52599,346.6964
14.25:  48.58352,-63.50864,347.4843
14.27:  48.33588,-63.48685,348.2721
14.29:  48.10443,-63.46328,349.06
14.3:  47.86885,-63.43601,349.8479
14.32:  47.63263,-63.40536,350.6358
14.34:  47.39292,-63.37091,351.4236
14.35:  47.16344,-63.33469,352.2115
14.37:  46.92134,-63.29308,352.9994
14.39:  46.69403,-63.24845,353.7873
14.4:  46.45991,-63.19914,354.5752
14.42:  46.22829,-63.14941,355.363
14.44:  45.99379,-63.10122,356.1509
14.45:  45.75471,-63.06511,356.9388
14.47:  45.5127,-63.05499,357.7267
14.49:  45.32398,-63.05988,358.5146
14.5:  45.15241,-63.06197,359.3024
14.52:  44.98383,-63.08338,0.09031489
14.53:  44.81065,-63.12754,0.8781937
14.55:  44.64016,-63.19102,1.666072
14.57:  44.46087,-63.29572,2.453951
14.59:  44.2938,-63.43803,3.24183
14.6:  44.12754,-63.63149,4.029709
14.62:  43.97049,-63.82887,4.817588
14.64:  43.81134,-64.03202,5.605467
14.65:  43.65095,-64.23314,6.393346
14.67:  43.48764,-64.43018,7.181225
14.69:  43.32132,-64.62534,7.969104
14.7:  43.15353,-64.8168,8.756984
14.72:  42.98175,-65.00944,9.544862
14.73:  42.8098,-65.19816,10.33274
14.75:  42.63586,-65.38274,11.12062
14.77:  42.45485,-65.56963,11.9085
14.79:  42.27378,-65.75445,12.69638
14.8:  42.09289,-65.93408,13.48426
14.82:  41.90595,-66.11179,14.27214
14.84:  41.71067,-66.28766,15.06002
14.85:  41.51272,-66.43113,15.8479
14.87:  41.28383,-66.53287,16.63577
14.89:  41.0383,-66.59114,17.42365
14.9:  40.79039,-66.62311,18.21153
14.92:  40.54573,-66.62921,18.99307
14.94:  40.29158,-66.62402,19.78095
14.95:  40.03986,-66.61309,20.56883
14.97:  39.78683,-66.59863,21.35671
14.99:  39.53601,-66.58081,22.14459
15:  39.28379,-66.55942,22.93247
15.02:  39.03186,-66.53455,23.72035
15.04:  38.78102,-66.5063,24.50823
15.05:  38.52229,-66.47356,25.2961
15.07:  38.28034,-66.41172,26.08399
15.09:  38.0393,-66.34409,26.87186
15.1:  37.79919,-66.27316,27.65974
15.12:  37.56269,-66.19726,28.44762
15.14:  37.32591,-66.10172,29.2355
15.15:  37.09725,-66.00318,30.02338
15.17:  36.86485,-65.89922,30.81126
15.19:  36.63731,-65.79365,31.59914
15.2:  36.41058,-65.68464,32.38702
15.22:  36.18506,-65.57237,33.1749
15.23:  35.96152,-65.45723,33.96278
15.25:  35.74191,-65.34026,34.75066
15.27:  35.52092,-65.21863,35.53854
15.29:  35.29995,-65.09301,36.32642
15.3:  35.0841,-64.96355,37.10796
15.32:  34.87194,-64.83521,37.88316
15.34:  34.65778,-64.70164,38.65837
15.35:  34.43659,-64.55952,39.43357
15.37:  34.23331,-64.42497,40.20877
15.39:  34.02264,-64.28437,40.98397
15.4:  33.81544,-64.14198,41.75918
15.42:  33.59735,-64.01145,42.53438
15.44:  33.35139,-63.92483,43.30959
15.45:  33.09706,-63.88372,44.08479
15.47:  32.84015,-63.90171,44.85999
15.49:  32.59324,-63.96297,45.57182
15.5:  32.35982,-64.07465,46.16956
15.52:  32.14832,-64.21442,46.5328
15.54:  31.94703,-64.36171,46.54112
15.55:  31.75231,-64.52241,46.5431
15.57:  31.56457,-64.68681,46.54508
15.59:  31.37667,-64.86484,46.54707
15.6:  31.19947,-65.03271,46.54707
15.62:  31.01938,-65.20332,46.54905
15.64:  30.83746,-65.37565,46.55103
15.65:  30.65152,-65.55177,46.55302
15.67:  30.47317,-65.7207,46.55302
15.69:  30.29276,-65.89158,46.555
15.7:  30.11066,-66.06404,46.55698
15.72:  29.93071,-66.23447,46.55698
15.74:  29.74926,-66.40631,46.55698
15.75:  29.56754,-66.57841,46.55896
15.77:  29.38001,-66.756,46.55896
15.79:  29.20104,-66.92544,46.56728
15.8:  29.01682,-67.09312,46.56728
15.82:  28.82419,-67.26167,46.56926
15.84:  28.63567,-67.41403,46.56926
15.85:  28.43441,-67.56416,46.56926
15.87:  28.22283,-67.7067,46.56926
15.89:  28.00862,-67.84232,46.56926
15.9:  27.7942,-67.97807,46.56728
15.92:  27.5774,-68.11253,46.55896
15.94:  27.35962,-68.1592,46.48727
15.95:  27.13605,-68.16084,46.23811
15.97:  26.91259,-68.16084,45.79247
15.99:  26.69191,-68.16084,45.20741
16:  26.47284,-68.16084,44.52094
16.02:  26.24668,-68.16515,43.7901
16.04:  26.01519,-68.16515,43.04659
16.05:  25.78878,-68.16515,42.30307
16.07:  25.55659,-68.16797,41.55956
16.09:  25.32996,-68.17025,40.81604
16.1:  25.08923,-68.1758,40.07252
16.12:  24.85068,-68.17941,39.32901
16.14:  24.61093,-68.17941,38.5855
16.15:  24.37347,-68.18002,37.84198
16.17:  24.13669,-68.18119,37.09214
16.18:  23.89879,-68.18119,36.34862
16.2:  23.66389,-68.18119,35.60511
16.22:  23.42729,-68.18119,34.8616
16.24:  23.18292,-68.18493,34.11809
16.25:  22.94777,-68.18493,33.37457
16.27:  22.70969,-68.18493,32.6374
16.29:  22.47779,-68.18493,31.90022
16.3:  22.24016,-68.18594,31.15037
16.32:  22.00242,-68.18716,30.40685
16.34:  21.76384,-68.18716,29.66334
16.35:  21.52673,-68.18716,28.91983
16.37:  21.28866,-68.18716,28.17631
16.39:  21.05261,-68.18716,27.4328
16.4:  20.81255,-68.18828,26.68929
16.42:  20.56688,-68.18652,25.94577
16.44:  20.32739,-68.16277,25.20226
16.45:  20.08121,-68.11809,24.45874
16.47:  19.84245,-68.06072,23.71523
16.49:  19.59475,-67.9991,22.97172
16.5:  19.35442,-67.943,22.2282
16.52:  19.11034,-67.88651,21.47835
16.54:  18.86524,-67.83313,20.73484
16.55:  18.62184,-67.78381,19.98499
16.57:  18.38706,-67.70707,19.23514
16.59:  18.14781,-67.63224,18.49162
16.6:  17.90559,-67.56,17.74177
16.62:  17.67433,-67.48933,16.99192
16.63:  17.43285,-67.41904,16.22939
16.65:  17.19656,-67.35366,15.46686
16.67:  16.95195,-67.28947,14.70434
16.69:  16.70933,-67.22924,13.94181
16.7:  16.46565,-67.17217,13.17928
16.72:  16.22191,-67.11852,12.41676
16.74:  15.97612,-67.06781,11.65423
16.75:  15.73177,-67.0208,10.8917
16.77:  15.48548,-66.9768,10.12918
16.79:  15.23726,-66.93585,9.366649
16.8:  14.99391,-66.88425,8.604121
16.82:  14.75176,-66.82614,7.841593
16.84:  14.51514,-66.73987,7.079066
16.85:  14.29915,-66.6301,6.316538
16.87:  14.09149,-66.49583,5.554011
16.89:  13.91347,-66.33577,4.854863
16.9:  13.74535,-66.15411,4.276135
16.92:  13.59978,-65.96086,3.92557
16.94:  13.46933,-65.75682,3.815845
16.95:  13.3457,-65.54088,3.744148
16.97:  13.25219,-65.30805,3.678789
16.99:  13.1616,-65.06889,3.607091
17:  13.07364,-64.83121,3.541732
17.02:  12.98531,-64.59306,3.501724
17.04:  12.89423,-64.35427,3.474391
17.05:  12.80532,-64.11516,3.453398
17.07:  12.71643,-63.87638,3.432403
17.09:  12.62759,-63.63789,3.417747
17.1:  12.53902,-63.40035,3.40309
17.12:  12.45047,-63.1631,3.382096
17.13:  12.36073,-62.92286,3.36744
17.15:  12.26988,-62.68628,3.346446
17.17:  12.17439,-62.45543,3.331789
17.19:  12.04661,-62.2388,3.310795
17.2:  11.90638,-62.03731,3.289801
17.22:  11.74492,-61.8485,3.262469
17.24:  11.57035,-61.67387,3.235137
17.25:  11.38355,-61.51934,3.188791
17.27:  11.17948,-61.37775,3.110755
17.29:  10.96805,-61.25428,2.950328
17.3:  10.75189,-61.1458,2.688493
17.32:  10.53285,-61.0413,2.30624
17.34:  10.31535,-60.93958,1.866945
17.35:  10.09246,-60.83761,1.383285
17.37:  9.870199,-60.7382,0.8996245
17.39:  9.650284,-60.64208,0.4096266
17.4:  9.42528,-60.54602,359.9196
17.42:  9.201643,-60.4528,359.4296
17.43:  8.976356,-60.36115,358.9396
17.45:  8.753139,-60.27256,358.4496
17.47:  8.523401,-60.17865,357.9786
17.49:  8.300635,-60.05854,357.5584
17.5:  8.104068,-59.90518,357.3599
17.52:  7.939203,-59.72467,357.3262
17.54:  7.783203,-59.53134,357.2926
17.55:  7.633753,-59.33225,357.2652
17.57:  7.485459,-59.13263,357.2379
17.59:  7.328861,-58.91487,357.2106
17.6:  7.19977,-58.70943,357.1833
17.62:  7.078846,-58.49046,357.1559
17.64:  6.959562,-58.26348,357.1286
17.65:  6.849982,-58.03611,357.1013
17.67:  6.761284,-57.79438,357.0739
17.69:  6.682931,-57.55209,357.0466
17.7:  6.608576,-57.30507,357.0193
17.72:  6.531795,-57.05878,356.9856
17.74:  6.457126,-56.81177,356.9519
17.75:  6.379984,-56.56524,356.9246
17.77:  6.305367,-56.31935,356.8909
17.79:  6.228065,-56.07323,356.8636
17.8:  6.150594,-55.82699,356.8362
17.82:  6.074028,-55.58412,356.8026
17.84:  5.99292,-55.33525,356.7752
17.85:  5.90756,-55.08164,356.7479
17.87:  5.827083,-54.843,356.7142
17.89:  5.744186,-54.59766,356.6806
17.9:  5.661292,-54.35281,356.6469
17.92:  5.57818,-54.10779,356.6132
17.94:  5.494549,-53.86162,356.5859
17.95:  5.411295,-53.61896,356.5586
17.97:  5.327391,-53.37477,356.5313
17.99:  5.244006,-53.13257,356.4976
18:  5.159846,-52.88657,356.4639
18.02:  5.076233,-52.64263,356.4302
18.04:  4.992103,-52.39965,356.3965
18.05:  4.907939,-52.15687,356.3755
18.07:  4.824087,-51.91346,356.3419
18.08:  4.738683,-51.66601,356.3082
18.1:  4.655297,-51.42479,356.2809
18.12:  4.569274,-51.17632,356.2536
18.14:  4.48424,-50.93109,356.2262
18.15:  4.399912,-50.68827,356.1989
18.17:  4.314075,-50.44348,356.1716
18.19:  4.229037,-50.19936,356.1442
18.2:  4.144044,-49.95771,356.1169
18.22:  4.058432,-49.71468,356.0896
18.24:  3.973288,-49.47334,356.0622
18.25:  3.88739,-49.23023,356.0349
18.27:  3.80287,-48.99147,356.0012
18.29:  3.715226,-48.74234,355.9676
18.3:  3.629722,-48.49968,355.9402
18.32:  3.543142,-48.25441,355.9066
18.34:  3.457309,-48.01366,355.8729
18.35:  3.370715,-47.76928,355.8392
18.37:  3.281152,-47.51698,355.8055
18.39:  3.196954,-47.28024,355.7719
18.4:  3.109719,-47.03533,355.7445
18.42:  3.022607,-46.79114,355.7172
18.44:  2.935579,-46.54763,355.6835
18.45:  2.848202,-46.30352,355.6562
18.47:  2.760537,-46.06089,355.6289
18.49:  2.672969,-45.81898,355.5952
18.5:  2.585982,-45.57904,355.5679
18.52:  2.497888,-45.33456,355.5342
18.54:  2.410042,-45.09313,355.5005
18.55:  2.324849,-44.85067,355.4669
18.57:  2.248024,-44.60361,355.4332
18.59:  2.179215,-44.35872,355.3995
18.6:  2.119924,-44.11257,355.3722
18.62:  2.063079,-43.86688,355.3385
18.64:  2.006047,-43.62104,355.3048
18.65:  1.951344,-43.37506,355.2775
18.67:  1.911185,-43.12822,355.2438
18.69:  1.890289,-42.87886,355.2102
18.7:  1.869253,-42.62923,355.1829
18.72:  1.847118,-42.36807,355.1555
18.74:  1.826861,-42.13041,355.1282
18.75:  1.805494,-41.88113,355.1009
18.77:  1.783987,-41.63161,355.0735
18.79:  1.762405,-41.38262,355.0462
18.8:  1.740895,-41.13456,355.0442
18.82:  1.719277,-40.88525,355.0442
18.84:  1.69795,-40.63929,355.0442
18.85:  1.675863,-40.3825,355.0842
18.87:  1.654852,-40.13391,355.1686
18.89:  1.634504,-39.88788,355.272
18.9:  1.614633,-39.63881,355.4388
18.92:  1.595642,-39.39061,355.6245
18.94:  1.577463,-39.14016,355.8483
18.95:  1.560362,-38.88988,356.0912
18.97:  1.544675,-38.64505,356.334
18.99:  1.529568,-38.39251,356.5768
19:  1.515731,-38.14349,356.8196
19.02:  1.502873,-37.89291,357.0624
19.04:  1.491148,-37.6438,357.3052
19.05:  1.480254,-37.39392,357.5037
19.07:  1.469899,-37.14212,357.6451
19.09:  1.459907,-36.88726,357.7549
19.1:  1.450666,-36.64304,357.8329
19.12:  1.441429,-36.39436,357.8729
19.14:  1.432263,-36.14436,357.9002
19.15:  1.423146,-35.8947,357.9085
19.17:  1.41408,-35.64547,357.9168
19.19:  1.404766,-35.38915,357.9188
19.2:  1.395816,-35.14264,357.9208
19.22:  1.386818,-34.89455,357.9228
19.24:  1.377809,-34.64517,357.9311
19.25:  1.368819,-34.3953,357.9394
19.27:  1.359886,-34.14602,357.9478
19.29:  1.35093,-33.89584,357.9497
19.3:  1.339541,-33.646,357.9517
19.32:  1.328314,-33.39891,357.96
19.34:  1.316869,-33.14624,357.9684
19.35:  1.305645,-32.89823,357.9703
19.37:  1.294285,-32.64642,357.9786
19.39:  1.283124,-32.39824,357.987
19.4:  1.271981,-32.15024,357.989
19.42:  1.263242,-31.90032,357.9973
19.44:  1.254417,-31.64771,357.9992
19.45:  1.245697,-31.39784,358.0012
19.47:  1.23696,-31.14723,358.0032
19.49:  1.228258,-30.89742,358.0052
19.5:  1.219625,-30.64931,358.0072
19.52:  1.210911,-30.39861,358.0092
19.54:  1.20223,-30.14863,358.0111
19.55:  1.193581,-29.89852,358.0194
19.59:  1.184956,-29.64886,358.0214
19.6:  1.176432,-29.40107,358.0298
19.62:  1.167747,-29.14835,358.0317
19.63:  1.159183,-28.89891,358.0337
19.65:  1.15073,-28.65245,358.0357
19.67:  1.142262,-28.40528,358.0377
19.69:  1.134403,-28.17418,358.0523
19.7:  1.12719,-27.95836,358.086
19.72:  1.120846,-27.76245,358.145
19.74:  1.114828,-27.5678,358.2294
19.75:  1.109464,-27.38559,358.3138
19.77:  1.106911,-27.20062,358.4552
19.79:  1.110223,-27.01493,358.7614
19.8:  1.125054,-26.84345,359.2324
19.82:  1.159148,-26.68883,359.9062
19.84:  1.204875,-26.54755,0.6940375
19.85:  1.259863,-26.41401,1.481917
19.87:  1.329861,-26.28456,2.269795
19.89:  1.424369,-26.1902,3.057674
19.9:  1.538996,-26.12366,3.845553
19.92:  1.672766,-26.07806,4.633432
19.94:  1.826177,-26.06763,5.421311
19.95:  1.989923,-26.08301,6.20919
19.97:  2.1748,-26.1057,6.997069
19.99:  2.367105,-26.132,7.784948
20:  2.561539,-26.16131,8.572828
20.02:  2.757628,-26.19363,9.360707
20.04:  2.962259,-26.23026,10.14859
20.05:  3.157012,-26.26789,10.93647
20.07:  3.355155,-26.30901,11.72434
20.09:  3.553418,-26.35301,12.51222
20.1:  3.751913,-26.39993,13.3001
20.12:  3.948079,-26.44916,14.08798
20.14:  4.144858,-26.50143,14.87586
20.15:  4.341385,-26.55654,15.66374
20.17:  4.535608,-26.61389,16.45162
20.19:  4.728012,-26.6736,17.2395
20.2:  4.922818,-26.737,18.02738
20.22:  5.118778,-26.80377,18.81526
20.24:  5.310421,-26.87202,19.60313
20.25:  5.494919,-26.91176,20.39102
20.27:  5.662098,-26.90904,21.1789
20.29:  5.809791,-26.86151,21.96677
20.3:  5.94181,-26.77395,22.75465
20.32:  6.05436,-26.66274,23.54253
20.34:  6.158322,-26.54005,24.33041
20.35:  6.262587,-26.41577,25.11829
20.37:  6.361812,-26.28988,25.90617
20.39:  6.452434,-26.1546,26.69405
20.4:  6.534378,-26.02321,27.48193
20.42:  6.610724,-25.8864,28.26981
20.44:  6.6849,-25.75291,29.05768
20.45:  6.764664,-25.61389,29.84556
20.47:  6.839303,-25.48785,30.63344
20.49:  6.916935,-25.36077,31.42132
20.5:  6.995044,-25.23678,32.2092
20.52:  7.075464,-25.11293,32.99708
20.54:  7.157283,-24.99064,33.78496
20.55:  7.238176,-24.87326,34.57284
20.57:  7.308926,-24.77356,35.36072
20.59:  7.365942,-24.69551,36.1486
20.6:  7.411215,-24.63529,36.93648
20.62:  7.454699,-24.57908,37.72435
20.64:  7.500486,-24.52155,38.51223
20.65:  7.542951,-24.46966,39.30011
20.67:  7.583569,-24.42141,40.08799
20.69:  7.607333,-24.39395,40.87587
20.7:  7.610626,-24.39025,41.66375
20.72:  7.610626,-24.39025,42.45163
20.74:  7.610626,-24.39025,43.23951
20.75:  7.610626,-24.39025,44.02739
20.77:  7.610626,-24.39025,44.81527
20.79:  7.610626,-24.39025,45.60315
20.8:  7.610626,-24.39025,46.39102
20.82:  7.610626,-24.39025,47.1789
20.83:  7.615455,-24.39561,47.96678
20.85:  7.628335,-24.4103,48.75466
20.87:  7.647573,-24.43285,49.54253
20.89:  7.671459,-24.46166,50.33041
20.9:  7.694504,-24.49023,51.11829
20.92:  7.718605,-24.52098,51.90617
20.94:  7.740604,-24.54985,52.69405
20.95:  7.76348,-24.58075,53.48193
20.97:  7.784653,-24.61018,54.26981
20.99:  7.805571,-24.64012,55.05769
21:  7.826199,-24.67052,55.84557
21.02:  7.846219,-24.70092,56.63345
21.04:  7.865927,-24.73176,57.42133
21.05:  7.900008,-24.75406,58.20921
21.07:  7.94618,-24.76913,58.99709
21.09:  8.022246,-24.7676,59.78497
21.1:  8.147045,-24.74493,60.57284
21.12:  8.327376,-24.69795,61.36073
21.14:  8.542484,-24.63655,62.1486
21.15:  8.784459,-24.56482,62.93649
21.17:  9.029078,-24.49595,63.72436
21.19:  9.270863,-24.43125,64.46787
21.2:  9.526139,-24.36591,65.09097
21.22:  9.764954,-24.30749,65.70139
21.24:  10.01419,-24.24682,66.31181
21.25:  10.2607,-24.19205,66.92223
21.27:  10.5072,-24.13759,67.53265
21.29:  10.75459,-24.08571,68.1494
21.3:  11.00758,-24.03797,68.75982
21.32:  11.25741,-23.99356,69.37025
21.34:  11.50822,-23.95177,69.987
21.35:  11.75937,-23.91269,70.60374
21.37:  12.01115,-23.87628,71.22051
21.39:  12.2602,-23.843,71.83727
21.4:  12.52062,-23.81105,72.45403
21.42:  12.76759,-23.78107,73.07079
21.44:  13.02146,-23.75546,73.68754
21.45:  13.27404,-23.73031,74.30429
21.47:  13.52703,-23.71028,74.92105
21.49:  13.78152,-23.69288,75.5378
21.5:  14.03499,-23.67829,76.15456
21.52:  14.28788,-23.66644,76.76498
21.54:  14.53872,-23.65717,77.33103
21.55:  14.79719,-23.64974,77.80202
21.57:  15.0501,-23.64142,78.10822
21.59:  15.30614,-23.63564,78.15457
21.6:  15.5572,-23.62049,78.1819
21.62:  15.80576,-23.59356,78.21556
21.64:  16.05655,-23.56653,78.24924
21.65:  16.3067,-23.53972,78.28291
21.67:  16.55587,-23.51068,78.31024
21.69:  16.80364,-23.47452,78.33125
21.7:  17.05092,-23.4336,78.35858
21.72:  17.29496,-23.38591,78.37958
21.74:  17.53862,-23.33589,78.40057
21.75:  17.79302,-23.28377,78.42156
21.77:  18.03483,-23.2343,78.43623
21.79:  18.27835,-23.18453,78.45087
21.8:  18.52133,-23.13495,78.46554
21.82:  18.76525,-23.08521,78.47385
21.84:  19.01013,-23.03531,78.48217
21.85:  19.25521,-22.9854,78.49048
21.87:  19.49616,-22.93637,78.49879
21.89:  19.74629,-22.89313,78.50712
21.9:  19.99471,-22.8577,78.51543
21.92:  20.24347,-22.82719,78.52376
21.94:  20.49223,-22.79675,78.53841
21.95:  20.74091,-22.76638,78.55306
21.97:  20.98999,-22.73603,78.56772
21.99:  21.23997,-22.7056,78.57604
22:  21.4896,-22.68017,78.58436
22.02:  21.74132,-22.66922,78.59268
22.04:  21.99525,-22.66305,78.60101
22.05:  22.24947,-22.65691,78.60931
22.07:  22.50429,-22.67051,78.61763
22.09:  22.74927,-22.71329,78.62595
22.1:  22.98994,-22.78552,78.63428
22.12:  23.22897,-22.8653,78.64259
22.14:  23.46338,-22.94928,78.65091
22.15:  23.701,-23.03806,78.65923
22.17:  23.93591,-23.12589,78.67388
22.19:  24.17149,-23.21402,78.68221
22.2:  24.40683,-23.30209,78.69053
22.22:  24.64101,-23.3898,78.70518
22.24:  24.88519,-23.4813,78.7135
22.25:  25.11494,-23.56745,78.72816
22.27:  25.34523,-23.65521,78.73647
22.29:  25.57829,-23.74272,78.75113
22.3:  25.81045,-23.8313,78.75945
22.32:  26.0455,-23.91962,78.76777
22.34:  26.28004,-24.0078,78.77609
22.35:  26.51619,-24.09661,78.7844
22.37:  26.75056,-24.1848,78.79272
22.39:  26.9882,-24.26931,78.80104
22.4:  27.2339,-24.32885,78.80936
22.42:  27.48101,-24.3775,78.81768
22.44:  27.72723,-24.42138,78.82599
22.45:  27.98038,-24.45611,78.84065
22.47:  28.23182,-24.47589,78.85532
22.49:  28.48801,-24.48294,78.86996
22.5:  28.7383,-24.48045,78.87829
22.52:  28.99144,-24.47316,78.88662
22.54:  29.23894,-24.45172,78.89494
22.55:  29.48948,-24.41771,78.90324
22.57:  29.73612,-24.37438,78.91157
22.59:  29.97857,-24.32936,78.91988
22.6:  30.22774,-24.28313,78.9282
22.62:  30.47387,-24.23751,78.93652
22.64:  30.71898,-24.19211,78.94484
22.65:  30.96538,-24.14651,78.95315
22.67:  31.20879,-24.1015,78.96147
22.69:  31.45825,-24.0554,78.96979
22.7:  31.70282,-24.01273,78.97811
22.72:  31.94934,-23.96725,78.98643
22.74:  32.20041,-23.92097,78.99474
22.75:  32.44065,-23.87673,79.00307
22.77:  32.68433,-23.83435,79.01139
22.79:  32.93208,-23.7888,79.01971
22.8:  33.17776,-23.74366,79.02804
22.82:  33.42542,-23.70071,79.03635
22.84:  33.67837,-23.65431,79.04468
22.85:  33.91802,-23.61284,79.05934
22.87:  34.16321,-23.57045,79.06766
22.89:  34.41852,-23.52379,79.08231
22.9:  34.65726,-23.48261,79.09063
22.92:  34.90399,-23.4376,79.09894
22.94:  35.15039,-23.39268,79.10727
22.95:  35.3996,-23.34729,79.11559
22.97:  35.64132,-23.3033,79.1239
22.99:  35.88721,-23.25859,79.13223
23:  36.1324,-23.21404,79.14054
23.02:  36.378,-23.16946,79.14886
23.04:  36.62307,-23.125,79.15718
23.05:  36.86958,-23.08035,79.17184
23.07:  37.11641,-23.0382,79.18649
23.09:  37.36515,-22.99827,79.19481
23.1:  37.60856,-22.95678,79.20313
23.12:  37.85656,-22.91454,79.21144
23.14:  38.10271,-22.87269,79.2261
23.17:  38.34938,-22.83326,79.23441
23.18:  38.59581,-22.79391,79.24274
23.2:  38.84039,-22.75243,79.25105
23.22:  39.09642,-22.70905,79.25938
23.23:  39.33726,-22.6683,79.27404
23.25:  39.57962,-22.62733,79.28236
23.27:  39.82967,-22.5851,79.29067
23.29:  40.07764,-22.54326,79.299
23.3:  40.32367,-22.50178,79.30731
23.32:  40.56883,-22.46049,79.31564
23.34:  40.81573,-22.42142,79.32395
23.35:  41.06305,-22.37987,79.33861
23.37:  41.30948,-22.3385,79.34693
23.39:  41.55665,-22.29952,79.35524
23.4:  41.80203,-22.26087,79.36356
23.42:  42.05745,-22.22067,79.37188
23.44:  42.29829,-22.18039,79.3802
23.45:  42.54581,-22.14151,79.38852
23.47:  42.79139,-22.1005,79.39684
23.49:  43.04557,-22.06065,79.40516
23.5:  43.28954,-22.02244,79.41348
23.52:  43.53254,-21.98442,79.4218
23.54:  43.7811,-21.94306,79.43011
23.55:  44.02953,-21.90426,79.43843
23.57:  44.27277,-21.86386,79.44675
23.59:  44.51965,-21.82292,79.46141
23.6:  44.76637,-21.78452,79.46973
23.62:  45.01255,-21.74378,79.47805
23.63:  45.26051,-21.70526,79.48637
23.65:  45.50505,-21.66731,79.4947
23.67:  45.75486,-21.63112,79.50935
23.69:  46.00292,-21.59768,79.51766
23.7:  46.2519,-21.56168,79.52599
23.72:  46.49894,-21.52599,79.5343
23.74:  46.7434,-21.49072,79.54263
23.75:  46.99385,-21.45711,79.55093
23.77:  47.23963,-21.42171,79.55925
23.79:  47.48926,-21.3858,79.56757
23.8:  47.73807,-21.35252,79.57588
23.82:  47.98458,-21.31959,79.58421
23.84:  48.23277,-21.28399,79.59252
23.85:  48.48094,-21.24844,79.60085
23.87:  48.72924,-21.2129,79.60917
23.89:  48.97672,-21.17752,79.61749
23.9:  49.2221,-21.1425,79.63215
23.92:  49.46935,-21.10971,79.64046
23.93:  49.7176,-21.07683,79.64878
23.95:  49.96561,-21.04402,79.6571
23.97:  50.21227,-21.00896,79.66541
23.99:  50.4614,-20.97608,79.67374
24:  50.71237,-20.94299,79.68204
24.02:  50.95884,-20.91052,79.69037
24.03:  51.2084,-20.87769,79.69868
24.05:  51.45367,-20.84546,79.707
24.07:  51.70507,-20.81246,79.71532
24.09:  51.95264,-20.77753,79.72363
24.1:  52.20193,-20.74239,79.73196
24.12:  52.44842,-20.70769,79.74028
24.14:  52.6966,-20.67526,79.7486
24.15:  52.94483,-20.64286,79.75692
24.17:  53.20229,-20.61693,79.76524
24.19:  53.44756,-20.59224,79.76723
24.2:  53.70175,-20.56666,79.76723
24.22:  53.9393,-20.54274,79.76723
24.24:  54.19268,-20.51973,79.76723
24.25:  54.44287,-20.497,79.76723
24.27:  54.69252,-20.47433,79.76723
24.28:  54.94228,-20.45163,79.76524
24.3:  55.18835,-20.42681,79.75693
24.32:  55.44187,-20.40118,79.74227
24.34:  55.69171,-20.37815,79.68959
24.35:  55.94161,-20.3547,79.59888
24.37:  56.19132,-20.33052,79.42577
24.39:  56.43872,-20.30304,79.17661
24.4:  56.6898,-20.27612,78.83873
24.42:  56.94014,-20.25722,78.41845
24.44:  57.19441,-20.24574,77.9538
24.45:  57.45315,-20.23188,77.47015
24.47:  57.69978,-20.21655,76.98015
24.49:  57.95315,-20.19859,76.48381
24.5:  58.20694,-20.18079,75.98114
24.52:  58.45857,-20.15852,75.47846
24.54:  58.71077,-20.1339,74.96312
24.55:  58.96092,-20.10718,74.44143
24.57:  59.21578,-20.07999,73.90073
24.59:  59.47507,-20.04725,73.34101
24.6:  59.72003,-20.01374,72.7496
24.62:  59.96937,-19.97687,72.12651
24.64:  60.22211,-19.9464,71.49074
24.65:  60.47857,-19.92219,70.83595
24.67:  60.73268,-19.8958,70.1685
24.68:  60.98726,-19.86876,69.50104
24.7:  61.23741,-19.83924,68.83358
24.72:  61.49854,-19.80289,68.17246
24.74:  61.74732,-19.76766,67.505
24.75:  62.00095,-19.72873,66.83755
24.77:  62.25233,-19.68953,66.17008
24.79:  62.50352,-19.66366,65.50896
24.8:  62.75006,-19.6447,64.84785
24.82:  63.00129,-19.62158,64.18672
24.83:  63.24636,-19.59706,63.53194
24.85:  63.49613,-19.57158,62.89617
24.87:  63.74442,-19.54124,62.27942
24.89:  63.99421,-19.51043,61.68801
24.9:  64.23933,-19.47765,61.10295
24.92:  64.48795,-19.43956,60.5369
24.94:  64.73166,-19.40206,59.97084
24.95:  64.98026,-19.35893,59.40479
24.97:  65.22614,-19.3161,58.83874
24.99:  65.47008,-19.26883,58.27903
25:  65.71625,-19.21862,57.71931
25.02:  65.9583,-19.16679,57.15959
25.04:  66.20132,-19.11227,56.59988
25.05:  66.44584,-19.05725,56.04016
25.07:  66.68754,-18.99804,55.48045
25.09:  66.92597,-18.93948,54.92073
25.1:  67.17014,-18.87457,54.36102
25.12:  67.40796,-18.80887,53.8013
25.14:  67.65076,-18.74163,53.24159
25.15:  67.89137,-18.67246,52.68188
25.17:  68.13062,-18.60115,52.12216
25.19:  68.37698,-18.52509,51.56244
25.2:  68.61018,-18.44813,50.98372
25.22:  68.8448,-18.37041,50.39231
25.24:  69.0798,-18.28975,49.77555
25.25:  69.31245,-18.20464,49.15246
25.27:  69.54765,-18.11467,48.51035
25.29:  69.77892,-18.02396,47.83022
25.3:  70.01297,-17.93125,47.11206
25.32:  70.24178,-17.8348,46.38755
25.34:  70.46999,-17.73514,45.65672
25.35:  70.69846,-17.63434,44.91321
25.37:  70.92597,-17.53039,44.16335
25.39:  71.15183,-17.42353,43.40083
25.4:  71.37643,-17.31362,42.64463
25.42:  71.60174,-17.19704,41.88845
25.44:  71.8195,-17.08322,41.12592
25.45:  72.03794,-16.9653,40.35706
25.47:  72.2558,-16.84388,39.58819
25.49:  72.47943,-16.71527,38.81932
25.5:  72.69006,-16.5877,38.04412
25.52:  72.90014,-16.45921,37.26892
25.54:  73.10997,-16.32318,36.48738
25.55:  73.32048,-16.18262,35.71218
25.57:  73.52566,-16.0426,34.93697
25.59:  73.72956,-15.89938,34.16177
25.6:  73.93341,-15.75487,33.38657
25.62:  74.13491,-15.60788,32.61136
25.64:  74.33438,-15.45422,31.83616
25.65:  74.532,-15.30172,31.06096
25.67:  74.72742,-15.14667,30.29209
25.69:  74.91907,-14.99034,29.51689
25.7:  75.11322,-14.82755,28.74169
25.72:  75.30167,-14.66515,27.96648
25.74:  75.4894,-14.49889,27.19128
25.75:  75.67162,-14.33306,26.41608
25.77:  75.85358,-14.15975,25.64087
25.79:  76.03226,-13.98489,24.86567
25.8:  76.21017,-13.80926,24.09047
25.82:  76.38451,-13.63244,23.31527
25.84:  76.559,-13.45085,22.57809
25.85:  76.7271,-13.26711,21.89796
25.87:  76.88444,-13.06059,21.2812
25.89:  77.02777,-12.84834,20.7912
25.9:  77.16837,-12.62553,20.6181
25.92:  77.30015,-12.41646,20.59077
25.94:  77.43604,-12.20065,20.56344
25.95:  77.57395,-11.98589,20.5361
25.97:  77.70964,-11.76987,20.50244
25.99:  77.85142,-11.54394,20.4751
26:  77.98198,-11.33994,20.44777
26.02:  78.10729,-11.11695,20.42044
26.04:  78.22622,-10.89523,20.39311
26.05:  78.343,-10.67212,20.36578
26.07:  78.45522,-10.44693,20.33211
26.09:  78.55592,-10.21723,20.30478
26.1:  78.64448,-9.977513,20.27744
26.12:  78.73075,-9.743579,20.24378
26.14:  78.81582,-9.512342,20.19743
26.15:  78.90144,-9.278785,20.13207
26.17:  78.98711,-9.043141,19.97798
26.19:  79.07106,-8.808044,19.65277
26.2:  79.15343,-8.570514,19.12474
26.22:  79.2324,-8.334426,18.49531
26.24:  79.30864,-8.09691,17.79616
26.25:  79.38189,-7.857914,17.03997
26.27:  79.45205,-7.617259,16.2521
26.29:  79.51844,-7.377272,15.46422
26.3:  79.58216,-7.133977,14.67634
26.32:  79.64224,-6.890984,13.88846
26.34:  79.6988,-6.64796,13.10058
26.35:  79.75182,-6.405009,12.3127
26.37:  79.80185,-6.159672,11.52482
26.39:  79.84845,-5.913918,10.73694
26.4:  79.89185,-5.666517,9.949064
26.42:  79.93124,-5.422227,9.161186
26.44:  79.9679,-5.173591,8.385983
26.45:  80.00127,-4.926371,7.686834
26.47:  80.03186,-4.681663,7.12712
26.49:  80.06184,-4.429855,6.789231
26.5:  80.09126,-4.181264,6.749223
26.52:  80.12055,-3.932724,6.72189
26.54:  80.14962,-3.685102,6.694558
26.55:  80.17865,-3.436483,6.660888
26.57:  80.20759,-3.187689,6.633556
26.59:  80.23597,-2.942352,6.599886
26.6:  80.26495,-2.690665,6.566216
26.62:  80.29322,-2.443997,6.538884
26.64:  80.32175,-2.193713,6.505214
26.65:  80.34977,-1.946785,6.471543
26.67:  80.37781,-1.698308,6.437873
26.69:  80.40561,-1.450595,6.404203
26.7:  80.43349,-1.200544,6.364195
26.72:  80.46084,-0.9536282,6.31785
26.74:  80.48825,-0.7031376,6.246152
26.75:  80.51472,-0.4569215,6.136428
26.77:  80.54102,-0.2061998,5.988676
26.78:  80.56626,0.04270127,5.790221
26.8:  80.58746,0.2882032,5.496697
26.82:  80.59505,0.5403205,5.089092
26.84:  80.59552,0.7920798,4.592755
26.85:  80.58632,1.041142,4.039379
26.87:  80.56677,1.295245,3.416285
26.89:  80.53457,1.547608,2.736151
26.9:  80.49659,1.79955,1.979961
26.92:  80.4556,2.048282,1.192082
26.94:  80.41068,2.299249,0.4042034
26.95:  80.36282,2.546967,359.6163
26.97:  80.30939,2.804382,358.8285
26.99:  80.25613,3.044406,358.0406
27:  80.19697,3.294712,357.2527
27.02:  80.13535,3.540231,356.4648
27.03:  80.06995,3.786458,355.6769
27.05:  80.00208,4.028534,354.889
27.07:  79.92941,4.274671,354.1012
27.09:  79.85181,4.527112,353.4654
27.1:  79.79356,4.764311,353.4654
27.12:  79.75556,5.009856,353.4507
27.14:  79.72701,5.258097,353.4361
27.15:  79.69833,5.506678,353.4214
27.17:  79.66952,5.756,353.4068
27.19:  79.64085,6.003442,353.3921
27.2:  79.61226,6.249475,353.3711
27.22:  79.58221,6.507521,353.3565
27.24:  79.55396,6.749531,353.3418
27.25:  79.52499,6.997139,353.3271
27.27:  79.49583,7.245825,353.3125
27.29:  79.46182,7.493219,353.2979
27.3:  79.43005,7.742056,353.2832
27.32:  79.39866,7.987252,353.2685
27.34:  79.36416,8.236894,353.2539
27.35:  79.31764,8.483373,353.2392
27.37:  79.25166,8.727209,353.2245
27.39:  79.16866,8.968775,353.2099
27.4:  79.07348,9.207022,353.1889
27.42:  78.95261,9.423785,353.1743
27.44:  78.79877,9.632059,353.1533
27.45:  78.6304,9.796384,353.145
27.47:  78.42831,9.945895,353.1303
27.49:  78.22575,10.06784,353.122
27.5:  78.01779,10.18272,353.1073
27.52:  77.81139,10.29283,353.0863
27.54:  77.59917,10.40597,353.0717
27.55:  77.38857,10.51818,353.057
27.57:  77.17758,10.63053,353.0424
27.59:  76.96725,10.74022,353.034
27.6:  76.75645,10.85232,353.013
27.62:  76.54565,10.96437,352.9984
27.64:  76.33279,11.07517,352.9901
27.65:  76.12125,11.18524,352.9818
27.67:  75.91312,11.30801,352.9671
27.69:  75.71764,11.45181,352.9524
27.7:  75.54601,11.63502,352.9378
27.72:  75.409,11.83702,352.9231
27.74:  75.27986,12.05873,352.9084
27.75:  75.16298,12.2835,352.8875
27.77:  75.04581,12.5087,352.8728
27.79:  74.92865,12.73372,352.8582
27.8:  74.82943,12.97148,352.8435
27.82:  74.74298,13.21057,352.8288
27.84:  74.67974,13.45601,352.8142
27.85:  74.63864,13.70307,352.7995
27.87:  74.59758,13.94944,352.7849
27.89:  74.55643,14.19596,352.7702
27.9:  74.51488,14.44458,352.7556
27.92:  74.47388,14.68943,352.7409
27.94:  74.43102,14.94507,352.7263
27.95:  74.39081,15.18427,352.7053
27.97:  74.34936,15.43051,352.6906
27.99:  74.30785,15.67675,352.6759
28.02:  74.26617,15.92338,352.6549
28.04:  74.22469,16.16852,352.6403
28.05:  74.18262,16.41669,352.6256
28.07:  74.14126,16.66036,352.611
28.09:  74.09892,16.90922,352.59
28.1:  74.05695,17.15553,352.5753
28.12:  74.00491,17.40195,352.5607
28.14:  73.94343,17.64545,352.5397
28.15:  73.87675,17.88934,352.525
28.17:  73.80998,18.13333,352.5104
28.19:  73.74381,18.37486,352.4957
28.2:  73.67677,18.61939,352.481
28.22:  73.61092,18.85924,352.4664
28.24:  73.54324,19.1056,352.4517
28.25:  73.47905,19.3481,352.4371
28.27:  73.41204,19.59149,352.4224
28.29:  73.34433,19.83719,352.4078
28.3:  73.27798,20.07768,352.3931
28.32:  73.21016,20.32329,352.3784
28.34:  73.14382,20.56331,352.3638
28.35:  73.07545,20.81031,352.3428
28.37:  73.05708,20.89169,352.3218
28.39:  73.05708,20.89169,352.3072
28.4:  73.05708,20.89169,352.2925
28.42:  73.05708,20.89169,352.2715
28.44:  73.05708,20.89169,352.2568
28.45:  73.05708,20.89169,352.2422
28.47:  73.05708,20.89169,352.2275
28.49:  73.05708,20.89169,352.2129
28.5:  73.05708,20.89169,352.1982
28.52:  73.05708,20.89169,352.1772
28.54:  73.05708,20.89169,352.1626
28.55:  73.05708,20.89169,352.1479
28.57:  73.05708,20.89169,352.1333
28.59:  73.05708,20.89169,352.1186
28.6:  73.05708,20.89169,352.0976
28.62:  73.05708,20.89169,352.0766
28.64:  73.05708,20.89169,352.0556
28.65:  73.05708,20.89169,352.0346
28.67:  73.05708,20.89169,352.02
28.69:  73.05708,20.89169,352.0053
28.7:  73.05708,20.89169,351.9907
28.72:  73.05708,20.89169,351.976
28.74:  73.05708,20.89169,351.9677
28.75:  73.05708,20.89169,351.953
28.77:  73.05708,20.89169,351.9447
28.79:  73.05708,20.89169,351.9301
28.8:  73.05708,20.89169,351.9217
28.82:  73.05708,20.89169,351.9007
28.84:  73.05708,20.89169,351.8861
28.85:  73.05708,20.89169,351.8714
28.87:  73.05708,20.89169,351.8568
28.89:  73.05708,20.89169,351.8421
28.9:  73.05708,20.89169,351.8211
28.92:  73.05708,20.89169,351.8065
28.94:  73.05708,20.89169,351.7918
28.95:  73.05708,20.89169,351.7771
28.97:  73.05708,20.89169,351.7625
28.99:  73.05708,20.89169,351.7478
29:  73.05708,20.89169,351.7332
29.02:  73.05708,20.89169,351.7122
29.04:  73.05708,20.89169,351.6975
29.05:  73.05708,20.89169,351.6829
29.07:  73.05708,20.89169,351.6682
29.09:  73.05708,20.89169,351.6599
29.1:  73.05708,20.89169,351.6452
29.12:  73.05708,20.89169,351.6306
29.14:  73.05708,20.89169,351.6159
29.17:  73.05708,20.89169,351.6013
29.19:  73.05708,20.89169,351.5866
29.2:  73.05708,20.89169,351.5656
29.22:  73.05708,20.89169,351.551
29.24:  73.05708,20.89169,351.5363
29.25:  73.05708,20.89169,351.5216
29.27:  73.05708,20.89169,351.507
29.29:  73.05708,20.89169,351.4923
29.3:  73.05708,20.89169,351.4777
29.32:  73.05708,20.89169,351.463
29.34:  73.05708,20.89169,351.4484
29.35:  73.05708,20.89169,351.4337
29.37:  73.05708,20.89169,351.4191
29.39:  73.05708,20.89169,351.4044
29.4:  73.05708,20.89169,351.3897
29.42:  73.05708,20.89169,351.3751
29.44:  73.05708,20.89169,351.3604
29.45:  73.05708,20.89169,351.3521
29.47:  73.05708,20.89169,351.3375
29.49:  73.05708,20.89169,351.3165
29.5:  73.05708,20.89169,351.3018
29.52:  73.05708,20.89169,351.2871
29.54:  73.05708,20.89169,351.2661
29.55:  73.05708,20.89169,351.2515
29.57:  73.05708,20.89169,351.2368
29.59:  73.05708,20.89169,351.2159
29.6:  73.05708,20.89169,351.2012
29.62:  73.05708,20.89169,351.1865
29.64:  73.05708,20.89169,351.1719
29.65:  73.05708,20.89169,351.1572
29.67:  73.05708,20.89169,351.1425
29.69:  73.05708,20.89169,351.1279
29.7:  73.05708,20.89169,351.1133
29.72:  73.05708,20.89169,351.0986
29.74:  73.05708,20.89169,351.0839
29.75:  73.05708,20.89169,351.0693
29.77:  73.05708,20.89169,351.0483
29.79:  73.05708,20.89169,351.0273
29.8:  73.05708,20.89169,351.0126
29.82:  73.05708,20.89169,350.998
29.84:  73.05708,20.89169,350.9833
29.85:  73.05708,20.89169,350.9623
29.87:  73.05708,20.89169,350.9413
29.89:  73.05708,20.89169,350.9267
29.9:  73.05708,20.89169,350.9184
29.92:  73.05708,20.89169,350.91
29.94:  73.05708,20.89169,350.8954
29.95:  73.05708,20.89169,350.8807
29.97:  73.05708,20.89169,350.8724
29.99:  73.05708,20.89169,350.8578
30:  73.05708,20.89169,350.8494
30.02:  73.05708,20.89169,350.8348
30.04:  73.05708,20.89169,350.8138
30.05:  73.05708,20.89169,350.7928
30.07:  73.05708,20.89169,350.7781
30.09:  73.05708,20.89169,350.7571
30.1:  73.05708,20.89169,350.7425
30.12:  73.05708,20.89169,350.7278
30.14:  73.05708,20.89169,350.7068
30.15:  73.05708,20.89169,350.6922
30.17:  73.05708,20.89169,350.6775
30.19:  73.05708,20.89169,350.6629
30.2:  73.05708,20.89169,350.6419
30.22:  73.05708,20.89169,350.6272
30.24:  73.05708,20.89169,350.6125
30.25:  73.05708,20.89169,350.5916
30.27:  73.05708,20.89169,350.5769
30.29:  73.05708,20.89169,350.5623
30.3:  73.05708,20.89169,350.5476
30.32:  73.05708,20.89169,350.5266
30.34:  73.05708,20.89169,350.5119
30.35:  73.05708,20.89169,350.4973
30.37:  73.05708,20.89169,350.4763
30.39:  73.05708,20.89169,350.4616
30.4:  73.05708,20.89169,350.447
30.42:  73.05708,20.89169,350.4323
30.44:  73.05708,20.89169,350.4177
30.45:  73.05708,20.89169,350.403
30.47:  73.05708,20.89169,350.3884
30.49:  73.05708,20.89169,350.3737
30.5:  73.05708,20.89169,350.359
30.52:  73.05708,20.89169,350.3444
30.54:  73.05708,20.89169,350.3297
30.55:  73.05708,20.89169,350.3151
30.57:  73.05708,20.89169,350.3004
30.59:  73.05708,20.89169,350.2794
30.6:  73.05708,20.89169,350.2648
30.62:  73.05708,20.89169,350.2501
30.64:  73.05708,20.89169,350.2291
30.65:  73.05708,20.89169,350.2144
30.67:  73.05708,20.89169,350.1998
30.69:  73.05708,20.89169,350.1788
30.7:  73.05708,20.89169,350.1578
30.72:  73.05708,20.89169,350.1432
30.74:  73.05708,20.89169,350.1285
