ParticipantNo: 12018
Controller type: Gamepad
Training Level Timed:
0.02:  82.7,18.5,270
0.03:  82.7,18.5,270
0.05:  82.7,18.5,270
0.07:  82.7,18.5,270
0.09:  82.7,18.5,270
0.1:  82.7,18.5,270
0.12:  82.7,18.5,270
0.14:  82.7,18.5,270
0.15:  82.7,18.5,270
0.17:  82.7,18.5,270
0.19:  82.7,18.5,270
0.2:  82.7,18.5,270
0.22:  82.7,18.5,270
0.24:  82.7,18.5,270
0.25:  82.7,18.5,270
0.27:  82.7,18.5,270
0.29:  82.7,18.5,270
0.3:  82.7,18.5,270
0.32:  82.7,18.5,270
0.34:  82.7,18.5,270
0.35:  82.7,18.5,270
0.37:  82.7,18.5,270
0.39:  82.7,18.5,270
0.4:  82.7,18.5,270
0.42:  82.7,18.5,270
0.44:  82.7,18.5,270
0.45:  82.7,18.5,270
0.47:  82.7,18.5,270
0.49:  82.7,18.5,270
0.5:  82.7,18.5,270
0.52:  82.7,18.5,270
0.54:  82.7,18.5,270
0.55:  82.7,18.5,270
0.57:  82.7,18.5,270
0.59:  82.7,18.5,270
0.6:  82.7,18.5,270
0.62:  82.7,18.5,270
0.64:  82.7,18.5,270
0.65:  82.7,18.5,270
0.67:  82.7,18.5,270
0.69:  82.7,18.5,270
0.7:  82.7,18.5,270
0.72:  82.7,18.5,270
0.74:  82.7,18.5,270
0.75:  82.7,18.5,270
0.77:  82.7,18.5,270
0.79:  82.7,18.5,270
0.8:  82.7,18.5,270
0.82:  82.7,18.5,270
0.84:  82.7,18.5,270
0.85:  82.7,18.5,270
0.87:  82.7,18.5,270
0.89:  82.7,18.5,270
0.9:  82.7,18.5,270
0.92:  82.7,18.5,270
0.94:  82.7,18.5,270
0.95:  82.7,18.5,270
0.97:  82.7,18.5,270
0.99:  82.7,18.5,270
1:  82.7,18.5,270
1.02:  82.7,18.5,270
1.04:  82.7,18.5,270
1.05:  82.7,18.5,270
1.07:  82.7,18.5,270
1.09:  82.7,18.5,270
1.1:  82.7,18.5,270
1.12:  82.7,18.5,270
1.14:  82.7,18.5,270
1.15:  82.7,18.5,270
1.17:  82.7,18.5,270
1.19:  82.7,18.5,270
1.2:  82.7,18.5,270
1.22:  82.7,18.5,270
1.24:  82.7,18.5,270
1.25:  82.7,18.5,270
1.27:  82.7,18.5,270
1.29:  82.7,18.5,270
1.3:  82.7,18.5,270
1.32:  82.7,18.5,270
1.34:  82.7,18.5,270
1.35:  82.7,18.5,270
1.37:  82.7,18.5,270
1.39:  82.7,18.5,270
1.4:  82.7,18.5,270
1.42:  82.7,18.5,270
1.44:  82.7,18.5,270
1.45:  82.7,18.5,270
1.47:  82.7,18.5,270
1.49:  82.7,18.5,270
1.5:  82.7,18.5,270
1.52:  82.7,18.5,270
1.54:  82.7,18.5,270
1.55:  82.7,18.5,270
1.57:  82.7,18.5,270
1.59:  82.7,18.5,270
1.6:  82.7,18.5,270
1.62:  82.7,18.5,270
1.64:  82.7,18.5,270
1.65:  82.7,18.5,270
1.67:  82.7,18.5,270
1.69:  82.7,18.5,270
1.7:  82.7,18.5,270
1.72:  82.7,18.5,270
1.74:  82.7,18.5,270
1.75:  82.7,18.5,270
1.77:  82.7,18.5,270
1.79:  82.7,18.5,270
1.8:  82.7,18.5,270
1.82:  82.7,18.5,270
1.84:  82.7,18.5,270
1.85:  82.7,18.5,270
1.87:  82.7,18.5,270
1.89:  82.7,18.5,270
1.9:  82.7,18.5,270
1.92:  82.7,18.5,270
1.94:  82.7,18.5,270
1.95:  82.7,18.5,270
1.97:  82.7,18.5,270
1.99:  82.7,18.5,270
2:  82.7,18.5,270
2.02:  82.7,18.5,270
2.04:  82.7,18.5,270
2.05:  82.7,18.5,270
2.07:  82.7,18.5,270
2.09:  82.7,18.5,270
2.1:  82.7,18.5,270
2.12:  82.7,18.5,270
2.14:  82.7,18.5,270
2.15:  82.7,18.5,270
2.17:  82.7,18.5,270
2.19:  82.7,18.5,270
2.2:  82.7,18.5,270
2.22:  82.7,18.5,270
2.24:  82.7,18.5,270
2.25:  82.7,18.5,270
2.27:  82.7,18.5,270
2.29:  82.7,18.5,270
2.3:  82.7,18.5,270
2.32:  82.7,18.5,270
2.34:  82.7,18.5,270
2.35:  82.7,18.5,270
2.37:  82.7,18.5,270
2.39:  82.7,18.5,270
2.4:  82.7,18.5,270
2.42:  82.7,18.5,270
2.44:  82.7,18.5,270
2.45:  82.7,18.5,270
2.47:  82.7,18.5,270
2.49:  82.7,18.5,270
2.5:  82.7,18.5,270
2.52:  82.7,18.5,270
2.54:  82.7,18.5,270
2.55:  82.7,18.5,270
2.57:  82.7,18.5,270
2.59:  82.7,18.5,270
2.6:  82.7,18.5,270
2.62:  82.7,18.5,270
2.64:  82.7,18.5,270
2.65:  82.7,18.5,270
2.67:  82.7,18.5,270
2.69:  82.7,18.5,270
2.7:  82.7,18.5,270
2.72:  82.7,18.5,270
2.74:  82.7,18.5,270
2.75:  82.7,18.5,270
2.77:  82.7,18.5,270
2.79:  82.7,18.5,270
2.8:  82.7,18.5,270
2.82:  82.7,18.5,270
2.84:  82.7,18.5,270
2.85:  82.7,18.5,270
2.87:  82.7,18.5,270
2.89:  82.7,18.5,270
2.9:  82.7,18.5,270
2.92:  82.7,18.5,270
2.94:  82.7,18.5,270
2.95:  82.7,18.5,270
2.97:  82.7,18.5,270
2.99:  82.7,18.5,270
3:  82.7,18.5,270
3.02:  82.7,18.5,270
3.04:  82.7,18.5,270
3.05:  82.7,18.5,270
3.07:  82.7,18.5,270
3.09:  82.7,18.5,270
3.1:  82.7,18.5,270
3.12:  82.7,18.5,270
3.14:  82.7,18.5,270
3.15:  82.7,18.5,270
3.17:  82.7,18.5,270
3.19:  82.7,18.5,270
3.2:  82.7,18.5,270
3.22:  82.7,18.5,270
3.24:  82.7,18.5,270
3.25:  82.7,18.5,270
3.27:  82.7,18.5,270
3.29:  82.7,18.5,270
3.3:  82.7,18.5,270
3.32:  82.7,18.5,270
3.34:  82.7,18.5,270
3.35:  82.7,18.5,270
3.37:  82.7,18.5,270
3.39:  82.7,18.5,270
3.4:  82.7,18.5,270
3.42:  82.7,18.5,270
3.44:  82.7,18.5,270
3.45:  82.7,18.5,270
3.47:  82.7,18.5,270
3.49:  82.7,18.5,270
3.5:  82.7,18.5,270
3.52:  82.7,18.5,270
3.54:  82.7,18.5,270
3.55:  82.7,18.5,270
3.57:  82.7,18.5,270
3.59:  82.7,18.5,270
3.6:  82.7,18.5,270
3.62:  82.7,18.5,270
3.64:  82.7,18.5,270
3.65:  82.7,18.5,270
3.67:  82.7,18.5,270
3.69:  82.7,18.5,270
3.7:  82.7,18.5,270
3.72:  82.7,18.5,270
3.74:  82.7,18.5,270
3.75:  82.7,18.5,270
3.77:  82.7,18.5,270
3.79:  82.7,18.5,270
3.8:  82.7,18.5,270
3.82:  82.7,18.5,270
3.84:  82.7,18.5,270
3.85:  82.7,18.5,270
3.89:  82.7,18.5,270
3.9:  82.7,18.5,270
3.92:  82.7,18.5,270
3.94:  82.7,18.5,270
3.95:  82.7,18.5,270
3.97:  82.7,18.5,270
3.99:  82.7,18.5,270
4:  82.7,18.5,270
4.02:  82.7,18.5,270
4.04:  82.7,18.5,270
4.05:  82.7,18.5,270
4.07:  82.7,18.5,270
4.09:  82.7,18.5,270
4.1:  82.7,18.5,270
4.12:  82.7,18.5,270
4.14:  82.7,18.5,270
4.15:  82.7,18.5,270
4.17:  82.7,18.5,270
4.19:  82.7,18.5,270
4.2:  82.7,18.5,270
4.22:  82.7,18.5,270
4.24:  82.7,18.5,270
4.25:  82.7,18.5,270
4.27:  82.7,18.5,270
4.29:  82.7,18.5,270
4.3:  82.7,18.5,270
4.32:  82.7,18.47548,270
4.34:  82.7,18.39064,270
4.35:  82.7,18.23678,270
4.37:  82.67977,18.00167,270
4.39:  82.6579,17.75374,270
4.4:  82.6362,17.50787,270
4.42:  82.6142,17.25853,270
4.44:  82.59169,17.00592,270
4.45:  82.57262,16.76267,270
4.47:  82.55786,16.51429,270
4.49:  82.54068,16.26401,270
4.5:  82.52358,16.0149,270
4.52:  82.50636,15.76386,270
4.54:  82.48936,15.51626,270
4.55:  82.47211,15.26472,270
4.57:  82.45489,15.01383,270
4.59:  82.45489,14.76512,270
4.6:  82.45489,14.51486,270
4.62:  82.45489,14.26475,270
4.64:  82.45489,14.01745,270
4.65:  82.45489,13.75547,270
4.67:  82.45489,13.51464,270
4.69:  82.45489,13.26388,270
4.7:  82.45489,13.01407,270
4.72:  82.45489,12.76428,270
4.74:  82.45489,12.51793,270
4.75:  82.45489,12.26473,270
4.77:  82.45489,12.01336,270
4.79:  82.45489,11.7651,270
4.8:  82.45489,11.51509,270
4.82:  82.45489,11.26434,270
4.84:  82.45489,11.01644,270
4.85:  82.45489,10.76403,270
4.87:  82.45489,10.51491,270
4.89:  82.45489,10.26387,270
4.9:  82.45489,10.01809,270
4.92:  82.45489,9.764062,270
4.94:  82.45489,9.580431,270
4.95:  82.45489,9.580431,269.998
4.97:  82.45489,9.580431,269.977
4.99:  82.45489,9.580431,269.8863
5:  82.45489,9.580431,269.6435
5.02:  82.45489,9.580431,269.2232
5.04:  82.45489,9.580431,268.5938
5.05:  82.45489,9.580431,267.8376
5.07:  82.45489,9.580431,267.0877
5.09:  82.45489,9.580431,266.3252
5.1:  82.45489,9.580431,265.55
5.12:  82.45489,9.580431,264.7685
5.14:  82.45489,9.580431,263.9869
5.15:  82.45489,9.580431,263.2054
5.17:  82.45489,9.580431,262.4302
5.19:  82.45489,9.580431,261.655
5.2:  82.45489,9.580431,260.8798
5.22:  82.45489,9.580431,260.0982
5.24:  82.45489,9.580431,259.3167
5.25:  82.45489,9.580431,258.5352
5.27:  82.45489,9.580431,257.7536
5.29:  82.45489,9.580431,256.9721
5.3:  82.45489,9.580431,256.1906
5.32:  82.45489,9.580431,255.409
5.34:  82.45489,9.580431,254.6275
5.35:  82.45489,9.580431,253.8459
5.37:  82.45489,9.580431,253.058
5.39:  82.45489,9.580431,252.2702
5.4:  82.45489,9.580431,251.4886
5.42:  82.45489,9.580431,250.7071
5.44:  82.45489,9.580431,249.9255
5.45:  82.45489,9.580431,249.144
5.47:  82.45489,9.580431,248.3561
5.49:  82.45489,9.580431,247.5682
5.5:  82.45489,9.580431,246.7867
5.52:  82.45489,9.580431,245.9988
5.54:  82.45489,9.580431,245.2109
5.55:  82.45489,9.580431,244.4294
5.57:  82.45489,9.580431,243.6415
5.59:  82.45489,9.580431,242.8536
5.6:  82.45489,9.580431,242.0658
5.62:  82.45489,9.580431,241.2779
5.64:  82.45489,9.580431,240.49
5.65:  82.45489,9.580431,239.7021
5.67:  82.45489,9.580431,238.9206
5.69:  82.45489,9.580431,238.1327
5.7:  82.45489,9.580431,237.3448
5.72:  82.45489,9.580431,236.5569
5.74:  82.45489,9.580431,235.7754
5.75:  82.45489,9.580431,234.9875
5.77:  82.45489,9.580431,234.1996
5.79:  82.45489,9.580431,233.4118
5.8:  82.45489,9.580431,232.6302
5.82:  82.45489,9.580431,231.8487
5.84:  82.45489,9.580431,231.0671
5.85:  82.45489,9.580431,230.2793
5.87:  82.45489,9.580431,229.4914
5.89:  82.45489,9.580431,228.7035
5.9:  82.45489,9.580431,227.922
5.92:  82.45489,9.580431,227.1341
5.94:  82.45489,9.580431,226.3525
5.95:  82.45489,9.580431,225.571
5.97:  82.45489,9.580431,224.7895
5.99:  82.45489,9.580431,224.0016
6:  82.45489,9.580431,223.2137
6.02:  82.45489,9.580431,222.4322
6.04:  82.45489,9.580431,221.6443
6.05:  82.45489,9.580431,220.8627
6.07:  82.45489,9.580431,220.0749
6.09:  82.45489,9.580431,219.287
6.1:  82.45489,9.580431,218.4991
6.12:  82.45489,9.580431,217.7112
6.14:  82.45489,9.580431,216.9297
6.15:  82.45489,9.580431,216.1418
6.17:  82.45489,9.580431,215.3539
6.19:  82.45489,9.580431,214.5724
6.2:  82.45489,9.580431,213.7845
6.22:  82.45489,9.580431,213.003
6.24:  82.45489,9.580431,212.2151
6.25:  82.45489,9.580431,211.4399
6.27:  82.45489,9.580431,210.8105
6.29:  82.45489,9.580431,210.3775
6.3:  82.45489,9.580431,210.0777
6.32:  82.40824,9.499312,209.8982
6.34:  82.32922,9.269958,209.8519
6.35:  82.24796,9.030296,209.8245
6.37:  82.16792,8.793872,209.7972
6.39:  82.08472,8.547769,209.7699
6.4:  82.00521,8.312146,209.7425
6.42:  81.9241,8.071446,209.7152
6.44:  81.84051,7.822873,209.6815
6.45:  81.76325,7.5854,209.6542
6.47:  81.68314,7.346407,209.6269
6.49:  81.60626,7.101524,209.5995
6.5:  81.53835,6.852818,209.5722
6.52:  81.47369,6.604168,209.5449
6.54:  81.40936,6.356351,209.5175
6.55:  81.34522,6.108762,209.4902
6.57:  81.29341,5.863091,209.4629
6.59:  81.25457,5.614504,209.4355
6.6:  81.22144,5.366439,209.4082
6.62:  81.19381,5.117342,209.3809
6.64:  81.1739,4.866618,209.3535
6.65:  81.15888,4.62249,209.3262
6.67:  81.15684,4.369634,209.2989
6.69:  81.16798,4.120166,209.2716
6.7:  81.19038,3.875632,209.2442
6.72:  81.21986,3.630343,209.2169
6.74:  81.25233,3.389771,209.1832
6.75:  81.29018,3.147194,209.1559
6.77:  81.33118,2.907675,209.1286
6.79:  81.37421,2.668206,209.1012
6.8:  81.42071,2.429656,209.0739
6.82:  81.47134,2.196423,209.0466
6.84:  81.52601,1.96145,209.0192
6.85:  81.58083,1.726372,208.9919
6.87:  81.63644,1.488332,208.9646
6.89:  81.68935,1.254545,208.9309
6.9:  81.74209,1.022013,208.9035
6.92:  81.79441,0.7918556,208.8762
6.94:  81.85078,0.5526858,208.8552
6.95:  81.90609,0.3183819,208.8342
6.97:  81.96174,0.08302939,208.8132
6.99:  82.01727,-0.1513066,208.7859
7:  82.07066,-0.3838486,208.7522
7.02:  82.12657,-0.6186941,208.7249
7.04:  82.18228,-0.8521783,208.6976
7.05:  82.23407,-1.090835,208.6702
7.07:  82.28485,-1.331898,208.6429
7.09:  82.33621,-1.567467,208.6156
7.1:  82.38736,-1.808846,208.5756
7.12:  82.43979,-2.05532,208.5292
7.14:  82.49006,-2.290661,208.4829
7.15:  82.54102,-2.528356,208.4365
7.17:  82.59253,-2.767099,208.3648
7.19:  82.64592,-3.005176,208.2741
7.2:  82.69826,-3.243456,208.1517
7.22:  82.75278,-3.481045,207.9913
7.24:  82.80827,-3.718647,207.7675
7.25:  82.86778,-3.953302,207.4993
7.27:  82.92944,-4.184038,207.1551
7.29:  82.9944,-4.420259,206.7411
7.3:  83.06009,-4.65188,206.2828
7.32:  83.13013,-4.884367,205.7802
7.34:  83.20013,-5.114803,205.2205
7.35:  83.27247,-5.344483,204.6354
7.37:  83.34921,-5.573948,204.0186
7.39:  83.42795,-5.800773,203.4019
7.4:  83.50785,-6.02853,202.7851
7.42:  83.59303,-6.25311,202.1684
7.44:  83.68311,-6.487843,201.5516
7.45:  83.76951,-6.710716,200.9285
7.47:  83.85821,-6.928078,200.3118
7.49:  83.94876,-7.148281,199.7204
7.5:  84.03551,-7.3678,199.2303
7.52:  84.11752,-7.582253,198.8798
7.54:  84.195,-7.78512,198.656
7.55:  84.25339,-7.977019,198.5336
7.57:  84.29755,-8.163131,198.4999
7.59:  84.30892,-8.33539,198.4726
7.6:  84.29718,-8.503196,198.4453
7.62:  84.25304,-8.659016,198.4179
7.64:  84.20108,-8.815298,198.3906
7.65:  84.14571,-8.982121,198.3633
7.67:  84.08623,-9.161589,198.3359
7.69:  84.02331,-9.351757,198.3086
7.7:  83.95546,-9.557132,198.2813
7.72:  83.8848,-9.771359,198.2539
7.74:  83.8092,-10.00093,198.2266
7.75:  83.72995,-10.242,198.1993
7.77:  83.65173,-10.4803,198.1719
7.79:  83.57415,-10.71704,198.1446
7.8:  83.49442,-10.96073,198.1173
7.82:  83.41788,-11.19502,198.0899
7.84:  83.34179,-11.42834,198.0626
7.85:  83.26385,-11.66761,198.0416
7.87:  83.18604,-11.90682,198.0206
7.89:  83.10913,-12.14359,197.9933
7.9:  83.03207,-12.38124,197.9659
7.92:  82.95565,-12.6173,197.9386
7.94:  82.87703,-12.86056,197.9113
7.95:  82.80107,-13.09596,197.8839
7.97:  82.72575,-13.32974,197.8566
7.99:  82.66229,-13.5758,197.8293
8:  82.61234,-13.81815,197.802
8.02:  82.56821,-14.06943,197.7746
8.04:  82.53387,-14.32214,197.7473
8.05:  82.50616,-14.58225,197.7136
8.07:  82.4842,-14.83435,197.6863
8.09:  82.46453,-15.08858,197.6653
8.1:  82.44949,-15.3464,197.638
8.12:  82.43776,-15.60052,197.6106
8.14:  82.42612,-15.8545,197.5896
8.15:  82.4175,-16.11084,197.5686
8.17:  82.41521,-16.36281,197.5413
8.19:  82.42844,-16.61226,197.5203
8.2:  82.44725,-16.86193,197.493
8.22:  82.47074,-17.11196,197.4657
8.24:  82.49545,-17.3735,197.4383
8.25:  82.5167,-17.62131,197.4173
8.27:  82.5404,-17.87003,197.39
8.29:  82.56404,-18.11687,197.3627
8.3:  82.58852,-18.37116,197.3353
8.32:  82.61249,-18.61893,197.308
8.34:  82.63737,-18.87487,197.2807
8.35:  82.6619,-19.12598,197.2533
8.37:  82.68433,-19.37718,197.2197
8.39:  82.70676,-19.62727,197.1923
8.4:  82.73002,-19.88537,197.1713
8.42:  82.75294,-20.12834,197.144
8.44:  82.7779,-20.37771,197.1167
8.45:  82.80316,-20.62879,197.0893
8.47:  82.8263,-20.88053,197.0683
8.49:  82.84937,-21.1302,197.041
8.5:  82.87488,-21.3805,197.0137
8.52:  82.89826,-21.63098,196.9863
8.54:  82.92144,-21.87805,196.959
8.55:  82.94626,-22.13109,196.9317
8.57:  82.97232,-22.38205,196.9044
8.59:  82.99845,-22.63244,196.877
8.6:  83.02246,-22.8832,196.8497
8.62:  83.04671,-23.13525,196.8224
8.64:  83.07098,-23.38618,196.795
8.65:  83.09756,-23.63643,196.774
8.67:  83.12447,-23.88889,196.7467
8.69:  83.14888,-24.13752,196.713
8.7:  83.17358,-24.38786,196.6857
8.72:  83.19849,-24.63926,196.6584
8.74:  83.22346,-24.88984,196.631
8.75:  83.25077,-25.14006,196.6037
8.77:  83.27838,-25.39187,196.5764
8.79:  83.30604,-25.64326,196.5554
8.8:  83.33369,-25.8937,196.5344
8.82:  83.35913,-26.14396,196.5134
8.84:  83.38715,-26.39585,196.4861
8.85:  83.41274,-26.64511,196.4587
8.87:  83.44105,-26.89738,196.4314
8.89:  83.46931,-27.14821,196.4041
8.9:  83.49535,-27.39831,196.3767
8.92:  83.52127,-27.64648,196.3557
8.94:  83.54852,-27.90618,196.3284
8.95:  83.57456,-28.15312,196.3011
8.97:  83.6008,-28.40085,196.2737
8.99:  83.62743,-28.65111,196.2464
9:  83.65405,-28.90022,196.2191
9.02:  83.68198,-29.16035,196.1917
9.04:  83.70815,-29.40329,196.1707
9.05:  83.73507,-29.65211,196.1434
9.07:  83.76233,-29.90288,196.1161
9.09:  83.78949,-30.15167,196.0887
9.1:  83.81687,-30.40135,196.0614
9.12:  83.84775,-30.66034,196.0341
9.14:  83.87695,-30.90426,196.0067
9.15:  83.90479,-31.15499,195.9857
9.17:  83.93251,-31.40397,195.9648
9.19:  83.96109,-31.65948,195.9374
9.2:  83.98846,-31.90318,195.9101
9.22:  84.01671,-32.15356,195.8828
9.24:  84.0473,-32.40374,195.8618
9.25:  84.0783,-32.65645,195.8408
9.27:  84.10648,-32.90384,195.8198
9.29:  84.13522,-33.15522,195.7988
9.3:  84.16388,-33.40488,195.7715
9.32:  84.19269,-33.65506,195.7505
9.34:  84.2214,-33.90335,195.7231
9.35:  84.25069,-34.15555,195.6958
9.37:  84.27984,-34.40578,195.6748
9.39:  84.30877,-34.65286,195.6411
9.4:  84.34081,-34.90583,195.6138
9.42:  84.37116,-35.16314,195.5928
9.44:  84.40047,-35.41093,195.5718
9.45:  84.42986,-35.65821,195.5445
9.47:  84.45955,-35.90736,195.5235
9.49:  84.49188,-36.1585,195.4962
9.5:  84.524,-36.40697,195.4688
9.52:  84.5543,-36.65839,195.4478
9.54:  84.58431,-36.90665,195.4268
9.55:  84.61477,-37.15786,195.4058
9.57:  84.64686,-37.40307,195.3785
9.59:  84.67762,-37.65474,195.3512
9.6:  84.70953,-37.91478,195.3239
9.62:  84.74252,-38.16435,195.3029
9.64:  84.77498,-38.40921,195.2819
9.65:  84.80825,-38.65927,195.2545
9.67:  84.84013,-38.91542,195.2272
9.69:  84.87347,-39.1642,195.1999
9.7:  84.90628,-39.40813,195.1725
9.72:  84.94019,-39.65928,195.1452
9.74:  84.97184,-39.90981,195.1179
9.75:  85.00549,-40.15728,195.0905
9.77:  85.03842,-40.41614,195.0695
9.79:  85.06984,-40.66238,195.0485
9.8:  85.10128,-40.90809,195.0275
9.82:  85.13335,-41.15775,195.0002
9.84:  85.16557,-41.40769,194.9729
9.85:  85.19789,-41.65763,194.9519
9.87:  85.22753,-41.90345,194.9246
9.89:  85.26035,-42.15537,194.8972
9.9:  85.29295,-42.40484,194.8762
9.92:  85.32336,-42.65433,194.8489
9.94:  85.34856,-42.90517,194.8216
9.95:  85.36833,-43.15521,194.7942
9.97:  85.37524,-43.40882,194.7669
9.99:  85.37091,-43.66499,194.7396
10:  85.35245,-43.9188,194.7122
10.02:  85.32223,-44.16964,194.6849
10.04:  85.28004,-44.41866,194.6576
10.05:  85.22659,-44.66206,194.6302
10.07:  85.16337,-44.90474,194.6029
10.09:  85.10032,-45.14722,194.5756
10.1:  85.03824,-45.38644,194.5482
10.12:  84.97536,-45.6291,194.5273
10.14:  84.91341,-45.86863,194.4999
10.15:  84.85027,-46.11327,194.4726
10.17:  84.78751,-46.35676,194.4516
10.19:  84.72578,-46.59681,194.4243
10.2:  84.66325,-46.84035,194.3969
10.22:  84.60126,-47.08231,194.3696
10.24:  84.53945,-47.32407,194.3423
10.25:  84.47795,-47.56511,194.3149
10.27:  84.41568,-47.8095,194.2939
10.29:  84.35391,-48.05242,194.2666
10.3:  84.29283,-48.29312,194.2393
10.32:  84.22958,-48.54289,194.2119
10.34:  84.16801,-48.78644,194.1846
10.35:  84.10889,-49.02086,194.1573
10.37:  84.05956,-49.26717,194.1299
10.39:  84.03124,-49.52391,194.1089
10.4:  84.01563,-49.77658,194.088
10.42:  84.00506,-50.02613,194.0606
10.44:  83.99445,-50.27915,194.0333
10.45:  83.98621,-50.5367,194.006
10.47:  83.9781,-50.79344,193.9786
10.49:  83.97023,-51.04673,193.9513
10.5:  83.96241,-51.30238,193.924
10.52:  83.95467,-51.5585,193.903
10.54:  83.94228,-51.81289,193.882
10.55:  83.91814,-52.06406,193.8546
10.57:  83.86794,-52.30903,193.8273
10.59:  83.80823,-52.55213,193.8
10.6:  83.7486,-52.79541,193.7726
10.62:  83.68925,-53.03801,193.7453
10.64:  83.63004,-53.28059,193.718
10.65:  83.57096,-53.52311,193.6906
10.67:  83.51154,-53.76751,193.6633
10.69:  83.45292,-54.00919,193.636
10.7:  83.39385,-54.25317,193.6087
10.72:  83.33516,-54.49614,193.5813
10.74:  83.27641,-54.7398,193.554
10.75:  83.21658,-54.98853,193.5267
10.77:  83.15958,-55.22596,193.4993
10.79:  83.10153,-55.46815,193.4783
10.8:  83.0435,-55.71077,193.451
10.82:  82.96729,-55.94537,193.4237
10.84:  82.88638,-56.15982,193.3963
10.87:  82.79219,-56.36363,193.369
10.89:  82.69334,-56.55832,193.348
10.9:  82.59245,-56.72722,193.327
10.92:  82.49429,-56.85502,193.2997
10.94:  82.39433,-56.94742,193.2724
10.95:  82.30091,-57.01535,193.245
10.97:  82.20909,-57.05947,193.2177
10.99:  82.13181,-57.08338,193.1903
11:  82.07104,-57.09897,193.163
11.02:  82.03621,-57.10841,193.1357
11.04:  82.03621,-57.10841,193.1084
11.05:  82.03621,-57.10841,193.081
11.07:  82.03621,-57.10841,193.0537
11.09:  82.03621,-57.10841,193.0264
11.1:  82.03621,-57.10841,192.999
11.12:  82.03621,-57.10841,192.9717
11.14:  82.03621,-57.10841,192.9444
11.15:  82.03621,-57.10841,192.9424
11.17:  82.03621,-57.10841,192.9424
11.19:  82.03621,-57.10841,193.0965
11.2:  82.03621,-57.10841,193.4534
11.22:  82.03621,-57.10841,194.0638
11.24:  82.03621,-57.10841,194.8517
11.25:  82.03621,-57.10841,195.6396
11.27:  82.03621,-57.10841,196.4274
11.29:  82.03621,-57.10841,197.2153
11.3:  82.03621,-57.10841,198.0032
11.32:  82.03621,-57.10841,198.7911
11.34:  82.03621,-57.10841,199.5789
11.35:  82.03621,-57.10841,200.3668
11.37:  82.03621,-57.10841,201.1547
11.39:  82.03621,-57.10841,201.9426
11.4:  82.03621,-57.10841,202.7305
11.42:  82.03621,-57.10841,203.5183
11.44:  82.03621,-57.10841,204.3062
11.45:  82.03621,-57.10841,205.0941
11.47:  82.03621,-57.10841,205.882
11.49:  82.03621,-57.10841,206.6699
11.5:  82.03621,-57.10841,207.4577
11.52:  82.03621,-57.10841,208.2456
11.54:  82.03621,-57.10841,209.0335
11.55:  82.03621,-57.10841,209.8214
11.57:  82.03621,-57.10841,210.6093
11.59:  82.03621,-57.10841,211.3971
11.6:  82.03621,-57.10841,212.185
11.62:  82.03621,-57.10841,212.9729
11.64:  82.03621,-57.10841,213.7608
11.65:  82.03621,-57.10841,214.5487
11.67:  82.03621,-57.10841,215.3365
11.69:  82.03621,-57.10841,216.1244
11.7:  82.03621,-57.10841,216.9123
11.72:  82.03621,-57.10841,217.7002
11.74:  82.03621,-57.10841,218.4881
11.75:  82.03621,-57.10841,219.2759
11.77:  82.03621,-57.10841,220.0638
11.79:  82.03621,-57.10841,220.8517
11.8:  82.03621,-57.10841,221.6396
11.82:  82.03621,-57.10841,222.4274
11.84:  82.03621,-57.10841,223.2153
11.85:  82.03621,-57.10841,224.0032
11.87:  82.03621,-57.10841,224.7911
11.89:  82.03621,-57.10841,225.579
11.9:  82.03621,-57.10841,226.3668
11.92:  82.03621,-57.10841,227.1547
11.94:  82.03621,-57.10841,227.9426
11.95:  82.03621,-57.10841,228.7305
11.97:  82.03621,-57.10841,229.5184
11.99:  82.03621,-57.10841,230.3062
12:  82.03621,-57.10841,231.0941
12.02:  82.03621,-57.10841,231.882
12.04:  82.03621,-57.10841,232.6699
12.05:  82.03621,-57.10841,233.4578
12.07:  82.03621,-57.10841,234.2456
12.09:  82.03621,-57.10841,235.0335
12.1:  82.03621,-57.10841,235.8214
12.12:  82.03621,-57.10841,236.6093
12.14:  82.03621,-57.10841,237.3972
12.15:  82.03621,-57.10841,238.185
12.17:  82.03621,-57.10841,238.9729
12.19:  82.03621,-57.10841,239.7608
12.2:  82.03621,-57.10841,240.5487
12.22:  82.03621,-57.10841,241.3365
12.24:  82.03621,-57.10841,242.1244
12.25:  82.03621,-57.10841,242.9123
12.27:  82.03621,-57.10841,243.7002
12.29:  82.03621,-57.10841,244.4881
12.3:  82.03621,-57.10841,245.2062
12.32:  82.03621,-57.10841,245.8483
12.34:  82.03621,-57.10841,246.4524
12.35:  82.03621,-57.10841,247.0058
12.37:  82.03621,-57.10841,247.5275
12.39:  82.03621,-57.10841,248.0365
12.4:  82.03621,-57.10841,248.5392
12.42:  82.03621,-57.10841,249.0355
12.44:  82.03621,-57.10841,249.5382
12.45:  82.03621,-57.10841,250.0408
12.47:  82.03621,-57.10841,250.5372
12.49:  82.03621,-57.10841,251.0399
12.5:  82.03621,-57.10841,251.5362
12.52:  82.03621,-57.10841,252.0325
12.54:  82.03621,-57.10841,252.5289
12.55:  82.03621,-57.10841,253.0252
12.57:  82.03621,-57.10841,253.4708
12.59:  82.03621,-57.10841,253.8848
12.6:  82.03621,-57.10841,254.2734
12.62:  82.03621,-57.10841,254.6493
12.64:  82.03621,-57.10841,255.0252
12.65:  82.03621,-57.10841,255.3948
12.67:  82.03621,-57.10841,255.7707
12.69:  82.03621,-57.10841,256.1403
12.7:  82.03621,-57.10841,256.5099
12.72:  82.03621,-57.10841,256.8794
12.74:  82.03621,-57.10841,257.249
12.75:  82.03621,-57.10841,257.6122
12.77:  82.03621,-57.10841,257.9755
12.79:  82.03621,-57.10841,258.3387
12.8:  82.03621,-57.10841,258.702
12.82:  82.03621,-57.10841,259.0589
12.84:  82.03621,-57.10841,259.4094
12.85:  82.03621,-57.10841,259.741
12.87:  82.03621,-57.10841,260.0662
12.89:  82.03621,-57.10841,260.3724
12.9:  82.01172,-57.11244,260.6596
12.92:  81.94638,-57.1229,260.9024
12.94:  81.81795,-57.14294,261.1326
12.95:  81.63085,-57.20115,261.3564
12.97:  81.39915,-57.30209,261.5675
12.99:  81.16531,-57.40394,261.5758
13:  80.9336,-57.50738,261.5841
13.02:  80.70365,-57.61,261.5925
13.04:  80.47076,-57.71201,261.6008
13.05:  80.24055,-57.81467,261.6091
13.07:  80.00675,-57.92149,261.6174
13.09:  79.78098,-58.04167,261.6257
13.1:  79.55891,-58.16078,261.6341
13.12:  79.33556,-58.28053,261.6424
13.14:  79.11655,-58.39885,261.6507
13.15:  78.89358,-58.51831,261.659
13.17:  78.66971,-58.63822,261.6673
13.19:  78.44482,-58.75863,261.6757
13.2:  78.22443,-58.87658,261.684
13.22:  78.00603,-58.99437,261.6923
13.24:  77.78071,-59.11489,261.7006
13.25:  77.56023,-59.23276,261.7089
13.27:  77.33074,-59.34652,261.7172
13.29:  77.09718,-59.44427,261.7256
13.3:  76.8543,-59.52961,261.7339
13.32:  76.6132,-59.59907,261.7422
13.34:  76.36866,-59.65685,261.7505
13.35:  76.1218,-59.70257,261.7525
13.37:  75.87576,-59.74066,261.7608
13.39:  75.62749,-59.77657,261.7691
13.4:  75.37999,-59.81234,261.7774
13.42:  75.13263,-59.84805,261.7858
13.44:  74.88723,-59.88343,261.7941
13.45:  74.63828,-59.9193,261.8024
13.47:  74.39056,-59.95495,261.8107
13.49:  74.13826,-59.99122,261.819
13.5:  73.89297,-60.02645,261.8274
13.52:  73.64825,-60.06155,261.8357
13.54:  73.40052,-60.09706,261.844
13.55:  73.15248,-60.13257,261.8523
13.57:  72.90554,-60.16789,261.8606
13.59:  72.65765,-60.20333,261.8626
13.6:  72.41115,-60.23854,261.8709
13.62:  72.16389,-60.27383,261.8792
13.64:  71.91895,-60.30874,261.8876
13.65:  71.66977,-60.34422,261.8959
13.67:  71.41161,-60.38094,261.9042
13.69:  71.17268,-60.41489,261.9125
13.7:  70.92465,-60.45008,261.9272
13.72:  70.67754,-60.48509,261.9355
13.74:  70.43017,-60.5201,261.9438
13.75:  70.18379,-60.55494,261.9521
13.77:  69.93504,-60.59007,261.9604
13.79:  69.68117,-60.62589,261.9688
13.8:  69.43434,-60.66068,261.9771
13.82:  69.19139,-60.69486,261.9918
13.84:  68.9467,-60.72925,262.0001
13.85:  68.70007,-60.76388,262.0084
13.87:  68.4437,-60.7998,262.023
13.89:  68.19932,-60.83401,262.0314
13.9:  67.95405,-60.86831,262.0397
13.92:  67.70764,-60.90273,262.048
13.94:  67.45143,-60.93848,262.0563
13.95:  67.20731,-60.97251,262.0646
13.97:  66.96683,-61.00602,262.0666
13.99:  66.71605,-61.04096,262.0686
14:  66.46842,-61.07542,262.0769
14.02:  66.22159,-61.10976,262.0789
14.04:  65.97425,-61.14414,262.0872
14.05:  65.7261,-61.1786,262.0956
14.07:  65.47811,-61.21299,262.1039
14.09:  65.22382,-61.24822,262.1122
14.1:  64.98307,-61.28154,262.1205
14.12:  64.73655,-61.31562,262.1288
14.14:  64.48812,-61.34993,262.1371
14.15:  64.24108,-61.38401,262.1454
14.17:  63.9937,-61.4181,262.1538
14.19:  63.74533,-61.45229,262.1621
14.2:  63.49775,-61.48633,262.1704
14.22:  63.25035,-61.52032,262.1787
14.24:  63.00175,-61.55443,262.187
14.25:  62.75463,-61.58833,262.189
14.27:  62.50758,-61.62218,262.1974
14.29:  62.25012,-61.65742,262.2057
14.3:  62.00472,-61.69098,262.214
14.32:  61.76185,-61.72415,262.2223
14.34:  61.51484,-61.75785,262.2307
14.35:  61.26794,-61.79147,262.2453
14.37:  61.01376,-61.82599,262.2663
14.39:  60.77274,-61.85863,262.2873
14.4:  60.52499,-61.89204,262.321
14.42:  60.27785,-61.92521,262.3546
14.44:  60.03027,-61.95819,262.4137
14.45:  59.7816,-61.99094,262.498
14.47:  59.53407,-62.02291,262.6394
14.49:  59.28881,-62.05373,262.8379
14.5:  59.03672,-62.08424,263.0997
14.52:  58.78094,-62.11366,263.4376
14.54:  58.53862,-62.13976,263.8516
14.55:  58.29131,-62.1643,264.3352
14.57:  58.04213,-62.18636,264.9393
14.59:  57.79261,-62.20551,265.6131
14.6:  57.54507,-62.22141,266.3249
14.62:  57.2951,-62.23409,267.0938
14.64:  57.04423,-62.24337,267.8817
14.65:  56.79393,-62.24919,268.6696
14.67:  56.5442,-62.25155,269.4574
14.69:  56.29435,-62.25048,270.2453
14.7:  56.04416,-62.24597,271.0332
14.72:  55.78751,-62.23781,271.8211
14.74:  55.54491,-62.22676,272.6089
14.75:  55.29423,-62.21188,273.3968
14.77:  55.04599,-62.19371,274.1847
14.79:  54.7887,-62.17133,274.9726
14.8:  54.54475,-62.14672,275.7605
14.82:  54.30077,-62.11871,276.5483
14.84:  54.04876,-62.08627,277.3362
14.85:  53.80427,-62.05136,278.1241
14.87:  53.55808,-62.01276,278.912
14.89:  53.31149,-61.97061,279.6999
14.9:  53.06471,-61.92493,280.4877
14.92:  52.81961,-61.87606,281.2756
14.94:  52.57813,-61.82445,282.0635
14.95:  52.33117,-61.76811,282.8514
14.97:  52.08132,-61.70748,283.6393
14.99:  51.84351,-61.64631,284.4271
15:  51.60471,-61.58136,285.215
15.02:  51.36652,-61.51304,286.0029
15.04:  51.13009,-61.4417,286.7908
15.05:  50.88725,-61.36477,287.5786
15.07:  50.64089,-61.28298,288.3665
15.09:  50.4091,-61.20247,289.1544
15.1:  50.17807,-61.11864,289.9423
15.12:  49.94746,-61.03136,290.7302
15.14:  49.70428,-60.93548,291.518
15.15:  49.48094,-60.84386,292.3059
15.17:  49.25113,-60.74586,293.0938
15.19:  49.02227,-60.64454,293.8817
15.2:  48.79622,-60.54071,294.6696
15.22:  48.5699,-60.43296,295.4574
15.24:  48.34503,-60.3221,296.2453
15.25:  48.12331,-60.20896,297.0332
15.27:  47.90216,-60.09226,297.821
15.29:  47.68357,-59.97304,298.6089
15.3:  47.45866,-59.84632,299.3968
15.32:  47.24689,-59.72315,300.1847
15.34:  47.03227,-59.59433,300.9726
15.35:  46.82017,-59.46302,301.7604
15.37:  46.61021,-59.32902,302.5483
15.39:  46.39998,-59.19073,303.3362
15.4:  46.19412,-59.05123,304.1241
15.42:  45.99042,-58.90906,304.912
15.44:  45.78723,-58.76305,305.6999
15.45:  45.58629,-58.61443,306.4877
15.47:  45.38774,-58.46331,307.2756
15.49:  45.18756,-58.30656,308.0635
15.5:  44.99309,-58.14991,308.8514
15.52:  44.80272,-57.9922,309.6393
15.54:  44.61163,-57.82942,310.4271
15.55:  44.43223,-57.65604,311.215
15.57:  44.25862,-57.47671,312.0029
15.59:  44.09072,-57.28766,312.7908
15.6:  43.93854,-57.08541,313.5786
15.62:  43.79649,-56.87482,314.3665
15.64:  43.65636,-56.66078,315.1544
15.65:  43.52473,-56.44012,315.9423
15.67:  43.40178,-56.21313,316.7302
15.69:  43.29168,-55.97979,317.518
15.7:  43.19281,-55.7478,318.3059
15.72:  43.10567,-55.51285,319.0938
15.74:  43.02484,-55.27595,319.8817
15.75:  42.94528,-55.03922,320.6696
15.77:  42.87144,-54.80159,321.4574
15.79:  42.79842,-54.5547,322.2453
15.8:  42.72972,-54.31843,323.0332
15.82:  42.67009,-54.07673,323.821
15.84:  42.62848,-53.82992,324.6089
15.85:  42.59633,-53.57857,325.3968
15.87:  42.57305,-53.32884,326.1086
15.89:  42.55473,-53.07752,326.7761
15.9:  42.54259,-52.82687,327.4119
15.92:  42.53325,-52.57883,328.0286
15.94:  42.52622,-52.32487,328.601
15.95:  42.52168,-52.07301,329.1544
15.97:  42.51949,-51.8239,329.6824
15.99:  42.51943,-51.56171,330.1724
16:  42.53398,-51.31634,330.6244
16.02:  42.56509,-51.07006,331.0067
16.04:  42.59737,-50.82296,331.2495
16.05:  42.62985,-50.57549,331.2831
16.07:  42.66567,-50.3297,331.3105
16.09:  42.70648,-50.0872,331.3315
16.1:  42.75311,-49.84076,331.3461
16.12:  42.80461,-49.59772,331.3608
16.14:  42.86165,-49.3543,331.3691
16.15:  42.92934,-49.1178,331.3774
16.17:  43.00183,-48.88951,331.3794
16.19:  43.08699,-48.68016,331.3814
16.2:  43.18216,-48.49743,331.3897
16.22:  43.28695,-48.33157,331.4107
16.24:  43.39383,-48.184,331.4443
16.25:  43.48917,-48.05176,331.5858
16.27:  43.5681,-47.93441,331.8222
16.29:  43.62524,-47.84905,332.1918
16.3:  43.66062,-47.78934,332.6501
16.32:  43.68018,-47.75751,333.1845
16.34:  43.69334,-47.75105,333.8139
16.35:  43.69334,-47.75105,334.5067
16.37:  43.69334,-47.75105,335.2693
16.39:  43.69334,-47.75105,336.0571
16.4:  43.69334,-47.75105,336.845
16.42:  43.69334,-47.75105,337.6329
16.44:  43.69334,-47.75105,338.4144
16.45:  43.69334,-47.75105,339.2023
16.47:  43.69334,-47.75105,339.9902
16.49:  43.69334,-47.75105,340.7781
16.5:  43.69334,-47.75105,341.5659
16.52:  43.69334,-47.75105,342.3475
16.54:  43.69334,-47.75105,343.129
16.55:  43.69334,-47.75105,343.9169
16.57:  43.69334,-47.75105,344.6985
16.59:  43.69334,-47.75105,345.48
16.6:  43.69334,-47.75105,346.2679
16.62:  43.69334,-47.75105,347.0558
16.64:  43.69334,-47.75105,347.8436
16.65:  43.69334,-47.75105,348.6315
16.67:  43.69334,-47.75105,349.4131
16.69:  43.69334,-47.75105,350.2009
16.7:  43.69334,-47.75105,350.9888
16.72:  43.69334,-47.75105,351.7767
16.74:  43.69334,-47.75105,352.5582
16.75:  43.69334,-47.75105,353.3461
16.77:  43.69334,-47.75105,354.134
16.79:  43.69334,-47.75105,354.9219
16.8:  43.69334,-47.75105,355.7097
16.82:  43.69334,-47.75105,356.4976
16.84:  43.69334,-47.75105,357.2855
16.85:  43.69334,-47.75105,358.0734
16.87:  43.69334,-47.75105,358.8549
16.89:  43.69334,-47.75105,359.6365
16.9:  43.69334,-47.75105,0.4053286
16.92:  43.69334,-47.75105,1.06645
16.94:  43.69498,-47.69399,1.645178
16.95:  43.64893,-47.54766,2.1225
16.97:  43.55902,-47.32451,2.257576
16.99:  43.46523,-47.0929,2.257576
17:  43.37368,-46.86089,2.257576
17.02:  43.28283,-46.63064,2.257576
17.04:  43.18593,-46.39137,2.257576
17.05:  43.09435,-46.16524,2.257576
17.07:  43.00398,-45.93621,2.257576
17.09:  42.91221,-45.70362,2.257576
17.1:  42.81822,-45.47155,2.257576
17.12:  42.72687,-45.24003,2.257576
17.14:  42.63291,-45.00803,2.257576
17.15:  42.54114,-44.77273,2.257576
17.17:  42.45379,-44.54272,2.257576
17.19:  42.36612,-44.30264,2.257576
17.2:  42.27992,-44.06661,2.257576
17.22:  42.2037,-43.82883,2.257576
17.24:  42.13468,-43.58533,2.257576
17.25:  42.07327,-43.3346,2.257576
17.27:  42.01764,-43.08794,2.257576
17.29:  41.96335,-42.83347,2.257576
17.3:  41.91678,-42.58097,2.257576
17.32:  41.87531,-42.32984,2.257576
17.34:  41.83878,-42.07926,2.257576
17.35:  41.80433,-41.82608,2.257576
17.37:  41.7777,-41.57729,2.257576
17.39:  41.76041,-41.32355,2.257576
17.4:  41.75063,-41.07181,2.257576
17.42:  41.7458,-40.82268,2.257576
17.44:  41.74585,-40.57207,2.257576
17.45:  41.74591,-40.32182,2.257576
17.47:  41.74596,-40.0661,2.257576
17.49:  41.74601,-39.81748,2.257576
17.5:  41.74606,-39.57078,2.257576
17.52:  41.74611,-39.32121,2.257576
17.54:  41.74616,-39.07215,2.257576
17.55:  41.74622,-38.82083,2.257576
17.57:  41.74627,-38.57269,2.257576
17.59:  41.74632,-38.3212,2.257576
17.6:  41.74637,-38.07366,2.257576
17.62:  41.74642,-37.81973,2.257576
17.64:  41.74648,-37.56998,2.257576
17.65:  41.74652,-37.31932,2.257576
17.67:  41.74658,-37.07198,2.257576
17.69:  41.74663,-36.81882,2.257576
17.7:  41.74668,-36.56925,2.257576
17.72:  41.74673,-36.31915,2.257576
17.74:  41.74678,-36.06836,2.257576
17.75:  41.74683,-35.8178,2.257576
17.77:  41.74689,-35.56141,2.257576
17.79:  41.74694,-35.31913,2.257576
17.8:  41.74699,-35.06812,2.257576
17.82:  41.74461,-34.81902,2.257576
17.84:  41.74221,-34.5687,2.257576
17.85:  41.74226,-34.3166,2.257576
17.87:  41.73989,-34.06884,2.257576
17.89:  41.72754,-33.81494,2.257576
17.9:  41.71539,-33.5652,2.257576
17.92:  41.6985,-33.31738,2.257576
17.94:  41.67874,-33.06357,2.257576
17.95:  41.65671,-32.81202,2.257576
17.97:  41.63251,-32.59756,2.257576
17.99:  41.61012,-32.43617,2.257576
18:  41.60487,-32.32072,2.257576
18.02:  41.60593,-32.29385,2.257576
18.04:  41.60593,-32.29385,2.257576
18.05:  41.60593,-32.29385,2.257576
18.07:  41.60593,-32.29385,2.257576
18.09:  41.60593,-32.29385,2.257576
18.1:  41.60593,-32.29385,2.255596
18.12:  41.60593,-32.29385,2.234602
18.14:  41.60593,-32.29385,2.118539
18.15:  41.60593,-32.29385,1.825016
18.17:  41.60593,-32.29385,1.322342
18.19:  41.60593,-32.29385,0.6929106
18.2:  41.60593,-32.29385,359.9557
18.22:  41.60593,-32.29385,359.1742
18.24:  41.60593,-32.29385,358.3926
18.25:  41.60593,-32.29385,357.6048
18.27:  41.60593,-32.29385,356.8232
18.29:  41.60593,-32.29385,356.0417
18.3:  41.60593,-32.29385,355.2602
18.32:  41.60593,-32.29385,354.4786
18.34:  41.60593,-32.29385,353.6971
18.35:  41.60593,-32.29385,352.9092
18.37:  41.60593,-32.29385,352.1213
18.39:  41.60593,-32.29385,351.3334
18.4:  41.60593,-32.29385,350.5456
18.42:  41.60593,-32.29385,349.764
18.44:  41.60593,-32.29385,348.9761
18.45:  41.60593,-32.29385,348.1883
18.47:  41.60593,-32.29385,347.4004
18.49:  41.60593,-32.29385,346.6125
18.5:  41.60593,-32.29385,345.8246
18.52:  41.60593,-32.29385,345.0367
18.54:  41.60593,-32.29385,344.2489
18.55:  41.60593,-32.29385,343.461
18.57:  41.60593,-32.29385,342.6731
18.59:  41.60593,-32.29385,341.8852
18.6:  41.60593,-32.29385,341.0974
18.62:  41.60593,-32.29385,340.3094
18.64:  41.60593,-32.29385,339.5216
18.65:  41.60593,-32.29385,338.7337
18.67:  41.60593,-32.29385,337.9458
18.69:  41.60593,-32.29385,337.158
18.7:  41.60593,-32.29385,336.3701
18.72:  41.60593,-32.29385,335.5822
18.74:  41.60593,-32.29385,334.7943
18.75:  41.60593,-32.29385,334.0064
18.77:  41.60593,-32.29385,333.2186
18.79:  41.60593,-32.29385,332.4307
18.8:  41.60593,-32.29385,331.6428
18.82:  41.60593,-32.29385,330.8549
18.84:  41.60593,-32.29385,330.067
18.85:  41.60593,-32.29385,329.2791
18.87:  41.60593,-32.29385,328.4913
18.89:  41.60593,-32.29385,327.7034
18.9:  41.60593,-32.29385,326.9155
18.92:  41.60593,-32.29385,326.134
18.94:  41.60593,-32.29385,325.3461
18.95:  41.60593,-32.29385,324.5582
18.97:  41.60593,-32.29385,323.7767
18.99:  41.60593,-32.29385,322.9888
19:  41.60593,-32.29385,322.2009
19.02:  41.60593,-32.29385,321.413
19.04:  41.60593,-32.29385,320.6252
19.05:  41.60593,-32.29385,319.8373
19.07:  41.60593,-32.29385,319.0494
19.09:  41.60593,-32.29385,318.2932
19.1:  41.60593,-32.29385,317.6384
19.12:  41.60593,-32.29385,317.1548
19.14:  41.60593,-32.29385,317.045
19.15:  41.60593,-32.29385,317.0367
19.17:  41.60593,-32.29385,317.0367
19.19:  41.60593,-32.29385,317.0767
19.2:  41.60593,-32.29385,317.1928
19.22:  41.60593,-32.29385,317.3786
19.24:  41.60593,-32.29385,317.6404
19.25:  41.60593,-32.29385,317.991
19.27:  41.60593,-32.29385,318.4113
19.29:  41.60593,-32.29385,318.8569
19.3:  41.60593,-32.29385,319.3025
19.32:  41.60593,-32.29385,319.7481
19.34:  41.60593,-32.29385,320.1938
19.35:  41.60593,-32.29385,320.6141
19.37:  41.60593,-32.29385,320.9393
19.39:  41.60593,-32.29385,321.1124
19.4:  41.60593,-32.29385,321.1461
19.42:  41.60593,-32.29385,321.1607
19.44:  41.60593,-32.29385,321.1607
19.45:  41.60593,-32.29385,321.1607
19.47:  41.60593,-32.29385,321.1587
19.49:  41.60593,-32.29385,321.1504
19.5:  41.60593,-32.29385,321.0787
19.52:  41.60593,-32.29385,320.931
19.54:  41.60593,-32.29385,320.7072
19.55:  41.60593,-32.29385,320.42
19.57:  41.60593,-32.29385,320.0884
19.59:  41.60593,-32.29385,319.7061
19.6:  41.60593,-32.29385,319.2922
19.62:  41.60593,-32.29385,318.8846
19.64:  41.60593,-32.29385,318.477
19.65:  41.60593,-32.29385,318.0694
19.67:  41.57626,-32.2613,317.6618
19.69:  41.46333,-32.13892,317.2986
19.7:  41.28163,-31.96457,317.1825
19.72:  41.10147,-31.79188,317.1552
19.74:  40.91953,-31.6176,317.1342
19.75:  40.73883,-31.44799,317.1132
19.77:  40.56096,-31.27106,317.0922
19.79:  40.39027,-31.08761,317.0648
19.8:  40.22016,-30.90495,317.0375
19.82:  40.04978,-30.72213,317.0165
19.84:  39.88058,-30.54075,316.9892
19.85:  39.70755,-30.35541,316.9682
19.87:  39.53718,-30.17309,316.9409
19.89:  39.36671,-29.99084,316.9135
19.9:  39.19609,-29.80856,316.8925
19.92:  39.02526,-29.62623,316.8652
19.94:  38.85369,-29.44324,316.8442
19.95:  38.68274,-29.26105,316.8232
19.97:  38.51094,-29.07813,316.7959
19.99:  38.34213,-28.89856,316.7685
20:  38.16919,-28.71473,316.7476
20.02:  37.99782,-28.53275,316.7202
20.04:  37.82607,-28.3505,316.6992
20.05:  37.65463,-28.16871,316.6782
20.07:  37.48346,-27.98738,316.6509
20.09:  37.31056,-27.80439,316.6236
20.1:  37.13926,-27.62328,316.5962
20.12:  36.96724,-27.44153,316.5752
20.14:  36.79702,-27.2618,316.5542
20.15:  36.61962,-27.0747,316.5269
20.17:  36.45205,-26.89808,316.5059
20.19:  36.27978,-26.71668,316.4786
20.2:  36.09991,-26.54512,316.4512
20.22:  35.90673,-26.38147,316.4239
20.24:  35.70665,-26.23106,316.3966
20.25:  35.49063,-26.08128,316.3692
20.27:  35.27955,-25.94364,316.3483
20.29:  35.05977,-25.80969,316.3273
20.3:  34.84086,-25.6799,316.3063
20.32:  34.62236,-25.55046,316.2853
20.34:  34.40292,-25.4206,316.2579
20.35:  34.17648,-25.28678,316.2243
20.37:  33.95864,-25.15825,316.1843
20.39:  33.74279,-25.03323,316.0999
20.4:  33.52285,-24.90482,315.9204
20.42:  33.29279,-24.79611,315.6523
20.44:  33.06237,-24.69604,315.2763
20.45:  32.83041,-24.60009,314.7927
20.47:  32.59668,-24.50637,314.1696
20.49:  32.3641,-24.41639,313.4705
20.5:  32.12603,-24.32796,312.6953
20.52:  31.88958,-24.24382,311.9074
20.54:  31.65042,-24.16241,311.1195
20.55:  31.40439,-24.08241,310.3316
20.57:  31.16928,-24.00952,309.5437
20.59:  30.92644,-23.93691,308.7559
20.6:  30.6841,-23.86807,307.968
20.62:  30.4407,-23.80348,307.1801
20.64:  30.18855,-23.74027,306.3922
20.65:  29.95138,-23.68428,305.6043
20.67:  29.70452,-23.62956,304.8165
20.69:  29.45793,-23.57845,304.0286
20.7:  29.2096,-23.52959,303.2407
20.72:  28.95982,-23.48401,302.4528
20.74:  28.70832,-23.44167,301.6649
20.75:  28.4603,-23.40435,300.8771
20.77:  28.21199,-23.36954,300.0892
20.79:  27.95909,-23.33857,299.3013
20.8:  27.7058,-23.31011,298.5198
20.82:  27.45437,-23.28497,297.8206
20.84:  27.20352,-23.26342,297.2292
20.85:  26.95493,-23.24373,296.847
20.87:  26.69767,-23.22256,296.8133
20.89:  26.44859,-23.20308,296.7923
20.9:  26.18776,-23.18181,296.7713
20.92:  25.93698,-23.16145,296.7503
20.94:  25.69007,-23.14241,296.7293
20.95:  25.4381,-23.12307,296.7083
20.97:  25.18868,-23.10402,296.6873
20.99:  24.9327,-23.08456,296.6663
21:  24.68549,-23.06586,296.6453
21.02:  24.43578,-23.04707,296.6243
21.04:  24.18281,-23.02721,296.597
21.05:  23.93022,-23.00751,296.5697
21.07:  23.67882,-22.98892,296.5487
21.09:  23.42791,-22.97046,296.5277
21.1:  23.17513,-22.95105,296.5004
21.12:  22.92276,-22.93269,296.4794
21.14:  22.6728,-22.91463,296.452
21.15:  22.42056,-22.8965,296.431
21.17:  22.1694,-22.87856,296.4037
21.19:  21.9167,-22.86515,296.3827
21.2:  21.66515,-22.8606,296.3553
21.22:  21.42132,-22.86374,296.3344
21.24:  21.16955,-22.87265,296.3134
21.25:  20.914,-22.89396,296.2924
21.27:  20.66446,-22.9258,296.265
21.29:  20.42011,-22.9632,296.244
21.3:  20.17864,-23.00713,296.2167
21.32:  19.93772,-23.05453,296.1957
21.34:  19.69949,-23.10845,296.1747
21.35:  19.45908,-23.16455,296.1537
21.37:  19.22218,-23.22543,296.1264
21.39:  18.98673,-23.29321,296.0991
21.4:  18.75227,-23.36079,296.0781
21.42:  18.51732,-23.42867,296.0444
21.44:  18.2827,-23.49662,296.0044
21.45:  18.0488,-23.56647,295.92
21.47:  17.8144,-23.6375,295.7216
21.49:  17.57333,-23.71013,295.39
21.5:  17.34682,-23.78208,294.9254
21.52:  17.11662,-23.8597,294.334
21.54:  16.88619,-23.93854,293.6602
21.55:  16.65739,-24.02008,292.9293
21.57:  16.4281,-24.10532,292.1541
21.59:  16.20416,-24.19209,291.3662
21.6:  15.97536,-24.28454,290.5784
21.62:  15.75089,-24.38065,289.7905
21.64:  15.53043,-24.4767,289.0026
21.65:  15.30579,-24.57828,288.2147
21.67:  15.0885,-24.68212,287.4268
21.69:  14.86676,-24.78979,286.6453
21.7:  14.65074,-24.89796,285.9462
21.72:  14.43418,-25.0091,285.3801
21.74:  14.21914,-25.121,285.0549
21.75:  13.99778,-25.2326,285.0212
21.77:  13.77693,-25.34021,284.9939
21.79:  13.54751,-25.44387,284.9729
21.8:  13.32999,-25.54063,284.9456
21.82:  13.10488,-25.63712,284.9246
21.84:  12.87443,-25.72848,284.9036
21.85:  12.62846,-25.81525,284.8763
21.87:  12.39146,-25.8892,284.8489
21.89:  12.14792,-25.94877,284.8216
21.9:  11.90199,-26.00114,284.7943
21.92:  11.65666,-26.04685,284.7669
21.94:  11.39332,-26.09142,284.7459
21.95:  11.15237,-26.12575,284.7249
21.97:  10.89995,-26.15079,284.6976
21.99:  10.64911,-26.17494,284.6703
22:  10.3903,-26.19999,284.6429
22.02:  10.13505,-26.22481,284.6156
22.04:  9.880765,-26.24967,284.5883
22.05:  9.62634,-26.27463,284.5673
22.07:  9.372618,-26.29964,284.5399
22.09:  9.121062,-26.32457,284.5126
22.1:  8.862788,-26.35028,284.4853
22.12:  8.607353,-26.3758,284.4643
22.14:  8.35374,-26.40124,284.4433
22.15:  8.09879,-26.42461,284.416
22.17:  7.840702,-26.43667,284.3886
22.19:  7.581479,-26.43875,284.3676
22.2:  7.324839,-26.4362,284.3403
22.22:  7.068843,-26.42902,284.3129
22.24:  6.814713,-26.41485,284.2856
22.25:  6.56418,-26.38656,284.2583
22.29:  6.316607,-26.344,284.2373
22.3:  6.067169,-26.28341,284.2163
22.32:  5.830516,-26.22357,284.189
22.34:  5.589231,-26.16269,284.1616
22.35:  5.346123,-26.10144,284.1406
22.37:  5.106873,-26.04126,284.1196
22.39:  4.861388,-25.9796,284.0986
22.4:  4.620114,-25.9191,284.0777
22.42:  4.381681,-25.83913,284.0567
22.44:  4.147933,-25.74278,284.0357
22.45:  3.918069,-25.62977,284.0083
22.47:  3.699677,-25.50208,283.9874
22.49:  3.509511,-25.36105,283.9874
22.5:  3.343353,-25.20104,284.021
22.52:  3.205757,-25.03773,284.1941
22.54:  3.094523,-24.87897,284.5383
22.55:  3.002616,-24.72297,285.041
22.57:  2.94334,-24.57125,285.7021
22.59:  2.919104,-24.42867,286.4837
22.6:  2.92943,-24.29788,287.2715
22.62:  2.969502,-24.17499,288.0594
22.64:  3.006696,-24.06602,288.8473
22.65:  3.036526,-23.98241,289.6352
22.67:  3.054916,-23.93303,290.4231
22.69:  3.055784,-23.93079,291.211
22.7:  3.055784,-23.93079,291.9988
22.72:  3.055784,-23.93079,292.7867
22.74:  3.055784,-23.93079,293.5746
22.75:  3.055784,-23.93079,294.3625
22.77:  3.055784,-23.93079,295.1503
22.79:  3.055784,-23.93079,295.9382
22.8:  3.055784,-23.93079,296.7261
22.82:  3.055784,-23.93079,297.514
22.84:  3.055784,-23.93079,298.3018
22.85:  3.055784,-23.93079,299.0897
22.87:  3.055784,-23.93079,299.8776
22.89:  3.055784,-23.93079,300.6655
22.9:  3.055784,-23.93079,301.4534
22.92:  3.055784,-23.93079,302.2413
22.94:  3.055784,-23.93079,303.0291
22.95:  3.055784,-23.93079,303.817
22.97:  3.055784,-23.93079,304.6049
22.99:  3.055784,-23.93079,305.3928
23:  3.055784,-23.93079,306.1806
23.02:  3.055784,-23.93079,306.9685
23.04:  3.055784,-23.93079,307.7564
23.05:  3.055784,-23.93079,308.5443
23.07:  3.055784,-23.93079,309.3322
23.09:  3.055784,-23.93079,310.12
23.1:  3.055784,-23.93079,310.9079
23.12:  3.055784,-23.93079,311.6958
23.14:  3.055784,-23.93079,312.4837
23.15:  3.055784,-23.93079,313.2715
23.17:  3.055784,-23.93079,314.0594
23.19:  3.055784,-23.93079,314.8473
23.2:  3.055784,-23.93079,315.6352
23.22:  3.055784,-23.93079,316.4231
23.24:  3.055784,-23.93079,317.2109
23.25:  3.055784,-23.93079,317.9988
23.27:  3.055784,-23.93079,318.7867
23.29:  3.055784,-23.93079,319.5746
23.3:  3.055784,-23.93079,320.3625
23.32:  3.055784,-23.93079,321.1503
23.34:  3.055784,-23.93079,321.9382
23.35:  3.055784,-23.93079,322.7261
23.37:  3.055784,-23.93079,323.514
23.39:  3.055784,-23.93079,324.3018
23.4:  3.055784,-23.93079,325.0897
23.42:  3.055784,-23.93079,325.8776
23.44:  3.055784,-23.93079,326.6655
23.45:  3.055784,-23.93079,327.4534
23.47:  3.055784,-23.93079,328.2412
23.49:  3.055784,-23.93079,329.0291
23.5:  3.055784,-23.93079,329.817
23.52:  3.055784,-23.93079,330.6049
23.54:  3.055784,-23.93079,331.3928
23.55:  3.055784,-23.93079,332.1806
23.57:  3.055784,-23.93079,332.9685
23.59:  3.055784,-23.93079,333.7564
23.6:  3.055784,-23.93079,334.5443
23.62:  3.055784,-23.93079,335.3322
23.64:  3.055784,-23.93079,336.1201
23.65:  3.055784,-23.93079,336.9079
23.67:  3.055784,-23.93079,337.6958
23.69:  3.055784,-23.93079,338.4837
23.7:  3.055784,-23.93079,339.2715
23.72:  3.055784,-23.93079,340.0594
23.74:  3.055784,-23.93079,340.8473
23.75:  3.055784,-23.93079,341.6352
23.77:  3.055784,-23.93079,342.4231
23.79:  3.055784,-23.93079,343.2109
23.8:  3.055784,-23.93079,343.9988
23.82:  3.055784,-23.93079,344.7867
23.84:  3.055784,-23.93079,345.5746
23.85:  3.055784,-23.93079,346.3625
23.87:  3.055784,-23.93079,347.1503
23.89:  3.055784,-23.93079,347.9382
23.9:  3.055784,-23.93079,348.7261
23.92:  3.055784,-23.93079,349.514
23.94:  3.055784,-23.93079,350.3018
23.95:  3.055784,-23.93079,351.0834
23.97:  3.055784,-23.93079,351.8649
23.99:  3.055784,-23.93079,352.6465
24:  3.055784,-23.93079,353.428
24.02:  3.055784,-23.93079,354.2096
24.04:  3.055784,-23.93079,354.9911
24.05:  3.055784,-23.93079,355.7726
24.07:  3.055784,-23.93079,356.5542
24.09:  3.055784,-23.93079,357.3421
24.1:  3.055784,-23.93079,358.1299
24.12:  3.055784,-23.93079,358.9178
24.14:  3.055784,-23.93079,359.7057
24.15:  3.055784,-23.93079,0.4872409
24.17:  3.055784,-23.93079,1.268782
24.19:  3.055784,-23.93079,2.056661
24.2:  3.055784,-23.93079,2.844539
24.22:  3.055784,-23.93079,3.632419
24.24:  3.055784,-23.93079,4.420298
24.25:  3.055784,-23.93079,5.201839
24.27:  3.055784,-23.93079,5.98338
24.29:  3.055784,-23.93079,6.771259
24.3:  3.055784,-23.93079,7.559139
24.32:  3.055784,-23.93079,8.340679
24.34:  3.055784,-23.93079,9.128558
24.35:  3.055784,-23.93079,9.910099
24.37:  3.055784,-23.93079,10.69164
24.39:  3.055784,-23.93079,11.47318
24.4:  3.055784,-23.93079,12.26106
24.42:  3.055784,-23.93079,13.04894
24.44:  3.055784,-23.93079,13.83682
24.45:  3.055784,-23.93079,14.6247
24.47:  3.055784,-23.93079,15.41258
24.49:  3.055784,-23.93079,16.20046
24.5:  3.055784,-23.93079,16.98833
24.52:  3.055784,-23.93079,17.77622
24.54:  3.055784,-23.93079,18.56409
24.55:  3.055784,-23.93079,19.35197
24.57:  3.055784,-23.93079,20.13985
24.59:  3.055784,-23.93079,20.92773
24.6:  3.055784,-23.93079,21.71561
24.62:  3.055784,-23.93079,22.50349
24.64:  3.055784,-23.93079,23.29137
24.65:  3.055784,-23.93079,24.07925
24.67:  3.055784,-23.93079,24.86712
24.69:  3.055784,-23.93079,25.655
24.7:  3.055784,-23.93079,26.44288
24.72:  3.055784,-23.93079,27.23076
24.74:  3.055784,-23.93079,28.01864
24.75:  3.055784,-23.93079,28.80652
24.77:  3.055784,-23.93079,29.5944
24.79:  3.055784,-23.93079,30.38228
24.8:  3.055784,-23.93079,31.17016
24.82:  3.055784,-23.93079,31.95804
24.84:  3.055784,-23.93079,32.74592
24.85:  3.055784,-23.93079,33.5338
24.87:  3.055784,-23.93079,34.32168
24.89:  3.055784,-23.93079,35.10956
24.9:  3.055784,-23.93079,35.89744
24.92:  3.055784,-23.93079,36.68531
24.94:  3.055784,-23.93079,37.4732
24.95:  3.055784,-23.93079,38.26108
24.97:  3.055784,-23.93079,39.04895
24.99:  3.055784,-23.93079,39.83684
25:  3.055784,-23.93079,40.62471
25.02:  3.055784,-23.93079,41.41259
25.04:  3.055784,-23.93079,42.20047
25.05:  3.055784,-23.93079,42.98835
25.07:  3.055784,-23.93079,43.77623
25.09:  3.055784,-23.93079,44.56411
25.1:  3.055784,-23.93079,45.35199
25.12:  3.055784,-23.93079,46.13987
25.14:  3.055784,-23.93079,46.92775
25.15:  3.055784,-23.93079,47.71562
25.17:  3.055784,-23.93079,48.5035
25.19:  3.055784,-23.93079,49.29138
25.2:  3.055784,-23.93079,50.07926
25.22:  3.055784,-23.93079,50.86714
25.24:  3.055784,-23.93079,51.65502
25.25:  3.055784,-23.93079,52.4429
25.27:  3.055784,-23.93079,53.23078
25.29:  3.055784,-23.93079,54.01865
25.3:  3.055784,-23.93079,54.80653
25.32:  3.055784,-23.93079,55.59441
25.34:  3.055784,-23.93079,56.38229
25.35:  3.055784,-23.93079,57.17017
25.37:  3.055784,-23.93079,57.95805
25.39:  3.055784,-23.93079,58.74593
25.4:  3.055784,-23.93079,59.53381
25.42:  3.055784,-23.93079,60.32168
25.44:  3.055784,-23.93079,61.10957
25.45:  3.055784,-23.93079,61.89744
25.47:  3.055784,-23.93079,62.68533
25.49:  3.055784,-23.93079,63.4732
25.5:  3.055784,-23.93079,64.26109
25.52:  3.055784,-23.93079,65.04896
25.54:  3.055784,-23.93079,65.83685
25.55:  3.055784,-23.93079,66.62473
25.57:  3.055784,-23.93079,67.41261
25.59:  3.055784,-23.93079,68.18147
25.6:  3.055784,-23.93079,68.84893
25.62:  3.055784,-23.93079,69.22485
25.64:  3.055784,-23.93079,69.22485
25.65:  3.055784,-23.93079,69.22485
25.67:  3.055784,-23.93079,69.22485
25.69:  3.055784,-23.93079,69.22485
25.7:  3.096829,-23.91522,69.22485
25.72:  3.202891,-23.87498,69.22485
25.74:  3.381683,-23.80715,69.22485
25.75:  3.615872,-23.71831,69.22485
25.77:  3.850052,-23.62947,69.22485
25.79:  4.084612,-23.54048,69.22485
25.8:  4.317582,-23.4521,69.22485
25.82:  4.550651,-23.36368,69.22485
25.84:  4.7891,-23.27322,69.22485
25.85:  5.017882,-23.18643,69.22485
25.87:  5.253256,-23.09714,69.22485
25.89:  5.48646,-23.00867,69.22485
25.9:  5.725735,-22.91789,69.22485
25.92:  5.955586,-22.8307,69.22485
25.94:  6.188665,-22.74227,69.22485
25.95:  6.422395,-22.66138,69.22485
25.97:  6.665801,-22.59025,69.22485
25.99:  6.906796,-22.52488,69.22485
26:  7.154003,-22.47296,69.22485
26.02:  7.4038,-22.43517,69.22485
26.04:  7.66782,-22.39522,69.22485
26.05:  7.917653,-22.36747,69.22485
26.07:  8.171312,-22.35478,69.22485
26.09:  8.421531,-22.3507,69.22485
26.1:  8.670846,-22.35061,69.22485
26.12:  8.922419,-22.37282,69.22485
26.14:  9.172541,-22.40369,69.22485
26.15:  9.420373,-22.44096,69.22485
26.17:  9.668716,-22.47831,69.22485
26.19:  9.915461,-22.51541,69.22485
26.2:  10.16372,-22.55154,69.22485
26.22:  10.41987,-22.58881,69.22485
26.24:  10.67011,-22.62739,69.22485
26.25:  10.91614,-22.66319,69.22485
26.27:  11.16548,-22.69947,69.22485
26.29:  11.40903,-22.7361,69.22485
26.3:  11.66244,-22.77297,69.22485
26.32:  11.91122,-22.80918,69.22485
26.34:  12.16646,-22.84756,69.22485
26.35:  12.40822,-22.88391,69.22485
26.37:  12.65425,-22.92091,69.22485
26.39:  12.90251,-22.96041,69.22485
26.4:  13.15169,-22.99667,69.22485
26.42:  13.3989,-23.03384,69.22485
26.44:  13.64889,-23.07022,69.22485
26.45:  13.8954,-23.10609,69.22485
26.47:  14.14656,-23.14264,69.22485
26.49:  14.39512,-23.17881,69.22485
26.5:  14.65456,-23.21656,69.22485
26.52:  14.89723,-23.25305,69.22485
26.54:  15.15324,-23.29031,69.22485
26.55:  15.39847,-23.32719,69.22485
26.57:  15.64303,-23.36277,69.22485
26.59:  15.89265,-23.3991,69.22485
26.6:  16.14813,-23.43628,69.22485
26.62:  16.39064,-23.47274,69.22485
26.64:  16.63725,-23.50983,69.22485
26.65:  16.88719,-23.5462,69.22485
26.67:  17.13574,-23.58237,69.22485
26.69:  17.38445,-23.61977,69.22485
26.7:  17.64011,-23.65697,69.22485
26.72:  17.88225,-23.69221,69.22485
26.74:  18.13079,-23.72958,69.22485
26.75:  18.37789,-23.76674,69.22485
26.77:  18.62852,-23.80321,69.22485
26.79:  18.87826,-23.83955,69.22485
26.8:  19.12341,-23.87642,69.22485
26.82:  19.37203,-23.91381,69.22485
26.84:  19.62895,-23.95468,69.22485
26.85:  19.87448,-23.99041,69.22485
26.87:  20.12131,-24.02633,69.22485
26.89:  20.3669,-24.06206,69.22485
26.9:  20.61393,-24.09921,69.22485
26.92:  20.86484,-24.13694,69.22485
26.94:  21.11337,-24.17311,69.22485
26.95:  21.3615,-24.21042,69.22485
26.97:  21.6113,-24.24677,69.22485
26.99:  21.86137,-24.28316,69.22485
27:  22.11068,-24.31944,69.22485
27.02:  22.35922,-24.35561,69.22485
27.04:  22.61222,-24.38348,69.22485
27.05:  22.86575,-24.40035,69.22485
27.07:  23.11609,-24.41255,69.22485
27.09:  23.36944,-24.42616,69.22485
27.1:  23.6236,-24.43756,69.22485
27.12:  23.87399,-24.44976,69.22485
27.14:  24.12751,-24.46114,69.22485
27.15:  24.38055,-24.47249,69.22485
27.17:  24.63304,-24.48157,69.22485
27.19:  24.88679,-24.49295,69.22485
27.2:  25.13913,-24.50427,69.22485
27.22:  25.39324,-24.51567,69.22485
27.24:  25.64686,-24.52705,69.22485
27.25:  25.89716,-24.53828,69.22485
27.27:  26.15237,-24.55072,69.22485
27.29:  26.40509,-24.56206,69.22485
27.3:  26.6573,-24.57337,69.22485
27.32:  26.90884,-24.58563,69.22485
27.34:  27.16662,-24.5982,69.22485
27.35:  27.4218,-24.60965,69.22485
27.37:  27.66873,-24.62072,69.22485
27.39:  27.91879,-24.63194,69.22485
27.4:  28.17173,-24.62005,69.22485
27.42:  28.42978,-24.59859,69.22485
27.44:  28.68587,-24.57492,69.22485
27.45:  28.94194,-24.54586,69.22485
27.47:  29.19486,-24.5124,69.22485
27.49:  29.44793,-24.47168,69.22485
27.5:  29.69751,-24.43152,69.22485
27.52:  29.95164,-24.39063,69.22485
27.54:  30.20385,-24.35004,69.22485
27.55:  30.45399,-24.30493,69.22485
27.57:  30.70223,-24.25279,69.22485
27.59:  30.94408,-24.19468,69.22485
27.6:  31.18828,-24.12844,69.22485
27.62:  31.42976,-24.05787,69.22485
27.64:  31.66896,-23.98287,69.22485
27.65:  31.90751,-23.9055,69.22485
27.67:  32.14258,-23.82156,69.22485
27.69:  32.37728,-23.73252,69.22485
27.7:  32.60973,-23.64434,69.22485
27.72:  32.84349,-23.55566,69.22485
27.74:  33.07755,-23.46686,69.22485
27.75:  33.30938,-23.37891,69.22485
27.77:  33.5458,-23.28922,69.22485
27.79:  33.77879,-23.20083,69.22485
27.8:  34.0121,-23.11233,69.22485
27.82:  34.24618,-23.02352,69.22485
27.84:  34.47953,-22.935,69.22485
27.85:  34.71409,-22.84601,69.22485
27.87:  34.94728,-22.75754,69.22485
27.89:  35.18197,-22.66851,69.22485
27.9:  35.4143,-22.58037,69.22485
27.92:  35.65008,-22.49092,69.22485
27.94:  35.88291,-22.4026,69.22485
27.95:  36.11696,-22.3138,69.22485
27.97:  36.35086,-22.22507,69.22485
27.99:  36.58374,-22.13672,69.22485
28:  36.81494,-22.04901,69.22485
28.02:  37.04797,-21.96061,69.22485
28.04:  37.29254,-21.86783,69.22485
28.05:  37.52226,-21.78068,69.22485
28.07:  37.75353,-21.69294,69.22485
28.09:  37.97915,-21.60735,69.22485
28.12:  38.1877,-21.52823,69.22485
28.14:  38.36014,-21.46281,69.22485
28.15:  38.51571,-21.4038,69.22485
28.17:  38.65841,-21.34966,69.22485
28.19:  38.765,-21.30922,69.22485
28.2:  38.81071,-21.29188,69.22485
28.22:  38.81071,-21.29188,69.22485
28.24:  38.81071,-21.29188,69.22485
28.25:  38.81071,-21.29188,69.22485
28.27:  38.81071,-21.29188,69.22485
28.29:  38.81071,-21.29188,69.22485
28.3:  38.81071,-21.29188,69.22485
28.32:  38.81071,-21.29188,69.22485
28.34:  38.81071,-21.29188,69.22485
28.35:  38.81071,-21.29188,69.22485
28.37:  38.81071,-21.29188,69.22485
28.39:  38.81071,-21.29188,69.22485
28.4:  38.81071,-21.29188,69.22485
28.42:  38.81071,-21.29188,69.22485
28.44:  38.81071,-21.29188,69.22485
28.45:  38.81071,-21.29188,69.22485
28.47:  38.81071,-21.29188,69.22485
28.49:  38.81071,-21.29188,69.22485
28.5:  38.81071,-21.29188,69.21652
28.52:  38.81071,-21.29188,69.15751
28.54:  38.81071,-21.29188,68.97173
28.55:  38.81071,-21.29188,68.57047
28.57:  38.81071,-21.29188,67.93468
28.59:  38.81071,-21.29188,67.14681
28.6:  38.81071,-21.29188,66.35893
28.62:  38.81071,-21.29188,65.57106
28.64:  38.81071,-21.29188,64.78318
28.65:  38.81071,-21.29188,63.9953
28.67:  38.81071,-21.29188,63.20743
28.69:  38.81071,-21.29188,62.41955
28.7:  38.81071,-21.29188,61.63167
28.72:  38.81071,-21.29188,60.8438
28.74:  38.81071,-21.29188,60.05592
28.75:  38.81071,-21.29188,59.26804
28.77:  38.81071,-21.29188,58.48017
28.79:  38.81071,-21.29188,57.69229
28.8:  38.81071,-21.29188,56.90441
28.82:  38.81071,-21.29188,56.11653
28.84:  38.81071,-21.29188,55.32866
28.85:  38.81071,-21.29188,54.54078
28.87:  38.81071,-21.29188,53.7529
28.89:  38.81071,-21.29188,52.96502
28.9:  38.81071,-21.29188,52.17714
28.92:  38.81071,-21.29188,51.38926
28.94:  38.81071,-21.29188,50.60138
28.95:  38.81071,-21.29188,49.8135
28.97:  38.81071,-21.29188,49.02562
28.99:  38.81071,-21.29188,48.23774
29:  38.81071,-21.29188,47.44986
29.02:  38.81071,-21.29188,46.66198
29.04:  38.81071,-21.29188,45.8741
29.05:  38.81071,-21.29188,45.08623
29.07:  38.81071,-21.29188,44.29834
29.09:  38.81071,-21.29188,43.51046
29.1:  38.81071,-21.29188,42.72258
29.12:  38.81071,-21.29188,41.93471
29.14:  38.81071,-21.29188,41.14683
29.15:  38.81071,-21.29188,40.35895
29.17:  38.81071,-21.29188,39.57108
29.19:  38.81071,-21.29188,38.7832
29.2:  38.81071,-21.29188,37.99531
29.22:  38.81071,-21.29188,37.20743
29.24:  38.81071,-21.29188,36.41956
29.25:  38.81071,-21.29188,35.63168
29.27:  38.81071,-21.29188,34.8438
29.29:  38.81071,-21.29188,34.05592
29.3:  38.81071,-21.29188,33.26804
29.32:  38.81071,-21.29188,32.48016
29.34:  38.81071,-21.29188,31.69228
29.35:  38.81071,-21.29188,30.9044
29.37:  38.81071,-21.29188,30.11653
29.39:  38.81071,-21.29188,29.32865
29.4:  38.81071,-21.29188,28.54077
29.42:  38.81071,-21.29188,27.75289
29.44:  38.81071,-21.29188,26.96501
29.45:  38.81071,-21.29188,26.17713
29.47:  38.81071,-21.29188,25.38926
29.49:  38.81071,-21.29188,24.60138
29.5:  38.81071,-21.29188,23.8135
29.52:  38.81071,-21.29188,23.02562
29.54:  38.81071,-21.29188,22.23774
29.55:  38.81071,-21.29188,21.44986
29.57:  38.81071,-21.29188,20.66198
29.59:  38.81071,-21.29188,19.8741
29.6:  38.81071,-21.29188,19.08622
29.62:  38.81071,-21.29188,18.29835
29.64:  38.81071,-21.29188,17.51047
29.65:  38.81071,-21.29188,16.72259
29.67:  38.81071,-21.29188,15.93471
29.69:  38.81071,-21.29188,15.14683
29.7:  38.81071,-21.29188,14.35895
29.72:  38.81071,-21.29188,13.57107
29.74:  38.81071,-21.29188,12.78319
29.75:  38.81071,-21.29188,11.99531
29.77:  38.81071,-21.29188,11.20743
29.79:  38.81071,-21.29188,10.41956
29.8:  38.81071,-21.29188,9.631678
29.82:  38.81071,-21.29188,8.843799
29.84:  38.81071,-21.29188,8.05592
29.85:  38.81071,-21.29188,7.26804
29.87:  38.81071,-21.29188,6.480161
29.89:  38.81071,-21.29188,5.692283
29.9:  38.81071,-21.29188,4.904404
29.92:  38.81071,-21.29188,4.116525
29.94:  38.81071,-21.29188,3.328646
29.95:  38.81071,-21.29188,2.540768
29.97:  38.81071,-21.29188,1.752889
29.99:  38.81071,-21.29188,0.9650098
30:  38.81071,-21.29188,0.1771309
30.02:  38.81071,-21.29188,359.3893
30.05:  38.81071,-21.29188,358.6014
30.05:  38.81071,-21.29188,357.8135
30.08:  38.81071,-21.29188,357.0256
30.14:  38.81071,-21.29188,356.2377
30.18:  38.81071,-21.29188,355.4499
30.19:  38.81071,-21.29188,354.662
30.2:  38.81071,-21.29188,353.8741
30.22:  38.81071,-21.29188,353.0862
30.24:  38.81071,-21.29188,352.2983
30.25:  38.81071,-21.29188,351.5105
30.27:  38.81071,-21.29188,350.7226
30.29:  38.81071,-21.29188,349.9347
30.3:  38.81071,-21.29188,349.1468
30.32:  38.81071,-21.29188,348.3589
30.34:  38.81071,-21.29188,347.5711
30.35:  38.81071,-21.29188,346.7832
30.37:  38.81071,-21.29188,345.9953
30.39:  38.81071,-21.29188,345.2074
30.4:  38.81071,-21.29188,344.4196
30.42:  38.81071,-21.29188,343.6317
30.44:  38.81071,-21.29188,342.8438
30.45:  38.81071,-21.29188,342.0559
30.47:  38.81071,-21.29188,341.268
30.49:  38.81071,-21.29188,340.4802
30.5:  38.81071,-21.29188,339.6923
30.52:  38.81071,-21.29188,338.9044
30.54:  38.81071,-21.29188,338.1165
30.55:  38.81071,-21.29188,337.3286
30.57:  38.81071,-21.29188,336.5408
30.59:  38.81071,-21.29188,335.7529
30.6:  38.81071,-21.29188,334.965
30.62:  38.81071,-21.29188,334.1771
30.64:  38.81071,-21.29188,333.3893
30.65:  38.81071,-21.29188,332.6014
30.67:  38.81071,-21.29188,331.8135
30.69:  38.81071,-21.29188,331.0256
30.7:  38.81071,-21.29188,330.2377
30.72:  38.81071,-21.29188,329.4499
30.74:  38.81071,-21.29188,328.662
30.75:  38.81071,-21.29188,327.8741
30.77:  38.81071,-21.29188,327.0862
30.79:  38.81071,-21.29188,326.2983
30.8:  38.81071,-21.29188,325.5104
30.82:  38.81071,-21.29188,324.7226
30.84:  38.81071,-21.29188,323.9347
30.85:  38.81071,-21.29188,323.1468
30.87:  38.81071,-21.29188,322.3589
30.89:  38.81071,-21.29188,321.571
30.9:  38.81071,-21.29188,320.7832
30.92:  38.81071,-21.29188,319.9953
30.94:  38.81071,-21.29188,319.2074
30.95:  38.81071,-21.29188,318.4195
30.97:  38.81071,-21.29188,317.6317
30.99:  38.81071,-21.29188,316.8438
31:  38.81071,-21.29188,316.0559
31.02:  38.81071,-21.29188,315.268
31.04:  38.81071,-21.29188,314.4801
31.05:  38.81071,-21.29188,313.6923
31.07:  38.81071,-21.29188,312.9044
31.09:  38.81071,-21.29188,312.1165
31.1:  38.81071,-21.29188,311.3286
31.12:  38.81071,-21.29188,310.5407
31.14:  38.81071,-21.29188,309.7529
31.15:  38.81071,-21.29188,308.965
31.17:  38.81071,-21.29188,308.1771
31.19:  38.81071,-21.29188,307.3892
31.2:  38.81071,-21.29188,306.6013
31.22:  38.81071,-21.29188,305.8135
31.24:  38.81071,-21.29188,305.0256
31.25:  38.81071,-21.29188,304.2377
31.27:  38.81071,-21.29188,303.4498
31.29:  38.81071,-21.29188,302.662
31.3:  38.81071,-21.29188,301.8741
31.32:  38.81071,-21.29188,301.0862
31.34:  38.81071,-21.29188,300.2983
31.35:  38.81071,-21.29188,299.5104
31.37:  38.81071,-21.29188,298.7226
31.39:  38.81071,-21.29188,297.9347
31.4:  38.81071,-21.29188,297.1468
31.42:  38.81071,-21.29188,296.3589
31.44:  38.81071,-21.29188,295.571
31.45:  38.81071,-21.29188,294.7832
31.47:  38.81071,-21.29188,293.9953
31.49:  38.81071,-21.29188,293.2074
31.5:  38.81071,-21.29188,292.4195
31.52:  38.81071,-21.29188,291.6317
31.54:  38.81071,-21.29188,290.8438
31.55:  38.81071,-21.29188,290.0559
31.57:  38.81071,-21.29188,289.268
31.59:  38.81071,-21.29188,288.4801
31.6:  38.81071,-21.29188,287.6923
31.62:  38.81071,-21.29188,286.9044
31.64:  38.81071,-21.29188,286.1165
31.65:  38.81071,-21.29188,285.3286
31.67:  38.81071,-21.29188,284.5407
31.69:  38.81071,-21.29188,283.7529
31.7:  38.81071,-21.29188,282.965
31.72:  38.81071,-21.29188,282.1771
31.74:  38.81071,-21.29188,281.3892
31.75:  38.81071,-21.29188,280.6013
31.77:  38.81071,-21.29188,279.8135
31.79:  38.81071,-21.29188,279.0256
31.8:  38.81071,-21.29188,278.2377
31.82:  38.81071,-21.29188,277.4498
31.84:  38.81071,-21.29188,276.6619
31.85:  38.81071,-21.29188,275.8741
31.87:  38.81071,-21.29188,275.0862
31.89:  38.81071,-21.29188,274.2983
31.9:  38.81071,-21.29188,273.5104
31.92:  38.81071,-21.29188,272.7225
31.94:  38.81071,-21.29188,271.9347
31.95:  38.81071,-21.29188,271.1468
31.97:  38.81071,-21.29188,270.3589
31.99:  38.81071,-21.29188,269.571
32:  38.81071,-21.29188,268.7831
32.02:  38.81071,-21.29188,267.9953
32.04:  38.81071,-21.29188,267.2074
32.05:  38.81071,-21.29188,266.4195
32.07:  38.81071,-21.29188,265.6316
32.09:  38.81071,-21.29188,264.8438
32.1:  38.81071,-21.29188,264.0559
32.12:  38.81071,-21.29188,263.268
32.14:  38.81071,-21.29188,262.4801
32.15:  38.81071,-21.29188,261.6923
32.17:  38.81071,-21.29188,260.9044
32.19:  38.81071,-21.29188,260.1165
32.2:  38.81071,-21.29188,259.3286
32.22:  38.81071,-21.29188,258.5407
32.24:  38.81071,-21.29188,257.7529
32.25:  38.81071,-21.29188,256.965
32.27:  38.81071,-21.29188,256.1771
32.29:  38.81071,-21.29188,255.3892
32.3:  38.81071,-21.29188,254.6013
32.32:  38.81071,-21.29188,253.8135
32.34:  38.81071,-21.29188,253.0256
32.35:  38.81071,-21.29188,252.2377
32.37:  38.81071,-21.29188,251.4498
32.39:  38.81071,-21.29188,250.662
32.4:  38.81071,-21.29188,249.8741
32.42:  38.81071,-21.29188,249.0862
32.44:  38.81071,-21.29188,248.2983
32.45:  38.81071,-21.29188,247.5104
32.47:  38.81071,-21.29188,246.7226
32.49:  38.81071,-21.29188,245.9347
32.5:  38.81071,-21.29188,245.1468
32.52:  38.81071,-21.29188,244.3589
32.54:  38.81071,-21.29188,243.571
32.55:  38.81071,-21.29188,242.7832
32.57:  38.81071,-21.29188,241.9953
32.59:  38.81071,-21.29188,241.2074
32.6:  38.81071,-21.29188,240.4196
32.62:  38.81071,-21.29188,239.6317
32.64:  38.81071,-21.29188,238.8438
32.65:  38.81071,-21.29188,238.0559
32.67:  38.81071,-21.29188,237.268
32.69:  38.81071,-21.29188,236.4802
32.7:  38.81071,-21.29188,235.6923
32.72:  38.81071,-21.29188,234.9044
32.74:  38.81071,-21.29188,234.1165
32.75:  38.81071,-21.29188,233.3286
32.77:  38.81071,-21.29188,232.5408
32.79:  38.81071,-21.29188,231.7529
32.8:  38.81071,-21.29188,230.965
32.82:  38.81071,-21.29188,230.1771
32.84:  38.81071,-21.29188,229.3892
32.85:  38.81071,-21.29188,228.6013
32.87:  38.81071,-21.29188,227.8135
32.89:  38.81071,-21.29188,227.0256
32.9:  38.81071,-21.29188,226.2377
32.92:  38.81071,-21.29188,225.4498
32.94:  38.81071,-21.29188,224.662
32.95:  38.81071,-21.29188,223.8741
32.97:  38.81071,-21.29188,223.0862
32.99:  38.81071,-21.29188,222.2983
33:  38.81071,-21.29188,221.5105
33.02:  38.81071,-21.29188,220.7226
33.04:  38.81071,-21.29188,219.9347
33.05:  38.81071,-21.29188,219.1468
33.07:  38.81071,-21.29188,218.3589
33.09:  38.81071,-21.29188,217.5711
33.1:  38.81071,-21.29188,216.7832
33.12:  38.81071,-21.29188,215.9953
33.14:  38.81071,-21.29188,215.2074
33.15:  38.81071,-21.29188,214.4195
33.17:  38.81071,-21.29188,213.6317
33.19:  38.81071,-21.29188,212.8438
33.2:  38.81071,-21.29188,212.0559
33.22:  38.81071,-21.29188,211.268
33.24:  38.81071,-21.29188,210.4801
33.25:  38.81071,-21.29188,209.6923
33.27:  38.81071,-21.29188,208.9044
33.29:  38.81071,-21.29188,208.1165
33.3:  38.81071,-21.29188,207.3286
33.32:  38.81071,-21.29188,206.5408
33.34:  38.81071,-21.29188,205.7529
33.35:  38.81071,-21.29188,204.965
33.37:  38.81071,-21.29188,204.1771
33.39:  38.81071,-21.29188,203.3892
33.4:  38.81071,-21.29188,202.6014
33.42:  38.81071,-21.29188,201.8135
33.44:  38.81071,-21.29188,201.0256
33.45:  38.81071,-21.29188,200.2377
33.47:  38.81071,-21.29188,199.4498
33.49:  38.81071,-21.29188,198.662
33.5:  38.81071,-21.29188,197.8741
33.52:  38.81071,-21.29188,197.0862
33.54:  38.81071,-21.29188,196.2983
33.55:  38.81071,-21.29188,195.5105
33.57:  38.81071,-21.29188,194.7226
33.59:  38.81071,-21.29188,193.9347
33.6:  38.81071,-21.29188,193.1468
33.62:  38.81071,-21.29188,192.3589
33.64:  38.81071,-21.29188,191.5711
33.65:  38.81071,-21.29188,190.7832
33.67:  38.81071,-21.29188,189.9953
33.69:  38.81071,-21.29188,189.2074
33.7:  38.81071,-21.29188,188.4196
33.72:  38.81071,-21.29188,187.6317
33.74:  38.81071,-21.29188,186.8438
33.75:  38.81071,-21.29188,186.0559
33.77:  38.81071,-21.29188,185.268
33.79:  38.81071,-21.29188,184.4802
33.8:  38.81071,-21.29188,183.6923
33.82:  38.81071,-21.29188,182.9044
33.84:  38.81071,-21.29188,182.1165
33.85:  38.81071,-21.29188,181.3286
33.87:  38.81071,-21.29188,180.5408
33.89:  38.81071,-21.29188,179.7529
33.9:  38.81071,-21.29188,178.965
33.92:  38.81071,-21.29188,178.1771
33.94:  38.81071,-21.29188,177.3893
33.95:  38.81071,-21.29188,176.6014
33.97:  38.81071,-21.29188,175.8135
33.99:  38.81071,-21.29188,175.0256
34:  38.81071,-21.29188,174.2377
34.02:  38.81071,-21.29188,173.4499
34.04:  38.81071,-21.29188,172.662
34.05:  38.81071,-21.29188,171.8741
34.07:  38.81071,-21.29188,171.0862
34.09:  38.81071,-21.29188,170.2983
34.1:  38.81071,-21.29188,169.5105
34.12:  38.81071,-21.29188,168.7226
34.14:  38.81071,-21.29188,167.9347
34.15:  38.81071,-21.29188,167.1468
34.17:  38.81071,-21.29188,166.3589
34.19:  38.81071,-21.29188,165.5711
34.2:  38.81071,-21.29188,164.7832
34.22:  38.81071,-21.29188,163.9953
34.24:  38.81071,-21.29188,163.2074
34.25:  38.81071,-21.29188,162.4196
34.27:  38.81071,-21.29188,161.6317
34.29:  38.81071,-21.29188,160.8438
34.3:  38.81071,-21.29188,160.0559
34.32:  38.81071,-21.29188,159.268
34.34:  38.81071,-21.29188,158.4801
34.35:  38.81071,-21.29188,157.6923
34.37:  38.81071,-21.29188,156.9044
34.39:  38.81071,-21.29188,156.1165
34.4:  38.81071,-21.29188,155.3286
34.42:  38.81071,-21.29188,154.5408
34.44:  38.81071,-21.29188,153.7529
34.45:  38.81071,-21.29188,152.965
34.47:  38.81071,-21.29188,152.1771
34.49:  38.81071,-21.29188,151.3893
34.5:  38.81071,-21.29188,150.6013
34.52:  38.81071,-21.29188,149.8135
34.54:  38.81071,-21.29188,149.0256
34.55:  38.81071,-21.29188,148.2377
34.57:  38.81071,-21.29188,147.4498
34.59:  38.81071,-21.29188,146.662
34.6:  38.81071,-21.29188,145.8741
34.62:  38.81071,-21.29188,145.0862
34.64:  38.81071,-21.29188,144.2983
34.65:  38.81071,-21.29188,143.5295
34.67:  38.81071,-21.29188,142.7986
34.69:  38.81071,-21.29188,142.1122
34.7:  38.81071,-21.29188,141.4954
34.72:  38.81071,-21.29188,140.9293
34.74:  38.81071,-21.29188,140.433
34.75:  38.82327,-21.30683,139.9874
34.77:  38.84396,-21.33113,139.5798
34.79:  38.87592,-21.36815,139.1975
34.8:  38.92596,-21.42537,138.8279
34.82:  39.01078,-21.50284,138.4774
34.84:  39.15889,-21.59563,138.1268
34.85:  39.34031,-21.6811,137.7953
34.87:  39.56386,-21.76652,137.4764
34.89:  39.79468,-21.84761,137.1955
34.9:  40.02637,-21.92794,136.959
34.92:  40.25942,-22.01022,136.7796
34.94:  40.49383,-22.09017,136.6699
34.95:  40.72771,-22.16975,136.6299
34.97:  40.96175,-22.24923,136.5962
34.99:  41.19399,-22.33028,136.5689
35:  41.42672,-22.40907,136.5415
35.02:  41.6596,-22.48778,136.5142
35.04:  41.89253,-22.56869,136.4869
35.05:  42.12622,-22.64743,136.4595
35.07:  42.35481,-22.72659,136.4322
35.09:  42.59023,-22.80566,136.4049
35.1:  42.83131,-22.87832,136.3775
35.12:  43.06987,-22.9457,136.3502
35.14:  43.31352,-23.00867,136.3165
35.15:  43.55819,-23.06404,136.2892
35.17:  43.80429,-23.11329,136.2619
35.19:  44.04712,-23.15829,136.2345
35.2:  44.28928,-23.19811,136.2072
35.22:  44.52939,-23.23747,136.1799
35.24:  44.77312,-23.27378,136.1462
35.25:  45.00988,-23.30744,136.1189
35.27:  45.25355,-23.34196,136.0916
35.29:  45.49413,-23.37245,136.0642
35.3:  45.73652,-23.40113,136.0369
35.32:  45.97321,-23.42748,136.0096
35.34:  46.21675,-23.45096,135.9822
35.35:  46.45576,-23.46882,135.9549
35.37:  46.69664,-23.48487,135.9276
35.39:  46.93534,-23.49554,135.9002
35.4:  47.17445,-23.49916,135.8665
35.42:  47.41424,-23.49747,135.8329
35.44:  47.6565,-23.49216,135.8055
35.45:  47.89925,-23.4816,135.7782
35.47:  48.1417,-23.46747,135.7509
35.49:  48.37986,-23.44443,135.7236
35.5:  48.61853,-23.41776,135.6962
35.52:  48.85006,-23.38983,135.6626
35.54:  49.09012,-23.35724,135.6352
35.55:  49.32611,-23.32509,135.6079
35.57:  49.56149,-23.29288,135.5742
35.59:  49.80468,-23.2559,135.5405
35.6:  50.03363,-23.21562,135.5132
35.62:  50.26926,-23.16442,135.4922
35.64:  50.50685,-23.10008,135.4585
35.65:  50.74112,-23.03086,135.4312
35.67:  50.97766,-22.95616,135.4039
35.69:  51.21122,-22.88001,135.3766
35.7:  51.45275,-22.79874,135.3492
35.72:  51.67604,-22.72349,135.3219
35.74:  51.91139,-22.64638,135.2946
35.75:  52.14389,-22.56778,135.2672
35.77:  52.37539,-22.48706,135.2399
35.79:  52.60179,-22.40095,135.2126
35.8:  52.82501,-22.31353,135.1852
35.82:  53.04298,-22.22082,135.1579
35.84:  53.26126,-22.1184,135.1306
35.85:  53.4735,-22.01018,135.1032
35.87:  53.68143,-21.89617,135.0759
35.89:  53.88872,-21.76926,135.0486
35.9:  54.09238,-21.63474,135.0212
35.92:  54.29386,-21.49522,134.9939
35.94:  54.49337,-21.34758,134.9666
35.95:  54.69483,-21.20137,134.9392
35.97:  54.89289,-21.05496,134.9119
35.99:  55.09217,-20.91052,134.8846
36:  55.29064,-20.76303,134.8509
36.02:  55.48671,-20.61762,134.8236
36.04:  55.68803,-20.47074,134.7962
36.05:  55.88519,-20.32423,134.7689
36.07:  56.08089,-20.17822,134.7416
36.09:  56.28289,-20.02735,134.7142
36.1:  56.4791,-19.88111,134.6869
36.12:  56.6792,-19.73439,134.6596
36.14:  56.87763,-19.58923,134.6322
36.15:  57.07795,-19.44554,134.6049
36.17:  57.28114,-19.30211,134.5776
36.19:  57.48478,-19.16171,134.5503
36.2:  57.68804,-19.02141,134.5229
36.22:  57.89607,-18.88293,134.4893
36.24:  58.10649,-18.74909,134.4619
36.25:  58.31854,-18.6204,134.4346
36.27:  58.5309,-18.49137,134.4073
36.29:  58.74072,-18.36376,134.3799
36.3:  58.95721,-18.23753,134.3526
36.32:  59.17319,-18.11766,134.3253
36.34:  59.39315,-18.00167,134.2979
36.35:  59.61367,-17.89137,134.2706
36.37:  59.84083,-17.78738,134.2433
36.39:  60.06164,-17.69451,134.2159
36.4:  60.29,-17.60779,134.1886
36.42:  60.52207,-17.52894,134.1613
36.44:  60.76045,-17.45366,134.1339
36.45:  61.00872,-17.38432,134.1003
36.47:  61.24826,-17.32285,134.0729
36.49:  61.49633,-17.26823,134.0456
36.5:  61.74076,-17.21913,134.0183
36.52:  61.98223,-17.17194,133.9973
36.54:  62.23504,-17.12605,133.9763
36.55:  62.47554,-17.08233,133.9616
36.57:  62.72451,-17.03556,133.9533
36.59:  62.96156,-16.99102,133.9513
36.6:  63.2093,-16.94447,133.9513
36.62:  63.44986,-16.9007,133.9513
36.64:  63.69697,-16.85426,133.9513
36.65:  63.93978,-16.81012,133.9597
36.67:  64.18575,-16.76411,133.9996
36.69:  64.43159,-16.71851,134.084
36.7:  64.6765,-16.67365,134.2128
36.72:  64.92776,-16.6284,134.3859
36.74:  65.17299,-16.58714,134.5843
36.75:  65.41822,-16.54493,134.8272
36.77:  65.66458,-16.50388,135.1334
36.79:  65.90569,-16.46522,135.4839
36.8:  66.15764,-16.42865,135.8788
36.82:  66.40231,-16.39304,136.3118
36.84:  66.64851,-16.35932,136.7955
36.85:  66.89863,-16.32736,137.3108
36.87:  67.14698,-16.29806,137.8642
36.89:  67.3931,-16.27162,138.4619
36.9:  67.65046,-16.24689,139.104
36.92:  67.89351,-16.22641,139.7778
36.94:  68.14085,-16.20856,140.4643
36.95:  68.39122,-16.19358,141.1698
36.97:  68.63628,-16.18206,141.9006
36.99:  68.88931,-16.17353,142.6632
37:  69.13766,-16.16855,143.4447
37.02:  69.38649,-16.16699,144.2326
37.04:  69.63761,-16.17083,145.0141
37.05:  69.89368,-16.17624,145.802
37.07:  70.14087,-16.18627,146.5899
37.09:  70.38681,-16.2002,147.3777
37.1:  70.63751,-16.21785,148.1656
37.12:  70.88354,-16.23661,148.9535
37.14:  71.13408,-16.26117,149.7351
37.15:  71.39056,-16.28781,150.5229
37.17:  71.63531,-16.31664,151.3108
37.19:  71.87999,-16.35086,152.0987
37.2:  72.12771,-16.38697,152.8866
37.22:  72.37399,-16.4263,153.6681
37.24:  72.61886,-16.47089,154.456
37.25:  72.86641,-16.51744,155.2439
37.27:  73.11559,-16.56786,156.0317
37.29:  73.3588,-16.62056,156.8196
37.3:  73.59833,-16.67592,157.6075
37.32:  73.83926,-16.73511,158.3954
37.34:  74.07979,-16.7992,159.1833
37.35:  74.32053,-16.86739,159.9521
37.37:  74.56093,-16.93658,160.6513
37.39:  74.79942,-17.00808,161.2807
37.4:  75.0388,-17.08219,161.7961
37.42:  75.27435,-17.1567,162.1466
37.44:  75.5204,-17.23457,162.1549
37.45:  75.75378,-17.30844,162.1569
37.47:  75.9919,-17.38591,162.1589
37.49:  76.23029,-17.46139,162.1609
37.5:  76.46613,-17.53607,162.1629
37.52:  76.70478,-17.61374,162.1648
37.54:  76.94028,-17.68832,162.1668
37.55:  77.18063,-17.76445,162.1688
37.57:  77.41872,-17.83988,162.1708
37.59:  77.65624,-17.91513,162.1728
37.6:  77.89559,-17.99307,162.1747
37.62:  78.13115,-18.06772,162.1767
37.64:  78.37081,-18.14368,162.1787
37.65:  78.60838,-18.21688,162.1807
37.67:  78.84184,-18.28467,162.1827
37.69:  79.07867,-18.3513,162.1827
37.7:  79.31601,-18.41446,162.168
37.72:  79.5454,-18.46574,162.0456
37.74:  79.76822,-18.49812,161.7014
37.75:  79.97104,-18.50361,161.0783
37.77:  80.12222,-18.47797,160.3158
37.79:  80.24128,-18.43359,159.5532
37.8:  80.30917,-18.40724,158.7907
37.82:  80.30917,-18.40724,158.0092
37.84:  80.30917,-18.40724,157.2276
37.85:  80.30917,-18.40724,156.4461
37.87:  80.30917,-18.40724,155.6645
37.89:  80.30917,-18.40724,154.883
37.9:  80.30917,-18.40724,154.1015
37.92:  80.30917,-18.40724,153.3263
37.94:  80.30917,-18.40724,152.551
37.95:  80.30917,-18.40724,151.7695
37.97:  80.30917,-18.40724,150.988
37.99:  80.30917,-18.40724,150.2064
38:  80.30917,-18.40724,149.4249
38.02:  80.30917,-18.40724,148.6433
38.04:  80.30917,-18.40724,147.8681
38.05:  80.30917,-18.40724,147.0929
38.07:  80.30917,-18.40724,146.3114
38.09:  80.30917,-18.40724,145.5299
38.1:  80.30917,-18.40724,144.742
38.12:  80.30917,-18.40724,143.9541
38.14:  80.30917,-18.40724,143.1662
38.15:  80.30917,-18.40724,142.3783
38.17:  80.30917,-18.40724,141.5905
38.19:  80.30917,-18.40724,140.8026
38.2:  80.30917,-18.40724,140.0147
38.22:  80.30917,-18.40724,139.2268
38.24:  80.30917,-18.40724,138.4389
38.25:  80.30917,-18.40724,137.6511
38.27:  80.30917,-18.40724,136.8632
38.29:  80.30917,-18.40724,136.0753
38.3:  80.30917,-18.40724,135.2874
38.32:  80.30917,-18.40724,134.4996
38.34:  80.30917,-18.40724,133.7117
38.35:  80.30917,-18.40724,132.9238
38.37:  80.30917,-18.40724,132.1359
38.39:  80.30917,-18.40724,131.348
38.4:  80.30917,-18.40724,130.5602
38.42:  80.30917,-18.40724,129.7723
38.44:  80.30917,-18.40724,128.9844
38.45:  80.30917,-18.40724,128.1965
38.47:  80.30917,-18.40724,127.4086
38.49:  80.30917,-18.40724,126.6208
38.5:  80.30917,-18.40724,125.8329
38.52:  80.30917,-18.40724,125.045
38.54:  80.30917,-18.40724,124.2571
38.55:  80.30917,-18.40724,123.4692
38.57:  80.30917,-18.40724,122.6814
38.59:  80.30917,-18.40724,121.8935
38.6:  80.30917,-18.40724,121.1056
38.62:  80.30917,-18.40724,120.3177
38.64:  80.30917,-18.40724,119.5299
38.65:  80.30917,-18.40724,118.742
38.67:  80.30917,-18.40724,117.9541
38.69:  80.30917,-18.40724,117.1662
38.7:  80.30917,-18.40724,116.3783
38.72:  80.30917,-18.40724,115.5904
38.74:  80.30917,-18.40724,114.8026
38.75:  80.30917,-18.40724,114.0147
38.77:  80.30917,-18.40724,113.2268
38.79:  80.30917,-18.40724,112.4389
38.8:  80.30917,-18.40724,111.651
38.82:  80.30917,-18.40724,110.8632
38.84:  80.30917,-18.40724,110.0753
38.85:  80.30917,-18.40724,109.2874
38.87:  80.30917,-18.40724,108.4995
38.89:  80.30917,-18.40724,107.7117
38.9:  80.30917,-18.40724,106.9238
38.92:  80.30917,-18.40724,106.1359
38.94:  80.30917,-18.40724,105.348
38.95:  80.30917,-18.40724,104.5601
38.97:  80.30917,-18.40724,103.7723
38.99:  80.30917,-18.40724,102.9844
39:  80.30917,-18.40724,102.1965
39.02:  80.30917,-18.40724,101.4086
39.04:  80.30917,-18.40724,100.6208
39.05:  80.30917,-18.40724,99.83287
39.07:  80.30917,-18.40724,99.04499
39.09:  80.30917,-18.40724,98.25712
39.1:  80.30917,-18.40724,97.46923
39.12:  80.30917,-18.40724,96.68136
39.14:  80.30917,-18.40724,95.89347
39.15:  80.30917,-18.40724,95.1056
39.17:  80.30917,-18.40724,94.31772
39.19:  80.30917,-18.40724,93.52984
39.2:  80.30917,-18.40724,92.74197
39.22:  80.30917,-18.40724,91.95409
39.24:  80.30917,-18.40724,91.16621
39.25:  80.30917,-18.40724,90.37832
39.27:  80.30917,-18.40724,89.59045
39.29:  80.30917,-18.40724,88.80256
39.3:  80.30917,-18.40724,88.01469
39.32:  80.30917,-18.40724,87.22681
39.34:  80.30917,-18.40724,86.43893
39.35:  80.30917,-18.40724,85.65105
39.37:  80.30917,-18.40724,84.86317
39.39:  80.30917,-18.40724,84.07529
39.4:  80.30917,-18.40724,83.28741
39.42:  80.30917,-18.40724,82.49953
39.44:  80.30917,-18.40724,81.71165
39.45:  80.30917,-18.40724,80.92377
39.47:  80.30917,-18.40724,80.13589
39.49:  80.30917,-18.40724,79.34801
39.5:  80.30917,-18.40724,78.56014
39.52:  80.30917,-18.40724,77.77226
39.54:  80.30917,-18.40724,76.98439
39.55:  80.30917,-18.40724,76.1965
39.57:  80.30917,-18.40724,75.40863
39.59:  80.30917,-18.40724,74.62075
39.6:  80.30917,-18.40724,73.83287
39.62:  80.30917,-18.40724,73.045
39.64:  80.30917,-18.40724,72.25713
39.65:  80.30917,-18.40724,71.46925
39.67:  80.30917,-18.40724,70.68137
39.69:  80.30917,-18.40724,69.89349
39.7:  80.30917,-18.40724,69.10561
39.72:  80.30917,-18.40724,68.31773
39.74:  80.30917,-18.40724,67.52985
39.75:  80.30917,-18.40724,66.74198
39.77:  80.30917,-18.40724,65.95411
39.79:  80.30917,-18.40724,65.16623
39.8:  80.30917,-18.40724,64.37835
39.82:  80.30917,-18.40724,63.59047
39.84:  80.30917,-18.40724,62.80259
39.85:  80.30917,-18.40724,62.01471
39.87:  80.30917,-18.40724,61.22683
39.89:  80.30917,-18.40724,60.43896
39.9:  80.30917,-18.40724,59.65107
39.92:  80.30917,-18.40724,58.8632
39.94:  80.30917,-18.40724,58.07533
39.95:  80.30917,-18.40724,57.28745
39.97:  80.30917,-18.40724,56.49957
39.99:  80.30917,-18.40724,55.71169
40:  80.30917,-18.40724,54.9238
40.02:  80.30917,-18.40724,54.13593
40.04:  80.30917,-18.40724,53.34805
40.05:  80.30917,-18.40724,52.56017
40.07:  80.30917,-18.40724,51.77229
40.09:  80.30917,-18.40724,50.98441
40.1:  80.30917,-18.40724,50.19653
40.12:  80.30917,-18.40724,49.40866
40.14:  80.30917,-18.40724,48.62077
40.15:  80.30917,-18.40724,47.83289
40.17:  80.30917,-18.40724,47.04502
40.19:  80.30917,-18.40724,46.25714
40.2:  80.30917,-18.40724,45.46926
40.22:  80.30917,-18.40724,44.68139
40.24:  80.30917,-18.40724,43.89351
40.25:  80.30917,-18.40724,43.10563
40.27:  80.30917,-18.40724,42.31776
40.29:  80.30917,-18.40724,41.52988
40.3:  80.30917,-18.40724,40.742
40.32:  80.30917,-18.40724,39.95412
40.34:  80.30917,-18.40724,39.16623
40.35:  80.30917,-18.40724,38.37836
40.37:  80.30917,-18.40724,37.59048
40.39:  80.30917,-18.40724,36.8026
40.4:  80.30917,-18.40724,36.01472
40.42:  80.30917,-18.40724,35.22684
40.44:  80.30917,-18.40724,34.43896
40.45:  80.30917,-18.40724,33.65108
40.47:  80.30917,-18.40724,32.86321
40.49:  80.30917,-18.40724,32.07533
40.5:  80.30917,-18.40724,31.28745
40.52:  80.30917,-18.40724,30.49957
40.54:  80.30917,-18.40724,29.71169
40.55:  80.30917,-18.40724,28.92382
40.57:  80.30917,-18.40724,28.13594
40.59:  80.30917,-18.40724,27.34806
40.6:  80.30917,-18.40724,26.56018
40.62:  80.30917,-18.40724,25.7723
40.64:  80.30917,-18.40724,24.98443
40.65:  80.30917,-18.40724,24.19654
40.67:  80.30917,-18.40724,23.40866
40.69:  80.30917,-18.40724,22.62079
40.7:  80.30917,-18.40724,21.83291
40.72:  80.30917,-18.40724,21.04503
40.74:  80.30917,-18.40724,20.25715
40.75:  80.30917,-18.40724,19.46927
40.77:  80.30917,-18.40724,18.68139
40.79:  80.30917,-18.40724,17.89351
40.8:  80.30917,-18.40724,17.10563
40.82:  80.30917,-18.40724,16.31776
40.84:  80.30917,-18.40724,15.53622
40.85:  80.30917,-18.40724,14.80538
40.87:  80.30917,-18.40724,14.13792
40.89:  80.30917,-18.40724,13.55285
40.9:  80.30917,-18.40724,13.13891
40.92:  80.30917,-18.40724,12.90243
40.94:  80.3196,-18.3615,12.85608
40.95:  80.34863,-18.23407,12.82875
40.97:  80.39764,-18.01836,12.80142
40.99:  80.45286,-17.7748,12.77409
41:  80.50964,-17.52378,12.74675
41.02:  80.56445,-17.28095,12.71942
41.04:  80.61806,-17.04292,12.69209
41.05:  80.67278,-16.79939,12.66476
41.07:  80.72722,-16.55661,12.63743
41.09:  80.7818,-16.31263,12.61009
41.1:  80.83649,-16.06759,12.58276
41.12:  80.89017,-15.82668,12.56177
41.14:  80.94515,-15.57941,12.53443
41.15:  80.99924,-15.33555,12.5071
41.17:  81.05327,-15.09146,12.47977
41.19:  81.1071,-14.84767,12.45244
41.2:  81.16116,-14.60246,12.43144
41.22:  81.21436,-14.36056,12.40411
41.24:  81.26839,-14.11446,12.38312
41.25:  81.32166,-13.87132,12.35578
41.27:  81.37513,-13.62678,12.33479
41.29:  81.42867,-13.38138,12.30746
41.3:  81.48199,-13.13642,12.28013
41.32:  81.52516,-12.89176,12.25279
41.34:  81.56367,-12.64471,12.22546
41.35:  81.59016,-12.3945,12.19813
41.37:  81.61179,-12.1425,12.1708
41.39:  81.63092,-11.88978,12.14346
41.4:  81.64981,-11.63857,12.11613
41.42:  81.66838,-11.39006,12.0888
41.44:  81.68714,-11.13696,12.05513
41.45:  81.70567,-10.88505,12.02146
41.47:  81.72471,-10.62451,11.99413
41.49:  81.74267,-10.37706,11.9668
41.5:  81.76066,-10.12755,11.93946
41.52:  81.77379,-9.876758,11.91213
41.54:  81.78208,-9.62368,11.8848
41.55:  81.78549,-9.36803,11.85747
41.57:  81.78877,-9.112742,11.83014
41.59:  81.78955,-8.849147,11.8028
41.6:  81.78553,-8.60181,11.77547
41.62:  81.78126,-8.346892,11.74814
41.64:  81.7696,-8.087962,11.72081
41.65:  81.75508,-7.822804,11.69347
41.67:  81.73866,-7.567793,11.66614
41.69:  81.72066,-7.310504,11.63881
41.7:  81.69566,-7.063413,11.61148
41.72:  81.65624,-6.808086,11.58415
41.74:  81.61272,-6.567166,11.56315
41.75:  81.56343,-6.320434,11.53582
41.77:  81.51233,-6.065248,11.50849
41.79:  81.46113,-5.821521,11.48116
41.8:  81.40786,-5.568511,11.45382
41.82:  81.35696,-5.327341,11.42649
41.84:  81.30167,-5.081409,11.4055
41.85:  81.24091,-4.836662,11.37816
41.87:  81.17938,-4.597952,11.35083
41.89:  81.11208,-4.346478,11.32984
41.9:  81.04993,-4.114713,11.3025
41.92:  80.98594,-3.876475,11.27517
41.94:  80.91875,-3.635228,11.25418
41.95:  80.85373,-3.394029,11.22685
41.97:  80.78898,-3.154243,11.19951
41.99:  80.72242,-2.916569,11.17218
42:  80.65639,-2.673006,11.14485
42.02:  80.59184,-2.435351,11.11752
42.04:  80.52333,-2.192033,11.09019
42.05:  80.45628,-1.946108,11.06285
42.07:  80.3885,-1.706175,11.04186
42.09:  80.3219,-1.470815,11.01453
42.1:  80.25629,-1.231443,10.98719
42.12:  80.19118,-0.9942588,10.95986
42.14:  80.11923,-0.7535816,10.93253
42.15:  80.04012,-0.5160692,10.9052
42.17:  79.95067,-0.2727032,10.87786
42.19:  79.86137,-0.03618756,10.85053
42.2:  79.77437,0.1939144,10.8232
42.22:  79.68556,0.4283909,10.78953
42.24:  79.59492,0.6671747,10.74952
42.25:  79.5071,0.9038889,10.70318
42.27:  79.41703,1.139393,10.60613
42.29:  79.32539,1.376955,10.43936
42.3:  79.23354,1.611445,10.14584
42.32:  79.14072,1.843985,9.776261
42.34:  79.04432,2.080477,9.355981
42.35:  78.94906,2.313978,8.865982
42.37:  78.85161,2.546408,8.312604
42.39:  78.74963,2.777493,7.7212
42.4:  78.63978,3.009114,7.098105
42.42:  78.52561,3.232578,6.475012
42.44:  78.40714,3.455339,5.839243
42.45:  78.28396,3.670985,5.209811
42.47:  78.16,3.882507,4.574042
42.49:  78.02525,4.106752,3.94461
42.5:  77.89636,4.312293,3.315179
42.52:  77.76638,4.515595,2.679409
42.54:  77.6282,4.722953,2.056315
42.55:  77.48678,4.922521,1.547303
42.57:  77.34166,5.121452,1.215753
42.59:  77.19588,5.31852,1.182083
42.6:  77.05174,5.513182,1.154751
42.62:  76.90503,5.711116,1.127418
42.64:  76.75621,5.908425,1.100086
42.65:  76.60953,6.105933,1.072754
42.67:  76.46481,6.300641,1.05176
42.69:  76.31851,6.49732,1.030766
42.7:  76.16582,6.699111,1.009771
42.72:  76.01928,6.892607,0.9887772
42.74:  75.87362,7.087988,0.967783
42.75:  75.7291,7.281681,0.9467887
42.77:  75.5823,7.478248,0.9194565
42.79:  75.43874,7.676191,0.9174758
42.8:  75.29044,7.880648,0.9174758
42.82:  75.15405,8.074506,0.93847
42.84:  75.00848,8.284484,1.00383
42.85:  74.86746,8.485279,1.113554
42.87:  74.72396,8.690839,1.273982
42.89:  74.58442,8.894562,1.453424
42.9:  74.44341,9.099326,1.639203
42.92:  74.30447,9.305102,1.837658
42.94:  74.16378,9.51511,2.042452
42.95:  74.02467,9.724408,2.253582
42.97:  73.88618,9.934398,2.458375
42.99:  73.7938,10.15818,2.656831
43:  73.69582,10.38262,2.867961
43.02:  73.56461,10.59263,3.047403
43.04:  73.4276,10.80651,3.220507
43.05:  73.29185,11.01934,3.330231
43.07:  73.15853,11.22834,3.330231
43.09:  73.02209,11.44224,3.330231
43.1:  72.88699,11.65138,3.330231
43.12:  72.75325,11.86104,3.330231
43.14:  72.61982,12.07393,3.330231
43.15:  72.49693,12.29437,3.332212
43.17:  72.37981,12.52948,3.334192
43.19:  72.28062,12.74979,3.334192
43.2:  72.18594,12.98149,3.334192
43.22:  72.09547,13.21415,3.334192
43.24:  72.01025,13.4548,3.334192
43.25:  71.93858,13.69669,3.334192
43.27:  71.88648,13.94344,3.334192
43.29:  71.84921,14.18872,3.334192
43.3:  71.84862,14.43903,3.334192
43.32:  71.86218,14.67191,3.334192
43.34:  71.87646,14.91696,3.334192
43.35:  71.89011,15.15114,3.336172
43.37:  71.90321,15.37591,3.336172
43.39:  71.9353,15.58831,3.336172
43.42:  72.00005,15.77545,3.336172
43.44:  72.09332,15.95508,3.336172
43.45:  72.19241,16.12518,3.336172
43.47:  72.30252,16.29031,3.336172
43.49:  72.43012,16.45042,3.336172
43.5:  72.56197,16.60945,3.336172
43.52:  72.6983,16.76317,3.336172
43.54:  72.83609,16.90654,3.336172
43.55:  72.97308,17.04716,3.336172
43.57:  73.10838,17.18375,3.336172
43.59:  73.24405,17.31841,3.336172
43.6:  73.37973,17.44381,3.336172
43.62:  73.51216,17.53392,3.336172
43.64:  73.64304,17.60195,3.336172
43.65:  73.77431,17.65829,3.336172
43.67:  73.89257,17.70307,3.336172
43.69:  73.99596,17.74625,3.336172
43.7:  74.08929,17.7875,3.336172
43.72:  74.08929,17.7875,3.336172
43.74:  74.08929,17.7875,3.336172
43.75:  74.08929,17.7875,3.336172
43.77:  74.08929,17.7875,3.338153
43.79:  74.08929,17.7875,3.338153
43.8:  74.08929,17.7875,3.338153
43.82:  74.08929,17.7875,3.338153
43.84:  74.08929,17.7875,3.338153
43.85:  74.08929,17.7875,3.338153
43.87:  74.08929,17.7875,3.338153
43.89:  74.08929,17.7875,3.338153
43.9:  74.08929,17.7875,3.338153
43.92:  74.08929,17.7875,3.338153
43.94:  74.08929,17.7875,3.338153
43.95:  74.08929,17.7875,3.338153
43.97:  74.08929,17.7875,3.338153
43.99:  74.08929,17.7875,3.338153
44:  74.08929,17.7875,3.340133
44.02:  74.08929,17.7875,3.340133
44.04:  74.08929,17.7875,3.340133
44.05:  74.08929,17.7875,3.340133
44.07:  74.08929,17.7875,3.340133
44.09:  74.08929,17.7875,3.340133
44.1:  74.08929,17.7875,3.340133
44.12:  74.08929,17.7875,3.340133
44.14:  74.08929,17.7875,3.340133
44.15:  74.08929,17.7875,3.340133
44.17:  74.08929,17.7875,3.340133
44.19:  74.08929,17.7875,3.340133
44.2:  74.08929,17.7875,3.340133
44.22:  74.08929,17.7875,3.340133
44.24:  74.08929,17.7875,3.340133
44.25:  74.08929,17.7875,3.340133
44.27:  74.08929,17.7875,3.340133
44.29:  74.08929,17.7875,3.340133
44.3:  74.08929,17.7875,3.340133
44.32:  74.08929,17.7875,3.342114
44.34:  74.08929,17.7875,3.342114
44.35:  74.08929,17.7875,3.342114
44.37:  74.08929,17.7875,3.342114
44.39:  74.08929,17.7875,3.342114
44.4:  74.08929,17.7875,3.342114
44.42:  74.08929,17.7875,3.342114
44.44:  74.08929,17.7875,3.344094
44.45:  74.08929,17.7875,3.344094
44.47:  74.08929,17.7875,3.344094
44.49:  74.08929,17.7875,3.344094
44.5:  74.08929,17.7875,3.344094
44.52:  74.08929,17.7875,3.344094
44.54:  74.08929,17.7875,3.344094
44.55:  74.08929,17.7875,3.344094
44.57:  74.08929,17.7875,3.344094
44.59:  74.08929,17.7875,3.344094
44.6:  74.08929,17.7875,3.344094
44.62:  74.08929,17.7875,3.344094
44.64:  74.08929,17.7875,3.344094
44.65:  74.08929,17.7875,3.344094
44.67:  74.08929,17.7875,3.344094
44.69:  74.08929,17.7875,3.344094
44.7:  74.08929,17.7875,3.344094
44.72:  74.08929,17.7875,3.344094
44.74:  74.08929,17.7875,3.344094
44.75:  74.08929,17.7875,3.344094
44.77:  74.08929,17.7875,3.346075
44.79:  74.08929,17.7875,3.346075
44.8:  74.08929,17.7875,3.346075
44.82:  74.08929,17.7875,3.346075
44.84:  74.08929,17.7875,3.346075
44.85:  74.08929,17.7875,3.346075
44.87:  74.08929,17.7875,3.346075
44.89:  74.08929,17.7875,3.346075
44.9:  74.08929,17.7875,3.346075
44.92:  74.08929,17.7875,3.346075
44.94:  74.08929,17.7875,3.346075
44.95:  74.08929,17.7875,3.346075
44.97:  74.08929,17.7875,3.346075
44.99:  74.08929,17.7875,3.346075
45:  74.08929,17.7875,3.346075
45.02:  74.08929,17.7875,3.346075
45.04:  74.08929,17.7875,3.346075
45.05:  74.08929,17.7875,3.346075
45.07:  74.08929,17.7875,3.346075
45.09:  74.08929,17.7875,3.346075
45.1:  74.08929,17.7875,3.346075
45.12:  74.08929,17.7875,3.346075
45.14:  74.08929,17.7875,3.346075
45.15:  74.08929,17.7875,3.348055
45.17:  74.08929,17.7875,3.348055
45.19:  74.08929,17.7875,3.348055
45.2:  74.08929,17.7875,3.348055
45.22:  74.08929,17.7875,3.348055
45.24:  74.08929,17.7875,3.348055
45.25:  74.08929,17.7875,3.348055
45.27:  74.08929,17.7875,3.348055
45.29:  74.08929,17.7875,3.348055
45.3:  74.08929,17.7875,3.348055
45.32:  74.08929,17.7875,3.348055
45.34:  74.08929,17.7875,3.348055
45.35:  74.08929,17.7875,3.348055
45.37:  74.08929,17.7875,3.348055
45.39:  74.08929,17.7875,3.348055
45.4:  74.08929,17.7875,3.348055
45.42:  74.08929,17.7875,3.348055
45.44:  74.08929,17.7875,3.348055
45.45:  74.08929,17.7875,3.348055
45.47:  74.08929,17.7875,3.348055
45.49:  74.08929,17.7875,3.348055
45.5:  74.08929,17.7875,3.348055
45.52:  74.08929,17.7875,3.348055
45.54:  74.08929,17.7875,3.348055
45.55:  74.08929,17.7875,3.348055
45.57:  74.08929,17.7875,3.348055
45.59:  74.08929,17.7875,3.348055
45.6:  74.08929,17.7875,3.350036
45.62:  74.08929,17.7875,3.350036
