ParticipantNo: 11014
Controller type: Keyboard and Mouse
Training Level Timed:
0.02:  82.7,18.5,270
0.03:  82.7,18.5,270
0.05:  82.7,18.5,270
0.07:  82.7,18.5,270
0.09:  82.7,18.5,270
0.1:  82.7,18.5,270
0.12:  82.7,18.5,270
0.14:  82.7,18.5,270
0.15:  82.7,18.5,270
0.17:  82.7,18.5,270
0.19:  82.7,18.5,270
0.2:  82.7,18.5,270
0.22:  82.7,18.5,270
0.23:  82.7,18.5,270
0.25:  82.7,18.5,270
0.27:  82.7,18.5,270
0.29:  82.7,18.5,270
0.3:  82.7,18.5,270
0.32:  82.7,18.5,270
0.34:  82.7,18.5,270
0.35:  82.7,18.5,270
0.37:  82.7,18.5,270
0.39:  82.7,18.5,270
0.4:  82.7,18.5,270
0.42:  82.7,18.5,270
0.44:  82.7,18.5,270
0.45:  82.7,18.5,270
0.47:  82.7,18.5,270
0.49:  82.7,18.5,270
0.5:  82.7,18.5,270
0.52:  82.7,18.5,270
0.54:  82.7,18.5,270
0.55:  82.7,18.5,270
0.57:  82.7,18.5,270
0.59:  82.7,18.5,270
0.6:  82.7,18.5,270
0.62:  82.7,18.5,270
0.64:  82.7,18.5,270
0.65:  82.7,18.5,270
0.67:  82.7,18.5,270
0.69:  82.7,18.5,270
0.7:  82.7,18.5,270
0.72:  82.7,18.5,270
0.74:  82.7,18.5,270
0.75:  82.7,18.5,270
0.77:  82.7,18.5,270
0.79:  82.7,18.5,270
0.8:  82.7,18.5,270
0.82:  82.7,18.5,270
0.83:  82.7,18.5,270
0.85:  82.7,18.5,270
0.87:  82.7,18.5,270
0.89:  82.7,18.5,270
0.9:  82.7,18.5,270
0.92:  82.7,18.5,270
0.93:  82.7,18.5,270
0.95:  82.7,18.5,270
0.97:  82.7,18.5,270
0.99:  82.7,18.5,270
1:  82.7,18.5,270
1.02:  82.7,18.5,270
1.04:  82.7,18.5,270
1.05:  82.7,18.5,270
1.07:  82.7,18.5,270
1.09:  82.7,18.5,270
1.1:  82.7,18.5,270
1.12:  82.7,18.5,270
1.15:  82.7,18.5,270
1.17:  82.7,18.5,270
1.18:  82.7,18.5,270
1.2:  82.7,18.5,270
1.22:  82.7,18.5,270
1.24:  82.7,18.5,270
1.25:  82.7,18.5,270
1.27:  82.7,18.5,270
1.28:  82.7,18.5,270
1.3:  82.7,18.5,270
1.32:  82.7,18.5,270
1.33:  82.7,18.5,270
1.35:  82.7,18.5,270
1.37:  82.7,18.5,270
1.39:  82.7,18.5,270
1.4:  82.7,18.5,270
1.42:  82.7,18.5,270
1.43:  82.7,18.5,270
1.45:  82.7,18.5,270
1.47:  82.7,18.5,270
1.49:  82.7,18.5,270
1.5:  82.7,18.5,270
1.52:  82.7,18.5,270
1.54:  82.7,18.5,270
1.55:  82.7,18.5,270
1.57:  82.7,18.5,270
1.59:  82.7,18.5,270
1.6:  82.7,18.5,270
1.62:  82.7,18.5,270
1.64:  82.7,18.5,270
1.65:  82.7,18.5,270
1.67:  82.7,18.5,270
1.69:  82.7,18.5,270
1.7:  82.7,18.5,270
1.72:  82.7,18.5,270
1.74:  82.7,18.5,270
1.75:  82.7,18.5,270
1.77:  82.7,18.5,270
1.79:  82.7,18.5,270
1.8:  82.7,18.5,270
1.82:  82.7,18.5,270
1.84:  82.7,18.5,270
1.85:  82.7,18.5,270
1.87:  82.7,18.5,270
1.89:  82.7,18.5,270
1.9:  82.7,18.5,270
1.92:  82.7,18.5,270
1.94:  82.7,18.5,270
1.95:  82.7,18.5,270
1.97:  82.7,18.5,270
1.99:  82.7,18.5,270
2:  82.7,18.5,270
2.02:  82.7,18.5,270
2.04:  82.7,18.5,270
2.05:  82.7,18.5,270
2.07:  82.7,18.5,270
2.09:  82.7,18.5,270
2.1:  82.7,18.5,270.8
2.12:  82.7,18.5,273.8
2.14:  82.7,18.5,279.9
2.15:  82.7,18.5,285.2
2.17:  82.7,18.5,287.7
2.19:  82.7,18.5,286.9
2.2:  82.7,18.5,285.2
2.22:  82.7,18.5,285.2
2.24:  82.7,18.5,285.2
2.25:  82.7,18.5,285.2
2.27:  82.7,18.5,285.2
2.29:  82.7,18.5,285.2
2.3:  82.7,18.5,285.2
2.32:  82.7,18.5,285.2
2.34:  82.7,18.5,285.2
2.35:  82.7,18.5,285.2
2.37:  82.7,18.5,285.2
2.39:  82.7,18.5,285.2
2.4:  82.7,18.5,285.2
2.42:  82.7,18.5,285.2
2.44:  82.7,18.5,285.2
2.45:  82.7,18.5,285.2
2.47:  82.7,18.5,285.2
2.49:  82.7,18.5,285.2
2.5:  82.7,18.5,285.2
2.52:  82.7,18.5,285.2
2.54:  82.7,18.5,285.2
2.55:  82.7,18.5,285.2
2.57:  82.7,18.5,285.2
2.59:  82.7,18.5,283.1
2.6:  82.7,18.5,282.3
2.62:  82.7,18.5,282
2.64:  82.7,18.5,282
2.65:  82.7,18.5,281.1
2.67:  82.7,18.5,279.1
2.69:  82.7,18.5,275.2
2.7:  82.7,18.5,270.5
2.72:  82.7,18.5,266.2
2.74:  82.7,18.5,262
2.75:  82.7,18.5,256.3
2.77:  82.7,18.5,252.6
2.79:  82.7,18.5,249.6
2.8:  82.7,18.5,247
2.82:  82.7,18.5,245.5
2.83:  82.7,18.5,245
2.85:  82.7,18.5,244.9
2.87:  82.7,18.5,244.9
2.89:  82.7,18.5,244.9
2.9:  82.7,18.5,244.9
2.92:  82.7,18.5,244.9
2.94:  82.7,18.5,244.9
2.95:  82.7,18.5,244.9
2.97:  82.7,18.5,244.9
2.99:  82.7,18.5,244.9
3:  82.7,18.5,244.6
3.02:  82.7,18.5,244.1
3.04:  82.7,18.5,243.5
3.05:  82.7,18.5,242.9
3.07:  82.7,18.5,242.3
3.09:  82.7,18.5,241.4
3.1:  82.7,18.5,241.1
3.12:  82.7,18.5,241
3.14:  82.7,18.5,240.9
3.15:  82.7,18.5,240.9
3.17:  82.7,18.5,240.9
3.19:  82.7,18.5,240.9
3.2:  82.7,18.5,240.9
3.22:  82.7,18.5,240.9
3.24:  82.7,18.5,240.9
3.25:  82.7,18.5,241
3.27:  82.7,18.5,241.5
3.29:  82.7,18.5,242.1
3.3:  82.7,18.5,242.9
3.32:  82.7,18.5,243.4
3.34:  82.7,18.5,243.6
3.35:  82.7,18.5,243.8
3.37:  82.7,18.5,244.1
3.39:  82.7,18.5,244.8
3.4:  82.7,18.5,246
3.42:  82.7,18.5,247.4
3.44:  82.7,18.5,248.4
3.45:  82.7,18.5,249.7
3.47:  82.7,18.5,251.2
3.49:  82.7,18.5,252.7
3.5:  82.7,18.5,255
3.52:  82.7,18.5,255.9
3.54:  82.7,18.5,256.6
3.55:  82.7,18.5,257.1
3.57:  82.7,18.5,257.4
3.59:  82.7,18.5,257.9
3.6:  82.7,18.5,258.7
3.62:  82.7,18.5,259.7
3.64:  82.7,18.5,260.9
3.65:  82.7,18.5,262.2
3.67:  82.7,18.5,263.9
3.69:  82.7,18.5,266.1
3.7:  82.7,18.5,268.5
3.72:  82.7,18.5,269.9
3.74:  82.7,18.5,271.2
3.75:  82.7,18.5,272.1
3.77:  82.7,18.5,272.7
3.79:  82.7,18.5,273.1
3.8:  82.7,18.5,273.5
3.82:  82.7,18.5,273.7
3.84:  82.7,18.5,274
3.85:  82.7,18.5,274.3
3.87:  82.7,18.5,274.5
3.89:  82.7,18.5,274.5
3.9:  82.7,18.5,274.6
3.92:  82.7,18.5,274.6
3.94:  82.7,18.5,274.6
3.95:  82.7,18.5,274.5
3.97:  82.7,18.5,274.4
3.99:  82.7,18.5,274.2
4:  82.7,18.5,274
4.02:  82.7,18.5,273.8
4.04:  82.7,18.5,273.5
4.05:  82.7,18.5,273.4
4.07:  82.7,18.5,273.2
4.09:  82.7,18.5,273.1
4.1:  82.7,18.5,273
4.12:  82.7,18.5,273
4.14:  82.7,18.5,273
4.15:  82.7,18.5,272.9
4.17:  82.7,18.5,272.9
4.19:  82.7,18.5,272.8
4.2:  82.7,18.5,272.7
4.22:  82.7,18.5,272.6
4.24:  82.7,18.5,272.6
4.25:  82.7,18.5,272.5
4.27:  82.7,18.5,272.5
4.28:  82.7,18.5,272.5
4.3:  82.7,18.5,272.5
4.32:  82.7,18.5,272.5
4.34:  82.7,18.5,272.5
4.35:  82.7,18.5,272.5
4.37:  82.7,18.5,272.5
4.39:  82.7,18.5,272.5
4.4:  82.7,18.5,272.5
4.42:  82.7,18.5,272.5
4.44:  82.7,18.5,272.5
4.45:  82.7,18.5,272.5
4.47:  82.7,18.5,272.5
4.49:  82.7,18.5,272.5
4.5:  82.7,18.5,272.5
4.52:  82.7,18.5,272.5
4.54:  82.7,18.5,272.5
4.55:  82.7,18.5,272.5
4.57:  82.7,18.5,272.4
4.59:  82.7,18.5,272.4
4.6:  82.7,18.5,272.3
4.62:  82.7,18.5,272.2
4.64:  82.7,18.5,272.2
4.65:  82.7,18.5,272.1
4.67:  82.7,18.5,272.1
4.69:  82.7,18.5,272.1
4.7:  82.7,18.5,272
4.72:  82.7,18.5,272
4.74:  82.7,18.5,272
4.75:  82.7,18.5,272
4.77:  82.7,18.5,272
4.78:  82.7,18.5,272
4.8:  82.7,18.5,272
4.82:  82.7,18.5,271.9
4.84:  82.7,18.5,271.9
4.85:  82.7,18.5,271.9
4.87:  82.7,18.5,271.9
4.89:  82.7,18.5,271.9
4.9:  82.7,18.5,271.9
4.92:  82.7,18.5,271.9
4.94:  82.7,18.5,271.9
4.95:  82.7,18.5,271.9
4.97:  82.7,18.5,271.9
4.99:  82.7,18.5,271.9
5:  82.7,18.5,271.9
5.02:  82.7,18.5,271.9
5.04:  82.7,18.5,271.9
5.05:  82.7,18.5,271.9
5.07:  82.7,18.5,271.9
5.09:  82.7,18.5,271.9
5.1:  82.7,18.5,271.9
5.12:  82.7,18.5,271.9
5.14:  82.7,18.5,271.9
5.15:  82.7,18.5,271.9
5.17:  82.7,18.5,271.9
5.19:  82.7,18.5,271.9
5.2:  82.7,18.5,271.9
5.22:  82.7,18.5,271.9
5.24:  82.7,18.5,271.9
5.25:  82.7,18.5,271.9
5.27:  82.7,18.5,271.9
5.29:  82.7,18.5,271.9
5.3:  82.7,18.5,271.9
5.32:  82.7,18.5,271.9
5.33:  82.7,18.5,271.9
5.35:  82.7,18.5,271.9
5.37:  82.7,18.5,271.9
5.39:  82.7,18.5,271.9
5.4:  82.7,18.5,271.9
5.42:  82.7,18.5,271.9
5.44:  82.7,18.5,271.9
5.45:  82.7,18.5,271.9
5.47:  82.7,18.5,271.9
5.49:  82.7,18.5,271.9
5.5:  82.7,18.5,271.9
5.52:  82.7,18.5,271.9
5.54:  82.7,18.5,271.9
5.55:  82.7,18.5,271.9
5.57:  82.7,18.5,271.9
5.59:  82.7,18.5,271.9
5.6:  82.7,18.5,271.9
5.62:  82.7,18.5,271.9
5.64:  82.7,18.5,271.9
5.65:  82.7,18.5,271.9
5.67:  82.7,18.5,271.9
5.69:  82.7,18.5,271.9
5.7:  82.7,18.5,271.9
5.72:  82.7,18.5,271.9
5.74:  82.7,18.5,271.9
5.75:  82.7,18.5,271.9
5.77:  82.7,18.5,271.9
5.79:  82.7,18.5,271.9
5.8:  82.7,18.5,271.8
5.82:  82.7,18.5,271.8
5.84:  82.68737,18.5004,271.8
5.85:  82.6628,18.50113,271.7
5.87:  82.62328,18.50223,271.6
5.89:  82.5741,18.5036,271.6
5.9:  82.51107,18.50536,271.6
5.92:  82.43568,18.50747,271.6
5.94:  82.34985,18.50987,271.6
5.95:  82.25114,18.51262,271.6
5.97:  82.13753,18.5158,271.6
5.99:  82.01388,18.51925,271.6
6:  81.87057,18.52325,271.6
6.02:  81.72147,18.52742,271.6
6.04:  81.56174,18.53188,271.6
6.05:  81.38634,18.53678,271.6
6.07:  81.1991,18.54201,271.6
6.09:  80.99854,18.54761,271.6
6.1:  80.78597,18.55355,271.6
6.12:  80.56208,18.5598,271.6
6.14:  80.32563,18.56641,271.6
6.15:  80.07453,18.57342,271.6
6.17:  79.82336,18.58044,271.6
6.19:  79.57652,18.58733,271.6
6.2:  79.32481,18.59436,271.6
6.22:  79.07652,18.6013,271.6
6.24:  78.82622,18.60829,271.6
6.25:  78.56931,18.61547,271.6
6.27:  78.32068,18.62241,271.6
6.29:  78.07428,18.6293,271.6
6.3:  77.82482,18.63626,271.6
6.32:  77.57404,18.64327,271.6
6.34:  77.32719,18.65016,271.6
6.35:  77.0689,18.65738,271.6
6.37:  76.82435,18.66421,271.6
6.39:  76.57436,18.67119,271.6
6.4:  76.31995,18.6783,271.6
6.42:  76.06853,18.68532,271.6
6.44:  75.82049,18.69225,271.6
6.45:  75.5688,18.69928,271.6
6.47:  75.32311,18.70614,271.6
6.49:  75.07167,18.71317,271.6
6.5:  74.82724,18.71999,271.6
6.52:  74.57514,18.72703,271.6
6.54:  74.32613,18.73399,271.6
6.55:  74.06763,18.74121,271.6
6.57:  73.82514,18.74798,271.6
6.59:  73.57243,18.75504,271.6
6.6:  73.32398,18.76198,271.6
6.62:  73.07716,18.76888,271.6
6.64:  72.82825,18.77583,271.6
6.65:  72.57882,18.7828,271.6
6.67:  72.32847,18.78979,271.6
6.69:  72.07825,18.79678,271.6
6.7:  71.8272,18.80379,271.6
6.72:  71.57806,18.81075,271.6
6.74:  71.32843,18.81772,271.6
6.75:  71.07879,18.8247,271.6
6.77:  70.82899,18.83167,271.6
6.79:  70.57912,18.83865,271.6
6.8:  70.32184,18.84584,271.6
6.82:  70.07132,18.85284,271.6
6.84:  69.82694,18.85966,271.6
6.85:  69.57041,18.86683,271.6
6.87:  69.32523,18.87368,271.6
6.89:  69.0685,18.88085,271.6
6.9:  68.83009,18.88751,271.6
6.92:  68.57136,18.89474,271.6
6.94:  68.32606,18.90159,271.6
6.95:  68.07754,18.90853,271.6
6.97:  67.8278,18.9155,271.6
6.99:  67.57951,18.92244,271.6
7:  67.32915,18.92943,271.6
7.02:  67.07954,18.93641,271.6
7.04:  66.8304,18.94336,271.6
7.05:  66.57982,18.95036,271.6
7.07:  66.33118,18.95731,271.6
7.09:  66.08098,18.9643,271.6
7.1:  65.83317,18.97122,271.6
7.12:  65.57984,18.97829,271.6
7.14:  65.33047,18.98526,271.6
7.15:  65.08138,18.99222,271.6
7.17:  64.83295,18.99916,271.6
7.19:  64.58487,19.00609,271.6
7.2:  64.33057,19.01319,271.6
7.22:  64.08115,19.02016,271.6
7.24:  63.83094,19.02715,271.6
7.25:  63.58147,19.03411,271.6
7.27:  63.33206,19.04108,271.6
7.29:  63.08241,19.04805,271.6
7.3:  62.83313,19.05328,271.2
7.32:  62.57612,19.05686,270.8
7.34:  62.32239,19.05908,270.5
7.35:  62.08461,19.06115,270.5
7.37:  61.82537,19.06342,270.5
7.39:  61.5764,19.06516,270.4
7.4:  61.32868,19.06688,270.4
7.42:  61.08067,19.06861,270.4
7.44:  60.83174,19.07035,270.4
7.45:  60.57938,19.07211,270.4
7.47:  60.33501,19.07382,270.4
7.49:  60.0815,19.07559,270.4
7.5:  59.8326,19.07733,270.4
7.52:  59.58065,19.07909,270.4
7.54:  59.33156,19.07387,268.8
7.55:  59.08198,19.05817,266.4
7.57:  58.83751,19.02381,262
7.59:  58.59165,18.96205,255.9
7.6:  58.35615,18.87494,249.7
7.62:  58.13714,18.76044,242.4
7.64:  57.93929,18.60587,232
7.65:  57.75349,18.42894,226.4
7.67:  57.5915,18.24902,222
7.69:  57.42699,18.0466,219.1
7.7:  57.28033,17.85054,216.8
7.72:  57.13678,17.6493,215.5
7.74:  56.98503,17.42768,214.4
7.75:  56.85459,17.23429,214
7.77:  56.71539,17.02714,213.9
7.79:  56.57231,16.8134,213.8
7.8:  56.43996,16.61496,213.7
7.82:  56.29836,16.40263,213.7
7.83:  56.16135,16.19719,213.7
7.85:  56.02553,15.99354,213.7
7.87:  55.87696,15.77245,213.9
7.89:  55.73421,15.56628,214.7
7.9:  55.59209,15.3714,216.1
7.92:  55.42441,15.15207,217.4
7.94:  55.28947,14.97812,217.8
7.95:  55.12654,14.77255,218.4
7.97:  54.9747,14.58303,218.7
7.99:  54.81917,14.39026,218.9
8:  54.66572,14.20144,219.1
8.02:  54.50595,14.00555,219.2
8.04:  54.34791,13.81177,219.2
8.05:  54.18942,13.61745,219.2
8.07:  54.03054,13.42264,219.2
8.09:  53.87347,13.23005,219.2
8.1:  53.71512,13.0359,219.2
8.12:  53.55788,12.83963,218.7
8.14:  53.4051,12.64337,217.9
8.15:  53.26042,12.44054,215.5
8.17:  53.12221,12.23486,213.9
8.19:  52.98733,12.02314,212.5
8.2:  52.85619,11.86837,211.3
8.22:  52.73262,11.86837,210.2
8.24:  52.6061,11.86837,209.6
8.25:  52.47987,11.86837,209.5
8.27:  52.36007,11.86837,209.5
8.29:  52.23738,11.86837,209.5
8.3:  52.11426,11.86837,209.5
8.32:  51.98439,11.86837,210.1
8.34:  51.86008,11.86837,211.1
8.35:  51.72724,11.86771,212.2
8.37:  51.58554,11.86634,214
8.39:  51.44279,11.86547,215.1
8.4:  51.29481,11.8625,216.6
8.42:  51.12458,11.84435,218.2
8.44:  50.93622,11.81005,219.9
8.45:  50.74361,11.758,221.6
8.47:  50.53886,11.68573,222.6
8.49:  50.33392,11.59207,223
8.5:  50.12889,11.47532,223
8.52:  49.93167,11.33542,223
8.54:  49.74409,11.17279,222.7
8.55:  49.57494,10.98958,221.9
8.57:  49.41066,10.79859,220.7
8.59:  49.25787,10.60443,218.2
8.6:  49.09962,10.39057,216.5
8.62:  48.96507,10.19183,214.1
8.64:  48.8293,9.97706,212.3
8.65:  48.70965,9.768149,209.8
8.67:  48.59421,9.544486,207.3
8.69:  48.48924,9.29599,202.9
8.7:  48.41224,9.082108,199.8
8.72:  48.33836,8.835848,196.7
8.74:  48.27966,8.598659,193.9
8.75:  48.23132,8.352246,191.1
8.77:  48.19468,8.094845,188.1
8.79:  48.16891,7.85368,186.1
8.8:  48.15139,7.609219,184.1
8.82:  48.13759,7.354506,183.1
8.84:  48.12906,7.110105,182
8.85:  48.12288,6.837907,181.3
8.87:  48.12051,6.611395,180.6
8.89:  48.12094,6.360248,179.9
8.9:  48.12736,6.097974,178.6
8.92:  48.13672,5.854269,177.8
8.94:  48.14959,5.608599,177
8.95:  48.16648,5.347479,176.3
8.97:  48.18367,5.113343,175.8
8.99:  48.20352,4.861156,175.5
9:  48.22391,4.602115,175.5
9.02:  48.24347,4.359032,175.4
9.04:  48.26322,4.113484,175.4
9.05:  48.2834,3.862663,175.4
9.07:  48.30271,3.61731,175.5
9.09:  48.32209,3.365422,175.6
9.1:  48.34126,3.110582,175.7
9.12:  48.35802,2.870795,176
9.14:  48.37348,2.618111,176.5
9.15:  48.38527,2.367958,177.3
9.17:  48.39267,2.118805,178.3
9.19:  48.39616,1.868773,179.2
9.2:  48.3944,1.616436,180.4
9.22:  48.38969,1.37124,181.1
9.24:  48.37911,1.118821,182.4
9.25:  48.36042,0.8702931,184.3
9.27:  48.32712,0.6239515,187.7
9.29:  48.27529,0.3801081,192
9.3:  48.20097,0.1415177,197.3
9.32:  48.08132,-0.1139221,205.1
9.34:  47.97256,-0.3038235,209.8
9.35:  47.8258,-0.5238838,213.7
9.37:  47.67841,-0.7159725,217.5
9.39:  47.51358,-0.9130957,219.9
9.4:  47.34875,-1.098755,221.6
9.42:  47.18192,-1.277654,223
9.44:  47.00956,-1.45428,224.3
9.45:  46.83294,-1.630906,225
9.47:  46.65509,-1.803847,225.8
9.49:  46.47168,-1.977293,226.6
9.5:  46.29038,-2.144594,227.3
9.52:  46.10235,-2.31449,227.9
9.54:  45.91584,-2.479496,228.5
9.55:  45.72747,-2.642676,229.1
9.57:  45.5374,-2.80444,229.6
9.59:  45.33496,-2.971903,230.4
9.6:  45.14531,-3.124938,231.1
9.62:  44.9446,-3.281187,232.1
9.64:  44.75197,-3.424246,233.4
9.65:  44.54616,-3.566753,235.3
9.67:  44.32066,-3.718288,236.1
9.69:  44.13042,-3.841357,237.1
9.7:  43.91538,-3.975727,238
9.72:  43.70395,-4.105291,238.5
9.74:  43.4897,-4.23556,238.7
9.75:  43.27875,-4.362309,239
9.77:  43.06316,-4.490318,239.3
9.79:  42.84505,-4.617773,239.7
9.8:  42.62815,-4.741989,240.2
9.82:  42.4112,-4.861261,241.2
9.84:  42.1871,-4.978418,242.4
9.85:  41.96079,-5.084911,244.8
9.87:  41.72508,-5.188379,246.3
9.89:  41.49374,-5.281376,248.1
9.9:  41.26264,-5.366864,249.7
9.92:  41.01749,-5.449368,251.4
9.94:  40.78871,-5.51975,252.9
9.95:  40.53869,-5.586742,255
9.97:  40.30445,-5.644277,256.2
9.99:  40.06319,-5.700419,256.9
10:  39.81879,-5.754601,257.5
10.02:  39.56701,-5.80996,257.6
10.04:  39.32922,-5.861805,257.7
10.05:  39.0831,-5.915018,257.8
10.07:  38.84322,-5.966882,257.8
10.09:  38.59747,-6.01912,258
10.1:  38.35086,-6.071087,258.1
10.12:  38.10556,-6.121888,258.3
10.14:  37.86485,-6.171735,258.3
10.15:  37.61124,-6.224255,258.3
10.17:  37.37635,-6.274611,257.9
10.19:  37.13091,-6.333991,256.4
10.2:  36.88973,-6.404515,253.7
10.22:  36.64804,-6.491052,250.3
10.24:  36.42017,-6.590135,246.5
10.25:  36.20428,-6.708328,241.3
10.27:  35.99183,-6.836493,238.9
10.29:  35.7813,-6.973207,237
10.3:  35.57647,-7.111366,236
10.32:  35.36111,-7.258828,235.6
10.34:  35.16394,-7.394341,235.5
10.35:  34.95603,-7.53777,235.4
10.37:  34.75515,-7.682113,234.3
10.39:  34.52929,-7.856052,232.4
10.4:  34.356,-8.002497,229.8
10.42:  34.17843,-8.165203,227.5
10.44:  34.00104,-8.345087,224.6
10.45:  33.97496,-8.527622,222.2
10.47:  33.97244,-8.72074,219.8
10.49:  33.96904,-8.929432,216.7
10.5:  33.96538,-9.132482,213.5
10.52:  33.96243,-9.342911,211
10.54:  33.95854,-9.562563,207.8
10.55:  33.95389,-9.792652,204.1
10.57:  33.9499,-10.02391,201
10.59:  33.94489,-10.26372,197.2
10.6:  33.938,-10.50701,192.1
10.62:  33.93415,-10.76245,189.3
10.64:  33.90458,-11.00331,187
10.65:  33.87979,-11.25165,185.7
10.67:  33.85857,-11.49914,184.9
10.69:  33.83755,-11.74947,184.8
10.7:  33.81672,-11.99765,184.8
10.72:  33.79484,-12.2477,185
10.74:  33.76963,-12.49584,185.8
10.75:  33.73607,-12.74409,187.7
10.77:  33.68887,-12.9915,190.8
10.79:  33.62382,-13.22928,195.3
10.8:  33.52613,-13.46168,202.8
10.82:  33.40796,-13.68676,207.7
10.84:  33.27145,-13.89697,213
10.85:  33.12002,-14.09079,218
10.87:  32.94977,-14.27082,223.4
10.89:  32.75488,-14.44144,228.8
10.9:  32.55009,-14.57957,236
10.92:  32.33097,-14.70557,240.1
10.94:  32.10687,-14.81246,244.5
10.95:  31.87889,-14.90135,248.7
10.97:  31.6407,-14.9769,252.4
10.99:  31.40086,-15.04072,255.1
11:  31.15493,-15.0984,256.8
11.02:  30.9128,-15.1552,256.8
11.04:  30.66956,-15.21225,256.8
11.05:  30.42486,-15.26964,256.8
11.07:  30.1868,-15.32548,256.8
11.09:  29.9397,-15.38343,256.8
11.1:  29.69562,-15.44158,256.6
11.12:  29.44103,-15.5027,256.5
11.14:  29.2086,-15.55851,256.5
11.15:  28.96394,-15.61724,256.5
11.17:  28.72612,-15.67434,256.5
11.19:  28.4843,-15.73239,256.5
11.2:  28.23753,-15.79164,256.5
11.22:  27.99512,-15.84984,256.5
11.24:  27.75111,-15.90842,256.5
11.25:  27.50835,-15.9667,256.5
11.27:  27.26733,-16.02456,256.5
11.29:  27.02311,-16.08319,256.5
11.3:  26.78021,-16.14151,256.5
11.32:  26.53667,-16.19998,256.5
11.34:  26.29265,-16.25856,256.5
11.35:  26.05064,-16.31666,256.5
11.37:  25.79882,-16.37712,256.5
11.39:  25.56292,-16.43376,256.5
11.4:  25.3188,-16.49689,255.5
11.42:  25.07971,-16.56635,253.8
11.44:  24.84803,-16.65022,250.1
11.45:  24.61752,-16.74806,247
11.47:  24.39463,-16.85678,244
11.49:  24.17289,-16.97918,241.1
11.5:  23.95818,-17.10566,239.5
11.52:  23.74281,-17.23712,238.6
11.54:  23.53106,-17.36739,238.4
11.55:  23.31847,-17.49817,238.4
11.57:  23.10796,-17.62768,238.4
11.59:  22.89242,-17.7608,238.3
11.6:  22.68152,-17.89157,238.2
11.62:  22.46802,-18.02549,237.9
11.64:  22.25666,-18.16014,237.5
11.65:  22.03946,-18.30012,237.2
11.67:  21.83371,-18.43373,237
11.69:  21.62795,-18.56736,237
11.7:  21.41863,-18.70329,237
11.72:  21.20791,-18.84013,237
11.74:  20.99863,-18.97605,237
11.75:  20.7872,-19.11178,237.3
11.77:  20.56752,-19.24905,238
11.79:  20.35991,-19.37281,239.2
11.8:  20.14527,-19.49425,240.5
11.82:  19.90478,-19.627,241.1
11.84:  19.70542,-19.73435,241.7
11.85:  19.48349,-19.85335,241.8
11.87:  19.26749,-19.96917,241.8
11.89:  19.04382,-20.0891,241.8
11.9:  18.81626,-20.21317,241.4
11.92:  18.60151,-20.33417,240.6
11.94:  18.39174,-20.45971,239.1
11.95:  18.18169,-20.5998,236.3
11.97:  17.98355,-20.74271,234.2
11.99:  17.78433,-20.89724,232.2
12:  17.5911,-21.05652,230.5
12.02:  17.40495,-21.22237,228.3
12.04:  17.22239,-21.39562,226.5
12.05:  17.05009,-21.57655,223.6
12.07:  16.87994,-21.76553,222
12.09:  16.71914,-21.95181,220.8
12.1:  16.56314,-22.14038,219.6
12.12:  16.40583,-22.33886,218.4
12.14:  16.24714,-22.54567,217.5
12.15:  16.09943,-22.74311,216.8
12.17:  15.95563,-22.9396,216.2
12.19:  15.80841,-23.14149,216.1
12.2:  15.66134,-23.34316,216.1
12.22:  15.51437,-23.54471,216.1
12.24:  15.36631,-23.74775,216.1
12.25:  15.21907,-23.94967,216.1
12.27:  15.07292,-24.15009,216.1
12.29:  14.92325,-24.35163,216.6
12.3:  14.76979,-24.55018,217.7
12.32:  14.61401,-24.7405,219.3
12.34:  14.44624,-24.9308,221.4
12.35:  14.27302,-25.11144,223.8
12.37:  14.08837,-25.29288,225.5
12.39:  13.91128,-25.45687,227.2
12.4:  13.72559,-25.62173,228.4
12.42:  13.52678,-25.79517,228.9
12.44:  13.3479,-25.95122,228.9
12.45:  13.15396,-26.1204,228.9
12.47:  12.97242,-26.27877,228.9
12.49:  12.78194,-26.44494,228.9
12.5:  12.59435,-26.60858,228.9
12.52:  12.4058,-26.77307,228.9
12.54:  12.21874,-26.93624,228.9
12.55:  12.02877,-27.10197,228.9
12.57:  11.8441,-27.26307,228.9
12.59:  11.64611,-27.43578,228.9
12.6:  11.45906,-27.60361,228.1
12.62:  11.28259,-27.76875,226.9
12.64:  11.10476,-27.94351,225.5
12.65:  10.92822,-28.1276,223.8
12.67:  10.74652,-28.24613,221.5
12.69:  10.54901,-28.30603,219.6
12.7:  10.35496,-28.38712,215.7
12.72:  10.16704,-28.48594,212.7
12.74:  9.981161,-28.6038,209.4
12.75:  9.805659,-28.73911,206.3
12.77:  9.638762,-28.89241,203.1
12.79:  9.487941,-29.0583,199.6
12.8:  9.347127,-29.24227,195.8
12.82:  9.223944,-29.4337,190
12.84:  9.112928,-29.65321,186.3
12.85:  9.031391,-29.86377,181.8
12.87:  8.963678,-30.09241,177.7
12.89:  8.921453,-30.32673,174.6
12.9:  8.896585,-30.56367,169.4
12.92:  8.900126,-30.8056,166.6
12.94:  8.900126,-31.0463,164.7
12.95:  8.900126,-31.28829,163.6
12.97:  8.900126,-31.52648,163.2
12.99:  8.900126,-31.78971,163.2
13:  8.900126,-32.00408,163.2
13.02:  8.900126,-32.2406,163.7
13.04:  8.900126,-32.48402,164.7
13.05:  8.902006,-32.72514,166.1
13.07:  8.904318,-32.97096,167.8
13.09:  8.905411,-33.2165,168.6
13.1:  8.906645,-33.4614,169.5
13.12:  8.90802,-33.70701,170.5
13.14:  8.909261,-33.95481,171.4
13.15:  8.91092,-34.20084,172.6
13.17:  8.912724,-34.45332,173.9
13.19:  8.91453,-34.7,175.2
13.2:  8.915504,-34.9513,175.9
13.22:  8.91634,-35.20669,176.5
13.24:  8.917036,-35.45322,177
13.25:  8.917037,-35.70037,177
13.27:  8.917037,-35.949,177
13.29:  8.917037,-36.19814,177
13.3:  8.917176,-36.44827,177.1
13.32:  8.917176,-36.69655,177.1
13.34:  8.917176,-36.9479,177.1
13.35:  8.917176,-37.1956,176.9
13.37:  8.917176,-37.44662,176.7
13.39:  8.917176,-37.7077,176.5
13.4:  8.917176,-37.9479,176.4
13.42:  8.917176,-38.19532,176.2
13.44:  8.917176,-38.44424,176
13.45:  8.917176,-38.69429,175.9
13.47:  8.917176,-38.94255,175.8
13.49:  8.917176,-39.19344,175.8
13.5:  8.917176,-39.44261,175.8
13.52:  8.917176,-39.6901,175.8
13.54:  8.917176,-39.93671,175.8
13.55:  8.917176,-40.19139,175.6
13.57:  8.917176,-40.43763,175.4
13.59:  8.917176,-40.70041,175.1
13.6:  8.917176,-40.94339,175
13.62:  8.917176,-41.18701,174.9
13.64:  8.917175,-41.45488,174.7
13.65:  8.917176,-41.68629,174.6
13.67:  8.917175,-41.9327,174.6
13.69:  8.917175,-42.19141,174.5
13.7:  8.917175,-42.43558,174.5
13.72:  8.917175,-42.6809,174.5
13.74:  8.917175,-42.93044,174.5
13.75:  8.917175,-43.17734,174.5
13.77:  8.917175,-43.42672,174.4
13.79:  8.917175,-43.67344,174.4
13.8:  8.917175,-43.92433,174.3
13.82:  8.917175,-44.17085,174.2
13.84:  8.917175,-44.4187,174.2
13.85:  8.917175,-44.66967,174.2
13.87:  8.917175,-44.92391,174.2
13.89:  8.917176,-45.16766,174.2
13.9:  8.917175,-45.41795,174.2
13.92:  8.917175,-45.66557,174.1
13.94:  8.917175,-45.91043,174.1
13.95:  8.917175,-46.16983,174.1
13.97:  8.917175,-46.4171,174
13.99:  8.917175,-46.65926,173.7
14:  8.917175,-46.90327,173.3
14.02:  8.917175,-47.15698,173
14.04:  8.917175,-47.40388,172.7
14.05:  8.917175,-47.65403,172.3
14.07:  8.917175,-47.89905,171.9
14.09:  8.917175,-48.14733,171.2
14.1:  8.917175,-48.39253,170.4
14.12:  8.917175,-48.63618,169.2
14.14:  8.917175,-48.89148,167.6
14.15:  8.917175,-49.1279,165.5
14.17:  8.917175,-49.36428,163
14.19:  8.917175,-49.5932,158.9
14.2:  8.917175,-49.82215,155.4
14.22:  8.917175,-50.04595,152.3
14.24:  8.917175,-50.25914,148.6
14.25:  8.917175,-50.46285,144.9
14.27:  8.917175,-50.6598,141.5
14.29:  8.917175,-50.84256,137.2
14.3:  8.928351,-51.0274,134.1
14.32:  8.953864,-51.21231,131.2
14.34:  8.997692,-51.41354,128.7
14.35:  9.058813,-51.61073,126.8
14.37:  9.131883,-51.79019,124.3
14.39:  9.228189,-51.98102,122.2
14.4:  9.343677,-52.16545,119.6
14.42:  9.49226,-52.34951,117.9
14.44:  9.649626,-52.50906,116.3
14.45:  9.830821,-52.66455,115
14.47:  10.03274,-52.804,113.9
14.49:  10.24841,-52.9251,112.1
14.5:  10.47541,-53.02086,110.6
14.52:  10.7128,-53.09937,108.3
14.54:  10.95459,-53.17422,107.2
14.55:  11.19553,-53.24559,106.5
14.57:  11.44518,-53.31623,105.8
14.59:  11.68095,-53.38161,105.5
14.6:  11.92101,-53.4437,104.5
14.62:  12.16,-53.50373,104.1
14.64:  12.40334,-53.5635,103.8
14.65:  12.64408,-53.62174,103.6
14.67:  12.89805,-53.68318,103.6
14.69:  13.13334,-53.7401,103.6
14.7:  13.37624,-53.79887,103.6
14.72:  13.61763,-53.85682,103.5
14.74:  13.86274,-53.91521,103.4
14.75:  14.10614,-53.9723,103.2
14.77:  14.34969,-54.02898,103.1
14.79:  14.59179,-54.08532,103.1
14.8:  14.83542,-54.14201,103.1
14.82:  15.0852,-54.20013,103.1
14.84:  15.32341,-54.25557,103.1
14.85:  15.56497,-54.31178,103.1
14.87:  15.81294,-54.36948,103.1
14.89:  16.05109,-54.4249,103.1
14.9:  16.2956,-54.4818,103.1
14.92:  16.53894,-54.53843,103.1
14.94:  16.78095,-54.59475,103.1
14.95:  17.02842,-54.65234,103.1
14.97:  17.26819,-54.70813,103.1
14.99:  17.51402,-54.76534,103.1
15:  17.75622,-54.8217,103.1
15.02:  18.00292,-54.87911,103.1
15.04:  18.24431,-54.93528,103.1
15.05:  18.48801,-54.99199,103.1
15.07:  18.73255,-55.0489,103.1
15.09:  18.97466,-55.10524,103.1
15.1:  19.22486,-55.16346,103.1
15.12:  19.4635,-55.21899,103.1
15.14:  19.70635,-55.27551,103.1
15.15:  19.94853,-55.33186,103.1
15.17:  20.19233,-55.3886,103.1
15.19:  20.43572,-55.44524,103.1
15.2:  20.67974,-55.50202,103.1
15.22:  20.92454,-55.55899,103.1
15.24:  21.16815,-55.61568,103.1
15.25:  21.41005,-55.67197,103.1
15.27:  21.65333,-55.72858,103.1
15.29:  21.89415,-55.78374,102.9
15.3:  22.14267,-55.8402,102.8
15.32:  22.38171,-55.89451,102.8
15.34:  22.62859,-55.9506,102.8
15.35:  22.87362,-56.00627,102.8
15.37:  23.12156,-56.0626,102.8
15.39:  23.36523,-56.11796,102.8
15.4:  23.60601,-56.17266,102.8
15.42:  23.84804,-56.22765,102.8
15.44:  24.09005,-56.28263,102.8
15.45:  24.33457,-56.33818,102.8
15.47:  24.57882,-56.39368,102.8
15.49:  24.82229,-56.44899,102.8
15.5:  25.07259,-56.50586,102.8
15.52:  25.31386,-56.56067,102.8
15.54:  25.55585,-56.61565,102.8
15.55:  25.79724,-56.67049,102.8
15.57:  26.03798,-56.72519,102.8
15.59:  26.28544,-56.78141,102.8
15.6:  26.52784,-56.83648,102.8
15.62:  26.7704,-56.89159,102.8
15.64:  27.01428,-56.947,102.8
15.65:  27.25892,-57.00258,102.8
15.67:  27.50382,-57.05822,102.8
15.69:  27.74668,-57.1134,102.8
15.7:  28.00196,-57.17139,102.8
15.72:  28.2348,-57.22429,102.8
15.74:  28.47967,-57.27993,102.8
15.75:  28.72173,-57.33492,102.8
15.77:  28.96642,-57.39051,102.8
15.79:  29.21009,-57.44587,102.8
15.8:  29.4605,-57.50277,102.8
15.82:  29.70154,-57.55753,102.8
15.84:  29.94279,-57.61234,102.8
15.85:  30.1869,-57.6678,102.8
15.87:  30.42993,-57.71901,101.9
15.89:  30.67294,-57.76757,101.2999
15.9:  30.91946,-57.81504,100.9
15.92:  31.16755,-57.86192,100.7
15.94:  31.42114,-57.90938,100.6
15.95:  31.66475,-57.95497,100.6
15.97:  31.90592,-58.0001,100.6
15.99:  32.15069,-58.04547,100.4999
16:  32.40221,-58.09208,100.4999
16.02:  32.64625,-58.13643,100.2999
16.04:  32.89002,-58.17897,99.89995
16.05:  33.13379,-58.21933,99.39994
16.07:  33.38277,-58.25877,98.99995
16.09:  33.62834,-58.29722,98.89995
16.1:  33.87462,-58.33578,98.89995
16.12:  34.13015,-58.3758,98.89995
16.14:  34.36866,-58.41315,98.89995
16.15:  34.61905,-58.45236,98.89995
16.17:  34.86392,-58.49071,98.89995
16.19:  35.1101,-58.52926,98.89995
16.2:  35.35798,-58.56807,98.89995
16.22:  35.60427,-58.60664,98.89995
16.24:  35.85104,-58.64528,98.89995
16.25:  36.09765,-58.6839,98.89995
16.27:  36.34104,-58.72202,98.89995
16.29:  36.59251,-58.76184,98.99995
16.3:  36.83671,-58.80052,98.99995
16.32:  37.08368,-58.83964,98.99995
16.34:  37.33321,-58.87916,98.99995
16.35:  37.57903,-58.91809,98.99995
16.37:  37.82425,-58.95693,98.99995
16.39:  38.07101,-58.99601,98.99995
16.4:  38.32348,-59.036,98.99995
16.42:  38.56719,-59.0746,98.99995
16.44:  38.81363,-59.11363,98.99995
16.45:  39.07021,-59.15427,98.99995
16.47:  39.31094,-59.1924,98.99995
16.49:  39.5559,-59.2312,98.99995
16.5:  39.80228,-59.27022,98.99995
16.52:  40.04999,-59.30945,98.99995
16.54:  40.29565,-59.34836,98.99995
16.55:  40.54276,-59.3875,98.99995
16.57:  40.78888,-59.42648,98.99995
16.59:  41.04617,-59.46723,98.99995
16.6:  41.28836,-59.50559,98.99995
16.62:  41.53775,-59.54509,98.99995
16.64:  41.77576,-59.58279,98.99995
16.65:  42.02524,-59.6223,98.99995
16.67:  42.26817,-59.66078,98.99995
16.69:  42.5286,-59.70202,98.99995
16.7:  42.77013,-59.74028,98.99995
16.72:  43.01777,-59.7795,98.99995
16.74:  43.25982,-59.81784,98.99995
16.75:  43.50553,-59.85675,98.99995
16.77:  43.75306,-59.89596,98.99995
16.79:  43.9991,-59.93493,98.99995
16.8:  44.2482,-59.97438,98.99995
16.82:  44.49653,-60.01371,98.99995
16.84:  44.74598,-60.05322,98.99995
16.85:  44.99068,-60.09198,98.99995
16.87:  45.23214,-60.13022,98.99995
16.89:  45.48939,-60.17096,98.99995
16.9:  45.73139,-60.20929,98.99995
16.92:  45.97329,-60.2476,98.99995
16.94:  46.22091,-60.28683,98.99995
16.95:  46.47126,-60.32648,98.99995
16.97:  46.71631,-60.36529,98.99995
16.99:  46.96236,-60.40426,98.99995
17:  47.2101,-60.4435,98.99995
17.02:  47.45634,-60.4825,98.99995
17.04:  47.70294,-60.52156,98.99995
17.05:  47.95093,-60.56083,98.99995
17.07:  48.19513,-60.59951,98.99995
17.09:  48.45499,-60.64067,98.99995
17.1:  48.69446,-60.6786,98.99995
17.12:  48.94184,-60.71778,98.99995
17.14:  49.186,-60.75645,98.99995
17.15:  49.4354,-60.79327,98.39995
17.17:  49.68016,-60.82724,97.89995
17.19:  49.93839,-60.86032,97.29995
17.2:  50.18019,-60.88872,96.69995
17.22:  50.42867,-60.91616,96.29995
17.24:  50.67418,-60.94239,96.09995
17.25:  50.92337,-60.96814,95.89995
17.27:  51.1703,-60.99323,95.79995
17.29:  51.42086,-61.01823,95.69995
17.3:  51.67071,-61.04097,95.19995
17.32:  51.91869,-61.06092,94.59996
17.34:  52.16819,-61.07837,93.99995
17.35:  52.41912,-61.09152,92.99995
17.37:  52.67631,-61.1032,92.59995
17.39:  52.92756,-61.11373,92.39996
17.4:  53.17465,-61.12365,92.29996
17.42:  53.41647,-61.13337,92.29996
17.44:  53.66585,-61.14338,92.29996
17.45:  53.91719,-61.15348,92.29996
17.47:  54.1656,-61.16346,92.29996
17.49:  54.41471,-61.17346,92.29996
17.5:  54.66494,-61.18351,92.29996
17.52:  54.91746,-61.19233,91.99995
17.54:  55.16503,-61.20011,91.79995
17.55:  55.41807,-61.20673,91.49995
17.57:  55.673,-61.21207,91.19995
17.59:  55.92316,-61.216,90.89995
17.6:  56.16171,-61.2185,90.59995
17.62:  56.41578,-61.22072,90.49995
17.64:  56.66391,-61.22158,90.19994
17.65:  56.9165,-61.22158,89.99994
17.67:  57.16254,-61.22029,89.69994
17.69:  57.41273,-61.21811,89.49994
17.7:  57.67645,-61.21489,89.29993
17.72:  57.92533,-61.21098,89.09994
17.74:  58.16574,-61.20636,88.89993
17.75:  58.42369,-61.20096,88.79993
17.77:  58.67042,-61.19579,88.79993
17.79:  58.91469,-61.19067,88.79993
17.8:  59.16586,-61.18541,88.79993
17.82:  59.41884,-61.18011,88.79993
17.84:  59.67244,-61.1748,88.79993
17.85:  59.91002,-61.16982,88.79993
17.87:  60.18625,-61.16404,88.79993
17.89:  60.41803,-61.15918,88.79993
17.9:  60.6727,-61.15385,88.79993
17.92:  60.91878,-61.14869,88.79993
17.94:  61.16626,-61.14351,88.79993
17.95:  61.41241,-61.13835,88.79993
17.97:  61.66286,-61.1331,88.79993
17.99:  61.91399,-61.12784,88.79993
18:  62.1692,-61.1225,88.79993
18.02:  62.41991,-61.11724,88.79993
18.04:  62.66755,-61.11206,88.79993
18.05:  62.91555,-61.10686,88.79993
18.07:  63.16524,-61.10163,88.79993
18.09:  63.41028,-61.0965,88.79993
18.1:  63.66282,-61.09121,88.79993
18.12:  63.93523,-61.0855,88.79993
18.14:  64.16197,-61.08075,88.79993
18.15:  64.41253,-61.0755,88.79993
18.17:  64.65836,-61.07035,88.79993
18.19:  64.92313,-61.06481,88.79993
18.2:  65.16067,-61.05983,88.79993
18.22:  65.41645,-61.05447,88.79993
18.24:  65.66727,-61.04922,88.79993
18.25:  65.9087,-61.04416,88.79993
18.27:  66.16232,-61.03885,88.79993
18.29:  66.41109,-61.03364,88.79993
18.3:  66.66322,-61.02835,88.79993
18.32:  66.91083,-61.02317,88.79993
18.34:  67.16231,-61.0179,88.79993
18.35:  67.40842,-61.01274,88.79993
18.37:  67.66454,-61.00738,88.79993
18.39:  67.91332,-61.00217,88.79993
18.4:  68.15862,-60.99703,88.79993
18.42:  68.41107,-60.99174,88.79993
18.44:  68.66086,-60.98651,88.79993
18.45:  68.91601,-60.98116,88.79993
18.47:  69.16229,-60.97601,88.79993
18.49:  69.41286,-60.97076,88.79993
18.5:  69.66225,-60.96553,88.79993
18.52:  69.91153,-60.96031,88.79993
18.54:  70.16152,-60.95507,88.79993
18.55:  70.41124,-60.94984,88.79993
18.57:  70.66142,-60.9446,88.79993
18.59:  70.91183,-60.93935,88.79993
18.6:  71.16077,-60.93414,88.79993
18.62:  71.41087,-60.9289,88.79993
18.64:  71.6658,-60.92356,88.79993
18.65:  71.91676,-60.9183,88.79993
18.67:  72.16303,-60.91314,88.79993
18.69:  72.4116,-60.90794,88.79993
18.7:  72.66136,-60.90271,88.79993
18.72:  72.91092,-60.89748,88.79993
18.74:  73.15885,-60.89228,88.79993
18.75:  73.41783,-60.88686,88.79993
18.77:  73.66318,-60.88172,88.79993
18.79:  73.91164,-60.87651,88.79993
18.8:  74.16125,-60.87128,88.79993
18.82:  74.41454,-60.86598,88.79993
18.84:  74.66525,-60.86073,88.79993
18.85:  74.91328,-60.85553,88.79993
18.87:  75.15701,-60.85043,88.79993
18.89:  75.42007,-60.844,88.59992
18.9:  75.66916,-60.83399,87.69992
18.92:  75.9124,-60.81698,85.99992
18.94:  76.15996,-60.79184,84.19991
18.95:  76.40284,-60.75986,82.49992
18.97:  76.65331,-60.7184,80.59992
19:  76.90011,-60.67532,80.09991
19.02:  77.14455,-60.63266,80.09991
19.04:  77.38827,-60.59012,80.09991
19.05:  77.66113,-60.54397,80.39992
19.07:  77.89355,-60.50549,80.59992
19.09:  78.133,-60.46714,80.89993
19.1:  78.37707,-60.42892,81.09992
19.12:  78.62572,-60.39132,81.39992
19.14:  78.87535,-60.35445,81.59993
19.15:  79.11942,-60.31884,81.69993
19.17:  79.37643,-60.28181,81.79993
19.19:  79.61539,-60.24738,81.79993
19.2:  79.86016,-60.2121,81.79993
19.22:  80.1103,-60.17606,81.79993
19.24:  80.35768,-60.14041,81.79993
19.25:  80.60484,-60.10479,81.79993
19.27:  80.85323,-60.069,81.79993
19.29:  81.10023,-60.03341,81.79993
19.3:  81.34559,-59.99805,81.79993
19.32:  81.59296,-59.96196,81.69993
19.34:  81.8391,-59.92517,81.49994
19.35:  82.08965,-59.88728,81.39994
19.37:  82.34721,-59.84787,81.29993
19.39:  82.58639,-59.81127,81.29993
19.4:  82.82741,-59.77439,81.29993
19.42:  83.07913,-59.73587,81.29993
19.44:  83.32455,-59.69831,81.29993
19.45:  83.57251,-59.66037,81.29993
19.47:  83.82051,-59.62109,80.99994
19.49:  84.06297,-59.5779,79.89993
19.5:  84.30971,-59.52635,78.19994
19.52:  84.55158,-59.46695,76.19994
19.54:  84.79298,-59.39498,73.39994
19.55:  85.02828,-59.31211,70.59994
19.57:  85.25769,-59.21849,67.79993
19.59:  85.4942,-59.1077,64.89994
19.6:  85.70181,-58.97899,58.19994
19.62:  85.89584,-58.83009,52.49994
19.64:  86.07452,-58.65142,44.99994
19.65:  86.22887,-58.45528,38.19994
19.67:  86.36047,-58.24135,31.59994
19.69:  86.46634,-58.00797,24.39994
19.7:  86.54359,-57.7688,17.89994
19.72:  86.58084,-57.53358,8.99994
19.74:  86.59943,-57.28042,4.199939
19.75:  86.59856,-57.03154,359.7999
19.77:  86.58604,-56.78423,357.0999
19.79:  86.56028,-56.52619,354.2999
19.8:  86.5272,-56.2847,352.2
19.82:  86.48238,-56.03807,349.7
19.84:  86.43085,-55.78707,348.3999
19.85:  86.37897,-55.54912,347.7
19.87:  86.32543,-55.30759,347.4999
19.89:  86.27137,-55.06374,347.4999
19.9:  86.21809,-54.81522,347.8999
19.92:  86.16776,-54.56781,348.4999
19.94:  86.1188,-54.32506,348.5999
19.95:  86.07037,-54.08269,348.7
19.97:  86.02128,-53.83472,348.7999
19.99:  85.97339,-53.59286,348.7999
20:  85.92593,-53.34875,348.9999
20.02:  85.87823,-53.09864,349.2
20.04:  85.83218,-52.85493,349.2999
20.05:  85.78635,-52.6077,349.4999
20.07:  85.74189,-52.36544,349.5999
20.09:  85.69735,-52.11537,349.8999
20.1:  85.65237,-51.85229,350.2999
20.12:  85.61218,-51.61466,350.3999
20.14:  85.57137,-51.3708,350.4999
20.15:  85.53146,-51.12971,350.5999
20.17:  85.491,-50.88265,350.7
20.19:  85.45099,-50.63828,350.7
20.2:  85.41083,-50.39032,350.7999
20.22:  85.37137,-50.14669,350.7999
20.24:  85.33095,-49.89715,350.7999
20.25:  85.2911,-49.65111,350.7999
20.27:  85.25117,-49.40461,350.7999
20.29:  85.20956,-49.14762,350.7999
20.3:  85.17012,-48.9068,350.7
20.32:  85.13036,-48.66398,350.7
20.34:  85.08955,-48.41755,350.5999
20.35:  85.0476,-48.16948,350.3999
20.37:  85.0056,-47.92379,350.2999
20.39:  84.9631,-47.67772,350.2
20.4:  84.91912,-47.42314,350.2
20.42:  84.87691,-47.17878,350.2
20.44:  84.83517,-46.93714,350.2
20.45:  84.79229,-46.68886,350.2
20.47:  84.75017,-46.44751,350.0999
20.49:  84.70685,-46.19931,350.0999
20.5:  84.66334,-45.95254,349.9999
20.52:  84.61848,-45.69817,349.9999
20.54:  84.57524,-45.45293,349.9999
20.55:  84.53333,-45.21523,349.9999
20.57:  84.48972,-44.97039,349.8999
20.59:  84.44592,-44.7245,349.8999
20.6:  84.39936,-44.46577,349.7999
20.62:  84.35641,-44.2294,349.7
20.64:  84.31042,-43.97637,349.7
20.65:  84.26763,-43.74092,349.7
20.67:  84.22223,-43.49109,349.7
20.69:  84.17774,-43.24628,349.7
20.7:  84.13299,-43.00003,349.7
20.72:  84.08896,-42.75774,349.7
20.74:  84.04359,-42.50811,349.7
20.75:  83.99928,-42.26178,349.7999
20.77:  83.95508,-42.01615,349.7999
20.79:  83.91077,-41.76989,349.7999
20.8:  83.86717,-41.52761,349.7999
20.82:  83.82264,-41.28009,349.7999
20.84:  83.77838,-41.03415,349.7999
20.85:  83.73183,-40.78537,349.3999
20.87:  83.68259,-40.54116,348.5999
20.89:  83.6293,-40.30077,347.4999
20.9:  83.56997,-40.05557,346.3999
20.92:  83.50523,-39.81223,345.0999
20.94:  83.43546,-39.57212,343.7999
20.95:  83.36062,-39.33328,342.5999
20.97:  83.27647,-39.08889,340.9999
20.99:  83.19279,-38.85775,340.0999
21:  83.10354,-38.62763,338.7999
21.02:  83.00694,-38.39783,337.2
21.04:  82.90454,-38.16999,335.7999
21.05:  82.78241,-37.92716,333.2999
21.07:  82.67097,-37.7219,331.4999
21.09:  82.54485,-37.50951,329.2999
21.1:  82.40905,-37.30355,326.5999
21.12:  82.2542,-37.08963,324.0999
21.14:  82.10897,-36.90574,321.7
21.15:  81.93901,-36.70675,319.4999
21.17:  81.76821,-36.5305,315.8999
21.19:  81.59242,-36.36133,313.8999
21.2:  81.40215,-36.19417,311.2999
21.22:  81.2116,-36.03598,309.6999
21.24:  81.01297,-35.8819,307.7999
21.25:  80.81705,-35.73641,306.5999
21.27:  80.61046,-35.59174,304.9999
21.29:  80.40347,-35.45578,303.2999
21.3:  80.18822,-35.3197,302.2999
21.32:  79.97899,-35.19048,301.6999
21.34:  79.74192,-35.04691,301.2
21.35:  79.55047,-34.93323,300.7
21.37:  79.33219,-34.80721,299.9999
21.39:  79.09576,-34.67776,298.6999
21.4:  78.88957,-34.56768,298.0999
21.42:  78.66072,-34.44956,297.2999
21.44:  78.44212,-34.33817,296.9999
21.45:  78.22173,-34.22588,296.9999
21.47:  77.99948,-34.11215,297.0999
21.49:  77.77676,-33.9967,297.3999
21.5:  77.55958,-33.88316,297.5999
21.52:  77.32949,-33.76185,297.7999
21.54:  77.11222,-33.64437,298.3999
21.55:  76.89825,-33.52332,299.4999
21.57:  76.68574,-33.39814,300.4999
21.59:  76.47171,-33.26646,301.5999
21.6:  76.25931,-33.13115,302.4999
21.62:  76.05411,-32.99222,304.0999
21.64:  75.84741,-32.84695,305.0999
21.65:  75.64709,-32.6998,306.2999
21.67:  75.44849,-32.54686,307.5999
21.69:  75.25226,-32.39077,308.4999
21.7:  75.06115,-32.23546,309.0999
21.72:  74.86316,-32.06991,309.8999
21.74:  74.67476,-31.91127,310.0999
21.75:  74.48448,-31.75104,310.0999
21.77:  74.29305,-31.58984,310.0999
21.79:  74.10289,-31.43141,309.7999
21.8:  73.98296,-31.27299,309.4999
21.82:  73.98296,-31.11539,308.7
21.84:  73.98296,-30.96145,307.9999
21.85:  73.98296,-30.80874,307.2999
21.87:  73.98296,-30.65934,306.3999
21.89:  73.97773,-30.50705,305.4999
21.9:  73.96039,-30.34945,304.7
21.92:  73.92925,-30.17843,303.3
21.94:  73.88483,-30.0096,302.3999
21.95:  73.82504,-29.83138,301.3999
21.97:  73.74889,-29.65296,300.4999
21.99:  73.65105,-29.46555,299.8
22:  73.53571,-29.28552,298.7999
22.02:  73.39996,-29.10704,297.3
22.04:  73.24052,-28.93439,296.2
22.05:  73.06297,-28.77608,295.0999
22.07:  72.87083,-28.63529,293.9999
22.09:  72.65974,-28.50962,292.8999
22.1:  72.43779,-28.40653,291.3999
22.12:  72.2009,-28.32264,289.4999
22.14:  71.96642,-28.24419,288.4999
22.15:  71.72553,-28.16592,287.9999
22.17:  71.49003,-28.09076,287.7
22.19:  71.24451,-28.0124,287.7
22.2:  71.00967,-27.93746,287.7
22.22:  70.77402,-27.86225,287.7
22.24:  70.53494,-27.78595,287.7
22.25:  70.29583,-27.70918,287.7999
22.27:  70.05869,-27.63213,287.9999
22.29:  69.82111,-27.55448,288.0999
22.3:  69.58453,-27.47715,288.0999
22.32:  69.34731,-27.39962,288.0999
22.34:  69.11143,-27.32252,288.0999
22.35:  68.86094,-27.24162,287.8999
22.37:  68.62486,-27.16718,287.4999
22.39:  68.39239,-27.09655,286.8999
22.4:  68.15607,-27.02834,286.0999
22.42:  67.90427,-26.95898,285.3999
22.44:  67.66873,-26.89675,284.7999
22.45:  67.42827,-26.83501,284.3999
22.47:  67.18179,-26.77172,284.3999
22.49:  66.94405,-26.71069,284.3999
22.5:  66.70053,-26.64861,284.2999
22.52:  66.45062,-26.58491,284.2999
22.54:  66.21499,-26.52485,284.2999
22.55:  65.97314,-26.4641,284.0999
22.57:  65.7302,-26.40443,283.7999
22.59:  65.47815,-26.34392,283.4999
22.6:  65.23976,-26.28801,283.1999
22.62:  64.99892,-26.23329,282.7999
22.64:  64.75719,-26.1797,282.4999
22.65:  64.50459,-26.12509,282.1999
22.67:  64.26742,-26.07424,282.0999
22.69:  64.02371,-26.02244,281.9999
22.7:  63.77969,-25.97102,281.8999
22.72:  63.53576,-25.92094,281.5999
22.74:  63.28829,-25.8715,281.2999
22.75:  63.04316,-25.82518,280.7
22.77:  62.79801,-25.78195,279.9999
22.79:  62.55292,-25.73918,279.8999
22.8:  62.30334,-25.69607,279.7999
22.82:  62.05876,-25.65382,279.7999
22.84:  61.80669,-25.61073,279.7
22.85:  61.56036,-25.56863,279.7
22.87:  61.31205,-25.52663,279.5999
22.89:  61.0723,-25.48651,279.4999
22.9:  60.81646,-25.44416,279.3999
22.92:  60.57962,-25.40537,279.2999
22.94:  60.32488,-25.36366,279.2999
22.95:  60.0841,-25.32466,279.1999
22.97:  59.83387,-25.28413,279.1999
22.99:  59.59426,-25.24533,279.1999
23:  59.34634,-25.20562,279.0999
23.02:  59.09897,-25.16599,279.0999
23.04:  58.85196,-25.12643,279.0999
23.05:  58.60328,-25.08704,278.9999
23.07:  58.35802,-25.0482,278.9999
23.09:  58.1102,-25.00895,278.9999
23.1:  57.86318,-24.96982,278.9999
23.12:  57.61582,-24.93064,278.9999
23.14:  57.3698,-24.89168,278.9999
23.15:  57.12318,-24.85306,278.8999
23.17:  56.87508,-24.81421,278.8999
23.19:  56.63118,-24.77602,278.8999
23.2:  56.3813,-24.73689,278.8999
23.22:  56.13629,-24.69896,278.7999
23.24:  55.89018,-24.66218,278.4999
23.25:  55.64059,-24.62576,278.2999
23.27:  55.38975,-24.59051,277.9999
23.29:  55.13537,-24.55521,277.8999
23.3:  54.89177,-24.52314,277.4999
23.32:  54.64969,-24.49256,277.1999
23.34:  54.39943,-24.46272,276.7999
23.35:  54.15291,-24.43376,276.6999
23.37:  53.90431,-24.40456,276.6999
23.39:  53.637,-24.37363,276.5999
23.4:  53.41048,-24.34742,276.5999
23.42:  53.15907,-24.31878,276.4999
23.44:  52.90854,-24.29112,276.2999
23.45:  52.66016,-24.26458,276.0999
23.47:  52.41183,-24.23848,275.9999
23.49:  52.1638,-24.21241,275.9999
23.5:  51.9166,-24.18643,275.9999
23.52:  51.66567,-24.16005,275.9999
23.54:  51.41834,-24.13449,275.8999
23.55:  51.17085,-24.10892,275.8999
23.57:  50.92311,-24.08332,275.8999
23.59:  50.67425,-24.0576,275.8999
23.6:  50.4248,-24.03182,275.8999
23.62:  50.17646,-24.0066,275.7999
23.64:  49.92657,-23.98166,275.6999
23.65:  49.67699,-23.95718,275.5999
23.67:  49.43031,-23.93343,275.4999
23.69:  49.17953,-23.90973,275.3999
23.7:  48.93346,-23.88733,275.1999
23.72:  48.67577,-23.86615,274.6999
23.74:  48.42975,-23.84722,274.3999
23.75:  48.17962,-23.82885,274.1999
23.77:  47.9329,-23.81116,274.0999
23.79:  47.68367,-23.79374,273.9999
23.8:  47.43337,-23.77667,273.8999
23.82:  47.18382,-23.76141,273.4999
23.84:  46.92603,-23.7479,272.9999
23.85:  46.68388,-23.73733,272.4999
23.87:  46.4352,-23.72908,271.8999
23.89:  46.18787,-23.72217,271.5999
23.9:  45.92657,-23.71624,271.2999
23.92:  45.68561,-23.71119,271.1999
23.94:  45.43767,-23.70687,270.9999
23.95:  45.18806,-23.70251,270.9999
23.97:  44.94008,-23.69862,270.8999
23.99:  44.68707,-23.69508,270.7999
24:  44.43897,-23.69249,270.5999
24.02:  44.18511,-23.69071,270.3999
24.04:  43.93953,-23.68943,270.2999
24.05:  43.68642,-23.68899,270.0999
24.07:  43.43804,-23.68985,269.7999
24.09:  43.18583,-23.69162,269.5999
24.1:  42.93956,-23.69419,269.3999
24.12:  42.68574,-23.69774,269.1999
24.14:  42.43789,-23.7012,269.1999
24.15:  42.18539,-23.70517,269.0999
24.17:  41.9404,-23.70902,269.0999
24.19:  41.68605,-23.71346,268.9999
24.2:  41.43638,-23.71912,268.6999
24.22:  41.19011,-23.72643,268.2999
24.24:  40.93868,-23.73697,267.5999
24.25:  40.68787,-23.74836,267.3999
24.27:  40.43726,-23.75974,267.3999
24.29:  40.18734,-23.77109,267.3999
24.3:  39.93974,-23.78233,267.3999
24.32:  39.69017,-23.79367,267.3999
24.34:  39.43938,-23.80506,267.3999
24.35:  39.19018,-23.81637,267.3999
24.37:  38.93936,-23.82776,267.3999
24.39:  38.68585,-23.83928,267.3999
24.4:  38.43464,-23.85068,267.3999
24.42:  38.19057,-23.86176,267.3999
24.44:  37.94031,-23.87313,267.3999
24.45:  37.69352,-23.88434,267.3999
24.47:  37.44399,-23.89523,267.4999
24.49:  37.19195,-23.90624,267.4999
24.5:  36.94109,-23.91675,267.5999
24.52:  36.69273,-23.92716,267.5999
24.54:  36.44287,-23.93763,267.5999
24.55:  36.19361,-23.94808,267.5999
24.57:  35.94108,-23.95822,267.6999
24.59:  35.69207,-23.96779,267.7999
24.6:  35.44345,-23.97734,267.7999
24.62:  35.1921,-23.98656,267.8999
24.64:  34.94155,-23.99575,267.8999
24.65:  34.6932,-24.00485,267.8999
24.67:  34.44378,-24.01313,268.0999
24.69:  34.19612,-24.02048,268.2999
24.7:  33.94302,-24.02711,268.4999
24.72:  33.69186,-24.03325,268.5999
24.74:  33.4455,-24.03841,268.7999
24.75:  33.19497,-24.04366,268.7999
24.77:  32.94439,-24.04847,268.8999
24.79:  32.69389,-24.05284,268.9999
24.8:  32.44289,-24.05634,269.1999
24.82:  32.19722,-24.05892,269.3999
24.84:  31.94442,-24.06068,269.5999
24.85:  31.68756,-24.06248,269.5999
24.87:  31.44179,-24.06419,269.5999
24.89:  31.19676,-24.0659,269.5999
24.9:  30.93765,-24.06771,269.5999
24.92:  30.69267,-24.069,269.6999
24.94:  30.44398,-24.0703,269.6999
24.95:  30.1956,-24.0716,269.6999
24.97:  29.94333,-24.07292,269.6999
24.99:  29.69752,-24.07421,269.6999
25:  29.44382,-24.07554,269.6999
25.02:  29.1866,-24.07688,269.6999
25.04:  28.94187,-24.07817,269.6999
25.05:  28.69349,-24.07947,269.6999
25.07:  28.44481,-24.08077,269.6999
25.09:  28.19388,-24.08208,269.6999
25.1:  27.94814,-24.08337,269.6999
25.12:  27.6937,-24.0847,269.6999
25.14:  27.44625,-24.086,269.6999
25.15:  27.19451,-24.08732,269.6999
25.17:  26.94393,-24.08863,269.6999
25.19:  26.69389,-24.08994,269.6999
25.2:  26.44427,-24.09125,269.6999
25.22:  26.19516,-24.09255,269.6999
25.24:  25.94415,-24.09387,269.6999
25.25:  25.69542,-24.09517,269.6999
25.27:  25.43335,-24.09654,269.6999
25.29:  25.19237,-24.0978,269.6999
25.3:  24.94155,-24.09912,269.6999
25.32:  24.69621,-24.1004,269.6999
25.34:  24.43111,-24.10179,269.6999
25.35:  24.18979,-24.10305,269.6999
25.37:  23.94173,-24.10435,269.6999
25.39:  23.69479,-24.10565,269.6999
25.4:  23.44547,-24.10695,269.6999
25.42:  23.18873,-24.1083,269.6999
25.44:  22.94183,-24.10959,269.6999
25.45:  22.69469,-24.11089,269.6999
25.47:  22.44584,-24.11219,269.6999
25.49:  22.19139,-24.11352,269.6999
25.5:  21.9443,-24.11481,269.6999
25.52:  21.69466,-24.11612,269.6999
25.54:  21.44709,-24.11742,269.6999
25.55:  21.19227,-24.11875,269.6999
25.57:  20.94404,-24.12005,269.6999
25.59:  20.69447,-24.12136,269.6999
25.6:  20.44465,-24.12267,269.6999
25.62:  20.19552,-24.12397,269.6999
25.64:  19.94436,-24.12529,269.6999
25.65:  19.69418,-24.1266,269.6999
25.67:  19.44372,-24.12791,269.6999
25.69:  19.19345,-24.12922,269.6999
25.7:  18.9442,-24.13053,269.6999
25.72:  18.68525,-24.13188,269.6999
25.74:  18.43777,-24.13318,269.6999
25.75:  18.19519,-24.13445,269.6999
25.77:  17.94637,-24.13575,269.6999
25.79:  17.69254,-24.13708,269.6999
25.8:  17.44242,-24.13839,269.6999
25.82:  17.19553,-24.13969,269.6999
25.84:  16.94307,-24.14145,269.5999
25.85:  16.69544,-24.14318,269.5999
25.87:  16.44624,-24.14492,269.5999
25.89:  16.19353,-24.14668,269.5999
25.9:  15.94681,-24.14841,269.5999
25.92:  15.68974,-24.1502,269.5999
25.94:  15.44088,-24.15194,269.5999
25.95:  15.19419,-24.15366,269.5999
25.97:  14.94591,-24.15583,269.4999
25.99:  14.69623,-24.15801,269.4999
26:  14.44592,-24.16019,269.4999
26.02:  14.17458,-24.16303,269.3999
26.04:  13.94128,-24.16548,269.3999
26.05:  13.69131,-24.1681,269.3999
26.07:  13.44446,-24.17111,269.2999
26.09:  13.19315,-24.17506,269.0999
26.1:  12.94429,-24.18027,268.7999
26.12:  12.69416,-24.18639,268.5999
26.14:  12.44252,-24.19518,267.9999
26.15:  12.1958,-24.20854,266.8999
26.17:  11.93657,-24.22803,265.6999
26.19:  11.69288,-24.25064,264.6999
26.2:  11.44877,-24.27802,263.5999
26.22:  11.1998,-24.31212,262.1999
26.24:  10.95339,-24.35027,261.1999
26.25:  10.70719,-24.39191,260.3999
26.27:  10.46424,-24.43738,259.3999
26.29:  10.20548,-24.48674,259.1999
26.3:  9.96941,-24.5322,259.0999
26.32:  9.725297,-24.57921,259.0999
26.34:  9.480766,-24.62674,258.9999
26.35:  9.233524,-24.67525,258.8999
26.37:  8.98962,-24.7231,258.8999
26.39:  8.742713,-24.77154,258.8999
26.4:  8.498424,-24.81947,258.8999
26.42:  8.248765,-24.86845,258.8999
26.44:  7.998901,-24.91747,258.8999
26.45:  7.760432,-24.96426,258.8999
26.47:  7.518771,-25.01167,258.8999
26.49:  7.26842,-25.06079,258.8999
26.5:  7.026065,-25.10834,258.8999
26.52:  6.784414,-25.15575,258.8999
26.54:  6.533954,-25.20444,258.9999
26.57:  6.289866,-25.25188,258.9999
26.59:  6.037572,-25.30092,258.9999
26.6:  5.797667,-25.34756,258.9999
26.62:  5.554826,-25.39476,258.9999
26.64:  5.306068,-25.44311,258.9999
26.65:  5.061959,-25.49056,258.9999
26.67:  4.814215,-25.53872,258.9999
26.69:  4.571501,-25.5859,258.9999
26.7:  4.326694,-25.63349,258.9999
26.72:  4.080956,-25.68125,258.9999
26.74:  3.837993,-25.72848,258.9999
26.75:  3.588142,-25.77705,258.9999
26.77:  3.342888,-25.82428,259.0999
26.79:  3.095287,-25.87151,259.1999
26.8:  2.856037,-25.91456,259.7999
26.82:  2.606113,-25.95504,260.7999
26.84:  2.360337,-25.98521,262.9999
26.85:  2.108379,-25.99181,268.4999
26.87:  1.860944,-25.95572,278.2999
26.89:  1.627349,-25.86791,290.5999
26.9:  1.450091,-25.69614,314.0999
26.92:  1.317897,-25.46532,330.1999
26.94:  1.249612,-25.2318,343.6999
26.95:  1.231057,-24.98503,355.6999
26.97:  1.263681,-24.74053,7.599916
26.99:  1.345341,-24.50471,19.09992
27:  1.472258,-24.28751,30.29992
27.02:  1.647229,-24.11008,44.59992
27.04:  1.852201,-23.9545,52.79992
27.05:  2.06076,-23.8365,60.49992
27.07:  2.297958,-23.74829,69.59991
27.09:  2.550974,-23.70048,79.29991
27.1:  2.79665,-23.69619,88.99992
27.12:  3.0406,-23.73614,99.2999
27.14:  3.27497,-23.84344,114.5999
27.15:  3.476794,-23.98163,124.3999
27.17:  3.657521,-24.15016,132.9999
27.19:  3.811803,-24.34412,141.4999
27.2:  3.943711,-24.55937,148.4999
27.22:  4.052436,-24.78328,154.0999
27.24:  4.13746,-25.02882,160.8999
27.25:  4.199222,-25.26424,165.2999
27.27:  4.247949,-25.51491,168.9999
27.29:  4.278543,-25.75709,172.7999
27.3:  4.294299,-26.00751,176.3999
27.32:  4.29906,-26.25546,178.8999
27.34:  4.289612,-26.51313,182.0999
27.35:  4.274335,-26.76292,183.4999
27.37:  4.254401,-27.00539,184.6999
27.39:  4.230558,-27.25301,185.4999
27.4:  4.20385,-27.50293,186.0999
27.42:  4.174129,-27.7679,186.3999
27.44:  4.14892,-27.99625,186.2999
27.45:  4.122409,-28.24432,186.0999
27.47:  4.097344,-28.49544,185.6999
27.49:  4.076607,-28.7424,184.7999
27.5:  4.061286,-28.9929,183.4999
27.52:  4.051238,-29.24309,182.2999
27.54:  4.048624,-29.49269,180.5999
27.55:  4.049525,-29.75069,179.7999
27.57:  4.05253,-29.99661,179.2999
27.59:  4.056818,-30.2422,178.9999
27.6:  4.061631,-30.49289,178.8999
27.62:  4.066427,-30.74261,178.8999
27.64:  4.071226,-30.99255,178.8999
27.65:  4.076035,-31.24297,178.8999
27.67:  4.080385,-31.49219,178.9999
27.69:  4.084003,-31.75129,179.1999
27.7:  4.085293,-31.99741,179.6999
27.72:  4.083582,-32.24244,180.3999
27.74:  4.080082,-32.49316,180.7999
27.75:  4.074453,-32.74121,181.2999
27.77:  4.068763,-32.99196,181.2999
27.79:  4.063146,-33.23952,181.2999
27.8:  4.057424,-33.49169,181.2999
27.82:  4.052351,-33.75591,181.0999
27.84:  4.048218,-33.99271,180.9999
27.85:  4.045204,-34.23941,180.6999
27.87:  4.042149,-34.4895,180.6999
27.89:  4.039523,-34.74032,180.5999
27.9:  4.037746,-34.99483,180.3999
27.92:  4.039056,-35.24494,179.6999
27.94:  4.042898,-35.4895,179.0999
27.95:  4.048649,-35.74292,178.6999
27.97:  4.055134,-35.99055,178.4999
27.99:  4.061692,-36.24095,178.4999
28:  4.068263,-36.49188,178.4999
28.02:  4.074815,-36.74208,178.4999
28.04:  4.081747,-36.99022,178.3999
28.05:  4.088675,-37.23825,178.3999
28.07:  4.096704,-37.49371,178.1999
28.09:  4.104364,-37.73746,178.1999
28.1:  4.112797,-37.99166,178.0999
28.12:  4.121069,-38.24101,178.0999
28.14:  4.129342,-38.49035,178.0999
28.15:  4.13767,-38.7414,178.0999
28.17:  4.145861,-38.9883,178.0999
28.19:  4.154069,-39.23574,178.0999
28.2:  4.162541,-39.49111,178.0999
28.22:  4.170761,-39.73886,178.0999
28.24:  4.17903,-39.98811,178.0999
28.25:  4.187356,-40.23909,178.0999
28.27:  4.195654,-40.48922,178.0999
28.29:  4.20392,-40.73839,178.0999
28.3:  4.212138,-40.98609,178.0999
28.32:  4.220188,-41.24225,178.1999
28.34:  4.227849,-41.48601,178.1999
28.35:  4.235816,-41.73949,178.1999
28.37:  4.243638,-41.9884,178.1999
28.39:  4.251513,-42.23898,178.1999
28.4:  4.260167,-42.48677,177.9999
28.42:  4.271218,-42.73989,177.4999
28.44:  4.285642,-42.99004,176.6999
28.45:  4.306294,-43.23597,175.1999
28.47:  4.332916,-43.48925,173.9999
28.49:  4.369709,-43.74146,171.6999
28.5:  4.407858,-43.98232,170.9999
28.52:  4.44945,-44.22822,170.3999
28.54:  4.490666,-44.4719,170.3999
28.55:  4.532089,-44.71681,170.3999
28.57:  4.573741,-44.96307,170.3999
28.59:  4.615331,-45.20896,170.3999
28.6:  4.657801,-45.45741,170.2999
28.62:  4.701052,-45.70523,170.0999
28.64:  4.745578,-45.95024,169.6999
28.65:  4.791272,-46.19678,169.4999
28.67:  4.838589,-46.44482,169.1999
28.69:  4.885871,-46.68807,168.9999
28.7:  4.933792,-46.93459,168.9999
28.72:  4.981327,-47.17914,168.9999
28.74:  5.028979,-47.42429,168.9999
28.75:  5.076161,-47.66702,168.9999
28.77:  5.124258,-47.91445,168.9999
28.79:  5.171714,-48.15859,168.9999
28.8:  5.219914,-48.40656,168.9999
28.82:  5.267554,-48.65164,168.9999
28.84:  5.315007,-48.89576,168.9999
28.85:  5.362784,-49.14155,168.9999
28.87:  5.41008,-49.38486,168.9999
28.89:  5.465974,-49.64338,167.7999
28.9:  5.526992,-49.87764,165.3999
28.92:  5.612556,-50.10894,159.6999
28.94:  5.71831,-50.33166,154.5999
28.95:  5.852391,-50.54707,148.0999
28.97:  6.01315,-50.73865,139.9999
28.99:  6.205745,-50.90965,131.5999
29:  6.411597,-51.04797,123.8999
29.02:  6.632504,-51.15381,115.5999
29.04:  6.879551,-51.21909,104.7999
29.05:  7.119944,-51.26104,99.8999
29.07:  7.367247,-51.28791,96.19991
29.09:  7.625998,-51.30328,93.3999
29.1:  7.865715,-51.31039,91.69991
29.12:  8.117314,-51.31127,90.19991
29.14:  8.367404,-51.30385,88.29991
29.15:  8.617856,-51.29028,86.8999
29.17:  8.866253,-51.26724,84.69991
29.19:  8.90662,-51.27644,81.29991
29.2:  8.906233,-51.27474,76.69991
29.22:  8.901094,-51.25106,71.69991
29.24:  8.891111,-51.19582,65.09991
29.25:  8.879318,-51.12157,61.5999
29.27:  8.866755,-51.02494,59.2999
29.29:  8.857563,-50.91671,57.3999
29.3:  8.851959,-50.79567,56.7999
29.32:  8.852083,-50.65889,56.7999
29.34:  8.854054,-50.52621,57.0999
29.35:  8.854054,-50.3917,57.9999
29.37:  8.854054,-50.26823,59.1999
29.39:  8.854054,-50.14123,60.9999
29.4:  8.854054,-50.02893,62.89991
29.42:  8.854054,-49.91537,64.69991
29.44:  8.854054,-49.82447,66.29991
29.45:  8.854054,-49.72773,67.09991
29.47:  8.854054,-49.63247,67.8999
29.49:  8.854054,-49.54296,68.9999
29.5:  8.854054,-49.45907,70.3999
29.52:  8.854054,-49.38144,71.89991
29.54:  8.854054,-49.31124,73.49992
29.55:  8.854054,-49.24276,74.09991
29.57:  8.854054,-49.17519,74.49992
29.59:  8.854054,-49.10724,74.79992
29.6:  8.854054,-49.04564,75.19991
29.62:  8.854054,-48.98424,75.59992
29.64:  8.854054,-48.92571,76.49992
29.65:  8.854054,-48.87092,77.29992
29.67:  8.854054,-48.81861,78.09991
29.69:  8.854054,-48.77194,79.09991
29.7:  8.854054,-48.72919,80.19992
29.72:  8.854054,-48.69216,81.49992
29.74:  8.854054,-48.65917,82.39992
29.75:  8.854054,-48.62846,83.19991
29.77:  8.854054,-48.60229,83.89991
29.79:  8.854054,-48.58006,84.79991
29.8:  8.854054,-48.56413,86.39991
29.82:  8.854054,-48.55543,87.99992
29.84:  8.854054,-48.55674,90.29991
29.85:  8.854054,-48.5686,92.69991
29.87:  8.854054,-48.59702,96.59992
29.89:  8.854054,-48.63821,99.59991
29.9:  8.854054,-48.69117,102.0999
29.92:  8.854054,-48.75665,105.1999
29.94:  8.854054,-48.83828,108.4999
29.95:  8.854054,-48.92578,111.4999
29.97:  8.854054,-49.03278,114.2999
29.99:  8.854054,-49.14668,117.9999
30:  8.854054,-49.27492,120.5999
30.02:  8.85413,-49.41154,122.9999
30.04:  8.856013,-49.55317,125.3999
30.05:  8.858011,-49.71338,127.7999
30.07:  8.859494,-49.86648,129.4999
30.09:  8.860756,-50.03807,130.8999
30.1:  8.861031,-50.20142,131.1999
30.12:  8.861215,-50.36411,131.3999
30.14:  8.861679,-50.53011,131.8999
30.15:  8.862148,-50.69985,132.3999
30.17:  8.867144,-50.87264,132.9999
30.19:  8.891648,-51.06586,133.3999
30.2:  8.931778,-51.25551,133.3999
30.22:  8.99046,-51.45776,133.3999
30.24:  9.070473,-51.66275,133.3999
30.25:  9.173703,-51.87152,133.0999
30.27:  9.299094,-52.07516,132.0999
30.29:  9.442082,-52.26661,129.9999
30.3:  9.605851,-52.44629,127.9999
30.32:  9.790154,-52.6153,125.0999
30.34:  9.988211,-52.75946,122.3999
30.35:  10.20832,-52.89857,118.4999
30.37:  10.42966,-53.00178,114.9999
30.39:  10.66284,-53.08524,109.1999
30.4:  10.91429,-53.15497,105.4999
30.42:  11.15393,-53.20765,102.3999
30.44:  11.39213,-53.25094,100.2999
30.45:  11.644,-53.28365,97.3999
30.47:  11.89183,-53.30839,95.6999
30.49:  12.15392,-53.32212,92.99991
30.5:  12.39751,-53.32935,91.69991
30.52:  12.64596,-53.33326,90.89991
30.54:  12.89342,-53.33498,90.39991
30.55:  13.13832,-53.33584,90.19991
30.57:  13.39226,-53.33628,90.09991
30.59:  13.64966,-53.33673,90.09991
30.6:  13.89383,-53.33715,90.09991
30.62:  14.14153,-53.33802,90.19991
30.64:  14.38867,-53.34018,90.49991
30.65:  14.64244,-53.34682,91.49991
30.67:  14.89044,-53.35895,92.7999
30.69:  15.13876,-53.37849,94.4999
30.7:  15.38672,-53.4085,96.89991
30.72:  15.63533,-53.44565,98.4999
30.74:  15.88223,-53.49052,100.2999
30.75:  16.1263,-53.54151,101.7999
30.77:  16.36996,-53.59821,103.0999
30.79:  16.61127,-53.65615,103.4999
30.8:  16.85709,-53.71516,103.4999
30.82:  17.09593,-53.7725,103.4999
30.84:  17.3397,-53.83102,103.4999
30.85:  17.58492,-53.8899,103.4999
30.87:  17.83621,-53.95023,103.4999
30.89:  18.06814,-54.00591,103.4999
30.9:  18.31303,-54.06425,103.3999
30.92:  18.56525,-54.12433,103.3999
30.94:  18.80881,-54.18191,103.2999
30.95:  19.04682,-54.23773,103.1999
30.97:  19.2887,-54.29446,103.1999
30.99:  19.52943,-54.35093,103.1999
31:  19.77458,-54.40842,103.1999
31.02:  20.01766,-54.46544,103.1999
31.04:  20.25902,-54.52205,103.1999
31.05:  20.50544,-54.57985,103.1999
31.07:  20.74866,-54.63689,103.1999
31.09:  20.99114,-54.69376,103.1999
31.1:  21.23585,-54.75116,103.1999
31.12:  21.47423,-54.80707,103.1999
31.14:  21.72052,-54.86484,103.1999
31.15:  21.96426,-54.922,103.1999
31.17:  22.20896,-54.9794,103.1999
31.19:  22.45535,-55.03719,103.1999
31.2:  22.70131,-55.09488,103.1999
31.22:  22.94414,-55.15139,103.0999
31.24:  23.18381,-55.20452,102.4999
31.25:  23.42417,-55.25648,102.1999
31.27:  23.67361,-55.30905,101.8999
31.29:  23.91487,-55.35901,101.6999
31.3:  24.16258,-55.40986,101.5999
31.32:  24.40405,-55.45811,101.2999
31.34:  24.66609,-55.5062,100.3999
31.35:  24.90455,-55.54482,99.19987
31.37:  25.15212,-55.57874,97.79987
31.39:  25.40341,-55.60293,95.49987
31.4:  25.64584,-55.61691,93.29987
31.42:  25.89735,-55.61735,90.09987
31.44:  26.14563,-55.60129,86.29987
31.45:  26.39056,-55.57079,82.89987
31.47:  26.63774,-55.52542,79.59988
31.49:  26.89408,-55.46624,76.99988
31.5:  27.12852,-55.39946,74.09988
31.52:  27.36341,-55.3204,71.39987
31.54:  27.59445,-55.22846,68.29988
31.55:  27.82219,-55.12659,65.89987
31.57:  28.04424,-55.01539,63.39988
31.59:  28.26323,-54.8955,61.29988
31.6:  28.47931,-54.76669,59.19987
31.62:  28.68993,-54.63095,57.19987
31.64:  28.89248,-54.48807,54.79987
31.65:  29.09556,-54.32883,51.89987
31.67:  29.28539,-54.17123,50.29987
31.69:  29.47383,-54.00915,49.29987
31.7:  29.66244,-53.84286,48.59987
31.72:  29.84653,-53.68057,48.59987
31.74:  30.03415,-53.51516,48.59987
31.75:  30.22087,-53.35054,48.59987
31.77:  30.40978,-53.25292,48.59987
31.79:  30.59535,-53.25292,48.59987
31.8:  30.78161,-53.25292,48.59987
31.82:  30.97144,-53.25292,48.59987
31.84:  31.15661,-53.25292,48.59987
31.85:  31.34694,-53.25292,48.59987
31.87:  31.5334,-53.25292,48.49987
31.89:  31.72905,-53.23382,47.89987
31.9:  31.94101,-53.19675,46.09987
31.92:  32.13505,-53.14463,43.49987
31.94:  32.34045,-53.07519,39.79987
31.95:  32.52864,-52.99097,36.09987
31.97:  32.72955,-52.88467,31.19987
31.99:  32.8977,-52.76921,28.09987
32:  33.07346,-52.62973,25.69987
32.02:  33.2481,-52.46117,23.29987
32.04:  33.39417,-52.28588,21.39987
32.05:  33.53213,-52.08783,20.29987
32.07:  33.64629,-51.88263,18.69987
32.09:  33.74811,-51.65818,16.39987
32.1:  33.81921,-51.42372,15.19987
32.12:  33.8828,-51.17784,14.49987
32.14:  33.94409,-50.93738,14.29987
32.15:  34.00659,-50.69217,14.29987
32.17:  34.06789,-50.45169,14.29987
32.19:  34.13042,-50.20813,14.39987
32.2:  34.19389,-49.96959,14.89987
32.22:  34.26178,-49.72479,15.49987
32.24:  34.32903,-49.48871,15.89987
32.25:  34.39953,-49.24605,16.19987
32.27:  34.47104,-48.99992,16.19987
32.29:  34.53836,-48.7682,16.19987
32.3:  34.6118,-48.51542,16.19987
32.32:  34.67949,-48.28241,16.19987
32.34:  34.74969,-48.0408,16.19987
32.35:  34.81853,-47.80384,16.19987
32.37:  34.888,-47.5647,16.19987
32.39:  34.9573,-47.32618,16.19987
32.4:  35.02714,-47.0858,16.19987
32.42:  35.09693,-46.84557,16.19987
32.44:  35.16625,-46.60696,16.19987
32.45:  35.23652,-46.3635,16.09987
32.47:  35.30719,-46.11375,15.79987
32.49:  35.3736,-45.8759,15.59987
32.5:  35.43637,-45.64486,15.19987
32.52:  35.50186,-45.40216,15.09987
32.54:  35.56733,-45.15953,15.09987
32.55:  35.63202,-44.91638,14.89987
32.57:  35.69648,-44.66713,14.49987
32.59:  35.75597,-44.43203,14.19987
32.6:  35.81469,-44.19295,13.79987
32.62:  35.8744,-43.94612,13.59987
32.64:  35.93221,-43.70718,13.59987
32.65:  35.99181,-43.46083,13.59987
32.67:  36.05042,-43.21857,13.59987
32.69:  36.11131,-42.96494,13.49987
32.7:  36.16787,-42.72934,13.49987
32.72:  36.22721,-42.48217,13.49987
32.74:  36.28385,-42.24623,13.49987
32.75:  36.34221,-42.00314,13.49987
32.77:  36.4004,-41.76076,13.49987
32.79:  36.45832,-41.51952,13.49987
32.8:  36.51668,-41.27641,13.49987
32.82:  36.57561,-41.03094,13.49987
32.84:  36.63528,-40.78804,13.79987
32.85:  36.69544,-40.54494,13.89987
32.87:  36.75599,-40.30386,14.09987
32.89:  36.81841,-40.05539,14.09987
32.9:  36.87913,-39.81363,14.09987
32.92:  36.93921,-39.57441,14.09987
32.94:  37.00031,-39.33298,14.19987
32.95:  37.0615,-39.09114,14.19987
32.97:  37.12307,-38.84958,14.29987
32.99:  37.18453,-38.60846,14.29987
33:  37.24979,-38.35429,14.39987
33.02:  37.30897,-38.12381,14.39987
33.04:  37.37113,-37.88171,14.39987
33.05:  37.43757,-37.62664,14.59987
33.07:  37.49866,-37.3954,14.79987
33.09:  37.5622,-37.1566,14.89987
33.1:  37.62754,-36.91276,14.99987
33.12:  37.69191,-36.67419,15.09987
33.14:  37.7574,-36.43145,15.09987
33.15:  37.82283,-36.19064,15.19987
33.17:  37.88842,-35.94925,15.19987
33.19:  37.95617,-35.69986,15.19987
33.2:  38.01968,-35.46612,15.19987
33.22:  38.0854,-35.22422,15.19987
33.24:  38.1502,-34.98573,15.19987
33.25:  38.21774,-34.73713,15.19987
33.27:  38.28345,-34.49526,15.19987
33.29:  38.34764,-34.259,15.19987
33.3:  38.41504,-34.01093,15.19987
33.32:  38.47852,-33.77729,15.19987
33.34:  38.54404,-33.53612,15.19987
33.35:  38.61011,-33.29294,15.19987
33.37:  38.67582,-33.05111,15.19987
33.39:  38.74055,-32.81284,15.19987
33.4:  38.80597,-32.57207,15.19987
33.42:  38.87097,-32.33281,15.19987
33.44:  38.93682,-32.09044,15.19987
33.45:  39.00217,-31.8499,15.19987
33.47:  39.07105,-31.5964,15.19987
33.49:  39.13597,-31.35746,15.19987
33.5:  39.20147,-31.11635,15.19987
33.52:  39.26608,-30.87855,15.19987
33.54:  39.33007,-30.64304,15.19987
33.55:  39.39639,-30.39893,15.19987
33.57:  39.46198,-30.15754,15.19987
33.59:  39.52708,-29.91791,15.19987
33.6:  39.59332,-29.67411,15.19987
33.62:  39.65787,-29.43652,15.19987
33.64:  39.72298,-29.19687,15.19987
33.65:  39.78964,-28.95153,15.19987
33.67:  39.85534,-28.70971,15.19987
33.69:  39.91971,-28.47278,15.19987
33.7:  39.98813,-28.22095,15.19987
33.72:  40.05233,-27.98466,15.19987
33.74:  40.11688,-27.74707,15.19987
33.75:  40.1844,-27.49854,15.19987
33.77:  40.24986,-27.25761,15.19987
33.79:  40.31432,-27.02038,15.19987
33.8:  40.37973,-26.77961,15.19987
33.84:  40.44512,-26.53893,15.19987
33.85:  40.51027,-26.29916,15.19987
33.87:  40.57793,-26.0501,15.19987
33.89:  40.64319,-25.80991,15.19987
33.9:  40.70708,-25.57473,15.19987
33.92:  40.77401,-25.32839,15.19987
33.94:  40.83855,-25.09084,15.19987
33.95:  40.90308,-24.85333,15.19987
33.97:  40.96988,-24.60748,15.19987
33.99:  41.03449,-24.36967,15.19987
34:  41.10178,-24.122,15.19987
34.02:  41.1673,-23.88084,15.19987
34.04:  41.23275,-23.63995,15.19987
34.05:  41.29705,-23.40329,15.19987
34.07:  41.36234,-23.16298,15.19987
34.09:  41.43051,-22.91206,15.19987
34.1:  41.49617,-22.67366,15.39987
34.12:  41.5638,-22.43935,16.09987
34.14:  41.64126,-22.19954,17.89987
34.15:  41.72845,-21.96633,20.49987
34.17:  41.84088,-21.73479,25.89987
34.19:  41.97452,-21.53057,33.19987
34.2:  42.16544,-21.35927,48.09986
34.22:  42.36871,-21.2347,58.49987
34.24:  42.61494,-21.14362,69.69987
34.25:  42.85711,-21.10483,80.89987
34.27:  43.10616,-21.1144,92.19987
34.29:  43.34937,-21.16831,102.4999
34.3:  43.57957,-21.25576,110.7999
34.32:  43.79408,-21.38465,120.9999
34.34:  44.00734,-21.53565,125.2999
34.35:  44.19907,-21.68598,128.0999
34.37:  44.39049,-21.84546,129.7999
34.39:  44.57996,-22.00728,130.4999
34.4:  44.76859,-22.16896,130.5999
34.42:  44.95607,-22.33022,130.6999
34.44:  45.14678,-22.49425,130.6999
34.45:  45.34144,-22.66169,130.6999
34.47:  45.52802,-22.82273,130.7999
34.49:  45.71568,-22.98529,130.8999
34.5:  45.89962,-23.14519,130.9999
34.52:  46.09902,-23.31852,130.9999
34.54:  46.28575,-23.4797,130.7999
34.55:  46.47425,-23.63731,129.8999
34.57:  46.67083,-23.79256,128.2999
34.59:  46.87168,-23.94118,126.4999
34.6:  47.07252,-24.08129,124.8999
34.62:  47.28526,-24.21787,122.6999
34.64:  47.49976,-24.34829,121.2999
34.65:  47.71568,-24.4665,118.6999
34.67:  47.94066,-24.58113,116.9999
34.69:  48.16763,-24.68842,115.2999
34.7:  48.40617,-24.79462,113.9999
34.72:  48.6287,-24.88862,112.8999
34.74:  48.87664,-24.9838,110.9999
34.75:  49.08999,-25.06229,110.1999
34.77:  49.32853,-25.14583,109.2999
34.79:  49.56796,-25.2278,108.8999
34.8:  49.80359,-25.30802,108.7999
34.82:  50.04052,-25.38867,108.7999
34.84:  50.28327,-25.47131,108.7999
34.85:  50.51405,-25.54988,108.7999
34.87:  50.74965,-25.63008,108.7999
34.89:  50.98712,-25.71092,108.7999
34.9:  51.22157,-25.79074,108.7999
34.92:  51.46224,-25.87266,108.7999
34.94:  51.69914,-25.95331,108.7999
34.95:  51.93982,-26.03524,108.7999
34.97:  52.17094,-26.11392,108.7999
34.99:  52.40821,-26.19516,108.8999
35:  52.64175,-26.27603,109.0999
35.02:  52.87774,-26.35821,109.1999
35.04:  53.11301,-26.4406,109.2999
35.05:  53.35141,-26.52455,109.3999
35.07:  53.59456,-26.61065,109.4999
35.09:  53.82246,-26.6918,109.5999
35.1:  54.05468,-26.77449,109.5999
35.12:  54.2934,-26.8595,109.5999
35.14:  54.52909,-26.94389,109.6999
35.15:  54.76152,-27.02711,109.6999
35.17:  54.99786,-27.11173,109.6999
35.19:  55.23369,-27.19617,109.6999
35.2:  55.47153,-27.2818,109.7999
35.22:  55.71461,-27.36931,109.7999
35.24:  55.94389,-27.45185,109.7999
35.25:  56.17349,-27.53452,109.7999
35.27:  56.41129,-27.62013,109.7999
35.29:  56.64392,-27.70388,109.7999
35.3:  56.87891,-27.78848,109.7999
35.32:  57.12203,-27.87601,109.7999
35.34:  57.35074,-27.95835,109.7999
35.35:  57.58287,-28.04192,109.7999
35.37:  57.8217,-28.1279,109.7999
35.39:  58.05801,-28.17383,109.0999
35.4:  58.29416,-28.17475,108.3999
35.42:  58.53111,-28.17568,107.6999
35.44:  58.77547,-28.17755,106.2999
35.45:  59.0115,-28.1797,104.6999
35.47:  59.25982,-28.18283,102.3999
35.49:  59.51457,-28.18818,98.49989
35.5:  59.75958,-28.19095,96.49989
35.52:  60.00579,-28.19359,94.59988
35.54:  60.25642,-28.1954,93.29989
35.55:  60.5019,-28.19777,91.59988
35.57:  60.75451,-28.19865,90.19988
35.59:  61.00418,-28.19342,88.79988
35.6:  61.25082,-28.18006,86.89988
35.62:  61.50995,-28.16194,85.99989
35.64:  61.75618,-28.14083,85.09989
35.65:  62.00879,-28.1174,84.69988
35.67:  62.25123,-28.09448,84.59989
35.69:  62.49416,-28.07152,84.59989
35.7:  62.74309,-28.04799,84.59989
35.72:  62.99555,-28.02412,84.59989
35.74:  63.24187,-28.00084,84.59989
35.75:  63.49102,-27.97728,84.59989
35.77:  63.74215,-27.95354,84.59989
35.79:  63.99161,-27.92996,84.59989
35.8:  64.23792,-27.90668,84.59989
35.82:  64.48582,-27.88325,84.59989
35.84:  64.73768,-27.85944,84.59989
35.85:  64.98414,-27.83614,84.59989
35.87:  65.23608,-27.81232,84.59989
35.89:  65.48124,-27.78915,84.59989
35.9:  65.72982,-27.76565,84.59989
35.92:  65.98303,-27.74171,84.59989
35.94:  66.23668,-27.71774,84.59989
35.95:  66.48657,-27.69412,84.59989
35.97:  66.73139,-27.67097,84.59989
35.99:  66.97868,-27.6476,84.59989
36:  67.22521,-27.62473,84.69989
36.02:  67.48645,-27.60233,85.0999
36.04:  67.73299,-27.58336,85.59988
36.05:  67.97612,-27.56593,85.89989
36.07:  68.2261,-27.54889,86.09989
36.09:  68.47569,-27.53275,86.29989
36.1:  68.72678,-27.51739,86.49989
36.12:  68.97286,-27.50449,86.99989
36.14:  69.22652,-27.49563,87.99989
36.15:  69.47017,-27.49436,89.69988
36.17:  69.72408,-27.50544,92.49989
36.19:  69.96695,-27.5284,95.39988
36.2:  70.21809,-27.56728,98.79987
36.22:  70.46076,-27.62688,103.7999
36.24:  70.69945,-27.7026,107.5999
36.25:  70.93108,-27.79244,111.1999
36.27:  71.15984,-27.8996,115.0999
36.29:  71.37823,-28.01966,118.7999
36.3:  71.58834,-28.15249,122.2999
36.32:  71.80229,-28.18607,125.3999
36.34:  72.01903,-28.22801,129.4999
36.35:  72.23283,-28.29412,131.6999
36.37:  72.44747,-28.38211,133.3999
36.39:  72.65648,-28.49346,134.3999
36.4:  72.85755,-28.6255,135.7999
36.42:  73.05666,-28.78775,136.6999
36.44:  73.22358,-28.95989,137.7999
36.45:  73.38708,-29.14863,139.0999
36.47:  73.54811,-29.34191,140.1999
36.49:  73.70599,-29.53757,141.0999
36.5:  73.85725,-29.73328,142.2999
36.52:  74.00713,-29.93363,143.1999
36.54:  74.16329,-30.15175,144.3999
36.55:  74.30484,-30.35315,144.8999
36.57:  74.43978,-30.54659,145.0999
36.59:  74.58353,-30.75341,145.1999
36.6:  74.72549,-30.95768,145.1999
36.62:  74.86931,-31.16459,145.1999
36.64:  75.01112,-31.36863,145.1999
36.65:  75.15344,-31.5734,145.1999
36.67:  75.29668,-31.7795,145.1999
36.69:  75.43882,-31.98401,145.1999
36.7:  75.58065,-32.18807,145.1999
36.72:  75.72706,-32.39485,144.6999
36.74:  75.87661,-32.59476,143.1999
36.75:  76.04807,-32.80055,140.1999
36.77:  76.20216,-32.97109,137.8999
36.79:  76.38143,-33.14973,134.8999
36.8:  76.56796,-33.31417,131.3999
36.82:  76.76978,-33.46243,126.2999
36.84:  76.98605,-33.58579,119.6999
36.85:  77.22385,-33.65668,106.5999
36.87:  77.4713,-33.68706,96.99987
36.89:  77.72057,-33.67138,86.39986
36.9:  77.96441,-33.60375,74.49986
36.92:  78.18262,-33.4818,60.79987
36.94:  78.36821,-33.31292,47.69986
36.95:  78.49297,-33.10028,30.39986
36.97:  78.57899,-32.85326,19.19987
36.99:  78.61385,-32.60825,8.099864
37:  78.60625,-32.36652,358.1999
37.02:  78.56467,-32.11798,350.4999
37.04:  78.4957,-31.87746,343.9999
37.05:  78.39112,-31.6501,335.2999
37.07:  78.26995,-31.43594,330.4999
37.09:  78.12804,-31.22476,326.0999
37.1:  77.98057,-31.02834,323.0999
37.12:  77.81711,-30.83491,319.7999
37.14:  77.64638,-30.6531,316.7999
37.15:  77.46813,-30.48098,313.9998
37.17:  77.27719,-30.32133,309.8999
37.19:  77.07558,-30.16718,307.3999
37.2:  76.86845,-30.01614,306.0999
37.22:  76.6646,-29.87287,305.0999
37.24:  76.46356,-29.73105,305.1999
37.25:  76.25764,-29.57979,306.2999
37.27:  76.0661,-29.42961,308.0999
37.29:  75.87796,-29.26606,310.9998
37.3:  75.69883,-29.09607,313.4998
37.32:  75.52684,-28.91356,316.6999
37.34:  75.36906,-28.71593,321.3998
37.35:  75.22695,-28.51069,325.2999
37.37:  75.09987,-28.29321,329.6999
37.39:  74.9879,-28.05634,334.6999
37.4:  74.8981,-27.83519,337.8998
37.42:  74.82059,-27.59943,341.7999
37.44:  74.75999,-27.35641,345.9998
37.45:  74.71879,-27.11279,350.3999
37.47:  74.6882,-26.85244,353.2999
37.49:  74.67277,-26.59266,356.5999
37.5:  74.6645,-26.35588,357.9998
37.52:  74.66109,-26.11146,359.1999
37.54:  74.66064,-25.86117,359.8999
37.55:  74.66064,-25.61321,-0.0001418538
37.57:  74.66064,-25.3629,-0.0001418538
37.59:  74.66064,-25.11236,-0.0001418538
37.6:  74.66064,-24.86617,-0.0001418538
37.62:  74.66109,-24.60995,0.09985815
37.64:  74.66195,-24.36418,0.1998581
37.65:  74.66411,-24.11652,0.4998581
37.67:  74.66721,-23.8626,0.6998581
37.69:  74.67115,-23.61202,0.8998582
37.7:  74.67583,-23.34332,0.9998582
37.72:  74.68038,-23.10666,1.099858
37.74:  74.68504,-22.86417,1.099858
37.75:  74.68983,-22.6142,1.099858
37.77:  74.6951,-22.36293,1.199858
37.79:  74.70031,-22.11404,1.199858
37.8:  74.70732,-21.86311,1.599858
37.82:  74.71476,-21.61236,1.699858
37.84:  74.72305,-21.36256,1.899858
37.85:  74.73201,-21.11814,2.099858
37.87:  74.74159,-20.85665,2.099858
37.89:  74.75047,-20.61447,2.099858
37.9:  74.76008,-20.36457,2.199858
37.92:  74.77004,-20.11646,2.299858
37.94:  74.7805,-19.85595,2.299858
37.95:  74.79001,-19.61921,2.299858
37.97:  74.8006,-19.35554,2.299858
37.99:  74.81008,-19.11949,2.299858
38:  74.82015,-18.8687,2.299858
38.02:  74.83031,-18.61561,2.299858
38.04:  74.84035,-18.36562,2.299858
38.05:  74.85025,-18.11933,2.299858
38.07:  74.86025,-17.87021,2.299858
38.09:  74.87042,-17.617,2.299858
38.1:  74.88034,-17.37001,2.299858
38.12:  74.89052,-17.11662,2.299858
38.14:  74.90043,-16.86987,2.299858
38.15:  74.91047,-16.61978,2.299858
38.17:  74.92057,-16.36839,2.299858
38.19:  74.93062,-16.11812,2.299858
38.2:  74.94051,-15.87173,2.299858
38.22:  74.95069,-15.61844,2.299858
38.24:  74.96057,-15.37233,2.299858
38.25:  74.97066,-15.12115,2.299858
38.27:  74.98072,-14.87069,2.299858
38.29:  74.99081,-14.6194,2.299858
38.3:  75.00071,-14.3729,2.299858
38.32:  75.01089,-14.11958,2.299858
38.34:  75.0208,-13.87283,2.299858
38.35:  75.03083,-13.62291,2.299858
38.37:  75.04096,-13.37071,2.299858
38.39:  75.05095,-13.1219,2.299858
38.4:  75.06096,-12.87276,2.299858
38.42:  75.07107,-12.621,2.299858
38.44:  75.08112,-12.3708,2.299858
38.45:  75.09097,-12.12545,2.299858
38.47:  75.10156,-11.86173,2.299858
38.49:  75.1113,-11.61932,2.299858
38.5:  75.12116,-11.37368,2.299858
38.52:  75.13165,-11.11251,2.299858
38.54:  75.14163,-10.87443,2.399858
38.55:  75.15311,-10.62154,2.599858
38.57:  75.16441,-10.37275,2.599858
38.59:  75.17606,-10.12572,2.699858
38.6:  75.18792,-9.874173,2.699858
38.62:  75.19971,-9.624236,2.699858
38.64:  75.21149,-9.374392,2.699858
38.65:  75.22316,-9.126958,2.699858
38.67:  75.23498,-8.876249,2.699858
38.69:  75.24738,-8.613363,2.699858
38.7:  75.25872,-8.372787,2.699858
38.72:  75.27045,-8.124121,2.699858
38.74:  75.28213,-7.8765,2.699858
38.75:  75.29379,-7.629113,2.699858
38.77:  75.3057,-7.376476,2.699858
38.79:  75.31735,-7.129517,2.699858
38.8:  75.32918,-6.878627,2.699858
38.82:  75.34104,-6.627055,2.699858
38.84:  75.35286,-6.37651,2.699858
38.85:  75.36407,-6.129513,2.599858
38.87:  75.37511,-5.876608,2.499858
38.89:  75.38548,-5.629384,2.399858
38.9:  75.39545,-5.381116,2.299858
38.92:  75.40548,-5.12007,2.199858
38.94:  75.41464,-4.869981,2.099858
38.95:  75.42303,-4.630028,1.999858
38.97:  75.43184,-4.377588,1.999858
38.99:  75.44003,-4.130709,1.899858
39:  75.44856,-3.873366,1.899858
39.02:  75.45622,-3.629735,1.799858
39.04:  75.46406,-3.365706,1.699858
39.05:  75.47026,-3.128845,1.499858
39.07:  75.47549,-2.878996,1.199858
39.09:  75.47898,-2.62887,0.799858
39.1:  75.48212,-2.371897,0.6998581
39.12:  75.48478,-2.11819,0.599858
39.14:  75.4873,-1.876543,0.599858
39.15:  75.48948,-1.627879,0.4998581
39.17:  75.49128,-1.370123,0.3998581
39.19:  75.49128,-1.124397,-0.000141939
39.2:  75.49043,-0.8805766,359.7999
39.22:  75.48781,-0.6310293,359.3999
39.24:  75.48429,-0.3792084,359.1999
39.25:  75.47952,-0.1306367,358.8999
39.27:  75.47337,0.1212716,358.5999
39.29:  75.466,0.3693553,358.2999
39.3:  75.45602,0.6176646,357.6999
39.32:  75.4437,0.8695495,357.1999
39.34:  75.43056,1.120208,356.9998
39.35:  75.41714,1.368039,356.8999
39.37:  75.40246,1.630727,356.7999
39.39:  75.38831,1.868839,356.5999
39.4:  75.37267,2.117387,356.3999
39.42:  75.35613,2.366391,356.1999
39.44:  75.33784,2.62799,355.9998
39.45:  75.32015,2.868898,355.7999
39.47:  75.30196,3.116592,355.7999
39.49:  75.28377,3.364259,355.7999
39.5:  75.265,3.613849,355.6999
39.52:  75.24648,3.860304,355.6999
39.54:  75.22733,4.114794,355.6999
39.55:  75.20829,4.368108,355.6999
39.57:  75.19007,4.610393,355.6999
39.59:  75.17116,4.861918,355.6999
39.6:  75.15289,5.104964,355.6999
39.62:  75.13377,5.359075,355.6999
39.64:  75.11511,5.607257,355.6999
39.65:  75.09652,5.854554,355.6999
39.67:  75.07761,6.105938,355.6999
39.69:  75.0588,6.356181,355.6999
39.7:  75.04034,6.60166,355.6999
39.72:  75.02126,6.85547,355.6999
39.74:  75.00262,7.103354,355.6999
39.75:  74.98399,7.351158,355.6999
39.77:  74.96515,7.601671,355.6999
39.79:  74.94659,7.848491,355.6999
39.8:  74.92645,8.110136,355.5999
39.82:  74.90641,8.353909,355.2999
39.84:  74.88481,8.60077,354.9998
39.85:  74.86245,8.846475,354.7999
39.87:  74.83882,9.09643,354.5999
39.89:  74.81425,9.346975,354.3999
39.9:  74.78953,9.594744,354.2999
39.92:  74.76409,9.845131,354.1999
39.94:  74.73902,10.09195,354.1999
39.95:  74.71346,10.33937,354.0999
39.97:  74.68752,10.59029,354.0999
39.99:  74.66132,10.8439,354.0999
40:  74.63561,11.09262,354.0999
40.02:  74.61052,11.33544,354.0999
40.04:  74.58456,11.58243,353.9998
40.05:  74.55832,11.83202,353.9998
40.07:  74.53242,12.07837,353.9998
40.09:  74.50597,12.33007,353.9998
40.1:  74.47944,12.58251,353.9998
40.12:  74.45361,12.8282,353.9998
40.14:  74.42757,13.07598,353.9998
40.15:  74.40163,13.32286,353.9998
40.17:  74.37536,13.57273,353.9998
40.19:  74.34837,13.82951,353.9998
40.2:  74.32281,14.07277,353.9998
40.22:  74.29669,14.32119,353.9998
40.24:  74.27,14.5751,353.9998
40.25:  74.24427,14.81992,353.9998
40.27:  74.21849,15.06522,353.9998
40.29:  74.19257,15.3119,353.9998
40.3:  74.16631,15.56163,353.9998
40.32:  74.14042,15.80797,353.9998
40.35:  74.11401,16.05926,353.9998
40.37:  74.08612,16.31601,353.7999
40.39:  74.0597,16.55527,353.6999
40.4:  74.03056,16.81509,353.5999
40.42:  74.00361,17.05533,353.5999
40.44:  73.97598,17.30162,353.5999
40.45:  73.94811,17.55009,353.5999
40.47:  73.92071,17.7944,353.5999
40.49:  73.89238,18.04694,353.5999
40.5:  73.86465,18.2942,353.5999
40.52:  73.83684,18.54214,353.5999
40.54:  73.80882,18.79188,353.5999
40.55:  73.78096,19.04026,353.5999
40.57:  73.75314,19.28831,353.5999
40.59:  73.72526,19.53687,353.5999
40.6:  73.6973,19.7861,353.5999
40.62:  73.66891,20.03915,353.5999
40.64:  73.641,20.28804,353.5999
40.65:  73.61359,20.53236,353.5999
40.67:  73.586,20.77837,353.5999
40.69:  73.55821,21.02602,353.5999
40.7:  73.53001,21.27751,353.5999
40.72:  73.50233,21.52417,353.5999
40.74:  73.47262,21.79335,353.6999
40.75:  73.44759,22.02004,353.6999
40.77:  73.41856,22.26723,353.2999
40.79:  73.39351,22.48368,353.3998
40.8:  73.36924,22.69341,353.3998
40.82:  73.3466,22.88913,353.3998
40.84:  73.32482,23.07731,353.3998
40.85:  73.30479,23.25041,353.3998
40.87:  73.2857,23.41541,353.3998
40.89:  73.26888,23.56077,353.3998
40.9:  73.2531,23.69721,353.3998
40.92:  73.23885,23.82034,353.3998
40.94:  73.22578,23.93325,353.3998
40.95:  73.2144,24.03165,353.3998
40.97:  73.20437,24.11831,353.3998
40.99:  73.19561,24.19403,353.3998
41:  73.18849,24.25553,353.3998
41.02:  73.18283,24.30451,353.3998
41.04:  73.17845,24.34232,353.3998
41.05:  73.17563,24.36675,353.3998
41.07:  73.17419,24.37921,353.3998
41.09:  73.17419,24.37921,353.3998
41.1:  73.17419,24.37921,353.3998
41.12:  73.17419,24.37921,353.3998
41.14:  73.17419,24.37921,353.3998
41.15:  73.17419,24.37921,353.3998
41.17:  73.17419,24.37921,353.3998
41.19:  73.17419,24.37921,353.3998
41.2:  73.17419,24.37921,353.3998
41.22:  73.17419,24.37921,353.3998
41.24:  73.17419,24.37921,353.3998
41.25:  73.17419,24.37921,353.3998
41.27:  73.17419,24.37921,353.3998
41.29:  73.17419,24.37921,353.3998
41.3:  73.17419,24.37921,353.3998
41.32:  73.17419,24.37921,353.3998
41.34:  73.17419,24.37921,353.3998
41.35:  73.17419,24.37921,353.3998
41.37:  73.17419,24.37921,353.3998
41.39:  73.17419,24.37921,353.3998
41.4:  73.17419,24.37921,353.3998
41.42:  73.17419,24.37921,353.3998
41.44:  73.17419,24.37921,353.3998
41.45:  73.17419,24.37921,353.3998
41.47:  73.17419,24.37921,353.3998
41.49:  73.17419,24.37921,353.3998
41.5:  73.17419,24.37921,353.3998
41.52:  73.17419,24.37921,353.3998
41.54:  73.17419,24.37921,353.3998
41.55:  73.17419,24.37921,353.3998
41.57:  73.17419,24.37921,353.3998
41.59:  73.17419,24.37921,353.3998
41.6:  73.17419,24.37921,353.3998
41.62:  73.17419,24.37921,353.3998
41.64:  73.17419,24.37921,353.3998
41.65:  73.17419,24.37921,353.3998
41.67:  73.17419,24.37921,353.3998
41.69:  73.17419,24.37921,353.3998
41.7:  73.17419,24.37921,353.3998
41.72:  73.17419,24.37921,353.3998
41.74:  73.17419,24.37921,353.3998
41.75:  73.17419,24.37921,353.3998
41.77:  73.17419,24.37921,353.3998
41.79:  73.17419,24.37921,353.3998
41.8:  73.17419,24.37921,353.3998
41.82:  73.17419,24.37921,353.3998
41.84:  73.17419,24.37921,353.3998
41.85:  73.17419,24.37921,353.3998
41.87:  73.17419,24.37921,353.3998
41.89:  73.17419,24.37921,353.3998
41.9:  73.17419,24.37921,353.3998
41.92:  73.17419,24.37921,353.3998
41.94:  73.17419,24.37921,353.3998
41.95:  73.17419,24.37921,353.3998
41.97:  73.17419,24.37921,353.3998
41.99:  73.17419,24.37921,353.3998
42:  73.17419,24.37921,353.3998
42.02:  73.17419,24.37921,353.3998
42.04:  73.17419,24.37921,353.3998
42.05:  73.17419,24.37921,353.3998
42.07:  73.17419,24.37921,353.3998
42.09:  73.17419,24.37921,353.3998
42.1:  73.17419,24.37921,353.3998
42.12:  73.17419,24.37921,353.3998
42.14:  73.17419,24.37921,353.3998
42.15:  73.17419,24.37921,353.3998
42.17:  73.17419,24.37921,353.3998
42.19:  73.17419,24.37921,353.3998
42.2:  73.17419,24.37921,353.3998
42.22:  73.17419,24.37921,353.3998
42.24:  73.17419,24.37921,353.3998
42.25:  73.17419,24.37921,353.3998
42.27:  73.17419,24.37921,353.3998
42.29:  73.17419,24.37921,353.3998
42.3:  73.17419,24.37921,353.3998
42.32:  73.17419,24.37921,353.3998
42.34:  73.17419,24.37921,353.3998
42.35:  73.17419,24.37921,353.3998
42.37:  73.17419,24.37921,353.3998
42.39:  73.17419,24.37921,353.3998
42.4:  73.17419,24.37921,353.3998
42.42:  73.17419,24.37921,353.3998
42.44:  73.17419,24.37921,353.3998
42.45:  73.17419,24.37921,353.3998
42.47:  73.17419,24.37921,353.3998
42.49:  73.17419,24.37921,353.3998
42.5:  73.17419,24.37921,353.3998
42.52:  73.17419,24.37921,353.3998
42.54:  73.17419,24.37921,353.3998
42.55:  73.17419,24.37921,353.3998
42.57:  73.17419,24.37921,353.3998
42.59:  73.17419,24.37921,353.3998
42.6:  73.17419,24.37921,353.3998
42.62:  73.17419,24.37921,353.3998
42.64:  73.17419,24.37921,353.3998
42.65:  73.17419,24.37921,353.3998
42.67:  73.17419,24.37921,353.3998
42.69:  73.17419,24.37921,353.3998
42.7:  73.17419,24.37921,353.3998
