ParticipantNo: 11016
Controller type: Keyboard and Mouse
Training Level Timed:
0.02:  82.7,18.5,270
0.03:  82.7,18.5,270
0.05:  82.7,18.5,270
0.07:  82.7,18.5,270
0.08:  82.7,18.5,270
0.1:  82.7,18.5,270
0.12:  82.7,18.5,270
0.13:  82.7,18.5,270
0.15:  82.7,18.5,270
0.17:  82.7,18.5,270
0.18:  82.7,18.5,270
0.2:  82.7,18.5,270
0.22:  82.7,18.5,270
0.23:  82.7,18.5,270
0.25:  82.7,18.5,270
0.27:  82.7,18.5,270
0.28:  82.7,18.5,270
0.3:  82.7,18.5,270
0.32:  82.7,18.5,270
0.33:  82.7,18.5,270
0.35:  82.7,18.5,270
0.37:  82.7,18.5,270
0.38:  82.7,18.5,270
0.4:  82.7,18.5,270
0.42:  82.7,18.5,270
0.43:  82.7,18.5,270
0.45:  82.7,18.5,270
0.47:  82.7,18.5,270
0.48:  82.7,18.5,270
0.5:  82.7,18.5,270
0.52:  82.7,18.5,270
0.53:  82.7,18.5,270
0.55:  82.7,18.5,270
0.58:  82.7,18.5,270
0.6:  82.7,18.5,270
0.62:  82.7,18.5,270
0.63:  82.7,18.5,270
0.65:  82.7,18.5,270
0.67:  82.7,18.5,270
0.68:  82.7,18.5,270
0.7:  82.7,18.5,270
0.72:  82.7,18.5,270
0.73:  82.7,18.5,270
0.75:  82.7,18.5,270
0.77:  82.7,18.5,270
0.78:  82.7,18.5,270
0.8:  82.7,18.5,270
0.82:  82.7,18.5,270
0.83:  82.7,18.5,270
0.85:  82.7,18.5,270
0.87:  82.7,18.5,270
0.88:  82.7,18.5,270
0.9:  82.7,18.5,270
0.92:  82.7,18.5,270
0.93:  82.7,18.5,270
0.95:  82.7,18.5,270
0.97:  82.7,18.5,270
0.98:  82.7,18.5,270
1:  82.7,18.5,270
1.02:  82.7,18.5,270
1.03:  82.7,18.5,270
1.05:  82.7,18.5,270
1.07:  82.7,18.5,270
1.08:  82.7,18.5,270
1.1:  82.7,18.5,270
1.12:  82.7,18.5,270
1.13:  82.7,18.5,270
1.15:  82.7,18.5,270
1.17:  82.7,18.5,270
1.18:  82.7,18.5,270
1.2:  82.7,18.5,270
1.22:  82.7,18.5,270
1.23:  82.7,18.5,270
1.25:  82.7,18.5,270
1.27:  82.7,18.5,270
1.28:  82.7,18.5,270
1.3:  82.7,18.5,270
1.32:  82.7,18.5,270
1.33:  82.7,18.5,270
1.35:  82.7,18.5,270
1.37:  82.7,18.5,270
1.38:  82.7,18.5,270
1.4:  82.7,18.5,270
1.42:  82.7,18.5,270
1.43:  82.7,18.5,270
1.45:  82.7,18.5,267
1.47:  82.7,18.5,261.2
1.48:  82.7,18.5,255
1.5:  82.7,18.5,248.5
1.52:  82.7,18.5,239.8
1.53:  82.7,18.5,235.2
1.55:  82.7,18.5,232.8
1.57:  82.7,18.5,230.6
1.58:  82.7,18.5,229.4
1.6:  82.7,18.5,227.9
1.62:  82.7,18.5,224.8
1.63:  82.7,18.5,222.4
1.65:  82.7,18.5,220.2
1.67:  82.7,18.5,218.9
1.68:  82.7,18.5,217.2
1.7:  82.7,18.5,215.2
1.72:  82.7,18.5,211.6
1.73:  82.7,18.5,208.5
1.75:  82.7,18.5,206.5
1.77:  82.7,18.5,204.2
1.78:  82.7,18.5,201.6
1.8:  82.7,18.5,198.6
1.82:  82.7,18.5,195.4
1.83:  82.7,18.5,193.2
1.85:  82.7,18.5,191.6
1.87:  82.7,18.5,190
1.88:  82.7,18.5,188.6
1.9:  82.7,18.5,187.8
1.92:  82.71234,18.49851,186.9
1.93:  82.73699,18.49618,185.4
1.95:  82.77422,18.49325,184.5
1.97:  82.82418,18.49019,183.5
1.98:  82.88674,18.48702,182.9
2:  82.96152,18.48363,182.6
2.02:  83.04966,18.47978,182.5
2.03:  83.1489,18.47544,182.5
2.05:  83.26107,18.46996,182.8
2.07:  83.38527,18.46236,183.5
2.08:  83.52218,18.45255,184.1
2.1:  83.67287,18.42807,184.4
2.12:  83.83148,18.39036,184.6
2.13:  84.00092,18.33924,184.7
2.15:  84.18678,18.27168,185
2.17:  84.37814,18.19175,185.3
2.18:  84.55769,18.09896,185.5
2.2:  84.72375,17.99393,185.7
2.22:  84.87503,17.87804,185.8
2.23:  85.01251,17.75114,185.8
2.25:  85.13638,17.61252,185.9
2.27:  85.24631,17.4631,185.9
2.28:  85.34276,17.30216,185.9
2.3:  85.42562,17.12965,185.9
2.32:  85.49397,16.94847,185.9
2.33:  85.54933,16.75411,185.9
2.35:  85.59107,16.54766,185.9
2.37:  85.61877,16.33294,185.9
2.38:  85.63297,16.09381,185.9
2.4:  85.63209,15.85663,186.1
2.42:  85.61677,15.60816,186.3
2.43:  85.58925,15.36283,186.4
2.45:  85.56098,15.11476,186.5
2.47:  85.53312,14.87022,186.5
2.48:  85.50478,14.62153,186.5
2.5:  85.47656,14.37384,186.5
2.52:  85.44815,14.12446,186.5
2.53:  85.41872,13.87763,186.8
2.55:  85.38794,13.63052,187.1
2.57:  85.35567,13.37865,187.3
2.58:  85.32362,13.1318,187.4
2.6:  85.2914,12.88372,187.4
2.62:  85.25946,12.63782,187.4
2.63:  85.22543,12.38946,187.8
2.65:  85.18869,12.14059,188.4
2.67:  85.14598,11.89334,189.8
2.68:  85.0934,11.64165,191.8
2.7:  85.02927,11.39722,194.7
2.72:  84.95755,11.16551,197.2
2.73:  84.87761,10.92521,198.4
2.75:  84.80085,10.69446,198.4
2.77:  84.72312,10.46079,198.4
2.78:  84.64352,10.22153,198.4
2.8:  84.56475,9.984715,198.4
2.82:  84.48508,9.745218,198.4
2.83:  84.40707,9.510713,198.4
2.85:  84.32746,9.271401,198.4
2.87:  84.24876,9.034798,198.4
2.88:  84.16921,8.795694,198.4
2.9:  84.091,8.560591,198.4
2.92:  84.01173,8.322274,198.4
2.93:  83.93331,8.086536,198.4
2.95:  83.85398,7.848076,198.4
2.97:  83.77522,7.611308,198.4
2.98:  83.6959,7.372851,198.4
3:  83.61724,7.136399,198.4
3.02:  83.53856,6.899865,198.4
3.03:  83.45973,6.66291,198.4
3.05:  83.37805,6.417379,198.4
3.07:  83.30104,6.185875,198.4
3.08:  83.22266,5.950229,198.4
3.1:  83.14386,5.713365,198.4
3.12:  83.06524,5.477021,198.4
3.13:  82.98595,5.23867,198.4
3.15:  82.90725,5.002096,198.4
3.17:  82.82812,4.764198,198.4
3.18:  82.74949,4.52785,198.4
3.2:  82.67007,4.289087,198.4
3.22:  82.59127,4.052217,198.4
3.23:  82.52437,3.811735,198.4
3.25:  82.46891,3.565281,198.4
3.27:  82.426,3.319338,198.4
3.28:  82.39438,3.065841,198.4
3.3:  82.37462,2.806668,198.4
3.32:  82.36686,2.547131,198.4
3.33:  82.37096,2.281819,198.4
3.35:  82.38688,2.013253,198.4
3.37:  82.41457,1.741323,198.4
3.38:  82.4544,1.463568,198.4
3.4:  82.50612,1.182142,198.4
3.42:  82.5694,0.8981496,198.4
3.43:  82.64458,0.609887,198.4
3.45:  82.73164,0.317657,198.4
3.47:  82.83018,0.02239719,198.4
3.48:  82.94103,-0.278082,198.4
3.5:  83.06414,-0.5833874,198.4
3.52:  83.19822,-0.8906121,198.4
3.53:  83.34487,-1.20332,198.4
3.55:  83.50515,-1.520615,198.2
3.57:  83.66475,-1.831166,197.8
3.58:  83.82879,-2.148978,197.7
3.6:  83.99187,-2.463604,197.6
3.62:  84.16257,-2.772838,196.1
3.63:  84.3385,-3.076325,194.9
3.65:  84.5245,-3.377474,193.3
3.67:  84.7204,-3.673449,191.5
3.68:  84.92512,-3.960456,189.5
3.7:  85.12769,-4.242134,187.8
3.72:  85.3264,-4.51183,185.6
3.73:  85.51785,-4.777626,184.6
3.75:  85.70085,-5.039355,183.7
3.77:  85.87462,-5.295106,182.7
3.78:  86.04409,-5.55317,181.7
3.8:  86.20106,-5.809206,181.5
3.82:  86.3448,-6.062729,181.4
3.83:  86.47591,-6.315683,181.4
3.85:  86.59397,-6.566906,181.4
3.87:  86.70058,-6.820204,181.4
3.88:  86.79432,-7.072202,181.4
3.9:  86.87699,-7.328987,181.4
3.92:  86.94559,-7.580503,181.4
3.93:  87.00137,-7.829757,181.4
3.95:  87.045,-8.079754,181.4
3.97:  87.07624,-8.329281,181.4
3.98:  87.09535,-8.588254,181.4
4:  87.10151,-8.831566,181.4
4.02:  87.09544,-9.080327,181.4
4.03:  87.08933,-9.330132,181.4
4.05:  87.08099,-9.581753,181.9
4.07:  87.06924,-9.830847,182.7
4.08:  87.05308,-10.08076,183.7
4.1:  87.033,-10.33024,184.6
4.12:  87.00999,-10.57838,185.3
4.13:  86.98278,-10.82481,186.3
4.15:  86.94891,-11.0753,187.7
4.17:  86.91301,-11.3214,188.3
4.18:  86.8759,-11.5697,188.5
4.2:  86.83914,-11.81563,188.5
4.22:  86.80243,-12.06132,188.5
4.23:  86.7654,-12.3091,188.5
4.25:  86.72829,-12.55735,188.5
4.27:  86.69135,-12.80456,188.5
4.28:  86.65436,-13.05206,188.5
4.3:  86.61743,-13.29916,188.5
4.32:  86.58045,-13.54658,188.5
4.33:  86.54355,-13.79351,188.5
4.35:  86.50652,-14.04131,188.5
4.37:  86.46961,-14.28821,188.5
4.38:  86.43264,-14.53563,188.5
4.4:  86.39569,-14.78284,188.5
4.42:  86.35943,-15.02547,188.5
4.43:  86.32185,-15.2769,188.5
4.45:  86.2849,-15.52415,188.5
4.47:  86.24789,-15.77177,188.5
4.48:  86.21161,-16.01456,188.5
4.5:  86.17427,-16.26442,188.5
4.52:  86.13699,-16.51381,188.5
4.53:  86.1002,-16.76002,188.5
4.55:  86.06304,-17.00865,188.5
4.57:  86.02615,-17.25546,188.5
4.58:  85.98917,-17.50296,188.5
4.6:  85.95222,-17.75022,188.5
4.62:  85.91546,-17.99615,188.5
4.63:  85.87846,-18.24373,188.5
4.65:  85.84148,-18.49116,188.5
4.67:  85.80449,-18.73869,188.5
4.68:  85.7676,-18.9855,188.5
4.7:  85.73059,-19.23315,188.5
4.72:  85.69369,-19.48005,188.5
4.73:  85.65679,-19.72695,188.5
4.75:  85.61949,-19.97651,188.5
4.77:  85.58282,-20.22192,188.5
4.78:  85.54581,-20.46954,188.5
4.8:  85.50883,-20.71694,188.5
4.82:  85.47205,-20.96305,188.5
4.83:  85.43497,-21.21114,188.5
4.85:  85.39794,-21.45893,188.5
4.87:  85.3611,-21.70547,188.5
4.88:  85.32405,-21.95334,188.5
4.9:  85.28718,-22.20008,188.5
4.92:  85.25018,-22.44759,188.5
4.93:  85.21349,-22.69313,188.5
4.95:  85.1762,-22.94265,188.5
4.97:  85.13929,-23.18961,188.5
4.98:  85.10231,-23.43706,188.5
5:  85.06539,-23.68408,188.5
5.02:  85.02843,-23.93134,188.5
5.03:  84.9916,-24.17786,188.5
5.05:  84.95462,-24.42527,188.5
5.07:  84.91765,-24.67263,188.5
5.08:  84.88059,-24.92061,188.5
5.1:  84.84379,-25.16685,188.5
5.12:  84.80682,-25.41427,188.5
5.13:  84.76991,-25.66121,188.5
5.15:  84.73286,-25.9091,188.5
5.17:  84.69621,-26.15431,188.5
5.18:  84.65911,-26.40255,188.5
5.2:  84.62199,-26.65094,188.5
5.22:  84.58509,-26.89783,188.5
5.23:  84.54796,-27.14629,188.5
5.25:  84.51111,-27.39289,188.5
5.27:  84.47427,-27.63937,188.5
5.28:  84.43719,-27.88746,188.5
5.3:  84.40021,-28.13495,188.5
5.32:  84.36318,-28.38265,188.5
5.33:  84.32632,-28.62928,188.5
5.35:  84.28931,-28.87696,188.5
5.37:  84.25238,-29.12408,188.5
5.38:  84.21555,-29.37052,188.5
5.4:  84.17892,-29.61555,188.5
5.42:  84.14168,-29.8648,188.5
5.43:  84.10519,-30.10891,188.5
5.45:  84.06776,-30.35936,188.5
5.47:  84.03088,-30.60612,188.5
5.48:  83.99372,-30.85479,188.5
5.5:  83.95676,-31.10209,188.5
5.52:  83.91991,-31.34865,188.5
5.53:  83.88283,-31.5968,188.5
5.55:  83.84544,-31.84401,188.6
5.57:  83.80723,-32.09084,188.8
5.58:  83.76724,-32.33771,189.2
5.6:  83.7259,-32.58479,189.5
5.62:  83.68272,-32.83217,189.9
5.63:  83.63826,-33.07684,190.3
5.65:  83.59239,-33.3196,190.7
5.67:  83.54368,-33.56786,191.1
5.68:  83.49419,-33.80898,191.6
5.7:  83.44198,-34.05674,191.9
5.72:  83.38943,-34.30184,192.1
5.73:  83.3488,-34.549,192.2
5.75:  83.32051,-34.79704,192.2
5.77:  83.30431,-35.04701,192.2
5.78:  83.30049,-35.31172,192.2
5.8:  83.30875,-35.56585,192.2
5.82:  83.32917,-35.82459,192.2
5.83:  83.36173,-36.08634,192.2
5.85:  83.4061,-36.34926,192.2
5.87:  83.46359,-36.61924,192.2
5.88:  83.53188,-36.88657,192.2
5.9:  83.6144,-37.16328,192.2
5.92:  83.70801,-37.43897,192.2
5.93:  83.8136,-37.71679,192.2
5.95:  83.93197,-37.99864,192.2
5.97:  84.06279,-38.28352,192.2
5.98:  84.20541,-38.57012,192.2
6:  84.36016,-38.85921,192.2
6.02:  84.50331,-39.14698,192.2
6.03:  84.63261,-39.42846,192.2
6.05:  84.75177,-39.71218,192.2
6.07:  84.85687,-39.98846,192.2
6.08:  84.95076,-40.2648,192.2
6.1:  85.03267,-40.5395,192.2
6.12:  85.10183,-40.8096,192.2
6.13:  85.15901,-41.07812,192.2
6.15:  85.20387,-41.3435,192.2
6.17:  85.23652,-41.60607,192.2
6.18:  85.25698,-41.86639,192.2
6.2:  85.26522,-42.12383,192.2
6.22:  85.26122,-42.37916,192.2
6.23:  85.245,-42.63151,192.2
6.25:  85.21644,-42.88189,192.2
6.27:  85.17584,-43.12846,192.2
6.28:  85.12309,-43.37243,192.2
6.3:  85.07025,-43.61476,192.3
6.32:  85.01568,-43.86092,192.5
6.33:  84.96054,-44.10166,192.9
6.35:  84.89732,-44.35907,193.8
6.37:  84.83556,-44.58953,195
6.38:  84.76283,-44.82894,196.9
6.4:  84.67981,-45.06601,199.3
6.42:  84.58885,-45.29691,201.5
6.43:  84.48917,-45.52616,203.5
6.45:  84.38311,-45.75257,205.1
6.47:  84.26925,-45.97508,207.1
6.48:  84.15173,-46.19516,208.1
6.5:  84.02923,-46.41436,209.2
6.52:  83.90187,-46.62971,210.6
6.53:  83.77885,-46.84772,212.3
6.55:  83.66048,-47.06847,213.9
6.57:  83.54554,-47.29328,215.6
6.58:  83.43696,-47.52286,216.6
6.6:  83.33317,-47.76083,217.6
6.62:  83.23641,-48.00126,218.6
6.63:  83.14378,-48.25156,219.6
6.65:  83.05689,-48.50688,220.6
6.67:  82.9735,-48.76698,222
6.68:  82.89351,-49.03461,223.2
6.7:  82.81783,-49.31162,224.1
6.72:  82.74689,-49.59092,225.2
6.73:  82.6786,-49.88244,226.2
6.75:  82.61639,-50.17662,226.9
6.77:  82.55657,-50.48936,227.7
6.78:  82.50165,-50.80241,228.6
6.8:  82.4502,-51.12107,229.5
6.82:  82.4007,-51.45963,230.3
6.83:  82.3539,-51.80263,231.3
6.85:  82.31937,-52.14698,232.2
6.87:  82.29106,-52.47681,232.9
6.88:  82.26532,-52.81823,234
6.9:  82.24496,-53.12861,235.1
6.92:  82.22512,-53.43633,236.8
6.93:  82.20689,-53.7439,238.4
6.95:  82.19061,-54.04351,240.1
6.97:  82.17365,-54.3309,242.4
6.98:  82.15856,-54.61757,244.2
7:  82.13732,-54.89542,247.8
7.02:  82.12041,-55.1689,249.3
7.03:  82.1058,-55.43806,251.3
7.05:  82.09702,-55.70252,252.6
7.07:  82.09241,-55.96337,254.3
7.08:  82.09451,-56.22208,255.5
7.12:  82.10364,-56.48027,256.7
7.13:  82.12402,-56.73985,257.1
7.15:  82.15392,-56.97727,257.1
7.17:  82.19684,-57.22091,257.1
7.18:  82.25307,-57.46681,257.1
7.2:  82.3084,-57.70842,257.1
7.22:  82.36465,-57.95403,257.1
7.23:  82.42046,-58.19765,257.1
7.25:  82.47629,-58.44143,257.1
7.27:  82.53223,-58.6857,257.1
7.28:  82.53223,-58.6857,257.1
7.3:  82.52947,-58.67366,257.1
7.32:  82.52404,-58.64973,257.2
7.33:  82.51607,-58.61348,257.6
7.35:  82.50548,-58.56409,257.9
7.37:  82.49203,-58.49971,258.2
7.38:  82.47677,-58.42665,258.2
7.4:  82.46014,-58.34423,258.6
7.42:  82.4417,-58.24468,259.5
7.43:  82.42786,-58.13357,262.9
7.45:  82.41848,-58.00883,265.7
7.47:  82.41559,-57.87099,268.8
7.48:  82.42268,-57.72055,272.7
7.5:  82.44106,-57.55931,276.5
7.52:  82.47509,-57.38743,281.2
7.53:  82.53527,-57.20963,288.7
7.55:  82.61633,-57.02757,294
7.57:  82.71854,-56.84089,298.7
7.58:  82.8403,-56.65122,302.7
7.6:  82.9813,-56.46205,306.7
7.62:  83.13358,-56.26157,310.1
7.63:  83.29321,-56.06776,315.2
7.65:  83.45502,-55.87541,318.6
7.67:  83.61689,-55.67753,320.6
7.68:  83.77426,-55.47362,321.7
7.7:  83.92569,-55.26131,322.2
7.72:  84.06975,-55.03867,322.2
7.73:  84.20613,-54.80614,322.2
7.75:  84.32542,-54.57025,322.2
7.77:  84.42563,-54.3359,322.2
7.78:  84.50962,-54.09584,322.2
7.8:  84.57555,-53.85535,322.2
7.82:  84.62464,-53.61133,322.3
7.83:  84.65816,-53.36657,322.8
7.85:  84.68193,-53.12171,324.6
7.87:  84.69408,-52.86877,325.9
7.88:  84.69453,-52.61657,327.2
7.9:  84.68494,-52.35991,328.8
7.92:  84.66809,-52.09666,331
7.93:  84.64645,-51.83146,333.5
7.95:  84.62479,-51.56357,336.1
7.97:  84.6115,-51.30251,340.4
7.98:  84.59648,-51.04693,342.6
8:  84.57472,-50.79263,343.8
8.02:  84.54352,-50.54129,344.4
8.03:  84.50282,-50.29696,344.8
8.05:  84.4505,-50.04941,345.2
8.07:  84.38786,-49.80541,345.6
8.08:  84.32664,-49.56349,345.8
8.1:  84.26591,-49.3217,345.9
8.12:  84.20542,-49.0791,346
8.13:  84.14599,-48.83895,346.1
8.15:  84.08584,-48.5922,346.3
8.17:  84.02691,-48.35046,346.3
8.18:  83.96812,-48.10746,346.4
8.2:  83.90962,-47.86565,346.4
8.22:  83.85072,-47.62217,346.4
8.23:  83.79197,-47.37934,346.4
8.25:  83.73335,-47.13701,346.4
8.27:  83.67418,-46.89246,346.4
8.28:  83.61579,-46.65111,346.4
8.3:  83.55665,-46.4085,346.3
8.32:  83.49675,-46.16279,346.3
8.34:  83.43813,-45.92228,346.3
8.35:  83.3755,-45.66921,346.1
8.37:  83.31319,-45.42657,345.6
8.38:  83.25267,-45.19586,345.3
8.4:  83.18768,-44.95331,345
8.42:  83.12237,-44.71125,344.9
8.43:  83.05618,-44.47098,344.6
8.45:  82.98808,-44.22867,344.3
8.47:  82.9189,-43.989,343.9
8.48:  82.84721,-43.74855,343.4
8.5:  82.77499,-43.51229,343
8.52:  82.69953,-43.27152,342.6
8.53:  82.62415,-43.03532,342.3
8.55:  82.54613,-42.79522,342
8.57:  82.46712,-42.55904,341.5
8.58:  82.38534,-42.32288,340.9
8.6:  82.30251,-42.08767,340.6
8.62:  82.2188,-41.8513,340.5
8.63:  82.13539,-41.61575,340.5
8.65:  82.05248,-41.38163,340.5
8.67:  81.96836,-41.14407,340.5
8.68:  81.88547,-40.91,340.5
8.7:  81.80171,-40.67348,340.5
8.72:  81.71834,-40.43804,340.5
8.73:  81.6349,-40.2024,340.5
8.75:  81.55207,-39.9685,340.5
8.77:  81.46781,-39.73057,340.5
8.78:  81.38585,-39.49912,340.5
8.8:  81.30177,-39.26299,340.4
8.82:  81.21761,-39.02663,340.4
8.83:  81.13311,-38.78933,340.4
8.85:  81.04879,-38.55383,340.3
8.87:  80.96354,-38.31704,340.2
8.88:  80.87837,-38.08177,340.1
8.9:  80.79289,-37.84819,339.9
8.92:  80.70513,-37.61346,339.5
8.93:  80.61455,-37.38113,338.7
8.95:  80.51577,-37.14383,337.4
8.97:  80.41679,-36.91941,336.2
8.98:  80.30935,-36.69416,334.5
9:  80.19555,-36.47367,332.7
9.02:  80.0787,-36.25574,331.8
9.03:  79.9566,-36.03547,331
9.05:  79.8425,-35.81074,330.2
9.07:  79.73574,-35.58359,329.1
9.08:  79.636,-35.35275,328.1
9.1:  79.54,-35.1148,326.7
9.12:  79.44868,-34.87511,325.1
9.13:  79.36076,-34.62951,323.6
9.15:  79.27562,-34.37797,322
9.17:  79.19326,-34.12122,320.4
9.18:  79.11433,-33.8592,319
9.2:  79.03709,-33.59027,317.4
9.22:  78.96229,-33.31449,316
9.23:  78.88572,-33.03965,313.5
9.25:  78.80933,-32.74815,312.3
9.27:  78.7354,-32.44947,311.1
9.28:  78.66127,-32.14587,309.4
9.3:  78.58694,-31.83475,307.9
9.32:  78.51012,-31.51549,306.1
9.33:  78.42261,-31.19138,302.9
9.35:  78.3259,-30.85988,300.2
9.37:  78.22131,-30.52201,297.8
9.38:  78.10001,-30.19409,294.7
9.4:  77.96194,-29.86402,292.3
9.42:  77.81136,-29.54546,289.7
9.43:  77.63975,-29.23588,286
9.45:  77.4529,-28.93685,283
9.47:  77.25082,-28.64394,280.4
9.48:  77.04023,-28.3614,278.3
9.5:  76.82137,-28.09016,276.1
9.52:  76.58815,-27.81806,274.4
9.53:  76.34438,-27.56027,271.6
9.55:  76.09608,-27.31112,270.1
9.57:  75.83826,-27.06645,268.5
9.58:  75.58161,-26.83045,267.6
9.6:  75.31268,-26.59251,266.5
9.62:  75.0453,-26.36253,265.7
9.63:  74.77391,-26.13643,264.8
9.65:  74.50174,-25.91047,264.7
9.67:  74.22906,-25.68489,264.6
9.68:  73.95913,-25.46158,264.6
9.7:  73.68554,-25.23524,264.6
9.72:  73.40504,-25.01624,264.5
9.73:  73.14365,-24.8229,264.5
9.75:  72.87495,-24.63568,264.5
9.77:  72.60627,-24.46013,264.5
9.78:  72.33836,-24.29746,264.4
9.8:  72.0758,-24.14946,264.4
9.82:  71.80786,-24.01046,264.4
9.83:  71.54581,-23.88621,264.4
9.85:  71.28264,-23.77337,264.4
9.87:  71.02238,-23.67363,264.4
9.88:  70.76205,-23.58588,264.4
9.9:  70.50269,-23.51056,264.4
9.92:  70.24894,-23.44863,264.4
9.93:  69.9898,-23.39781,264.4
9.95:  69.7356,-23.36009,264.4
9.97:  69.4846,-23.33484,264.4
9.98:  69.22877,-23.32176,264.4
10:  68.97875,-23.32123,264.4
10.02:  68.7308,-23.33294,264.4
10.03:  68.47898,-23.35763,264.4
10.05:  68.22986,-23.38162,264.5
10.07:  67.98016,-23.40566,264.5
10.08:  67.73293,-23.42904,264.6
10.1:  67.48178,-23.45277,264.6
10.12:  67.23257,-23.47545,264.8
10.13:  66.98474,-23.49714,265
10.15:  66.73484,-23.51812,265.2
10.17:  66.48598,-23.53815,265.4
10.18:  66.23788,-23.55724,265.6
10.2:  65.98701,-23.57566,265.8
10.22:  65.73778,-23.59309,266
10.24:  65.48914,-23.61004,266.1
10.25:  65.22971,-23.62727,266.2
10.27:  64.994,-23.64292,266.2
10.28:  64.73927,-23.65984,266.2
10.3:  64.49231,-23.67625,266.2
10.32:  64.24218,-23.69286,266.2
10.33:  63.99331,-23.70939,266.2
10.35:  63.74279,-23.72603,266.2
10.37:  63.4935,-23.74259,266.2
10.38:  63.23817,-23.75955,266.2
10.4:  62.99427,-23.77575,266.2
10.42:  62.74545,-23.79227,266.2
10.43:  62.49778,-23.80872,266.2
10.45:  62.23975,-23.82586,266.2
10.47:  61.99493,-23.84212,266.2
10.48:  61.74596,-23.85866,266.2
10.5:  61.49839,-23.8751,266.2
10.52:  61.24635,-23.8914,266.3
10.53:  60.99954,-23.90736,266.3
10.55:  60.74941,-23.9231,266.4
10.57:  60.50005,-23.93835,266.5
10.58:  60.25042,-23.95274,266.7
10.6:  60.00111,-23.96581,267
10.62:  59.75032,-23.97676,267.5
10.63:  59.50385,-23.98451,268.2
10.65:  59.25509,-23.98972,268.8
10.67:  59.00049,-23.99283,269.3
10.68:  58.75101,-23.99413,269.7
10.7:  58.50121,-23.99457,269.9
10.72:  58.25048,-23.99457,270
10.73:  58.00236,-23.99457,270
10.75:  57.75129,-23.99457,270
10.77:  57.50149,-23.99457,270
10.78:  57.25183,-23.99457,270
10.8:  57.00069,-23.99457,270
10.82:  56.75095,-23.99457,270
10.83:  56.50083,-23.99457,270
10.85:  56.25053,-23.99457,270
10.87:  56.00057,-23.99457,270
10.88:  55.75138,-23.99457,270
10.9:  55.50201,-23.99457,270
10.92:  55.25173,-23.99457,270
10.93:  55.00325,-23.99457,270
10.95:  54.75221,-23.99457,270
10.97:  54.50077,-23.99457,270
10.98:  54.24447,-23.99457,270
11:  53.99942,-23.99457,270
11.02:  53.74925,-23.99195,270.6
11.03:  53.50141,-23.98546,271.5
11.05:  53.25099,-23.97409,272.6
11.07:  53.00068,-23.96141,272.9
11.08:  52.75374,-23.9489,272.9
11.1:  52.50274,-23.93619,272.9
11.12:  52.2534,-23.92356,272.9
11.13:  52.00451,-23.91095,272.9
11.15:  51.75346,-23.89823,272.9
11.17:  51.50487,-23.88564,272.9
11.18:  51.25489,-23.87298,272.9
11.2:  51.00503,-23.86032,272.9
11.22:  50.75573,-23.84769,272.9
11.23:  50.50593,-23.83504,272.9
11.25:  50.25491,-23.82232,272.9
11.27:  50.00598,-23.80971,272.9
11.28:  49.75595,-23.79704,272.9
11.3:  49.50562,-23.78436,272.9
11.32:  49.25581,-23.77171,272.9
11.33:  49.00591,-23.75905,272.9
11.35:  48.75629,-23.7464,272.9
11.37:  48.50697,-23.73377,272.9
11.38:  48.25877,-23.7212,272.9
11.4:  48.00863,-23.70853,272.9
11.42:  47.75904,-23.69589,272.9
11.43:  47.50978,-23.68326,272.9
11.45:  47.25933,-23.67057,272.9
11.47:  47.01319,-23.6581,272.9
11.48:  46.7598,-23.64527,272.9
11.5:  46.51303,-23.63277,272.9
11.52:  46.26134,-23.62002,272.9
11.53:  46.01052,-23.60731,272.9
11.55:  45.76034,-23.59464,272.9
11.57:  45.51191,-23.58205,272.9
11.58:  45.26543,-23.56957,272.9
11.6:  45.01205,-23.55673,272.9
11.62:  44.76189,-23.54406,272.9
11.63:  44.51299,-23.53145,272.9
11.65:  44.26281,-23.51878,272.9
11.67:  44.01728,-23.50634,272.9
11.68:  43.76828,-23.49373,272.9
11.7:  43.51484,-23.48089,272.9
11.72:  43.26348,-23.46815,272.9
11.73:  43.01492,-23.45556,272.9
11.75:  42.76517,-23.44291,272.9
11.77:  42.51571,-23.43027,272.9
11.78:  42.26673,-23.41766,272.9
11.8:  42.01575,-23.40495,272.9
11.82:  41.7694,-23.39247,272.9
11.83:  41.51023,-23.37934,272.9
11.85:  41.26107,-23.36672,272.9
11.87:  41.01575,-23.35429,272.9
11.88:  40.76753,-23.34259,272.7
11.9:  40.51876,-23.33129,272.5999
11.92:  40.26709,-23.3203,272.4999
11.94:  40.01954,-23.31122,272.1
11.95:  39.75962,-23.3026,271.9
11.97:  39.5132,-23.29486,271.8
11.98:  39.26693,-23.28755,271.7
12:  39.01872,-23.28105,271.4999
12.02:  38.76585,-23.27664,270.9999
12.03:  38.51684,-23.27446,270.4999
12.05:  38.26816,-23.27446,269.9999
12.07:  38.01773,-23.27665,269.4999
12.08:  37.76837,-23.281,268.9999
12.1:  37.51851,-23.28711,268.5999
12.12:  37.26735,-23.295,268.2
12.13:  37.01911,-23.30411,267.9
12.15:  36.76802,-23.31463,267.5999
12.17:  36.51952,-23.32504,267.5999
12.18:  36.27044,-23.33549,267.5999
12.2:  36.02173,-23.34591,267.5999
12.22:  35.77254,-23.35635,267.5999
12.23:  35.52016,-23.36693,267.5999
12.25:  35.26976,-23.37874,267.3
12.27:  35.01278,-23.39176,267.0999
12.28:  34.77138,-23.40399,267.0999
12.3:  34.52206,-23.41662,267.0999
12.32:  34.27182,-23.42929,267.0999
12.33:  34.02367,-23.44187,267.0999
12.35:  33.77244,-23.45459,267.0999
12.37:  33.52262,-23.46725,267.0999
12.38:  33.27212,-23.47994,267.0999
12.4:  33.02348,-23.49253,267.0999
12.42:  32.77436,-23.50515,267.0999
12.43:  32.52448,-23.51781,267.0999
12.45:  32.27542,-23.53043,267.0999
12.47:  32.02825,-23.54295,267.0999
12.48:  31.77492,-23.55578,267.0999
12.5:  31.52592,-23.5684,267.0999
12.52:  31.27616,-23.58105,267.0999
12.53:  31.02607,-23.59372,267.0999
12.55:  30.77702,-23.60634,267.0999
12.57:  30.52641,-23.61903,267.0999
12.58:  30.27791,-23.63162,267.0999
12.6:  30.02639,-23.64436,267.0999
12.62:  29.77775,-23.65696,267.0999
12.63:  29.52835,-23.66959,267.0999
12.65:  29.27766,-23.68229,267.0999
12.67:  29.02828,-23.69493,267.0999
12.68:  28.77834,-23.70759,267.0999
12.7:  28.5294,-23.7202,267.0999
12.72:  28.28174,-23.73274,267.0999
12.73:  28.02948,-23.74552,267.0999
12.75:  27.77323,-23.7585,267.0999
12.77:  27.52764,-23.77095,267.0999
12.78:  27.27991,-23.78349,267.0999
12.8:  27.03076,-23.79612,267.0999
12.82:  26.78093,-23.80877,267.0999
12.83:  26.53257,-23.82136,267.0999
12.85:  26.28139,-23.83408,267.0999
12.87:  26.03302,-23.84666,267.0999
12.88:  25.77498,-23.85973,267.0999
12.9:  25.53,-23.87214,267.0999
12.92:  25.28046,-23.88478,267.0999
12.93:  25.03412,-23.89726,267.0999
12.95:  24.77856,-23.91021,267.0999
12.97:  24.53363,-23.92262,267.0999
12.98:  24.28492,-23.93522,267.0999
13:  24.03514,-23.94787,267.0999
13.02:  23.78949,-23.96032,267.0999
13.03:  23.53543,-23.97319,267.0999
13.05:  23.28599,-23.98582,267.0999
13.07:  23.03626,-23.99847,267.0999
13.08:  22.78671,-24.01112,267.0999
13.1:  22.53658,-24.02379,267.0999
13.12:  22.28771,-24.03639,267.0999
13.13:  22.03907,-24.04899,267.0999
13.15:  21.79098,-24.06156,267.0999
13.17:  21.54174,-24.07418,267.0999
13.18:  21.2894,-24.08697,267.0999
13.2:  21.03859,-24.09967,267.0999
13.22:  20.78804,-24.11237,267.0999
13.23:  20.53779,-24.12504,267.0999
13.25:  20.28696,-24.13775,267.0999
13.27:  20.03935,-24.15029,267.0999
13.28:  19.78983,-24.16337,266.9999
13.3:  19.54121,-24.1764,266.9999
13.32:  19.29213,-24.18946,266.9999
13.33:  19.04192,-24.20257,266.9999
13.35:  18.79435,-24.21554,266.9999
13.37:  18.54078,-24.22883,266.9999
13.38:  18.29341,-24.2418,266.9999
13.4:  18.04214,-24.25496,266.9999
13.42:  17.79284,-24.26803,266.9999
13.43:  17.54603,-24.28097,266.9999
13.45:  17.28786,-24.29449,266.9999
13.47:  17.0433,-24.30731,266.9999
13.48:  16.79454,-24.32035,266.9999
13.5:  16.54452,-24.33345,266.9999
13.52:  16.29574,-24.34649,266.9999
13.53:  16.04452,-24.35966,266.9999
13.55:  15.79657,-24.37265,266.9999
13.57:  15.54661,-24.38575,266.9999
13.58:  15.29734,-24.39882,266.9999
13.6:  15.05056,-24.41175,266.9999
13.62:  14.79685,-24.42505,266.9999
13.63:  14.54882,-24.43805,266.9999
13.65:  14.29893,-24.45114,266.9999
13.67:  14.05171,-24.4641,266.9999
13.68:  13.79918,-24.47733,266.9999
13.7:  13.54881,-24.49045,266.9999
13.72:  13.29929,-24.50353,266.9999
13.73:  13.04996,-24.51616,267.0999
13.75:  12.79875,-24.52845,267.2
13.77:  12.5506,-24.54059,267.2
13.78:  12.3003,-24.55239,267.3
13.8:  12.05109,-24.56327,267.4999
13.82:  11.78992,-24.5733,267.7999
13.83:  11.5441,-24.58189,267.9999
13.85:  11.29919,-24.58916,268.3
13.87:  11.04981,-24.59569,268.4999
13.88:  10.80391,-24.6017,268.5999
13.9:  10.55383,-24.6065,268.9
13.92:  10.30115,-24.60959,269.3
13.94:  10.05204,-24.60915,270.0999
13.95:  9.792303,-24.60598,270.7
13.97:  9.545851,-24.59953,271.4999
13.98:  9.296209,-24.58863,272.4999
14:  9.04951,-24.56921,274.4999
14.02:  8.801076,-24.54178,276.2999
14.03:  8.555938,-24.50164,279.2999
14.05:  8.315336,-24.43942,284.4999
14.07:  8.07785,-24.36134,288.2
14.08:  7.848598,-24.26497,292.7999
14.1:  7.625256,-24.14821,297.5999
14.12:  7.414057,-24.01314,302.5999
14.13:  7.216319,-23.86359,307.0999
14.15:  7.031629,-23.69376,312.5999
14.17:  6.870262,-23.50145,319.9999
14.18:  6.739501,-23.28842,325.5999
14.2:  6.638431,-23.05929,330.4999
14.23:  6.564564,-22.81739,334.4999
14.25:  6.514365,-22.5596,337.5999
14.27:  6.483495,-22.30466,338.9999
14.28:  6.467844,-22.04589,339.7999
14.3:  6.46736,-21.78463,340.5999
14.32:  6.465076,-21.52328,342.7999
14.33:  6.467984,-21.26683,346.5999
14.35:  6.483655,-21.01219,352.2
14.37:  6.510618,-20.76237,357.5999
14.39:  6.548928,-20.51696,3.099938
14.4:  6.608813,-20.26135,10.39994
14.42:  6.668727,-20.02629,14.29994
14.43:  6.732192,-19.78523,17.59994
14.45:  6.798886,-19.54314,21.09994
14.47:  6.863079,-19.31256,24.49994
14.48:  6.919519,-19.08973,26.69994
14.5:  6.971031,-18.87209,29.69994
14.52:  7.009449,-18.66148,30.89994
14.53:  7.038179,-18.45616,32.99994
14.55:  7.059292,-18.25934,35.79994
14.57:  6.970996,-18.18655,39.49994
14.59:  6.87211,-18.10477,45.39994
14.6:  6.763021,-18.01368,50.29994
14.62:  6.659986,-17.93025,55.89994
14.63:  6.567674,-17.85655,62.39995
14.65:  6.472542,-17.78537,68.59995
14.67:  6.375794,-17.71966,74.59995
14.68:  6.279528,-17.6556,82.79994
14.7:  6.176839,-17.60053,85.79994
14.72:  6.062593,-17.55397,87.79994
14.73:  5.937154,-17.51752,89.09994
14.75:  5.799921,-17.49112,90.19994
14.77:  5.649849,-17.47428,91.29994
14.78:  5.488092,-17.46657,92.39994
14.8:  5.313497,-17.4565,93.29994
14.82:  5.107958,-17.44501,93.19994
14.83:  4.926507,-17.43518,93.09994
14.85:  4.713711,-17.42403,92.99994
14.87:  4.488512,-17.41223,92.99994
14.88:  4.251889,-17.39858,93.29994
14.9:  4.027056,-17.38444,93.59994
14.92:  3.816315,-17.37118,93.59994
14.94:  3.612656,-17.37097,93.69994
14.95:  3.391049,-17.38328,93.69994
14.97:  3.175143,-17.40481,93.79994
14.98:  2.935358,-17.41366,93.89993
15:  2.687056,-17.40926,93.89993
15.02:  2.438819,-17.39248,93.89993
15.03:  2.189171,-17.37589,93.79994
15.05:  1.939193,-17.36017,93.59994
15.07:  1.691693,-17.34546,93.39993
15.08:  1.439148,-17.33046,93.39993
15.1:  1.1904,-17.31481,93.59993
15.12:  0.9409268,-17.29824,93.79993
15.13:  0.689626,-17.28155,93.79993
15.15:  0.4416913,-17.26552,93.69993
15.17:  0.1922275,-17.25026,93.49994
15.18:  -0.05736901,-17.23587,93.29993
15.2:  -0.305896,-17.22284,92.99994
15.22:  -0.5574345,-17.21318,92.19994
15.23:  -0.8083529,-17.20749,91.29994
15.25:  -1.056283,-17.20186,91.29994
15.27:  -1.305916,-17.1962,91.29994
15.28:  -1.555849,-17.19052,91.29994
15.3:  -1.801603,-17.18495,91.29994
15.32:  -2.055868,-17.17918,91.29994
15.33:  -2.306815,-17.17348,91.29994
15.35:  -2.554564,-17.16786,91.29994
15.37:  -2.805605,-17.16216,91.29994
15.38:  -3.052696,-17.15656,91.29994
15.4:  -3.310954,-17.1507,91.29994
15.42:  -3.557706,-17.1451,91.29994
15.43:  -3.807482,-17.13943,91.29994
15.45:  -4.057398,-17.13376,91.29994
15.47:  -4.306138,-17.12811,91.29994
15.48:  -4.544391,-17.12271,91.29994
15.5:  -4.767789,-17.11764,91.29994
15.52:  -4.980876,-17.1128,91.29994
15.53:  -4.980876,-17.1128,91.29994
15.55:  -4.968463,-17.11308,91.29994
15.57:  -4.943346,-17.11365,91.29994
15.58:  -4.905961,-17.1145,91.29994
15.6:  -4.856055,-17.11563,91.29994
15.62:  -4.793542,-17.11705,91.29994
15.63:  -4.718445,-17.11876,91.29994
15.65:  -4.630932,-17.12074,91.29994
15.67:  -4.531276,-17.123,91.29994
15.68:  -4.418763,-17.12556,91.29994
15.7:  -4.293763,-17.1284,91.29994
15.72:  -4.156331,-17.13151,91.29994
15.73:  -4.006606,-17.13491,91.29994
15.75:  -3.84428,-17.13859,91.29994
15.77:  -3.668768,-17.14258,91.29994
15.78:  -3.483857,-17.14677,91.29994
15.8:  -3.282168,-17.15135,91.29994
15.82:  -3.069272,-17.15618,91.29994
15.83:  -2.846693,-17.16123,91.29994
15.85:  -2.607514,-17.16916,91.89994
15.87:  -2.357784,-17.184,93.39994
15.88:  -2.108745,-17.20798,95.49994
15.9:  -1.860915,-17.24105,97.59994
15.92:  -1.613302,-17.28115,99.19994
15.93:  -1.367678,-17.3289,100.9999
15.95:  -1.126282,-17.38552,103.1999
15.97:  -0.8833751,-17.45106,105.0999
15.98:  -0.6471489,-17.52373,107.0999
16:  -0.4090869,-17.60616,109.0999
16.02:  -0.1738592,-17.69599,110.8999
16.03:  0.05666734,-17.7896,112.0999
16.05:  0.287332,-17.88561,112.5999
16.07:  0.5188317,-17.98198,112.5999
16.08:  0.7518477,-18.0785,112.4999
16.1:  0.9807423,-18.17284,112.3999
16.12:  1.212841,-18.26756,112.1999
16.13:  1.444853,-18.35988,111.6999
16.15:  1.67542,-18.44885,111.0999
16.17:  1.910932,-18.53784,110.6999
16.18:  2.146524,-18.62453,110.1999
16.2:  2.378345,-18.70662,109.4999
16.22:  2.619191,-18.78487,107.9999
16.23:  2.859623,-18.85518,106.2999
16.25:  3.101029,-18.91716,104.3999
16.27:  3.345392,-18.97492,103.2999
16.28:  3.588735,-19.02932,102.5999
16.3:  3.833917,-19.08323,102.3999
16.32:  4.078794,-19.13662,102.2999
16.33:  4.318816,-19.18895,102.2999
16.35:  4.565337,-19.2427,102.2999
16.37:  4.811409,-19.29635,102.2999
16.38:  5.053499,-19.34913,102.2999
16.4:  5.299687,-19.40281,102.2999
16.42:  5.542259,-19.4557,102.2999
16.43:  5.786451,-19.50894,102.2999
16.45:  6.028738,-19.56177,102.2999
16.47:  6.274518,-19.61536,102.2999
16.48:  6.517257,-19.66828,102.2999
16.5:  6.763751,-19.72203,102.2999
16.52:  7.005753,-19.77479,102.2999
16.53:  7.252112,-19.82851,102.2999
16.55:  7.495023,-19.88147,102.2999
16.57:  7.741329,-19.93517,102.2999
16.58:  7.98283,-19.98783,102.2999
16.6:  8.228874,-20.04058,102.0999
16.62:  8.476988,-20.09196,101.6999
16.63:  8.720161,-20.14143,101.4999
16.65:  8.96598,-20.18966,101.0999
16.67:  9.211596,-20.23651,100.7999
16.68:  9.464242,-20.2797,99.69992
16.7:  9.701479,-20.316,98.69992
16.72:  9.951421,-20.34669,96.99992
16.73:  10.19797,-20.37086,95.59992
16.75:  10.45061,-20.39119,94.59992
16.77:  10.69757,-20.40846,93.99992
16.78:  10.94913,-20.42472,93.69992
16.8:  11.19606,-20.43983,93.49992
16.82:  11.44567,-20.45509,93.49992
16.83:  11.69423,-20.47029,93.49992
16.85:  11.94623,-20.48571,93.49992
16.87:  12.1975,-20.50108,93.49992
16.88:  12.44535,-20.51624,93.49992
16.9:  12.69634,-20.53159,93.49992
16.92:  12.94517,-20.5468,93.49992
16.93:  13.19698,-20.5622,93.49992
16.95:  13.44365,-20.57729,93.49992
16.97:  13.69578,-20.59271,93.49992
16.98:  13.94324,-20.60785,93.49992
17:  14.19208,-20.62307,93.49992
17.02:  14.44341,-20.63844,93.49992
17.03:  14.69169,-20.65362,93.49992
17.05:  14.93908,-20.66875,93.49992
17.07:  15.19112,-20.68417,93.49992
17.08:  15.44087,-20.69944,93.49992
17.1:  15.68965,-20.71466,93.49992
17.12:  15.93988,-20.72953,93.39993
17.13:  16.18862,-20.7443,93.39993
17.15:  16.44003,-20.75924,93.39993
17.17:  16.6881,-20.77398,93.39993
17.18:  16.93846,-20.78885,93.39993
17.2:  17.1869,-20.80361,93.39993
17.22:  17.4381,-20.81853,93.39993
17.23:  17.68729,-20.83334,93.39993
17.25:  17.9331,-20.84794,93.39993
17.27:  18.18549,-20.86294,93.39993
17.28:  18.43533,-20.87778,93.39993
17.3:  18.68569,-20.89265,93.39993
17.32:  18.93449,-20.90743,93.39993
17.33:  19.18501,-20.92232,93.39993
17.35:  19.43431,-20.93669,93.29993
17.37:  19.68092,-20.95091,93.29993
17.38:  19.93314,-20.96457,93.09992
17.4:  20.18336,-20.97637,92.69993
17.42:  20.43328,-20.98597,92.19994
17.43:  20.68596,-20.9895,90.79993
17.45:  20.93259,-20.98649,89.29993
17.47:  21.1833,-20.97817,88.09993
17.48:  21.43209,-20.96469,86.89993
17.5:  21.67945,-20.9474,85.99993
17.52:  21.93406,-20.92736,85.49993
17.53:  22.1769,-20.90739,85.29993
17.55:  22.42541,-20.88652,85.19993
17.57:  22.67467,-20.86559,85.19993
17.58:  22.92817,-20.84431,85.19993
17.6:  23.17494,-20.82359,85.19993
17.62:  23.4259,-20.80251,85.19993
17.63:  23.6737,-20.7817,85.19993
17.65:  23.92365,-20.76071,85.19993
17.67:  24.17243,-20.73982,85.19993
17.68:  24.42304,-20.71878,85.19993
17.7:  24.66832,-20.69818,85.19993
17.72:  24.92032,-20.67702,85.19993
17.73:  25.17013,-20.65604,85.19993
17.75:  25.41417,-20.63555,85.19993
17.77:  25.66586,-20.61441,85.19993
17.78:  25.91658,-20.59336,85.19993
17.8:  26.16619,-20.5724,85.19993
17.82:  26.41506,-20.5515,85.19993
17.83:  26.66761,-20.53029,85.19993
17.85:  26.91297,-20.50969,85.19993
17.87:  27.16326,-20.48867,85.19993
17.88:  27.41101,-20.46787,85.19993
17.9:  27.66068,-20.4469,85.19993
17.92:  27.91035,-20.42725,85.49993
17.93:  28.16185,-20.40922,85.89993
17.95:  28.40725,-20.39464,86.59994
17.97:  28.65822,-20.38281,87.29993
17.98:  28.91361,-20.37344,87.89993
18:  29.15553,-20.36753,88.59993
18.02:  29.40774,-20.36401,89.19993
18.03:  29.65845,-20.36138,89.39993
18.05:  29.90581,-20.35922,89.49994
18.07:  30.15894,-20.35701,89.49994
18.08:  30.40875,-20.35483,89.49994
18.1:  30.65799,-20.35266,89.49994
18.12:  30.90891,-20.35047,89.49994
18.13:  31.15853,-20.34829,89.49994
18.15:  31.40939,-20.3461,89.49994
18.17:  31.65752,-20.34394,89.49994
18.18:  31.90814,-20.34175,89.49994
18.2:  32.15674,-20.33958,89.49994
18.22:  32.40637,-20.3374,89.49994
18.23:  32.65693,-20.33521,89.49994
18.25:  32.90658,-20.33303,89.49994
18.27:  33.15799,-20.33084,89.49994
18.28:  33.40833,-20.32865,89.49994
18.3:  33.65835,-20.32647,89.49994
18.32:  33.90755,-20.3243,89.49994
18.33:  34.15882,-20.3221,89.49994
18.35:  34.40702,-20.31994,89.49994
18.37:  34.65834,-20.31774,89.49994
18.38:  34.90768,-20.31557,89.49994
18.4:  35.15803,-20.31338,89.49994
18.42:  35.40665,-20.31121,89.49994
18.43:  35.66405,-20.30897,89.49994
18.45:  35.90362,-20.30688,89.49994
18.47:  36.15747,-20.30466,89.49994
18.48:  36.40858,-20.30247,89.49994
18.5:  36.65802,-20.30029,89.49994
18.52:  36.90954,-20.2981,89.49994
18.53:  37.15774,-20.29593,89.49994
18.55:  37.40768,-20.29375,89.49994
18.57:  37.65841,-20.29156,89.49994
18.58:  37.9094,-20.28937,89.49994
18.6:  38.15723,-20.28721,89.49994
18.62:  38.408,-20.28502,89.49994
18.65:  38.65754,-20.28284,89.49994
18.67:  38.90749,-20.28066,89.49994
18.68:  39.1573,-20.27848,89.49994
18.7:  39.40788,-20.27629,89.49994
18.72:  39.65617,-20.27412,89.49994
18.73:  39.90932,-20.27191,89.49994
18.75:  40.15741,-20.26975,89.49994
18.77:  40.40889,-20.26755,89.49994
18.78:  40.65949,-20.26537,89.49994
18.8:  40.90651,-20.26321,89.49994
18.82:  41.15836,-20.26101,89.49994
18.83:  41.40732,-20.25884,89.49994
18.85:  41.65848,-20.25665,89.49994
18.87:  41.90871,-20.25359,89.29993
18.89:  42.15598,-20.24711,88.49993
18.9:  42.41829,-20.23658,87.69994
18.92:  42.66336,-20.21901,85.89993
18.93:  42.90584,-20.19737,84.89993
18.95:  43.15536,-20.17203,84.19994
18.97:  43.40184,-20.14351,83.39994
18.98:  43.65169,-20.11238,82.89994
19:  43.8988,-20.08073,82.69994
19.02:  44.14704,-20.04893,82.69994
19.03:  44.39471,-20.0172,82.69994
19.05:  44.64405,-19.98526,82.69994
19.07:  44.88995,-19.95376,82.69994
19.08:  45.13912,-19.92184,82.69994
19.1:  45.3873,-19.89005,82.69994
19.12:  45.63485,-19.85833,82.69994
19.13:  45.8829,-19.82656,82.69994
19.15:  46.12873,-19.79507,82.69994
19.17:  46.38013,-19.76286,82.69994
19.18:  46.62597,-19.73137,82.69994
19.2:  46.87458,-19.69952,82.69994
19.22:  47.12046,-19.66802,82.69994
19.23:  47.37143,-19.63587,82.69994
19.25:  47.61804,-19.60428,82.69994
19.27:  47.86744,-19.57233,82.69994
19.28:  48.11436,-19.5407,82.69994
19.3:  48.36335,-19.5088,82.69994
19.32:  48.61026,-19.47717,82.69994
19.33:  48.85895,-19.44531,82.69994
19.35:  49.1061,-19.41365,82.69994
19.37:  49.35553,-19.3817,82.69994
19.38:  49.60303,-19.34999,82.69994
19.4:  49.84924,-19.31845,82.69994
19.42:  50.09774,-19.28662,82.69994
19.43:  50.34584,-19.25484,82.69994
19.45:  50.59244,-19.22281,82.59994
19.47:  50.84083,-19.19055,82.59994
19.48:  51.09048,-19.15812,82.59994
19.5:  51.33524,-19.12634,82.59994
19.52:  51.58668,-19.09368,82.59994
19.53:  51.83426,-19.06108,82.49995
19.55:  52.08493,-19.02719,82.29994
19.57:  52.32815,-18.99258,81.89995
19.58:  52.57634,-18.95504,81.39994
19.6:  52.82368,-18.91587,80.99995
19.62:  53.08199,-18.87125,80.19994
19.63:  53.31348,-18.82709,79.19994
19.65:  53.55693,-18.77445,77.79996
19.67:  53.80106,-18.71177,75.59995
19.68:  54.04103,-18.64251,73.89995
19.7:  54.28072,-18.56462,71.99995
19.72:  54.51664,-18.48154,70.59995
19.73:  54.75075,-18.39308,69.29996
19.75:  54.9837,-18.29991,68.19994
19.77:  55.21171,-18.20686,67.79996
19.79:  55.45396,-18.10652,67.49996
19.8:  55.68143,-18.00996,66.99995
19.82:  55.90384,-17.91325,66.49996
19.83:  56.14482,-17.80697,66.19996
19.85:  56.36218,-17.70883,65.69996
19.87:  56.58605,-17.603,64.69997
19.88:  56.81075,-17.49244,63.79996
19.9:  57.04085,-17.38943,62.99997
19.92:  57.26954,-17.29602,62.09996
19.93:  57.50968,-17.20831,61.39996
19.95:  57.75229,-17.13048,60.89996
19.97:  57.99719,-17.05801,59.49997
19.98:  58.25052,-16.99055,58.39996
20:  58.50831,-16.92906,57.29996
20.02:  58.77188,-16.8735,56.29996
20.03:  59.04151,-16.8246,55.49997
20.05:  59.31847,-16.78303,54.89996
20.07:  59.60005,-16.74596,53.69996
20.08:  59.90239,-16.7144,52.99996
20.1:  60.19022,-16.6909,52.29996
20.12:  60.49175,-16.67184,51.39996
20.14:  60.80538,-16.65798,50.59996
20.15:  61.13831,-16.64943,49.79996
20.17:  61.46397,-16.64668,49.09996
20.18:  61.79486,-16.64616,47.89996
20.2:  62.13994,-16.64768,46.69996
20.22:  62.49169,-16.65321,45.89997
20.23:  62.84483,-16.65013,44.49997
20.25:  63.19857,-16.63901,43.19997
20.27:  63.54987,-16.61752,41.49996
20.28:  63.90196,-16.58548,39.79996
20.3:  64.25466,-16.54092,37.79996
20.32:  64.60071,-16.48673,36.09996
20.33:  64.94815,-16.4192,33.99997
20.35:  65.2927,-16.34218,32.39996
20.37:  65.63535,-16.25802,31.19996
20.38:  65.98,-16.16824,30.39996
20.4:  66.32216,-16.07271,29.39997
20.42:  66.65916,-15.97671,29.09996
20.44:  66.99615,-15.88008,28.99996
20.45:  67.3517,-15.77813,28.99996
20.47:  67.67702,-15.68485,28.99996
20.48:  68.01765,-15.58717,28.99996
20.5:  68.3567,-15.48995,28.99996
20.52:  68.69322,-15.39345,28.99996
20.53:  69.03637,-15.29506,28.99996
20.55:  69.37639,-15.19756,28.99996
20.57:  69.71151,-15.10146,28.99996
20.58:  70.05602,-15.00268,28.99996
20.6:  70.39598,-14.9052,28.99996
20.62:  70.73521,-14.80792,28.99996
20.63:  71.07659,-14.71003,28.99996
20.65:  71.41695,-14.61243,28.99996
20.67:  71.75562,-14.51533,28.99996
20.68:  72.09087,-14.41856,28.89997
20.7:  72.43406,-14.3195,28.89997
20.72:  72.77023,-14.21736,28.09996
20.74:  73.11981,-14.10243,26.79996
20.75:  73.45324,-13.98041,24.89996
20.77:  73.77149,-13.85247,23.09996
20.78:  74.09578,-13.70537,20.59996
20.8:  74.40939,-13.54281,17.59996
20.82:  74.71437,-13.37584,16.29996
20.83:  75.02536,-13.20274,15.89996
20.85:  75.3355,-13.0287,15.69997
20.87:  75.64059,-12.85749,15.69997
20.88:  75.94899,-12.68301,15.49996
20.9:  76.25636,-12.50555,14.99996
20.92:  76.55792,-12.32506,14.09997
20.93:  76.86083,-12.13944,13.49997
20.95:  77.16026,-11.95233,12.99996
20.97:  77.47361,-11.75578,12.89997
20.98:  77.75699,-11.57454,12.39997
21:  78.04963,-11.38305,11.79997
21.02:  78.33361,-11.18135,11.09997
21.03:  78.59995,-10.97526,10.29997
21.05:  78.85239,-10.76602,9.999965
21.07:  79.09139,-10.55337,9.699965
21.08:  79.31724,-10.33638,9.299966
21.1:  79.52923,-10.11418,8.699966
21.12:  79.72298,-9.891306,7.999968
21.13:  79.90508,-9.661803,7.499967
21.15:  80.0731,-9.432056,7.399967
21.17:  80.22823,-9.201583,7.399967
21.18:  80.37233,-8.96736,7.399967
21.2:  80.50348,-8.732444,7.399967
21.22:  80.62328,-8.493621,7.399967
21.23:  80.72965,-8.255182,7.399967
21.25:  80.82323,-8.016298,7.399967
21.27:  80.90476,-7.77497,7.399967
21.28:  80.93686,-7.527823,7.399967
21.3:  80.95661,-7.27999,7.399967
21.32:  80.96409,-7.028223,7.399967
21.33:  80.95863,-6.774275,7.299968
21.35:  80.93802,-6.519291,6.699967
21.37:  80.9035,-6.267636,6.199967
21.38:  80.85364,-6.008662,5.799967
21.4:  80.78862,-5.751585,5.099967
21.42:  80.70763,-5.49478,4.299967
21.43:  80.60926,-5.238933,3.199968
21.45:  80.49014,-4.984407,1.499967
21.47:  80.35528,-4.736075,0.2999676
21.48:  80.20245,-4.487257,359.4
21.5:  80.0341,-4.240704,358.7
21.52:  79.85195,-3.997085,358.2
21.53:  79.67899,-3.752883,357.7
21.55:  79.51309,-3.507043,356.9
21.57:  79.3637,-3.273614,356.2
21.58:  79.21705,-3.031908,355.3
21.6:  79.08136,-2.794142,354.5
21.62:  78.95676,-2.555682,354.2
21.63:  78.84487,-2.316636,354.2
21.65:  78.74405,-2.074144,354.1
21.67:  78.65786,-1.836962,354.1
21.68:  78.58174,-1.591358,354.1
21.7:  78.51901,-1.348089,354.1
21.72:  78.46775,-1.098261,354.1
21.73:  78.42965,-0.8505345,354.1
21.75:  78.40407,-0.6029908,354.1
21.77:  78.3783,-0.3535999,354.1
21.78:  78.35251,-0.1040851,354.1
21.8:  78.32682,0.1444821,354.1
21.82:  78.30145,0.3900802,354.1
21.83:  78.27552,0.6409333,354.1
21.85:  78.24986,0.889223,354.1
21.87:  78.22412,1.138323,354.1
21.88:  78.19837,1.387426,354.1
21.9:  78.17273,1.635599,354.1
21.92:  78.14698,1.88479,354.1
21.93:  78.12159,2.130446,354.1
21.95:  78.09598,2.378308,354.1
21.97:  78.06933,2.636174,354.1
21.98:  78.04432,2.878149,354.1
22:  78.01854,3.127686,354.1
22.02:  77.99286,3.376148,354.1
22.03:  77.96714,3.624994,354.1
22.05:  77.94151,3.873011,354.1
22.07:  77.9157,4.12278,354.1
22.08:  77.89034,4.368216,354.1
22.1:  77.86401,4.618761,354
22.12:  77.83771,4.86894,354
22.13:  77.81157,5.117634,354
22.15:  77.78559,5.364825,354
22.17:  77.75941,5.613866,354
22.18:  77.73278,5.86312,353.9
22.2:  77.70661,6.107986,353.9
22.22:  77.67896,6.366683,353.9
22.23:  77.65318,6.607934,353.9
22.25:  77.62644,6.858093,353.9
22.27:  77.5994,7.106977,353.8
22.28:  77.5725,7.354658,353.8
22.3:  77.54546,7.603507,353.8
22.32:  77.51852,7.851599,353.8
22.33:  77.49156,8.099694,353.8
22.35:  77.4646,8.347874,353.8
22.37:  77.42437,8.596729,353.7
22.38:  77.37229,8.841363,353.7
22.4:  77.30772,9.085218,353.7
22.42:  77.23075,9.327763,353.7
22.43:  77.14133,9.569138,353.7
22.45:  77.04018,9.80771,353.7
22.47:  76.92385,10.05044,353.7
22.48:  76.79957,10.28349,353.7
22.5:  76.6572,10.52471,353.7
22.52:  76.50629,10.75821,353.7
22.53:  76.342,10.99179,353.7
22.55:  76.16499,11.22434,353.7
22.57:  76.00115,11.45718,353.7
22.58:  75.84946,11.69177,353.7
22.6:  75.71162,11.92502,353.7
22.62:  75.58353,12.16456,353.7
22.63:  75.46893,12.4035,353.7
22.65:  75.36671,12.64396,353.7
22.67:  75.27699,12.88562,353.7
22.68:  75.19987,13.12799,353.7
22.7:  75.13471,13.3736,353.7
22.72:  75.08241,13.6187,353.7
22.73:  75.04271,13.86306,353.7
22.75:  75.0148,14.11464,353.7
22.77:  74.98743,14.36249,353.7
22.78:  74.95995,14.6114,353.7
22.8:  74.93256,14.85958,353.7
22.82:  74.90508,15.10845,353.7
22.83:  74.87763,15.35704,353.7
22.85:  74.85029,15.60473,353.7
22.88:  74.82272,15.85449,353.7
22.9:  74.7954,16.1019,353.7
22.92:  74.76834,16.34698,353.7
22.93:  74.74055,16.59868,353.7
22.95:  74.71342,16.84444,353.7
22.97:  74.6856,17.09649,353.7
22.98:  74.65838,17.34301,353.7
23:  74.63067,17.59401,353.7
23.02:  74.60336,17.84139,353.7
23.03:  74.57587,18.09038,353.7
23.05:  74.54841,18.33913,353.7
23.07:  74.52152,18.58268,353.7
23.08:  74.49356,18.83595,353.7
23.1:  74.4674,19.07287,353.7
23.12:  74.4428,19.29572,353.7
23.13:  74.41949,19.5069,353.7
23.15:  74.39754,19.70562,353.7
23.17:  74.37697,19.89202,353.7
23.18:  74.35789,20.06484,353.7
23.2:  74.33997,20.22717,353.7
23.22:  74.32346,20.37669,353.7
23.23:  74.30837,20.51332,353.7
23.25:  74.29471,20.6371,353.7
23.27:  74.28233,20.74921,353.7
23.28:  74.27152,20.84713,353.7
23.3:  74.26189,20.93439,353.7
23.32:  74.25351,21.01027,353.7
23.33:  74.24667,21.07227,353.7
23.35:  74.2412,21.12177,353.7
23.37:  74.23707,21.15923,353.7
23.38:  74.23431,21.18412,353.7
23.4:  74.23294,21.1966,353.7
23.42:  74.23294,21.1966,353.7
23.43:  74.23294,21.1966,353.7
23.45:  74.23294,21.1966,353.7
23.47:  74.23294,21.1966,353.7
23.48:  74.23294,21.1966,353.6
23.5:  74.23294,21.1966,353.6
23.52:  74.23294,21.1966,353.6
23.53:  74.23294,21.1966,353.6
23.55:  74.23294,21.1966,353.6
23.57:  74.23294,21.1966,353.6
23.58:  74.23294,21.1966,353.6
23.6:  74.23294,21.1966,353.6
23.62:  74.23294,21.1966,353.6
23.63:  74.23294,21.1966,353.6
23.65:  74.23294,21.1966,353.6
23.67:  74.23294,21.1966,353.6
23.68:  74.23294,21.1966,353.6
23.7:  74.23294,21.1966,353.6
23.72:  74.23294,21.1966,353.6
23.73:  74.23294,21.1966,353.6
23.75:  74.23294,21.1966,353.6
23.77:  74.23294,21.1966,353.6
23.78:  74.23294,21.1966,353.6
23.8:  74.23294,21.1966,353.6
23.82:  74.23294,21.1966,353.6
23.83:  74.23294,21.1966,353.6
23.85:  74.23294,21.1966,353.6
23.87:  74.23294,21.1966,353.6
23.88:  74.23294,21.1966,353.6
23.9:  74.23294,21.1966,353.6
23.92:  74.23294,21.1966,353.6
23.93:  74.23294,21.1966,353.6
23.95:  74.23294,21.1966,353.6
23.97:  74.23294,21.1966,353.6
23.98:  74.23294,21.1966,353.6
24:  74.23294,21.1966,353.6
24.02:  74.23294,21.1966,353.6
24.03:  74.23294,21.1966,353.6
24.05:  74.23294,21.1966,353.6
24.07:  74.23294,21.1966,353.6
24.08:  74.23294,21.1966,353.6
24.1:  74.23294,21.1966,353.6
24.12:  74.23294,21.1966,353.6
24.13:  74.23294,21.1966,353.6
24.15:  74.23294,21.1966,353.6
24.17:  74.23294,21.1966,353.6
24.18:  74.23294,21.1966,353.6
24.2:  74.23294,21.1966,353.6
24.22:  74.23294,21.1966,353.6
24.23:  74.23294,21.1966,353.6
24.25:  74.23294,21.1966,353.6
24.27:  74.23294,21.1966,353.6
24.28:  74.23294,21.1966,353.6
24.3:  74.23294,21.1966,353.6
24.32:  74.23294,21.1966,353.6
24.33:  74.23294,21.1966,353.6
24.35:  74.23294,21.1966,353.6
24.37:  74.23294,21.1966,353.6
24.38:  74.23294,21.1966,353.6
24.4:  74.23294,21.1966,353.6
24.42:  74.23294,21.1966,353.6
24.43:  74.23294,21.1966,353.6
24.45:  74.23294,21.1966,353.6
24.47:  74.23294,21.1966,353.6
24.48:  74.23294,21.1966,353.6
24.5:  74.23294,21.1966,353.6
24.52:  74.23294,21.1966,353.6
24.53:  74.23294,21.1966,353.6
24.55:  74.23294,21.1966,353.6
24.57:  74.23294,21.1966,353.6
24.58:  74.23294,21.1966,353.6
24.6:  74.23294,21.1966,353.6
24.62:  74.23294,21.1966,353.6
24.63:  74.23294,21.1966,353.6
24.65:  74.23294,21.1966,353.6
24.67:  74.23294,21.1966,353.6
24.68:  74.23294,21.1966,353.6
24.7:  74.23294,21.1966,353.6
24.72:  74.23294,21.1966,353.6
24.73:  74.23294,21.1966,353.6
24.75:  74.23294,21.1966,353.6
24.77:  74.23294,21.1966,353.6
24.78:  74.23294,21.1966,353.6
24.8:  74.23294,21.1966,353.6
24.82:  74.23294,21.1966,353.6
24.83:  74.23294,21.1966,353.6
24.85:  74.23294,21.1966,353.6
24.87:  74.23294,21.1966,353.6
24.88:  74.23294,21.1966,353.6
24.9:  74.23294,21.1966,353.6
24.92:  74.23294,21.1966,353.6
24.93:  74.23294,21.1966,353.6
24.95:  74.23294,21.1966,353.6
24.97:  74.23294,21.1966,353.6
24.98:  74.23294,21.1966,353.6
25:  74.23294,21.1966,353.6
25.02:  74.23294,21.1966,353.6
