ParticipantNo: 11016
Controller type: Keyboard and Mouse
Training Level Timed:
0.02:  82.7,18.5,270
0.03:  82.7,18.5,270
0.05:  82.7,18.5,270
0.07:  82.7,18.5,270
0.08:  82.7,18.5,270
0.1:  82.7,18.5,270
0.12:  82.7,18.5,270
0.13:  82.7,18.5,270
0.15:  82.7,18.5,270
0.17:  82.7,18.5,270
0.18:  82.7,18.5,270
0.2:  82.7,18.5,270
0.22:  82.7,18.5,270
0.23:  82.7,18.5,270
0.25:  82.7,18.5,270
0.27:  82.7,18.5,270
0.29:  82.7,18.5,270
0.3:  82.7,18.5,270
0.32:  82.7,18.5,270
0.33:  82.7,18.5,270
0.35:  82.7,18.5,270
0.37:  82.7,18.5,270
0.38:  82.7,18.5,270
0.4:  82.7,18.5,270
0.42:  82.7,18.5,270
0.43:  82.7,18.5,270
0.45:  82.7,18.5,270
0.47:  82.7,18.5,270
0.48:  82.7,18.5,270
0.5:  82.7,18.5,270
0.52:  82.7,18.5,270
0.53:  82.7,18.5,270
0.55:  82.7,18.5,270
0.57:  82.7,18.5,270
0.58:  82.7,18.5,270
0.6:  82.7,18.5,270
0.62:  82.7,18.5,270
0.63:  82.7,18.5,270
0.65:  82.7,18.5,270
0.67:  82.7,18.5,270
0.68:  82.7,18.5,270
0.7:  82.7,18.5,270
0.72:  82.7,18.5,270
0.73:  82.7,18.5,270
0.75:  82.7,18.5,270
0.77:  82.7,18.5,270
0.78:  82.7,18.5,270
0.8:  82.7,18.5,270
0.82:  82.7,18.5,270
0.83:  82.7,18.5,270
0.85:  82.7,18.5,270
0.87:  82.7,18.5,270
0.88:  82.7,18.5,270
0.9:  82.7,18.5,270
0.92:  82.7,18.5,270
0.93:  82.7,18.5,270
0.95:  82.7,18.5,270
0.97:  82.7,18.5,270
0.98:  82.7,18.5,270
1:  82.7,18.5,270
1.02:  82.7,18.5,270
1.03:  82.7,18.5,270
1.05:  82.7,18.5,270
1.07:  82.7,18.5,270
1.08:  82.7,18.5,270
1.1:  82.7,18.5,270
1.12:  82.7,18.5,270
1.14:  82.7,18.5,270
1.15:  82.7,18.5,270
1.17:  82.7,18.5,270
1.18:  82.7,18.5,270
1.2:  82.7,18.5,270
1.22:  82.7,18.5,270
1.23:  82.7,18.5,270
1.25:  82.7,18.5,270
1.27:  82.7,18.5,270
1.28:  82.7,18.5,270
1.3:  82.7,18.5,270
1.32:  82.7,18.5,270
1.33:  82.7,18.5,270
1.35:  82.7,18.5,270
1.37:  82.7,18.5,270
1.38:  82.7,18.5,270
1.4:  82.7,18.5,270
1.42:  82.7,18.5,270
1.43:  82.7,18.5,270
1.45:  82.7,18.5,270
1.47:  82.7,18.5,270
1.48:  82.7,18.5,270
1.5:  82.7,18.5,270
1.52:  82.7,18.5,270
1.53:  82.7,18.5,270
1.55:  82.7,18.5,270
1.57:  82.7,18.5,270
1.58:  82.7,18.5,270
1.6:  82.7,18.5,270
1.62:  82.7,18.5,270
1.63:  82.7,18.5,270
1.65:  82.7,18.5,270
1.67:  82.7,18.5,270
1.68:  82.7,18.5,270
1.7:  82.7,18.5,270
1.72:  82.7,18.5,270
1.73:  82.7,18.5,270
1.75:  82.7,18.5,270
1.77:  82.7,18.5,270
1.78:  82.7,18.5,270
1.8:  82.7,18.5,270
1.82:  82.7,18.5,270
1.83:  82.7,18.5,270
1.85:  82.7,18.5,270
1.87:  82.7,18.5,270
1.88:  82.7,18.5,270
1.9:  82.7,18.5,270
1.92:  82.7,18.5,270
1.93:  82.7,18.5,270
1.95:  82.7,18.5,270
1.97:  82.7,18.5,270
1.98:  82.7,18.5,270
2:  82.7,18.5,270
2.02:  82.7,18.5,270
2.03:  82.7,18.5,270
2.05:  82.7,18.5,270
2.07:  82.7,18.5,270
2.08:  82.7,18.5,270
2.1:  82.7,18.5,270
2.12:  82.7,18.5,270
2.13:  82.7,18.5,270
2.15:  82.7,18.5,270
2.17:  82.7,18.5,270
2.18:  82.7,18.5,270
2.2:  82.7,18.5,270
2.22:  82.7,18.5,270
2.23:  82.7,18.5,270
2.25:  82.7,18.5,270
2.27:  82.7,18.5,270
2.28:  82.7,18.5,270
2.3:  82.7,18.5,270
2.32:  82.7,18.5,270
2.33:  82.7,18.5,270
2.35:  82.7,18.5,270
2.37:  82.7,18.5,270
2.38:  82.7,18.5,270
2.4:  82.7,18.5,270
2.42:  82.7,18.5,270
2.43:  82.7,18.5,270
2.45:  82.7,18.5,270
2.47:  82.7,18.5,270
2.48:  82.7,18.5,270
2.5:  82.7,18.5,270
2.52:  82.7,18.5,270
2.54:  82.7,18.5,270
2.55:  82.7,18.5,270
2.57:  82.7,18.5,270
2.58:  82.7,18.5,270
2.6:  82.7,18.5,270
2.62:  82.7,18.5,270
2.63:  82.7,18.5,270
2.65:  82.7,18.5,270
2.67:  82.7,18.5,270
2.68:  82.7,18.5,270
2.7:  82.7,18.5,270
2.72:  82.7,18.5,270
2.73:  82.7,18.5,270
2.75:  82.7,18.5,270
2.77:  82.7,18.5,270
2.78:  82.7,18.5,270
2.8:  82.7,18.5,270
2.82:  82.7,18.5,270
2.83:  82.7,18.5,270
2.85:  82.7,18.5,270
2.87:  82.7,18.5,270
2.88:  82.7,18.5,270
2.9:  82.7,18.5,270
2.92:  82.7,18.5,270
2.93:  82.7,18.5,270
2.95:  82.7,18.5,270
2.97:  82.7,18.5,270
2.98:  82.7,18.5,270
3:  82.7,18.5,270
3.02:  82.7,18.5,270
3.03:  82.7,18.5,270
3.05:  82.7,18.5,270
3.07:  82.7,18.5,270
3.08:  82.7,18.5,270
3.1:  82.7,18.5,270
3.12:  82.7,18.5,270
3.13:  82.7,18.5,270
3.15:  82.7,18.5,270
3.17:  82.7,18.5,270
3.18:  82.7,18.5,270
3.2:  82.7,18.5,270
3.22:  82.7,18.5,270
3.23:  82.7,18.5,270
3.25:  82.7,18.5,270
3.27:  82.7,18.5,270
3.28:  82.7,18.5,270
3.3:  82.7,18.5,270
3.32:  82.7,18.5,270
3.33:  82.7,18.5,270
3.35:  82.7,18.5,270
3.37:  82.7,18.5,270
3.38:  82.7,18.5,270
3.4:  82.7,18.5,270
3.42:  82.7,18.5,270
3.43:  82.7,18.5,270
3.45:  82.7,18.5,270
3.47:  82.7,18.5,270
3.48:  82.7,18.5,270
3.5:  82.7,18.5,270
3.52:  82.7,18.5,270
3.53:  82.7,18.5,270
3.55:  82.7,18.5,270
3.57:  82.7,18.5,270
3.58:  82.7,18.5,270
3.6:  82.7,18.5,270
3.62:  82.7,18.5,270
3.64:  82.7,18.5,270
3.65:  82.7,18.5,270
3.67:  82.7,18.5,270
3.68:  82.7,18.5,270
3.7:  82.7,18.5,270
3.72:  82.7,18.5,270
3.73:  82.7,18.5,270
3.75:  82.7,18.5,270
3.77:  82.7,18.5,270
3.78:  82.7,18.5,270
3.8:  82.7,18.5,270
3.82:  82.7,18.5,270
3.84:  82.7,18.5,270
3.85:  82.7,18.5,270
3.87:  82.7,18.5,270
3.88:  82.7,18.5,270
3.9:  82.7,18.5,270
3.92:  82.7,18.5,270
3.93:  82.7,18.5,270
3.95:  82.7,18.5,270
3.97:  82.7,18.5,270
3.98:  82.7,18.5,270
4:  82.7,18.5,270
4.02:  82.7,18.5,270
4.03:  82.7,18.5,270
4.05:  82.7,18.5,270
4.07:  82.7,18.5,270
4.08:  82.7,18.5,270
4.1:  82.7,18.5,270
4.12:  82.7,18.5,270
4.13:  82.7,18.5,270
4.15:  82.7,18.5,270
4.17:  82.7,18.5,270
4.18:  82.7,18.5,270
4.2:  82.7,18.5,270
4.22:  82.7,18.5,270
4.23:  82.7,18.5,270
4.25:  82.7,18.5,270
4.27:  82.7,18.5,270
4.28:  82.7,18.5,270
4.3:  82.7,18.5,270
4.32:  82.7,18.5,270
4.33:  82.7,18.5,270
4.35:  82.7,18.5,270
4.37:  82.7,18.5,270
4.38:  82.7,18.5,270
4.4:  82.7,18.5,270
4.42:  82.7,18.5,270
4.43:  82.7,18.5,270
4.45:  82.7,18.5,270
4.47:  82.7,18.5,270
4.48:  82.7,18.5,270
4.5:  82.7,18.5,270
4.52:  82.7,18.5,270
4.53:  82.7,18.5,270
4.55:  82.7,18.5,270
4.57:  82.7,18.5,270
4.58:  82.7,18.5,270
4.6:  82.7,18.5,270
4.62:  82.7,18.5,270
4.63:  82.7,18.5,270
4.65:  82.7,18.5,270
4.67:  82.7,18.5,270
4.68:  82.7,18.5,270
4.7:  82.7,18.5,270
4.72:  82.7,18.5,270
4.73:  82.7,18.5,270
4.75:  82.7,18.5,270
4.77:  82.7,18.5,270
4.78:  82.7,18.5,270
4.8:  82.7,18.5,270
4.82:  82.7,18.5,270
4.83:  82.7,18.5,270
4.85:  82.7,18.5,270
4.87:  82.7,18.5,270
4.88:  82.7,18.5,270
4.9:  82.7,18.5,270
4.92:  82.7,18.5,270
4.93:  82.7,18.5,270
4.95:  82.7,18.5,270
4.97:  82.7,18.5,270
4.98:  82.7,18.5,270
5:  82.7,18.5,270
5.02:  82.7,18.5,270
5.03:  82.7,18.5,270
5.05:  82.7,18.5,270
5.07:  82.7,18.5,270
5.08:  82.7,18.5,270
5.1:  82.7,18.5,270
5.12:  82.7,18.5,270
5.13:  82.7,18.5,270
5.15:  82.7,18.5,270
5.17:  82.7,18.5,270
5.18:  82.7,18.5,270
5.2:  82.7,18.5,270
5.22:  82.7,18.5,270
5.23:  82.7,18.5,270
5.25:  82.7,18.5,270
5.27:  82.7,18.5,270
5.28:  82.7,18.5,270
5.3:  82.7,18.5,270
5.32:  82.7,18.5,270
5.33:  82.7,18.5,270
5.35:  82.7,18.5,270
5.37:  82.7,18.5,270
5.38:  82.7,18.5,270
5.4:  82.7,18.5,270
5.42:  82.7,18.5,270
5.43:  82.7,18.5,270
5.45:  82.7,18.5,270
5.47:  82.7,18.5,270
5.48:  82.7,18.5,270
5.5:  82.7,18.5,270
5.52:  82.7,18.5,270
5.53:  82.7,18.5,270
5.55:  82.7,18.5,270
5.57:  82.7,18.5,270
5.58:  82.7,18.5,270
5.6:  82.7,18.5,270
5.62:  82.7,18.5,270
5.63:  82.7,18.5,270
5.65:  82.7,18.5,270
5.67:  82.7,18.5,270
5.68:  82.7,18.5,270
5.7:  82.7,18.5,270
5.72:  82.7,18.5,270
5.73:  82.7,18.5,270
5.75:  82.7,18.5,270
5.77:  82.7,18.5,270
5.78:  82.7,18.5,270
5.8:  82.7,18.5,270
5.82:  82.7,18.5,270
5.83:  82.7,18.5,270
5.85:  82.7,18.5,270
5.87:  82.7,18.5,270
5.88:  82.7,18.5,270
5.9:  82.7,18.5,270
5.92:  82.7,18.5,270
5.93:  82.7,18.5,270
5.95:  82.7,18.5,270
5.97:  82.7,18.5,270
5.98:  82.7,18.5,270
6:  82.7,18.5,270
6.02:  82.7,18.5,270
6.03:  82.7,18.5,270
6.05:  82.7,18.5,270
6.07:  82.7,18.5,270
6.08:  82.7,18.5,270
6.1:  82.7,18.5,270
6.12:  82.7,18.5,270
6.13:  82.7,18.5,270
6.15:  82.7,18.5,270
6.17:  82.7,18.5,270
6.19:  82.7,18.5,270
6.2:  82.7,18.5,270
6.22:  82.7,18.5,270
6.23:  82.7,18.5,270
6.25:  82.7,18.5,270
6.27:  82.7,18.5,270
6.28:  82.7,18.5,270
6.3:  82.7,18.5,270
6.32:  82.7,18.5,270
6.33:  82.7,18.5,270
6.35:  82.7,18.5,270
6.37:  82.7,18.5,270
6.38:  82.7,18.5,270
6.4:  82.7,18.5,270
6.42:  82.7,18.5,270
6.43:  82.7,18.5,270
6.45:  82.7,18.5,270
6.47:  82.7,18.5,270
6.48:  82.7,18.5,270
6.5:  82.7,18.5,270
6.52:  82.7,18.5,270
6.53:  82.7,18.5,270
6.55:  82.7,18.5,270
6.57:  82.7,18.5,270
6.58:  82.7,18.5,270
6.6:  82.7,18.5,270
6.62:  82.7,18.5,270
6.63:  82.7,18.5,270
6.65:  82.7,18.5,270
6.67:  82.7,18.5,270
6.68:  82.7,18.5,270
6.7:  82.7,18.5,270
6.72:  82.7,18.5,270
6.73:  82.7,18.5,270
6.75:  82.7,18.5,270
6.77:  82.7,18.5,270
6.78:  82.7,18.5,270
6.8:  82.7,18.5,270
6.82:  82.7,18.5,270
6.84:  82.7,18.5,270
6.85:  82.7,18.5,270
6.87:  82.7,18.5,270
6.88:  82.7,18.5,270
6.9:  82.7,18.5,270
6.92:  82.7,18.5,270
6.93:  82.7,18.5,270
6.95:  82.7,18.5,270
6.97:  82.7,18.5,270
6.99:  82.7,18.5,270
7:  82.7,18.5,270
7.02:  82.7,18.5,270
7.03:  82.7,18.5,270
7.05:  82.7,18.5,270
7.07:  82.7,18.5,270
7.08:  82.7,18.5,270
7.1:  82.7,18.5,270
7.12:  82.7,18.5,270
7.13:  82.7,18.5,270
7.15:  82.7,18.5,270
7.17:  82.7,18.5,270
7.18:  82.7,18.5,270
7.2:  82.7,18.5,270
7.22:  82.7,18.5,270
7.23:  82.7,18.5,270
7.25:  82.7,18.5,270
7.27:  82.7,18.5,270
7.28:  82.7,18.5,270
7.3:  82.7,18.5,270
7.34:  82.7,18.5,270
7.35:  82.7,18.5,270
7.37:  82.7,18.5,270
7.39:  82.7,18.5,270
7.4:  82.7,18.5,270
7.42:  82.7,18.5,270
7.44:  82.7,18.5,270
7.45:  82.7,18.5,270
7.47:  82.7,18.5,270
7.49:  82.7,18.5,270
7.5:  82.7,18.5,270
7.52:  82.7,18.5,270
7.54:  82.7,18.5,270
7.55:  82.7,18.5,270
7.57:  82.7,18.5,270
7.59:  82.7,18.5,270
7.6:  82.7,18.5,270
7.62:  82.7,18.5,270
7.64:  82.7,18.5,270
7.65:  82.7,18.5,270
7.67:  82.7,18.5,270
7.69:  82.7,18.5,270
7.7:  82.7,18.5,270
7.72:  82.7,18.5,270
7.74:  82.7,18.5,270
7.75:  82.7,18.5,270
7.77:  82.7,18.5,270
7.79:  82.7,18.5,270
7.8:  82.7,18.5,270
7.82:  82.7,18.5,270
7.84:  82.7,18.5,270
7.85:  82.7,18.5,270
7.87:  82.7,18.5,270
7.89:  82.7,18.5,270
7.9:  82.7,18.5,270
7.92:  82.7,18.5,270
7.94:  82.7,18.5,270
7.95:  82.7,18.5,270.4
7.97:  82.7,18.5,270.9
7.99:  82.7,18.5,271.2
8:  82.7,18.5,271.8
8.02:  82.7,18.5,273.2
8.04:  82.7,18.5,274.8
8.05:  82.7,18.5,276.2
8.07:  82.7,18.5,277.4
8.09:  82.7,18.5,277.4
8.1:  82.7,18.5,277.4
8.12:  82.7,18.5,277.4
8.14:  82.7,18.5,277.4
8.15:  82.7,18.5,277.4
8.17:  82.7,18.5,277.4
8.19:  82.7,18.5,277.4
8.2:  82.7,18.5,277.4
8.22:  82.7,18.5,277.4
8.24:  82.7,18.5,277.4
8.25:  82.7,18.5,276.8
8.27:  82.7,18.5,274.3
8.29:  82.7,18.5,269.3
8.3:  82.7,18.5,266.8
8.32:  82.7,18.5,264.4
8.34:  82.7,18.5,262.2
8.35:  82.7,18.5,260.2
8.37:  82.7,18.5,258.4
8.39:  82.7,18.5,252.8
8.4:  82.7,18.5,247.1
8.42:  82.7,18.5,240.3
8.44:  82.7,18.5,233
8.45:  82.7,18.5,227.2
8.47:  82.7,18.5,221.5
8.49:  82.7,18.5,220.5
8.5:  82.7,18.5,220.4
8.52:  82.7,18.5,221
8.54:  82.7,18.5,222.8
8.55:  82.7,18.5,227.2
8.57:  82.7,18.5,232.2
8.59:  82.7,18.5,239
8.6:  82.7,18.5,243.4
8.62:  82.7,18.5,247.2
8.64:  82.68822,18.49599,251.2
8.65:  82.66384,18.48951,255.1
8.67:  82.62799,18.48202,258.2
8.69:  82.57534,18.47424,261.6
8.7:  82.51418,18.46586,262.2
8.72:  82.43927,18.45494,261.7
8.74:  82.35687,18.44144,260.7
8.75:  82.25819,18.42297,259.4
8.77:  82.14846,18.40065,258.5
8.79:  82.02586,18.37414,257.8
8.8:  81.89255,18.34361,257.1
8.82:  81.73862,18.30637,256.4
8.84:  81.58841,18.26556,254.8
8.85:  81.42151,18.21069,251.8
8.87:  81.24817,18.13924,247.6
8.89:  81.07459,18.04617,241.8
8.9:  80.90939,17.90853,230.2
8.92:  80.75888,17.74196,222.1
8.94:  80.63129,17.54397,212.8
8.95:  80.52534,17.31468,204.8
8.97:  80.45626,17.08588,196.8
8.99:  80.41666,16.868,190.3
9:  80.39529,16.65376,185.7
9.02:  80.39215,16.45441,180.9
9.04:  80.3948,16.26478,179.2
9.05:  80.39781,16.09212,179
9.07:  80.41412,15.92471,179
9.09:  80.44131,15.77854,179
9.1:  80.48099,15.64279,179
9.12:  80.5084,15.51711,179
9.14:  80.52274,15.4081,179
9.15:  80.52467,15.30693,179
9.17:  80.52619,15.21977,179
9.19:  80.52752,15.14363,179
9.2:  80.5286,15.08161,179
9.22:  80.52947,15.03199,179
9.24:  80.53012,14.99471,179
9.25:  80.53056,14.96951,179
9.27:  80.53078,14.95698,179
9.29:  80.53078,14.95698,179
9.3:  80.53078,14.95698,179
9.32:  80.53078,14.95698,179
9.34:  80.53078,14.95698,179
9.35:  80.53078,14.95698,179
9.37:  80.53078,14.95698,179
9.39:  80.53078,14.95698,179
9.4:  80.53078,14.95698,179
9.42:  80.53078,14.95698,179
9.44:  80.53078,14.95698,179
9.45:  80.53078,14.95698,179
9.47:  80.53078,14.95698,179
9.49:  80.53078,14.95698,179
9.5:  80.53078,14.95698,179
9.52:  80.531,14.94439,179
9.54:  80.53143,14.92,179
9.55:  80.53195,14.88216,179.2
9.57:  80.5323,14.83204,179.6
9.59:  80.5323,14.77018,180
9.6:  80.53178,14.69418,180.4
9.62:  80.53101,14.60651,180.5
9.64:  80.52997,14.50692,180.6
9.65:  80.52841,14.3956,180.8
9.67:  80.52643,14.2692,180.9
9.69:  80.5243,14.13397,180.9
9.7:  80.52165,13.98222,181
9.72:  80.51851,13.81848,181.1
9.74:  80.51462,13.64707,181.3
9.75:  80.50766,13.45732,182.1
9.77:  80.49789,13.25754,182.8
9.79:  80.48576,13.04715,183.3
9.8:  80.47072,12.82076,183.8
9.82:  80.45371,12.58347,184.1
9.84:  80.4332,12.33406,184.7
9.85:  80.41284,12.08639,184.7
9.87:  80.39223,11.83559,184.7
9.89:  80.3721,11.59082,184.7
9.9:  80.35159,11.34131,184.7
9.92:  80.33108,11.09188,184.7
9.94:  80.31052,10.84179,184.7
9.95:  80.28983,10.59019,184.7
9.97:  80.26939,10.34146,184.7
9.99:  80.24913,10.09509,184.7
10:  80.22839,9.842898,184.7
10.02:  80.20793,9.593965,184.7
10.04:  80.18758,9.346512,184.7
10.05:  80.16689,9.094734,184.7
10.07:  80.14642,8.845806,184.7
10.09:  80.1263,8.601064,184.7
10.1:  80.10474,8.344438,184.8
10.12:  80.0837,8.098954,184.9
10.14:  80.06215,7.852607,185
10.15:  80.03733,7.590048,185.4
10.17:  80.01107,7.340246,186
10.19:  79.9914,7.100994,184.7
10.2:  79.98275,6.853135,182
10.22:  79.98537,6.603019,179.4
10.24:  79.99226,6.356041,178.4
10.25:  79.99933,6.103238,178.4
10.27:  80.00629,5.854164,178.4
10.29:  80.01319,5.606785,178.4
10.3:  80.02048,5.346039,178.4
10.32:  80.02743,5.097176,178.4
10.34:  80.03426,4.852781,178.4
10.35:  80.04129,4.600948,178.4
10.37:  80.0481,4.357019,178.4
10.39:  80.05508,4.107146,178.4
10.4:  80.06214,3.854247,178.4
10.42:  80.06915,3.603396,178.4
10.44:  80.07604,3.356758,178.4
10.45:  80.08311,3.103393,178.4
10.47:  80.09008,2.854152,178.4
10.49:  80.09695,2.60793,178.4
10.5:  80.10403,2.354451,178.4
10.52:  80.11099,2.105506,178.4
10.54:  80.11788,1.858882,178.4
10.55:  80.12497,1.605054,178.4
10.57:  80.13189,1.35725,178.4
10.59:  80.13885,1.108323,178.4
10.6:  80.14592,0.8549218,178.4
10.62:  80.15286,0.6064192,178.4
10.64:  80.15981,0.3578582,178.4
10.65:  80.16683,0.1062998,178.4
10.67:  80.17384,-0.1446334,178.4
10.69:  80.18076,-0.3925752,178.4
10.7:  80.18784,-0.6456165,178.4
10.72:  80.1948,-0.8950742,178.4
10.74:  80.20165,-1.140314,178.4
10.75:  80.20875,-1.394246,178.4
10.77:  80.21561,-1.640237,178.4
10.79:  80.22262,-1.890969,178.4
10.8:  80.22965,-2.142739,178.4
10.82:  80.23665,-2.393157,178.4
10.84:  80.24352,-2.63931,178.4
10.85:  80.2505,-2.88931,178.4
10.87:  80.25756,-3.141879,178.4
10.89:  80.26459,-3.393368,178.4
10.9:  80.27153,-3.642026,178.4
10.92:  80.27856,-3.893578,178.4
10.94:  80.28242,-4.140039,179.1
10.95:  80.28419,-4.393355,179.6
10.97:  80.28679,-4.6406,179.4
10.99:  80.29072,-4.890698,179.1
11:  80.29471,-5.145013,179.1
11.02:  80.29861,-5.393659,179.1
11.04:  80.30247,-5.639253,179.1
11.05:  80.30644,-5.89198,179.1
11.07:  80.31039,-6.143098,179.1
11.09:  80.31424,-6.38849,179.1
11.1:  80.3182,-6.640239,179.1
11.12:  80.32217,-6.89315,179.1
11.14:  80.32604,-7.139776,179.1
11.15:  80.32996,-7.388577,179.1
11.17:  80.33392,-7.641291,179.1
11.19:  80.33781,-7.888793,179.1
11.2:  80.34181,-8.143715,179.1
11.22:  80.34572,-8.39201,179.1
11.24:  80.3496,-8.639261,179.1
11.25:  80.35358,-8.892295,179.1
11.27:  80.3575,-9.142028,179.1
11.29:  80.3614,-9.390502,179.1
11.3:  80.36547,-9.649555,179.1
11.32:  80.36943,-9.901531,179.1
11.34:  80.3737,-10.14651,179
11.35:  80.37968,-10.39118,178.6
11.37:  80.38673,-10.64322,178.4
11.39:  80.39437,-10.90099,178.3
11.4:  80.40158,-11.14395,178.3
11.42:  80.40951,-11.39614,178.2
11.44:  80.41718,-11.64024,178.2
11.45:  80.4251,-11.89227,178.2
11.47:  80.43292,-12.14115,178.2
11.49:  80.44069,-12.38832,178.2
11.5:  80.44862,-12.64067,178.2
11.52:  80.4565,-12.89152,178.2
11.54:  80.46425,-13.1379,178.2
11.55:  80.47218,-13.39021,178.2
11.57:  80.48,-13.63941,178.2
11.59:  80.48789,-13.8903,178.2
11.6:  80.49577,-14.14109,178.2
11.62:  80.50359,-14.38965,178.2
11.64:  80.51222,-14.63708,178
11.65:  80.52491,-14.8875,177.1
11.67:  80.53985,-15.13892,176.6
11.69:  80.55495,-15.38583,176.5
11.7:  80.57046,-15.63944,176.5
11.72:  80.58524,-15.88828,176.6
11.74:  80.59948,-16.13516,176.7
11.75:  80.61353,-16.38639,176.8
11.77:  80.62749,-16.63623,176.8
11.79:  80.64127,-16.88271,176.8
11.8:  80.65524,-17.13245,176.8
11.82:  80.66941,-17.38597,176.8
11.84:  80.68315,-17.63179,176.8
11.85:  80.69732,-17.88517,176.8
11.87:  80.71122,-18.13383,176.8
11.89:  80.72508,-18.38181,176.8
11.9:  80.73918,-18.634,176.8
11.92:  80.75316,-18.88401,176.8
11.94:  80.76698,-19.13131,176.8
11.95:  80.78107,-19.3833,176.8
11.97:  80.79494,-19.63124,176.8
11.99:  80.80876,-19.87854,176.8
12:  80.82329,-20.13835,176.8
12.02:  80.83678,-20.37978,176.8
12.04:  80.85075,-20.62948,176.8
12.05:  80.86475,-20.87989,176.8
12.07:  80.87865,-21.12873,176.8
12.09:  80.89249,-21.37622,176.8
12.1:  80.90662,-21.62895,176.8
12.12:  80.92056,-21.87827,176.8
12.14:  80.93451,-22.12767,176.8
12.15:  80.94846,-22.37723,176.8
12.17:  80.96247,-22.62788,176.8
12.19:  80.97661,-22.88079,176.8
12.2:  80.99072,-23.133,176.8
12.22:  81.00441,-23.37799,176.8
12.24:  81.01825,-23.62551,176.8
12.25:  81.03217,-23.87455,176.8
12.27:  81.04604,-24.12264,176.8
12.29:  81.06049,-24.3811,176.8
12.3:  81.07451,-24.63185,176.8
12.32:  81.08807,-24.87441,176.8
12.34:  81.10204,-25.12432,176.8
12.35:  81.11613,-25.37638,176.8
12.37:  81.13001,-25.62458,176.8
12.39:  81.14404,-25.87549,176.8
12.4:  81.1578,-26.12158,176.8
12.42:  81.17185,-26.37302,176.8
12.44:  81.18562,-26.61908,176.8
12.45:  81.19975,-26.8719,176.8
12.47:  81.21365,-27.12045,176.8
12.49:  81.22741,-27.36664,176.8
12.5:  81.24179,-27.62391,176.8
12.52:  81.25541,-27.86755,176.8
12.54:  81.26926,-28.11527,176.8
12.55:  81.28346,-28.36925,176.8
12.57:  81.29712,-28.61351,176.8
12.59:  81.31116,-28.86484,176.8
12.6:  81.32529,-29.11736,176.8
12.62:  81.33881,-29.36698,176.9
12.64:  81.35178,-29.61461,177
12.65:  81.36449,-29.86543,177.1
12.67:  81.3772,-30.11653,177.1
12.69:  81.38963,-30.3618,177.1
12.7:  81.40257,-30.61716,177.1
12.72:  81.41462,-30.86348,177.2
12.74:  81.42727,-31.12214,177.2
12.75:  81.43915,-31.36504,177.2
12.77:  81.45135,-31.61448,177.2
12.79:  81.46335,-31.8599,177.2
12.8:  81.47577,-32.11388,177.2
12.82:  81.48796,-32.36319,177.2
12.84:  81.50004,-32.61004,177.2
12.85:  81.51199,-32.86346,177.3
12.87:  81.52374,-33.11269,177.3
12.89:  81.53532,-33.35829,177.3
12.9:  81.54727,-33.61162,177.3
12.92:  81.55891,-33.85847,177.3
12.94:  81.57069,-34.10841,177.3
12.95:  81.58263,-34.36162,177.3
12.97:  81.59439,-34.61086,177.3
12.99:  81.60611,-34.85939,177.3
13:  81.6179,-35.10941,177.3
13.02:  81.62972,-35.36014,177.3
13.04:  81.6413,-35.60551,177.3
13.05:  81.65378,-35.8701,177.3
13.07:  81.66521,-36.11272,177.3
13.09:  81.67689,-36.36029,177.3
13.1:  81.68864,-36.6093,177.3
13.12:  81.7003,-36.85677,177.3
13.14:  81.71208,-37.10646,177.3
13.15:  81.72393,-37.35781,177.3
13.17:  81.73563,-37.60571,177.3
13.19:  81.74731,-37.85353,177.3
13.2:  81.75883,-38.10731,177.4
13.22:  81.76974,-38.35708,177.5
13.24:  81.78051,-38.60383,177.5
13.25:  81.79115,-38.85753,177.6
13.27:  81.80112,-39.10607,177.7
13.29:  81.81062,-39.36511,177.9
13.3:  81.81824,-39.60767,178.2
13.32:  81.8243,-39.85537,178.6
13.34:  81.82777,-40.104,179.2
13.35:  81.82734,-40.3539,180.1
13.37:  81.82382,-40.60554,180.8
13.39:  81.82845,-40.85556,181.8
13.4:  81.83995,-41.10734,183.1
13.42:  81.85914,-41.35995,184.2
13.44:  81.88445,-41.60989,185.5
13.45:  81.91676,-41.86539,186.8
13.47:  81.95924,-42.12509,187.4
13.49:  82.01236,-42.38238,187.6
13.5:  82.07869,-42.64641,187.7
13.52:  82.15649,-42.91013,187.8
13.54:  82.24455,-43.16985,187.8
13.55:  82.34824,-43.43985,187.8
13.57:  82.46808,-43.72007,187.9
13.59:  82.59044,-43.98191,188
13.6:  82.72749,-44.25536,188.4
13.62:  82.87,-44.53052,189.5
13.64:  83.01701,-44.81112,191
13.65:  83.17175,-45.10257,192.4
13.67:  83.33343,-45.398,193.3
13.69:  83.50291,-45.69719,194
13.7:  83.68563,-46.00129,194
13.72:  83.87038,-46.30877,194
13.74:  84.05144,-46.61009,194
13.75:  84.23306,-46.91237,194
13.77:  84.41187,-47.21472,194.4
13.79:  84.58281,-47.52058,195.8
13.8:  84.74761,-47.83716,197.5
13.82:  84.89768,-48.15608,199.8
13.84:  85.03311,-48.47825,202.2
13.85:  85.15671,-48.81417,204.8
13.87:  85.26894,-49.15155,206.6
13.89:  85.36504,-49.48893,209.1
13.9:  85.45637,-49.84722,210.7
13.92:  85.53783,-50.18652,211.5
13.94:  85.616,-50.53062,212.2
13.95:  85.6911,-50.87504,212.7
13.97:  85.76109,-51.21597,213.4
13.99:  85.82449,-51.56488,214.7
14:  85.88161,-51.90994,215.6
14.02:  85.93469,-52.26092,216.4
14.04:  85.98296,-52.62264,217.4
14.05:  86.02206,-52.97678,218.7
14.07:  86.04499,-53.33144,221.3
14.09:  86.05856,-53.66928,222.7
14.1:  86.06532,-54.02106,223.9
14.12:  86.06409,-54.37304,225.2
14.14:  86.05239,-54.72543,226.9
14.15:  86.03059,-55.08192,228.5
14.17:  86.00103,-55.43396,229.8
14.19:  85.95618,-55.77927,232.4
14.2:  85.8988,-56.12968,234.3
14.22:  85.82549,-56.47752,236.9
14.24:  85.74091,-56.82191,238.8
14.25:  85.63933,-57.16048,241.7
14.27:  85.52155,-57.49493,244.4
14.3:  85.3941,-57.82016,246.4
14.32:  85.24651,-58.14856,249.2
14.34:  85.09336,-58.46255,251
14.35:  84.92436,-58.78859,252.4
14.37:  84.75399,-59.10237,253.5
14.39:  84.58012,-59.40844,254.6
14.4:  84.40146,-59.70113,256.4
14.42:  84.20947,-59.99903,257.8
14.44:  84.00796,-60.27844,260.8
14.45:  83.79373,-60.56273,262
14.47:  83.57523,-60.8424,263
14.49:  83.35256,-61.11835,263.9
14.5:  83.12565,-61.38974,264.9
14.52:  82.89368,-61.65378,266.3
14.54:  82.65614,-61.91031,267.8
14.55:  82.38811,-62.17647,270.2
14.57:  82.14629,-62.40594,271.5001
14.59:  81.90721,-62.39257,273.2
14.6:  81.68613,-62.35892,275.5
14.62:  81.47776,-62.30499,277.8
14.64:  81.28934,-62.2358,279.6
14.65:  81.11409,-62.14188,283.2
14.67:  80.96538,-62.0369,285.6
14.69:  80.83482,-61.91457,288.4001
14.7:  80.7282,-61.77919,291.6
14.72:  80.64477,-61.6315,294.6001
14.74:  80.58823,-61.47384,298.4001
14.75:  80.56484,-61.30712,304.1
14.77:  80.5722,-61.1352,308.5001
14.79:  80.60632,-60.96489,311.6001
14.8:  80.66616,-60.79832,314.6001
14.82:  80.73257,-60.61129,316.2001
14.84:  80.80522,-60.40269,317.4001
14.85:  80.87215,-60.19665,317.4001
14.87:  80.94601,-59.95287,317.4001
14.89:  81.01943,-59.69666,317.5001
14.9:  81.09007,-59.43636,317.5001
14.92:  81.14924,-59.16208,318.1001
14.94:  81.19629,-58.89056,319.4001
14.95:  81.23775,-58.62213,322.0001
14.97:  81.27299,-58.34993,324.3
14.99:  81.30072,-58.07773,326.4001
15:  81.32143,-57.80092,328.5001
15.02:  81.33075,-57.51757,329.7001
15.04:  81.32446,-57.2322,330.0001
15.05:  81.30785,-56.9582,330.0001
15.07:  81.27932,-56.68015,330.0001
15.09:  81.24072,-56.41483,330.0001
15.1:  81.1919,-56.15797,330.0001
15.12:  81.1315,-55.90025,330.2001
15.14:  81.06129,-55.65157,330.3
15.15:  80.98257,-55.4129,330.5001
15.17:  80.89119,-55.1755,330.5001
15.19:  80.78879,-54.94434,330.5001
15.2:  80.67737,-54.72294,330.5001
15.22:  80.55315,-54.50338,330.5001
15.24:  80.43045,-54.28651,330.5001
15.25:  80.30829,-54.07058,330.5001
15.27:  80.18424,-53.85134,330.5001
15.29:  80.06136,-53.63414,330.5001
15.3:  79.93899,-53.41785,330.5001
15.32:  79.81432,-53.19749,330.5001
15.34:  79.69988,-52.97309,330.1001
15.35:  79.59579,-52.74903,329.4001
15.37:  79.49366,-52.50446,328.7
15.39:  79.40134,-52.27035,327.1001
15.4:  79.31747,-52.03745,326.2
15.42:  79.23515,-51.78725,325.1001
15.44:  79.15822,-51.53266,323.9001
15.45:  79.08562,-51.26833,322.8
15.47:  79.02206,-51.00719,322.1001
15.49:  78.96552,-50.73257,321.8
15.5:  78.91898,-50.45508,321.7001
15.52:  78.88127,-50.16219,321.7001
15.54:  78.85336,-49.86591,321.6001
15.55:  78.83532,-49.5659,321.6001
15.57:  78.82629,-49.24622,321.5001
15.59:  78.82718,-48.92785,321.5001
15.6:  78.83674,-48.59944,321.3
15.62:  78.85583,-48.26611,321.3
15.64:  78.88428,-47.922,321.2001
15.65:  78.92161,-47.57668,321.2001
15.67:  78.95987,-47.22449,321.2001
15.69:  78.9985,-46.8688,321.2001
15.7:  79.0364,-46.52,321.2001
15.72:  79.07509,-46.16384,321.2001
15.74:  79.114,-45.80568,321.2001
15.75:  79.15144,-45.46104,321.2001
15.77:  79.18978,-45.10814,321.2001
15.79:  79.22725,-44.76319,321.2001
15.8:  79.26537,-44.4123,321.2001
15.82:  79.30565,-44.04152,321.2001
15.84:  79.34267,-43.7007,321.2001
15.85:  79.38078,-43.34997,321.2001
15.87:  79.41858,-43.00199,321.2001
15.89:  79.45716,-42.64685,321.2001
15.9:  79.49465,-42.30178,321.2001
15.92:  79.5332,-41.94691,321.2001
15.94:  79.57137,-41.59551,321.2001
15.95:  79.61034,-41.23683,321.2001
15.97:  79.64894,-40.88148,321.2001
15.99:  79.68572,-40.53739,321.1001
16:  79.71984,-40.18936,320.6001
16.02:  79.75069,-39.83672,320.0001
16.04:  79.77674,-39.48209,319.2001
16.05:  79.79623,-39.1334,318.2
16.07:  79.80247,-38.77575,316.0001
16.09:  79.7969,-38.42059,314.1001
16.1:  79.76985,-38.07694,310.5001
16.12:  79.72225,-37.7202,307.4001
16.14:  79.6599,-37.37367,304.8
16.15:  79.58309,-37.03003,302.4001
16.17:  79.49519,-36.6852,300.7
16.19:  79.3961,-36.34413,298.8
16.2:  79.29218,-36.00839,297.8
16.22:  79.18439,-35.66861,297.4001
16.24:  79.07796,-35.33309,297.4001
16.25:  78.97274,-35.00138,297.4001
16.27:  78.86395,-34.65844,297.4001
16.29:  78.75771,-34.32352,297.4001
16.3:  78.64697,-33.97443,297.4001
16.32:  78.54353,-33.64836,297.4001
16.34:  78.43603,-33.31149,297.3
16.35:  78.32883,-32.97959,297.1001
16.37:  78.21516,-32.63989,296.5001
16.39:  78.09541,-32.30725,295.2001
16.4:  77.96693,-31.97942,293.6
16.42:  77.82626,-31.65433,291.6
16.44:  77.66297,-31.31657,289.2001
16.45:  77.50935,-31.02521,287.2
16.47:  77.32938,-30.70051,286.0001
16.49:  77.15527,-30.40494,284.5001
16.5:  76.97147,-30.10618,283.4001
16.52:  76.77969,-29.80745,282.3
16.54:  76.58198,-29.51652,280.8
16.55:  76.37419,-29.23469,278.6
16.57:  76.15594,-28.95434,277.1
16.59:  75.92902,-28.68004,275.4001
16.6:  75.68878,-28.39875,274.5
16.62:  75.45978,-28.13624,273.9
16.64:  75.23304,-27.87906,273.6
16.65:  74.99613,-27.61034,273.6
16.67:  74.76129,-27.34583,273.4001
16.69:  74.53264,-27.09009,273.2
16.7:  74.29249,-26.82893,272.4
16.72:  74.04591,-26.5727,271.1
16.74:  73.79156,-26.321,269.7
16.75:  73.53802,-26.08622,267.8
16.77:  73.27358,-25.8456,267.3
16.79:  73.0118,-25.60822,267.2
16.8:  72.75355,-25.37406,267.2
16.82:  72.48852,-25.14602,267.2
16.84:  72.22813,-24.9339,267.2
16.85:  71.96925,-24.7349,267.2
16.87:  71.70876,-24.54676,267.2
16.89:  71.45348,-24.37411,267.2
16.9:  71.19556,-24.2117,267.2
16.92:  70.93427,-24.05962,267.2
16.94:  70.67702,-23.92205,267.2
16.95:  70.42463,-23.79885,267.2
16.97:  70.16403,-23.6843,267.2
16.99:  69.90962,-23.5846,267.2
17:  69.65572,-23.49729,267.2
17.02:  69.40001,-23.4218,267.2
17.04:  69.14855,-23.35969,267.2
17.05:  68.89935,-23.31012,267.2
17.07:  68.64264,-23.27188,267.2
17.09:  68.3941,-23.24695,267.2
17.1:  68.1433,-23.23421,267.2
17.12:  67.88969,-23.23411,267.2
17.14:  67.64271,-23.24619,267.2
17.15:  67.39371,-23.25837,267.2
17.17:  67.14188,-23.27068,267.2
17.19:  66.89316,-23.28285,267.2
17.2:  66.64362,-23.29505,267.2
17.22:  66.39104,-23.30741,267.2
17.24:  66.14194,-23.31959,267.2
17.25:  65.89548,-23.33164,267.2
17.27:  65.64213,-23.34403,267.2
17.29:  65.395,-23.35612,267.2
17.3:  65.14342,-23.36886,267.1
17.32:  64.89304,-23.38242,266.9
17.34:  64.64345,-23.39638,266.8
17.35:  64.39738,-23.41057,266.7
17.37:  64.14446,-23.42648,266.4
17.39:  63.88341,-23.44611,265.7
17.4:  63.64296,-23.46545,265.4
17.42:  63.3948,-23.48629,265.2
17.44:  63.14608,-23.50761,265.1
17.45:  62.90162,-23.52943,264.9
17.47:  62.64726,-23.55258,264.8
17.49:  62.40204,-23.5749,264.8
17.5:  62.15479,-23.5974,264.8
17.52:  61.90299,-23.62076,264.7
17.54:  61.6546,-23.6438,264.7
17.55:  61.40779,-23.66669,264.7
17.57:  61.15799,-23.68987,264.7
17.59:  60.90802,-23.71306,264.7
17.6:  60.66221,-23.73586,264.7
17.62:  60.40932,-23.75932,264.7
17.64:  60.16102,-23.78235,264.7
17.65:  59.91589,-23.80509,264.7
17.67:  59.65668,-23.82914,264.7
17.69:  59.41508,-23.85155,264.7
17.7:  59.16583,-23.87467,264.7
17.72:  58.91587,-23.89786,264.7
17.74:  58.66829,-23.92083,264.7
17.75:  58.41984,-23.94388,264.7
17.77:  58.17066,-23.96699,264.7
17.79:  57.92306,-23.98996,264.7
17.8:  57.67258,-24.0132,264.7
17.82:  57.42456,-24.03621,264.7
17.84:  57.17371,-24.05947,264.7
17.85:  56.92662,-24.0824,264.7
17.87:  56.67615,-24.10563,264.7
17.89:  56.42121,-24.12928,264.7
17.9:  56.17773,-24.15187,264.7
17.92:  55.92724,-24.17511,264.7
17.94:  55.68066,-24.19798,264.7
17.95:  55.43465,-24.2208,264.7
17.97:  55.1818,-24.24426,264.7
17.99:  54.93323,-24.26732,264.7
18:  54.68705,-24.29015,264.7
18.02:  54.43526,-24.31351,264.7
18.04:  54.18512,-24.33672,264.7
18.05:  53.93742,-24.3597,264.7
18.07:  53.68863,-24.3819,264.9
18.09:  53.43785,-24.40164,265.5001
18.1:  53.18914,-24.41554,266.8
18.12:  52.93877,-24.42253,268.4001
18.14:  52.6889,-24.42559,269.3
18.15:  52.44003,-24.42298,270.6
18.17:  52.18841,-24.41947,270.8
18.19:  51.9445,-24.41606,270.8
18.2:  51.69326,-24.41255,270.8
18.22:  51.44021,-24.40902,270.8
18.24:  51.18937,-24.40552,270.8
18.25:  50.94204,-24.40206,270.8
18.27:  50.69111,-24.39856,270.8
18.29:  50.44061,-24.39506,270.8
18.3:  50.19157,-24.39158,270.8
18.32:  49.94028,-24.38807,270.8
18.34:  49.69033,-24.38458,270.8
18.35:  49.4423,-24.38112,270.8
18.37:  49.19106,-24.37761,270.8
18.39:  48.94204,-24.37413,270.8
18.4:  48.69335,-24.37066,270.8
18.42:  48.44022,-24.36712,270.8
18.44:  48.18994,-24.36363,270.8
18.45:  47.94244,-24.36017,270.8
18.47:  47.69099,-24.35666,270.8
18.49:  47.44064,-24.35317,270.8
18.5:  47.19297,-24.34971,270.8
18.52:  46.94049,-24.34618,270.8
18.54:  46.69143,-24.3427,270.8
18.55:  46.44255,-24.33923,270.8
18.57:  46.19004,-24.3357,270.8
18.59:  45.93991,-24.33221,270.8
18.6:  45.6938,-24.32877,270.8
18.62:  45.44084,-24.32524,270.8
18.64:  45.19129,-24.32176,270.8
18.65:  44.94393,-24.3183,270.8
18.67:  44.69003,-24.31476,270.8
18.69:  44.44058,-24.31127,270.8
18.7:  44.19393,-24.30783,270.8
18.72:  43.94031,-24.30429,270.8
18.74:  43.69086,-24.3008,270.8
18.75:  43.44455,-24.29737,270.8
18.77:  43.19293,-24.29385,270.8
18.79:  42.94225,-24.29035,270.8
18.8:  42.69312,-24.28687,270.8
18.82:  42.44056,-24.28334,270.8
18.84:  42.19102,-24.27986,270.8
18.85:  41.94439,-24.27641,270.8
18.87:  41.69035,-24.27287,270.8
18.89:  41.44513,-24.26944,270.8
18.9:  41.19378,-24.26593,270.8
18.92:  40.94112,-24.26241,270.8
18.94:  40.69067,-24.25891,270.8
18.95:  40.44461,-24.25547,270.8
18.97:  40.19158,-24.25194,270.8
18.99:  39.94074,-24.24844,270.8
19:  39.6946,-24.245,270.8
19.02:  39.44096,-24.24146,270.8
19.04:  39.19092,-24.23796,270.8
19.05:  38.94442,-24.23452,270.8
19.07:  38.69074,-24.23098,270.8
19.09:  38.44073,-24.22749,270.8
19.1:  38.19433,-24.22405,270.8
19.12:  37.94142,-24.22052,270.8
19.14:  37.69221,-24.21704,270.8
19.15:  37.44481,-24.21358,270.8
19.17:  37.19104,-24.21048,270.7
19.19:  36.94071,-24.2083,270.5001
19.2:  36.68975,-24.20961,269.7
19.22:  36.4438,-24.21347,269.1
19.24:  36.194,-24.21958,268.6
19.25:  35.93073,-24.22693,268.4001
19.27:  35.69025,-24.23407,268.3
19.29:  35.4409,-24.24147,268.3
19.3:  35.18646,-24.24902,268.3
19.32:  34.93898,-24.2568,268.2001
19.34:  34.69167,-24.26457,268.2001
19.35:  34.44427,-24.27234,268.2001
19.37:  34.19438,-24.2802,268.2001
19.39:  33.94212,-24.28812,268.2001
19.4:  33.69458,-24.2959,268.2001
19.42:  33.44296,-24.30381,268.2001
19.44:  33.19311,-24.31166,268.2001
19.45:  32.9465,-24.31941,268.2001
19.47:  32.69333,-24.32737,268.2001
19.49:  32.44393,-24.33521,268.2001
19.5:  32.19503,-24.34303,268.2001
19.52:  31.94724,-24.35081,268.2001
19.54:  31.69298,-24.3588,268.2001
19.55:  31.44628,-24.36656,268.2001
19.57:  31.19371,-24.37449,268.2001
19.59:  30.94377,-24.38235,268.2001
19.6:  30.69669,-24.39011,268.2001
19.62:  30.44427,-24.39805,268.2001
19.64:  30.19411,-24.40591,268.2001
19.65:  29.94594,-24.41371,268.2001
19.67:  29.69324,-24.42165,268.2001
19.69:  29.44467,-24.42946,268.2001
19.7:  29.1982,-24.4372,268.2001
19.72:  28.94569,-24.44514,268.2001
19.74:  28.69554,-24.453,268.2001
19.75:  28.44734,-24.4608,268.2001
19.77:  28.19514,-24.46873,268.2001
19.79:  27.94515,-24.47658,268.2001
19.8:  27.69958,-24.4843,268.2001
19.82:  27.44601,-24.49227,268.2001
19.84:  27.19577,-24.50013,268.2001
19.85:  26.94775,-24.50793,268.2001
19.87:  26.69486,-24.51587,268.2001
19.89:  26.44536,-24.52371,268.2001
19.9:  26.20003,-24.53142,268.2001
19.92:  25.946,-24.53941,268.2001
19.94:  25.69868,-24.54718,268.2001
19.95:  25.44391,-24.55563,268.1001
19.97:  25.19682,-24.56383,268.1001
19.99:  24.9469,-24.57212,268.1001
20:  24.69977,-24.58031,268.1001
20.02:  24.44799,-24.58867,268.1001
20.04:  24.19721,-24.59698,268.1001
20.05:  23.9499,-24.60519,268.1001
20.07:  23.69724,-24.61357,268.1001
20.09:  23.44806,-24.62184,268.1001
20.1:  23.2007,-24.63004,268.1001
20.12:  22.94757,-24.63844,268.1001
20.14:  22.69788,-24.64672,268.1001
20.15:  22.45181,-24.65488,268.1001
20.17:  22.19846,-24.66373,268.0001
20.19:  21.95052,-24.67239,268.0001
20.2:  21.70093,-24.6811,268.0001
20.22:  21.44867,-24.68991,268.0001
20.24:  21.19794,-24.69911,267.9001
20.25:  20.95176,-24.70856,267.8
20.27:  20.69893,-24.71916,267.6001
20.29:  20.44854,-24.73097,267.3
20.3:  20.20225,-24.74344,267.1001
20.32:  19.94952,-24.75713,266.9001
20.34:  19.69935,-24.77199,266.6001
20.35:  19.4534,-24.78747,266.4001
20.37:  19.20243,-24.8037,266.3
20.39:  18.94617,-24.82027,266.3
20.4:  18.69407,-24.83701,266.2001
20.42:  18.45362,-24.85298,266.2001
20.44:  18.20336,-24.87004,266.1001
20.45:  17.95685,-24.88685,266.1001
20.47:  17.70499,-24.90402,266.1001
20.49:  17.45619,-24.92098,266.1001
20.5:  17.20868,-24.93785,266.1001
20.52:  16.9562,-24.95507,266.1001
20.54:  16.70731,-24.97203,266.1001
20.55:  16.46109,-24.98882,266.1001
20.57:  16.20774,-25.00609,266.1001
20.59:  15.95931,-25.02303,266.1001
20.6:  15.71291,-25.03982,266.1001
20.62:  15.45817,-25.05719,266.1001
20.64:  15.21462,-25.07379,266.1001
20.65:  14.96509,-25.09081,266.1001
20.67:  14.71239,-25.10803,266.1001
20.69:  14.4628,-25.12505,266.1001
20.7:  14.21496,-25.14194,266.1001
20.72:  13.96568,-25.15894,266.1001
20.74:  13.71447,-25.17606,266.1001
20.75:  13.46671,-25.19295,266.1001
20.77:  13.21483,-25.21012,266.1001
20.79:  12.96646,-25.22705,266.1001
20.8:  12.71895,-25.24393,266.1001
20.82:  12.46606,-25.26117,266.1001
20.84:  12.21843,-25.27805,266.1001
20.85:  11.97211,-25.29484,266.1001
20.87:  11.71903,-25.3121,266.1001
20.89:  11.46349,-25.32952,266.1001
20.9:  11.21752,-25.34628,266.1001
20.92:  10.97157,-25.36305,266.1001
20.94:  10.72175,-25.38008,266.1001
20.95:  10.47332,-25.39702,266.1001
20.97:  10.22226,-25.41413,266.1001
20.99:  9.971674,-25.4299,266.4001
21:  9.724864,-25.44327,266.9001
21.02:  9.472894,-25.45427,267.5001
21.04:  9.221301,-25.46041,268.6001
21.05:  8.97601,-25.46041,270.0001
21.07:  8.723023,-25.45114,272.1
21.09:  8.474246,-25.42894,275.1001
21.1:  8.231195,-25.38564,280.1001
21.12:  7.986418,-25.32552,283.8
21.14:  7.747323,-25.25013,287.5001
21.15:  7.515307,-25.16014,291.2001
21.17:  7.287667,-25.05447,294.9001
21.19:  7.070509,-24.93754,298.3
21.2:  6.844538,-24.81355,301.7001
21.22:  6.624762,-24.6975,303.6001
21.25:  6.399016,-24.58676,304.7001
21.27:  6.157166,-24.47933,305.4001
21.29:  5.926701,-24.38427,306.5001
21.3:  5.682133,-24.28872,308.1001
21.32:  5.441152,-24.19425,310.7001
21.34:  5.184777,-24.09508,313.0001
21.35:  4.930333,-23.99623,315.5001
21.37:  4.66933,-23.89657,317.5001
21.39:  4.404141,-23.79128,320.5001
21.4:  4.135851,-23.67683,324.1001
21.42:  3.870004,-23.5541,327.8001
21.44:  3.60182,-23.39752,335.3001
21.45:  3.340136,-23.22754,339.9001
21.47:  3.078176,-23.04198,344.0001
21.49:  2.819665,-22.84064,348.3001
21.5:  2.562709,-22.62206,352.4001
21.52:  2.315044,-22.38576,357.2001
21.54:  2.07543,-22.1215,2.800067
21.55:  1.888443,-21.82341,12.90007
21.57:  1.968638,-21.58512,18.60007
21.59:  2.081797,-21.3626,24.10007
21.6:  2.221721,-21.15289,28.00007
21.62:  2.375319,-20.96956,31.00007
21.64:  2.539678,-20.8065,32.70007
21.65:  2.713931,-20.66557,34.60007
21.67:  2.90046,-20.52873,35.30006
21.69:  3.112476,-20.38651,35.90007
21.7:  3.34098,-20.24549,36.50007
21.72:  3.578617,-20.11694,37.40007
21.74:  3.838169,-19.99581,38.40007
21.75:  4.11843,-19.89339,41.00007
21.77:  4.391391,-19.81521,43.00007
21.79:  4.661974,-19.73865,45.30007
21.8:  4.929249,-19.65983,46.90007
21.82:  5.189386,-19.57957,48.50007
21.84:  5.446394,-19.49518,49.90007
21.85:  5.696429,-19.41166,52.10007
21.87:  5.944395,-19.33519,56.00007
21.89:  6.192511,-19.26118,59.20007
21.9:  6.440375,-19.19547,63.70007
21.92:  6.683601,-19.13847,68.10007
21.94:  6.927927,-19.08206,71.10007
21.95:  7.185057,-19.02221,74.00007
21.97:  7.420482,-18.96004,75.10007
21.99:  7.658934,-18.89838,75.50007
22:  7.900635,-18.83677,75.70007
22.02:  8.144068,-18.77562,75.90007
22.04:  8.386106,-18.71527,76.00006
22.05:  8.629027,-18.65651,76.40006
22.07:  8.871998,-18.60398,77.80007
22.09:  9.121586,-18.55456,78.80007
22.1:  9.365444,-18.51068,79.80007
22.12:  9.609853,-18.47066,80.70007
22.14:  9.855825,-18.4317,81.00007
22.15:  10.10377,-18.39243,81.00007
22.17:  10.34961,-18.35349,81.00007
22.19:  10.5977,-18.3142,81.00007
22.2:  10.84582,-18.27756,81.60007
22.22:  11.09486,-18.24521,82.60007
22.24:  11.34074,-18.2198,84.10007
22.25:  11.5927,-18.19909,85.30007
22.27:  11.85364,-18.18267,86.40007
22.29:  12.09574,-18.16659,86.20007
22.3:  12.34234,-18.15022,86.20007
22.32:  12.58797,-18.1339,86.20007
22.34:  12.84022,-18.11715,86.20007
22.35:  13.08822,-18.10068,86.20007
22.37:  13.33885,-18.08403,86.20007
22.39:  13.58558,-18.06764,86.20007
22.4:  13.84353,-18.05051,86.20007
22.42:  14.0922,-18.03399,86.20007
22.44:  14.33592,-18.01781,86.20007
22.45:  14.58805,-18.00106,86.20007
22.47:  14.83416,-17.98471,86.20007
22.49:  15.0842,-17.96811,86.20007
22.5:  15.33311,-17.95157,86.20007
22.52:  15.57957,-17.9352,86.20007
22.54:  15.8324,-17.91841,86.20007
22.55:  16.07926,-17.90201,86.20007
22.57:  16.32828,-17.88548,86.20007
22.59:  16.58115,-17.88147,86.20007
22.6:  16.83219,-17.88997,86.20007
22.62:  17.08087,-17.91051,86.20007
22.64:  17.33659,-17.94433,86.20007
22.65:  17.59054,-17.99032,86.20007
22.67:  17.84399,-18.04844,86.20007
22.69:  18.10001,-18.11951,86.20007
22.7:  18.35636,-18.17824,86.20007
22.72:  18.60827,-18.22383,86.20007
22.74:  18.86211,-18.25735,86.20007
22.75:  19.11301,-18.27821,86.20007
22.77:  19.37154,-18.28656,86.20007
22.79:  19.61474,-18.28267,86.20007
22.8:  19.86482,-18.26611,86.20007
22.82:  20.11294,-18.24963,86.20007
22.84:  20.36364,-18.23298,86.20007
22.85:  20.61283,-18.21643,86.20007
22.87:  20.86088,-18.19996,86.20007
22.89:  21.11056,-18.18337,86.20007
22.9:  21.36065,-18.16676,86.20007
22.92:  21.60874,-18.15028,86.20007
22.94:  21.85884,-18.13323,86.10007
22.95:  22.10889,-18.11575,86.00008
22.97:  22.35723,-18.09795,85.90007
22.99:  22.60858,-18.07993,85.90007
23:  22.86032,-18.06189,85.90007
23.02:  23.10472,-18.04437,85.90007
23.04:  23.36537,-18.03928,85.90007
23.05:  23.60801,-18.04619,85.90007
23.07:  23.87032,-18.06713,85.90007
23.09:  24.12053,-18.10014,86.10007
23.1:  24.36882,-18.14517,86.20007
23.12:  24.6221,-18.20286,86.10007
23.14:  24.87501,-18.26915,85.40007
23.15:  25.13585,-18.34653,84.70007
23.17:  25.39613,-18.43031,83.60007
23.19:  25.66036,-18.52275,82.70007
23.2:  25.9273,-18.62431,82.00008
23.22:  26.19436,-18.73474,81.50007
23.24:  26.47105,-18.85825,81.00008
23.25:  26.75271,-18.99298,80.50007
23.27:  27.02561,-19.13205,80.10007
23.29:  27.30433,-19.28257,79.70008
23.3:  27.58934,-19.44565,79.40008
23.32:  27.87698,-19.61914,79.10008
23.34:  28.16891,-19.80473,78.90009
23.35:  28.47762,-20.00597,78.10008
23.37:  28.7646,-20.1881,77.40008
23.39:  29.06224,-20.37336,76.90008
23.4:  29.37597,-20.56637,76.60008
23.42:  29.66972,-20.74638,76.50008
23.44:  29.96842,-20.92942,76.50008
23.45:  30.27018,-21.11362,76.40009
23.47:  30.57347,-21.29875,76.40009
23.49:  30.87389,-21.47997,76.10009
23.5:  31.17904,-21.65972,75.5001
23.52:  31.48541,-21.83447,74.7001
23.54:  31.79814,-22.00357,73.40009
23.55:  32.11358,-22.16291,71.80009
23.57:  32.45218,-22.31296,68.90009
23.59:  32.76668,-22.4318,65.7001
23.6:  33.10466,-22.53836,62.50009
23.62:  33.44305,-22.62525,59.40009
23.64:  33.79195,-22.68677,55.0001
23.65:  34.1457,-22.72395,51.00009
23.67:  34.49513,-22.727,45.50009
23.69:  34.85138,-22.70895,42.10009
23.7:  35.20325,-22.67755,39.90009
23.72:  35.57501,-22.63651,38.70009
23.74:  35.90942,-22.59782,38.40009
23.75:  36.25839,-22.55744,38.40009
23.77:  36.60713,-22.51647,38.30009
23.79:  36.95517,-22.47559,38.30009
23.8:  37.30928,-22.43336,38.20009
23.82:  37.66324,-22.39053,38.10009
23.84:  38.01271,-22.34824,38.10009
23.85:  38.36471,-22.30502,38.00009
23.89:  38.71301,-22.26226,38.00009
23.9:  39.06728,-22.21876,38.00009
23.92:  39.4183,-22.17566,38.00009
23.94:  39.76553,-22.13302,38.00009
23.95:  40.11993,-22.08951,38.00009
23.97:  40.46889,-22.04666,38.00009
23.99:  40.81789,-22.00752,38.60009
24:  41.16945,-21.97552,39.8001
24.02:  41.52245,-21.95332,41.40009
24.04:  41.87627,-21.94467,43.60009
24.05:  42.23401,-21.95154,46.10009
24.07:  42.58689,-21.9756,48.90009
24.09:  42.9323,-22.02969,53.90009
24.1:  43.27874,-22.10712,57.60009
24.12:  43.61881,-22.20721,61.4001
24.14:  43.95272,-22.3248,64.4001
24.15:  44.2813,-22.45623,66.80009
24.17:  44.60754,-22.59673,68.30009
24.19:  44.94038,-22.74422,68.90009
24.2:  45.25463,-22.88414,69.00009
24.22:  45.5688,-23.0146,69.00009
24.24:  45.88451,-23.1358,69.00009
24.25:  46.19331,-23.24445,69.00009
24.27:  46.49765,-23.34148,69.00009
24.29:  46.79659,-23.42666,69.00009
24.3:  47.09554,-23.50127,69.00009
24.32:  47.38675,-23.56342,69.00009
24.34:  47.67189,-23.61371,69.00009
24.35:  47.95613,-23.65286,69.00009
24.37:  48.23452,-23.68013,69.00009
24.39:  48.50809,-23.69572,69.00009
24.4:  48.778,-23.69963,69.00009
24.42:  49.04277,-23.69186,69.00009
24.44:  49.29946,-23.67286,69.00009
24.45:  49.56011,-23.64112,69.00009
24.47:  49.81086,-23.59887,69.10011
24.49:  50.05835,-23.54743,69.7001
24.5:  50.31118,-23.48645,70.8001
24.52:  50.54689,-23.42712,73.00011
24.54:  50.79159,-23.37785,78.60011
24.55:  51.03882,-23.34398,82.2001
24.57:  51.28775,-23.32308,85.2001
24.59:  51.5379,-23.31566,88.30011
24.6:  51.78686,-23.31348,89.5001
24.62:  52.03758,-23.31261,89.8001
24.64:  52.28647,-23.31174,89.8001
24.65:  52.53678,-23.31087,89.8001
24.67:  52.78629,-23.31,89.8001
24.69:  53.03347,-23.30913,89.8001
24.7:  53.28721,-23.30825,89.8001
24.72:  53.53638,-23.30738,89.8001
24.74:  53.79377,-23.30648,89.8001
24.75:  54.04014,-23.30562,89.8001
24.77:  54.28951,-23.30475,89.8001
24.79:  54.53384,-23.3039,89.8001
24.8:  54.78788,-23.2901,89.8001
24.82:  55.03561,-23.26436,89.8001
24.84:  55.28317,-23.22636,89.8001
24.85:  55.53657,-23.1746,89.8001
24.87:  55.78578,-23.11125,89.8001
24.89:  56.03268,-23.03625,89.8001
24.9:  56.28706,-22.947,90.00011
24.92:  56.54469,-22.84862,91.0001
24.94:  56.79992,-22.75161,93.50011
24.95:  57.0576,-22.6573,96.50011
24.97:  57.33398,-22.58547,99.60011
24.99:  57.59018,-22.54521,102.9001
25:  57.84978,-22.52586,105.1001
25.02:  58.12513,-22.52956,107.4001
25.04:  58.37875,-22.55579,109.9001
25.05:  58.62267,-22.59772,111.1001
25.07:  58.86776,-22.65483,111.7001
25.09:  59.10607,-22.72363,111.9001
25.1:  59.35743,-22.78269,111.9001
25.12:  59.605,-22.82849,111.9001
25.14:  59.85902,-22.86316,111.9001
25.15:  60.12191,-22.88655,111.9001
25.17:  60.38297,-22.8981,111.9001
25.18:  60.65322,-22.89818,111.9001
25.2:  60.92537,-22.88681,111.9001
25.22:  61.2066,-22.86396,112.0001
25.24:  61.48983,-22.82975,112.0001
25.25:  61.7818,-22.78317,112.0001
25.27:  62.07406,-22.73212,113.2001
25.29:  62.37132,-22.68106,115.3001
25.3:  62.68351,-22.63025,117.7001
25.32:  63.00098,-22.57862,119.5001
25.34:  63.32085,-22.52729,121.3001
25.35:  63.64882,-22.46914,123.5001
25.37:  63.96469,-22.41066,126.1001
25.39:  64.29035,-22.34468,128.2001
25.4:  64.62634,-22.28007,130.6001
25.42:  64.92326,-22.22277,132.3001
25.44:  65.21467,-22.16796,134.4001
25.45:  65.50628,-22.10959,135.7001
25.47:  65.7999,-22.05605,138.8001
25.49:  66.07073,-22.00529,140.6001
25.5:  66.34851,-21.95438,143.1001
25.52:  66.61721,-21.90252,144.9001
25.54:  66.87616,-21.84696,146.1001
25.55:  67.13627,-21.78233,146.8001
25.57:  67.38676,-21.71173,147.6001
25.59:  67.64342,-21.63862,150.2001
25.6:  67.88371,-21.56659,152.1001
25.62:  68.12186,-21.4932,154.4001
25.64:  68.36069,-21.41444,156.1001
25.65:  68.59508,-21.33059,157.5001
25.67:  68.82772,-21.23848,158.4001
25.69:  69.06206,-21.14853,159.0001
25.7:  69.2945,-21.0607,159.3001
25.72:  69.52877,-20.97264,159.4001
25.74:  69.75865,-20.88623,159.4001
25.75:  69.99619,-20.79695,159.4001
25.77:  70.22906,-20.70942,159.4001
25.79:  70.46078,-20.62232,159.4001
25.8:  70.69642,-20.53045,158.7001
25.82:  70.92528,-20.43612,157.6001
25.84:  71.15301,-20.32945,154.9001
25.85:  71.37401,-20.21243,152.1001
25.87:  71.59164,-20.08525,149.7001
25.88:  71.79937,-19.95087,147.1001
25.9:  72.00301,-19.80881,145.1001
25.92:  72.21159,-19.65334,143.3001
25.94:  72.3956,-19.49507,139.3001
25.95:  72.56774,-19.31367,133.5001
25.97:  72.71887,-19.11165,126.8001
25.99:  72.8383,-18.89531,118.9001
26:  72.91196,-18.65587,107.1001
26.02:  72.91196,-18.65587,98.7001
26.04:  72.91208,-18.66924,89.5001
26.05:  72.91624,-18.69358,80.3001
26.07:  72.92793,-18.72912,71.8001
26.09:  72.94889,-18.77307,64.50011
26.1:  72.99783,-18.8197,55.4001
26.12:  73.06351,-18.8607,50.60011
26.14:  73.14985,-18.89703,46.10011
26.15:  73.25693,-18.92728,42.40011
26.17:  73.38387,-18.94738,38.10011
26.19:  73.52929,-18.95677,34.70011
26.2:  73.69296,-18.95615,32.30011
26.22:  73.87323,-18.94218,29.30011
26.24:  74.06841,-18.91533,26.90011
26.25:  74.28046,-18.87344,24.40011
26.27:  74.51225,-18.81131,21.30011
26.29:  74.74302,-18.73318,18.20011
26.3:  74.99772,-18.63158,15.70011
26.32:  75.26476,-18.50748,13.00011
26.34:  75.5218,-18.37697,11.40011
26.35:  75.78024,-18.22193,10.70011
26.37:  76.02518,-18.05041,10.00011
26.39:  76.25788,-17.86374,9.600109
26.4:  76.48301,-17.65589,9.00011
26.42:  76.68932,-17.43808,8.40011
26.44:  76.88661,-17.21083,7.900109
26.45:  77.07054,-16.98199,7.800109
26.47:  77.24046,-16.75357,7.800109
26.49:  77.39679,-16.52547,7.800109
26.5:  77.54285,-16.29152,7.70011
26.52:  77.67578,-16.05499,7.50011
26.54:  77.79338,-15.82067,7.30011
26.55:  77.89986,-15.57967,7.10011
26.57:  77.99215,-15.33896,6.900111
26.59:  78.07039,-15.09595,6.500111
26.6:  78.13454,-14.85077,6.100111
26.62:  78.18384,-14.60511,5.600111
26.64:  78.21849,-14.35936,5.100111
26.65:  78.23931,-14.10865,4.70011
26.67:  78.2587,-13.8623,4.500111
26.69:  78.27541,-13.61059,3.800111
26.7:  78.28891,-13.36148,3.100111
26.72:  78.29636,-13.11017,1.700111
26.74:  78.29379,-12.86355,359.4001
26.75:  78.28542,-12.61145,358.1001
26.77:  78.27145,-12.36146,356.8001
26.79:  78.25399,-12.11184,356.0001
26.8:  78.23555,-11.86067,355.8001
26.82:  78.21736,-11.61307,355.8001
26.84:  78.19919,-11.36557,355.8001
26.85:  78.18074,-11.11434,355.8001
26.87:  78.16241,-10.86477,355.8001
26.89:  78.14439,-10.61933,355.8001
26.9:  78.12573,-10.36519,355.8001
26.92:  78.10714,-10.11203,355.8001
26.94:  78.08875,-9.861509,355.8001
26.95:  78.07081,-9.617263,355.8001
26.97:  78.0524,-9.36656,355.8001
26.99:  78.03442,-9.1217,355.8001
27:  78.01591,-8.869712,355.8001
27.02:  77.99768,-8.62144,355.8001
27.04:  77.97945,-8.373221,355.8001
27.05:  77.96104,-8.122444,355.8001
27.07:  77.94279,-7.873921,355.8001
27.09:  77.92439,-7.623401,355.8001
27.1:  77.90606,-7.373734,355.8001
27.12:  77.88791,-7.126631,355.8001
27.14:  77.86958,-6.877007,355.8001
27.15:  77.85116,-6.626168,355.8001
27.17:  77.83287,-6.377158,355.8001
27.18:  77.81348,-6.125183,355.6001
27.2:  77.79437,-5.882287,355.5001
27.22:  77.77212,-5.611666,355.3001
27.24:  77.75099,-5.374921,354.9001
27.25:  77.72637,-5.128231,354.3001
27.27:  77.69936,-4.883547,353.7001
27.29:  77.669,-4.632642,353.1001
27.3:  77.63786,-4.386161,352.8001
27.32:  77.604,-4.125408,352.6001
27.34:  77.57254,-3.886511,352.5001
27.35:  77.54033,-3.641821,352.5001
27.37:  77.50773,-3.397495,352.4001
27.39:  77.47473,-3.150205,352.4001
27.4:  77.44122,-2.899035,352.4001
27.42:  77.40863,-2.654768,352.4001
27.44:  77.37534,-2.405285,352.4001
27.45:  77.34229,-2.157555,352.4001
27.47:  77.30902,-1.908249,352.4001
27.49:  77.2761,-1.661521,352.4001
27.5:  77.24298,-1.413275,352.4001
27.52:  77.20994,-1.16564,352.4001
27.54:  77.17702,-0.9189402,352.4001
27.55:  77.14384,-0.6702392,352.4001
27.57:  77.1106,-0.4210952,352.4001
27.59:  77.07766,-0.1742245,352.4001
27.6:  77.04446,0.07457465,352.4001
27.62:  77.01189,0.3187111,352.4001
27.64:  76.97868,0.5676083,352.4001
27.65:  76.94536,0.8173501,352.4001
27.67:  76.91238,1.064506,352.4001
27.69:  76.87938,1.311831,352.4001
27.7:  76.84639,1.559086,352.4001
27.72:  76.81316,1.808129,352.4001
27.74:  76.78018,2.055269,352.4001
27.75:  76.74685,2.305103,352.4001
27.77:  76.71397,2.551519,352.4001
27.79:  76.6811,2.797909,352.4001
27.8:  76.64779,3.047566,352.4001
27.82:  76.61464,3.296016,352.4001
27.84:  76.582,3.540612,352.4001
27.85:  76.54842,3.792269,352.4001
27.87:  76.51613,4.034332,352.4001
27.89:  76.48258,4.285705,352.4001
27.9:  76.4493,4.535184,352.4001
27.92:  76.41582,4.786088,352.4001
27.94:  76.3824,5.036566,352.4001
27.95:  76.35014,5.278371,352.4001
27.97:  76.31579,5.532444,352.3001
27.99:  76.28254,5.775148,352.2001
28:  76.2466,6.030883,352.0001
28.02:  76.21031,6.26804,351.3001
28.04:  76.16999,6.516989,350.8001
28.05:  76.12902,6.761804,350.5001
28.07:  76.08701,7.010202,350.4001
28.09:  76.045,7.253407,350.2001
28.1:  76.00169,7.501554,350.1001
28.12:  75.95813,7.746101,349.9001
28.14:  75.91287,7.992708,349.6001
28.15:  75.86707,8.239862,349.5001
28.17:  75.82126,8.484651,349.4001
28.19:  75.77454,8.731848,349.3001
28.2:  75.7279,8.976393,349.2001
28.22:  75.68056,9.222232,349.1001
28.24:  75.63337,9.467292,349.1001
28.25:  75.58604,9.713087,349.1001
28.27:  75.53914,9.956612,349.1001
28.29:  75.49001,10.21178,349.1001
28.3:  75.44465,10.44729,349.1001
28.32:  75.39682,10.69567,349.1001
28.34:  75.34985,10.93962,349.1001
28.35:  75.30296,11.18311,349.1001
28.37:  75.25542,11.43,349.1001
28.39:  75.20836,11.67437,349.1001
28.4:  75.16147,11.91786,349.1001
28.42:  75.1116,12.17679,349.1001
28.44:  75.06622,12.41249,349.1001
28.45:  75.01897,12.65784,349.1001
28.47:  74.97169,12.90333,349.1001
28.49:  74.92498,13.14593,349.1001
28.5:  74.87704,13.39487,349.1001
28.52:  74.83014,13.63844,349.1001
28.53:  74.78301,13.88317,349.1001
28.55:  74.73616,14.12648,349.1001
28.57:  74.68808,14.37615,349.1001
28.59:  74.64099,14.62069,349.1001
28.6:  74.59344,14.8676,349.1001
28.62:  74.54509,15.11868,349.1001
28.64:  74.49781,15.3642,349.1001
28.65:  74.45153,15.60456,349.1001
28.68:  74.40507,15.84582,349.1001
28.7:  74.3575,16.09284,349.1001
28.72:  74.31004,16.34164,349.2001
28.73:  74.26388,16.58594,349.3001
28.75:  74.21744,16.83173,349.3001
28.77:  74.17164,17.07411,349.3001
28.79:  74.12679,17.31144,349.3001
28.8:  74.08443,17.53563,349.3001
28.82:  74.04533,17.74256,349.3001
28.83:  74.00864,17.93675,349.3001
28.85:  73.97425,18.11879,349.3001
28.87:  73.94167,18.29117,349.3001
28.89:  73.91185,18.44902,349.3001
28.9:  73.88348,18.59913,349.3001
28.92:  73.85809,18.73357,349.3001
28.93:  73.83485,18.8565,349.3001
28.95:  73.81429,18.96531,349.3001
28.97:  73.79559,19.06434,349.3001
28.98:  73.77925,19.15079,349.3001
29:  73.76534,19.22438,349.3001
29.02:  73.75375,19.28576,349.3001
29.03:  73.74453,19.33455,349.3001
29.05:  73.7376,19.3712,349.3001
29.07:  73.73298,19.39567,349.3001
29.08:  73.73069,19.4078,349.3001
29.1:  73.73069,19.4078,349.3001
29.12:  73.73069,19.4078,349.3001
29.13:  73.73069,19.4078,349.3001
29.15:  73.73069,19.4078,349.3001
29.17:  73.73069,19.4078,349.3001
29.18:  73.73069,19.4078,349.3001
29.2:  73.73069,19.4078,349.3001
29.22:  73.73069,19.4078,349.3001
29.23:  73.73069,19.4078,349.3001
29.25:  73.73069,19.4078,349.3001
29.27:  73.73069,19.4078,349.3001
29.29:  73.73069,19.4078,349.3001
29.3:  73.73069,19.4078,349.3001
29.32:  73.73069,19.4078,349.3001
29.33:  73.73069,19.4078,349.3001
29.35:  73.73069,19.4078,349.3001
29.37:  73.73069,19.4078,349.3001
29.38:  73.73069,19.4078,349.3001
29.4:  73.73069,19.4078,349.3001
29.42:  73.73069,19.4078,349.3001
29.43:  73.73069,19.4078,349.3001
29.45:  73.73069,19.4078,349.3001
29.47:  73.73069,19.4078,349.3001
29.48:  73.73069,19.4078,349.3001
29.5:  73.73069,19.4078,349.3001
29.52:  73.73069,19.4078,349.3001
29.53:  73.73069,19.4078,349.3001
29.55:  73.73069,19.4078,349.3001
29.57:  73.73069,19.4078,349.3001
29.58:  73.73069,19.4078,349.3001
29.6:  73.73069,19.4078,349.3001
29.62:  73.73069,19.4078,349.3001
29.63:  73.73069,19.4078,349.3001
29.65:  73.73069,19.4078,349.3001
29.67:  73.73069,19.4078,349.3001
29.68:  73.73069,19.4078,349.3001
29.7:  73.73069,19.4078,349.3001
29.72:  73.73069,19.4078,349.3001
29.73:  73.73069,19.4078,349.3001
29.75:  73.73069,19.4078,349.3001
29.77:  73.73069,19.4078,349.3001
29.78:  73.73069,19.4078,349.3001
29.8:  73.73069,19.4078,349.3001
29.82:  73.73069,19.4078,349.3001
29.83:  73.73069,19.4078,349.3001
29.85:  73.73069,19.4078,349.3001
29.87:  73.73069,19.4078,349.3001
29.88:  73.73069,19.4078,349.3001
29.9:  73.73069,19.4078,349.3001
29.92:  73.73069,19.4078,349.3001
29.93:  73.73069,19.4078,349.3001
29.95:  73.73069,19.4078,349.3001
29.97:  73.73069,19.4078,349.3001
29.98:  73.73069,19.4078,349.3001
30:  73.73069,19.4078,349.3001
30.02:  73.73069,19.4078,349.3001
30.03:  73.73069,19.4078,349.3001
30.05:  73.73069,19.4078,349.3001
30.07:  73.73069,19.4078,349.3001
30.08:  73.73069,19.4078,349.3001
30.1:  73.73069,19.4078,349.3001
30.12:  73.73069,19.4078,349.3001
30.14:  73.73069,19.4078,349.3001
30.15:  73.73069,19.4078,349.3001
30.17:  73.73069,19.4078,349.3001
30.18:  73.73069,19.4078,349.3001
30.2:  73.73069,19.4078,349.3001
30.22:  73.73069,19.4078,349.3001
30.23:  73.73069,19.4078,349.3001
30.25:  73.73069,19.4078,349.3001
30.27:  73.73069,19.4078,349.3001
30.28:  73.73069,19.4078,349.3001
30.3:  73.73069,19.4078,349.3001
30.32:  73.73069,19.4078,349.3001
30.33:  73.73069,19.4078,349.3001
30.35:  73.73069,19.4078,349.3001
30.37:  73.73069,19.4078,349.3001
30.38:  73.73069,19.4078,349.3001
30.4:  73.73069,19.4078,349.3001
30.42:  73.73069,19.4078,349.3001
30.43:  73.73069,19.4078,349.3001
30.45:  73.73069,19.4078,349.3001
30.47:  73.73069,19.4078,349.3001
30.48:  73.73069,19.4078,349.3001
30.5:  73.73069,19.4078,349.3001
