ParticipantNo: 11015
Controller type: Gamepad
Training Level:
0.03:  82.7,18.5,270
0.07:  82.7,18.5,270
0.09:  82.7,18.5,270
0.11:  82.7,18.5,270
0.13:  82.7,18.5,270
0.14:  82.7,18.5,270
0.16:  82.7,18.5,270
0.18:  82.7,18.5,270
0.19:  82.7,18.5,270
0.21:  82.7,18.5,270
0.23:  82.7,18.5,270
0.24:  82.7,18.5,270
0.26:  82.7,18.5,270
0.28:  82.7,18.5,270
0.29:  82.7,18.5,270
0.31:  82.7,18.5,270
0.33:  82.7,18.5,270
0.34:  82.7,18.5,270
0.36:  82.7,18.5,270
0.38:  82.7,18.5,270
0.39:  82.7,18.5,270
0.41:  82.7,18.5,270
0.43:  82.7,18.5,270
0.44:  82.7,18.5,270.002
0.46:  82.7,18.5,270.002
0.48:  82.7,18.5,270.002
0.49:  82.7,18.5,270.002
0.51:  82.7,18.5,270.002
0.53:  82.7,18.5,270.002
0.54:  82.7,18.5,270.002
0.56:  82.7,18.5,270.002
0.58:  82.7,18.5,270.002
0.59:  82.7,18.5,270.002
0.61:  82.7,18.5,270.002
0.63:  82.7,18.5,270.002
0.64:  82.7,18.5,270.002
0.66:  82.7,18.5,270.002
0.68:  82.7,18.5,270.002
0.69:  82.7,18.5,270.002
0.71:  82.7,18.5,270.002
0.73:  82.7,18.5,270.002
0.74:  82.7,18.5,270.002
0.76:  82.7,18.5,270.002
0.78:  82.7,18.5,270.002
0.79:  82.7,18.5,270.002
0.81:  82.7,18.5,270.002
0.83:  82.7,18.5,270.002
0.84:  82.7,18.5,270.002
0.86:  82.7,18.5,270.002
0.88:  82.7,18.5,270.002
0.89:  82.7,18.5,270.002
0.91:  82.7,18.5,270.002
0.93:  82.7,18.5,270.002
0.94:  82.7,18.5,270.002
0.96:  82.7,18.5,270.002
0.98:  82.7,18.5,270.002
0.99:  82.7,18.5,270.002
1.01:  82.7,18.5,270.002
1.03:  82.7,18.5,270.002
1.04:  82.7,18.5,270.002
1.06:  82.7,18.5,270.002
1.08:  82.7,18.5,270.002
1.09:  82.7,18.5,270.002
1.11:  82.7,18.5,270.002
1.13:  82.7,18.5,270.002
1.14:  82.7,18.5,270.002
1.16:  82.7,18.5,270.002
1.18:  82.7,18.5,270.002
1.19:  82.7,18.5,270.002
1.21:  82.7,18.5,270.002
1.23:  82.7,18.5,270.002
1.24:  82.7,18.5,270.002
1.26:  82.7,18.5,270.002
1.28:  82.7,18.5,270.002
1.29:  82.7,18.5,270.002
1.31:  82.7,18.5,270.002
1.33:  82.7,18.5,270.002
1.34:  82.7,18.5,270.002
1.36:  82.7,18.5,270.002
1.38:  82.7,18.5,270.002
1.39:  82.7,18.5,270.002
1.41:  82.7,18.5,270.002
1.43:  82.7,18.5,270.002
1.44:  82.7,18.5,270.002
1.46:  82.7,18.5,270.002
1.48:  82.7,18.5,270.002
1.49:  82.7,18.5,270.002
1.51:  82.7,18.5,270.002
1.53:  82.7,18.5,270.002
1.54:  82.7,18.5,270.002
1.56:  82.7,18.5,270.002
1.58:  82.7,18.5,270.002
1.59:  82.7,18.5,270.002
1.61:  82.7,18.5,270.002
1.63:  82.7,18.5,270.002
1.64:  82.7,18.5,270.002
1.66:  82.7,18.5,270.002
1.68:  82.7,18.5,270.002
1.69:  82.7,18.5,270.002
1.71:  82.7,18.5,270.002
1.73:  82.7,18.5,270.002
1.74:  82.7,18.5,270.002
1.76:  82.7,18.5,270.002
1.78:  82.7,18.5,270.002
1.79:  82.7,18.5,270.002
1.81:  82.7,18.5,270.002
1.83:  82.7,18.5,270.002
1.84:  82.7,18.5,270.002
1.86:  82.7,18.5,270.002
1.88:  82.7,18.5,270.002
1.89:  82.7,18.5,270.002
1.91:  82.7,18.5,270.002
1.93:  82.7,18.5,270.002
1.94:  82.7,18.5,270.002
1.96:  82.7,18.5,270.002
1.98:  82.7,18.5,270.002
1.99:  82.7,18.5,270.002
2.01:  82.7,18.5,270.002
2.03:  82.7,18.5,270.002
2.04:  82.7,18.5,270.002
2.06:  82.7,18.5,270.002
2.08:  82.7,18.5,270.002
2.09:  82.7,18.5,270.002
2.11:  82.7,18.5,270.002
2.13:  82.7,18.5,270.002
2.14:  82.7,18.5,270.002
2.16:  82.7,18.5,270.002
2.18:  82.7,18.5,270.002
2.19:  82.7,18.5,270.002
2.21:  82.7,18.5,270.002
2.23:  82.7,18.5,270.002
2.24:  82.7,18.5,270.002
2.26:  82.7,18.5,270.002
2.28:  82.7,18.5,270.002
2.29:  82.7,18.5,270.002
2.31:  82.7,18.5,270.002
2.33:  82.7,18.5,270.002
2.34:  82.7,18.5,270.002
2.36:  82.7,18.5,270.002
2.38:  82.7,18.5,270.002
2.39:  82.7,18.5,270.002
2.41:  82.7,18.5,270.002
2.43:  82.7,18.5,270.002
2.44:  82.7,18.5,270.002
2.46:  82.7,18.5,270.002
2.48:  82.7,18.5,270.002
2.49:  82.7,18.5,270.002
2.51:  82.7,18.5,270.002
2.53:  82.7,18.5,270.002
2.54:  82.7,18.5,270.002
2.56:  82.7,18.5,270.002
2.58:  82.7,18.5,270.002
2.59:  82.7,18.5,270.002
2.61:  82.7,18.5,270.002
2.63:  82.7,18.5,270.002
2.64:  82.7,18.5,270.002
2.66:  82.7,18.5,270.002
2.68:  82.7,18.5,270.002
2.69:  82.7,18.5,270.002
2.71:  82.7,18.5,270.002
2.73:  82.7,18.5,270.002
2.74:  82.7,18.5,270.002
2.76:  82.7,18.5,270.002
2.78:  82.7,18.5,270.002
2.79:  82.7,18.5,270.002
2.81:  82.7,18.5,270.002
2.83:  82.7,18.5,270.002
2.84:  82.7,18.5,270.002
2.86:  82.7,18.5,270.002
2.88:  82.7,18.5,270.002
2.89:  82.7,18.5,270.002
2.91:  82.7,18.5,270.004
2.93:  82.7,18.5,270.004
2.94:  82.7,18.5,270.004
2.96:  82.7,18.5,270.004
2.98:  82.7,18.5,270.004
2.99:  82.7,18.5,270.004
3.01:  82.7,18.5,270.004
3.03:  82.7,18.5,270.004
3.04:  82.7,18.5,270.004
3.06:  82.7,18.5,270.004
3.08:  82.7,18.5,270.004
3.09:  82.7,18.5,270.004
3.11:  82.7,18.5,270.004
3.13:  82.7,18.5,270.004
3.14:  82.7,18.5,270.004
3.16:  82.7,18.5,270.004
3.18:  82.7,18.5,270.004
3.19:  82.7,18.5,270.004
3.21:  82.7,18.5,270.004
3.23:  82.7,18.5,270.004
3.24:  82.7,18.5,270.004
3.26:  82.7,18.5,270.004
3.28:  82.7,18.5,270.004
3.29:  82.7,18.5,270.004
3.31:  82.7,18.5,270.004
3.33:  82.7,18.5,270.004
3.34:  82.7,18.5,270.004
3.36:  82.7,18.5,270.004
3.38:  82.7,18.5,270.004
3.39:  82.7,18.5,270.004
3.41:  82.7,18.5,270.004
3.43:  82.7,18.5,270.004
3.44:  82.7,18.5,270.004
3.46:  82.7,18.5,270.004
3.48:  82.7,18.5,270.004
3.49:  82.7,18.5,270.004
3.51:  82.7,18.5,270.004
3.53:  82.7,18.5,270.004
3.54:  82.7,18.5,270.004
3.56:  82.7,18.5,270.004
3.58:  82.7,18.5,270.004
3.59:  82.7,18.5,270.004
3.61:  82.7,18.5,270.004
3.63:  82.7,18.5,270.004
3.64:  82.7,18.5,270.004
3.66:  82.7,18.5,270.004
3.68:  82.7,18.5,270.004
3.69:  82.7,18.5,270.004
3.71:  82.7,18.5,270.004
3.73:  82.7,18.5,270.004
3.74:  82.7,18.5,270.004
3.76:  82.7,18.5,270.004
3.78:  82.7,18.5,270.004
3.79:  82.7,18.5,270.004
3.81:  82.7,18.5,270.004
3.83:  82.7,18.5,270.004
3.84:  82.7,18.5,270.004
3.86:  82.7,18.5,270.004
3.88:  82.7,18.5,270.004
3.89:  82.7,18.5,270.004
3.91:  82.7,18.5,270.004
3.93:  82.7,18.5,270.004
3.94:  82.7,18.5,270.004
3.96:  82.7,18.5,270.004
3.98:  82.7,18.5,270.004
3.99:  82.7,18.5,270.004
4.01:  82.7,18.5,270.004
4.03:  82.7,18.5,270.004
4.04:  82.7,18.5,270.004
4.06:  82.7,18.5,270.004
4.08:  82.7,18.5,270.004
4.09:  82.7,18.5,270.004
4.11:  82.7,18.5,270.004
4.13:  82.7,18.5,270.004
4.14:  82.7,18.5,270.004
4.16:  82.7,18.5,270.004
4.18:  82.7,18.5,270.004
4.19:  82.7,18.5,270.004
4.21:  82.7,18.5,270.004
4.23:  82.7,18.5,270.004
4.24:  82.7,18.5,270.004
4.26:  82.7,18.5,270.004
4.28:  82.7,18.5,270.004
4.29:  82.7,18.5,270.004
4.31:  82.7,18.5,270.004
4.33:  82.7,18.5,270.004
4.34:  82.7,18.5,270.004
4.36:  82.7,18.5,270.004
4.38:  82.7,18.5,270.004
4.39:  82.7,18.5,270.004
4.41:  82.7,18.5,270.004
4.43:  82.7,18.5,270.004
4.44:  82.7,18.5,270.004
4.46:  82.7,18.5,270.004
4.48:  82.7,18.5,270.004
4.49:  82.7,18.5,270.004
4.51:  82.7,18.5,270.004
4.53:  82.7,18.5,270.004
4.54:  82.7,18.5,270.004
4.56:  82.7,18.5,270.004
4.58:  82.7,18.5,270.004
4.59:  82.7,18.5,270.004
4.61:  82.7,18.5,270.004
4.63:  82.7,18.5,270.004
4.64:  82.7,18.5,270.004
4.66:  82.7,18.5,270.004
4.68:  82.7,18.5,270.004
4.69:  82.7,18.5,270.004
4.71:  82.7,18.5,270.004
4.73:  82.7,18.5,270.004
4.74:  82.7,18.5,270.004
4.76:  82.7,18.5,270.004
4.78:  82.7,18.5,270.004
4.79:  82.7,18.5,270.004
4.81:  82.7,18.5,270.004
4.83:  82.7,18.5,270.004
4.84:  82.7,18.5,270.004
4.86:  82.7,18.5,270.004
4.88:  82.7,18.5,270.004
4.89:  82.7,18.5,270.004
4.91:  82.7,18.5,270.004
4.93:  82.7,18.5,270.004
4.94:  82.7,18.5,270.004
4.96:  82.7,18.5,270.004
4.98:  82.7,18.5,270.004
4.99:  82.7,18.5,270.004
5.01:  82.7,18.5,270.004
5.03:  82.7,18.5,270.004
5.04:  82.7,18.5,270.004
5.06:  82.7,18.5,270.004
5.08:  82.7,18.5,270.004
5.09:  82.7,18.5,270.004
5.11:  82.7,18.5,270.004
5.13:  82.7,18.5,270.0059
5.14:  82.7,18.5,270.0059
5.16:  82.7,18.5,270.0059
5.18:  82.7,18.5,270.0059
5.19:  82.7,18.5,270.0079
5.21:  82.7,18.5,270.0079
5.23:  82.7,18.5,270.0079
5.24:  82.7,18.5,270.0079
5.26:  82.7,18.5,270.0079
5.28:  82.7,18.5,270.0079
5.29:  82.7,18.5,270.0079
5.31:  82.7,18.5,270.0079
5.33:  82.7,18.5,270.0079
5.34:  82.7,18.5,270.0079
5.36:  82.7,18.5,270.0079
5.38:  82.7,18.5,270.0079
5.39:  82.7,18.5,270.0079
5.41:  82.7,18.5,270.0079
5.43:  82.7,18.5,270.0079
5.44:  82.7,18.5,270.0079
5.46:  82.7,18.5,270.0079
5.48:  82.7,18.5,270.0079
5.49:  82.7,18.5,270.0079
5.51:  82.7,18.5,270.0079
5.53:  82.7,18.5,270.0079
5.54:  82.7,18.5,270.0079
5.56:  82.7,18.5,270.0079
5.58:  82.7,18.5,270.0079
5.59:  82.7,18.5,270.0079
5.61:  82.7,18.5,270.0079
5.63:  82.7,18.5,270.0079
5.64:  82.7,18.5,270.0079
5.66:  82.7,18.5,270.0079
5.68:  82.7,18.5,270.0079
5.69:  82.7,18.5,270.0079
5.71:  82.7,18.5,270.0079
5.73:  82.7,18.5,270.0079
5.74:  82.7,18.5,270.0079
5.76:  82.7,18.5,270.0079
5.78:  82.7,18.5,270.0079
5.79:  82.7,18.5,270.0079
5.81:  82.7,18.5,270.0079
5.83:  82.7,18.5,270.0079
5.84:  82.7,18.5,270.0079
5.86:  82.7,18.5,270.0079
5.88:  82.7,18.5,270.0079
5.89:  82.7,18.5,270.0079
5.91:  82.7,18.5,270.0079
5.93:  82.7,18.5,270.0079
5.94:  82.7,18.5,270.0079
5.96:  82.7,18.5,270.0079
5.98:  82.7,18.5,270.0079
5.99:  82.7,18.5,270.0079
6.01:  82.7,18.5,270.0079
6.03:  82.7,18.5,270.0079
6.04:  82.7,18.5,270.0079
6.06:  82.7,18.5,270.0079
6.08:  82.7,18.5,270.0079
6.09:  82.7,18.5,270.0079
6.11:  82.7,18.5,270.0079
6.13:  82.7,18.5,270.0079
6.14:  82.7,18.5,270.0079
6.16:  82.7,18.5,270.0079
6.18:  82.7,18.5,270.0079
6.19:  82.7,18.5,270.0079
6.21:  82.7,18.5,270.0079
6.23:  82.7,18.5,270.0079
6.24:  82.7,18.5,270.0079
6.26:  82.7,18.5,270.0079
6.28:  82.7,18.5,270.0079
6.29:  82.7,18.5,270.0079
6.31:  82.7,18.5,270.0079
6.33:  82.7,18.5,270.0079
6.34:  82.7,18.5,270.0079
6.36:  82.7,18.5,270.0079
6.38:  82.7,18.5,270.0079
6.39:  82.7,18.5,270.0079
6.41:  82.7,18.5,270.0079
6.43:  82.7,18.5,270.0079
6.44:  82.7,18.5,270.0079
6.46:  82.7,18.5,270.0079
6.48:  82.7,18.5,270.0079
6.49:  82.7,18.5,270.0079
6.51:  82.7,18.5,270.0079
6.53:  82.7,18.5,270.0079
6.54:  82.7,18.5,270.0079
6.56:  82.7,18.5,270.0079
6.58:  82.7,18.5,270.0079
6.59:  82.7,18.5,270.0079
6.61:  82.7,18.5,270.0079
6.63:  82.7,18.5,270.0079
6.64:  82.7,18.5,270.0079
6.66:  82.7,18.5,270.0079
6.68:  82.7,18.5,270.0079
6.69:  82.7,18.5,270.0079
6.71:  82.7,18.5,270.0079
6.73:  82.7,18.5,270.0079
6.74:  82.7,18.5,270.0079
6.76:  82.7,18.5,270.0079
6.78:  82.7,18.5,270.0059
6.79:  82.7,18.5,270.0059
6.81:  82.7,18.5,270.004
6.83:  82.7,18.5,270.002
6.84:  82.7,18.5,270
6.86:  82.7,18.5,269.998
6.88:  82.7,18.5,269.998
6.89:  82.7,18.5,269.998
6.91:  82.7,18.5,269.998
6.93:  82.7,18.5,269.998
6.94:  82.7,18.5,269.996
6.96:  82.7,18.5,269.996
6.98:  82.7,18.5,269.996
6.99:  82.7,18.5,269.996
7.01:  82.7,18.5,269.996
7.03:  82.7,18.5,269.996
7.04:  82.7,18.5,269.996
7.06:  82.7,18.5,269.996
7.08:  82.7,18.5,269.996
7.09:  82.7,18.5,269.996
7.11:  82.7,18.5,269.996
7.13:  82.7,18.5,269.996
7.14:  82.7,18.5,269.996
7.16:  82.7,18.5,269.996
7.18:  82.7,18.5,269.996
7.19:  82.7,18.5,269.996
7.21:  82.7,18.5,269.996
7.23:  82.7,18.5,269.996
7.24:  82.7,18.5,269.996
7.26:  82.7,18.5,269.996
7.28:  82.7,18.5,269.996
7.29:  82.7,18.5,269.996
7.31:  82.7,18.5,269.996
7.33:  82.7,18.5,269.996
7.34:  82.7,18.5,269.996
7.36:  82.7,18.5,269.996
7.38:  82.7,18.5,269.996
7.39:  82.7,18.5,269.996
7.41:  82.7,18.5,269.996
7.43:  82.7,18.5,269.996
7.44:  82.7,18.5,269.996
7.46:  82.7,18.5,269.996
7.48:  82.7,18.5,269.996
7.49:  82.7,18.5,269.996
7.51:  82.7,18.5,269.996
7.53:  82.7,18.5,269.996
7.54:  82.7,18.5,269.996
7.56:  82.7,18.5,269.996
7.58:  82.7,18.5,269.996
7.59:  82.7,18.5,269.996
7.61:  82.7,18.5,269.996
7.63:  82.7,18.5,269.996
7.64:  82.7,18.5,269.996
7.66:  82.7,18.5,269.996
7.68:  82.7,18.5,269.996
7.69:  82.7,18.5,269.996
7.71:  82.7,18.5,269.996
7.73:  82.7,18.5,269.996
7.74:  82.7,18.5,269.996
7.76:  82.7,18.5,269.996
7.78:  82.7,18.5,269.996
7.79:  82.7,18.5,269.996
7.81:  82.7,18.5,269.996
7.83:  82.7,18.5,269.996
7.84:  82.7,18.5,269.996
7.86:  82.7,18.5,269.996
7.88:  82.7,18.5,269.996
7.89:  82.7,18.5,269.996
7.91:  82.7,18.5,269.996
7.93:  82.7,18.5,269.996
7.94:  82.7,18.5,269.996
7.96:  82.7,18.5,269.996
7.98:  82.7,18.5,269.996
7.99:  82.7,18.5,269.996
8.01:  82.7,18.5,269.996
8.03:  82.7,18.5,269.996
8.04:  82.7,18.5,269.996
8.06:  82.7,18.5,269.996
8.08:  82.7,18.5,269.996
8.09:  82.7,18.5,269.996
8.11:  82.7,18.5,269.996
8.13:  82.7,18.5,269.996
