ParticipantNo: 12014
Controller type: Arrows Only
Training Level Timed:
0.02:  82.7,18.5,270
0.03:  82.7,18.5,270
0.05:  82.7,18.5,270
0.08:  82.7,18.5,270
0.1:  82.7,18.5,270
0.11:  82.7,18.5,270
0.13:  82.7,18.5,270
0.15:  82.7,18.5,270
0.16:  82.7,18.5,270
0.18:  82.7,18.5,270
0.2:  82.7,18.5,270
0.21:  82.7,18.5,270
0.23:  82.7,18.5,270
0.25:  82.7,18.5,270
0.26:  82.7,18.5,270
0.28:  82.7,18.5,270
0.3:  82.7,18.5,270
0.31:  82.7,18.5,270
0.33:  82.7,18.5,270
0.35:  82.7,18.5,270
0.36:  82.7,18.5,270
0.38:  82.7,18.5,270
0.4:  82.7,18.5,270
0.41:  82.7,18.5,270
0.43:  82.7,18.5,270
0.45:  82.7,18.5,270
0.46:  82.7,18.5,270
0.48:  82.7,18.5,270
0.5:  82.7,18.5,270
0.51:  82.7,18.5,270
0.53:  82.7,18.5,270
0.55:  82.7,18.5,270
0.56:  82.7,18.5,270
0.58:  82.7,18.5,270
0.6:  82.7,18.5,270
0.61:  82.7,18.5,270
0.63:  82.7,18.5,270
0.65:  82.7,18.5,270
0.66:  82.7,18.5,270
0.68:  82.7,18.5,270
0.7:  82.7,18.5,270
0.71:  82.7,18.5,270
0.73:  82.7,18.5,270
0.75:  82.7,18.5,270
0.76:  82.7,18.5,270
0.78:  82.7,18.5,270
0.8:  82.7,18.5,270
0.81:  82.7,18.5,270
0.83:  82.7,18.5,270
0.85:  82.7,18.5,270
0.86:  82.7,18.5,270
0.88:  82.7,18.5,270
0.9:  82.7,18.5,270
0.91:  82.7,18.5,270
0.93:  82.7,18.5,270
0.95:  82.7,18.5,270
0.96:  82.7,18.5,270
0.98:  82.7,18.5,270
1:  82.7,18.5,270
1.01:  82.7,18.5,270
1.03:  82.7,18.5,270
1.05:  82.7,18.5,270
1.06:  82.7,18.5,270
1.08:  82.7,18.5,270
1.1:  82.7,18.5,270
1.11:  82.7,18.5,270
1.13:  82.7,18.5,270
1.15:  82.7,18.5,270
1.16:  82.7,18.5,270
1.18:  82.7,18.5,270
1.2:  82.7,18.5,270
1.21:  82.7,18.5,270
1.23:  82.7,18.5,270
1.25:  82.7,18.5,270
1.26:  82.7,18.5,270
1.28:  82.7,18.5,270
1.3:  82.7,18.5,270
1.31:  82.7,18.5,270
1.33:  82.7,18.5,270
1.35:  82.7,18.5,270
1.36:  82.7,18.5,270
1.38:  82.7,18.5,270
1.4:  82.7,18.5,270
1.41:  82.7,18.5,270
1.43:  82.7,18.5,270
1.45:  82.7,18.5,270
1.46:  82.7,18.5,270
1.48:  82.7,18.5,270
1.5:  82.7,18.5,270
1.51:  82.7,18.5,270
1.53:  82.7,18.5,270
1.55:  82.7,18.5,270
1.56:  82.7,18.5,270
1.58:  82.7,18.5,270
1.6:  82.7,18.5,270
1.61:  82.7,18.5,270
1.63:  82.7,18.5,270
1.65:  82.7,18.5,270
1.66:  82.7,18.5,270
1.68:  82.7,18.5,270
1.7:  82.7,18.5,270
1.71:  82.7,18.5,270
1.73:  82.7,18.5,270
1.75:  82.7,18.5,270
1.76:  82.7,18.5,270
1.78:  82.7,18.5,270
1.8:  82.7,18.5,270
1.81:  82.7,18.5,270
1.83:  82.7,18.5,270
1.85:  82.7,18.5,270
1.86:  82.7,18.5,270
1.88:  82.7,18.5,270
1.9:  82.7,18.5,270
1.91:  82.7,18.5,270
1.93:  82.7,18.5,270
1.95:  82.7,18.5,270
1.96:  82.7,18.5,270
1.98:  82.7,18.5,270
2:  82.7,18.5,270
2.01:  82.7,18.5,270
2.03:  82.7,18.5,270
2.05:  82.7,18.5,270
2.06:  82.7,18.5,270
2.08:  82.7,18.5,270
2.1:  82.7,18.5,270
2.11:  82.7,18.5,270
2.13:  82.7,18.5,270
2.15:  82.7,18.5,270
2.16:  82.7,18.5,270
2.18:  82.7,18.5,270
2.2:  82.7,18.5,270
2.21:  82.7,18.5,270
2.23:  82.7,18.5,270
2.25:  82.7,18.5,270
2.26:  82.7,18.5,270
2.28:  82.7,18.5,270
2.3:  82.7,18.5,270
2.31:  82.7,18.5,270
2.33:  82.7,18.5,270
2.35:  82.7,18.5,270
2.36:  82.7,18.5,270
2.38:  82.7,18.5,270
2.4:  82.7,18.5,270
2.41:  82.7,18.5,270
2.43:  82.7,18.5,270
2.45:  82.7,18.5,270
2.46:  82.7,18.5,270
2.48:  82.7,18.5,270
2.5:  82.7,18.5,270
2.51:  82.7,18.5,270
2.53:  82.7,18.5,270
2.55:  82.7,18.5,270
2.56:  82.7,18.5,270
2.58:  82.7,18.5,270
2.6:  82.7,18.5,270
2.61:  82.7,18.5,270
2.63:  82.7,18.5,270
2.65:  82.7,18.5,270
2.66:  82.7,18.5,270
2.68:  82.7,18.5,270
2.7:  82.7,18.5,270
2.71:  82.7,18.5,270
2.73:  82.7,18.5,270
2.75:  82.7,18.5,270
2.76:  82.7,18.5,270
2.78:  82.7,18.5,270
2.8:  82.7,18.5,270
2.81:  82.7,18.5,270
2.83:  82.7,18.5,270
2.85:  82.7,18.5,270
2.86:  82.7,18.5,270
2.88:  82.7,18.5,270
2.9:  82.7,18.5,270
2.91:  82.7,18.5,270
2.93:  82.7,18.5,270
2.95:  82.7,18.5,270
2.96:  82.7,18.5,270
2.98:  82.7,18.5,270
3:  82.7,18.5,270
3.01:  82.7,18.5,270
3.03:  82.7,18.5,270
3.05:  82.7,18.5,270
3.06:  82.7,18.5,270
3.08:  82.7,18.5,270
3.1:  82.7,18.5,270
3.11:  82.7,18.5,270
3.13:  82.7,18.5,270
3.15:  82.7,18.5,270
3.16:  82.7,18.5,270
3.18:  82.7,18.5,270
3.2:  82.7,18.5,270
3.21:  82.7,18.5,270
3.23:  82.7,18.5,270
3.25:  82.7,18.5,270
3.26:  82.7,18.5,270
3.28:  82.7,18.5,270
3.3:  82.7,18.5,270
3.31:  82.7,18.5,270
3.33:  82.7,18.5,270
3.35:  82.7,18.5,270
3.36:  82.7,18.5,270
3.38:  82.7,18.5,270
3.4:  82.7,18.5,270
3.41:  82.7,18.5,270
3.43:  82.7,18.5,270
3.45:  82.7,18.5,270
3.46:  82.7,18.5,270
3.48:  82.7,18.5,270
3.5:  82.7,18.5,270
3.51:  82.7,18.5,270
3.53:  82.7,18.5,270
3.55:  82.7,18.5,270
3.56:  82.7,18.5,270
3.58:  82.7,18.5,270
3.6:  82.7,18.5,270
3.61:  82.7,18.5,270
3.63:  82.7,18.5,270
3.65:  82.7,18.5,270
3.66:  82.7,18.5,270
3.68:  82.7,18.5,270
3.7:  82.7,18.5,270
3.71:  82.7,18.5,270
3.73:  82.7,18.5,270
3.75:  82.7,18.5,270
3.76:  82.7,18.5,270
3.78:  82.7,18.5,270
3.8:  82.7,18.5,270
3.81:  82.7,18.5,270
3.83:  82.7,18.5,270
3.85:  82.7,18.5,270
3.86:  82.7,18.5,270
3.88:  82.7,18.5,270
3.9:  82.7,18.5,270
3.91:  82.7,18.5,270
3.93:  82.7,18.5,270
3.95:  82.7,18.5,270
3.96:  82.7,18.5,270
3.98:  82.7,18.5,270
4:  82.7,18.5,270
4.01:  82.7,18.5,270
4.03:  82.7,18.5,270
4.05:  82.7,18.5,270
4.06:  82.7,18.5,270
4.08:  82.7,18.5,270
4.1:  82.7,18.5,270
4.11:  82.7,18.5,270
4.13:  82.7,18.5,270
4.15:  82.7,18.5,270
4.16:  82.7,18.5,270
4.2:  82.7,18.5,270
4.21:  82.7,18.5,270
4.23:  82.7,18.5,270
4.25:  82.7,18.5,270
4.26:  82.7,18.5,270
4.28:  82.7,18.5,270
4.3:  82.7,18.5,270
4.31:  82.7,18.5,270
4.33:  82.7,18.5,270
4.35:  82.7,18.5,270
4.36:  82.7,18.5,270
4.38:  82.7,18.5,270
4.4:  82.7,18.5,270
4.41:  82.7,18.5,270
4.43:  82.7,18.5,270
4.45:  82.7,18.5,270
4.46:  82.7,18.5,270
4.48:  82.7,18.5,270
4.5:  82.7,18.5,270
4.51:  82.7,18.5,270
4.53:  82.7,18.5,270
4.55:  82.7,18.5,270
4.56:  82.7,18.5,270
4.58:  82.7,18.5,270
4.6:  82.7,18.5,270
4.61:  82.7,18.5,270
4.63:  82.7,18.5,270
4.65:  82.7,18.5,270
4.66:  82.7,18.5,270
4.68:  82.7,18.5,270
4.7:  82.7,18.5,270
4.71:  82.7,18.5,270
4.73:  82.7,18.5,270
4.75:  82.7,18.5,270
4.76:  82.7,18.5,270
4.78:  82.7,18.5,270
4.8:  82.7,18.5,270
4.81:  82.7,18.5,270
4.83:  82.7,18.5,270
4.85:  82.7,18.5,270
4.86:  82.7,18.5,270
4.88:  82.7,18.5,270
4.9:  82.7,18.5,270
4.91:  82.7,18.5,270
4.93:  82.7,18.5,270
4.95:  82.7,18.5,270
4.96:  82.7,18.5,270
4.98:  82.7,18.5,270
5:  82.7,18.5,270
5.01:  82.68748,18.5,270
5.03:  82.66245,18.5,270
5.05:  82.62582,18.5,270
5.06:  82.57543,18.5,270
5.08:  82.51331,18.5,270
5.1:  82.43829,18.5,270
5.11:  82.35088,18.5,270
5.13:  82.25042,18.5,270
5.15:  82.13931,18.5,270
5.16:  82.01475,18.5,270
5.18:  81.87488,18.5,270
5.2:  81.72544,18.5,270
5.21:  81.55942,18.5,270
5.23:  81.38793,18.5,270
5.25:  81.20231,18.5,270
5.26:  80.99593,18.5,270
5.28:  80.7845,18.5,270
5.3:  80.55913,18.5,270
5.31:  80.3265,18.5,270
5.33:  80.07764,18.5,270
5.35:  79.82624,18.5,270
5.36:  79.576,18.5,270
5.38:  79.32599,18.5,270
5.4:  79.07806,18.5,270
5.41:  78.82597,18.5,270
5.43:  78.57642,18.5,270
5.45:  78.32866,18.5,270
5.46:  78.07214,18.5,270
5.48:  77.82475,18.5,270
5.5:  77.5742,18.5,270
5.51:  77.31964,18.5,270
5.53:  77.0682,18.5,270
5.55:  76.82262,18.5,270
5.56:  76.57618,18.5,270
5.58:  76.3268,18.5,270
5.6:  76.07835,18.5,270
5.61:  75.82798,18.5,270
5.63:  75.57567,18.5,270
5.65:  75.32762,18.5,270
5.66:  75.07709,18.5,270
5.68:  74.82421,18.5,270
5.7:  74.57711,18.5,270
5.71:  74.32639,18.5,270
5.73:  74.0755,18.5,270
5.75:  73.82751,18.5,270
5.76:  73.57714,18.5,270
5.78:  73.32554,18.5,270
5.8:  73.07641,18.5,270
5.81:  72.82528,18.5,270
5.83:  72.57678,18.5,270
5.85:  72.31681,18.5,270
5.86:  72.07192,18.5,270
5.88:  71.82256,18.5,270
5.9:  71.5769,18.5,270
5.91:  71.32525,18.5,270
5.93:  71.07388,18.5,270
5.95:  70.82745,18.5,270
5.96:  70.56546,18.5,270
5.98:  70.325,18.5,270
6:  70.07604,18.5,270
6.01:  69.82498,18.5,270
6.03:  69.57652,18.5,270
6.05:  69.32829,18.5,270
6.06:  69.07621,18.5,270
6.08:  68.82704,18.5,270
6.1:  68.57469,18.5,270
6.11:  68.32719,18.5,270
6.13:  68.07439,18.5,270
6.15:  67.82491,18.5,270
6.16:  67.57582,18.5,270
6.18:  67.32404,18.5,270
6.2:  67.07622,18.5,270
6.21:  66.81393,18.5,270
6.23:  66.57269,18.5,270
6.25:  66.32227,18.5,270
6.26:  66.07443,18.5,270
6.28:  65.82578,18.5,270
6.3:  65.57737,18.5,270
6.31:  65.3259,18.5,270
6.33:  65.07546,18.5,270
6.35:  64.82498,18.5,270
6.36:  64.57887,18.5,270
6.38:  64.32472,18.5,270
6.4:  64.07903,18.5,270
6.41:  63.82549,18.5,270
6.43:  63.57507,18.5,270
6.45:  63.32746,18.5,270
6.46:  63.07621,18.5,270
6.48:  62.82623,18.5,270
6.5:  62.57413,18.5,270
6.51:  62.32713,18.5,270
6.53:  62.06668,18.5,270
6.55:  61.82866,18.5,270
6.56:  61.57664,18.5,270
6.58:  61.32611,18.5,270
6.6:  61.06555,18.49317,268.5
6.61:  60.8269,18.48067,267
6.63:  60.57641,18.46095,265.5
6.65:  60.32927,18.43498,264
6.66:  60.08066,18.40225,262.5
6.68:  59.83368,18.36313,261
6.7:  59.58147,18.31639,259.5
6.71:  59.34365,18.26583,258
6.73:  59.10041,18.20744,256.5
6.75:  58.85967,18.14293,255
6.76:  58.62043,18.07207,253.5
6.78:  58.37774,17.99321,252
6.8:  58.14354,17.91028,250.5
6.81:  57.91034,17.82076,249
6.83:  57.68016,17.72542,247.5
6.85:  57.45293,17.62425,246
6.86:  57.22661,17.51702,244.6503
6.88:  57.00219,17.4049,243.451
6.9:  56.78415,17.2909,242.3995
6.91:  56.56262,17.17062,241.4991
6.93:  56.34415,17.04826,240.749
6.95:  56.12887,16.92471,240.1479
6.96:  55.91164,16.79776,239.6976
6.98:  55.69732,16.671,239.3968
7:  55.4823,16.54306,239.2462
7.01:  55.26664,16.41473,239.246
7.03:  55.05144,16.28668,239.246
7.05:  54.83672,16.15891,239.246
7.06:  54.62226,16.0313,239.246
7.08:  54.40602,15.90263,239.246
7.1:  54.19248,15.77557,239.246
7.11:  53.97779,15.64783,239.246
7.13:  53.76163,15.5192,239.246
7.15:  53.54896,15.39265,239.246
7.16:  53.33336,15.26437,239.246
7.18:  53.11813,15.1363,239.246
7.2:  52.90385,15.00879,239.246
7.21:  52.6887,14.88077,239.246
7.23:  52.47597,14.75419,239.246
7.25:  52.25943,14.62534,239.246
7.26:  52.04216,14.49606,239.246
7.28:  51.82944,14.36949,239.246
7.3:  51.61335,14.2409,239.246
7.31:  51.39998,14.11395,239.246
7.33:  51.17842,13.98211,239.246
7.35:  50.96916,13.8576,239.246
7.36:  50.75548,13.73045,239.246
7.38:  50.53944,13.6019,239.246
7.4:  50.32508,13.47435,239.246
7.41:  50.11031,13.34655,239.246
7.43:  49.88949,13.2072,237.746
7.45:  49.69178,13.07508,236.246
7.46:  49.48774,12.93086,234.746
7.48:  49.28667,12.78069,233.246
7.5:  49.09055,12.62606,231.746
7.51:  48.8987,12.46647,230.246
7.53:  48.70978,12.30077,228.746
7.55:  48.52619,12.13104,227.246
7.56:  48.34827,11.9577,225.746
7.58:  48.17268,11.77742,224.246
7.6:  48.00279,11.59361,222.746
7.61:  47.83876,11.40654,221.246
7.63:  47.67794,11.21315,219.746
7.65:  47.52383,11.01764,218.246
7.66:  47.37497,10.81825,216.746
7.68:  47.22977,10.61277,215.246
7.7:  47.09161,10.40598,213.746
7.71:  46.95944,10.19646,212.246
7.73:  46.8315,9.981388,210.746
7.75:  46.70829,9.761348,209.246
7.76:  46.58853,9.533678,207.746
7.78:  46.47967,9.312888,206.246
7.8:  46.37423,9.08413,204.746
7.81:  46.27857,8.861435,203.246
7.83:  46.18274,8.621189,201.746
7.85:  46.09819,8.391945,200.246
7.86:  46.01788,8.155329,198.746
7.88:  45.94347,7.915628,197.246
7.9:  45.87559,7.674868,195.746
7.91:  45.81498,7.436158,194.246
7.93:  45.75908,7.189028,192.746
7.95:  45.71015,6.94293,191.246
7.96:  45.66801,6.697608,189.746
7.98:  45.63254,6.452848,188.246
8:  45.60302,6.203292,186.746
8.01:  45.58007,5.953393,185.246
8.03:  45.56335,5.697958,183.746
8.05:  45.55373,5.452518,182.246
8.06:  45.55049,5.204293,180.746
8.08:  45.5538,4.952711,179.246
8.1:  45.56359,4.703963,177.746
8.11:  45.57994,4.454813,176.246
8.13:  45.60289,4.205209,174.746
8.15:  45.63213,3.958393,173.246
8.16:  45.66805,3.71075,171.746
8.18:  45.71058,3.463345,170.246
8.2:  45.75928,3.218569,168.746
8.21:  45.81419,2.97602,167.246
8.23:  45.87766,2.726184,165.746
8.25:  45.94358,2.492504,164.246
8.26:  46.01942,2.24594,162.9008
8.28:  46.09766,2.009318,161.7051
8.3:  46.17881,1.778136,160.6564
8.31:  46.26451,1.545754,159.7564
8.33:  46.35454,1.311146,159.0071
8.35:  46.44651,1.078761,158.4077
8.36:  46.53934,0.8494794,157.9568
8.38:  46.63774,0.606464,157.9568
8.4:  46.72384,0.3767256,159.4568
8.41:  46.80482,0.1421127,160.9568
8.43:  46.88036,-0.09684812,162.4568
8.45:  46.94869,-0.3344681,163.9568
8.46:  47.01067,-0.5733932,165.4568
8.48:  47.06803,-0.8209886,166.9568
8.5:  47.11745,-1.062974,168.4568
8.51:  47.16106,-1.309154,169.9568
8.53:  47.19848,-1.55829,171.4568
8.55:  47.22906,-1.805756,172.9568
8.56:  47.25388,-2.054743,174.3067
8.58:  47.2734,-2.303238,175.507
8.6:  47.28839,-2.552313,176.5576
8.61:  47.2995,-2.802466,177.4579
8.63:  47.30734,-3.053164,178.2078
8.65:  47.31262,-3.306651,178.8055
8.66:  47.31587,-3.555765,179.2538
8.68:  47.31781,-3.804705,179.5527
8.7:  47.31911,-4.053955,179.702
8.71:  47.32043,-4.309148,179.702
8.73:  47.3217,-4.552971,179.702
8.75:  47.32945,-4.799782,178.202
8.76:  47.34385,-5.049611,176.702
8.78:  47.36494,-5.30091,175.202
8.8:  47.39228,-5.548671,173.702
8.81:  47.42616,-5.795978,172.202
8.83:  47.46649,-6.04234,170.702
8.85:  47.51513,-6.297362,169.202
8.86:  47.56709,-6.535729,167.702
8.88:  47.62638,-6.777132,166.202
8.9:  47.6933,-7.021803,164.702
8.91:  47.76413,-7.256415,163.202
8.93:  47.84443,-7.499244,161.702
8.95:  47.92835,-7.732383,160.202
8.96:  48.01764,-7.961421,158.702
8.98:  48.11813,-8.200509,157.202
9:  48.21836,-8.422502,155.702
9.01:  48.32589,-8.644954,154.202
9.03:  48.44502,-8.875793,152.702
9.05:  48.55941,-9.083893,151.202
9.06:  48.68717,-9.302534,149.702
9.08:  48.81894,-9.515078,148.202
9.1:  48.87748,-9.726047,146.8532
9.11:  48.87748,-9.931405,145.6536
9.13:  48.87748,-10.13426,144.6033
9.15:  48.87748,-10.34202,143.7077
9.16:  48.87748,-10.54029,142.9612
9.18:  48.87748,-10.73693,142.3635
9.2:  48.8851,-10.93699,141.9143
9.21:  48.91543,-11.14641,141.6136
9.23:  48.9707,-11.36599,141.4646
9.25:  49.04857,-11.5854,141.4646
9.26:  49.14981,-11.80284,141.4646
9.28:  49.27462,-12.01296,141.4646
9.3:  49.42557,-12.21339,141.4646
9.31:  49.58716,-12.41629,141.4646
9.33:  49.74124,-12.60974,141.4646
9.35:  49.8968,-12.80506,141.4646
9.36:  50.04984,-12.99722,141.4646
9.38:  50.21185,-13.19005,139.9646
9.4:  50.37628,-13.37568,138.4646
9.41:  50.54597,-13.55742,136.9646
9.43:  50.72305,-13.73739,135.4646
9.45:  50.90228,-13.91026,133.9646
9.46:  51.08514,-14.07762,132.4646
9.48:  51.27502,-14.24247,130.9646
9.5:  51.46828,-14.40158,129.4646
9.51:  51.66393,-14.55424,127.9646
9.53:  51.86555,-14.70324,126.4646
9.55:  52.07107,-14.84696,124.9646
9.56:  52.27956,-14.98477,123.4646
9.58:  52.49055,-15.11643,121.9646
9.6:  52.70826,-15.24449,120.4646
9.61:  52.92639,-15.36523,118.9646
9.63:  53.14876,-15.48081,117.4646
9.65:  53.37349,-15.59024,115.9646
9.66:  53.59826,-15.69251,114.4646
9.68:  53.83094,-15.79111,112.9646
9.7:  54.06335,-15.88249,111.4646
9.71:  54.29764,-15.9676,109.9646
9.73:  54.53686,-16.04748,108.4646
9.75:  54.77448,-16.11997,106.9646
9.76:  55.0165,-16.18693,105.4646
9.78:  55.25496,-16.24622,103.9646
9.8:  55.50218,-16.30087,102.4646
9.81:  55.74691,-16.34828,100.9646
9.83:  55.99252,-16.38923,99.46458
9.85:  56.24332,-16.42432,97.96458
9.86:  56.48936,-16.4522,96.46458
9.88:  56.74028,-16.47399,94.96458
9.9:  56.98935,-16.48907,93.46458
9.91:  57.23972,-16.49766,91.96457
9.93:  57.48901,-16.49968,90.46457
9.95:  57.73848,-16.49517,88.96458
9.96:  57.98856,-16.4841,87.46458
9.98:  58.23885,-16.46644,85.96457
10:  58.49107,-16.442,84.46457
10.01:  58.74348,-16.41153,83.11711
10.03:  58.9874,-16.37689,81.91748
10.05:  59.22977,-16.33792,80.86513
10.06:  59.48323,-16.29308,79.96722
10.08:  59.72137,-16.24771,79.21478
10.1:  59.96481,-16.19868,78.61132
10.11:  60.20945,-16.14738,78.15784
10.13:  60.45432,-16.09468,77.85464
10.15:  60.69985,-16.04116,77.70223
10.16:  60.94284,-15.98817,77.69904
10.18:  61.1899,-15.9343,77.69904
10.2:  61.4329,-15.88794,79.19904
10.21:  61.68597,-15.84649,80.69904
10.23:  61.93042,-15.81301,82.19904
10.25:  62.1815,-15.78528,83.69904
10.26:  62.42941,-15.76446,85.19904
10.28:  62.67469,-15.75031,86.69904
10.3:  62.9239,-15.74248,88.19904
10.31:  63.17406,-15.74116,89.69904
10.33:  63.42429,-15.7464,91.19904
10.35:  63.67596,-15.75827,92.69904
10.36:  63.92337,-15.77643,94.19904
10.38:  64.17334,-15.80138,95.69904
10.4:  64.422,-15.83278,97.19904
10.41:  64.66725,-15.87031,98.69904
10.43:  64.91458,-15.91481,100.199
10.45:  65.15845,-15.96531,101.699
10.46:  65.40266,-16.0219,103.0486
10.48:  65.6512,-16.085,104.2444
10.5:  65.88595,-16.14919,105.2941
10.51:  66.1238,-16.21827,106.1952
10.53:  66.37531,-16.29487,106.9386
10.55:  66.60659,-16.36796,107.5364
10.56:  66.84413,-16.44507,107.9844
10.58:  67.07838,-16.52247,108.2843
10.6:  67.31663,-16.60188,108.4336
10.61:  67.55215,-16.68038,108.4339
10.63:  67.79026,-16.75974,108.4339
10.65:  68.02843,-16.83913,108.4339
10.66:  68.26997,-16.92673,109.9339
10.68:  68.50014,-17.01709,111.4339
10.7:  68.72518,-17.11231,112.9339
10.71:  68.95262,-17.21564,114.4339
10.73:  69.17642,-17.32447,115.9339
10.75:  69.39873,-17.43987,117.4339
10.76:  69.61497,-17.55941,118.9339
10.78:  69.84071,-17.69203,120.4339
10.8:  70.0494,-17.8221,121.9339
10.81:  70.25413,-17.95727,123.4339
10.83:  70.46085,-18.10167,124.9339
10.85:  70.6615,-18.24978,126.4339
10.86:  70.85719,-18.4023,127.9339
10.88:  71.05259,-18.563,129.4339
10.9:  71.24066,-18.72611,130.9339
10.91:  71.42445,-18.89413,132.4339
10.93:  71.60555,-19.06861,133.9339
10.95:  71.77954,-19.24527,135.4339
10.96:  71.95055,-19.42823,136.9339
10.98:  72.11624,-19.61507,138.4339
11:  72.27561,-19.80455,139.9339
11.01:  72.43105,-19.9995,141.4339
11.03:  72.58315,-20.20087,142.9339
11.05:  72.73042,-20.40684,144.4339
11.06:  72.86846,-20.61097,145.9339
11.08:  73.00224,-20.81924,147.2854
11.1:  73.13239,-21.03151,148.4875
11.11:  73.25899,-21.24678,149.5397
11.13:  73.38351,-21.46634,150.4405
11.15:  73.50318,-21.68395,151.1923
11.16:  73.62142,-21.90441,151.794
11.18:  73.73771,-22.1254,152.2458
11.2:  73.85306,-22.34744,152.5476
11.21:  73.9682,-22.57051,152.6987
11.23:  74.08199,-22.79097,152.7009
11.25:  74.19749,-23.01477,152.7009
11.26:  74.31215,-23.23692,152.7009
11.28:  74.42654,-23.45855,152.7009
11.3:  74.54271,-23.68364,152.7009
11.31:  74.65136,-23.90841,154.2009
11.33:  74.75756,-24.14363,155.7009
11.35:  74.85435,-24.37391,157.2009
11.36:  74.94325,-24.60193,158.7009
11.38:  75.02738,-24.83561,160.2009
11.4:  75.10587,-25.07294,161.7009
11.41:  75.17828,-25.31279,163.2009
11.43:  75.24525,-25.55511,164.5501
11.45:  75.30832,-25.80338,165.7456
11.46:  75.36472,-26.04366,166.7929
11.48:  75.4164,-26.2806,167.6948
11.5:  75.46638,-26.5251,168.4469
11.51:  75.51405,-26.77149,169.0485
11.53:  75.55975,-27.01805,169.4996
11.55:  75.60373,-27.26253,169.8017
11.56:  75.64716,-27.50772,169.9543
11.58:  75.69056,-27.75276,169.9577
11.6:  75.73446,-28.00067,169.9577
11.61:  75.77824,-28.24784,169.9577
11.63:  75.82171,-28.49333,169.9577
11.65:  75.86523,-28.73911,169.9577
11.66:  75.90881,-28.98522,169.9577
11.68:  75.95237,-29.23115,169.9577
11.7:  75.99628,-29.47911,169.9577
11.71:  76.03985,-29.72515,169.9577
11.73:  76.08321,-29.97003,169.9577
11.75:  76.1269,-30.21673,169.9577
11.76:  76.17067,-30.46386,169.9577
11.78:  76.21424,-30.70994,169.9577
11.8:  76.25765,-30.95508,169.9577
11.81:  76.30138,-31.20203,169.9577
11.83:  76.34476,-31.44697,169.9577
11.85:  76.38831,-31.69284,169.9577
11.86:  76.43265,-31.94323,169.9577
11.88:  76.47634,-32.18996,169.9577
11.9:  76.51988,-32.43585,169.9577
11.91:  76.56276,-32.67799,169.9577
11.93:  76.60686,-32.927,169.9577
11.95:  76.65047,-33.17323,169.9577
11.96:  76.69411,-33.41966,169.9577
11.98:  76.73782,-33.66656,169.9577
12:  76.78162,-33.91383,169.9577
12.01:  76.82465,-34.15683,169.9577
12.03:  76.86996,-34.41268,169.9577
12.05:  76.91232,-34.65192,169.9577
12.06:  76.9557,-34.89691,169.9577
12.08:  76.99955,-35.14448,169.9577
12.1:  77.0433,-35.39158,169.9577
12.11:  77.08633,-35.63456,169.9577
12.13:  77.13042,-35.88348,169.9577
12.15:  77.17307,-36.12432,169.9577
12.16:  77.21727,-36.37391,169.9577
12.18:  77.26084,-36.61995,169.9577
12.2:  77.3045,-36.8665,169.9577
12.21:  77.34811,-37.11278,169.9577
12.23:  77.39169,-37.35883,169.9577
12.25:  77.43542,-37.60579,169.9577
12.26:  77.47881,-37.8508,169.9577
12.28:  77.52186,-38.09391,169.9577
12.3:  77.56594,-38.34284,169.9577
12.31:  77.60966,-38.58972,169.9577
12.33:  77.6536,-38.83787,169.9577
12.35:  77.69686,-39.08212,169.9577
12.36:  77.74053,-39.32871,169.9577
12.38:  77.78416,-39.57514,169.9577
12.4:  77.82763,-39.82057,169.9577
12.41:  77.87122,-40.06671,169.9577
12.43:  77.9144,-40.31055,169.9577
12.45:  77.9585,-40.55959,169.9577
12.46:  78.00189,-40.80458,169.9577
12.48:  78.04552,-41.05101,169.9577
12.5:  78.08906,-41.29683,169.9577
12.51:  78.13259,-41.54263,169.9577
12.53:  78.17583,-41.78682,169.9577
12.55:  78.21988,-42.03557,169.9577
12.56:  78.26342,-42.28141,169.9577
12.58:  78.30727,-42.52905,169.9577
12.6:  78.35101,-42.77602,169.9577
12.61:  78.39426,-43.02029,169.9577
12.63:  78.43813,-43.26801,169.9577
12.65:  78.48135,-43.51207,169.9577
12.66:  78.52515,-43.75941,169.9577
12.68:  78.56873,-44.00544,169.9577
12.7:  78.61225,-44.25125,169.9577
12.71:  78.65581,-44.49719,169.9577
12.73:  78.69944,-44.74358,169.9577
12.75:  78.74332,-44.99134,169.9577
12.76:  78.78664,-45.23595,169.9577
12.78:  78.83115,-45.48735,169.9577
12.8:  78.87395,-45.72905,169.9577
12.81:  78.91738,-45.97426,169.9577
12.83:  78.96113,-46.22133,169.9577
12.85:  79.00466,-46.46716,169.9577
12.86:  79.04795,-46.71158,169.9577
12.88:  79.0919,-46.95975,169.9577
12.9:  79.13551,-47.20604,169.9577
12.91:  79.179,-47.45163,169.9577
12.93:  79.22269,-47.69833,169.9577
12.95:  79.26643,-47.94535,169.9577
12.96:  79.30983,-48.19038,169.9577
12.98:  79.3533,-48.43587,169.9577
13:  79.39694,-48.68232,169.9577
13.01:  79.44053,-48.92842,169.9577
13.03:  79.48382,-49.17287,169.9577
13.05:  79.52769,-49.4206,169.9577
13.06:  79.57125,-49.66661,169.9577
13.08:  79.61516,-49.91456,169.9577
13.1:  79.66003,-50.16791,169.9577
13.11:  79.70318,-50.41159,169.9577
13.13:  79.74551,-50.65067,169.9577
13.15:  79.78965,-50.89988,169.9577
13.16:  79.83255,-51.14216,169.9577
13.18:  79.87604,-51.38773,169.9577
13.2:  79.9202,-51.63712,169.9577
13.21:  79.96377,-51.88311,169.9577
13.23:  80.00726,-52.12873,169.9577
13.25:  80.05182,-52.38034,169.9577
13.26:  80.09453,-52.62152,169.9577
13.28:  80.13895,-52.87236,169.9577
13.3:  80.18185,-53.11457,169.9577
13.31:  80.22528,-53.35984,169.9577
13.33:  80.26917,-53.60764,169.9577
13.35:  80.31248,-53.85229,169.9577
13.36:  80.35114,-54.10966,171.4577
13.38:  80.3811,-54.35216,172.9577
13.4:  80.40482,-54.5966,174.4577
13.41:  80.42242,-54.8456,175.9577
13.43:  80.43332,-55.09106,177.4577
13.45:  80.43795,-55.34556,178.9577
13.46:  80.43597,-55.59217,180.4577
13.48:  80.42701,-55.85443,181.9577
13.5:  80.41241,-56.09613,183.4577
13.51:  80.3909,-56.34405,184.9577
13.53:  80.36196,-56.59978,186.4577
13.56:  80.32753,-56.84607,187.9577
13.58:  80.28754,-57.08613,189.4577
13.6:  80.23878,-57.33797,190.9577
13.61:  80.18631,-57.57548,192.4577
13.63:  80.12545,-57.82034,193.9577
13.65:  80.05932,-58.05949,195.4577
13.66:  79.98611,-58.29958,196.9577
13.68:  79.90761,-58.53477,198.4577
13.7:  79.82178,-58.77111,199.9577
13.71:  79.73029,-59.00387,201.4577
13.73:  79.63313,-59.23326,202.9577
13.75:  79.52912,-59.46193,204.4577
13.76:  79.42137,-59.68327,205.9577
13.78:  79.30196,-59.91305,207.4577
13.8:  79.18147,-60.13081,208.9577
13.81:  79.05634,-60.34359,210.4577
13.83:  78.92461,-60.55477,211.9577
13.85:  78.78339,-60.76847,213.4577
13.86:  78.64097,-60.97218,214.9577
13.88:  78.49421,-61.17082,216.4577
13.9:  78.3402,-61.36824,217.9577
13.91:  78.18156,-61.56099,219.4577
13.93:  78.01824,-61.74913,220.9577
13.95:  77.84966,-61.93338,222.4577
13.96:  77.67835,-62.11104,223.9577
13.98:  77.49233,-62.29411,225.4577
14:  77.31562,-62.45914,226.9577
14.01:  77.1237,-62.6292,228.4577
14.03:  76.93771,-62.78549,229.9577
14.05:  76.74098,-62.94221,231.4577
14.06:  76.54411,-63.09079,232.9577
14.08:  76.32994,-63.2438,234.4577
14.1:  76.13059,-63.37848,235.9577
14.11:  75.9204,-63.5126,237.4577
14.13:  75.70689,-63.6411,238.9577
14.15:  75.48893,-63.76463,240.4577
14.16:  75.27117,-63.88063,241.9577
14.18:  75.04435,-63.99392,243.4577
14.2:  74.81869,-64.09935,244.9577
14.21:  74.58977,-64.19909,246.4577
14.23:  74.35714,-64.29328,247.9577
14.25:  74.12289,-64.38106,249.4577
14.26:  73.88852,-64.46195,250.9577
14.28:  73.64848,-64.53783,252.4577
14.3:  73.40762,-64.60709,253.9577
14.31:  73.16523,-64.66997,255.4577
14.33:  72.92369,-64.72592,256.9577
14.35:  72.67751,-64.77619,258.4577
14.36:  72.4327,-64.81955,259.9577
14.38:  72.18475,-64.85679,261.4577
14.4:  71.93815,-64.88725,262.9577
14.41:  71.68759,-64.91157,264.4577
14.43:  71.44135,-64.92897,265.9577
14.45:  71.18911,-64.94017,267.4577
14.46:  70.9371,-64.94476,268.9577
14.48:  70.6878,-64.94341,270.3081
14.5:  70.43787,-64.93683,271.5085
14.51:  70.1898,-64.92574,272.56
14.53:  69.94249,-64.91077,273.4628
14.55:  69.69014,-64.89218,274.2137
14.56:  69.44086,-64.87119,274.8145
14.58:  69.19331,-64.84837,275.2662
14.6:  68.93642,-64.82335,275.563
14.61:  68.69445,-64.79913,275.714
14.63:  68.43906,-64.77358,275.714
14.65:  68.19591,-64.74925,275.714
14.66:  67.95012,-64.71814,277.214
14.68:  67.70367,-64.68037,278.714
14.7:  67.45527,-64.63561,280.214
14.71:  67.21146,-64.58506,281.714
14.73:  66.96783,-64.52785,283.214
14.75:  66.72517,-64.46413,284.714
14.76:  66.48794,-64.39581,286.0658
14.78:  66.24753,-64.32108,287.2667
14.8:  66.00917,-64.24218,288.3168
14.81:  65.7729,-64.15982,289.2169
14.83:  65.53172,-64.07221,289.963
14.85:  65.29999,-63.98529,290.5606
14.86:  65.06525,-63.89515,291.0073
14.88:  64.83813,-63.80657,291.3077
14.9:  64.603,-63.71415,291.4566
14.91:  64.37422,-63.62423,291.458
14.93:  64.14284,-63.53328,291.458
14.95:  63.90936,-63.44151,291.458
14.96:  63.67422,-63.34908,291.458
14.98:  63.4421,-63.25784,291.458
15:  63.20844,-63.166,291.458
15.01:  62.97756,-63.07525,291.458
15.03:  62.74429,-62.98356,291.458
15.05:  62.51139,-62.89201,291.458
15.06:  62.27783,-62.80021,291.458
15.08:  62.04837,-62.71002,291.458
15.1:  61.81647,-62.61887,291.458
15.11:  61.58162,-62.52656,291.458
15.13:  61.34871,-62.43501,291.458
15.15:  61.11563,-62.34339,291.458
15.16:  60.88301,-62.25196,291.458
15.18:  60.65038,-62.16052,291.458
15.2:  60.41617,-62.06846,291.458
15.21:  60.18436,-61.97734,291.458
15.23:  59.95242,-61.88617,291.458
15.25:  59.71872,-61.79432,291.458
15.26:  59.48753,-61.70345,291.458
15.28:  59.25463,-61.6119,291.458
15.3:  59.02135,-61.52021,291.458
15.31:  58.78767,-61.42836,291.458
15.33:  58.5495,-61.33474,291.458
15.35:  58.32205,-61.24533,291.458
15.36:  58.08895,-61.15371,291.458
15.38:  57.86005,-61.06374,291.458
15.4:  57.62585,-60.97169,291.458
15.41:  57.39284,-60.8801,291.458
15.43:  57.16077,-60.78888,291.458
15.45:  56.92739,-60.69714,291.458
15.46:  56.69498,-60.6058,291.458
15.48:  56.46242,-60.51439,291.458
15.5:  56.22881,-60.42256,291.458
15.51:  55.99067,-60.32896,291.458
15.53:  55.76123,-60.23176,292.958
15.55:  55.53924,-60.13079,294.458
15.56:  55.31364,-60.02096,295.958
15.58:  55.09439,-59.90704,297.458
15.6:  54.87194,-59.78394,298.958
15.61:  54.65691,-59.65749,300.458
15.63:  54.44557,-59.52565,301.958
15.65:  54.2352,-59.38662,303.458
15.66:  54.0315,-59.24422,304.958
15.68:  53.83283,-59.09744,306.458
15.7:  53.63445,-58.94268,307.958
15.71:  53.44065,-58.78315,309.458
15.73:  53.252,-58.61941,310.958
15.75:  53.06731,-58.45043,312.458
15.76:  52.88725,-58.2768,313.958
15.78:  52.71342,-58.10016,315.458
15.8:  52.54161,-57.91619,316.958
15.81:  52.37569,-57.72894,318.458
15.83:  52.21438,-57.53799,319.808
15.85:  52.05259,-57.33818,321.0038
15.86:  51.90306,-57.14641,322.0536
15.88:  51.75499,-56.95022,322.956
15.9:  51.60536,-56.74649,323.7067
15.91:  51.45881,-56.54249,324.3067
15.93:  51.31502,-56.33897,324.7572
15.95:  51.17205,-56.13434,325.058
15.96:  51.02909,-55.9286,325.2083
15.98:  50.88796,-55.72546,325.2103
16:  50.7437,-55.51781,325.2103
16.01:  50.60128,-55.31281,325.2103
16.03:  50.45417,-55.10108,325.2103
16.05:  50.31379,-54.89901,325.2103
16.06:  50.16911,-54.69077,325.2103
16.08:  50.03095,-54.49191,325.2103
16.1:  49.88744,-54.28535,325.2103
16.11:  49.74492,-54.0802,325.2103
16.13:  49.60439,-53.87792,325.2103
16.15:  49.46068,-53.67108,325.2103
16.16:  49.31761,-53.46515,325.2103
16.18:  49.17471,-53.25946,325.2103
16.2:  49.03178,-53.05373,325.2103
16.21:  48.88958,-52.84906,325.2103
16.23:  48.7469,-52.64369,325.2103
16.25:  48.60601,-52.4409,325.2103
16.26:  48.46185,-52.2334,325.2103
16.28:  48.31896,-52.02773,325.2103
16.3:  48.1754,-51.82108,325.2103
16.31:  48.03306,-51.61621,325.2103
16.33:  47.89234,-51.41367,325.2103
16.35:  47.74975,-51.20842,325.2103
16.36:  47.60671,-51.00254,325.2103
16.38:  47.46364,-50.79661,325.2103
16.4:  47.32053,-50.59062,325.2103
16.41:  47.17815,-50.38568,325.2103
16.43:  47.0352,-50.17993,325.2103
16.45:  46.89213,-49.974,325.2103
16.46:  46.74994,-49.76934,325.2103
16.48:  46.60777,-49.5647,325.2103
16.5:  46.46385,-49.35755,325.2103
16.51:  46.32124,-49.15228,325.2103
16.53:  46.17614,-48.94342,325.2103
16.55:  46.03822,-48.74491,325.2103
16.56:  45.8965,-48.54092,325.2103
16.58:  45.75047,-48.33073,325.2103
16.6:  45.60939,-48.12767,325.2103
16.61:  45.46649,-47.92199,325.2103
16.63:  45.3237,-47.71646,325.2103
16.65:  45.18028,-47.51003,325.2103
16.66:  45.03788,-47.30505,325.2103
16.68:  44.89547,-47.10008,325.2103
16.7:  44.75344,-46.89565,325.2103
16.71:  44.61538,-46.68538,326.7103
16.73:  44.48414,-46.47363,328.2103
16.75:  44.35692,-46.25583,329.7103
16.76:  44.2367,-46.03706,331.2103
16.78:  44.12285,-45.81638,332.7103
16.8:  44.01339,-45.58985,334.2103
16.81:  43.91133,-45.3637,335.7103
16.83:  43.81534,-45.13525,337.2103
16.85:  43.72072,-44.89241,338.7103
16.86:  43.63852,-44.66398,340.2103
16.88:  43.56045,-44.42776,341.7103
16.9:  43.48809,-44.18793,343.2103
16.91:  43.42135,-43.9463,344.5599
16.93:  43.36018,-43.70525,345.7603
16.95:  43.30281,-43.46048,346.8098
16.96:  43.24981,-43.21721,347.71
16.98:  43.20006,-42.97351,348.4609
17:  43.1521,-42.7254,349.0602
17.01:  43.10535,-42.473,349.5055
17.03:  43.06258,-42.23515,349.8058
17.05:  43.01876,-41.98782,349.9554
17.06:  42.97432,-41.73692,349.9554
17.08:  42.93199,-41.49793,349.9554
17.1:  42.88679,-41.24273,349.9554
17.11:  42.84409,-41.00171,349.9554
17.13:  42.80081,-40.75733,349.9554
17.15:  42.75749,-40.51278,349.9554
17.16:  42.71365,-40.26528,349.9554
17.18:  42.67023,-40.02014,349.9554
17.2:  42.62626,-39.77189,349.9554
17.21:  42.5827,-39.52597,349.9554
17.23:  42.5392,-39.28042,349.9554
17.25:  42.49521,-39.03205,349.9554
17.26:  42.44541,-38.78826,348.4554
17.28:  42.38918,-38.54557,346.9554
17.3:  42.32627,-38.3031,345.4554
17.31:  42.2576,-38.06432,343.9554
17.33:  42.18218,-37.82576,342.4554
17.35:  42.10044,-37.58897,340.9554
17.36:  42.01265,-37.35471,339.4554
17.38:  41.91922,-37.12399,337.9554
17.4:  41.81841,-36.89263,336.4554
17.41:  41.71272,-36.66645,334.9554
17.43:  41.6016,-36.44402,333.4554
17.45:  41.48346,-36.22223,331.9554
17.46:  41.36198,-36.00792,330.4554
17.48:  41.23215,-35.79221,328.9554
17.5:  41.09859,-35.58293,327.4554
17.51:  40.9508,-35.36287,326.1144
17.53:  40.81052,-35.16314,324.9199
17.55:  40.66652,-34.96586,323.8719
17.56:  40.51873,-34.76994,322.9712
17.58:  40.36436,-34.57078,322.2216
17.6:  40.20432,-34.36866,321.6268
17.61:  40.04863,-34.17515,321.181
17.63:  39.89283,-33.98355,320.8833
17.65:  39.73447,-33.78983,320.7358
17.66:  39.57686,-33.59702,320.7358
17.68:  39.41882,-33.40368,320.7358
17.7:  39.2615,-33.21124,320.7358
17.71:  39.10468,-33.01939,320.7358
17.73:  38.9443,-32.8232,320.7358
17.75:  38.7865,-32.63015,320.7358
17.76:  38.62358,-32.43086,320.7358
17.78:  38.46741,-32.2398,320.7358
17.8:  38.3083,-32.04517,320.7358
17.81:  38.15309,-31.85529,320.7358
17.83:  37.99085,-31.65683,320.7358
17.85:  37.834,-31.46494,320.7358
17.86:  37.67711,-31.27302,320.7358
17.88:  37.52012,-31.08097,320.7358
17.9:  37.36147,-30.88689,320.7358
17.91:  37.20436,-30.6947,320.7358
17.93:  37.04697,-30.50215,320.7358
17.95:  36.88169,-30.31044,319.2358
17.96:  36.71361,-30.12548,317.7358
17.98:  36.54107,-29.94533,316.2358
18:  36.36382,-29.76971,314.7358
18.01:  36.18023,-29.59709,313.2358
18.03:  35.99482,-29.43169,311.7358
18.05:  35.80748,-29.27317,310.2358
18.06:  35.60991,-29.11469,308.7358
18.08:  35.40312,-28.95752,307.2358
18.1:  35.20481,-28.81484,305.7358
18.11:  34.99783,-28.67398,304.2358
18.13:  34.78974,-28.54021,302.7358
18.15:  34.57734,-28.41139,301.2358
18.16:  34.35865,-28.28647,299.7358
18.18:  34.13287,-28.16523,298.2358
18.2:  33.91521,-28.05559,296.7358
18.21:  33.68243,-27.94587,295.2358
18.23:  33.45827,-27.84662,293.8829
18.25:  33.22807,-27.75042,292.6797
18.26:  32.99563,-27.65826,291.6265
18.28:  32.76299,-27.57025,290.7225
18.3:  32.5222,-27.48274,289.9723
18.31:  32.28909,-27.40079,289.3703
18.33:  32.05287,-27.31983,288.9182
18.35:  31.81981,-27.24133,288.6136
18.36:  31.58395,-27.16261,288.4582
18.38:  31.34668,-27.08344,288.4529
18.4:  31.10986,-27.00441,288.4529
18.41:  30.87199,-26.92504,288.4529
18.43:  30.63579,-26.84623,288.4529
18.45:  30.39654,-26.76639,288.4529
18.46:  30.15974,-26.68737,288.4529
18.48:  29.92345,-26.60853,288.4529
18.5:  29.68528,-26.52906,288.4529
18.51:  29.44254,-26.44806,288.4529
18.53:  29.20687,-26.36942,288.4529
18.55:  28.97474,-26.29197,288.4529
18.56:  28.73783,-26.21291,288.4529
18.58:  28.49446,-26.13171,288.4529
18.6:  28.26004,-26.05348,288.4529
18.61:  28.02126,-25.9738,288.4529
18.63:  27.78651,-25.89547,288.4529
18.65:  27.54837,-25.82288,286.9529
18.66:  27.30753,-25.75631,285.4529
18.68:  27.0692,-25.69709,283.9529
18.7:  26.82487,-25.64314,282.4529
18.71:  26.57794,-25.59535,280.9529
18.73:  26.32602,-25.5534,279.4529
18.75:  26.08051,-25.5191,277.9529
18.76:  25.83233,-25.49104,276.4529
18.78:  25.58541,-25.46964,274.9529
18.8:  25.33444,-25.45449,273.4529
18.81:  25.08389,-25.44595,271.9529
18.83:  24.83609,-25.44399,270.4529
18.85:  24.58416,-25.4486,268.9529
18.86:  24.3337,-25.45908,267.6033
18.88:  24.08978,-25.47442,266.4003
18.9:  23.83677,-25.49501,265.3497
18.91:  23.58765,-25.51922,264.4492
18.93:  23.34014,-25.54655,263.6982
18.95:  23.09083,-25.57673,263.0978
18.96:  22.8434,-25.60866,262.6471
18.98:  22.59605,-25.6419,262.3461
19:  22.34834,-25.67585,262.1952
19.01:  22.10082,-25.70978,262.1942
19.03:  21.84577,-25.74475,262.1942
19.05:  21.60107,-25.77829,262.1942
19.06:  21.35234,-25.81239,262.1942
19.08:  21.11056,-25.84554,262.1942
19.1:  20.85289,-25.88086,262.1942
19.11:  20.61338,-25.91369,262.1942
19.13:  20.3654,-25.94769,262.1942
19.15:  20.11687,-25.98176,262.1942
19.16:  19.8699,-26.01561,262.1942
19.18:  19.62437,-26.04927,262.1942
19.2:  19.37607,-26.08331,262.1942
19.21:  19.12795,-26.11732,262.1942
19.23:  18.88033,-26.15127,262.1942
19.25:  18.63256,-26.18524,262.1942
19.26:  18.38421,-26.21928,262.1942
19.28:  18.1351,-26.24681,263.6942
19.3:  17.88591,-26.26776,265.1942
19.31:  17.63713,-26.28213,266.6942
19.33:  17.38893,-26.28996,268.1942
19.35:  17.13741,-26.2913,269.6942
19.36:  16.89242,-26.28619,271.1942
19.38:  16.63779,-26.27489,272.5413
19.4:  16.38885,-26.25862,273.7386
19.41:  16.13903,-26.23771,274.7856
19.43:  15.89182,-26.2131,275.6835
19.45:  15.64198,-26.18494,276.4306
19.46:  15.39344,-26.15431,277.0274
19.48:  15.14738,-26.12202,277.4753
19.5:  14.90244,-26.08858,277.7749
19.51:  14.64522,-26.0528,277.9186
19.53:  14.40494,-26.01938,277.9186
19.55:  14.15524,-25.98465,277.9186
19.56:  13.90793,-25.95025,277.9186
19.58:  13.6616,-25.91599,277.9186
19.6:  13.41314,-25.88143,277.9186
19.61:  13.16624,-25.84709,277.9186
19.63:  12.91837,-25.81261,277.9186
19.65:  12.66976,-25.77803,277.9186
19.66:  12.42317,-25.74373,277.9186
19.68:  12.17562,-25.7093,277.9186
19.7:  11.92697,-25.67471,277.9186
19.71:  11.67854,-25.64016,277.9186
19.73:  11.43141,-25.60578,277.9186
19.75:  11.18364,-25.57132,277.9186
19.76:  10.93609,-25.53689,277.9186
19.78:  10.69001,-25.50266,277.9186
19.8:  10.44069,-25.46798,277.9186
19.81:  10.19443,-25.43373,277.9186
19.83:  9.949992,-25.39973,277.9186
19.85:  9.691492,-25.36377,277.9186
19.86:  9.446934,-25.32976,277.9186
19.88:  9.199293,-25.29531,277.9186
19.9:  8.95408,-25.26121,277.9186
19.91:  8.708702,-25.22708,277.9186
19.93:  8.462103,-25.19278,277.9186
19.95:  8.212967,-25.15812,277.9186
19.96:  7.966558,-25.12385,277.9186
19.98:  7.718527,-25.08935,277.9186
20:  7.471484,-25.05499,277.9186
20.01:  7.22002,-25.02001,277.9186
20.03:  6.976055,-24.97954,279.4186
20.05:  6.730542,-24.93218,280.9186
20.06:  6.488144,-24.8788,282.4186
20.1:  6.246355,-24.81888,283.9186
20.11:  5.994803,-24.74951,285.4186
20.13:  5.762559,-24.67886,286.9186
20.15:  5.526205,-24.60015,288.4186
20.16:  5.293047,-24.51567,289.9186
20.18:  5.058948,-24.42383,291.4186
20.2:  4.829184,-24.32669,292.9186
20.21:  4.600263,-24.22276,294.4186
20.23:  4.376093,-24.11382,295.9186
20.25:  4.154411,-23.99882,297.4186
20.26:  3.937531,-23.879,298.9186
20.28:  3.716007,-23.74894,300.4186
20.3:  3.5073,-23.61893,301.9186
20.31:  3.298283,-23.48101,303.4186
20.33:  3.093269,-23.33789,304.9186
20.35:  2.894464,-23.19122,306.4186
20.36:  2.694337,-23.03532,307.9186
20.38:  2.501339,-22.87669,309.4186
20.4:  2.307836,-22.70896,310.9186
20.41:  2.125091,-22.54198,312.4186
20.43:  1.94538,-22.36893,313.9186
20.45:  1.771135,-22.19212,315.4186
20.46:  1.602168,-22.01144,316.9186
20.48:  1.436512,-21.82474,318.4186
20.5:  1.275618,-21.63354,319.9186
20.51:  1.11933,-21.43763,321.4186
20.53:  0.9695804,-21.23949,322.9186
20.55:  0.8231745,-21.03486,324.4186
20.56:  0.6842788,-20.82957,325.9186
20.58:  0.5441042,-20.61022,327.4186
20.6:  0.4185575,-20.40195,328.9186
20.61:  0.2956356,-20.1854,330.4186
20.63:  0.1781701,-19.96524,331.9186
20.65:  0.06666324,-19.74238,333.4186
20.66:  -0.03990266,-19.5147,334.9186
20.68:  -0.1396594,-19.28616,336.4186
20.7:  -0.2328272,-19.0565,337.9186
20.71:  -0.3215681,-18.82018,339.4186
20.73:  -0.4031969,-18.5842,340.9186
20.75:  -0.4788956,-18.3453,342.4186
20.76:  -0.5482606,-18.10468,343.9186
20.78:  -0.6115758,-17.86129,345.4186
20.8:  -0.6677906,-17.61936,346.9186
20.81:  -0.7180775,-17.37398,348.4186
20.83:  -0.7618625,-17.12771,349.9186
20.85:  -0.799906,-16.8756,351.4186
20.86:  -0.8312657,-16.62316,352.9186
20.88:  -0.8550022,-16.38027,354.4186
20.9:  -0.8727488,-16.13155,355.9186
20.91:  -0.8838727,-15.88482,357.4186
20.93:  -0.8885598,-15.63651,358.9186
20.95:  -0.8867295,-15.38601,0.4186257
20.96:  -0.8783334,-15.13537,1.918626
20.98:  -0.8629321,-14.87755,3.418626
21:  -0.8418624,-14.63272,4.918626
21.01:  -0.8136629,-14.38205,6.418626
21.03:  -0.7800297,-14.14025,7.918626
21.05:  -0.7391343,-13.89372,9.418627
21.06:  -0.6917825,-13.64825,10.91863
21.08:  -0.6377912,-13.40306,12.41863
21.1:  -0.5782357,-13.16275,13.91863
21.11:  -0.5116637,-12.92137,15.41863
21.13:  -0.438609,-12.6812,16.91863
21.15:  -0.3596659,-12.44414,18.41863
21.16:  -0.2742788,-12.2085,19.91863
21.18:  -0.1812506,-11.97135,21.41863
21.2:  -0.08576086,-11.7455,22.91863
21.21:  0.0198603,-11.51286,24.41863
21.23:  0.1260316,-11.29439,25.91863
21.25:  0.244323,-11.06636,27.41863
21.26:  0.3651671,-10.84762,28.91863
21.28:  0.4892572,-10.63627,30.41863
21.3:  0.6260231,-10.41671,31.91863
21.31:  0.76235,-10.2101,33.41863
21.33:  0.9039028,-10.00733,34.91863
21.35:  1.049732,-9.809669,36.41863
21.36:  1.205922,-9.609169,37.91863
21.38:  1.36314,-9.417896,39.41863
21.4:  1.524579,-9.231647,40.91864
21.41:  1.694122,-9.046097,42.41863
21.43:  1.872346,-8.861014,43.91863
21.45:  2.04985,-8.686085,45.41863
21.46:  2.231643,-8.516078,46.91864
21.48:  2.4161,-8.352416,48.41863
21.5:  2.607544,-8.191311,49.91863
21.51:  2.80154,-8.03655,51.41863
21.53:  3.001183,-7.885663,52.91863
21.55:  3.209963,-7.736294,54.41863
21.56:  3.415952,-7.596927,55.91863
21.58:  3.626227,-7.462546,57.41863
21.6:  3.833644,-7.337517,58.91863
21.61:  4.059205,-7.209477,60.41863
21.63:  4.277561,-7.092977,61.91863
21.65:  4.49727,-6.983044,63.41863
21.66:  4.726443,-6.875782,64.91863
21.68:  4.953565,-6.776643,66.41863
21.7:  5.183172,-6.683496,67.91864
21.71:  5.416695,-6.595808,69.41863
21.73:  5.652213,-6.514338,70.91863
21.75:  5.8929,-6.438074,72.41863
21.76:  6.132539,-6.36899,73.91863
21.78:  6.377147,-6.305359,75.41862
21.8:  6.618382,-6.249305,76.91862
21.81:  6.865588,-6.198645,78.41863
21.83:  7.134319,-6.150867,79.91864
21.85:  7.356743,-6.117302,81.41863
21.86:  7.60558,-6.08639,82.91864
21.88:  7.853767,-6.062137,84.41864
21.9:  8.104424,-6.044251,85.91863
21.91:  8.353661,-6.033015,87.41863
21.93:  8.603863,-6.028292,88.91863
21.95:  8.841227,-6.030026,90.41863
21.96:  8.841269,-6.038457,91.91863
21.98:  8.841367,-6.05329,93.41863
22:  8.841518,-6.074647,94.91863
22.01:  8.841725,-6.10267,96.41863
22.03:  8.841987,-6.138253,97.91863
22.05:  8.842302,-6.178655,99.41863
22.06:  8.842672,-6.224994,100.9186
22.08:  8.843096,-6.279103,102.4186
22.1:  8.843573,-6.340377,103.9186
22.11:  8.844104,-6.40697,105.4186
22.13:  8.844687,-6.478267,106.9186
22.15:  8.845322,-6.557294,108.4186
22.16:  8.846009,-6.641457,109.9186
22.18:  8.846749,-6.733189,111.4186
22.2:  8.847539,-6.83081,112.9186
22.21:  8.84838,-6.934111,114.4186
22.23:  8.849271,-7.042897,115.9186
22.25:  8.85021,-7.158005,117.4186
22.26:  8.8512,-7.279568,118.9186
22.28:  8.852236,-7.405382,120.4186
22.3:  8.85332,-7.538015,121.9186
22.31:  8.85445,-7.674153,123.4186
22.33:  8.855627,-7.819036,124.9186
22.35:  8.856848,-7.971471,126.4186
22.36:  8.858113,-8.121469,127.9186
22.38:  8.859422,-8.280533,129.4186
22.4:  8.860773,-8.44259,130.9186
22.41:  8.862164,-8.612592,132.4186
22.43:  8.863598,-8.785763,133.9186
22.45:  8.865069,-8.968824,135.4186
22.46:  8.866428,-9.151313,136.7684
22.48:  8.867662,-9.333943,137.9706
22.5:  8.868767,-9.518133,139.0264
22.51:  8.869727,-9.710789,139.9312
22.53:  8.870541,-9.901167,140.6883
22.55:  8.871192,-10.10504,141.2887
22.56:  8.871687,-10.29821,141.7415
22.58:  8.872022,-10.49239,142.0465
22.6:  8.872191,-10.69137,142.2004
22.61:  8.877256,-10.89285,142.2038
22.63:  8.907851,-11.10175,142.2038
22.65:  8.958057,-11.31851,142.2038
22.66:  9.031671,-11.54071,142.2038
22.68:  9.128757,-11.75945,142.2038
22.7:  9.250278,-11.97378,142.2038
22.71:  9.397326,-12.17665,142.2038
22.73:  9.549844,-12.3733,142.2038
22.75:  9.708829,-12.56757,140.7038
22.76:  9.871785,-12.75638,139.2038
22.78:  10.04086,-12.94222,137.7038
22.8:  10.21323,-13.12198,136.2038
22.81:  10.38865,-13.2956,134.7038
22.83:  10.57303,-13.46877,133.2038
22.85:  10.75771,-13.63334,131.7038
22.86:  10.95207,-13.79761,130.2038
22.88:  11.14699,-13.95379,128.7038
22.9:  11.34331,-14.10282,127.2038
22.91:  11.54875,-14.25047,125.7038
22.93:  11.75551,-14.391,124.2038
22.95:  11.96491,-14.52545,122.7038
22.96:  12.17902,-14.65514,121.2038
22.98:  12.39596,-14.7789,119.7038
23:  12.61585,-14.89683,118.2038
23.01:  12.84033,-15.00975,116.7038
23.03:  13.06705,-15.11718,115.3544
23.05:  13.29332,-15.21865,114.1537
23.06:  13.53121,-15.32016,113.1082
23.08:  13.75792,-15.41272,112.2096
23.1:  13.98604,-15.50239,111.4581
23.11:  14.22916,-15.59505,110.8627
23.13:  14.45746,-15.68001,110.4134
23.15:  14.69122,-15.76562,110.1136
23.16:  14.92211,-15.84948,109.9611
23.18:  15.15992,-15.93585,109.9604
23.2:  15.39423,-16.02094,109.9604
23.21:  15.63053,-16.10677,109.9604
23.23:  15.86626,-16.19238,109.9604
23.25:  16.10057,-16.27748,109.9604
23.26:  16.33619,-16.36306,109.9604
23.28:  16.57032,-16.44809,109.9604
23.3:  16.81196,-16.53585,109.9604
23.31:  17.0436,-16.61318,108.4604
23.33:  17.281,-16.68558,106.9604
23.35:  17.52075,-16.75189,105.4604
23.36:  17.76415,-16.8124,103.9604
23.38:  18.00865,-16.86642,102.4604
23.4:  18.25513,-16.91483,101.1111
23.41:  18.50139,-16.95786,99.91183
23.43:  18.74872,-16.99643,98.86272
23.45:  18.99509,-17.03089,97.96289
23.46:  19.24475,-17.06249,97.21404
23.48:  19.49223,-17.09119,96.61467
23.5:  19.74019,-17.11797,96.16495
23.51:  19.98927,-17.14356,95.86546
23.53:  20.23751,-17.16841,95.71565
23.55:  20.49289,-17.19397,95.71565
23.56:  20.73945,-17.21865,95.71565
23.58:  20.98688,-17.24341,95.71565
23.6:  21.23163,-17.26791,95.71565
23.61:  21.48198,-17.2996,97.21566
23.63:  21.72865,-17.33742,98.71566
23.65:  21.98172,-17.38303,100.2157
23.66:  22.22278,-17.43302,101.7157
23.68:  22.46211,-17.48922,103.2157
23.7:  22.70423,-17.55281,104.7157
23.71:  22.94444,-17.62267,106.2157
23.73:  23.18308,-17.69821,107.5655
23.75:  23.41847,-17.77819,108.7661
23.76:  23.65499,-17.86342,109.8159
23.78:  23.88742,-17.95132,110.7166
23.8:  24.12055,-18.043,111.467
23.81:  24.35072,-18.13631,112.0684
23.83:  24.58343,-18.23279,112.5186
23.85:  24.81417,-18.32987,112.8186
23.86:  25.05161,-18.43049,112.9639
23.88:  25.27527,-18.52526,112.9639
23.9:  25.50471,-18.62248,112.9639
23.91:  25.73483,-18.71999,112.9639
23.93:  25.96548,-18.81772,112.9639
23.95:  26.19436,-18.91471,112.9639
23.96:  26.42579,-19.01277,112.9639
23.98:  26.6561,-19.11036,112.9639
24:  26.88517,-19.20742,112.9639
24.01:  27.11335,-19.30411,112.9639
24.03:  27.34315,-19.40148,112.9639
24.05:  27.58437,-19.5037,112.9639
24.06:  27.81513,-19.59443,111.4639
24.08:  28.04969,-19.67963,109.9639
24.1:  28.27887,-19.75616,108.4639
24.11:  28.52022,-19.82978,106.9639
24.13:  28.76067,-19.8963,105.4639
24.15:  29.00411,-19.95683,103.9639
24.16:  29.24812,-20.01077,102.4639
24.18:  29.49216,-20.05804,100.9639
24.2:  29.75011,-20.10177,99.62091
24.21:  29.99101,-20.13745,98.42401
24.23:  30.23992,-20.16967,97.3777
24.25:  30.48338,-20.19732,96.4784
24.26:  30.73435,-20.22251,95.73045
24.28:  30.97795,-20.24437,95.12923
24.3:  31.23542,-20.26546,94.68303
24.31:  31.48362,-20.2845,94.38618
24.33:  31.73096,-20.30283,94.23813
24.35:  31.9758,-20.32097,94.2374
24.36:  32.23457,-20.34014,94.2374
24.38:  32.47762,-20.35815,94.2374
24.4:  32.72807,-20.37671,94.2374
24.41:  32.97719,-20.39516,94.2374
24.43:  33.22529,-20.41355,94.2374
24.45:  33.47411,-20.43198,94.2374
24.46:  33.72434,-20.45052,94.2374
24.48:  33.97387,-20.46901,94.2374
24.5:  34.22068,-20.4873,94.2374
24.51:  34.47054,-20.50581,94.2374
24.53:  34.71901,-20.52422,94.2374
24.55:  34.97735,-20.54336,94.2374
24.56:  35.22092,-20.56141,94.2374
24.58:  35.46519,-20.5795,94.2374
24.6:  35.71677,-20.59814,94.2374
24.61:  35.96777,-20.61674,94.2374
24.63:  36.21762,-20.63525,94.2374
24.65:  36.4658,-20.65364,94.2374
24.66:  36.71554,-20.67214,94.2374
24.68:  36.96398,-20.69055,94.2374
24.7:  37.21315,-20.70901,94.2374
24.71:  37.46247,-20.72749,94.2374
24.73:  37.70891,-20.75225,95.7374
24.75:  37.96019,-20.78416,97.2374
24.76:  38.20769,-20.8222,98.7374
24.8:  38.45265,-20.86644,100.2374
24.81:  38.69768,-20.91735,101.7374
24.83:  38.94043,-20.97445,103.2374
24.85:  39.18179,-21.03794,104.7374
24.86:  39.42301,-21.10819,106.2374
24.88:  39.6672,-21.18629,107.7374
24.9:  39.90128,-21.26798,109.2374
24.91:  40.13417,-21.35616,110.7374
24.93:  40.36722,-21.45144,112.2374
24.95:  40.59221,-21.55038,113.7374
24.96:  40.81667,-21.65618,115.2374
24.98:  41.04024,-21.76881,116.7374
25:  41.26061,-21.88716,118.2374
25.01:  41.47742,-22.01101,119.7374
25.03:  41.69117,-22.14065,121.2374
25.05:  41.90155,-22.27591,122.7374
25.06:  42.10707,-22.41577,124.2374
25.08:  42.31196,-22.56321,125.7374
25.1:  42.51081,-22.71435,127.2374
25.11:  42.70447,-22.8697,128.7374
25.13:  42.90265,-23.0374,130.2374
25.15:  43.08375,-23.19897,131.7374
25.16:  43.26486,-23.36926,133.2374
25.18:  43.44309,-23.54587,134.7374
25.2:  43.61528,-23.72566,136.2374
25.21:  43.78428,-23.91163,137.7374
25.23:  43.9447,-24.09773,139.2374
25.25:  44.10564,-24.29461,140.7374
25.26:  44.25768,-24.4909,142.2374
25.28:  44.40668,-24.694,143.7374
25.3:  44.55055,-24.90129,145.2374
25.31:  44.68983,-25.11363,146.7374
25.33:  44.82277,-25.32836,148.2374
25.35:  44.94433,-25.53669,149.7374
25.36:  45.06418,-25.75504,151.2374
25.38:  45.18155,-25.9828,152.7374
25.4:  45.2901,-26.20772,154.2374
25.41:  45.39314,-26.43632,155.7374
25.43:  45.48739,-26.66095,157.2374
25.45:  45.57785,-26.89341,158.7374
25.46:  45.66183,-27.12716,160.2374
25.48:  45.7411,-27.36737,161.7374
25.5:  45.81303,-27.60616,163.2374
25.51:  45.87882,-27.84729,164.7374
25.53:  45.93855,-28.09115,166.2374
25.55:  45.99119,-28.33334,167.7374
25.56:  46.03794,-28.57932,169.2374
25.58:  46.07823,-28.82631,170.7374
25.6:  46.11225,-29.07587,172.2374
25.61:  46.13921,-29.32161,173.7374
25.63:  46.16051,-29.57716,175.2374
25.65:  46.17443,-29.82148,176.7374
25.66:  46.18212,-30.0713,178.2374
25.68:  46.18327,-30.32217,179.7374
25.7:  46.17789,-30.5713,181.2374
25.71:  46.16597,-30.82068,182.7374
25.73:  46.14763,-31.06815,184.2374
25.75:  46.12256,-31.31771,185.7374
25.76:  46.09085,-31.56735,187.2374
25.78:  46.05285,-31.81461,188.7374
25.8:  46.00864,-32.05944,190.2374
25.81:  45.95832,-32.30485,191.5871
25.83:  45.90332,-32.54716,192.7877
25.85:  45.84326,-32.79099,193.8376
25.86:  45.77974,-33.03247,194.7377
25.88:  45.71169,-33.27813,195.4849
25.9:  45.64333,-33.51519,196.084
25.91:  45.5707,-33.75993,196.53
25.93:  45.50029,-33.99269,196.8301
25.95:  45.42705,-34.23254,196.9797
25.96:  45.35428,-34.47087,196.9797
25.98:  45.27869,-34.71844,196.9797
26:  45.2077,-34.95094,196.9797
26.01:  45.13508,-35.18874,196.9797
26.03:  45.06156,-35.42953,196.9797
26.05:  44.98911,-35.66679,196.9797
26.06:  44.91628,-35.90533,196.9797
26.08:  44.84291,-36.14559,196.9797
26.1:  44.77031,-36.38337,196.9797
26.11:  44.69719,-36.62284,196.9797
26.13:  44.62399,-36.86258,196.9797
26.15:  44.55078,-37.10233,196.9797
26.16:  44.47887,-37.33782,196.9797
26.18:  44.40505,-37.57959,196.9797
26.2:  44.3317,-37.81982,196.9797
26.21:  44.25898,-38.05796,196.9797
26.23:  44.18578,-38.29769,196.9797
26.25:  44.11288,-38.53644,196.9797
26.26:  44.03993,-38.77537,196.9797
26.28:  43.96676,-39.01499,196.9797
26.3:  43.8936,-39.25457,196.9797
26.31:  43.81922,-39.49819,196.9797
26.33:  43.74667,-39.73578,196.9797
26.35:  43.67336,-39.97587,196.9797
26.36:  43.60186,-40.21005,196.9797
26.38:  43.52713,-40.45479,196.9797
26.4:  43.45455,-40.69247,196.9797
26.41:  43.38147,-40.9318,196.9797
26.43:  43.3093,-41.16817,196.9797
26.45:  43.23624,-41.40746,196.9797
26.46:  43.164,-41.64403,196.9797
26.48:  43.09059,-41.88444,196.9797
26.5:  43.01805,-42.12199,196.9797
26.51:  42.94505,-42.3611,196.9797
26.53:  42.8717,-42.60131,196.9797
26.55:  42.7983,-42.8417,196.9797
26.56:  42.72364,-43.0862,196.9797
26.58:  42.6511,-43.32378,196.9797
26.6:  42.57794,-43.56337,196.9797
26.61:  42.50501,-43.80222,196.9797
26.63:  42.42411,-44.04429,198.4797
26.65:  42.34121,-44.27229,199.9797
26.66:  42.25044,-44.50296,201.4797
26.68:  42.1522,-44.73463,202.9797
26.7:  42.04982,-44.95949,204.4797
26.71:  41.94027,-45.18431,205.9797
26.73:  41.82449,-45.40693,207.4797
26.75:  41.70294,-45.62638,208.9797
26.76:  41.57714,-45.84013,210.4797
26.78:  41.44519,-46.05146,211.9798
26.8:  41.30555,-46.26382,213.3272
26.81:  41.16558,-46.46726,214.5266
26.83:  41.01998,-46.67082,215.5758
26.85:  40.87074,-46.87271,216.4743
26.86:  40.72042,-47.07056,217.2238
26.88:  40.56734,-47.26776,217.8234
26.9:  40.41297,-47.46341,218.2736
26.91:  40.25712,-47.65881,218.5737
26.93:  40.1006,-47.85402,218.7238
26.95:  39.93993,-48.05439,218.7238
26.96:  39.78656,-48.24568,218.7238
26.98:  39.62943,-48.44164,218.7238
27:  39.47294,-48.6368,218.7238
27.01:  39.31812,-48.82988,218.7238
27.03:  39.16234,-49.02417,218.7238
27.05:  39.00116,-49.22518,218.7238
27.06:  38.84592,-49.41879,218.7238
27.08:  38.68882,-49.61472,218.7238
27.1:  38.53313,-49.80888,218.7238
27.11:  38.38,-49.99985,218.7238
27.13:  38.21602,-50.19373,220.2238
27.15:  38.05378,-50.37568,221.7238
27.16:  37.88068,-50.55985,223.2238
27.18:  37.70419,-50.73806,224.7238
27.2:  37.52481,-50.90993,226.2238
27.21:  37.33994,-51.07801,227.7238
27.23:  37.15033,-51.24154,229.2238
27.25:  36.9571,-51.39956,230.7238
27.26:  36.75937,-51.55281,232.2238
27.28:  36.55816,-51.70048,233.7238
27.3:  36.35064,-51.84458,235.2238
27.31:  36.14223,-51.98136,236.7238
27.33:  35.92942,-52.11318,238.2238
27.35:  35.71398,-52.23896,239.7238
27.36:  35.49632,-52.3585,241.2238
27.38:  35.2756,-52.4723,242.7238
27.4:  35.04186,-52.58518,244.2238
27.41:  34.81661,-52.68677,245.7238
27.43:  34.58553,-52.78451,247.0733
27.45:  34.35766,-52.8753,248.2755
27.46:  34.12402,-52.96346,249.328
27.48:  33.88803,-53.04828,250.23
27.5:  33.65126,-53.12989,250.9817
27.51:  33.41555,-53.20837,251.5844
27.53:  33.17662,-53.28584,252.0363
27.55:  32.93781,-53.36188,252.3379
27.56:  32.69969,-53.437,252.4897
27.58:  32.46111,-53.51227,252.4914
27.6:  32.22361,-53.58719,252.4914
27.61:  31.98635,-53.66203,252.4914
27.63:  31.74897,-53.73692,252.4914
27.65:  31.50881,-53.81268,252.4914
27.66:  31.27077,-53.88778,252.4914
27.68:  31.03227,-53.96302,252.4914
27.7:  30.79228,-54.03872,252.4914
27.71:  30.55488,-54.11361,252.4914
27.73:  30.31896,-54.18804,252.4914
27.75:  30.07882,-54.26379,252.4914
27.76:  29.83957,-54.33927,252.4914
27.78:  29.60012,-54.41481,252.4914
27.8:  29.3618,-54.48999,252.4914
27.81:  29.11749,-54.56706,252.4914
27.83:  28.88471,-54.64049,252.4914
27.85:  28.64726,-54.7154,252.4914
27.86:  28.41294,-54.78932,252.4914
27.88:  28.17083,-54.8657,252.4914
27.9:  27.93179,-54.9411,252.4914
27.91:  27.69363,-55.01624,252.4914
27.93:  27.45518,-55.09146,252.4914
27.95:  27.21695,-55.16661,252.4914
27.96:  26.97851,-55.24183,252.4914
27.98:  26.74042,-55.31694,252.4914
28:  26.50009,-55.39275,252.4914
28.01:  26.2636,-55.46736,252.4914
28.03:  26.02374,-55.54303,252.4914
28.05:  25.78526,-55.61826,252.4914
28.06:  25.54123,-55.69524,252.4914
28.08:  25.30588,-55.76948,252.4914
28.1:  25.06924,-55.84414,252.4914
28.11:  24.83495,-55.91805,252.4914
28.13:  24.58662,-55.99638,252.4914
28.15:  24.34996,-56.06429,253.9914
28.16:  24.11204,-56.12585,255.4914
28.18:  23.86688,-56.18249,256.9914
28.2:  23.62255,-56.23224,258.4914
28.21:  23.37728,-56.27553,259.9914
28.23:  23.12505,-56.31326,261.4914
28.25:  22.88173,-56.34317,262.9914
28.26:  22.62663,-56.36777,264.4914
28.28:  22.37925,-56.38511,265.9914
28.3:  22.12923,-56.39606,267.4914
28.31:  21.88017,-56.40045,268.9914
28.33:  21.63444,-56.39834,270.4914
28.35:  21.38362,-56.38962,271.9914
28.36:  21.13484,-56.37444,273.4914
28.38:  20.88459,-56.35259,274.9914
28.4:  20.63818,-56.32455,276.4914
28.41:  20.38895,-56.29023,277.8405
28.43:  20.13674,-56.25012,279.0363
28.45:  19.89321,-56.20681,280.0837
28.46:  19.645,-56.15866,280.9794
28.48:  19.40471,-56.10877,281.7278
28.5:  19.16171,-56.05567,282.3271
28.51:  18.92106,-56.00109,282.7782
28.53:  18.67468,-55.94386,283.0776
28.55:  18.43485,-55.88748,283.2292
28.56:  18.18813,-55.82948,283.2292
28.58:  17.94581,-55.77251,283.2292
28.6:  17.70334,-55.71551,283.2292
28.61:  17.45053,-55.65608,283.2292
28.63:  17.21393,-55.60046,283.2292
28.65:  16.96806,-55.54266,283.2292
28.66:  16.72658,-55.48589,283.2292
28.68:  16.4769,-55.4272,283.2292
28.7:  16.24023,-55.37156,283.2292
28.71:  15.99734,-55.31446,283.2292
28.73:  15.75331,-55.25709,283.2292
28.75:  15.51086,-55.20009,283.2292
28.76:  15.26762,-55.14291,283.2292
28.78:  15.02439,-55.08573,283.2292
28.8:  14.78146,-55.02862,283.2292
28.81:  14.53781,-54.97134,283.2292
28.83:  14.29452,-54.91415,283.2292
28.85:  14.05149,-54.85702,283.2292
28.86:  13.80781,-54.79973,283.2292
28.88:  13.5593,-54.74131,283.2292
28.9:  13.31969,-54.68498,283.2292
28.91:  13.07907,-54.62841,283.2292
28.93:  12.83399,-54.56399,284.7292
28.95:  12.59589,-54.49468,286.2292
28.96:  12.3582,-54.41869,287.7292
28.98:  12.12092,-54.33593,289.2292
29:  11.88828,-54.24788,290.7292
29.01:  11.65594,-54.15293,292.2292
29.03:  11.42671,-54.05216,293.7292
29.05:  11.19944,-53.94508,295.2292
29.06:  10.97223,-53.83065,296.7292
29.08:  10.75393,-53.71346,298.2292
29.1:  10.53516,-53.58853,299.7292
29.11:  10.3279,-53.46286,301.2292
29.13:  10.11468,-53.32583,302.7292
29.15:  9.909492,-53.18623,304.2292
29.16:  9.709679,-53.04249,305.7292
29.18:  9.507724,-52.88904,307.2292
29.2:  9.312081,-52.73214,308.7292
29.21:  9.121543,-52.57095,310.2292
29.23:  8.934954,-52.40454,311.7292
29.25:  8.753335,-52.23381,313.2292
29.26:  8.575371,-52.05752,314.7292
29.28:  8.402513,-51.87708,316.2292
29.3:  8.233411,-51.69105,317.7292
29.31:  8.065575,-51.49641,319.2292
29.33:  7.912536,-51.30924,320.7292
29.35:  7.759537,-51.11179,322.2292
29.36:  7.612028,-50.91076,323.7292
29.38:  7.468004,-50.70332,325.2292
29.4:  7.331265,-50.49492,326.7292
29.41:  7.201443,-50.2853,328.2292
29.43:  7.073973,-50.06691,329.7292
29.45:  6.954039,-49.84848,331.2292
29.46:  6.83842,-49.62564,332.5786
29.48:  6.727946,-49.40134,333.7779
29.5:  6.621701,-49.17528,334.8274
29.51:  6.519201,-48.94798,335.7273
29.53:  6.419448,-48.71881,336.4772
29.55:  6.322122,-48.48867,337.0771
29.56:  6.224488,-48.25268,337.5239
29.58:  6.130453,-48.02201,337.8212
29.6:  6.036016,-47.78865,337.9674
29.61:  5.945616,-47.56525,337.9691
29.63:  5.847873,-47.3237,337.9691
29.65:  5.754355,-47.09259,337.9691
29.66:  5.662426,-46.86542,337.9691
29.68:  5.56762,-46.63113,337.9691
29.7:  5.474068,-46.39994,337.9691
29.71:  5.378694,-46.16424,337.9691
29.73:  5.286821,-45.9372,337.9691
29.75:  5.193121,-45.70565,337.9691
29.76:  5.099591,-45.47451,337.9691
29.78:  5.007534,-45.24701,337.9691
29.8:  4.913041,-45.0135,337.9691
29.81:  4.819255,-44.78173,337.9691
29.83:  4.72491,-44.54858,337.9691
29.85:  4.628322,-44.30989,337.9691
29.86:  4.537673,-44.08587,337.9691
29.88:  4.443038,-43.85201,337.9691
29.9:  4.350179,-43.62253,337.9691
29.91:  4.257298,-43.39299,337.9691
29.93:  4.162616,-43.15901,337.9691
29.95:  4.069036,-42.92775,337.9691
29.96:  3.98111,-42.69297,339.4691
29.98:  3.899499,-42.45637,340.9691
30:  3.824102,-42.21769,342.4691
30.01:  3.755404,-41.9786,343.9691
30.03:  3.692884,-41.73738,345.4691
30.05:  3.636294,-41.49287,346.9691
30.06:  3.586449,-41.24855,348.4691
30.08:  3.542639,-41.00087,349.9691
30.1:  3.505598,-40.75394,351.4691
30.11:  3.475265,-40.50799,352.9691
30.13:  3.450881,-40.25617,354.4691
30.15:  3.433403,-40.00815,355.9691
30.16:  3.421978,-39.74968,357.4691
30.18:  3.417696,-39.5117,358.9691
30.2:  3.41977,-39.25837,0.4691015
30.21:  3.428363,-39.00843,1.969102
30.23:  3.4433,-38.76204,3.469101
30.25:  3.465168,-38.51052,4.969102
30.26:  3.493407,-38.26147,6.469102
30.28:  3.528262,-38.0125,7.969103
30.3:  3.570646,-37.75837,9.469102
30.31:  3.616502,-37.52179,10.9691
30.33:  3.670906,-37.27576,12.4691
30.35:  3.730812,-37.03493,13.9691
30.36:  3.797435,-36.7942,15.4691
30.38:  3.870478,-36.55482,16.9691
30.4:  3.9489,-36.31797,18.3194
30.41:  4.032428,-36.08234,19.51971
30.43:  4.120026,-35.84893,20.57043
30.45:  4.212435,-35.61397,21.46966
30.46:  4.306559,-35.38355,22.21955
30.48:  4.403559,-35.15302,22.81938
30.5:  4.50274,-34.92237,23.26856
30.51:  4.602249,-34.69426,23.56843
30.53:  4.70171,-34.4679,23.71994
30.55:  4.803078,-34.2372,23.72026
30.56:  4.903952,-34.00762,23.72026
30.58:  5.004959,-33.77774,23.72026
30.6:  5.104987,-33.55009,23.72026
30.61:  5.207898,-33.31588,23.72026
30.63:  5.307933,-33.08821,23.72026
30.65:  5.408423,-32.8595,23.72026
30.66:  5.507501,-32.63402,23.72026
30.68:  5.606747,-32.40815,23.72026
30.7:  5.708589,-32.17636,23.72026
30.71:  5.803443,-31.94417,22.22026
30.73:  5.891586,-31.71115,20.72026
30.75:  5.974042,-31.47464,19.22026
30.76:  6.050071,-31.2367,17.72026
30.78:  6.120099,-30.99598,16.22026
30.8:  6.18328,-30.7555,14.72026
30.81:  6.240349,-30.51257,13.22026
30.83:  6.291476,-30.26612,11.72026
30.85:  6.337204,-30.01249,10.22026
30.86:  6.374378,-29.77013,8.720257
30.88:  6.40535,-29.52566,7.220258
30.9:  6.430221,-29.27737,5.720258
30.91:  6.448689,-29.0271,4.220257
30.93:  6.460313,-28.78244,2.720257
30.95:  6.465719,-28.52864,1.220257
30.96:  6.464464,-28.2715,359.7202
30.98:  6.456905,-28.02823,358.2202
31:  6.442637,-27.77926,356.7202
31.01:  6.422398,-27.5293,355.3707
31.03:  6.396996,-27.28047,354.1713
31.05:  6.367174,-27.03326,353.1212
31.06:  6.333272,-26.78508,352.2214
31.08:  6.29627,-26.53834,351.4714
31.1:  6.256632,-26.29167,350.8712
31.11:  6.215219,-26.04628,350.4203
31.13:  6.170611,-25.79002,350.1255
31.15:  6.128458,-25.55154,349.9761
31.16:  6.085393,-25.30793,349.975
31.18:  6.041651,-25.06049,349.975
31.2:  5.997903,-24.81301,349.975
31.21:  5.954456,-24.56724,349.975
31.23:  5.910844,-24.32053,349.975
31.25:  5.86752,-24.07545,349.975
31.26:  5.824343,-23.8312,349.975
31.28:  5.780031,-23.58053,349.975
31.3:  5.736627,-23.335,349.975
31.31:  5.692209,-23.08374,349.975
31.33:  5.648946,-22.839,349.975
31.35:  5.605928,-22.59566,349.975
31.36:  5.562641,-22.35079,349.975
31.38:  5.518952,-22.10365,349.975
31.4:  5.475749,-21.85925,349.975
31.41:  5.43233,-21.61364,349.975
31.43:  5.38892,-21.36807,349.975
31.45:  5.345247,-21.12102,349.975
31.46:  5.301828,-20.8754,349.975
31.48:  5.258328,-20.62933,349.975
31.5:  5.214534,-20.3816,349.975
31.51:  5.171225,-20.1366,349.975
31.53:  5.127463,-19.88904,349.975
31.55:  5.083921,-19.64273,349.975
31.56:  5.041012,-19.4,349.975
31.58:  4.995759,-19.14401,349.975
31.6:  4.953293,-18.90379,349.975
31.61:  4.910451,-18.66144,349.975
31.63:  4.866386,-18.41217,349.975
31.65:  4.823048,-18.16701,349.975
31.66:  4.779209,-17.91902,349.975
31.68:  4.735982,-17.67449,349.975
31.7:  4.692335,-17.42758,349.975
31.71:  4.649074,-17.18286,349.975
31.73:  4.605392,-16.93575,349.975
31.75:  4.561895,-16.6897,349.975
31.76:  4.518423,-16.44378,349.975
31.78:  4.475172,-16.19912,349.975
31.8:  4.431391,-15.95146,349.975
31.81:  4.387887,-15.70536,349.975
31.83:  4.34424,-15.45846,349.975
31.85:  4.300449,-15.21074,349.975
31.86:  4.257466,-14.96759,349.975
31.88:  4.213899,-14.72113,349.975
31.9:  4.1702,-14.47394,349.975
31.91:  4.133399,-14.22842,351.475
31.93:  4.102645,-13.97885,352.975
31.95:  4.077771,-13.7217,354.475
31.96:  4.0605,-13.47624,355.975
31.98:  4.049433,-13.22528,357.475
32:  4.045016,-12.97841,358.975
32.01:  4.047067,-12.73102,0.4750374
32.03:  4.055972,-12.47281,1.975037
32.05:  4.070862,-12.2276,3.475037
32.06:  4.092268,-11.9817,4.975038
32.08:  4.120509,-11.73286,6.475038
32.1:  4.154585,-11.48963,7.975038
32.11:  4.197229,-11.23412,9.475038
32.13:  4.24367,-10.99128,10.8267
32.15:  4.295144,-10.74974,12.03018
32.16:  4.35178,-10.50604,13.08354
32.18:  4.412541,-10.26209,13.98606
32.2:  4.475898,-10.02126,14.73917
32.21:  4.541857,-9.780858,15.3427
32.23:  4.609937,-9.540208,15.79618
32.25:  4.679412,-9.299496,16.09933
32.26:  4.749117,-9.060394,16.25305
32.28:  4.819614,-8.81862,16.25567
32.3:  4.889703,-8.578245,16.25567
32.31:  4.961455,-8.332165,16.25567
32.33:  5.030294,-8.096077,16.25567
32.35:  5.100891,-7.853959,16.25567
32.36:  5.169182,-7.619749,16.25567
32.38:  5.239329,-7.379172,16.25567
32.4:  5.309131,-7.139783,16.25567
32.41:  5.379126,-6.899731,16.25567
32.43:  5.44929,-6.659095,16.25567
32.45:  5.519042,-6.419877,16.25567
32.46:  5.58918,-6.179334,16.25567
32.48:  5.658926,-5.940131,16.25567
32.5:  5.729512,-5.698052,16.25567
32.51:  5.799072,-5.459491,16.25567
32.53:  5.86939,-5.218328,16.25567
32.55:  5.939332,-4.978456,16.25567
32.56:  6.010872,-4.733106,16.25567
32.58:  6.079491,-4.497771,16.25567
32.6:  6.148685,-4.260462,16.25567
32.61:  6.220903,-4.012786,16.25567
32.63:  6.289093,-3.778925,16.25567
32.65:  6.35907,-3.538932,16.25567
32.66:  6.428862,-3.299576,16.25567
32.68:  6.498967,-3.059143,16.25567
32.7:  6.569055,-2.818771,16.25567
32.71:  6.638735,-2.579799,16.25567
32.73:  6.709037,-2.33869,16.25567
32.75:  6.778973,-2.098843,16.25567
32.76:  6.847742,-1.862991,16.25567
32.78:  6.921244,-1.61091,16.25567
32.8:  6.990007,-1.375083,16.25567
32.81:  7.058751,-1.139318,16.25567
32.83:  7.129302,-0.8973581,16.25567
32.85:  7.198872,-0.6587619,16.25567
32.86:  7.268666,-0.4193996,16.25567
32.88:  7.338745,-0.1790566,16.25567
32.9:  7.408929,0.06164497,16.25567
32.91:  7.478699,0.3009267,16.25567
32.93:  7.548392,0.5399448,16.25567
32.95:  7.618859,0.7816169,16.25567
32.96:  7.687593,1.017346,16.25567
32.98:  7.758789,1.261518,16.25567
33:  7.828794,1.501605,16.25567
33.01:  7.898348,1.740146,16.25567
33.03:  7.968725,1.981509,16.25567
33.05:  8.037638,2.217853,16.25567
33.06:  8.108426,2.460627,16.25567
33.08:  8.17842,2.700677,16.25567
33.1:  8.247479,2.937522,16.25567
33.11:  8.318465,3.180972,16.25567
33.13:  8.389326,3.423995,16.25567
33.15:  8.458241,3.660344,16.25567
33.16:  8.528256,3.900467,16.25567
33.18:  8.598529,4.141472,16.25567
33.2:  8.668523,4.381523,16.25567
33.21:  8.73801,4.619838,16.25567
33.23:  8.80845,4.861413,16.25567
33.25:  8.87825,5.100801,16.25567
33.26:  8.89883,5.338448,16.25567
33.28:  8.89883,5.580454,16.25567
33.3:  8.89883,5.819193,16.25567
33.31:  8.89883,6.060566,16.25567
33.33:  8.89883,6.300412,16.25567
33.35:  8.89883,6.540395,16.25567
33.36:  8.898831,6.778819,16.25567
33.38:  8.898831,7.021263,16.25567
33.4:  8.898831,7.261954,16.25567
33.41:  8.898831,7.497006,16.25567
33.43:  8.898831,7.742493,16.25567
33.45:  8.898831,7.981654,16.25567
33.46:  8.898831,8.220664,16.25567
33.48:  8.898831,8.460133,16.25567
33.5:  8.898831,8.697639,16.25567
33.51:  8.898831,8.940155,16.25567
33.53:  8.898831,9.180843,16.25567
33.55:  8.898831,9.416985,16.25567
33.56:  8.92959,9.671207,16.25567
33.58:  8.986683,9.91354,17.75567
33.6:  9.06601,10.14063,19.25567
33.61:  9.158441,10.38452,20.75567
33.63:  9.250733,10.61005,22.25567
33.65:  9.35129,10.83852,23.75567
33.66:  9.457332,11.0633,25.25567
33.68:  9.57018,11.28714,26.75567
33.7:  9.68843,11.50716,28.25567
33.71:  9.815144,11.72881,29.75567
33.73:  9.943592,11.94044,31.25567
33.75:  10.07888,12.15072,32.75568
33.76:  10.21654,12.35286,34.25568
33.78:  10.36189,12.55472,35.75568
33.8:  10.51488,12.75587,37.25567
33.81:  10.67134,12.95078,38.75567
33.83:  10.83725,13.14672,40.25567
33.85:  11.00116,13.33033,41.75568
33.86:  11.17339,13.51338,43.25567
33.88:  11.34806,13.68955,44.75567
33.9:  11.52738,13.86118,46.25567
33.91:  11.71262,14.0294,47.75568
33.93:  11.90146,14.19208,49.25568
33.95:  12.09721,14.35198,50.75567
33.96:  12.29041,14.50154,52.25568
33.98:  12.49491,14.65146,53.75568
34:  12.70074,14.79422,55.25568
34.01:  12.90614,14.92885,56.75568
34.03:  13.12558,15.06462,58.25568
34.05:  13.33849,15.18875,59.75568
34.06:  13.55929,15.30986,61.25568
34.08:  13.78053,15.42378,62.75568
34.1:  14.00585,15.53243,64.25568
34.11:  14.23285,15.63466,65.75568
34.13:  14.46191,15.73139,67.10651
34.15:  14.69224,15.82301,68.30859
34.16:  14.93691,15.9152,69.35381
34.18:  15.16827,15.99826,70.25152
34.2:  15.4061,16.08016,70.99831
34.21:  15.63896,16.15763,71.59785
34.23:  15.87617,16.23449,72.04779
34.25:  16.11469,16.31039,72.34755
34.26:  16.35108,16.38493,72.49859
34.28:  16.60006,16.46344,72.49859
34.3:  16.82972,16.53586,72.49859
34.31:  17.06831,16.61109,72.49859
34.33:  17.30757,16.68653,72.49859
34.35:  17.54356,16.76095,72.49859
34.36:  17.78179,16.83607,72.49859
34.38:  18.02517,16.91281,72.49859
34.4:  18.26317,16.98786,72.49859
34.41:  18.49858,17.06209,72.49859
34.43:  18.73781,17.13753,72.49859
34.45:  18.97238,17.21149,72.49859
34.46:  19.21143,17.28687,72.49859
34.48:  19.4491,17.36182,72.49859
34.5:  19.69082,17.43804,72.49859
34.51:  19.92878,17.51307,72.49859
34.53:  20.16801,17.58851,72.49859
34.55:  20.40718,17.66393,72.49859
34.56:  20.64424,17.73867,72.49859
34.58:  20.88299,17.81396,72.49859
34.6:  21.12127,17.8891,72.49859
34.61:  21.35919,17.96412,72.49859
34.63:  21.6031,18.04103,72.49859
34.65:  21.83935,18.11552,72.49859
34.66:  22.07973,18.19132,72.49859
34.68:  22.31506,18.26553,72.49859
34.7:  22.55453,18.34104,72.49859
34.71:  22.79367,18.41644,72.49859
34.73:  23.03135,18.49139,72.49859
34.75:  23.26904,18.56634,72.49859
34.76:  23.50662,18.64126,72.49859
34.78:  23.74907,18.71079,73.99858
34.8:  23.98808,18.7726,75.49859
34.81:  24.23146,18.8288,76.99859
34.83:  24.47702,18.87877,78.49859
34.85:  24.72274,18.9221,79.99859
34.86:  24.97632,18.96,81.49859
34.88:  25.22151,18.99011,82.99859
34.9:  25.48537,19.01627,84.3395
34.91:  25.71376,19.03407,85.54296
34.93:  25.96563,19.04906,86.59503
34.95:  26.21512,19.05996,87.49727
34.96:  26.46518,19.0676,88.24939
34.98:  26.71666,19.07265,88.85059
35:  26.96518,19.07567,89.30268
35.01:  27.2142,19.07739,89.60535
35.03:  27.46632,19.07846,89.75674
35.05:  27.71591,19.07951,89.75838
35.06:  27.97122,19.08059,89.75838
35.08:  28.21875,19.08163,89.75838
35.1:  28.46609,19.08267,89.75838
35.11:  28.71469,19.08372,89.75838
35.13:  28.96756,19.08479,89.75838
35.15:  29.22106,19.08586,89.75838
35.16:  29.47254,19.08692,89.75838
35.18:  29.71925,19.08796,89.75838
35.2:  29.9663,19.089,89.75838
35.21:  30.21491,19.09005,89.75838
35.23:  30.46558,19.09111,89.75838
35.25:  30.71645,19.09216,89.75838
35.26:  30.96413,19.09321,89.75838
35.28:  31.21446,19.09426,89.75838
35.3:  31.46625,19.09533,89.75838
35.31:  31.71412,19.09637,89.75838
35.33:  31.96108,19.09741,89.75838
35.35:  32.21411,19.09848,89.75838
35.36:  32.46222,19.09953,89.75838
35.38:  32.71353,19.10059,89.75838
35.4:  32.96473,19.10164,89.75838
35.41:  33.21437,19.1027,89.75838
35.43:  33.46532,19.10376,89.75838
35.45:  33.71458,19.10481,89.75838
35.46:  33.96408,19.10586,89.75838
35.48:  34.21569,19.10692,89.75838
35.5:  34.46642,19.10798,89.75838
35.51:  34.72161,19.10905,89.75838
35.53:  34.96595,19.11008,89.75838
35.55:  35.21603,19.11114,89.75838
35.56:  35.46414,19.11219,89.75838
35.58:  35.71334,19.11324,89.75838
35.6:  35.96479,19.1143,89.75838
35.61:  36.21289,19.11534,89.75838
35.63:  36.46078,19.11639,89.75838
35.65:  36.71414,19.11746,89.75838
35.66:  36.97284,19.11855,89.75838
35.68:  37.21983,19.11959,89.75838
35.7:  37.46703,19.12063,89.75838
35.71:  37.71463,19.12168,89.75838
35.73:  37.97299,19.12276,89.75838
35.75:  38.21529,19.12379,89.75838
35.76:  38.46574,19.12484,89.75838
35.78:  38.71562,19.1259,89.75838
35.8:  38.96223,19.12694,89.75838
35.81:  39.21194,19.12799,89.75838
35.83:  39.46587,19.12906,89.75838
35.85:  39.71526,19.13011,89.75838
35.86:  39.96476,19.13116,89.75838
35.88:  40.21568,19.13222,89.75838
35.9:  40.46497,19.13327,89.75838
35.91:  40.71462,19.13433,89.75838
35.93:  40.96432,19.13538,89.75838
35.95:  41.22386,19.13647,89.75838
35.96:  41.46817,19.1375,89.75838
35.98:  41.71793,19.13856,89.75838
36:  41.96581,19.1396,89.75838
36.01:  42.21114,19.14064,89.75838
36.03:  42.4647,19.14171,89.75838
36.05:  42.71439,19.14276,89.75838
36.06:  42.96441,19.14381,89.75838
36.08:  43.21241,19.14486,89.75838
36.1:  43.47264,19.14596,89.75838
36.11:  43.71981,19.147,89.75838
36.13:  43.96225,19.14802,89.75838
36.15:  44.21372,19.14908,89.75838
36.16:  44.46553,19.15014,89.75838
36.18:  44.71641,19.1512,89.75838
36.2:  44.96489,19.15225,89.75838
36.21:  45.21482,19.15331,89.75838
36.23:  45.46544,19.15436,89.75838
36.25:  45.71567,19.15542,89.75838
36.26:  45.96435,19.15647,89.75838
36.28:  46.21503,19.15752,89.75838
36.3:  46.46481,19.15858,89.75838
36.31:  46.71413,19.15963,89.75838
36.33:  46.96255,19.16068,89.75838
36.35:  47.21498,19.16174,89.75838
36.36:  47.46448,19.16279,89.75838
36.38:  47.7161,19.16385,89.75838
36.4:  47.96535,19.1649,89.75838
36.41:  48.21302,19.16595,89.75838
36.43:  48.46581,19.16702,89.75838
36.45:  48.71495,19.16806,89.75838
36.46:  48.9641,19.16912,89.75838
36.48:  49.21129,19.17016,89.75838
36.5:  49.46176,19.17122,89.75838
36.51:  49.71443,19.17228,89.75838
36.53:  49.96444,19.17333,89.75838
36.55:  50.2153,19.17439,89.75838
36.56:  50.46566,19.17545,89.75838
36.58:  50.71361,19.17649,89.75838
36.6:  50.96408,19.17755,89.75838
36.61:  51.21439,19.17861,89.75838
36.63:  51.46587,19.17967,89.75838
36.65:  51.71251,19.18071,89.75838
36.66:  51.9738,19.18181,89.75838
36.68:  52.21825,19.18284,89.75838
36.7:  52.4656,19.18388,89.75838
36.71:  52.71207,19.18492,89.75838
36.73:  52.96466,19.18599,89.75838
36.75:  53.21474,19.18704,89.75838
36.76:  53.46427,19.18809,89.75838
36.78:  53.71148,19.18914,89.75838
36.8:  53.96682,19.19021,89.75838
36.81:  54.21429,19.19126,89.75838
36.83:  54.46542,19.19232,89.75838
36.85:  54.71417,19.19337,89.75838
36.86:  54.96402,19.19442,89.75838
36.88:  55.21571,19.19548,89.75838
36.9:  55.46383,19.19653,89.75838
36.91:  55.71394,19.19758,89.75838
36.93:  55.96297,19.19863,89.75838
36.95:  56.21497,19.19969,89.75838
36.96:  56.46204,19.20074,89.75838
36.98:  56.71434,19.2018,89.75838
37:  56.96449,19.20285,89.75838
37.01:  57.21215,19.2039,89.75838
37.03:  57.46596,19.20497,89.75838
37.05:  57.7144,19.20602,89.75838
37.06:  57.96395,19.20707,89.75838
37.08:  58.21584,19.20813,89.75838
37.1:  58.47172,19.20921,89.75838
37.11:  58.71861,19.21025,89.75838
37.13:  58.96694,19.2113,89.75838
37.15:  59.22321,19.21238,89.75838
37.16:  59.46859,19.21341,89.75838
37.18:  59.72164,19.22111,88.25838
37.2:  59.96295,19.23478,86.75838
37.21:  60.21355,19.25556,85.25838
37.23:  60.46239,19.28278,83.75837
37.25:  60.70983,19.31642,82.25838
37.26:  60.95669,19.35658,80.75838
37.28:  61.20234,19.40318,79.25838
37.3:  61.4459,19.45603,77.75838
37.31:  61.68872,19.51541,76.25838
37.33:  61.93208,19.58103,74.90961
37.35:  62.1701,19.65059,73.70963
37.36:  62.40884,19.72513,72.65971
37.38:  62.64735,19.80373,71.76046
37.4:  62.87957,19.88365,71.00858
37.41:  63.11802,19.96852,70.40855
37.43:  63.35266,20.05412,69.95838
37.45:  63.58733,20.14112,69.65838
37.46:  63.82136,20.22857,69.50828
37.48:  64.05742,20.3168,69.50828
37.5:  64.29131,20.4042,69.50828
37.51:  64.52407,20.49119,69.50828
37.53:  64.75592,20.57784,69.50828
37.55:  64.99945,20.66885,69.50828
37.56:  65.2272,20.75397,69.50828
37.58:  65.45897,20.84058,69.50828
37.6:  65.69592,20.92914,69.50828
37.61:  65.92915,21.0163,69.50828
37.63:  66.16762,21.09837,71.00829
37.65:  66.40949,21.17459,72.50829
37.66:  66.64525,21.24216,74.00829
37.68:  66.88715,21.30468,75.50829
37.7:  67.13014,21.36075,77.00828
37.71:  67.37508,21.41054,78.50829
37.73:  67.61777,21.4533,80.00829
37.75:  67.86831,21.4907,81.50829
37.76:  68.11646,21.52114,83.00829
37.78:  68.36644,21.54517,84.50829
37.8:  68.61622,21.5626,86.00829
37.81:  68.86462,21.57341,87.50829
37.85:  69.11614,21.57776,89.00829
37.86:  69.36428,21.57556,90.50829
37.88:  69.6142,21.5668,92.00829
37.9:  69.86495,21.55143,93.50829
37.91:  70.11571,21.52945,95.00829
37.93:  70.35704,21.50192,96.5083
37.95:  70.6074,21.4667,98.0083
37.96:  70.85515,21.4252,99.50829
37.98:  71.10231,21.3778,100.8573
38:  71.34713,21.32551,102.0561
38.01:  71.59026,21.26891,103.1051
38.03:  71.8313,21.20878,104.0051
38.05:  72.07471,21.14468,104.754
38.06:  72.31439,21.07887,105.3538
38.08:  72.55535,21.01067,105.8034
38.1:  72.79652,20.94105,106.1023
38.11:  73.04029,20.87,106.2489
38.13:  73.26702,20.80392,106.2489
38.15:  73.48235,20.74116,106.2489
38.16:  73.68285,20.68273,106.2489
38.18:  73.87745,20.62601,106.2489
38.2:  74.05441,20.57444,106.2489
38.21:  74.22574,20.5245,106.2489
38.23:  74.38107,20.47923,106.2489
38.25:  74.52603,20.43698,106.2489
38.26:  74.65788,20.39855,106.2489
38.28:  74.77827,20.36346,106.2489
38.3:  74.88709,20.33175,106.2489
38.31:  74.9826,20.30392,106.2489
38.33:  75.06678,20.27938,106.2489
38.35:  75.1392,20.25827,106.2489
38.36:  75.19934,20.24074,106.2489
38.38:  75.24761,20.22667,106.2489
38.4:  75.28356,20.2162,106.2489
38.41:  75.30815,20.20903,106.2489
38.43:  75.32041,20.20546,106.2489
38.45:  75.32041,20.20546,106.2489
38.46:  75.32041,20.20546,106.2489
38.48:  75.32041,20.20546,106.2489
38.5:  75.32041,20.20546,106.2489
38.51:  75.32041,20.20546,106.2489
38.53:  75.32041,20.20546,106.2489
38.55:  75.32041,20.20546,106.2489
38.56:  75.32041,20.20546,106.2489
38.58:  75.32041,20.20546,106.2489
38.6:  75.32041,20.20546,106.2489
38.61:  75.32041,20.20546,106.2489
38.63:  75.32041,20.20546,106.2489
38.65:  75.32041,20.20546,106.2489
38.66:  75.32041,20.20546,106.2489
38.68:  75.32041,20.20546,106.2489
38.7:  75.32041,20.20546,106.2489
38.71:  75.32041,20.20546,106.2489
38.73:  75.32041,20.20546,106.2489
38.75:  75.32041,20.20546,106.2489
38.76:  75.32041,20.20546,106.2489
38.78:  75.32041,20.20546,106.2489
38.8:  75.32041,20.20546,106.2489
38.81:  75.32041,20.20546,106.2489
38.83:  75.32041,20.20546,106.2489
38.85:  75.32041,20.20546,106.2489
38.86:  75.32041,20.20546,106.2489
38.88:  75.32041,20.20546,106.2489
38.9:  75.32041,20.20546,106.2489
38.91:  75.32041,20.20546,106.2489
38.93:  75.32041,20.20546,106.2489
38.95:  75.32041,20.20546,106.2489
38.96:  75.32041,20.20546,106.2489
38.98:  75.32041,20.20546,106.2489
39:  75.32041,20.20546,106.2489
39.01:  75.32041,20.20546,106.2489
39.03:  75.32041,20.20546,106.2489
39.05:  75.32041,20.20546,106.2489
39.06:  75.32041,20.20546,106.2489
39.08:  75.32041,20.20546,106.2489
39.1:  75.32041,20.20546,106.2489
39.11:  75.32041,20.20546,106.2489
39.13:  75.32041,20.20546,106.2489
39.15:  75.32041,20.20546,106.2489
39.16:  75.32041,20.20546,106.2489
39.18:  75.32041,20.20546,106.2489
39.2:  75.32041,20.20546,106.2489
39.21:  75.32041,20.20546,106.2489
39.23:  75.32041,20.20546,106.2489
39.25:  75.32041,20.20546,106.2489
39.26:  75.32041,20.20546,106.2489
39.28:  75.32041,20.20546,106.2489
39.3:  75.32041,20.20546,106.2489
39.31:  75.32041,20.20546,106.2489
39.33:  75.32041,20.20546,106.2489
39.35:  75.32041,20.20546,106.2489
39.36:  75.32041,20.20546,106.2489
39.38:  75.32041,20.20546,106.2489
39.4:  75.32041,20.20546,106.2489
39.41:  75.32041,20.20546,106.2489
39.43:  75.32041,20.20546,106.2489
39.45:  75.32041,20.20546,106.2489
39.46:  75.32041,20.20546,106.2489
39.48:  75.32041,20.20546,106.2489
39.5:  75.32041,20.20546,106.2489
39.51:  75.32041,20.20546,106.2489
39.53:  75.32041,20.20546,106.2489
39.55:  75.32041,20.20546,106.2489
39.56:  75.32041,20.20546,106.2489
39.58:  75.32041,20.20546,106.2489
39.6:  75.32041,20.20546,106.2489
39.61:  75.32041,20.20546,106.2489
39.63:  75.32041,20.20546,106.2489
39.65:  75.32041,20.20546,106.2489
39.66:  75.32041,20.20546,106.2489
39.68:  75.32041,20.20546,106.2489
39.7:  75.32041,20.20546,106.2489
39.71:  75.32041,20.20546,106.2489
39.73:  75.32041,20.20546,106.2489
39.75:  75.32041,20.20546,106.2489
39.76:  75.32041,20.20546,106.2489
39.78:  75.32041,20.20546,106.2489
39.8:  75.32041,20.20546,106.2489
39.81:  75.32041,20.20546,106.2489
39.83:  75.32041,20.20546,106.2489
39.85:  75.32041,20.20546,106.2489
39.86:  75.32041,20.20546,106.2489
39.88:  75.32041,20.20546,106.2489
39.9:  75.32041,20.20546,106.2489
39.91:  75.32041,20.20546,106.2489
39.93:  75.32041,20.20546,106.2489
39.95:  75.32041,20.20546,106.2489
39.96:  75.32041,20.20546,106.2489
39.98:  75.32041,20.20546,106.2489
40:  75.32041,20.20546,106.2489
40.01:  75.32041,20.20546,106.2489
40.03:  75.32041,20.20546,106.2489
40.05:  75.32041,20.20546,106.2489
40.06:  75.32041,20.20546,106.2489
40.08:  75.32041,20.20546,106.2489
40.1:  75.32041,20.20546,106.2489
40.11:  75.32041,20.20546,106.2489
40.13:  75.32041,20.20546,106.2489
40.15:  75.32041,20.20546,106.2489
40.16:  75.32041,20.20546,106.2489
40.18:  75.32041,20.20546,106.2489
40.2:  75.32041,20.20546,106.2489
40.21:  75.32041,20.20546,106.2489
40.23:  75.32041,20.20546,106.2489
40.25:  75.32041,20.20546,106.2489
40.26:  75.32041,20.20546,106.2489
40.28:  75.32041,20.20546,106.2489
40.3:  75.32041,20.20546,106.2489
40.31:  75.32041,20.20546,106.2489
40.33:  75.32041,20.20546,106.2489
40.35:  75.32041,20.20546,106.2489
40.36:  75.32041,20.20546,106.2489
40.38:  75.32041,20.20546,106.2489
40.4:  75.32041,20.20546,106.2489
40.41:  75.32041,20.20546,106.2489
40.43:  75.32041,20.20546,106.2489
40.45:  75.32041,20.20546,106.2489
40.46:  75.32041,20.20546,106.2489
40.48:  75.32041,20.20546,106.2489
40.5:  75.32041,20.20546,106.2489
40.51:  75.32041,20.20546,106.2489
40.53:  75.32041,20.20546,106.2489
40.55:  75.32041,20.20546,106.2489
40.56:  75.32041,20.20546,106.2489
40.58:  75.32041,20.20546,106.2489
40.6:  75.32041,20.20546,106.2489
40.61:  75.32041,20.20546,106.2489
40.63:  75.32041,20.20546,106.2489
40.65:  75.32041,20.20546,106.2489
40.66:  75.32041,20.20546,106.2489
40.68:  75.32041,20.20546,106.2489
40.7:  75.32041,20.20546,106.2489
40.71:  75.32041,20.20546,106.2489
40.73:  75.32041,20.20546,106.2489
40.75:  75.32041,20.20546,106.2489
40.76:  75.32041,20.20546,106.2489
40.78:  75.32041,20.20546,106.2489
40.8:  75.32041,20.20546,106.2489
40.81:  75.32041,20.20546,106.2489
40.83:  75.32041,20.20546,106.2489
40.85:  75.32041,20.20546,106.2489
40.86:  75.32041,20.20546,106.2489
40.88:  75.32041,20.20546,106.2489
40.9:  75.32041,20.20546,106.2489
40.91:  75.32041,20.20546,106.2489
40.93:  75.32041,20.20546,106.2489
40.95:  75.32041,20.20546,106.2489
40.96:  75.32041,20.20546,106.2489
40.98:  75.32041,20.20546,106.2489
41:  75.32041,20.20546,106.2489
41.01:  75.32041,20.20546,106.2489
41.03:  75.32041,20.20546,106.2489
41.05:  75.32041,20.20546,106.2489
41.06:  75.32041,20.20546,106.2489
41.08:  75.32041,20.20546,106.2489
41.1:  75.32041,20.20546,106.2489
41.11:  75.32041,20.20546,106.2489
41.13:  75.32041,20.20546,106.2489
41.15:  75.32041,20.20546,106.2489
41.16:  75.32041,20.20546,106.2489
41.18:  75.32041,20.20546,106.2489
41.2:  75.32041,20.20546,106.2489
41.21:  75.32041,20.20546,106.2489
41.23:  75.32041,20.20546,106.2489
41.25:  75.32041,20.20546,106.2489
41.26:  75.32041,20.20546,106.2489
41.28:  75.32041,20.20546,106.2489
41.3:  75.32041,20.20546,106.2489
41.31:  75.32041,20.20546,106.2489
41.33:  75.32041,20.20546,106.2489
41.35:  75.32041,20.20546,106.2489
41.36:  75.32041,20.20546,106.2489
41.38:  75.32041,20.20546,106.2489
41.4:  75.32041,20.20546,106.2489
41.41:  75.32041,20.20546,106.2489
41.43:  75.32041,20.20546,106.2489
41.45:  75.32041,20.20546,106.2489
41.46:  75.32041,20.20546,106.2489
41.48:  75.32041,20.20546,106.2489
41.5:  75.32041,20.20546,106.2489
41.51:  75.32041,20.20546,106.2489
41.53:  75.32041,20.20546,106.2489
41.55:  75.32041,20.20546,106.2489
41.56:  75.32041,20.20546,106.2489
41.58:  75.32041,20.20546,106.2489
41.6:  75.32041,20.20546,106.2489
41.61:  75.32041,20.20546,106.2489
41.63:  75.32041,20.20546,106.2489
41.65:  75.32041,20.20546,106.2489
41.66:  75.32041,20.20546,106.2489
41.68:  75.32041,20.20546,106.2489
41.7:  75.32041,20.20546,106.2489
41.71:  75.32041,20.20546,106.2489
41.73:  75.32041,20.20546,106.2489
41.75:  75.32041,20.20546,106.2489
41.76:  75.32041,20.20546,106.2489
41.78:  75.32041,20.20546,106.2489
41.8:  75.32041,20.20546,106.2489
41.81:  75.32041,20.20546,106.2489
41.83:  75.32041,20.20546,106.2489
41.85:  75.32041,20.20546,106.2489
41.86:  75.32041,20.20546,106.2489
41.88:  75.32041,20.20546,106.2489
41.9:  75.32041,20.20546,106.2489
41.91:  75.32041,20.20546,106.2489
41.93:  75.32041,20.20546,106.2489
41.95:  75.32041,20.20546,106.2489
41.96:  75.32041,20.20546,106.2489
41.98:  75.32041,20.20546,106.2489
42:  75.32041,20.20546,106.2489
42.01:  75.32041,20.20546,106.2489
42.03:  75.32041,20.20546,106.2489
42.05:  75.32041,20.20546,106.2489
42.06:  75.32041,20.20546,106.2489
42.08:  75.32041,20.20546,106.2489
