ParticipantNo: 12014
Controller type: Gamepad
Training Level Timed:
0.02:  82.7,18.5,270
0.03:  82.7,18.5,270
0.05:  82.7,18.5,270
0.07:  82.7,18.5,270
0.08:  82.7,18.5,270
0.1:  82.7,18.5,270
0.12:  82.7,18.5,270
0.13:  82.7,18.5,270
0.15:  82.7,18.5,269.998
0.17:  82.7,18.5,269.998
0.18:  82.7,18.5,269.998
0.2:  82.7,18.5,269.998
0.22:  82.7,18.5,269.998
0.23:  82.7,18.5,269.998
0.25:  82.7,18.5,269.998
0.27:  82.7,18.5,269.998
0.28:  82.7,18.5,269.998
0.3:  82.7,18.5,269.996
0.32:  82.7,18.5,269.9941
0.33:  82.7,18.5,269.9941
0.35:  82.7,18.5,269.9941
0.37:  82.7,18.5,269.9941
0.38:  82.7,18.5,269.9941
0.4:  82.7,18.5,269.9941
0.42:  82.7,18.5,269.9941
0.43:  82.7,18.5,269.9941
0.45:  82.7,18.5,269.9941
0.47:  82.7,18.5,269.9941
0.48:  82.7,18.5,269.9941
0.5:  82.7,18.5,269.9941
0.52:  82.7,18.5,269.9941
0.53:  82.7,18.5,269.9941
0.55:  82.7,18.5,269.9941
0.57:  82.7,18.5,269.9921
0.58:  82.7,18.5,269.9921
0.6:  82.7,18.5,269.9901
0.62:  82.7,18.5,269.9901
0.63:  82.7,18.5,269.9901
0.65:  82.7,18.5,269.9901
0.67:  82.7,18.5,269.9901
0.68:  82.7,18.5,269.9901
0.7:  82.7,18.5,269.9901
0.72:  82.7,18.5,269.9901
0.73:  82.7,18.5,269.9901
0.75:  82.7,18.5,269.9901
0.77:  82.7,18.5,269.9901
0.78:  82.60384,18.49998,269.9901
0.8:  82.40576,18.49995,269.9901
0.82:  82.15755,18.49991,269.9901
0.83:  81.90394,18.49986,269.9901
0.85:  81.64605,18.49982,269.9901
0.87:  81.40311,18.49977,269.9881
0.88:  81.15276,18.49972,269.9881
0.9:  80.90637,18.49965,269.9861
0.92:  80.65414,18.4996,269.9861
0.93:  80.40413,18.49953,269.9861
0.95:  80.15369,18.49947,269.9842
0.97:  79.90252,18.4994,269.9842
0.98:  79.65348,18.49933,269.9842
1:  79.40633,18.49926,269.9842
1.02:  79.15443,18.49919,269.9842
1.03:  78.90347,18.49911,269.9822
1.05:  78.65318,18.49902,269.9802
1.07:  78.40314,18.49894,269.9802
1.08:  78.15601,18.49884,269.9782
1.1:  77.90592,18.49871,269.9699
1.12:  77.65371,18.49858,269.9699
1.13:  77.40308,18.49845,269.9699
1.15:  77.15319,18.49832,269.9699
1.17:  76.90388,18.49819,269.9699
1.18:  76.6531,18.49804,269.9679
1.2:  76.40605,18.4979,269.9659
1.22:  76.15431,18.49774,269.964
1.23:  75.90388,18.49758,269.964
1.25:  75.65336,18.49743,269.964
1.27:  75.40076,18.49727,269.964
1.28:  75.14708,18.49711,269.964
1.3:  74.89761,18.49695,269.964
1.32:  74.65312,18.4968,269.964
1.33:  74.40503,18.49664,269.964
1.35:  74.15399,18.49648,269.964
1.37:  73.90439,18.49632,269.962
1.38:  73.65379,18.49614,269.96
1.4:  73.4062,18.49596,269.958
1.42:  73.15224,18.49577,269.9561
1.43:  72.90285,18.49557,269.954
1.45:  72.65452,18.49536,269.9521
1.47:  72.40289,18.49515,269.9521
1.48:  72.15359,18.49494,269.9521
1.5:  71.90556,18.49473,269.9521
1.52:  71.65531,18.49452,269.9521
1.53:  71.4038,18.49431,269.9521
1.55:  71.15298,18.4941,269.9521
1.57:  70.9034,18.49389,269.9521
1.58:  70.65268,18.49368,269.9521
1.6:  70.406,18.49347,269.9501
1.62:  70.15321,18.49325,269.9501
1.63:  69.9034,18.49302,269.9481
1.65:  69.65331,18.49279,269.9461
1.67:  69.40149,18.49254,269.9442
1.68:  69.15398,18.4923,269.9442
1.7:  68.90697,18.49205,269.9422
1.72:  68.65404,18.49179,269.9422
1.73:  68.40289,18.49153,269.9402
1.77:  68.15216,18.49127,269.9402
1.78:  67.90212,18.49101,269.9402
1.8:  67.65371,18.49075,269.9402
1.82:  67.4059,18.49049,269.9402
1.84:  67.15307,18.49023,269.9402
1.85:  66.87144,18.48993,269.9402
1.87:  66.64706,18.4897,269.9402
1.88:  66.40247,18.48944,269.9402
1.9:  66.15452,18.48919,269.9402
1.92:  65.90573,18.48893,269.9402
1.93:  65.6529,18.48866,269.9402
1.95:  65.40394,18.4884,269.9402
1.97:  65.15468,18.48813,269.9382
1.98:  64.90629,18.48786,269.9362
2:  64.65341,18.48757,269.9343
2.02:  64.39662,18.48727,269.9343
2.03:  64.15288,18.48698,269.9323
2.05:  63.90376,18.48669,269.9323
2.07:  63.67463,18.48642,269.9323
2.08:  63.4606,18.48616,269.9303
2.1:  63.26878,18.48593,269.9303
2.12:  63.08216,18.4857,269.9303
2.13:  62.89118,18.48547,269.9303
2.15:  62.70205,18.48523,269.9283
2.17:  62.51365,18.48499,269.9283
2.18:  62.31919,18.48474,269.9263
2.2:  62.1018,18.48446,269.9244
2.22:  61.85614,18.48413,269.9244
2.23:  61.60175,18.48379,269.9224
2.25:  61.3519,18.48345,269.9224
2.27:  61.10142,18.4831,269.9204
2.28:  60.85157,18.48275,269.9184
2.3:  60.60033,18.48239,269.9184
2.32:  60.35446,18.48204,269.9184
2.33:  60.10226,18.48167,269.9164
2.35:  59.85437,18.48131,269.9164
2.37:  59.59349,18.48093,269.9164
2.38:  59.34698,18.48057,269.9164
2.4:  59.097,18.47285,269.9164
2.42:  58.85355,18.45578,269.9145
2.43:  58.59401,18.42231,269.9145
2.45:  58.34591,18.37571,269.9145
2.47:  58.10201,18.31793,269.9125
2.48:  57.86169,18.24887,269.9125
2.5:  57.62515,18.14525,269.9105
2.52:  57.41478,18.03374,269.9105
2.53:  57.20337,17.89561,269.9105
2.55:  57.00731,17.75299,269.9105
2.57:  56.81865,17.6006,269.9105
2.58:  56.644,17.43281,269.9105
2.6:  56.47571,17.26154,269.9105
2.62:  56.31089,17.08648,269.9105
2.63:  56.14792,16.90566,269.9105
2.65:  55.9864,16.72644,269.9105
2.67:  55.82502,16.54738,269.9105
2.68:  55.66118,16.36831,269.9105
2.7:  55.5002,16.1897,269.9105
2.72:  55.33536,16.01461,269.9105
2.73:  55.16242,15.84114,269.9105
2.75:  54.98625,15.67669,269.9105
2.77:  54.80467,15.51669,269.9105
2.78:  54.62078,15.3568,269.9085
2.8:  54.43758,15.1975,269.9065
2.82:  54.255,15.03873,269.9045
2.83:  54.07022,14.87804,269.9026
2.85:  53.89597,14.70812,269.9026
2.87:  53.72949,14.52879,269.9026
2.88:  53.57976,14.34461,269.9026
2.9:  53.44688,14.14209,269.9026
2.92:  53.33349,13.9289,269.9026
2.93:  53.21874,13.69842,269.9026
2.95:  53.12202,13.47981,269.9026
2.97:  53.03517,13.25673,269.9026
2.98:  52.9608,13.03236,269.9026
3:  52.88728,12.80313,269.9026
3.02:  52.82181,12.57372,269.9026
3.03:  52.75794,12.33627,269.9026
3.05:  52.69472,12.10127,269.9026
3.07:  52.63391,11.87752,269.9026
3.08:  52.57773,11.87752,269.9026
3.1:  52.52009,11.87752,269.9026
3.12:  52.4689,11.87752,269.9026
3.13:  52.41724,11.87752,269.9026
3.15:  52.36864,11.87752,269.9026
3.17:  52.32002,11.87752,269.9026
3.18:  52.27147,11.87752,269.9026
3.2:  52.22528,11.87752,269.9026
3.22:  52.17975,11.87752,269.9026
3.23:  52.13301,11.87752,269.8943
3.25:  52.08726,11.87752,269.8352
3.27:  52.04226,11.87752,269.6051
3.28:  51.99981,11.87752,269.058
3.3:  51.96074,11.87752,268.2702
3.32:  51.92505,11.87752,267.4823
3.33:  51.89217,11.87752,266.6944
3.35:  51.86298,11.87752,265.9066
3.37:  51.83765,11.87752,265.1187
3.38:  51.81493,11.87752,264.3308
3.4:  51.796,11.87752,263.5429
3.42:  51.78057,11.87752,262.755
3.43:  51.7658,11.87752,261.9672
3.45:  51.75708,11.87752,261.1793
3.47:  51.74672,11.87752,260.3914
3.48:  51.72764,11.87752,259.6035
3.5:  51.708,11.87752,258.8156
3.52:  51.67907,11.87752,258.0278
3.53:  51.63461,11.87752,257.2399
3.55:  51.59387,11.87752,256.452
3.57:  51.55342,11.87752,255.6641
3.58:  51.51643,11.87752,254.8762
3.6:  51.47561,11.87752,254.0884
3.62:  51.42907,11.87752,253.3005
3.63:  51.37637,11.87734,252.5126
3.65:  51.30912,11.87489,251.7247
3.67:  51.22417,11.86803,250.9368
3.68:  51.1152,11.85447,250.149
3.7:  50.99443,11.83417,249.3611
3.72:  50.84427,11.79802,248.5732
3.73:  50.68015,11.75028,247.7853
3.75:  50.50311,11.68376,246.9974
3.77:  50.31826,11.59838,246.2096
3.78:  50.12696,11.48579,245.4217
3.8:  49.93451,11.34635,244.6338
3.82:  49.75029,11.18692,243.8459
3.83:  49.57654,10.99519,243.058
3.85:  49.40626,10.80891,242.2702
3.87:  49.22869,10.6323,241.4823
3.88:  49.04567,10.45055,240.6944
3.9:  48.86521,10.26634,239.9066
3.92:  48.69045,10.08298,239.1187
3.93:  48.50615,9.899261,238.3308
3.95:  48.32091,9.712958,237.5429
3.97:  48.14919,9.535427,236.755
3.98:  47.97415,9.345922,235.9671
4:  47.79467,9.149861,235.1793
4.02:  47.62716,8.958184,234.3914
4.03:  47.46021,8.765429,233.6035
4.05:  47.29821,8.573108,232.8156
4.07:  47.12934,8.366943,232.0277
4.08:  46.97471,8.172766,231.2399
4.1:  46.81845,7.970925,230.452
4.12:  46.66681,7.769368,229.6641
4.13:  46.5134,7.55952,228.8762
4.15:  46.35981,7.343257,228.0884
4.17:  46.21618,7.135,227.3005
4.18:  46.07502,6.92418,226.5126
4.2:  45.93597,6.710202,225.7247
4.22:  45.80113,6.496326,224.9368
4.23:  45.66251,6.269601,224.149
4.25:  45.53548,6.055268,223.3611
4.27:  45.40788,5.833054,222.5732
4.28:  45.28326,5.608963,221.7853
4.3:  45.16386,5.382097,220.9975
4.32:  45.04683,5.157307,220.2096
4.33:  44.93078,4.926709,219.4217
4.35:  44.82058,4.694561,218.6338
4.37:  44.71208,4.463344,217.8459
4.38:  44.60592,4.228781,217.058
4.4:  44.5036,3.994174,216.2702
4.42:  44.40488,3.759042,215.4823
4.43:  44.30836,3.51999,214.6944
4.45:  44.21574,3.28118,213.9065
4.47:  44.12648,3.041324,213.1187
4.48:  44.04073,2.800818,212.3308
4.5:  43.95774,2.557544,211.5429
4.52:  43.87893,2.315669,210.755
4.53:  43.8022,2.068725,209.9671
4.55:  43.73177,1.822092,209.1793
4.57:  43.66235,1.574859,208.3914
4.58:  43.59628,1.326517,207.6035
4.6:  43.53425,1.079712,206.8156
4.62:  43.47366,0.8244213,206.0594
4.63:  43.41742,0.5741732,205.373
4.65:  43.36458,0.3269068,204.7689
4.67:  43.31343,0.07709484,204.2789
4.68:  43.26328,-0.1749375,203.96
4.7:  43.2136,-0.4255885,203.92
4.72:  43.16454,-0.6738384,203.8863
4.73:  43.11687,-0.9282015,203.8527
4.75:  43.06578,-1.188344,203.819
4.77:  43.01716,-1.436659,203.7853
4.78:  42.96787,-1.689175,203.7517
4.8:  42.91977,-1.936255,203.7243
4.82:  42.8717,-2.183758,203.697
4.83:  42.82245,-2.438057,203.6697
4.85:  42.7738,-2.689396,203.6613
4.87:  42.72492,-2.941935,203.6613
4.88:  42.67758,-3.199366,203.6613
4.9:  42.63029,-3.443691,203.6613
4.92:  42.58132,-3.695583,203.7077
4.93:  42.53139,-3.948658,203.8681
4.95:  42.48051,-4.200776,204.1173
4.97:  42.42823,-4.45037,204.5375
4.98:  42.37342,-4.69932,205.1226
5:  42.31916,-4.952557,205.8661
5.02:  42.26892,-5.198498,206.654
5.03:  42.21297,-5.451521,207.4355
5.05:  42.15385,-5.702613,208.2171
5.07:  42.09198,-5.950163,208.9986
5.08:  42.02629,-6.198551,209.7802
5.1:  41.95705,-6.446634,210.5617
5.12:  41.88561,-6.689621,211.3496
5.13:  41.80992,-6.934572,212.1375
5.15:  41.73082,-7.178627,212.9254
5.17:  41.64831,-7.421738,213.7132
5.18:  41.56275,-7.662898,214.5011
5.2:  41.47343,-7.904159,215.2827
5.22:  41.38251,-8.139801,216.0642
5.23:  41.28608,-8.380175,216.8267
5.25:  41.18769,-8.617168,217.5132
5.27:  41.08691,-8.852793,218.1236
5.28:  40.98407,-9.087295,218.6453
5.3:  40.87956,-9.3213,219.0339
5.32:  40.77512,-9.552636,219.264
5.33:  40.66569,-9.79414,219.3421
5.35:  40.5626,-10.0213,219.3757
5.37:  40.45694,-10.25384,219.4031
5.38:  40.34966,-10.48964,219.4304
5.4:  40.24326,-10.72321,219.4577
5.42:  40.13927,-10.951,219.5041
5.43:  40.03083,-11.18667,219.6772
5.45:  39.92169,-11.42073,219.9644
5.47:  39.81255,-11.65073,220.353
5.48:  39.70148,-11.88009,220.8049
5.5:  39.58316,-12.11899,221.3139
5.52:  39.47286,-12.33653,221.8547
5.53:  39.35295,-12.56751,222.4017
5.55:  39.23408,-12.79624,222.9551
5.57:  39.10839,-13.02734,223.5085
5.58:  38.98582,-13.2476,224.0618
5.6:  38.85957,-13.46956,224.5962
5.62:  38.73183,-13.68943,225.1242
5.63:  38.60168,-13.90874,225.6522
5.65:  38.4642,-14.13563,226.1803
5.67:  38.33437,-14.34546,226.7146
5.68:  38.19699,-14.56296,227.2426
5.7:  38.05885,-14.77729,227.7707
5.72:  37.91988,-14.98855,228.305
5.73:  37.77402,-15.20583,228.8394
5.75:  37.63018,-15.41565,229.3991
5.77:  37.48325,-15.62516,230.0095
5.78:  37.33084,-15.83732,230.658
5.8:  37.18087,-16.04086,231.3508
5.82:  37.03016,-16.24125,232.0563
5.83:  36.87207,-16.44509,232.7617
5.85:  36.70833,-16.63953,233.4673
5.87:  36.53958,-16.8305,234.1727
5.88:  36.36782,-17.02011,234.8782
5.9:  36.17463,-17.19874,235.6091
5.92:  35.99292,-17.35933,236.3462
5.93:  35.79483,-17.52015,237.0834
5.95:  35.59363,-17.66686,237.8269
5.97:  35.38274,-17.81649,238.5704
5.98:  35.18201,-17.95502,239.3139
6:  34.97064,-18.08807,240.0574
6.02:  34.759,-18.21186,240.801
6.03:  34.54,-18.33619,241.5381
6.05:  34.31285,-18.46128,242.2817
6.07:  34.09875,-18.57559,243.0252
6.08:  33.87494,-18.69138,243.7687
6.1:  33.65499,-18.80157,244.5122
6.12:  33.42949,-18.9082,245.2557
6.13:  33.20034,-19.01565,245.9992
6.15:  32.9755,-19.11758,246.7364
6.17:  32.74305,-19.21938,247.4736
6.18:  32.51151,-19.31458,248.2108
6.2:  32.28066,-19.40867,248.9479
6.22:  32.05153,-19.49864,249.6851
6.23:  31.80721,-19.59097,250.4223
6.25:  31.57357,-19.67584,251.1595
6.27:  31.3407,-19.75703,251.903
6.28:  31.10765,-19.8349,252.6465
6.3:  30.8601,-19.91406,253.39
6.32:  30.63144,-19.98393,254.1335
6.33:  30.38974,-20.05436,254.877
6.35:  30.14757,-20.12153,255.6205
6.37:  29.90485,-20.18548,256.3641
6.38:  29.66379,-20.24068,257.1012
6.4:  29.41423,-20.29446,257.8384
6.42:  29.1749,-20.34283,258.5756
6.43:  28.92377,-20.39022,259.3128
6.45:  28.68248,-20.43255,260.0499
6.47:  28.4344,-20.47276,260.7935
6.48:  28.18441,-20.50998,261.5306
6.5:  27.93956,-20.54323,262.2678
6.52:  27.69444,-20.57327,263.0113
6.53:  27.44524,-20.60055,263.7548
6.55:  27.19441,-20.6247,264.4984
6.57:  26.9451,-20.64546,265.2419
6.58:  26.69411,-20.66307,265.9854
6.6:  26.43704,-20.67779,266.7225
6.62:  26.19225,-20.68865,267.4597
6.63:  25.94365,-20.69645,268.2032
6.65:  25.69567,-20.70101,268.9467
6.67:  25.44533,-20.70236,269.6903
6.68:  25.19569,-20.71026,270.4338
6.7:  24.94514,-20.72964,271.1773
6.72:  24.69786,-20.75038,271.9145
6.73:  24.44393,-20.7733,272.658
6.75:  24.19205,-20.7977,273.3825
6.77:  23.93857,-20.83133,274.0753
6.78:  23.68632,-20.8672,274.7364
6.8:  23.43441,-20.90995,275.3342
6.82:  23.18485,-20.95056,275.8685
6.83:  22.93249,-20.98983,276.2635
6.85:  22.68155,-21.02803,276.4556
6.87:  22.43326,-21.0655,276.5273
6.88:  22.1785,-21.10395,276.5273
6.9:  21.93356,-21.14155,276.5273
6.92:  21.68267,-21.17942,276.5253
6.93:  21.43037,-21.21757,276.5106
6.95:  21.18114,-21.25846,276.477
6.97:  20.9348,-21.31498,276.3926
6.98:  20.69172,-21.37245,276.2005
7:  20.44931,-21.43128,275.8626
7.02:  20.20807,-21.49888,275.4233
7.03:  19.96524,-21.58019,274.8319
7.05:  19.72874,-21.66961,274.101
7.07:  19.50022,-21.76184,273.3132
7.08:  19.27809,-21.86452,272.5253
7.1:  19.05939,-21.97166,271.7374
7.12:  18.84231,-22.08302,270.9495
7.13:  18.62712,-22.20835,270.1617
7.15:  18.41895,-22.34878,269.3738
7.17:  18.22007,-22.49443,268.5859
7.18:  18.02476,-22.64852,267.798
7.2:  17.84083,-22.80653,267.0101
7.22:  17.66772,-22.96329,266.2223
7.23:  17.49194,-23.13437,265.4344
7.25:  17.33311,-23.3097,264.6465
7.27:  17.18344,-23.49272,263.8586
7.28:  17.03825,-23.68655,263.0707
7.3:  16.901,-23.88095,262.2829
7.32:  16.76451,-24.08002,261.495
7.33:  16.62985,-24.28235,260.7071
7.35:  16.49896,-24.48499,259.9193
7.37:  16.36695,-24.69567,259.1313
7.38:  16.24333,-24.89911,258.3435
7.4:  16.12268,-25.10398,257.5556
7.42:  16.00185,-25.31576,256.7677
7.43:  15.88592,-25.52559,255.9798
7.45:  15.77365,-25.73557,255.192
7.47:  15.66252,-25.94684,254.4041
7.48:  15.55221,-26.16756,253.6162
7.5:  15.44527,-26.37757,252.8283
7.52:  15.34256,-26.5862,252.0405
7.53:  15.23845,-26.80125,251.2526
7.55:  15.12642,-27.01168,250.4647
7.57:  15.00439,-27.21538,249.6768
7.58:  14.87847,-27.41948,248.8889
7.6:  14.74059,-27.61956,248.1011
7.62:  14.5875,-27.80722,247.3132
7.63:  14.42387,-27.99393,246.5253
7.65:  14.25209,-28.14219,245.7374
7.67:  14.06937,-28.14662,244.9496
7.68:  13.87846,-28.14742,244.1617
7.7:  13.68519,-28.14917,243.3738
7.72:  13.47874,-28.15079,242.5859
7.73:  13.26972,-28.15422,241.798
7.75:  13.05966,-28.15719,241.0102
7.77:  12.84867,-28.15825,240.2223
7.78:  12.63496,-28.15932,239.4344
7.8:  12.42236,-28.15932,238.6465
7.82:  12.21315,-28.15932,237.8586
7.83:  12.00047,-28.15932,237.0708
7.85:  11.79309,-28.15932,236.2829
7.87:  11.58662,-28.15932,235.495
7.88:  11.38259,-28.15932,234.7071
7.9:  11.17813,-28.16727,233.9193
7.92:  10.9561,-28.19895,233.1314
7.93:  10.7409,-28.25556,232.3435
7.95:  10.5212,-28.33316,231.5556
7.97:  10.30263,-28.43538,230.7677
7.98:  10.08536,-28.56447,229.9798
8:  9.888909,-28.71321,229.192
8.02:  9.706538,-28.8751,228.4041
8.03:  9.521512,-29.04396,227.6162
8.05:  9.339129,-29.21506,226.8283
8.07:  9.158533,-29.38921,226.0405
8.08:  8.981006,-29.56518,225.2526
8.1:  8.80628,-29.7432,224.4647
8.12:  8.636482,-29.92103,223.6768
8.13:  8.463771,-30.10696,222.8889
8.15:  8.296224,-30.29238,222.1011
8.17:  8.130622,-30.4808,221.3132
8.18:  7.968443,-30.67051,220.5253
8.2:  7.808796,-30.86255,219.7374
8.22:  7.653289,-31.05494,218.9496
8.23:  7.496946,-31.25389,218.1617
8.25:  7.344943,-31.45288,217.3738
8.27:  7.196518,-31.65284,216.5859
8.28:  7.057663,-31.86221,215.798
8.3:  6.94235,-32.08664,215.0102
8.32:  6.847677,-32.32037,214.2223
8.33:  6.767185,-32.5634,213.4344
8.35:  6.691862,-32.80388,212.6465
8.37:  6.619798,-33.04556,211.8587
8.38:  6.551643,-33.28616,211.0708
8.4:  6.487492,-33.52761,210.2829
8.42:  6.425838,-33.77055,209.495
8.43:  6.366909,-34.01692,208.7071
8.45:  6.311684,-34.26269,207.9193
8.47:  6.26002,-34.50835,207.1314
8.48:  6.213002,-34.76078,206.3435
8.5:  6.170888,-35.00554,205.5556
8.52:  6.131979,-35.25188,204.7677
8.53:  6.095725,-35.50386,203.9799
8.55:  6.061015,-35.75282,203.192
8.57:  6.02969,-36.00257,202.4041
8.58:  6.002166,-36.24946,201.6162
8.6:  5.977639,-36.50082,200.8283
8.62:  5.957645,-36.74733,200.0405
8.63:  5.939857,-37.00187,199.2526
8.65:  5.925796,-37.25263,198.4647
8.67:  5.915143,-37.50451,197.6768
8.68:  5.910176,-37.764,196.8889
8.7:  5.908861,-38.00806,196.1011
8.72:  5.910936,-38.25616,195.3132
8.73:  5.914158,-38.50908,194.5253
8.75:  5.920859,-38.76198,193.7374
8.77:  5.933413,-39.0148,192.9496
8.78:  5.949405,-39.26682,192.1617
8.8:  5.966255,-39.51518,191.3738
8.82:  5.98661,-39.76441,190.5859
8.83:  6.011234,-40.0153,189.798
8.85:  6.038417,-40.26371,189.0102
8.87:  6.070107,-40.52058,188.2223
8.88:  6.103189,-40.76144,187.4344
8.9:  6.141391,-41.01379,186.6465
8.92:  6.183386,-41.26756,185.8587
8.93:  6.227869,-41.51517,185.0708
8.95:  6.274798,-41.75723,184.2829
8.97:  6.323172,-42.00747,183.495
8.98:  6.374171,-42.26513,182.7071
9:  6.41827,-42.50614,181.9193
9.02:  6.464334,-42.75463,181.1314
9.03:  6.517794,-43.0099,180.3435
9.05:  6.57064,-43.25687,179.5556
9.07:  6.629995,-43.50595,178.7677
9.08:  6.692847,-43.75449,177.9799
9.1:  6.7565,-44.00165,177.192
9.12:  6.82274,-44.24496,176.4041
9.13:  6.896098,-44.5005,175.6162
9.15:  6.967629,-44.73734,174.8284
9.17:  7.04477,-44.98062,174.0405
9.18:  7.122922,-45.22343,173.2526
9.2:  7.199557,-45.46585,172.4647
9.22:  7.275922,-45.70391,171.6768
9.23:  7.357386,-45.95424,170.889
9.25:  7.433173,-46.19151,170.1011
9.27:  7.511112,-46.4321,169.3132
9.28:  7.589328,-46.67021,168.5253
9.3:  7.67097,-46.90769,167.7374
9.32:  7.754912,-47.14135,166.9496
9.33:  7.837956,-47.37667,166.1617
9.35:  7.922422,-47.61299,165.3738
9.37:  8.01324,-47.84941,164.5859
9.38:  8.102968,-48.08021,163.798
9.4:  8.197368,-48.32018,163.0102
9.42:  8.287679,-48.54707,162.2223
9.43:  8.384418,-48.78072,161.4344
9.45:  8.484735,-49.01389,160.6465
9.47:  8.591052,-49.24582,159.8587
9.48:  8.69568,-49.47169,159.0708
9.5:  8.803853,-49.69703,158.2829
9.52:  8.884917,-49.9169,157.495
9.53:  8.884917,-50.13892,156.7071
9.55:  8.884917,-50.36009,155.9193
9.57:  8.884917,-50.58543,155.1314
9.58:  8.884917,-50.8014,154.3435
9.6:  8.900764,-51.01721,153.5556
9.62:  8.944007,-51.2431,152.7677
9.63:  9.011188,-51.47299,151.9799
9.65:  9.104322,-51.69821,151.192
9.67:  9.21864,-51.91829,150.4041
9.68:  9.359783,-52.12537,149.6162
9.7:  9.513097,-52.32643,148.8284
9.72:  9.666719,-52.52224,148.0405
9.73:  9.826404,-52.72013,147.2526
9.75:  9.984118,-52.91396,146.4647
9.77:  10.14784,-53.10579,145.6768
9.78:  10.31436,-53.29556,144.8889
9.8:  10.48236,-53.4818,144.1011
9.82:  10.6509,-53.66353,143.3132
9.83:  10.82699,-53.84826,142.5253
9.85:  10.99966,-54.02447,141.7374
9.87:  11.17746,-54.20446,140.9496
9.88:  11.36542,-54.38601,140.1617
9.9:  11.54157,-54.55154,139.3738
9.92:  11.73053,-54.72766,138.5859
9.93:  11.9182,-54.89453,137.798
9.95:  12.10804,-55.05871,137.0101
9.97:  12.30313,-55.22281,136.2223
9.98:  12.49228,-55.3806,135.4344
10:  12.68824,-55.53642,134.6465
10.02:  12.89201,-55.68172,133.8586
10.03:  13.10691,-55.82162,133.0708
10.05:  13.32764,-55.94963,132.2829
10.07:  13.5527,-56.07058,131.495
10.08:  13.78348,-56.18185,130.7071
10.1:  14.01557,-56.28321,129.9192
10.12:  14.25473,-56.38377,129.1314
10.13:  14.48422,-56.47657,128.3435
10.15:  14.71678,-56.56617,127.5556
10.17:  14.95154,-56.65293,126.7677
10.18:  15.18813,-56.73669,125.9799
10.2:  15.42537,-56.81703,125.192
10.22:  15.66312,-56.90093,124.4041
10.23:  15.90685,-56.99145,123.6162
10.25:  16.1455,-57.08399,122.8283
10.27:  16.38432,-57.17284,122.0405
10.28:  16.62427,-57.26093,121.2526
10.3:  16.864,-57.34521,120.4647
10.32:  17.09998,-57.42956,119.6768
10.33:  17.34319,-57.51274,118.8889
10.35:  17.58391,-57.59393,118.1011
10.37:  17.82141,-57.67546,117.3132
10.38:  18.06347,-57.75486,116.5253
10.4:  18.30362,-57.82999,115.7374
10.42:  18.55198,-57.90395,114.9495
10.43:  18.79036,-57.97139,114.1617
10.45:  18.99871,-58.03494,113.3738
10.47:  19.05068,-58.05656,112.5859
10.48:  19.05068,-58.05656,111.798
10.5:  19.05068,-58.05656,111.0101
10.52:  19.05068,-58.05656,110.2223
10.53:  19.05068,-58.05656,109.4344
10.55:  19.05068,-58.05656,108.6465
10.57:  19.05068,-58.05656,107.8586
10.58:  19.05068,-58.05656,107.0707
10.6:  19.05068,-58.05656,106.2829
10.62:  19.05068,-58.05656,105.495
10.63:  19.16528,-58.08664,104.7071
10.65:  19.41264,-58.12281,103.9192
10.67:  19.66623,-58.15634,103.1313
10.68:  19.91876,-58.1862,102.3435
10.7:  20.1627,-58.20927,101.5556
10.72:  20.41044,-58.22925,100.7677
10.73:  20.66271,-58.24612,99.97984
10.75:  20.9151,-58.25951,99.19196
10.77:  21.16641,-58.26937,98.40408
10.78:  21.41818,-58.2758,97.6162
10.8:  21.66516,-58.2787,96.82832
10.82:  21.91749,-58.27819,96.04044
10.83:  22.16952,-58.29143,95.25256
10.85:  22.41889,-58.31091,94.46468
10.87:  22.66968,-58.32702,93.6768
10.88:  22.91808,-58.33955,92.88893
10.9:  23.16493,-58.34861,92.10104
10.92:  23.41455,-58.35433,91.31316
10.93:  23.66863,-58.35666,90.52528
10.95:  23.91856,-58.35552,89.7374
10.97:  24.1675,-58.35095,88.94952
10.98:  24.41969,-58.34286,88.16165
11:  24.6758,-58.33111,87.37377
11.02:  24.92004,-58.31654,86.58589
11.03:  25.16757,-58.29836,85.79802
11.05:  25.41694,-58.27658,85.01012
11.07:  25.66611,-58.25137,84.22225
11.08:  25.9126,-58.223,83.43437
11.1:  26.16188,-58.19083,82.6465
11.12:  26.40738,-58.15571,81.85862
11.13:  26.65496,-58.11681,81.07074
11.15:  26.89996,-58.08468,80.28286
11.17:  27.16087,-58.05973,79.49498
11.18:  27.4046,-58.03782,78.70711
11.2:  27.65838,-58.03822,77.91922
11.22:  27.91434,-58.04461,77.13135
11.23:  28.17636,-58.06258,76.34347
11.25:  28.42793,-58.08781,75.55559
11.27:  28.6873,-58.11022,74.76772
11.28:  28.94209,-58.131,73.97983
11.3:  29.19791,-58.14834,73.19196
11.32:  29.45049,-58.15969,72.40408
11.33:  29.70893,-58.16776,71.6162
11.35:  29.96114,-58.173,70.82832
11.37:  30.22894,-58.17659,70.0848
11.38:  30.47672,-58.17511,69.48707
11.4:  30.72708,-58.17554,69.21889
11.42:  30.98256,-58.1758,69.17888
11.43:  31.24171,-58.1727,69.14522
11.45:  31.49839,-58.17181,69.11788
11.47:  31.75756,-58.17085,69.10323
11.48:  32.01149,-58.16991,69.10323
11.5:  32.27518,-58.16672,69.1369
11.52:  32.52831,-58.16687,69.34803
11.53:  32.77757,-58.1666,69.76831
11.55:  33.03601,-58.16899,70.35971
11.57:  33.29142,-58.17677,71.05886
11.58:  33.54708,-58.18806,71.84675
11.6:  33.80317,-58.20061,72.63462
11.62:  34.05532,-58.21645,73.42251
11.63:  34.31218,-58.23932,74.21038
11.65:  34.56722,-58.26239,74.99827
11.67:  34.8186,-58.29177,75.78615
11.68:  35.07581,-58.32453,76.57402
11.7:  35.32983,-58.36044,77.3619
11.72:  35.57999,-58.39928,78.14344
11.73:  35.83635,-58.44271,78.93132
11.75:  36.08498,-58.48833,79.71287
11.77:  36.34029,-58.53882,80.50074
11.78:  36.59106,-58.59197,81.28229
11.8:  36.84138,-58.64863,82.07017
11.82:  37.08911,-58.70826,82.85172
11.83:  37.33929,-58.7715,83.50016
11.85:  37.58704,-58.83617,83.94579
11.87:  37.83744,-58.89035,83.94579
11.88:  38.09377,-58.94339,83.94579
11.9:  38.34303,-58.99496,83.94579
11.92:  38.59465,-59.04703,83.94579
11.93:  38.84728,-59.10169,83.94579
11.95:  39.10302,-59.15702,83.94579
11.97:  39.35183,-59.21085,83.94579
11.98:  39.60671,-59.266,83.94579
12:  39.85837,-59.32045,83.94579
12.02:  40.10954,-59.34737,83.94579
12.03:  40.36497,-59.3699,83.94579
12.05:  40.61973,-59.38507,83.94579
12.07:  40.87202,-59.40009,83.94579
12.08:  41.12656,-59.41525,83.94579
12.1:  41.37859,-59.43026,83.94579
12.12:  41.62885,-59.44516,83.94579
12.13:  41.88484,-59.46041,83.94579
12.15:  42.13742,-59.47545,83.94579
12.17:  42.39067,-59.49053,83.94579
12.18:  42.64395,-59.50562,83.94579
12.2:  42.89327,-59.52047,83.94579
12.22:  43.14365,-59.53537,83.94579
12.23:  43.40203,-59.55076,83.94579
12.25:  43.65536,-59.56585,83.94579
12.27:  43.90852,-59.58092,83.94579
12.28:  44.15871,-59.59583,83.94579
12.3:  44.41457,-59.61106,83.94579
12.32:  44.66506,-59.62598,83.94579
12.33:  44.92073,-59.6412,83.94579
12.35:  45.1716,-59.65614,83.94579
12.37:  45.42829,-59.67633,83.94579
12.38:  45.68205,-59.6963,83.94579
12.4:  45.9328,-59.71602,83.94579
12.42:  46.19212,-59.73642,83.94579
12.43:  46.44174,-59.75605,83.94579
12.45:  46.70494,-59.77676,83.94579
12.47:  46.9523,-59.79622,83.94579
12.48:  47.20252,-59.8159,83.94579
12.5:  47.45629,-59.83586,83.94579
12.52:  47.70625,-59.85552,83.94579
12.53:  47.96377,-59.87578,83.94579
12.55:  48.21602,-59.89562,83.94579
12.57:  48.46899,-59.91552,83.94579
12.58:  48.72396,-59.93557,83.94579
12.6:  48.97603,-59.9554,83.94579
12.62:  49.2268,-59.97512,83.94579
12.63:  49.48283,-59.99527,83.94579
12.65:  49.73656,-60.01522,83.94579
12.67:  49.99877,-60.03585,83.94579
12.68:  50.24514,-60.05523,83.94579
12.7:  50.49884,-60.07518,83.94579
12.72:  50.74998,-60.09494,83.94579
12.73:  51.01013,-60.1154,83.94579
12.75:  51.25765,-60.13487,83.94579
12.77:  51.51146,-60.15483,83.94579
12.78:  51.76398,-60.1747,83.94579
12.8:  52.01851,-60.19472,83.94579
12.82:  52.26949,-60.21685,83.94579
12.83:  52.5263,-60.23705,83.94579
12.85:  52.77799,-60.25925,83.94579
12.87:  53.03381,-60.28181,83.94579
12.88:  53.28677,-60.30412,83.94579
12.9:  53.54099,-60.32653,83.94579
12.92:  53.80277,-60.34962,83.94579
12.93:  54.0477,-60.37122,83.94579
12.95:  54.30337,-60.39376,83.94579
12.97:  54.55655,-60.41368,83.94579
12.98:  54.80955,-60.43599,83.94579
13:  55.06318,-60.45835,83.94579
13.02:  55.31348,-60.48043,83.94579
13.03:  55.57022,-60.50307,83.94579
13.05:  55.82555,-60.52558,83.94579
13.07:  56.07846,-60.54788,83.94579
13.08:  56.33396,-60.57042,83.94579
13.1:  56.5839,-60.59245,83.94379
13.12:  56.83609,-60.61467,83.94182
13.13:  57.09347,-60.63734,83.93983
13.15:  57.34759,-60.65971,83.93786
13.17:  57.60126,-60.68204,83.93587
13.18:  57.85508,-60.70434,83.92755
13.2:  58.10596,-60.72637,83.92557
13.22:  58.35753,-60.74846,83.92358
13.23:  58.61175,-60.77074,83.91527
13.25:  58.87778,-60.79405,83.91328
13.27:  59.12757,-60.81592,83.9113
13.28:  59.38021,-60.83804,83.90932
13.3:  59.62972,-60.85987,83.90733
13.32:  59.88204,-60.88192,83.89901
13.33:  60.13836,-60.9043,83.89703
13.35:  60.39326,-60.92652,83.88871
13.37:  60.64513,-60.94847,83.88673
13.38:  60.90063,-60.97073,83.88474
13.4:  61.15451,-60.99284,83.88277
13.42:  61.40469,-61.01461,83.88078
13.43:  61.66093,-61.0369,83.87879
13.45:  61.91574,-61.05907,83.87682
13.47:  62.17025,-61.08119,83.87483
13.48:  62.42151,-61.103,83.86652
13.5:  62.67757,-61.12518,83.85819
13.52:  62.92806,-61.14685,83.84988
13.53:  63.18541,-61.16662,83.84156
13.55:  63.43871,-61.18849,83.83957
13.57:  63.69921,-61.21096,83.83759
13.58:  63.95066,-61.23262,83.82927
13.6:  64.20478,-61.2545,83.82729
13.62:  64.45398,-61.27592,83.81897
13.63:  64.70871,-61.29781,83.81699
13.65:  64.9617,-61.31953,83.815
13.67:  65.21156,-61.34098,83.81302
13.68:  65.46912,-61.36309,83.81104
13.7:  65.72195,-61.38477,83.80905
13.72:  65.97506,-61.40648,83.80707
13.73:  66.22834,-61.42818,83.80509
13.75:  66.48476,-61.45013,83.79678
13.77:  66.73814,-61.47177,83.78845
13.78:  66.99238,-61.49345,83.78014
13.8:  67.25327,-61.51566,83.77181
13.82:  67.4957,-61.53629,83.76984
13.83:  67.75409,-61.55823,83.76151
13.85:  68.00499,-61.57954,83.75953
13.87:  68.2585,-61.60105,83.75755
13.88:  68.51505,-61.62282,83.75556
13.9:  68.76854,-61.64431,83.75359
13.92:  69.02128,-61.66574,83.75159
13.93:  69.27535,-61.68727,83.74962
13.95:  69.53902,-61.7096,83.74763
13.97:  69.78153,-61.73011,83.73932
13.98:  70.03625,-61.75161,83.73099
14:  70.29128,-61.76823,83.72267
14.02:  70.53878,-61.76045,83.71435
14.03:  70.78992,-61.73275,83.70603
14.05:  71.03777,-61.70538,83.69772
14.07:  71.28839,-61.67769,83.69573
14.08:  71.53683,-61.65024,83.69376
14.1:  71.78094,-61.62322,83.68544
14.12:  72.03897,-61.59466,83.68346
14.13:  72.28112,-61.56785,83.68149
14.15:  72.5266,-61.54066,83.6795
14.17:  72.7788,-61.51271,83.67752
14.18:  73.02592,-61.48041,83.67554
14.2:  73.27164,-61.42602,83.67357
14.22:  73.51151,-61.35323,83.67159
14.23:  73.75132,-61.25644,83.66328
14.25:  73.97224,-61.13567,83.65495
14.27:  74.18163,-61.00666,83.65298
14.28:  74.38332,-60.86301,83.651
14.3:  74.57802,-60.71093,83.64902
14.32:  74.76501,-60.55637,83.6407
14.33:  74.952,-60.39283,83.63239
14.35:  75.13325,-60.22979,83.63041
14.37:  75.30983,-60.06166,83.62209
14.38:  75.48109,-59.88908,83.62011
14.4:  75.63962,-59.71258,83.61179
14.42:  75.79043,-59.53199,83.60981
14.43:  75.94624,-59.33685,83.60783
14.45:  76.08836,-59.15076,83.60585
14.47:  76.23511,-58.9586,83.60387
14.48:  76.37459,-58.76742,83.60189
14.5:  76.50821,-58.56655,83.60189
14.53:  76.64005,-58.36829,83.59357
14.55:  76.77781,-58.16106,83.58525
14.57:  76.90692,-57.96679,83.57693
14.58:  77.0402,-57.76622,83.57495
14.6:  77.17323,-57.56603,83.57298
14.62:  77.30772,-57.36356,83.56466
14.63:  77.42943,-57.16487,83.56268
14.65:  77.55587,-56.95843,83.5607
14.67:  77.67794,-56.75254,83.55872
14.68:  77.80285,-56.54184,83.55675
14.7:  77.92603,-56.33403,83.55476
14.72:  78.05006,-56.13142,83.54645
14.73:  78.16872,-55.93398,83.54447
14.75:  78.28936,-55.73037,83.54249
14.77:  78.4118,-55.52659,83.54052
14.78:  78.53896,-55.32246,83.5322
14.8:  78.68229,-55.12851,83.52389
14.82:  78.84752,-54.95153,83.50922
14.83:  79.02805,-54.78563,83.48823
14.85:  79.21708,-54.62308,83.46724
14.87:  79.40566,-54.46076,83.43991
14.88:  79.59554,-54.29987,83.41257
14.9:  79.77269,-54.1298,83.38524
14.92:  79.92678,-53.92922,83.35156
14.93:  80.06008,-53.73335,83.32424
14.95:  80.18392,-53.52229,83.29691
14.97:  80.29468,-53.31625,83.26957
14.98:  80.39783,-53.09694,83.24223
15:  80.48609,-52.86145,83.2149
15.02:  80.56345,-52.63313,83.18124
15.03:  80.63351,-52.4052,83.12221
15.05:  80.7017,-52.17115,83.04417
15.07:  80.76841,-51.93577,82.85205
15.08:  80.83414,-51.70151,82.47614
15.1:  80.89703,-51.46363,81.83404
15.12:  80.9539,-51.23053,81.04616
15.13:  80.99491,-50.9977,80.25829
15.15:  81.02811,-50.75868,79.4704
15.17:  81.05805,-50.51882,78.68253
15.18:  81.08449,-50.28055,77.89464
15.2:  81.10873,-50.03073,77.10677
15.22:  81.12795,-49.79953,76.31888
15.23:  81.14429,-49.56378,75.531
15.25:  81.15081,-49.31483,74.74313
15.27:  81.1514,-49.0825,73.95524
15.28:  81.14877,-48.84904,73.16737
15.3:  81.14281,-48.61049,72.37949
15.32:  81.13336,-48.36663,71.59161
15.33:  81.12138,-48.13838,70.80373
15.35:  81.10559,-47.90044,70.01585
15.37:  81.08664,-47.66398,69.22797
15.38:  81.0644,-47.42742,68.44009
15.4:  81.03922,-47.19403,67.65221
15.42:  81.00936,-46.94902,66.86433
15.43:  80.97863,-46.72277,66.07646
15.45:  80.9429,-46.48433,65.28857
15.47:  80.90471,-46.25134,64.5007
15.48:  80.86204,-46.01566,63.71283
15.5:  80.81593,-45.77585,62.92495
15.52:  80.76917,-45.54959,62.13707
15.53:  80.71844,-45.32001,61.3492
15.55:  80.66359,-45.08707,60.56131
15.57:  80.60608,-44.85703,59.77344
15.58:  80.54542,-44.62785,58.98555
15.6:  80.48132,-44.39846,58.19768
15.62:  80.41434,-44.17094,57.4098
15.63:  80.34498,-43.9467,56.62192
15.65:  80.26951,-43.71634,55.83404
15.67:  80.19322,-43.49179,55.04616
15.68:  80.11357,-43.26753,54.25828
15.7:  80.03172,-43.04674,53.4704
15.72:  79.94597,-42.82482,52.68252
15.73:  79.8582,-42.60666,51.89465
15.75:  79.76564,-42.38544,51.10677
15.77:  79.67075,-42.16713,50.31889
15.78:  79.57301,-41.95046,49.53101
15.8:  79.47555,-41.73091,48.74313
15.82:  79.37725,-41.50602,47.95525
15.83:  79.28223,-41.29652,47.16738
15.85:  79.18238,-41.07314,46.37949
15.87:  79.09433,-40.84602,45.61063
15.88:  79.02053,-40.616,44.8798
15.9:  78.95376,-40.37434,44.17431
15.92:  78.89809,-40.14183,43.48783
15.93:  78.85954,-39.90459,42.84573
15.95:  78.83005,-39.66018,42.20362
15.97:  78.80523,-39.41895,41.58053
15.98:  78.7859,-39.1694,40.98278
16:  78.77237,-38.93797,40.41673
16.02:  78.76987,-38.6968,39.88237
16.03:  78.77026,-38.45472,39.3797
16.05:  78.77563,-38.20543,38.90871
16.07:  78.78959,-37.96534,38.46308
16.08:  78.80479,-37.71914,38.01111
16.1:  78.82106,-37.46845,37.55914
16.12:  78.84731,-37.22064,37.10717
16.13:  78.88494,-36.97806,36.6552
16.15:  78.92324,-36.73269,36.20323
16.17:  78.96761,-36.48588,35.75126
16.18:  79.01471,-36.23702,35.29929
16.2:  79.07114,-35.99301,34.82197
16.22:  79.12886,-35.74758,34.31296
16.23:  79.18548,-35.50613,33.75324
16.25:  79.24053,-35.24928,33.17451
16.27:  79.29087,-35.00183,32.57677
16.28:  79.33765,-34.75837,31.95368
16.3:  79.37286,-34.50721,31.32425
16.32:  79.39361,-34.26342,30.66946
16.33:  79.40157,-34.02199,29.99567
16.35:  79.40466,-33.77331,29.32187
16.37:  79.40363,-33.53199,28.64174
16.38:  79.39956,-33.27825,27.96794
16.4:  79.39293,-33.04068,27.28781
16.42:  79.38316,-32.79782,26.58232
16.43:  79.37009,-32.54922,25.87683
16.45:  79.35467,-32.31177,25.17134
16.47:  79.33593,-32.06936,24.46586
16.48:  79.31429,-31.82815,23.76037
16.5:  79.29589,-31.58253,23.04855
16.52:  79.27463,-31.33925,22.33672
16.53:  79.25061,-31.08742,21.6249
16.55:  79.22482,-30.84841,20.91308
16.57:  79.19389,-30.59172,20.20125
16.58:  79.1622,-30.35365,19.48943
16.6:  79.12644,-30.10837,18.7776
16.62:  79.08771,-29.86433,18.0531
16.63:  79.03954,-29.62905,17.31593
16.65:  78.96272,-29.3914,16.56608
16.67:  78.87901,-29.16307,15.80989
16.68:  78.78766,-28.94268,15.0537
16.7:  78.68832,-28.72055,14.29117
16.72:  78.58746,-28.50294,13.52231
16.73:  78.4848,-28.28892,12.75978
16.75:  78.37704,-28.0718,11.99091
16.77:  78.26241,-27.84835,11.22839
16.78:  78.14739,-27.63868,10.45952
16.8:  78.01938,-27.43711,9.696993
16.82:  77.88539,-27.24174,8.92179
16.83:  77.74422,-27.03862,8.14025
16.85:  77.60664,-26.84631,7.358709
16.87:  77.46146,-26.65214,6.577169
16.88:  77.30986,-26.45506,5.795627
16.9:  77.15945,-26.26761,5.020424
16.92:  77.00385,-26.0763,4.238883
16.93:  76.84653,-25.89876,3.457342
16.95:  76.68469,-25.72861,2.669464
16.97:  76.51693,-25.55703,1.881585
16.98:  76.34382,-25.38478,1.093706
17:  76.17101,-25.22686,0.3058268
17.02:  75.9838,-25.07227,359.5179
17.03:  75.7981,-24.92796,358.7301
17.05:  75.60226,-24.78635,357.9422
17.07:  75.40872,-24.65095,357.1543
17.08:  75.21067,-24.51823,356.3664
17.1:  75.01247,-24.38932,355.5786
17.12:  74.81065,-24.26198,354.7907
17.13:  74.6104,-24.1372,354.0028
17.15:  74.40347,-24.01445,353.2149
17.17:  74.19906,-23.89696,352.427
17.18:  73.98936,-23.778,351.6392
17.2:  73.77814,-23.66199,350.8513
17.22:  73.5676,-23.55228,350.0634
17.23:  73.359,-23.4472,349.2755
17.25:  73.14196,-23.33939,348.4876
17.27:  72.92564,-23.23779,347.6998
17.28:  72.71107,-23.14058,346.9119
17.3:  72.48976,-23.04774,346.124
17.32:  72.26942,-22.95885,345.3361
17.33:  72.05194,-22.87302,344.5482
17.35:  71.82911,-22.7886,343.7604
17.37:  71.60686,-22.70788,342.9725
17.38:  71.38352,-22.63176,342.1846
17.4:  71.15479,-22.55731,341.3967
17.42:  70.93005,-22.48756,340.6089
17.43:  70.70074,-22.41982,339.821
17.45:  70.46204,-22.35128,339.0331
17.47:  70.24097,-22.2906,338.2452
17.48:  70.00811,-22.23011,337.4573
17.5:  69.76908,-22.17359,336.6695
17.52:  69.53957,-22.12264,335.8816
17.53:  69.31078,-22.07515,335.0937
17.55:  69.07455,-22.02948,334.3058
17.57:  68.84211,-21.98786,333.5179
17.58:  68.60994,-21.9481,332.7301
17.6:  68.37293,-21.91036,331.9422
17.62:  68.13661,-21.85631,331.1543
17.63:  67.9044,-21.79785,330.3664
17.65:  67.67611,-21.72586,329.5786
17.67:  67.44733,-21.64281,328.7906
17.68:  67.21077,-21.55894,328.0028
17.7:  66.98456,-21.47506,327.2149
17.72:  66.75523,-21.38416,326.427
17.73:  66.53394,-21.29495,325.6455
17.75:  66.28954,-21.19726,324.8576
17.77:  66.05643,-21.10054,324.0697
17.78:  65.82767,-21.00707,323.2819
17.8:  65.5976,-20.91675,322.494
17.82:  65.35397,-20.82495,321.7061
17.83:  65.12684,-20.74292,320.9182
17.85:  64.87784,-20.6568,320.1367
17.87:  64.64948,-20.58133,319.3488
17.88:  64.40323,-20.50592,318.5609
17.9:  64.16386,-20.43404,317.773
17.92:  63.91968,-20.3641,317.0422
17.93:  63.6812,-20.29874,316.3874
17.95:  63.43585,-20.23403,315.834
17.97:  63.18319,-20.16958,315.3694
17.98:  62.94498,-20.11274,314.9554
18:  62.69986,-20.05392,314.5542
18.02:  62.45644,-19.99719,314.1783
18.03:  62.21021,-19.94353,313.8277
18.05:  61.96191,-19.88877,313.4962
18.07:  61.72066,-19.82898,313.247
18.08:  61.48075,-19.76369,313.0612
18.1:  61.24419,-19.69765,312.9325
18.12:  61.00741,-19.6318,312.8734
18.13:  60.77227,-19.56546,312.8271
18.15:  60.53247,-19.49572,312.7808
18.17:  60.29544,-19.42697,312.7408
18.18:  60.05812,-19.35714,312.7071
18.2:  59.81961,-19.28826,312.6734
18.22:  59.58171,-19.22198,312.6397
18.23:  59.3461,-19.15424,312.6061
18.25:  59.10844,-19.08493,312.5724
18.27:  58.8669,-19.01466,312.5324
18.28:  58.62756,-18.94519,312.4987
18.3:  58.38828,-18.87589,312.4651
18.32:  58.14311,-18.80504,312.4314
18.33:  57.91559,-18.74051,312.3977
18.35:  57.67363,-18.67084,312.3767
18.37:  57.43208,-18.60362,312.3684
18.38:  57.1886,-18.53354,312.3684
18.4:  56.94988,-18.46484,312.3684
18.42:  56.71663,-18.39867,312.4021
18.43:  56.48059,-18.33008,312.5181
18.45:  56.23289,-18.25834,312.7166
18.47:  55.99999,-18.18848,313.0101
18.48:  55.76375,-18.11592,313.386
18.5:  55.52659,-18.04077,313.8951
18.52:  55.29192,-17.96316,314.6132
18.53:  55.05965,-17.88278,315.4011
18.55:  54.82288,-17.79718,316.189
18.57:  54.59017,-17.70941,316.9768
18.58:  54.35737,-17.61794,317.7647
18.6:  54.12879,-17.52564,318.5526
18.62:  53.90143,-17.43018,319.3405
18.63:  53.68046,-17.33499,320.1284
18.65:  53.4525,-17.23911,320.9162
18.67:  53.22679,-17.13926,321.7041
18.68:  53.00246,-17.03996,322.4857
18.7:  52.7785,-16.93712,323.2735
18.72:  52.55622,-16.83134,324.0614
18.73:  52.33819,-16.7239,324.843
18.75:  52.10715,-16.61897,325.485
18.77:  51.87965,-16.51493,325.9243
18.78:  51.6487,-16.41352,326.0087
18.8:  51.419,-16.31408,326.0087
18.82:  51.18325,-16.21201,326.0087
18.83:  50.95518,-16.11328,326.0087
18.85:  50.72725,-16.01461,326.0087
18.87:  50.5006,-15.91649,326.0087
18.88:  50.26355,-15.81387,326.0087
18.9:  50.04119,-15.71761,326.0087
18.92:  49.80834,-15.61906,326.0087
18.93:  49.58203,-15.51968,326.0087
18.95:  49.35784,-15.40595,326.0087
18.97:  49.14266,-15.28826,326.0087
18.98:  48.92661,-15.16125,326.0087
19:  48.71293,-15.03068,326.0087
19.02:  48.50428,-14.88885,326.0067
19.03:  48.30385,-14.74338,326.0048
19.05:  48.09948,-14.59503,326.0048
19.07:  47.88988,-14.44291,326.0028
19.08:  47.69152,-14.3017,326.0028
19.1:  47.48868,-14.15448,326.0028
19.12:  47.28702,-14.01047,326.0872
19.13:  47.08298,-13.86349,326.3236
19.15:  46.87793,-13.71341,326.7566
19.17:  46.67881,-13.56411,327.4177
19.18:  46.47893,-13.40991,328.2056
19.2:  46.27541,-13.24838,328.9935
19.22:  46.0853,-13.09027,329.7813
19.23:  45.89604,-12.93139,330.5692
19.25:  45.69992,-12.7621,331.3571
19.27:  45.51817,-12.59779,332.145
19.28:  45.33084,-12.42691,332.9265
19.3:  45.15236,-12.25645,333.7144
19.32:  44.96907,-12.07652,334.5023
19.33:  44.79449,-11.90035,335.2902
19.35:  44.62151,-11.72093,336.078
19.37:  44.45268,-11.54093,336.8659
19.38:  44.28015,-11.354,337.6538
19.4:  44.11368,-11.16986,338.4417
19.42:  43.94459,-10.97757,339.2296
19.43:  43.78084,-10.79299,340.0174
19.45:  43.61179,-10.60201,340.8053
19.47:  43.44304,-10.41294,341.5932
19.48:  43.27017,-10.22563,342.3811
19.5:  43.09568,-10.03448,343.1689
19.52:  42.93266,-9.852448,343.9568
19.53:  42.77179,-9.677433,344.7447
19.55:  42.58959,-9.498554,345.5326
19.57:  42.41015,-9.325148,346.3205
19.58:  42.22663,-9.152433,347.1083
19.6:  42.04807,-8.976846,347.8962
19.62:  41.87078,-8.80056,348.6841
19.63:  41.70031,-8.629235,349.472
19.65:  41.57076,-8.482501,350.2599
19.67:  41.5091,-8.377093,351.0477
19.68:  41.50254,-8.331337,351.8356
19.7:  41.50254,-8.331337,352.6235
19.72:  41.50254,-8.331337,353.4114
19.73:  41.50254,-8.331337,354.1992
19.75:  41.50254,-8.331337,354.9871
19.77:  41.50254,-8.331337,355.775
19.78:  41.50254,-8.331337,356.5629
19.8:  41.50254,-8.331337,357.3508
19.82:  41.50254,-8.331337,358.1386
19.83:  41.50254,-8.331337,358.9265
19.85:  41.50254,-8.331337,359.7144
19.87:  41.50254,-8.331337,0.5022727
19.88:  41.50254,-8.331337,1.290152
19.9:  41.50254,-8.331337,2.078031
19.92:  41.50254,-8.331337,2.865909
19.93:  41.50254,-8.331337,3.653788
19.95:  41.50254,-8.331337,4.441668
19.97:  41.50254,-8.331337,5.229547
19.98:  41.50254,-8.331337,6.017426
20:  41.50254,-8.331337,6.805305
20.02:  41.50254,-8.331337,7.593183
20.03:  41.50254,-8.331337,8.381063
20.05:  41.50254,-8.331337,9.168941
20.07:  41.50254,-8.331337,9.956821
20.08:  41.50254,-8.331337,10.7447
20.1:  41.50254,-8.331337,11.53258
20.12:  41.50254,-8.331337,12.32046
20.13:  41.50254,-8.331337,13.10834
20.15:  41.50254,-8.331337,13.89622
20.17:  41.50254,-8.331337,14.68409
20.18:  41.50254,-8.331337,15.46564
20.2:  41.50254,-8.331337,16.25351
20.22:  41.50254,-8.331337,17.04139
20.23:  41.50254,-8.331337,17.82927
20.25:  41.50254,-8.331337,18.61715
20.27:  41.50254,-8.331337,19.39869
20.28:  41.50254,-8.331337,20.18657
20.3:  41.50254,-8.331337,20.97445
20.32:  41.50254,-8.331337,21.76233
20.33:  41.50254,-8.331337,22.55021
20.35:  41.50254,-8.331337,23.33809
20.37:  41.50254,-8.331337,24.12597
20.38:  41.50254,-8.331337,24.91385
20.4:  41.50254,-8.331337,25.70172
20.42:  41.50254,-8.331337,26.4896
20.43:  41.50254,-8.331337,27.27748
20.45:  41.50254,-8.331337,28.06536
20.47:  41.50254,-8.331337,28.85324
20.48:  41.50254,-8.331337,29.64112
20.5:  41.50254,-8.331337,30.429
20.52:  41.50254,-8.331337,31.21688
20.53:  41.50254,-8.331337,32.00476
20.55:  41.50254,-8.331337,32.79264
20.57:  41.50254,-8.331337,33.58052
20.58:  41.50254,-8.331337,34.3684
20.6:  41.50254,-8.331337,35.15628
20.62:  41.50254,-8.331337,35.93782
20.63:  41.50254,-8.331337,36.7257
20.65:  41.50254,-8.331337,37.51358
20.67:  41.50254,-8.331337,38.30145
20.68:  41.50254,-8.331337,39.08933
20.7:  41.50254,-8.331337,39.87721
20.72:  41.50254,-8.331337,40.6651
20.73:  41.50254,-8.331337,41.45298
20.75:  41.50254,-8.331337,42.24086
20.77:  41.50254,-8.331337,43.02873
20.78:  41.50254,-8.331337,43.81027
20.8:  41.50254,-8.331337,44.59816
20.82:  41.50254,-8.331337,45.3797
20.83:  41.50254,-8.331337,46.16757
20.85:  41.50254,-8.331337,46.95545
20.87:  41.50254,-8.331337,47.74333
20.88:  41.50254,-8.331337,48.53121
20.9:  41.50254,-8.331337,49.31909
20.92:  41.50254,-8.331337,50.10697
20.93:  41.50254,-8.331337,50.89485
20.95:  41.50254,-8.331337,51.68272
20.97:  41.50254,-8.331337,52.4706
20.98:  41.50254,-8.331337,53.25849
21:  41.50254,-8.331337,54.04636
21.02:  41.50254,-8.331337,54.83424
21.03:  41.50254,-8.331337,55.62212
21.05:  41.50254,-8.331337,56.40999
21.07:  41.50254,-8.331337,57.19154
21.08:  41.50254,-8.331337,57.97308
21.1:  41.50254,-8.331337,58.75462
21.12:  41.50254,-8.331337,59.53616
21.13:  41.50254,-8.331337,60.32404
21.15:  41.50254,-8.331337,61.11192
21.17:  41.50254,-8.331337,61.8998
21.18:  41.50254,-8.331337,62.68768
21.2:  41.50254,-8.331337,63.47556
21.22:  41.50254,-8.331337,64.26344
21.23:  41.50254,-8.331337,65.05132
21.25:  41.50254,-8.331337,65.8392
21.27:  41.50254,-8.331337,66.62074
21.28:  41.50254,-8.331337,67.40228
21.3:  41.50254,-8.331337,68.18383
21.32:  41.50254,-8.331337,68.97171
21.33:  41.50254,-8.331337,69.75325
21.35:  41.50254,-8.331337,70.53479
21.37:  41.50254,-8.331337,71.32267
21.38:  41.50254,-8.331337,72.11055
21.4:  41.50254,-8.331337,72.89842
21.42:  41.50254,-8.331337,73.67997
21.43:  41.50254,-8.331337,74.46784
21.45:  41.50254,-8.331337,75.25572
21.47:  41.50254,-8.331337,76.04359
21.48:  41.50254,-8.331337,76.83148
21.5:  41.50254,-8.331337,77.61935
21.52:  41.50254,-8.331337,78.40724
21.53:  41.50254,-8.331337,79.19511
21.55:  41.50254,-8.331337,79.983
21.57:  41.50254,-8.331337,80.77087
21.58:  41.50254,-8.331337,81.55875
21.6:  41.50254,-8.331337,82.34663
21.62:  41.50254,-8.331337,83.1345
21.63:  41.50254,-8.331337,83.92239
21.65:  41.50254,-8.331337,84.71026
21.67:  41.50254,-8.331337,85.49814
21.68:  41.50254,-8.331337,86.28602
21.7:  41.50254,-8.331337,87.07391
21.72:  41.50254,-8.331337,87.86178
21.73:  41.50254,-8.331337,88.64966
21.75:  41.50254,-8.331337,89.43754
21.77:  41.50254,-8.331337,90.22541
21.78:  41.50254,-8.331337,91.01329
21.8:  41.50254,-8.331337,91.80117
21.82:  41.50254,-8.331337,92.58906
21.83:  41.50254,-8.331337,93.37058
21.85:  41.50254,-8.331337,94.15213
21.87:  41.50254,-8.331337,94.93367
21.88:  41.50254,-8.331337,95.71521
21.9:  41.50254,-8.331337,96.49675
21.92:  41.50254,-8.331337,97.28462
21.93:  41.50254,-8.331337,98.07251
21.95:  41.50254,-8.331337,98.86038
21.97:  41.50254,-8.331337,99.64827
21.98:  41.50254,-8.331337,100.4361
22:  41.50254,-8.331337,101.2177
22.02:  41.50254,-8.331337,102.0056
22.03:  41.50254,-8.331337,102.7934
22.05:  41.50254,-8.331337,103.5813
22.07:  41.50254,-8.331337,104.3692
22.08:  41.50254,-8.331337,105.1507
22.1:  41.50254,-8.331337,105.9386
22.12:  41.50254,-8.331337,106.7265
22.13:  41.50254,-8.331337,107.508
22.15:  41.50254,-8.331337,108.2896
22.17:  41.50254,-8.331337,109.0711
22.18:  41.50254,-8.331337,109.859
22.2:  41.50254,-8.331337,110.6405
22.22:  41.50254,-8.331337,111.4221
22.23:  41.50254,-8.331337,112.2036
22.25:  41.50254,-8.331337,112.9852
22.27:  41.50254,-8.331337,113.773
22.28:  41.50254,-8.331337,114.5609
22.3:  41.50254,-8.331337,115.3425
22.32:  41.50254,-8.331337,116.1303
22.33:  41.50254,-8.331337,116.9182
22.35:  41.50254,-8.331337,117.7061
22.37:  41.50254,-8.331337,118.494
22.38:  41.50254,-8.331337,119.2755
22.4:  41.50254,-8.331337,120.0634
22.42:  41.50254,-8.331337,120.8513
22.43:  41.50254,-8.331337,121.6392
22.45:  41.50254,-8.331337,122.427
22.47:  41.50254,-8.331337,123.2086
22.48:  41.50254,-8.331337,123.9964
22.5:  41.50254,-8.331337,124.7843
22.52:  41.50254,-8.331337,125.5722
22.53:  41.50254,-8.331337,126.3537
22.55:  41.50254,-8.331337,127.1416
22.57:  41.50254,-8.331337,127.9295
22.58:  41.50254,-8.331337,128.7174
22.6:  41.50254,-8.331337,129.5053
22.62:  41.50254,-8.331337,130.2931
22.63:  41.50254,-8.331337,131.081
22.65:  41.50254,-8.331337,131.8689
22.67:  41.50254,-8.331337,132.6505
22.68:  41.50254,-8.331337,133.4383
22.7:  41.50254,-8.331337,134.2262
22.72:  41.50254,-8.331337,135.0141
22.73:  41.50254,-8.331337,135.7956
22.75:  41.50254,-8.331337,136.5835
22.77:  41.50254,-8.331337,137.3714
22.78:  41.50254,-8.331337,138.1593
22.8:  41.50254,-8.331337,138.9471
22.82:  41.52467,-8.357472,139.735
22.83:  41.5573,-8.412355,140.5229
22.85:  41.5975,-8.507334,141.3108
22.87:  41.62614,-8.655792,142.0986
22.88:  41.64273,-8.855576,142.8865
22.9:  41.6512,-9.098738,143.6744
22.92:  41.6563,-9.340344,144.4623
22.93:  41.65607,-9.583226,145.2502
22.95:  41.6545,-9.827761,146.038
22.97:  41.64953,-10.07358,146.8259
22.98:  41.62074,-10.3215,147.6138
23:  41.58531,-10.56714,148.4017
23.02:  41.54321,-10.81112,149.1896
23.03:  41.50135,-11.05385,149.9774
23.05:  41.45055,-11.30658,150.7653
23.07:  41.37117,-11.53746,151.5532
23.08:  41.29012,-11.76798,152.3411
23.1:  41.20729,-11.9936,153.129
23.12:  41.11974,-12.22228,153.9168
23.13:  41.02823,-12.44737,154.7047
23.15:  40.93235,-12.67423,155.4926
23.17:  40.83213,-12.90253,156.2805
23.18:  40.72971,-13.12739,157.0683
23.2:  40.60777,-13.34092,157.8562
23.22:  40.47765,-13.54726,158.6441
23.23:  40.34646,-13.74909,159.432
23.25:  40.20971,-13.95328,160.2199
23.27:  40.0664,-14.16103,161.0077
23.28:  39.92968,-14.3535,161.7956
23.3:  39.78568,-14.55044,162.5835
23.32:  39.64027,-14.74366,163.3714
23.33:  39.49416,-14.93473,164.1592
23.35:  39.34097,-15.12705,164.9471
23.37:  39.18664,-15.31544,165.735
23.38:  39.02542,-15.50679,166.5229
23.4:  38.87006,-15.68613,167.3108
23.42:  38.71019,-15.86563,168.0986
23.43:  38.54637,-16.04455,168.8865
23.45:  38.37486,-16.22898,169.6744
23.47:  38.20314,-16.40647,170.4623
23.48:  38.04025,-16.57225,171.2502
23.5:  37.86511,-16.74359,172.038
23.52:  37.68415,-16.91302,172.8259
23.53:  37.48075,-17.04235,173.6138
23.55:  37.26266,-17.16002,174.4017
23.57:  37.03716,-17.26789,175.1895
23.58:  36.80425,-17.35827,175.9774
23.6:  36.56996,-17.43548,176.7653
23.62:  36.33273,-17.49949,177.5532
23.63:  36.08619,-17.55425,178.3411
23.65:  35.84615,-17.59436,179.1289
23.67:  35.60367,-17.62624,179.9168
23.68:  35.35449,-17.65274,180.7047
23.7:  35.11073,-17.67768,181.4926
23.72:  34.86064,-17.6998,182.2805
23.73:  34.61354,-17.71581,183.0683
23.75:  34.36205,-17.7311,183.8562
23.77:  34.10271,-17.74581,184.6441
23.78:  33.86158,-17.75617,185.432
23.8:  33.60798,-17.78555,186.2198
23.82:  33.35838,-17.8289,187.0077
23.83:  33.11463,-17.87008,187.7956
23.85:  32.8586,-17.90974,188.5835
23.87:  32.60746,-17.9451,189.3714
23.88:  32.35722,-17.97684,190.1592
23.9:  32.10205,-18.00564,190.9471
23.92:  31.8528,-18.03104,191.735
23.93:  31.59079,-18.05334,192.5229
23.95:  31.339,-18.07128,193.3108
23.97:  31.0878,-18.08571,194.0986
23.98:  30.83913,-18.09729,194.8865
24:  30.58423,-18.10492,195.6744
24.02:  30.32379,-18.11151,196.4623
24.03:  30.07916,-18.11209,197.2502
24.05:  29.81215,-18.11151,198.038
24.07:  29.56284,-18.10525,198.8259
24.08:  29.31176,-18.09548,199.6138
24.1:  29.05882,-18.08216,200.4017
24.12:  28.80437,-18.08625,201.1895
24.13:  28.55221,-18.10431,201.9774
24.15:  28.29165,-18.15605,202.7653
24.17:  28.05464,-18.23066,203.5532
24.18:  27.82897,-18.33214,204.3411
24.2:  27.61,-18.46465,205.1289
24.22:  27.40006,-18.60111,205.9168
24.23:  27.18758,-18.73265,206.7047
24.25:  26.96338,-18.86976,207.4926
24.27:  26.74648,-18.99592,208.2805
24.28:  26.53281,-19.11865,209.0683
24.3:  26.31298,-19.24093,209.8562
24.32:  26.09113,-19.36036,210.6441
24.33:  25.87775,-19.49115,211.432
24.35:  25.66974,-19.6405,212.2135
24.37:  25.4596,-19.78824,212.9887
24.38:  25.24775,-19.93317,213.7196
24.4:  25.03546,-20.07453,214.4377
24.42:  24.82054,-20.21392,215.1305
24.43:  24.59755,-20.35481,215.8107
24.45:  24.38315,-20.48674,216.4908
24.47:  24.16575,-20.61699,217.1709
24.48:  23.94397,-20.74627,217.8574
24.5:  23.72381,-20.8711,218.5439
24.52:  23.49657,-20.9965,219.205
24.53:  23.27469,-21.11563,219.8661
24.55:  23.0424,-21.23802,220.5146
24.57:  22.81448,-21.35385,221.1567
24.58:  22.58348,-21.46814,221.7734
24.6:  22.35328,-21.57915,222.3522
24.62:  22.11342,-21.69223,222.8548
24.63:  21.88942,-21.79653,223.3322
24.65:  21.65323,-21.9033,223.7715
24.67:  21.41898,-22.00706,224.2044
24.68:  21.18425,-22.10899,224.6247
24.7:  20.94925,-22.20899,225.045
24.72:  20.71263,-22.30777,225.4399
24.73:  20.47678,-22.40541,225.8095
24.75:  20.23618,-22.5024,226.141
24.77:  19.99786,-22.597,226.4473
24.78:  19.76054,-22.68887,226.7281
24.8:  19.52342,-22.77948,226.9772
24.82:  19.28256,-22.83934,227.2074
24.83:  19.04015,-22.89419,227.4375
24.85:  18.79302,-22.95129,227.6613
24.87:  18.5488,-23.00672,227.8851
24.88:  18.3047,-23.0611,228.1153
24.9:  18.05717,-23.11299,228.3454
24.92:  17.81279,-23.1632,228.5756
24.93:  17.56716,-23.21267,228.7994
24.95:  17.32098,-23.26125,229.0232
24.97:  17.06085,-23.31152,229.247
24.98:  16.82281,-23.35864,229.4771
25:  16.57693,-23.40631,229.701
25.02:  16.33661,-23.45192,229.9248
25.03:  16.09202,-23.49734,230.1549
25.05:  15.84273,-23.54258,230.385
25.07:  15.59654,-23.58625,230.6152
25.08:  15.34927,-23.62908,230.8453
25.1:  15.1063,-23.67016,231.0755
25.12:  14.85801,-23.71149,231.2232
25.13:  14.61244,-23.7523,231.2379
25.15:  14.36329,-23.79369,231.2399
25.17:  14.1141,-23.83291,231.2419
25.18:  13.8681,-23.87162,231.2438
25.2:  13.61727,-23.91108,231.2458
25.22:  13.3702,-23.94993,231.2478
25.23:  13.12408,-23.98863,231.2498
25.25:  12.87209,-24.02825,231.2517
25.27:  12.61645,-24.06844,231.2517
25.28:  12.37746,-24.10809,231.2517
25.3:  12.13069,-24.14904,231.2517
25.32:  11.88405,-24.18996,231.2517
25.33:  11.64052,-24.23036,231.2537
25.35:  11.39043,-24.27184,231.2557
25.37:  11.1426,-24.31293,231.2577
25.38:  10.88968,-24.35267,231.2577
25.4:  10.64205,-24.39156,231.2597
25.42:  10.39883,-24.43188,231.2597
25.43:  10.1552,-24.47227,231.2597
25.45:  9.909635,-24.5219,231.2597
25.47:  9.669068,-24.59517,231.2597
25.48:  9.450288,-24.71495,231.2577
25.5:  9.271421,-24.85851,231.2494
25.52:  9.115142,-24.98406,231.222
25.53:  8.994896,-25.08078,231.1884
25.55:  8.902032,-25.15563,231.1293
25.57:  8.842933,-25.2034,231.0513
25.58:  8.827876,-25.21563,230.9162
25.6:  8.835719,-25.22522,230.7114
25.62:  8.865204,-25.26083,230.3799
25.63:  8.931911,-25.34022,229.9596
25.65:  9.047241,-25.4375,229.4569
25.67:  9.195967,-25.54112,228.9036
25.68:  9.388496,-25.65895,228.2868
25.7:  9.589609,-25.78415,227.613
25.72:  9.802417,-25.91339,226.8251
25.73:  10.01295,-26.03732,226.0372
25.75:  10.23188,-26.15941,225.2494
25.77:  10.45008,-26.2772,224.4615
25.78:  10.66439,-26.39172,223.6736
25.8:  10.88669,-26.50661,222.8857
25.82:  11.10756,-26.61432,222.0979
25.83:  11.33743,-26.70964,221.31
25.85:  11.57468,-26.77203,220.5221
25.87:  11.75526,-26.77618,219.7342
25.88:  11.8255,-26.68928,218.9463
25.9:  11.84287,-26.57184,218.1585
25.92:  11.70819,-26.35966,217.3706
25.93:  11.52211,-26.19431,216.5827
25.95:  11.31144,-26.04239,215.7948
25.97:  11.10809,-25.89997,215.0069
25.98:  10.89451,-25.77238,214.2191
26:  10.67256,-25.66065,213.4312
26.02:  10.43918,-25.56592,212.6433
26.03:  10.20215,-25.47607,211.8554
26.05:  9.959834,-25.38799,211.0676
26.07:  9.719084,-25.30422,210.2797
26.08:  9.477468,-25.22386,209.4918
26.1:  9.236806,-25.14747,208.7039
26.12:  8.991596,-25.07333,207.916
26.13:  8.748667,-25.00351,207.1282
26.15:  8.499428,-24.93558,206.3403
26.17:  8.253078,-24.87206,205.5524
26.18:  8.006814,-24.81216,204.7645
26.2:  7.758389,-24.75286,203.9767
26.22:  7.511606,-24.69753,203.1888
26.23:  7.264475,-24.64568,202.4009
26.25:  7.010749,-24.59608,201.613
26.27:  6.763976,-24.55136,200.8251
26.28:  6.509669,-24.50887,200.0372
26.3:  6.260504,-24.46832,199.2494
26.33:  6.010192,-24.43112,198.4615
26.35:  5.760649,-24.39754,197.6736
26.37:  5.506105,-24.36683,196.8857
26.38:  5.252342,-24.34219,196.0979
26.4:  5.003328,-24.32146,195.31
26.42:  4.745829,-24.30114,194.5221
26.43:  4.494048,-24.27991,193.7342
26.45:  4.245995,-24.26003,192.9463
26.47:  3.9842,-24.24268,192.1584
26.48:  3.742029,-24.23067,191.3706
26.5:  3.512441,-24.23793,190.5827
26.52:  3.295034,-24.26473,189.7948
26.53:  3.073645,-24.30149,189.0069
26.55:  2.853168,-24.35522,188.2191
26.57:  2.617581,-24.42074,187.4312
26.58:  2.37127,-24.48986,186.6433
26.6:  2.129775,-24.56123,185.8554
26.62:  1.889314,-24.63591,185.0675
26.63:  1.652259,-24.70601,184.2797
26.65:  1.495123,-24.76467,183.4918
26.67:  1.49419,-24.78441,182.7039
26.68:  1.506475,-24.78482,181.916
26.7:  1.691467,-24.78847,181.1281
26.72:  1.941121,-24.78505,180.3403
26.73:  2.186868,-24.77831,179.5524
26.75:  2.436966,-24.76801,178.7645
26.77:  2.689054,-24.75415,177.9766
26.78:  2.94748,-24.73638,177.1888
26.8:  3.184608,-24.71679,176.4009
26.82:  3.433877,-24.69274,175.613
26.83:  3.685536,-24.66497,174.8251
26.85:  3.93003,-24.63457,174.0372
26.87:  4.180387,-24.59995,173.2494
26.88:  4.42931,-24.56203,172.4615
26.9:  4.675371,-24.52108,171.6736
26.92:  4.919965,-24.4769,170.8857
26.93:  5.165318,-24.4291,170.0979
26.95:  5.416704,-24.37394,169.31
26.97:  5.661956,-24.31912,168.5221
26.98:  5.898451,-24.26282,167.7342
27:  6.142198,-24.20125,166.9463
27.02:  6.379378,-24.13785,166.1585
27.03:  6.624197,-24.06879,165.3706
27.05:  6.859954,-23.99878,164.5827
27.07:  7.101176,-23.92352,163.7948
27.08:  7.33931,-23.84561,163.0069
27.1:  7.573773,-23.76531,162.2191
27.12:  7.811585,-23.6802,161.4312
27.13:  8.044087,-23.59076,160.6433
27.15:  8.275396,-23.50072,159.8554
27.17:  8.509174,-23.40601,159.0676
27.18:  8.737341,-23.30989,158.2797
27.2:  8.969066,-23.2085,157.4918
27.22:  9.196377,-23.10529,156.7039
27.23:  9.429653,-22.99549,155.916
27.25:  9.654446,-22.88587,155.1282
27.27:  9.871418,-22.77635,154.3403
27.28:  10.09289,-22.66071,153.5524
27.3:  10.30865,-22.54425,152.7645
27.32:  10.53174,-22.41984,151.9766
27.33:  10.74672,-22.29605,151.1888
27.35:  10.95961,-22.16953,150.4009
27.37:  11.17507,-22.03744,149.613
27.38:  11.38431,-21.90518,148.8251
27.4:  11.60373,-21.76222,148.0372
27.42:  11.80422,-21.62762,147.2494
27.43:  12.00677,-21.48757,146.4615
27.45:  12.21084,-21.34228,145.6736
27.47:  12.41172,-21.19506,144.8857
27.48:  12.61641,-21.04067,144.0978
27.5:  12.81229,-20.88866,143.31
27.52:  13.00805,-20.73238,142.5221
27.53:  13.20075,-20.57415,141.7342
27.55:  13.3973,-20.40819,140.9463
27.57:  13.58404,-20.24606,140.1584
27.58:  13.7693,-20.0807,139.3706
27.6:  13.95532,-19.9166,138.5827
27.62:  14.14031,-19.74883,137.7948
27.63:  14.32287,-19.57862,137.0069
27.65:  14.50094,-19.40797,136.2191
27.67:  14.68159,-19.23003,135.4312
27.68:  14.85696,-19.05246,134.6433
27.7:  15.03042,-18.87192,133.8554
27.72:  15.20081,-18.68964,133.0675
27.73:  15.36885,-18.50483,132.2797
27.75:  15.54032,-18.32563,131.4918
27.77:  15.72198,-18.14864,130.7039
27.78:  15.91043,-17.98435,129.916
27.8:  16.10201,-17.82295,129.1281
27.82:  16.29334,-17.6604,128.3403
27.83:  16.47985,-17.49685,127.5524
27.85:  16.66655,-17.32855,126.7645
27.87:  16.86565,-17.16472,125.9766
27.88:  17.07084,-17.01057,125.1888
27.9:  17.27067,-16.88746,124.4009
27.92:  17.49278,-16.79162,123.613
27.93:  17.74182,-16.78302,122.8251
27.95:  17.96312,-16.89039,122.0372
27.97:  18.17772,-17.02061,121.2494
27.98:  18.38624,-17.15452,120.4615
28:  18.59567,-17.29366,119.6736
28.02:  18.80602,-17.42928,118.8857
28.03:  19.01576,-17.56046,118.0978
28.05:  19.22907,-17.68983,117.31
28.07:  19.4479,-17.81846,116.5221
28.08:  19.66655,-17.94298,115.7342
28.1:  19.8859,-18.06392,114.9463
28.12:  20.10406,-18.18033,114.1584
28.13:  20.32878,-18.2963,113.3706
28.15:  20.55059,-18.40694,112.5827
28.17:  20.77938,-18.51715,111.7948
28.18:  21.00704,-18.62298,111.0069
28.2:  21.23347,-18.72448,110.219
28.22:  21.46401,-18.82404,109.4312
28.23:  21.69605,-18.92049,108.6433
28.25:  21.92713,-19.01282,107.8554
28.27:  22.16369,-19.1036,107.0675
28.28:  22.39659,-19.18931,106.2796
28.3:  22.63964,-19.25668,105.4918
28.32:  22.88192,-19.32026,104.7039
28.33:  23.12417,-19.38028,103.916
28.35:  23.37967,-19.41658,103.1281
28.37:  23.62781,-19.42198,102.3402
28.38:  23.8865,-19.41677,101.5524
28.4:  24.13684,-19.40539,100.7645
28.42:  24.3909,-19.39034,99.97662
28.43:  24.64219,-19.37231,99.26479
28.45:  24.89563,-19.35176,98.73042
28.47:  25.14982,-19.32738,98.42422
28.48:  25.41539,-19.30659,98.35252
28.5:  25.66533,-19.30641,98.32519
28.52:  25.91203,-19.3277,98.29785
28.53:  26.15404,-19.36285,98.26418
28.55:  26.40959,-19.39981,98.23051
28.57:  26.65,-19.43447,98.20319
28.58:  26.89821,-19.47013,98.17585
28.6:  27.15179,-19.50644,98.14851
28.62:  27.39409,-19.54099,98.11485
28.63:  27.6403,-19.57595,98.08118
28.65:  27.88435,-19.61045,98.0475
28.67:  28.14041,-19.6465,98.01384
28.68:  28.38714,-19.68109,97.98017
28.7:  28.63386,-19.71556,97.95284
28.72:  28.87978,-19.74977,97.91917
28.73:  29.1235,-19.78358,97.89818
28.75:  29.37102,-19.81782,97.87718
28.77:  29.62091,-19.85233,97.86253
28.78:  29.87604,-19.8875,97.84786
28.8:  30.11582,-19.92046,97.82687
28.82:  30.36494,-19.95464,97.81222
28.83:  30.61192,-19.98843,97.79123
28.85:  30.85727,-20.02191,97.77023
28.87:  31.10803,-20.05603,97.74924
28.88:  31.35444,-20.08947,97.72824
28.9:  31.5991,-20.12261,97.71358
28.92:  31.85289,-20.15689,97.69259
28.93:  32.09746,-20.18984,97.6716
28.95:  32.34303,-20.22282,97.6506
28.97:  32.5913,-20.25608,97.6296
28.98:  32.84992,-20.29066,97.61494
29:  33.09373,-20.32319,97.60028
29.02:  33.34166,-20.35618,97.57928
29.03:  33.58392,-20.38835,97.56463
29.05:  33.83138,-20.42115,97.54998
29.07:  34.08067,-20.45412,97.53532
29.08:  34.33671,-20.48793,97.52066
29.1:  34.58187,-20.52023,97.506
29.12:  34.82457,-20.55212,97.48501
29.13:  35.07058,-20.58437,97.47035
29.15:  35.31841,-20.61678,97.44936
29.17:  35.56745,-20.64925,97.42837
29.18:  35.81393,-20.68132,97.41371
29.2:  36.06364,-20.71381,97.41173
29.22:  36.31622,-20.74666,97.41173
29.23:  36.55886,-20.77823,97.41173
29.25:  36.80413,-20.81025,97.43906
29.27:  37.05522,-20.84324,97.48541
29.28:  37.31062,-20.87724,97.58247
29.3:  37.55157,-20.91006,97.75556
29.32:  37.80029,-20.94512,98.02373
29.33:  38.04264,-20.99869,98.53909
29.37:  38.28476,-21.06018,99.20654
29.38:  38.52761,-21.13282,99.94371
29.4:  38.76507,-21.22016,100.7316
29.42:  39.00203,-21.31363,101.5195
29.43:  39.23434,-21.42203,102.3074
29.45:  39.45951,-21.54475,103.0952
29.47:  39.66325,-21.68719,103.8831
29.48:  39.8638,-21.83827,104.671
29.5:  40.06168,-22.00455,105.4589
29.52:  40.25011,-22.17462,106.2467
29.53:  40.42755,-22.35415,107.0346
29.55:  40.5948,-22.54066,107.8225
29.57:  40.74965,-22.73662,108.6104
29.58:  40.89209,-22.94105,109.3983
29.6:  41.02366,-23.14767,110.1861
29.62:  41.14869,-23.36411,110.974
29.63:  41.27175,-23.58406,111.7619
29.65:  41.39115,-23.80054,112.5498
29.67:  41.50568,-24.01913,113.3376
29.68:  41.61934,-24.24355,114.1255
29.7:  41.72456,-24.46633,114.9134
29.72:  41.80781,-24.69877,115.7013
29.73:  41.87939,-24.93441,116.4892
29.75:  41.93858,-25.19027,117.277
29.77:  41.99026,-25.42991,118.0649
29.78:  42.03801,-25.67502,118.8528
29.8:  42.08282,-25.92313,119.6407
29.82:  42.12422,-26.17193,120.4285
29.83:  42.16218,-26.42113,121.2164
29.85:  42.19678,-26.67135,122.0043
29.87:  42.22859,-26.92731,122.7922
29.88:  42.25613,-27.17687,123.5801
29.9:  42.28129,-27.42167,124.3679
29.92:  42.30187,-27.67089,125.1558
29.93:  42.31982,-27.93191,125.9437
29.95:  42.33346,-28.1802,126.7316
29.97:  42.34356,-28.42552,127.5195
29.98:  42.35056,-28.68092,128.3073
30:  42.35397,-28.93101,129.0952
30.02:  42.35394,-29.18602,129.8831
30.03:  42.35046,-29.43749,130.671
30.05:  42.34352,-29.68845,131.4588
30.07:  42.33312,-29.93972,132.2467
30.08:  42.31913,-30.19341,133.0346
30.1:  42.30191,-30.44309,133.8225
30.12:  42.28028,-30.70428,134.6104
30.13:  42.25696,-30.94552,135.3982
30.15:  42.22982,-31.20588,136.1861
30.17:  42.19933,-31.4508,136.974
30.18:  42.16489,-31.6995,137.7619
30.2:  42.13561,-31.94921,138.5498
30.22:  42.13908,-32.20182,139.3376
30.23:  42.16169,-32.45474,140.1255
30.25:  42.20194,-32.70125,140.9134
30.27:  42.24167,-32.9591,141.7013
30.28:  42.27597,-33.20407,142.4892
30.3:  42.30832,-33.46067,143.277
30.32:  42.3446,-33.70692,144.0649
30.33:  42.40874,-33.95559,144.8528
30.35:  42.47255,-34.20451,145.6407
30.37:  42.53283,-34.45393,146.4285
30.38:  42.59062,-34.70826,147.2164
30.4:  42.64455,-34.9617,148.0043
30.42:  42.69466,-35.2142,148.7922
30.43:  42.74167,-35.46941,149.5801
30.45:  42.78479,-35.72302,150.3679
30.47:  42.82272,-35.97166,151.1558
30.48:  42.86294,-36.23251,151.9437
30.5:  42.92518,-36.48165,152.7316
30.52:  42.98779,-36.73703,153.5195
30.53:  43.04239,-36.98429,154.3073
30.55:  43.09366,-37.23267,155.0952
30.57:  43.14191,-37.48378,155.8831
30.58:  43.19857,-37.73364,156.671
30.6:  43.26217,-37.97559,157.4588
30.62:  43.33467,-38.21709,158.2467
30.63:  43.40838,-38.45761,159.0346
30.65:  43.48293,-38.69592,159.8225
30.67:  43.55347,-38.93279,160.6104
30.68:  43.62241,-39.17649,161.3982
30.7:  43.68726,-39.4184,162.1861
30.72:  43.74877,-39.66112,162.974
30.73:  43.81871,-39.90124,163.7619
30.75:  43.88516,-40.14167,164.5497
30.77:  43.94755,-40.38014,165.3376
30.78:  44.00827,-40.62598,166.1255
30.8:  44.06478,-40.86905,166.9134
30.82:  44.11831,-41.11456,167.7013
30.83:  44.16824,-41.35975,168.4892
30.85:  44.21439,-41.60348,169.277
30.87:  44.25716,-41.84767,170.0649
30.88:  44.2975,-42.0982,170.8528
30.9:  44.33366,-42.34424,171.6407
30.92:  44.36664,-42.5924,172.4285
30.93:  44.39624,-42.84101,173.2101
30.95:  44.42215,-43.08719,173.9916
30.97:  44.45825,-43.34314,174.7795
30.98:  44.50427,-43.58918,175.561
31:  44.56409,-43.83514,176.3363
31.02:  44.62918,-44.07495,177.1051
31.03:  44.70534,-44.31977,177.8296
31.05:  44.78033,-44.5611,178.5288
31.07:  44.85098,-44.79806,179.1899
31.08:  44.92125,-45.04352,179.8193
31.1:  44.98783,-45.28599,180.4361
31.12:  45.05509,-45.52377,181.0148
31.13:  45.12448,-45.76072,181.5745
31.15:  45.19076,-45.99456,182.0708
31.17:  45.25654,-46.23423,182.5482
31.18:  45.32099,-46.47564,182.9494
31.2:  45.38989,-46.7097,183.2873
31.22:  45.47277,-46.94723,183.5175
31.23:  45.55871,-47.17865,183.6462
31.25:  45.65123,-47.40606,183.6672
31.27:  45.74998,-47.63688,183.6589
31.28:  45.84914,-47.85686,183.5745
31.3:  45.95425,-48.08825,183.4077
31.32:  46.05334,-48.30146,183.1776
31.33:  46.15864,-48.52531,182.9158
31.35:  46.2667,-48.75191,182.6096
31.37:  46.36911,-48.96342,182.2717
31.38:  46.48104,-49.18601,181.9148
31.4:  46.5925,-49.40392,181.5199
31.42:  46.7056,-49.62107,181.0996
31.43:  46.82355,-49.83876,180.6603
31.45:  46.95015,-50.05224,180.1956
31.47:  47.07685,-50.25937,179.7056
31.48:  47.21043,-50.46951,179.203
31.5:  47.34567,-50.67821,178.7003
31.52:  47.49064,-50.87565,178.1913
31.53:  47.64044,-51.07357,177.6823
31.55:  47.789,-51.26587,177.1162
31.57:  47.94071,-51.4581,176.5248
31.58:  48.10009,-51.65805,175.9207
31.6:  48.25558,-51.84148,175.3166
31.62:  48.41341,-52.02158,174.7126
31.63:  48.57484,-52.20191,174.1085
31.65:  48.7362,-52.3782,173.4727
31.67:  48.90297,-52.5563,172.8243
31.68:  49.0723,-52.72815,172.1758
31.7:  49.24268,-52.89717,171.5274
31.72:  49.41776,-53.06496,170.8853
31.73:  49.5923,-53.23047,170.2305
31.75:  49.7693,-53.39431,169.544
31.77:  49.94913,-53.55679,168.8512
31.78:  50.13034,-53.71653,168.1521
31.8:  50.31556,-53.87322,167.4466
31.82:  50.49902,-54.0271,166.7411
31.83:  50.6915,-54.182,166.0419
31.85:  50.88726,-54.33564,165.3428
31.87:  51.07059,-54.47828,164.6373
31.88:  51.27168,-54.62824,163.9318
31.9:  51.4659,-54.77182,163.2263
31.92:  51.6569,-54.90764,162.5208
31.93:  51.86094,-55.04894,161.809
31.95:  52.05319,-55.18018,161.0718
31.97:  52.25317,-55.31285,160.3156
31.98:  52.45884,-55.44534,159.5405
32:  52.66482,-55.5718,158.7652
32.02:  52.87309,-55.69582,157.99
32.03:  53.08395,-55.81984,157.2148
32.05:  53.29338,-55.93922,156.4396
32.07:  53.50475,-56.05374,155.6644
32.08:  53.72766,-56.17067,154.8956
32.1:  53.94022,-56.27856,154.1267
32.12:  54.15709,-56.38496,153.3515
32.13:  54.37337,-56.48959,152.5699
32.15:  54.59524,-56.59101,151.7821
32.17:  54.81369,-56.6894,151.0005
32.18:  55.03764,-56.78661,150.219
32.2:  55.26041,-56.8797,149.4311
32.22:  55.48558,-56.97017,148.6432
32.23:  55.71132,-57.05728,147.8553
32.25:  55.93688,-57.14078,147.0675
32.27:  56.16147,-57.22043,146.2796
32.28:  56.39388,-57.29955,145.5551
32.3:  56.62534,-57.37341,144.913
32.32:  56.85689,-57.44654,144.2836
32.33:  57.08918,-57.51511,143.6605
32.35:  57.3228,-57.58131,143.0374
32.37:  57.55547,-57.64454,142.4206
32.38:  57.7924,-57.70623,141.8102
32.4:  58.02827,-57.76499,141.2061
32.42:  58.26578,-57.82156,140.6147
32.43:  58.50245,-57.8757,140.0993
32.45:  58.74512,-57.93148,139.6981
32.47:  58.97904,-57.98379,139.3602
32.48:  59.21606,-58.03366,139.0984
32.5:  59.44741,-58.08134,138.8619
32.52:  59.69321,-58.13103,138.6444
32.53:  59.93117,-58.1783,138.4523
32.55:  60.16745,-58.22452,138.2855
32.57:  60.40209,-58.26982,138.1441
32.58:  60.64365,-58.31596,138.028
32.6:  60.88792,-58.3622,137.9373
32.62:  61.12069,-58.40592,137.853
32.63:  61.35994,-58.45051,137.7749
32.65:  61.59883,-58.49473,137.7032
32.67:  61.83566,-58.53829,137.6379
32.68:  62.07697,-58.58241,137.5788
32.7:  62.31737,-58.62612,137.5198
32.72:  62.55502,-58.66756,137.4608
32.73:  62.79001,-58.71031,137.4145
32.75:  63.02468,-58.75087,137.3745
32.77:  63.26154,-58.79511,137.3344
32.78:  63.49952,-58.83789,137.2944
32.8:  63.73625,-58.88027,137.2544
32.82:  63.97304,-58.91553,137.2207
32.83:  64.20596,-58.93818,137.1871
32.85:  64.4438,-58.95068,137.1661
32.87:  64.6787,-58.95773,137.1387
32.88:  64.91763,-58.9648,137.1114
32.9:  65.1551,-58.9717,137.0841
32.92:  65.39303,-58.9768,137.0567
32.93:  65.63462,-58.98185,137.0294
32.95:  65.87006,-58.97274,136.9894
32.97:  66.09967,-58.95304,136.905
32.98:  66.33646,-58.93029,136.6876
33:  66.5722,-58.90212,136.1976
33.02:  66.80672,-58.86934,135.4097
33.03:  67.04774,-58.83174,134.6218
33.05:  67.27509,-58.79108,133.8339
33.07:  67.50164,-58.74248,133.0461
33.08:  67.72633,-58.69041,132.2582
33.1:  67.95639,-58.63586,131.4703
33.12:  68.18186,-58.57911,130.6824
33.13:  68.40827,-58.51879,129.8946
33.15:  68.63158,-58.456,129.1067
33.17:  68.85493,-58.38778,128.3188
33.18:  69.07961,-58.31641,127.5309
33.2:  69.30016,-58.24234,126.743
33.22:  69.52945,-58.16404,125.9552
33.23:  69.74181,-58.08617,125.1673
33.25:  69.95757,-58.00367,124.3794
33.27:  70.17113,-57.91862,123.5915
33.28:  70.38984,-57.8265,122.8036
33.3:  70.60466,-57.73403,122.0158
33.32:  70.81534,-57.63989,121.2279
33.33:  71.02774,-57.54145,120.44
33.35:  71.23576,-57.44156,119.6521
33.37:  71.4418,-57.33909,118.8643
33.38:  71.65084,-57.23153,118.0764
33.4:  71.85629,-57.12222,117.2885
33.42:  72.06186,-57.00758,116.5006
33.43:  72.26353,-56.89305,115.7127
33.45:  72.46417,-56.77382,114.9248
33.47:  72.66191,-56.65422,114.137
33.48:  72.86217,-56.52764,113.3491
33.5:  73.05815,-56.40161,112.5612
33.52:  73.25821,-56.26731,111.7733
33.53:  73.44963,-56.13664,110.9855
33.55:  73.63535,-56.00608,110.1976
33.57:  73.82172,-55.87119,109.4097
33.58:  74.00882,-55.73182,108.6218
33.6:  74.19962,-55.58558,107.8339
33.62:  74.37704,-55.44566,107.0461
33.63:  74.55887,-55.29817,106.2582
33.65:  74.74168,-55.14567,105.4703
33.67:  74.91051,-55.00085,104.6824
33.68:  75.08704,-54.84517,103.8945
33.7:  75.2595,-54.6888,103.1067
33.72:  75.42982,-54.53004,102.3188
33.73:  75.59765,-54.36926,101.5309
33.75:  75.76069,-54.20869,100.743
33.77:  75.92415,-54.04124,99.95515
33.78:  76.08618,-53.86763,99.16727
33.8:  76.24306,-53.6928,98.37939
33.82:  76.39211,-53.51791,97.59151
33.83:  76.534,-53.33818,96.80363
33.85:  76.66809,-53.14676,96.01575
33.87:  76.79822,-52.95546,95.22787
33.88:  76.92749,-52.75533,94.43999
33.9:  77.05293,-52.54446,93.65212
33.92:  77.15776,-52.34357,92.86423
33.93:  77.26731,-52.12404,92.07636
33.95:  77.36686,-51.9124,91.28848
33.97:  77.46181,-51.70075,90.50061
33.98:  77.55636,-51.48204,89.71272
34:  77.64739,-51.26321,88.92485
34.02:  77.73474,-51.04482,88.13697
34.03:  77.82184,-50.81807,87.34908
34.05:  77.9035,-50.59642,86.5612
34.07:  77.98231,-50.37307,85.77332
34.08:  78.05836,-50.14771,84.98545
34.1:  78.12678,-49.91743,84.19756
34.12:  78.18929,-49.68754,83.40969
34.13:  78.24849,-49.45734,82.62181
34.15:  78.30437,-49.22697,81.83394
34.17:  78.35626,-48.99539,81.04607
34.18:  78.40413,-48.76029,80.25818
34.2:  78.44993,-48.5305,79.47031
34.22:  78.4937,-48.29399,78.68242
34.23:  78.53369,-48.05991,77.89454
34.25:  78.5705,-47.82511,77.10666
34.27:  78.60361,-47.59296,76.31878
34.28:  78.63371,-47.35189,75.5309
34.3:  78.6607,-47.11658,74.74302
34.32:  78.68392,-46.87716,73.95514
34.33:  78.7038,-46.63789,73.16726
34.35:  78.72108,-46.40162,72.37938
34.37:  78.73422,-46.16466,71.5915
34.38:  78.74518,-45.92397,70.80363
34.4:  78.75187,-45.68434,70.01575
34.42:  78.75613,-45.44705,69.22787
34.43:  78.75713,-45.2082,68.43999
34.45:  78.75489,-44.97293,67.65211
34.47:  78.74841,-44.73372,66.86423
34.48:  78.73955,-44.49441,66.07635
34.5:  78.72762,-44.25972,65.28848
34.52:  78.71218,-44.02095,64.5006
34.53:  78.69348,-43.78262,63.71272
34.55:  78.67164,-43.54594,62.92485
34.57:  78.64558,-43.30906,62.13696
34.58:  78.61639,-43.06617,61.34909
34.6:  78.58518,-42.83339,60.56121
34.62:  78.54945,-42.59826,59.77333
34.63:  78.51144,-42.36398,58.98545
34.65:  78.46922,-42.1297,58.19758
34.67:  78.42391,-41.89677,57.4097
34.68:  78.37086,-41.65427,56.62182
34.7:  78.31833,-41.42521,55.83394
34.72:  78.26512,-41.19753,55.04606
34.73:  78.20827,-40.96849,54.25818
34.75:  78.14745,-40.73713,53.47031
34.77:  78.08423,-40.5094,52.68242
34.78:  78.01776,-40.28215,51.89455
34.8:  77.94724,-40.05283,51.10667
34.82:  77.87553,-39.83054,50.31879
34.83:  77.79664,-39.5999,49.53091
34.85:  77.71789,-39.37698,48.74303
34.87:  77.63668,-39.15678,47.95515
34.88:  77.5513,-38.93472,47.16728
34.9:  77.46036,-38.71003,46.37939
34.92:  77.36893,-38.49049,45.59152
34.93:  77.27265,-38.27368,44.80364
34.95:  77.17349,-38.05841,44.01576
34.97:  77.07287,-37.84767,43.22788
34.98:  76.96921,-37.63284,42.44
35:  76.86249,-37.41922,41.65213
35.02:  76.75283,-37.21199,40.86425
35.03:  76.63776,-37.00156,40.07637
35.05:  76.52168,-36.79327,39.28849
35.07:  76.40483,-36.58837,38.50061
35.08:  76.27919,-36.37496,37.71273
35.1:  76.15756,-36.17471,36.92485
35.12:  76.03152,-35.97772,36.13697
35.13:  75.90044,-35.77638,35.34909
35.15:  75.76984,-35.5801,34.56121
35.17:  75.63526,-35.38773,33.77334
35.18:  75.49778,-35.19293,32.98546
35.2:  75.35549,-34.99865,32.19758
35.22:  75.21415,-34.80583,31.4097
35.23:  75.07151,-34.61079,30.62183
35.25:  74.9279,-34.41839,29.83395
35.27:  74.78407,-34.22747,29.04607
35.28:  74.63657,-34.01817,28.25819
35.3:  74.49953,-33.82389,27.47032
35.32:  74.35806,-33.62716,26.68243
35.33:  74.21576,-33.42559,25.89456
35.35:  74.08361,-33.21929,25.10668
35.37:  73.96708,-33.01141,24.3188
35.38:  73.95574,-32.78918,23.53092
35.4:  73.95099,-32.56528,22.74304
35.42:  73.9429,-32.32195,21.95516
35.43:  73.93497,-32.08179,21.16728
35.45:  73.92876,-31.83155,20.3794
35.47:  73.94919,-31.57898,19.59153
35.48:  73.98602,-31.32508,18.80365
35.5:  74.03754,-31.07974,18.01577
35.52:  74.10294,-30.83705,17.3293
35.53:  74.1767,-30.59036,17.2069
35.55:  74.24974,-30.35411,17.17957
35.57:  74.32153,-30.12149,17.15224
35.58:  74.39597,-29.88001,17.13124
35.6:  74.46877,-29.64341,17.10391
35.62:  74.54269,-29.40279,17.07657
35.63:  74.616,-29.16375,17.04924
35.65:  74.69125,-28.91794,17.02191
35.67:  74.76161,-28.6878,17.00092
35.68:  74.83519,-28.44674,16.97358
35.7:  74.90801,-28.20785,16.95259
35.72:  74.98076,-27.96879,16.92526
35.73:  75.05372,-27.72863,16.89793
35.75:  75.1283,-27.48278,16.87693
35.77:  75.19962,-27.24742,16.85594
35.78:  75.27155,-27.00968,16.83494
35.8:  75.34372,-26.77076,16.80761
35.82:  75.4158,-26.53181,16.78662
35.83:  75.48698,-26.29555,16.76562
35.85:  75.55978,-26.05356,16.74463
35.87:  75.63081,-25.81706,16.71729
35.88:  75.70249,-25.57808,16.6963
35.9:  75.76546,-25.33335,16.67531
35.92:  75.80674,-25.08362,16.64798
35.93:  75.82951,-24.82266,16.62064
35.95:  75.84187,-24.57196,16.59331
35.97:  75.84893,-24.31887,16.56598
35.98:  75.85296,-24.06349,16.54498
36:  75.85681,-23.81123,16.51765
36.02:  75.85993,-23.55731,16.49666
36.03:  75.86298,-23.30142,16.47566
36.05:  75.86594,-23.04281,16.44833
36.07:  75.868,-22.79785,16.42734
36.08:  75.86998,-22.5528,16.40634
36.1:  75.8719,-22.3025,16.38535
36.12:  75.87373,-22.05161,16.36436
36.13:  75.87545,-21.80073,16.33702
36.15:  75.87947,-21.54628,16.30969
36.17:  75.88091,-21.3012,16.28235
36.18:  75.88461,-21.05257,16.25502
36.2:  75.88818,-20.80209,16.22135
36.22:  75.89526,-20.55117,16.18768
36.23:  75.90055,-20.2956,16.15401
36.25:  75.90739,-20.04237,16.12034
36.27:  75.91697,-19.79112,16.08667
36.28:  75.92909,-19.53329,16.05934
36.3:  75.94092,-19.27871,16.02567
36.32:  75.95322,-19.02276,15.992
36.33:  75.96481,-18.76708,15.96467
36.35:  75.97618,-18.51384,15.93734
36.37:  75.98735,-18.2625,15.91
36.38:  75.99858,-18.00612,15.87633
36.4:  76.00997,-17.74279,15.84266
36.42:  76.02052,-17.4955,15.80899
36.43:  76.03117,-17.24228,15.77532
36.45:  76.0417,-16.9888,15.74799
36.47:  76.05212,-16.73482,15.71432
36.48:  76.06241,-16.4802,15.68065
36.5:  76.0725,-16.22734,15.65332
36.52:  76.08308,-15.97337,15.62598
36.53:  76.09402,-15.70707,15.59231
36.55:  76.10449,-15.44905,15.56498
36.57:  76.11383,-15.20185,15.53131
36.58:  76.12331,-14.94803,15.50398
36.6:  76.13033,-14.69266,15.47665
36.62:  76.1348,-14.4375,15.44298
36.63:  76.13679,-14.18118,15.40931
36.65:  76.1386,-13.92654,15.37564
36.67:  76.14027,-13.67221,15.34197
36.68:  76.14119,-13.41472,15.31464
36.7:  76.14195,-13.1608,15.28097
36.72:  76.14251,-12.90655,15.23462
36.73:  76.14347,-12.65056,15.18194
36.75:  76.14333,-12.39798,15.07855
36.77:  76.1427,-12.13523,14.82939
36.78:  76.14007,-11.8849,14.36475
36.8:  76.13448,-11.62726,13.72264
36.82:  76.1256,-11.3741,12.96011
36.83:  76.11302,-11.11623,12.17223
36.85:  76.09708,-10.86164,11.38436
36.87:  76.07771,-10.60825,10.59648
36.88:  76.05407,-10.35337,9.808599
36.9:  76.02707,-10.10026,9.020719
36.92:  75.99682,-9.849441,8.232841
36.93:  75.96285,-9.597032,7.444963
36.95:  75.92532,-9.343867,6.676097
36.97:  75.88562,-9.09693,5.976949
36.98:  75.84241,-8.844769,5.385545
37:  75.7976,-8.594031,4.97794
37.02:  75.75253,-8.346615,4.785822
37.03:  75.70424,-8.083058,4.7268
37.05:  75.6605,-7.84203,4.680455
37.07:  75.61481,-7.59143,4.634109
37.08:  75.56745,-7.332718,4.594101
37.1:  75.52195,-7.088517,4.554093
37.12:  75.47542,-6.836465,4.507747
37.13:  75.42914,-6.590137,4.467739
37.15:  75.38171,-6.338517,4.434069
37.17:  75.33499,-6.088247,4.394062
37.18:  75.2875,-5.834651,4.360391
37.2:  75.24014,-5.585958,4.326721
37.22:  75.19226,-5.335369,4.293051
37.23:  75.14442,-5.08581,4.259381
37.25:  75.09676,-4.837897,4.22571
37.27:  75.04742,-4.582281,4.185703
37.28:  75.0001,-4.337845,4.152033
37.3:  74.9519,-4.089803,4.112025
37.32:  74.90327,-3.837145,4.072018
37.33:  74.85462,-3.588555,4.038348
37.35:  74.80607,-3.341309,3.99834
37.37:  74.75705,-3.089197,3.964669
37.38:  74.70752,-2.8387,3.924662
37.4:  74.65837,-2.587609,3.890991
37.42:  74.60902,-2.336261,3.857321
37.43:  74.55921,-2.083434,3.823651
37.45:  74.50978,-1.833231,3.789982
37.47:  74.46304,-1.585354,3.756312
37.48:  74.41461,-1.329437,3.722641
37.5:  74.36717,-1.079466,3.688971
37.52:  74.31828,-0.8227348,3.655301
37.53:  74.27269,-0.5713529,3.621631
37.55:  74.23011,-0.3243234,3.587961
37.57:  74.18752,-0.07497595,3.547953
37.58:  74.14623,0.1767797,3.514283
37.6:  74.10517,0.429532,3.480613
37.62:  74.0664,0.6820313,3.440605
37.63:  74.02968,0.9358224,3.400597
37.65:  73.99559,1.186831,3.360589
37.67:  73.96144,1.436986,3.320581
37.68:  73.93134,1.692377,3.286911
37.7:  73.92912,1.944356,3.253241
37.72:  73.92764,2.195912,3.219571
37.73:  73.92691,2.446396,3.185901
37.75:  73.92542,2.696617,3.152231
37.77:  73.92542,2.946953,3.118561
37.78:  73.92542,3.200026,3.084891
37.8:  73.92401,3.450708,3.044883
37.82:  73.92401,3.697413,3.011213
37.83:  73.92401,3.953674,2.977543
37.85:  73.92401,4.202628,2.943873
37.87:  73.92401,4.455378,2.903865
37.88:  73.92401,4.705234,2.863858
37.9:  73.92354,4.955609,2.830188
37.92:  73.92354,5.205693,2.796518
37.93:  73.92354,5.458211,2.75651
37.95:  73.92354,5.705792,2.72284
37.97:  73.92354,5.955993,2.695508
37.98:  73.92354,6.210586,2.661837
38:  73.92354,6.46038,2.62183
38.02:  73.92354,6.711579,2.581821
38.03:  73.92354,6.959511,2.548151
38.05:  73.92354,7.213817,2.514481
38.07:  73.92354,7.460441,2.480811
38.08:  73.92354,7.70977,2.447141
38.1:  73.92354,7.960093,2.413471
38.12:  73.92354,8.209719,2.379801
38.13:  73.92354,8.461348,2.339792
38.15:  73.92354,8.717024,2.306123
38.17:  73.92354,8.967243,2.266114
38.18:  73.92354,9.215982,2.226107
38.2:  73.92354,9.465508,2.186099
38.22:  73.91085,9.716155,2.146091
38.23:  73.89804,9.965975,2.106083
38.25:  73.88504,10.21603,2.066075
38.27:  73.87183,10.46725,2.032405
38.28:  73.85831,10.72142,1.998735
38.3:  73.84502,10.9686,1.965065
38.32:  73.83141,11.21896,1.931395
38.33:  73.8176,11.47051,1.897725
38.35:  73.80383,11.71833,1.864055
38.37:  73.78973,11.96973,1.830385
38.38:  73.7779,12.22168,1.796715
38.4:  73.7658,12.47617,1.763045
38.42:  73.75093,12.73299,1.729375
38.43:  73.73672,12.97612,1.695705
38.45:  73.72449,13.22342,1.655697
38.47:  73.70959,13.4727,1.622027
38.48:  73.69451,13.72267,1.588357
38.5:  73.6792,13.97343,1.548349
38.52:  73.66362,14.22563,1.508341
38.53:  73.6479,14.47776,1.474671
38.55:  73.63216,14.72791,1.441001
38.57:  73.61634,14.97685,1.407331
38.58:  73.60029,15.22722,1.373661
38.6:  73.58402,15.47814,1.333653
38.62:  73.5677,15.72771,1.299983
38.65:  73.55109,15.97925,1.266313
38.67:  73.53413,16.23402,1.232643
38.68:  73.51994,16.48074,1.192635
38.7:  73.50294,16.73078,1.152627
38.72:  73.48576,16.98123,1.118957
38.73:  73.4685,17.2304,1.078949
38.75:  73.451,17.48031,1.038941
38.77:  73.43296,17.73557,0.9989331
38.78:  73.41538,17.98176,0.9589252
38.8:  73.39973,18.23296,0.9189172
38.82:  73.38158,18.48269,0.8852472
38.83:  73.36333,18.73184,0.8515772
38.85:  73.34478,18.98288,0.8179071
38.87:  73.32615,19.23313,0.7842371
38.88:  73.30736,19.48351,0.750567
38.9:  73.29037,19.74134,0.716897
38.92:  73.27656,19.98533,0.683227
38.93:  73.27449,20.23501,0.649557
38.95:  73.27717,20.48387,0.615887
38.97:  73.27717,20.48387,0.575879
38.98:  73.27717,20.48387,0.542209
39:  73.27717,20.48387,0.502201
39.02:  73.27717,20.48387,0.4621931
39.03:  73.27717,20.48387,0.4221852
39.05:  73.27717,20.48387,0.3885151
39.07:  73.27717,20.48387,0.3485072
39.08:  73.27717,20.48387,0.3148372
39.1:  73.27717,20.48387,0.2748293
39.12:  73.27717,20.48387,0.2348213
39.13:  73.27717,20.48387,0.2011513
39.15:  73.27717,20.48387,0.1611434
39.17:  73.27717,20.48387,0.1274733
39.18:  73.27717,20.48387,0.09380329
39.2:  73.27717,20.48387,0.06013326
39.22:  73.27717,20.48387,0.03280111
39.23:  73.27717,20.48387,359.9928
39.25:  73.27717,20.48387,359.9528
39.27:  73.27717,20.48387,359.9128
39.28:  73.27717,20.48387,359.8728
39.3:  73.27717,20.48387,359.8328
39.32:  73.27717,20.48387,359.7928
39.33:  73.27717,20.48387,359.7527
39.35:  73.27717,20.48387,359.7127
39.37:  73.27717,20.48387,359.6791
39.38:  73.27717,20.48387,359.6454
39.4:  73.27717,20.48387,359.6117
39.42:  73.27717,20.48387,359.5717
39.43:  73.27717,20.48387,359.5381
39.45:  73.27717,20.48387,359.5044
39.47:  73.27717,20.48387,359.4707
39.48:  73.27717,20.48387,359.4434
39.5:  73.27717,20.48387,359.4097
39.52:  73.27717,20.48387,359.376
39.53:  73.27717,20.48387,359.3424
39.55:  73.27717,20.48387,359.3087
39.57:  73.27717,20.48387,359.275
39.58:  73.27717,20.48387,359.2414
39.6:  73.27717,20.48387,359.2077
39.62:  73.27717,20.48387,359.174
39.63:  73.27717,20.48387,359.1404
39.65:  73.27717,20.48387,359.1067
39.67:  73.27717,20.48387,359.073
39.68:  73.27717,20.48387,359.0393
39.7:  73.27717,20.48387,359.0057
39.72:  73.27717,20.48387,358.972
39.73:  73.27717,20.48387,358.9383
39.75:  73.27717,20.48387,358.9047
39.77:  73.27717,20.48387,358.871
39.78:  73.27717,20.48387,358.8373
39.8:  73.27717,20.48387,358.8036
39.82:  73.27717,20.48387,358.77
39.83:  73.27717,20.48387,358.73
39.85:  73.27717,20.48387,358.6963
39.87:  73.27717,20.48387,358.6626
39.88:  73.27717,20.48387,358.629
39.9:  73.27717,20.48387,358.5953
39.92:  73.27717,20.48387,358.5616
39.93:  73.27717,20.48387,358.528
39.95:  73.27717,20.48387,358.4943
39.97:  73.27717,20.48387,358.4606
39.98:  73.27717,20.48387,358.4269
40:  73.27717,20.48387,358.3933
40.02:  73.27717,20.48387,358.3596
40.03:  73.27717,20.48387,358.3259
40.05:  73.27717,20.48387,358.2986
40.07:  73.27717,20.48387,358.2649
40.08:  73.27717,20.48387,358.2313
40.1:  73.27717,20.48387,358.1976
40.12:  73.27717,20.48387,358.1639
40.13:  73.27717,20.48387,358.1239
40.15:  73.27717,20.48387,358.0902
40.17:  73.27717,20.48387,358.0502
40.18:  73.27717,20.48387,358.0166
40.2:  73.27717,20.48387,357.9829
40.22:  73.27717,20.48387,357.9492
40.23:  73.27717,20.48387,357.9156
40.25:  73.27717,20.48387,357.8819
40.27:  73.27717,20.48387,357.8482
40.28:  73.27717,20.48387,357.8145
40.3:  73.27717,20.48387,357.7809
40.32:  73.27717,20.48387,357.7535
40.33:  73.27717,20.48387,357.7199
40.35:  73.27717,20.48387,357.6862
40.37:  73.27717,20.48387,357.6525
40.38:  73.27717,20.48387,357.6189
40.4:  73.27717,20.48387,357.5789
40.42:  73.27717,20.48387,357.5452
40.43:  73.27717,20.48387,357.5115
40.45:  73.27717,20.48387,357.4778
40.47:  73.27717,20.48387,357.4442
40.48:  73.27717,20.48387,357.4105
40.5:  73.27717,20.48387,357.3768
40.52:  73.27717,20.48387,357.3432
40.53:  73.27717,20.48387,357.3095
40.55:  73.27717,20.48387,357.2758
40.57:  73.27717,20.48387,357.2422
40.58:  73.27717,20.48387,357.2085
40.6:  73.27717,20.48387,357.1748
40.62:  73.27717,20.48387,357.1411
40.63:  73.27717,20.48387,357.1075
40.65:  73.27717,20.48387,357.0801
40.67:  73.27717,20.48387,357.0465
40.68:  73.27717,20.48387,357.0128
40.7:  73.27717,20.48387,356.9791
40.72:  73.27717,20.48387,356.9455
40.73:  73.27717,20.48387,356.9118
40.75:  73.27717,20.48387,356.8781
40.77:  73.27717,20.48387,356.8445
40.78:  73.27717,20.48387,356.8108
40.8:  73.27717,20.48387,356.7771
40.82:  73.27717,20.48387,356.7434
40.83:  73.27717,20.48387,356.7098
40.85:  73.27717,20.48387,356.6761
40.87:  73.27717,20.48387,356.6424
40.88:  73.27717,20.48387,356.6088
40.9:  73.27717,20.48387,356.5751
40.92:  73.27717,20.48387,356.5414
40.93:  73.27717,20.48387,356.5078
40.95:  73.27717,20.48387,356.4741
40.97:  73.27717,20.48387,356.4404
40.98:  73.27717,20.48387,356.4067
41:  73.27717,20.48387,356.3731
41.02:  73.27717,20.48387,356.3331
41.03:  73.27717,20.48387,356.2994
41.05:  73.27717,20.48387,356.2657
41.07:  73.27717,20.48387,356.2321
41.08:  73.27717,20.48387,356.1984
41.1:  73.27717,20.48387,356.1647
41.12:  73.27717,20.48387,356.131
41.13:  73.27717,20.48387,356.0974
41.15:  73.27717,20.48387,356.0637
41.17:  73.27717,20.48387,356.03
41.18:  73.27717,20.48387,355.9964
41.2:  73.27717,20.48387,355.9627
41.22:  73.27717,20.48387,355.9227
41.23:  73.27717,20.48387,355.889
41.25:  73.27717,20.48387,355.8617
41.27:  73.27717,20.48387,355.828
41.28:  73.27717,20.48387,355.788
41.3:  73.27717,20.48387,355.7543
41.32:  73.27717,20.48387,355.7206
41.33:  73.27717,20.48387,355.687
41.35:  73.27717,20.48387,355.647
41.37:  73.27717,20.48387,355.6133
41.38:  73.27717,20.48387,355.5797
41.4:  73.27717,20.48387,355.5523
41.42:  73.27717,20.48387,355.525
41.43:  73.27717,20.48387,355.4913
41.45:  73.27717,20.48387,355.464
41.47:  73.27717,20.48387,355.4303
41.48:  73.27717,20.48387,355.3966
41.5:  73.27717,20.48387,355.3693
41.52:  73.27717,20.48387,355.3293
41.53:  73.27717,20.48387,355.2956
41.55:  73.27717,20.48387,355.2556
41.57:  73.27717,20.48387,355.222
41.58:  73.27717,20.48387,355.1883
41.6:  73.27717,20.48387,355.1483
41.62:  73.27717,20.48387,355.1082
41.63:  73.27717,20.48387,355.0682
41.65:  73.27717,20.48387,355.0346
41.67:  73.27717,20.48387,355.0009
41.68:  73.27717,20.48387,354.9673
41.7:  73.27717,20.48387,354.9336
41.72:  73.27717,20.48387,354.8999
41.73:  73.27717,20.48387,354.8599
41.75:  73.27717,20.48387,354.8326
41.77:  73.27717,20.48387,354.7989
41.78:  73.27717,20.48387,354.7652
41.8:  73.27717,20.48387,354.7315
41.82:  73.27717,20.48387,354.6979
41.83:  73.27717,20.48387,354.6642
41.85:  73.27717,20.48387,354.6242
41.87:  73.27717,20.48387,354.5842
41.88:  73.27717,20.48387,354.5505
41.9:  73.27717,20.48387,354.5168
41.92:  73.27717,20.48387,354.4832
41.93:  73.27717,20.48387,354.4495
41.95:  73.27717,20.48387,354.4158
41.97:  73.27717,20.48387,354.3822
41.98:  73.27717,20.48387,354.3485
42:  73.27717,20.48387,354.3148
42.02:  73.27717,20.48387,354.2812
42.03:  73.27717,20.48387,354.2475
42.05:  73.27717,20.48387,354.2138
42.07:  73.27717,20.48387,354.1801
42.08:  73.27717,20.48387,354.1465
42.1:  73.27717,20.48387,354.1128
42.12:  73.27717,20.48387,354.0791
42.13:  73.27717,20.48387,354.0455
42.15:  73.27717,20.48387,354.0118
42.17:  73.27717,20.48387,353.9718
42.18:  73.27717,20.48387,353.9381
42.2:  73.27717,20.48387,353.9044
42.22:  73.27717,20.48387,353.8708
42.23:  73.27717,20.48387,353.8371
42.25:  73.27717,20.48387,353.8034
42.27:  73.27717,20.48387,353.7698
42.28:  73.27717,20.48387,353.7361
42.3:  73.27717,20.48387,353.7024
42.32:  73.27717,20.48387,353.6688
42.33:  73.27717,20.48387,353.6351
42.35:  73.27717,20.48387,353.6014
42.37:  73.27717,20.48387,353.5677
42.38:  73.27717,20.48387,353.5341
42.4:  73.27717,20.48387,353.5004
42.42:  73.27717,20.48387,353.4667
42.43:  73.27717,20.48387,353.4331
42.45:  73.27717,20.48387,353.3931
42.47:  73.27717,20.48387,353.3594
42.48:  73.27717,20.48387,353.3257
42.5:  73.27717,20.48387,353.2921
42.52:  73.27717,20.48387,353.2647
42.53:  73.27717,20.48387,353.231
42.55:  73.27717,20.48387,353.2037
42.57:  73.27717,20.48387,353.17
