ParticipantNo: 22007
Controller type: Arrows Only
Training Level Timed:
0.02:  82.7,18.5,270
0.03:  82.7,18.5,270
0.05:  82.7,18.5,270
0.08:  82.7,18.5,270
0.1:  82.7,18.5,270
0.11:  82.7,18.5,270
0.13:  82.7,18.5,270
0.15:  82.7,18.5,270
0.16:  82.7,18.5,270
0.18:  82.7,18.5,270
0.2:  82.7,18.5,270
0.21:  82.7,18.5,270
0.23:  82.7,18.5,270
0.25:  82.7,18.5,270
0.26:  82.7,18.5,270
0.28:  82.7,18.5,270
0.3:  82.7,18.5,270
0.31:  82.7,18.5,270
0.33:  82.7,18.5,270
0.35:  82.7,18.5,270
0.36:  82.7,18.5,270
0.38:  82.7,18.5,270
0.4:  82.7,18.5,270
0.41:  82.7,18.5,270
0.43:  82.7,18.5,270
0.45:  82.7,18.5,270
0.46:  82.7,18.5,270
0.48:  82.7,18.5,270
0.5:  82.7,18.5,270
0.51:  82.7,18.5,270
0.53:  82.7,18.5,270
0.55:  82.7,18.5,270
0.56:  82.7,18.5,270
0.58:  82.7,18.5,270
0.6:  82.7,18.5,270
0.61:  82.7,18.5,270
0.63:  82.7,18.5,270
0.65:  82.7,18.5,270
0.66:  82.7,18.5,270
0.68:  82.7,18.5,270
0.7:  82.7,18.5,270
0.71:  82.7,18.5,270
0.73:  82.7,18.5,270
0.75:  82.7,18.5,270
0.76:  82.7,18.5,270
0.78:  82.7,18.5,270
0.8:  82.7,18.5,270
0.81:  82.7,18.5,270
0.83:  82.7,18.5,270
0.85:  82.7,18.5,270
0.86:  82.7,18.5,270
0.88:  82.7,18.5,270
0.9:  82.7,18.5,270
0.91:  82.7,18.5,270
0.93:  82.7,18.5,270
0.95:  82.7,18.5,270
0.96:  82.7,18.5,270
0.98:  82.7,18.5,270
1:  82.7,18.5,270
1.01:  82.7,18.5,270
1.03:  82.7,18.5,270
1.05:  82.7,18.5,270
1.06:  82.7,18.5,270
1.08:  82.7,18.5,270
1.1:  82.7,18.5,270
1.11:  82.7,18.5,270
1.13:  82.7,18.5,270
1.15:  82.7,18.5,270
1.16:  82.7,18.5,270
1.18:  82.7,18.5,270
1.2:  82.7,18.5,270
1.21:  82.7,18.5,270
1.23:  82.7,18.5,270
1.25:  82.7,18.5,270
1.26:  82.7,18.5,270
1.28:  82.7,18.5,270
1.3:  82.7,18.5,270
1.31:  82.7,18.5,270
1.33:  82.7,18.5,270
1.35:  82.7,18.5,270
1.36:  82.7,18.5,270
1.38:  82.7,18.5,270
1.4:  82.7,18.5,270
1.41:  82.7,18.5,270
1.43:  82.7,18.5,270
1.45:  82.7,18.5,270
1.46:  82.7,18.5,270
1.48:  82.7,18.5,270
1.5:  82.7,18.5,270
1.51:  82.7,18.5,270
1.53:  82.7,18.5,270
1.55:  82.7,18.5,270
1.56:  82.7,18.5,270
1.58:  82.7,18.5,270
1.6:  82.7,18.5,270
1.61:  82.7,18.5,270
1.63:  82.7,18.5,270
1.65:  82.7,18.5,270
1.66:  82.7,18.5,270
1.68:  82.7,18.5,270
1.7:  82.7,18.5,270
1.71:  82.7,18.5,270
1.73:  82.7,18.5,270
1.75:  82.7,18.5,270
1.76:  82.7,18.5,270
1.78:  82.7,18.5,270
1.8:  82.7,18.5,270
1.81:  82.7,18.5,270
1.83:  82.7,18.5,270
1.85:  82.7,18.5,270
1.86:  82.7,18.5,270
1.88:  82.7,18.5,270
1.9:  82.7,18.5,270
1.91:  82.7,18.5,270
1.93:  82.7,18.5,270
1.95:  82.7,18.5,270
1.96:  82.7,18.5,270
1.98:  82.7,18.5,270
2:  82.7,18.5,270
2.01:  82.7,18.5,270
2.03:  82.7,18.5,270
2.05:  82.7,18.5,270
2.06:  82.7,18.5,270
2.08:  82.7,18.5,270
2.1:  82.7,18.5,270
2.11:  82.7,18.5,270
2.13:  82.7,18.5,270
2.15:  82.7,18.5,270
2.16:  82.7,18.5,270
2.18:  82.7,18.5,270
2.2:  82.7,18.5,270
2.21:  82.7,18.5,270
2.23:  82.7,18.5,270
2.25:  82.7,18.5,270
2.26:  82.7,18.5,270
2.28:  82.7,18.5,270
2.3:  82.7,18.5,270
2.31:  82.7,18.5,270
2.33:  82.7,18.5,270
2.35:  82.7,18.5,270
2.36:  82.7,18.5,270
2.38:  82.7,18.5,270
2.4:  82.7,18.5,270
2.41:  82.7,18.5,270
2.43:  82.7,18.5,270
2.45:  82.7,18.5,270
2.46:  82.7,18.5,270
2.48:  82.7,18.5,270
2.5:  82.7,18.5,270
2.51:  82.7,18.5,270
2.53:  82.7,18.5,270
2.55:  82.7,18.5,270
2.56:  82.7,18.5,270
2.58:  82.7,18.5,270
2.6:  82.7,18.5,270
2.61:  82.7,18.5,270
2.63:  82.7,18.5,270
2.65:  82.7,18.5,270
2.66:  82.7,18.5,270
2.68:  82.7,18.5,270
2.7:  82.7,18.5,270
2.71:  82.7,18.5,270
2.73:  82.7,18.5,270
2.75:  82.7,18.5,270
2.76:  82.7,18.5,270
2.78:  82.7,18.5,270
2.8:  82.7,18.5,270
2.81:  82.7,18.5,270
2.83:  82.7,18.5,270
2.85:  82.7,18.5,270
2.86:  82.7,18.5,270
2.88:  82.7,18.5,270
2.9:  82.7,18.5,270
2.91:  82.7,18.5,270
2.93:  82.7,18.5,270
2.95:  82.7,18.5,270
2.96:  82.7,18.5,270
2.98:  82.7,18.5,270
3:  82.7,18.5,270
3.01:  82.7,18.5,270
3.03:  82.7,18.5,270
3.05:  82.7,18.5,270
3.06:  82.7,18.5,270
3.08:  82.7,18.5,270
3.1:  82.7,18.5,270
3.11:  82.7,18.5,270
3.13:  82.7,18.5,270
3.15:  82.7,18.5,270
3.16:  82.7,18.5,270
3.18:  82.7,18.5,270
3.2:  82.7,18.5,270
3.21:  82.7,18.5,270
3.23:  82.7,18.5,270
3.25:  82.7,18.5,270
3.26:  82.7,18.5,270
3.28:  82.7,18.5,270
3.3:  82.7,18.5,270
3.31:  82.7,18.5,270
3.33:  82.7,18.5,270
3.35:  82.7,18.5,270
3.36:  82.7,18.5,270
3.38:  82.7,18.5,270
3.4:  82.7,18.5,270
3.41:  82.7,18.5,270
3.43:  82.7,18.5,270
3.45:  82.7,18.5,270
3.46:  82.7,18.5,270
3.48:  82.7,18.5,270
3.5:  82.7,18.5,270
3.51:  82.7,18.5,270
3.53:  82.7,18.5,270
3.55:  82.7,18.5,270
3.56:  82.7,18.5,270
3.58:  82.7,18.5,270
3.6:  82.7,18.5,270
3.61:  82.7,18.5,270
3.63:  82.7,18.5,270
3.65:  82.7,18.5,270
3.66:  82.7,18.5,270
3.68:  82.7,18.5,270
3.7:  82.7,18.5,270
3.71:  82.7,18.5,270
3.73:  82.7,18.5,270
3.75:  82.7,18.5,270
3.76:  82.7,18.5,270
3.78:  82.7,18.5,270
3.8:  82.7,18.5,270
3.81:  82.7,18.5,270
3.83:  82.7,18.5,270
3.85:  82.7,18.5,270
3.86:  82.7,18.5,270
3.88:  82.7,18.5,270
3.9:  82.7,18.5,270
3.91:  82.7,18.5,270
3.93:  82.7,18.5,270
3.95:  82.7,18.5,270
3.96:  82.7,18.5,270
3.98:  82.7,18.5,270
4:  82.7,18.5,270
4.01:  82.7,18.5,270
4.03:  82.7,18.5,270
4.05:  82.7,18.5,270
4.06:  82.7,18.5,270
4.08:  82.7,18.5,270
4.1:  82.7,18.5,270
4.11:  82.7,18.5,270
4.13:  82.7,18.5,270
4.15:  82.7,18.5,270
4.16:  82.7,18.5,270
4.18:  82.7,18.5,270
4.2:  82.7,18.5,270
4.21:  82.7,18.5,270
4.23:  82.7,18.5,270
4.25:  82.7,18.5,270
4.26:  82.7,18.5,270
4.28:  82.7,18.5,270
4.3:  82.7,18.5,270
4.31:  82.7,18.5,270
4.33:  82.7,18.5,270
4.35:  82.7,18.5,270
4.36:  82.7,18.5,270
4.38:  82.7,18.5,270
4.4:  82.7,18.5,270
4.41:  82.7,18.5,270
4.43:  82.7,18.5,270
4.45:  82.7,18.5,270
4.46:  82.7,18.5,270
4.48:  82.7,18.5,270
4.5:  82.7,18.5,270
4.51:  82.7,18.5,270
4.53:  82.7,18.5,270
4.55:  82.7,18.5,270
4.56:  82.7,18.5,270
4.58:  82.7,18.5,270
4.6:  82.7,18.5,270
4.61:  82.7,18.5,270
4.63:  82.7,18.5,270
4.65:  82.7,18.5,270
4.66:  82.7,18.5,270
4.68:  82.7,18.5,270
4.7:  82.7,18.5,270
4.71:  82.7,18.5,270
4.73:  82.7,18.5,270
4.75:  82.7,18.5,270
4.76:  82.7,18.5,270
4.78:  82.7,18.5,270
4.8:  82.7,18.5,270
4.81:  82.7,18.5,270
4.83:  82.7,18.5,270
4.85:  82.7,18.5,270
4.86:  82.7,18.5,270
4.88:  82.7,18.5,270
4.9:  82.7,18.5,270
4.91:  82.7,18.5,270
4.93:  82.7,18.5,270
4.95:  82.7,18.5,270
4.96:  82.7,18.5,270
4.98:  82.7,18.5,270
5:  82.7,18.5,270
5.01:  82.7,18.5,270
5.03:  82.7,18.5,270
5.05:  82.7,18.5,270
5.06:  82.7,18.5,270
5.08:  82.7,18.5,270
5.1:  82.7,18.5,270
5.11:  82.7,18.5,270
5.13:  82.7,18.5,270
5.15:  82.7,18.5,270
5.18:  82.7,18.5,270
5.2:  82.7,18.5,270
5.21:  82.7,18.5,270
5.23:  82.7,18.5,270
5.25:  82.7,18.5,270
5.26:  82.7,18.5,270
5.28:  82.7,18.5,270
5.3:  82.7,18.5,270
5.31:  82.7,18.5,270
5.33:  82.7,18.5,270
5.35:  82.7,18.5,270
5.36:  82.7,18.5,270
5.38:  82.7,18.5,270
5.4:  82.7,18.5,270
5.41:  82.7,18.5,270
5.43:  82.7,18.5,270
5.45:  82.7,18.5,270
5.46:  82.7,18.5,270
5.48:  82.7,18.5,270
5.5:  82.7,18.5,270
5.51:  82.7,18.5,270
5.53:  82.7,18.5,270
5.55:  82.7,18.5,270
5.56:  82.7,18.5,270
5.58:  82.7,18.5,270
5.6:  82.7,18.5,270
5.61:  82.7,18.5,270
5.63:  82.7,18.5,270
5.65:  82.7,18.5,270
5.66:  82.7,18.5,270
5.68:  82.7,18.5,270
5.7:  82.7,18.5,270
5.71:  82.7,18.5,270
5.73:  82.7,18.5,270
5.75:  82.7,18.5,270
5.76:  82.7,18.5,270
5.78:  82.7,18.5,270
5.8:  82.7,18.5,270
5.81:  82.7,18.5,270
5.83:  82.7,18.5,270
5.85:  82.7,18.5,270
5.86:  82.7,18.5,270
5.88:  82.7,18.5,270
5.9:  82.7,18.5,270
5.91:  82.7,18.5,270
5.93:  82.7,18.5,270
5.95:  82.7,18.5,270
5.96:  82.7,18.5,270
5.98:  82.7,18.5,270
6:  82.7,18.5,270
6.01:  82.7,18.5,270
6.03:  82.7,18.5,270
6.05:  82.7,18.5,270
6.06:  82.7,18.5,270
6.08:  82.7,18.5,270
6.1:  82.7,18.5,270
6.11:  82.7,18.5,270
6.13:  82.7,18.5,270
6.15:  82.7,18.5,270
6.16:  82.7,18.5,270
6.18:  82.7,18.5,270
6.2:  82.7,18.5,270
6.21:  82.7,18.5,270
6.23:  82.7,18.5,270
6.25:  82.7,18.5,270
6.26:  82.7,18.5,270
6.28:  82.7,18.5,270
6.3:  82.7,18.5,270
6.31:  82.7,18.5,270
6.33:  82.7,18.5,270
6.35:  82.7,18.5,270
6.36:  82.7,18.5,270
6.38:  82.7,18.5,270
6.4:  82.7,18.5,270
6.41:  82.7,18.5,270
6.43:  82.7,18.5,270
6.45:  82.7,18.5,270
6.46:  82.7,18.5,270
6.48:  82.7,18.5,270
6.5:  82.7,18.5,270
6.51:  82.7,18.5,270
6.53:  82.7,18.5,270
6.55:  82.7,18.5,270
6.56:  82.7,18.5,270
6.58:  82.7,18.5,270
6.6:  82.7,18.5,270
6.61:  82.7,18.5,270
6.63:  82.7,18.5,270
6.65:  82.7,18.5,270
6.66:  82.7,18.5,270
6.68:  82.7,18.5,270
6.7:  82.7,18.5,270
6.71:  82.7,18.5,270
6.73:  82.7,18.5,270
6.75:  82.7,18.5,270
6.76:  82.7,18.5,270
6.78:  82.7,18.5,270
6.8:  82.7,18.5,270
6.81:  82.7,18.5,270
6.83:  82.7,18.5,270
6.85:  82.7,18.5,270
6.86:  82.7,18.5,270
6.88:  82.7,18.5,270
6.9:  82.7,18.5,270
6.91:  82.7,18.5,270
6.93:  82.7,18.5,270
6.95:  82.7,18.5,270
6.96:  82.7,18.5,270
6.98:  82.7,18.5,270
7:  82.7,18.5,270
7.01:  82.7,18.5,270
7.03:  82.7,18.5,270
7.05:  82.7,18.5,270
7.06:  82.7,18.5,270
7.08:  82.7,18.5,270
7.1:  82.7,18.5,270
7.11:  82.7,18.5,270
7.13:  82.7,18.5,270
7.15:  82.7,18.5,270
7.16:  82.7,18.5,270
7.18:  82.7,18.5,270
7.2:  82.7,18.5,270
7.21:  82.7,18.5,270
7.23:  82.7,18.5,270
7.25:  82.7,18.5,270
7.26:  82.7,18.5,270
7.28:  82.7,18.5,270
7.3:  82.7,18.5,270
7.31:  82.7,18.5,270
7.33:  82.7,18.5,270
7.35:  82.7,18.5,270
7.36:  82.7,18.5,270
7.38:  82.7,18.5,270
7.4:  82.7,18.5,270
7.41:  82.7,18.5,270
7.43:  82.7,18.5,270
7.45:  82.7,18.5,270
7.46:  82.7,18.5,270
7.48:  82.7,18.5,270
7.5:  82.7,18.5,270
7.51:  82.7,18.5,270
7.53:  82.7,18.5,270
7.55:  82.7,18.5,270
7.56:  82.7,18.5,270
7.58:  82.7,18.5,270
7.6:  82.7,18.5,270
7.61:  82.7,18.5,270
7.63:  82.7,18.5,270
7.65:  82.7,18.5,270
7.66:  82.7,18.5,270
7.68:  82.7,18.5,270
7.7:  82.7,18.5,270
7.71:  82.7,18.5,270
7.73:  82.7,18.5,270
7.75:  82.7,18.5,270
7.76:  82.7,18.5,270
7.78:  82.7,18.5,270
7.8:  82.7,18.5,270
7.81:  82.7,18.5,270
7.83:  82.7,18.5,270
7.85:  82.7,18.5,270
7.86:  82.7,18.5,270
7.88:  82.7,18.5,270
7.9:  82.7,18.5,270
7.91:  82.7,18.5,270
7.93:  82.7,18.5,270
7.95:  82.7,18.5,270
7.96:  82.7,18.5,270
7.98:  82.7,18.5,270
8:  82.7,18.5,270
8.01:  82.7,18.5,270
8.03:  82.7,18.5,270
8.05:  82.7,18.5,270
8.06:  82.7,18.5,270
8.08:  82.7,18.5,270
8.1:  82.7,18.5,270
8.11:  82.7,18.5,270
8.13:  82.7,18.5,270
8.15:  82.7,18.5,270
8.16:  82.7,18.5,270
8.18:  82.7,18.5,270
8.2:  82.7,18.5,270
8.21:  82.7,18.5,270
8.23:  82.7,18.5,270
8.25:  82.7,18.5,270
8.26:  82.7,18.5,270
8.28:  82.7,18.5,270
8.3:  82.7,18.5,270
8.31:  82.7,18.5,270
8.33:  82.7,18.5,270
8.35:  82.7,18.5,270
8.36:  82.7,18.5,270
8.38:  82.7,18.5,270
8.4:  82.7,18.5,270
8.41:  82.7,18.5,270
8.43:  82.7,18.5,270
8.45:  82.7,18.5,270
8.46:  82.7,18.5,270
8.48:  82.7,18.5,270
8.5:  82.7,18.5,270
8.51:  82.7,18.5,270
8.53:  82.7,18.5,270
8.55:  82.7,18.5,270
8.56:  82.7,18.5,270
8.58:  82.7,18.5,270
8.6:  82.7,18.5,270
8.61:  82.7,18.5,270
8.63:  82.7,18.5,270
8.65:  82.7,18.5,270
8.66:  82.7,18.5,270
8.68:  82.7,18.5,270
8.7:  82.7,18.5,270
8.71:  82.7,18.5,270
8.73:  82.7,18.5,270
8.75:  82.7,18.5,270
8.76:  82.7,18.5,270
8.78:  82.7,18.5,270
8.8:  82.7,18.5,270
8.81:  82.7,18.5,270
8.83:  82.7,18.5,270
8.85:  82.7,18.5,270
8.86:  82.7,18.5,270
8.88:  82.7,18.5,270
8.9:  82.7,18.5,270
8.91:  82.7,18.5,270
8.93:  82.7,18.5,270
8.95:  82.7,18.5,270
8.96:  82.7,18.5,270
8.98:  82.7,18.5,270
9:  82.7,18.5,270
9.01:  82.7,18.5,270
9.03:  82.7,18.5,270
9.05:  82.7,18.5,270
9.06:  82.7,18.5,270
9.08:  82.7,18.5,270
9.1:  82.7,18.5,270
9.11:  82.7,18.5,270
9.13:  82.7,18.5,270
9.15:  82.7,18.5,270
9.16:  82.7,18.5,270
9.18:  82.7,18.5,270
9.2:  82.7,18.5,270
9.21:  82.7,18.5,270
9.23:  82.7,18.5,270
9.25:  82.7,18.5,270
9.26:  82.7,18.5,270
9.28:  82.7,18.5,270
9.3:  82.7,18.5,270
9.31:  82.7,18.5,270
9.33:  82.7,18.5,270
9.35:  82.7,18.5,270
9.36:  82.7,18.5,270
9.38:  82.7,18.5,270
9.4:  82.7,18.5,270
9.41:  82.7,18.5,270
9.43:  82.7,18.5,270
9.45:  82.7,18.5,270
9.46:  82.7,18.5,270
9.48:  82.7,18.5,270
9.5:  82.7,18.5,270
9.51:  82.7,18.5,270
9.53:  82.7,18.5,270
9.55:  82.7,18.5,270
9.56:  82.68651,18.5,270
9.58:  82.66258,18.5,270
9.6:  82.62529,18.5,270
9.61:  82.5752,18.5,270
9.63:  82.51329,18.5,270
9.65:  82.4375,18.5,270
9.66:  82.35101,18.5,270
9.68:  82.251,18.5,270
9.7:  82.13799,18.5,270
9.71:  82.01323,18.5,270
9.73:  81.87514,18.5,270
9.75:  81.72762,18.5,270
9.76:  81.58851,18.5,270
9.78:  81.46388,18.5,270
9.8:  81.35149,18.5,270
9.81:  81.25334,18.5,270
9.83:  81.16525,18.5,270
9.85:  81.09107,18.5,270
9.86:  81.02748,18.5,270
9.88:  80.97816,18.5,270
9.9:  80.94128,18.5,270
9.91:  80.91707,18.5,270
9.93:  80.90488,18.5,270
9.95:  80.90488,18.5,270
9.96:  80.90488,18.5,270
9.98:  80.90488,18.5,270
10:  80.90488,18.5,270
10.01:  80.90488,18.5,270
10.03:  80.89225,18.5,270
10.05:  80.86737,18.5,270
10.06:  80.82979,18.5,270
10.08:  80.77973,18.5,270
10.1:  80.7171,18.5,270
10.11:  80.64225,18.5,270
10.13:  80.5562,18.5,270
10.15:  80.45545,18.5,270
10.16:  80.36794,18.5,270
10.18:  80.29285,18.5,270
10.2:  80.23071,18.5,270
10.21:  80.18046,18.5,270
10.23:  80.14311,18.5,270
10.25:  80.11826,18.5,270
10.26:  80.1059,18.5,270
10.28:  80.1059,18.5,270
10.3:  80.09229,18.5,270
10.31:  80.06861,18.5,270
10.33:  80.03106,18.5,270
10.35:  79.98167,18.5,270
10.36:  79.9184,18.5,270
10.38:  79.84377,18.5,270
10.4:  79.75644,18.5,270
10.41:  79.65671,18.5,270
10.43:  79.54382,18.5,270
10.45:  79.41851,18.5,270
10.46:  79.28268,18.5,270
10.48:  79.13138,18.5,270
10.5:  78.9689,18.5,270
10.51:  78.79353,18.5,270
10.53:  78.60606,18.5,270
10.55:  78.40657,18.5,270
10.56:  78.19447,18.5,270
10.58:  77.96875,18.5,270
10.6:  77.73158,18.5,270
10.61:  77.48393,18.5,270
10.63:  77.23345,18.5,270
10.65:  76.98145,18.5,270
10.66:  76.73206,18.5,270
10.68:  76.4821,18.5,270
10.7:  76.23121,18.5,270
10.71:  75.98251,18.5,270
10.73:  75.73351,18.5,270
10.75:  75.48241,18.5,270
10.76:  75.23283,18.5,270
10.78:  74.98149,18.5,270
10.8:  74.73164,18.5,270
10.81:  74.48184,18.5,270
10.83:  74.23073,18.5,270
10.85:  73.98121,18.5,270
10.86:  73.73219,18.5,270
10.88:  73.48196,18.5,270
10.9:  73.23165,18.5,270
10.91:  72.9809,18.5,270
10.93:  72.73042,18.5,270
10.95:  72.48199,18.5,270
10.96:  72.23272,18.5,270
10.98:  71.98449,18.5,270
11:  71.72325,18.5,270
11.01:  71.48001,18.5,270
11.03:  71.23175,18.5,270
11.05:  70.98214,18.5,270
11.06:  70.73181,18.5,270
11.08:  70.48463,18.5,270
11.1:  70.23267,18.5,270
11.11:  69.97373,18.5,270
11.13:  69.72969,18.5,270
11.15:  69.48083,18.5,270
11.16:  69.23209,18.5,270
11.18:  68.9818,18.5,270
11.2:  68.7317,18.5,270
11.21:  68.48201,18.5,270
11.23:  68.2334,18.5,270
11.25:  67.98302,18.5,270
11.26:  67.72156,18.5,270
11.28:  67.48103,18.5,270
11.3:  67.23172,18.5,270
11.31:  66.98505,18.5,270
11.33:  66.73348,18.5,270
11.35:  66.47514,18.5,270
11.36:  66.22926,18.5,270
11.38:  65.9817,18.5,270
11.4:  65.73051,18.5,270
11.41:  65.4828,18.5,270
11.43:  65.23198,18.5,270
11.45:  64.98122,18.5,270
11.46:  64.73048,18.5,270
11.48:  64.48179,18.5,270
11.5:  64.23122,18.5,270
11.51:  63.98341,18.5,270
11.53:  63.73102,18.5,270
11.55:  63.48048,18.5,270
11.56:  63.23111,18.5,270
11.58:  62.9807,18.5,270
11.6:  62.73217,18.5,270
11.61:  62.4937,18.5,270
11.63:  62.27212,18.5,270
11.65:  62.05633,18.5,270
11.66:  61.85696,18.5,270
11.68:  61.66995,18.5,270
11.7:  61.49408,18.5,270
11.71:  61.33293,18.5,270
11.73:  61.18523,18.5,270
11.75:  61.04756,18.5,270
11.76:  60.92234,18.5,270
11.78:  60.80893,18.5,270
11.8:  60.70929,18.5,270
11.81:  60.62125,18.5,270
11.83:  60.54582,18.5,270
11.85:  60.48312,18.5,270
11.86:  60.43264,18.5,270
11.88:  60.39464,18.5,270
11.9:  60.36971,18.5,270
11.91:  60.35718,18.5,270
11.93:  60.35718,18.5,270
11.95:  60.35718,18.5,270
11.96:  60.35718,18.5,270
11.98:  60.35718,18.5,270
12:  60.35718,18.5,270
12.01:  60.35718,18.5,270
12.03:  60.35718,18.5,270
12.05:  60.35718,18.5,270
12.06:  60.35718,18.5,270
12.08:  60.35718,18.5,270
12.1:  60.35718,18.5,270
12.11:  60.35718,18.5,270
12.13:  60.35718,18.5,270
12.15:  60.35718,18.5,270
12.16:  60.35718,18.5,270
12.18:  60.35718,18.5,270
12.2:  60.35718,18.5,270
12.21:  60.34452,18.5,270
12.23:  60.31929,18.5,270
12.25:  60.28161,18.5,270
12.26:  60.23028,18.5,270
12.28:  60.16911,18.5,270
12.3:  60.09137,18.5,270
12.31:  60.00508,18.5,270
12.33:  59.90436,18.5,270
12.35:  59.79333,18.5,270
12.36:  59.6693,18.5,270
12.38:  59.53077,18.5,270
12.4:  59.38048,18.5,270
12.41:  59.22058,18.5,270
12.43:  59.04262,18.5,270
12.45:  58.85429,18.5,270
12.46:  58.65655,18.5,270
12.48:  58.44132,18.5,270
12.5:  58.21537,18.5,270
12.51:  57.98073,18.5,270
12.53:  57.72803,18.5,270
12.55:  57.4794,18.5,270
12.56:  57.23003,18.5,270
12.58:  56.98011,18.5,270
12.6:  56.73007,18.5,270
12.61:  56.48154,18.5,270
12.63:  56.22884,18.5,270
12.65:  55.97913,18.5,270
12.66:  55.72969,18.5,270
12.68:  55.48237,18.5,270
12.7:  55.23,18.5,270
12.71:  54.98003,18.5,270
12.73:  54.72943,18.5,270
12.75:  54.47863,18.5,270
12.76:  54.22868,18.5,270
12.78:  53.97862,18.5,270
12.8:  53.72998,18.5,270
12.81:  53.4827,18.5,270
12.83:  53.22867,18.5,270
12.85:  52.98275,18.5,270
12.86:  52.72755,18.5,270
12.88:  52.47916,18.5,270
12.9:  52.22802,18.5,270
12.91:  51.98138,18.5,270
12.93:  51.72751,18.5,270
12.95:  51.47943,18.5,270
12.96:  51.22929,18.5,270
12.98:  50.98044,18.5,270
13:  50.73058,18.5,270
13.01:  50.48151,18.5,270
13.03:  50.23341,18.5,270
13.05:  49.97947,18.5,270
13.06:  49.72949,18.5,270
13.08:  49.47929,18.5,270
13.1:  49.23015,18.5,270
13.11:  48.97922,18.5,270
13.13:  48.72984,18.5,270
13.15:  48.47833,18.5,270
13.16:  48.22963,18.5,270
13.18:  47.98225,18.5,270
13.2:  47.72963,18.5,270
13.21:  47.47994,18.5,270
13.23:  47.23264,18.5,270
13.25:  46.9833,18.5,270
13.27:  46.72271,18.5,270
13.28:  46.47216,18.5,270
13.3:  46.22663,18.5,270
13.31:  45.98196,18.5,270
13.33:  45.72925,18.5,270
13.35:  45.4801,18.5,270
13.36:  45.22871,18.5,270
13.38:  44.98071,18.5,270
13.4:  44.73032,18.5,270
13.41:  44.48388,18.5,270
13.43:  44.23107,18.5,270
13.45:  43.97763,18.5,270
13.46:  43.70892,18.5,270
13.48:  43.4791,18.5,270
13.5:  43.23047,18.5,270
13.51:  42.97799,18.5,270
13.53:  42.73235,18.5,270
13.55:  42.46874,18.49999,270
13.57:  42.22738,18.49999,270
13.58:  41.97242,18.49999,270
13.6:  41.72675,18.49999,270
13.61:  41.47977,18.49999,270
13.63:  41.22901,18.49999,270
13.65:  40.98175,18.49999,270
13.66:  40.72204,18.49999,270
13.68:  40.47867,18.49999,270
13.7:  40.23206,18.49999,270
13.71:  39.98098,18.49999,270
13.73:  39.72968,18.49999,270
13.75:  39.47956,18.49999,270
13.76:  39.23038,18.49999,270
13.78:  38.98101,18.49999,270
13.8:  38.73057,18.49999,270
13.81:  38.48416,18.49999,270
13.83:  38.22799,18.49999,270
13.85:  37.97895,18.49999,270
13.86:  37.72897,18.49999,270
13.88:  37.47847,18.49999,270
13.9:  37.23196,18.49999,270
13.91:  36.96993,18.49999,270
13.93:  36.72301,18.49999,270
13.95:  36.47994,18.49999,270
13.96:  36.23156,18.49999,270
13.98:  35.98012,18.49999,270
14:  35.72966,18.49999,270
14.02:  35.4794,18.49999,270
14.03:  35.22146,18.49999,270
14.05:  34.97395,18.49999,270
14.06:  34.73137,18.49999,270
14.08:  34.47811,18.49999,270
14.1:  34.2294,18.49999,270
14.11:  33.98019,18.49999,270
14.13:  33.72851,18.49999,270
14.15:  33.47842,18.49999,270
14.16:  33.23038,18.49999,270
14.18:  32.98133,18.49999,270
14.2:  32.73048,18.49999,270
14.21:  32.48202,18.49999,270
14.23:  32.23029,18.49999,270
14.25:  31.97911,18.49999,270
14.26:  31.72933,18.49999,270
14.28:  31.47778,18.49999,270
14.3:  31.23005,18.49999,270
14.31:  30.98211,18.49999,270
14.33:  30.72972,18.49999,270
14.35:  30.47973,18.49999,270
14.36:  30.22898,18.49999,270
14.38:  29.97999,18.49999,270
14.4:  29.73001,18.49999,270
14.41:  29.48134,18.49999,270
14.43:  29.23057,18.49999,270
14.45:  28.98006,18.49999,270
14.46:  28.73025,18.49999,270
14.48:  28.47993,18.49999,270
14.5:  28.22807,18.49999,270
14.51:  27.9821,18.49999,270
14.53:  27.73018,18.49999,270
14.55:  27.47949,18.49999,270
14.56:  27.22978,18.49999,270
14.58:  26.97964,18.49999,270
14.6:  26.72777,18.49999,270
14.61:  26.47812,18.49999,270
14.63:  26.22873,18.49999,270
14.65:  25.97195,18.49999,270
14.66:  25.72995,18.49999,270
14.68:  25.47871,18.49999,270
14.7:  25.22812,18.49999,270
14.71:  24.98092,18.49999,270
14.73:  24.7304,18.49999,270
14.75:  24.47846,18.49999,270
14.76:  24.23032,18.49999,270
14.78:  23.97946,18.49999,270
14.8:  23.7294,18.49999,270
14.81:  23.4819,18.49999,270
14.83:  23.2294,18.49999,270
14.85:  22.97992,18.49999,270
14.86:  22.72145,18.49999,270
14.88:  22.47336,18.49999,270
14.9:  22.21095,18.49999,270
14.91:  21.97406,18.49999,270
14.93:  21.72944,18.49999,270
14.95:  21.4793,18.49999,270
14.96:  21.23042,18.49999,270
14.98:  20.97921,18.49999,270
15:  20.72781,18.49999,270
15.02:  20.47888,18.49999,270
15.03:  20.22182,18.49999,270
15.05:  19.97689,18.49999,270
15.06:  19.72255,18.49999,270
15.08:  19.48005,18.49999,270
15.1:  19.2316,18.49999,270
15.11:  18.97158,18.49999,270
15.13:  18.72584,18.49999,270
15.15:  18.47887,18.49999,270
15.16:  18.23209,18.49999,270
15.18:  17.97829,18.49999,270
15.2:  17.72905,18.49999,270
15.21:  17.47871,18.49999,270
15.23:  17.22892,18.49999,270
15.25:  16.97745,18.49999,270
15.26:  16.72959,18.49999,270
15.28:  16.49092,18.49999,270
15.3:  16.26795,18.49999,270
15.31:  16.05634,18.49999,270
15.33:  15.85496,18.49999,270
15.35:  15.667,18.49999,270
15.36:  15.49233,18.49999,270
15.38:  15.33131,18.49999,270
15.4:  15.1793,18.49999,270
15.41:  15.04162,18.49999,270
15.43:  14.91699,18.49999,270
15.45:  14.80422,18.49999,270
15.46:  14.70443,18.49999,270
15.48:  14.61683,18.49999,270
15.5:  14.54188,18.49999,270
15.51:  14.47956,18.49999,270
15.53:  14.43011,18.49999,270
15.55:  14.39214,18.49999,270
15.56:  14.36712,18.49999,270
15.58:  14.35459,18.49999,270
15.6:  14.35459,18.49999,270
15.61:  14.35459,18.49999,270
15.63:  14.35459,18.49999,270
15.65:  14.35459,18.49999,270
15.66:  14.35459,18.49999,270
15.68:  14.35459,18.49999,270
15.7:  14.35459,18.49999,270
15.71:  14.35459,18.49999,270
15.73:  14.35459,18.49999,270
15.75:  14.35459,18.49999,270
15.76:  14.35459,18.49999,270
15.78:  14.35459,18.49999,270
15.8:  14.35459,18.49999,270
15.81:  14.35459,18.49999,270
15.83:  14.35459,18.49999,270
15.85:  14.35459,18.49999,270
15.86:  14.35459,18.49999,270
15.88:  14.35459,18.49999,270
15.9:  14.35459,18.49999,270
15.91:  14.35459,18.49999,270
15.93:  14.35459,18.49999,270
15.95:  14.35459,18.49999,270
15.96:  14.35459,18.49999,270
15.98:  14.35459,18.49999,270
16:  14.35459,18.49999,270
16.01:  14.35459,18.49999,268.5
16.03:  14.35459,18.49999,267
16.05:  14.35459,18.49999,265.5
16.06:  14.35459,18.49999,264
16.08:  14.35459,18.49999,262.5
16.1:  14.35459,18.49999,261
16.11:  14.35459,18.49999,259.5
16.13:  14.35459,18.49999,258
16.15:  14.35459,18.49999,256.5
16.16:  14.35459,18.49999,255
16.18:  14.35459,18.49999,253.5
16.2:  14.35459,18.49999,252
16.21:  14.35459,18.49999,250.5
16.23:  14.35459,18.49999,249
16.25:  14.35459,18.49999,247.5
16.26:  14.35459,18.49999,246
16.28:  14.35459,18.49999,244.5
16.3:  14.35459,18.49999,243
16.31:  14.35459,18.49999,241.5
16.33:  14.35459,18.49999,240
16.35:  14.35459,18.49999,238.5
16.36:  14.35459,18.49999,237
16.38:  14.35459,18.49999,235.5
16.4:  14.35459,18.49999,234
16.41:  14.35459,18.49999,232.5
16.43:  14.35459,18.49999,231
16.45:  14.35459,18.49999,229.5
16.46:  14.35459,18.49999,228
16.48:  14.35459,18.49999,226.5
16.5:  14.35459,18.49999,225
16.52:  14.35459,18.49999,223.5
16.53:  14.35459,18.49999,222
16.55:  14.35459,18.49999,220.5
16.56:  14.35459,18.49999,219
16.58:  14.35459,18.49999,217.5
16.6:  14.35459,18.49999,216
16.61:  14.35459,18.49999,214.5
16.63:  14.35459,18.49999,213
16.65:  14.35459,18.49999,211.6534
16.66:  14.35459,18.49999,210.4545
16.68:  14.35459,18.49999,209.4065
16.7:  14.35459,18.49999,208.5085
16.71:  14.35459,18.49999,207.7594
16.73:  14.35459,18.49999,207.1611
16.75:  14.35459,18.49999,206.7125
16.76:  14.35459,18.49999,206.4138
16.78:  14.35459,18.49999,206.2657
16.8:  14.35459,18.49999,206.2657
16.81:  14.35459,18.49999,206.2657
16.83:  14.35459,18.49999,206.2657
16.85:  14.35459,18.49999,206.2657
16.86:  14.35459,18.49999,206.2657
16.88:  14.35459,18.49999,206.2657
16.9:  14.35459,18.49999,206.2657
16.91:  14.35459,18.49999,206.2657
16.93:  14.35459,18.49999,206.2657
16.95:  14.35459,18.49999,206.2657
16.96:  14.35459,18.49999,206.2657
16.98:  14.35459,18.49999,206.2657
17:  14.35459,18.49999,206.2657
17.02:  14.35459,18.49999,206.2657
17.03:  14.35459,18.49999,206.2657
17.05:  14.35459,18.49999,206.2657
17.06:  14.35459,18.49999,206.2657
17.08:  14.35459,18.49999,206.2657
17.1:  14.35459,18.49999,206.2657
17.11:  14.35459,18.49999,206.2657
17.13:  14.35459,18.49999,206.2657
17.15:  14.35459,18.49999,206.2657
17.16:  14.35459,18.49999,206.2657
17.18:  14.35459,18.49999,206.2657
17.2:  14.35459,18.49999,206.2657
17.21:  14.35459,18.49999,206.2657
17.23:  14.35459,18.49999,206.2657
17.25:  14.35459,18.49999,206.2657
17.26:  14.35459,18.49999,206.2657
17.28:  14.35459,18.49999,206.2657
17.3:  14.35459,18.49999,206.2657
17.31:  14.35459,18.49999,206.2657
17.33:  14.35459,18.49999,206.2657
17.35:  14.35459,18.49999,206.2657
17.36:  14.35459,18.49999,206.2657
17.38:  14.35459,18.49999,206.2657
17.4:  14.35459,18.49999,206.2657
17.41:  14.35459,18.49999,206.2657
17.43:  14.35459,18.49999,206.2657
17.45:  14.35459,18.49999,206.2657
17.46:  14.35459,18.49999,206.2657
17.48:  14.35459,18.49999,206.2657
17.5:  14.35459,18.49999,206.2657
17.51:  14.35459,18.49999,206.2657
17.53:  14.35459,18.49999,206.2657
17.55:  14.34897,18.4886,206.2657
17.56:  14.33793,18.46624,206.2657
17.58:  14.32127,18.43246,206.2657
17.6:  14.29924,18.38784,206.2657
17.61:  14.27161,18.33185,206.2657
17.63:  14.23821,18.26417,206.2657
17.65:  14.19962,18.18595,206.2657
17.66:  14.15542,18.09638,206.2657
17.68:  14.10555,17.99534,206.2657
17.7:  14.05013,17.88303,206.2657
17.71:  13.9872,17.75552,206.2657
17.73:  13.92301,17.62543,206.2657
17.75:  13.85072,17.47895,206.2657
17.76:  13.77492,17.32535,206.2657
17.78:  13.69075,17.15477,206.2657
17.8:  13.60186,16.97467,206.2657
17.81:  13.50836,16.78518,206.2657
17.83:  13.40818,16.58218,206.2657
17.85:  13.30346,16.36997,206.2657
17.86:  13.1933,16.14676,206.2657
17.88:  13.08161,15.92041,206.2657
17.9:  12.9713,15.69688,206.2657
17.91:  12.86155,15.47448,206.2657
17.93:  12.75055,15.24956,206.2657
17.95:  12.63937,15.02427,206.2657
17.96:  12.52875,14.80011,206.2657
17.98:  12.41893,14.57757,206.2657
18:  12.30927,14.35534,206.2657
18.01:  12.19811,14.1301,206.2657
18.03:  12.08689,13.90471,206.2657
18.05:  11.9757,13.67939,206.2657
18.06:  11.86445,13.45397,206.2657
18.08:  11.75434,13.23085,206.2657
18.1:  11.64313,13.00548,206.2657
18.11:  11.53375,12.78384,206.2657
18.13:  11.42196,12.55729,206.2657
18.15:  11.31186,12.33419,206.2657
18.16:  11.20062,12.10878,206.2657
18.18:  11.09045,11.88553,206.2657
18.2:  10.94867,11.82262,206.2657
18.21:  10.80487,11.78967,206.2657
18.23:  10.64785,11.74273,206.2657
18.25:  10.47989,11.67964,206.2657
18.26:  10.30835,11.59989,206.2657
18.28:  10.13116,11.50033,206.2657
18.3:  9.955262,11.38075,206.2657
18.31:  9.782904,11.24024,206.2657
18.33:  9.614655,11.07554,206.2657
18.35:  9.459367,10.89002,206.2657
18.36:  9.323072,10.68925,206.2657
18.38:  9.204466,10.46736,206.2657
18.4:  9.094424,10.24438,206.2657
18.41:  8.984134,10.02088,206.2657
18.43:  8.872873,9.795426,206.2657
18.45:  8.762836,9.572444,206.2657
18.46:  8.651999,9.347847,206.2657
18.48:  8.541366,9.123657,206.2657
18.5:  8.430602,8.899206,206.2657
18.51:  8.319927,8.674934,206.2657
18.53:  8.209272,8.450704,206.2657
18.55:  8.098752,8.226745,206.2657
18.56:  7.98838,8.003086,206.2657
18.58:  7.877182,7.777754,206.2657
18.6:  7.76638,7.553226,206.2657
18.61:  7.661838,7.34138,206.2657
18.63:  7.56207,7.139212,206.2657
18.65:  7.467798,6.948179,206.2657
18.66:  7.377007,6.7642,206.2657
18.68:  7.296212,6.600475,206.2657
18.7:  7.219171,6.444359,206.2657
18.71:  7.147247,6.298614,206.2657
18.73:  7.081429,6.165239,206.2657
18.75:  7.019723,6.040198,206.2657
18.76:  6.964476,5.928246,206.2657
18.78:  6.914734,5.827448,206.2657
18.8:  6.870293,5.737393,206.2657
18.81:  6.831791,5.659373,206.2657
18.83:  6.798585,5.592084,206.2657
18.85:  6.770619,5.535413,206.2657
18.86:  6.748627,5.490849,206.2657
18.88:  6.731994,5.457143,206.2657
18.9:  6.7209,5.434662,206.2657
18.91:  6.715368,5.423452,206.2657
18.93:  6.715368,5.423452,206.2657
18.95:  6.715368,5.423452,206.2657
18.96:  6.715368,5.423452,206.2657
18.98:  6.715368,5.423452,206.2657
19:  6.715368,5.423452,206.2657
19.01:  6.715368,5.423452,206.2657
19.03:  6.715368,5.423452,206.2657
19.05:  6.715368,5.423452,206.2657
19.06:  6.715368,5.423452,206.2657
19.08:  6.715368,5.423452,206.2657
19.1:  6.715368,5.423452,206.2657
19.11:  6.715368,5.423452,206.2657
19.13:  6.715368,5.423452,206.2657
19.15:  6.715368,5.423452,206.2657
19.16:  6.715368,5.423452,206.2657
19.18:  6.715368,5.423452,206.2657
19.2:  6.715368,5.423452,206.2657
19.21:  6.715368,5.423452,206.2657
19.23:  6.715368,5.423452,206.2657
19.25:  6.715368,5.423452,206.2657
19.26:  6.715368,5.423452,206.2657
19.28:  6.715368,5.423452,206.2657
19.3:  6.715368,5.423452,206.2657
19.31:  6.715368,5.423452,206.2657
19.33:  6.715368,5.423452,206.2657
19.35:  6.715368,5.423452,206.2657
19.36:  6.715368,5.423452,206.2657
19.38:  6.715368,5.423452,206.2657
19.4:  6.715368,5.423452,206.2657
19.41:  6.715368,5.423452,206.2657
19.43:  6.715368,5.423452,206.2657
19.45:  6.715368,5.423452,206.2657
19.46:  6.715368,5.423452,206.2657
19.48:  6.715368,5.423452,206.2657
19.5:  6.715368,5.423452,206.2657
19.51:  6.715368,5.423452,206.2657
19.53:  6.715368,5.423452,206.2657
19.55:  6.715368,5.423452,206.2657
19.56:  6.715368,5.423452,206.2657
19.58:  6.715368,5.423452,206.2657
19.6:  6.715368,5.423452,206.2657
19.61:  6.715368,5.423452,206.2657
19.63:  6.715368,5.423452,204.7657
19.65:  6.715368,5.423452,203.2657
19.66:  6.715368,5.423452,201.7657
19.68:  6.715368,5.423452,200.2657
19.7:  6.715368,5.423452,198.7657
19.72:  6.715368,5.423452,197.2657
19.73:  6.715368,5.423452,195.7657
19.75:  6.715368,5.423452,194.2657
19.76:  6.715368,5.423452,192.7657
19.78:  6.715368,5.423452,191.2657
19.8:  6.715368,5.423452,189.7657
19.81:  6.715368,5.423452,188.2657
19.83:  6.715368,5.423452,186.7657
19.85:  6.715368,5.423452,185.2657
19.86:  6.715368,5.423452,183.7657
19.88:  6.715368,5.423452,182.2657
19.9:  6.715368,5.423452,180.7657
19.91:  6.715368,5.423452,179.2657
19.93:  6.715368,5.423452,177.7657
19.95:  6.715368,5.423452,176.2657
19.96:  6.715368,5.423452,174.7657
19.98:  6.715368,5.423452,173.2657
20:  6.715368,5.423452,171.9162
20.01:  6.715368,5.423452,170.7144
20.03:  6.715368,5.423452,169.6624
20.05:  6.715368,5.423452,168.7621
20.06:  6.715368,5.423452,168.0111
20.08:  6.715368,5.423452,167.4117
20.1:  6.715368,5.423452,166.9617
20.11:  6.715368,5.423452,166.6649
20.13:  6.715368,5.423452,166.5174
20.15:  6.715368,5.423452,166.5174
20.16:  6.715368,5.423452,166.5174
20.18:  6.715368,5.423452,166.5174
20.2:  6.715368,5.423452,166.5174
20.21:  6.715368,5.423452,166.5174
20.23:  6.715368,5.423452,166.5174
20.25:  6.715368,5.423452,166.5174
20.26:  6.715368,5.423452,166.5174
20.28:  6.715368,5.423452,166.5174
20.3:  6.715368,5.423452,166.5174
20.31:  6.715368,5.423452,166.5174
20.33:  6.715368,5.423452,166.5174
20.35:  6.715368,5.423452,166.5174
20.36:  6.715368,5.423452,166.5174
20.38:  6.715368,5.423452,166.5174
20.4:  6.715368,5.423452,166.5174
20.41:  6.715368,5.423452,166.5174
20.43:  6.715368,5.423452,166.5174
20.45:  6.715368,5.423452,166.5174
20.46:  6.715368,5.423452,166.5174
20.48:  6.715368,5.423452,166.5174
20.5:  6.715368,5.423452,166.5174
20.51:  6.715368,5.423452,166.5174
20.53:  6.715368,5.423452,166.5174
20.55:  6.715368,5.423452,166.5174
20.56:  6.715368,5.423452,166.5174
20.58:  6.715368,5.423452,166.5174
20.6:  6.715368,5.423452,166.5174
20.61:  6.718277,5.411318,166.5174
20.63:  6.724129,5.386911,166.5174
20.65:  6.732779,5.350833,166.5174
20.66:  6.7444,5.302364,166.5174
20.68:  6.759109,5.241013,166.5174
20.7:  6.777278,5.165231,166.5174
20.71:  6.796814,5.083748,166.5174
20.73:  6.820497,4.984968,166.5174
20.75:  6.846705,4.875656,166.5174
20.76:  6.875721,4.754634,166.5174
20.78:  6.907977,4.620101,166.5174
20.8:  6.942942,4.474266,166.5174
20.81:  6.980381,4.31811,166.5174
20.83:  7.021927,4.144827,166.5174
20.85:  7.065215,3.964275,166.5174
20.86:  7.112196,3.768324,166.5174
20.88:  7.161503,3.562668,166.5174
20.9:  7.214219,3.342797,166.5174
20.91:  7.268753,3.115341,166.5174
20.93:  7.326816,2.873167,166.5174
20.95:  7.386088,2.625947,166.5174
20.96:  7.443815,2.385175,166.5174
20.98:  7.502789,2.139199,166.5174
21:  7.561028,1.896294,166.5174
21.01:  7.618743,1.655568,166.5174
21.03:  7.677641,1.40991,166.5174
21.05:  7.735799,1.167341,166.5174
21.06:  7.793214,0.9278666,166.5174
21.08:  7.851596,0.6843635,166.5174
21.1:  7.910448,0.438897,166.5174
21.11:  7.970815,0.1871131,166.5174
21.13:  8.027142,-0.04782039,166.5174
21.15:  8.085747,-0.2922541,166.5174
21.16:  8.143058,-0.5312923,166.5174
21.18:  8.201166,-0.7736562,166.5174
21.2:  8.260451,-1.02093,166.5174
21.21:  8.31845,-1.262834,166.5174
21.23:  8.377184,-1.507808,166.5174
21.25:  8.435801,-1.752294,166.5174
21.26:  8.492704,-1.989631,166.5174
21.28:  8.551837,-2.236268,166.5174
21.3:  8.610172,-2.479578,166.5174
21.31:  8.66742,-2.718355,166.5174
21.33:  8.726659,-2.965434,166.5174
21.35:  8.784027,-3.204708,166.5174
21.36:  8.842481,-3.448514,166.5174
21.38:  8.901412,-3.694308,166.5174
21.4:  8.902573,-3.939086,166.5174
21.41:  8.902573,-4.177186,166.5174
21.43:  8.902573,-4.420953,166.5174
21.45:  8.902573,-4.678347,166.5174
21.46:  8.902573,-4.907313,166.5174
21.48:  8.902573,-5.15378,166.5174
21.5:  8.902573,-5.397113,166.5174
21.51:  8.902573,-5.63675,166.5174
21.53:  8.902573,-5.881117,166.5174
21.55:  8.902573,-6.134469,166.5174
21.56:  8.902573,-6.367713,166.5174
21.58:  8.902573,-6.611623,166.5174
21.6:  8.902573,-6.861496,166.5174
21.61:  8.902573,-7.095987,166.5174
21.63:  8.902573,-7.33813,166.5174
21.65:  8.902573,-7.584816,166.5174
21.66:  8.902573,-7.825188,166.5174
21.68:  8.902573,-8.072293,166.5174
21.7:  8.902573,-8.315184,166.5174
21.71:  8.902573,-8.554935,166.5174
21.73:  8.902573,-8.800399,166.5174
21.75:  8.902573,-9.042043,166.5174
21.76:  8.902573,-9.283705,166.5174
21.78:  8.902573,-9.528773,166.5174
21.8:  8.902573,-9.773036,166.5174
21.81:  8.902573,-10.01209,166.5174
21.83:  8.902573,-10.25922,166.5174
21.85:  8.902573,-10.50245,166.5174
21.86:  8.902573,-10.74416,166.5174
21.88:  8.919161,-10.99162,166.5174
21.9:  8.977262,-11.23395,166.5174
21.91:  9.035062,-11.47502,166.5174
21.93:  9.093999,-11.72085,166.5174
21.95:  9.152164,-11.96345,166.5174
21.96:  9.209838,-12.204,166.5174
21.98:  9.267883,-12.4461,166.5174
22:  9.325976,-12.6884,166.5174
22.01:  9.384504,-12.93251,166.5174
22.03:  9.44341,-13.1782,166.5174
22.05:  9.502186,-13.42335,166.5174
22.06:  9.559725,-13.66334,166.5174
22.08:  9.618783,-13.90966,166.5174
22.1:  9.676737,-14.15139,166.5174
22.11:  9.734968,-14.39426,166.5174
22.13:  9.793268,-14.63743,166.5174
22.15:  9.851684,-14.88107,166.5174
22.16:  9.909012,-15.12018,166.5174
22.18:  9.968178,-15.36695,166.5174
22.2:  10.02898,-15.62057,166.5174
22.21:  10.08559,-15.85667,166.5174
22.23:  10.14287,-16.09557,166.5174
22.25:  10.20115,-16.33867,166.5174
22.26:  10.25881,-16.57913,166.5174
22.28:  10.31679,-16.82099,166.5174
22.3:  10.37619,-17.06875,166.5174
22.31:  10.43407,-17.31016,166.5174
22.33:  10.49281,-17.55513,166.5174
22.35:  10.55108,-17.79819,166.5174
22.36:  10.6091,-18.04018,166.5174
22.38:  10.66768,-18.28452,166.5174
22.4:  10.72919,-18.54107,166.5174
22.41:  10.78429,-18.77086,166.5174
22.43:  10.84263,-19.01422,166.5174
22.45:  10.90006,-19.25375,166.5174
22.46:  10.95848,-19.49739,166.5174
22.48:  11.01691,-19.74109,166.5174
22.5:  11.07559,-19.98585,166.5174
22.51:  11.13319,-20.22611,166.5174
22.53:  11.19209,-20.47178,166.5174
22.55:  11.25048,-20.71528,166.5174
22.56:  11.30842,-20.95698,166.5174
22.58:  11.36713,-21.20182,166.5174
22.6:  11.42521,-21.4441,166.5174
22.61:  11.48265,-21.68366,166.5174
22.63:  11.54113,-21.92757,166.5174
22.65:  11.59665,-22.15916,166.5174
22.66:  11.64904,-22.37765,166.5174
22.68:  11.69881,-22.58525,166.5174
22.7:  11.74556,-22.78024,166.5174
22.71:  11.78854,-22.95949,166.5174
22.73:  11.82952,-23.13043,166.5174
22.75:  11.86801,-23.29095,166.5174
22.76:  11.90284,-23.43624,166.5174
22.78:  11.93475,-23.56934,166.5174
22.8:  11.96409,-23.69169,166.5174
22.81:  11.98992,-23.79942,166.5174
22.83:  12.01353,-23.89789,166.5174
22.85:  12.03421,-23.98417,166.5174
22.86:  12.05129,-24.05541,166.5174
22.88:  12.06581,-24.11596,166.5174
22.9:  12.07743,-24.16443,166.5174
22.91:  12.08611,-24.20065,166.5174
22.93:  12.09197,-24.22508,166.5174
22.95:  12.09486,-24.2371,166.5174
22.96:  12.09486,-24.2371,166.5174
22.98:  12.09486,-24.2371,166.5174
23:  12.09486,-24.2371,166.5174
23.01:  12.09486,-24.2371,166.5174
23.03:  12.09486,-24.2371,166.5174
23.05:  12.09486,-24.2371,166.5174
23.06:  12.09486,-24.2371,166.5174
23.08:  12.09486,-24.2371,166.5174
23.1:  12.09486,-24.2371,166.5174
23.11:  12.09486,-24.2371,166.5174
23.13:  12.09486,-24.2371,166.5174
23.15:  12.09486,-24.2371,166.5174
23.16:  12.09486,-24.2371,166.5174
23.18:  12.09486,-24.2371,166.5174
23.2:  12.09486,-24.2371,166.5174
23.21:  12.09486,-24.2371,166.5174
23.23:  12.09486,-24.2371,166.5174
23.25:  12.09486,-24.2371,166.5174
23.26:  12.09486,-24.2371,166.5174
23.28:  12.09486,-24.2371,166.5174
23.3:  12.09486,-24.2371,166.5174
23.31:  12.09486,-24.2371,166.5174
23.33:  12.09486,-24.2371,166.5174
23.35:  12.09486,-24.2371,166.5174
23.36:  12.09486,-24.2371,166.5174
23.38:  12.09486,-24.2371,166.5174
23.4:  12.09486,-24.2371,166.5174
23.41:  12.09486,-24.2371,166.5174
23.43:  12.09486,-24.2371,166.5174
23.45:  12.09486,-24.2371,168.0175
23.46:  12.09486,-24.2371,169.5175
23.48:  12.09486,-24.2371,171.0174
23.5:  12.09486,-24.2371,172.5175
23.51:  12.09486,-24.2371,174.0175
23.53:  12.09486,-24.2371,175.5175
23.55:  12.09486,-24.2371,177.0175
23.56:  12.09486,-24.2371,178.5174
23.58:  12.09486,-24.2371,180.0175
23.6:  12.09486,-24.2371,181.5174
23.61:  12.09486,-24.2371,183.0174
23.63:  12.09486,-24.2371,184.5175
23.65:  12.09486,-24.2371,185.8689
23.66:  12.09486,-24.2371,187.0716
23.68:  12.09486,-24.2371,188.1229
23.7:  12.09486,-24.2371,189.0236
23.71:  12.09486,-24.2371,189.7712
23.73:  12.09486,-24.2371,190.3699
23.75:  12.09486,-24.2371,190.8195
23.76:  12.09486,-24.2371,191.1211
23.78:  12.09486,-24.2371,191.2735
23.8:  12.09486,-24.2371,191.2735
23.81:  12.09486,-24.2371,191.2735
23.83:  12.09486,-24.2371,191.2735
23.85:  12.09486,-24.2371,191.2735
23.86:  12.09486,-24.2371,191.2735
23.88:  12.09486,-24.2371,191.2735
23.9:  12.09486,-24.2371,191.2735
23.91:  12.09486,-24.2371,191.2735
23.93:  12.09486,-24.2371,191.2735
23.95:  12.09486,-24.2371,191.2735
23.96:  12.09486,-24.2371,191.2735
23.98:  12.09486,-24.2371,191.2735
24:  12.09486,-24.2371,192.7735
24.01:  12.09486,-24.2371,194.2735
24.03:  12.09486,-24.2371,195.7735
24.05:  12.09486,-24.2371,197.2735
24.06:  12.09486,-24.2371,198.7735
24.08:  12.09486,-24.2371,200.2735
24.1:  12.09486,-24.2371,201.7735
24.11:  12.09486,-24.2371,203.2735
24.13:  12.09486,-24.2371,204.7735
24.15:  12.09486,-24.2371,206.2735
24.16:  12.09486,-24.2371,207.7735
24.18:  12.09486,-24.2371,209.2735
24.2:  12.09486,-24.2371,210.6227
24.21:  12.09486,-24.2371,211.8237
24.23:  12.09486,-24.2371,212.8727
24.25:  12.09486,-24.2371,213.7724
24.26:  12.09486,-24.2371,214.5223
24.28:  12.09486,-24.2371,215.1221
24.3:  12.09486,-24.2371,215.5703
24.31:  12.09486,-24.2371,215.8696
24.33:  12.09486,-24.2371,216.0192
24.35:  12.09486,-24.2371,216.0192
24.36:  12.09486,-24.2371,216.0192
24.38:  12.09486,-24.2371,216.0192
24.4:  12.09486,-24.2371,216.0192
24.41:  12.09486,-24.2371,216.0192
24.43:  12.09486,-24.2371,216.0192
24.45:  12.09486,-24.2371,216.0192
24.46:  12.09486,-24.2371,216.0192
24.48:  12.09486,-24.2371,216.0192
24.5:  12.09486,-24.2371,216.0192
24.51:  12.09486,-24.2371,216.0192
24.53:  12.09486,-24.2371,216.0192
24.55:  12.09486,-24.2371,216.0192
24.56:  12.09486,-24.2371,216.0192
24.58:  12.09486,-24.2371,216.0192
24.6:  12.09486,-24.2371,216.0192
24.61:  12.09486,-24.2371,216.0192
24.63:  12.09486,-24.2371,216.0192
24.65:  12.09486,-24.2371,216.0192
24.66:  12.09486,-24.2371,216.0192
24.68:  12.09486,-24.2371,216.0192
24.7:  12.09486,-24.2371,216.0192
24.71:  12.09486,-24.2371,216.0192
24.73:  12.09486,-24.2371,216.0192
24.75:  12.09486,-24.2371,216.0192
24.76:  12.09486,-24.2371,216.0192
24.78:  12.09486,-24.2371,216.0192
24.8:  12.09486,-24.2371,216.0192
24.81:  12.09486,-24.2371,216.0192
24.83:  12.09486,-24.2371,216.0192
24.85:  12.09486,-24.2371,216.0192
24.86:  12.09486,-24.2371,216.0192
24.88:  12.09486,-24.2371,216.0192
24.9:  12.09486,-24.2371,216.0192
24.91:  12.09486,-24.2371,216.0192
24.93:  12.09486,-24.2371,216.0192
24.95:  12.09486,-24.2371,216.0192
24.96:  12.09486,-24.2371,216.0192
24.98:  12.09486,-24.2371,216.0192
25:  12.09486,-24.2371,216.0192
25.01:  12.09486,-24.2371,216.0192
25.03:  12.09486,-24.2371,216.0192
25.05:  12.09486,-24.2371,216.0192
25.06:  12.09486,-24.2371,216.0192
25.08:  12.09486,-24.2371,216.0192
25.1:  12.09486,-24.2371,216.0192
25.11:  12.08786,-24.24672,216.0192
25.13:  12.07345,-24.26655,216.0192
25.15:  12.05162,-24.29657,216.0192
25.16:  12.0224,-24.33677,216.0192
25.18:  11.98584,-24.38704,216.0192
25.2:  11.94164,-24.44784,216.0192
25.21:  11.89117,-24.51726,216.0192
25.23:  11.83171,-24.59904,216.0192
25.25:  11.76616,-24.6892,216.0192
25.26:  11.69321,-24.78953,216.0192
25.28:  11.61195,-24.9013,216.0192
25.3:  11.52369,-25.02269,216.0192
25.31:  11.42667,-25.15613,216.0192
25.33:  11.32436,-25.29686,216.0192
25.35:  11.21547,-25.44662,216.0192
25.36:  11.10008,-25.60534,216.0192
25.38:  10.97402,-25.77872,216.0192
25.4:  10.84174,-25.96066,216.0192
25.41:  10.70248,-26.1522,216.0192
25.43:  10.55519,-26.35478,216.0192
25.45:  10.40961,-26.55502,216.0192
25.46:  10.26344,-26.75605,216.0192
25.48:  10.11552,-26.95951,216.0192
25.5:  9.966619,-27.16431,216.0192
25.51:  9.821873,-27.3634,216.0192
25.53:  9.673386,-27.56763,216.0192
25.55:  9.525842,-27.77056,216.0192
25.56:  9.380886,-27.96993,216.0192
25.58:  9.232274,-28.17434,216.0192
25.6:  9.078137,-28.38634,216.0192
25.61:  8.939246,-28.57737,216.0192
25.63:  8.790663,-28.78173,216.0192
25.65:  8.645752,-28.98105,216.0192
25.66:  8.498603,-29.18344,216.0192
25.68:  8.350015,-29.38781,216.0192
25.7:  8.202246,-29.59105,216.0192
25.71:  8.057355,-29.79033,216.0192
25.73:  7.909573,-29.9936,216.0192
25.75:  7.761357,-30.19745,216.0192
25.76:  7.616601,-30.39655,216.0192
25.78:  7.469503,-30.59887,216.0192
25.8:  7.320633,-30.80363,216.0192
25.81:  7.173667,-31.00577,216.0192
25.83:  7.025919,-31.20898,216.0192
25.85:  6.879417,-31.41048,216.0192
25.86:  6.734419,-31.60992,216.0192
25.88:  6.58553,-31.8147,216.0192
25.9:  6.436375,-32.01985,216.0192
25.91:  6.292377,-32.21791,216.0192
25.93:  6.143418,-32.42279,216.0192
25.95:  5.996753,-32.62451,216.0192
25.96:  5.85175,-32.82395,216.0192
25.98:  5.703151,-33.02834,216.0192
26:  5.556134,-33.23055,216.0192
26.01:  5.411718,-33.42918,216.0192
26.03:  5.262543,-33.63435,216.0192
26.05:  5.11537,-33.83678,216.0192
26.06:  4.968314,-34.03904,216.0192
26.08:  4.823563,-34.23813,216.0192
26.1:  4.669112,-34.45057,216.0192
26.11:  4.5256,-34.64795,216.0192
26.13:  4.379832,-34.84845,216.0192
26.15:  4.232094,-35.05165,216.0192
26.16:  4.087926,-35.24994,216.0192
26.18:  3.939595,-35.45395,216.0192
26.2:  3.799359,-35.64684,216.0192
26.21:  3.664935,-35.83173,216.0192
26.23:  3.542454,-36.00019,216.0192
26.25:  3.424874,-36.16191,216.0192
26.26:  3.314388,-36.31387,216.0192
26.28:  3.211159,-36.45586,216.0192
26.3:  3.115992,-36.58675,216.0192
26.31:  3.028743,-36.70675,216.0192
26.33:  2.948002,-36.81781,216.0192
26.35:  2.873725,-36.91996,216.0192
26.36:  2.807796,-37.01065,216.0192
26.38:  2.748272,-37.09251,216.0192
26.4:  2.697274,-37.16266,216.0192
26.41:  2.653507,-37.22285,216.0192
26.43:  2.616518,-37.27373,216.0192
26.45:  2.58699,-37.31435,216.0192
26.46:  2.565118,-37.34443,216.0192
26.48:  2.550301,-37.36481,216.0192
26.5:  2.542967,-37.37489,216.0192
26.51:  2.542967,-37.37489,216.0192
26.53:  2.542967,-37.37489,216.0192
26.55:  2.542967,-37.37489,216.0192
26.56:  2.542967,-37.37489,216.0192
26.58:  2.542967,-37.37489,216.0192
26.6:  2.542967,-37.37489,216.0192
26.61:  2.542967,-37.37489,216.0192
26.63:  2.542967,-37.37489,216.0192
26.65:  2.542967,-37.37489,216.0192
26.66:  2.542967,-37.37489,214.5192
26.68:  2.542967,-37.37489,213.0192
26.7:  2.542967,-37.37489,211.5192
26.71:  2.542967,-37.37489,210.0192
26.73:  2.542967,-37.37489,208.5192
26.75:  2.542967,-37.37489,207.0192
26.76:  2.542967,-37.37489,205.5192
26.78:  2.542967,-37.37489,204.0192
26.8:  2.542967,-37.37489,202.5192
26.81:  2.542967,-37.37489,201.0192
26.83:  2.542967,-37.37489,199.5192
26.85:  2.542967,-37.37489,198.0192
26.86:  2.542967,-37.37489,196.5192
26.88:  2.542967,-37.37489,195.0192
26.9:  2.542967,-37.37489,193.5192
26.91:  2.542967,-37.37489,192.0192
26.93:  2.542967,-37.37489,190.5192
26.95:  2.542967,-37.37489,189.0192
26.96:  2.542967,-37.37489,187.5192
26.98:  2.542967,-37.37489,186.0192
27:  2.542967,-37.37489,184.5192
27.01:  2.542967,-37.37489,183.0192
27.03:  2.542967,-37.37489,181.5192
27.05:  2.542967,-37.37489,180.0192
27.06:  2.542967,-37.37489,178.5192
27.08:  2.542967,-37.37489,177.0192
27.1:  2.542967,-37.37489,175.5192
27.11:  2.542967,-37.37489,174.0192
27.13:  2.542967,-37.37489,172.5192
27.15:  2.542967,-37.37489,171.0192
27.16:  2.542967,-37.37489,169.5192
27.18:  2.542967,-37.37489,168.0192
27.2:  2.542967,-37.37489,166.5192
27.21:  2.542967,-37.37489,165.0192
27.23:  2.542967,-37.37489,163.5192
27.25:  2.542967,-37.37489,162.0192
27.27:  2.542967,-37.37489,160.5192
27.28:  2.542967,-37.37489,159.178
27.3:  2.542967,-37.37489,157.9818
27.31:  2.542967,-37.37489,156.9342
27.33:  2.542967,-37.37489,156.0364
27.35:  2.542967,-37.37489,155.2881
27.36:  2.542967,-37.37489,154.6882
27.38:  2.542967,-37.37489,154.2401
27.4:  2.542967,-37.37489,153.9459
27.41:  2.542967,-37.37489,153.7997
27.43:  2.542967,-37.37489,153.7997
27.45:  2.542967,-37.37489,153.7997
27.46:  2.542967,-37.37489,153.7997
27.48:  2.542967,-37.37489,153.7997
27.5:  2.542967,-37.37489,153.7997
27.51:  2.542967,-37.37489,153.7997
27.53:  2.542967,-37.37489,153.7997
27.55:  2.542967,-37.37489,153.7997
27.56:  2.542967,-37.37489,153.7997
27.58:  2.542967,-37.37489,153.7997
27.6:  2.542967,-37.37489,153.7997
27.61:  2.542967,-37.37489,153.7997
27.63:  2.542967,-37.37489,153.7997
27.65:  2.542967,-37.37489,153.7997
27.66:  2.542967,-37.37489,153.7997
27.68:  2.542967,-37.37489,153.7997
27.7:  2.542967,-37.37489,153.7997
27.71:  2.542967,-37.37489,153.7997
27.73:  2.542967,-37.37489,153.7997
27.75:  2.542967,-37.37489,153.7997
27.76:  2.542967,-37.37489,153.7997
27.78:  2.542967,-37.37489,153.7997
27.8:  2.542967,-37.37489,153.7997
27.81:  2.542967,-37.37489,153.7997
27.83:  2.542967,-37.37489,153.7997
27.85:  2.542967,-37.37489,153.7997
27.86:  2.542967,-37.37489,153.7997
27.88:  2.542967,-37.37489,153.7997
27.9:  2.542967,-37.37489,153.7997
27.91:  2.542967,-37.37489,153.7997
27.93:  2.542967,-37.37489,153.7997
27.95:  2.542967,-37.37489,153.7997
27.96:  2.54835,-37.38583,153.7997
27.98:  2.559432,-37.40836,153.7997
28:  2.576051,-37.44213,153.7997
28.01:  2.597735,-37.48619,153.7997
28.03:  2.625972,-37.54358,153.7997
28.05:  2.658641,-37.60997,153.7997
28.06:  2.697382,-37.6887,153.7997
28.08:  2.741807,-37.77898,153.7997
28.1:  2.791459,-37.87989,153.7997
28.11:  2.845681,-37.99008,153.7997
28.13:  2.90606,-38.11279,153.7997
28.15:  2.973566,-38.24998,153.7997
28.16:  3.044776,-38.39469,153.7997
28.18:  3.122333,-38.5523,153.7997
28.2:  3.204895,-38.72009,153.7997
28.21:  3.29261,-38.89835,153.7997
28.23:  3.387317,-39.09082,153.7997
28.25:  3.48659,-39.29256,153.7997
28.26:  3.590477,-39.50368,153.7997
28.28:  3.702037,-39.7304,153.7997
28.3:  3.812368,-39.95462,153.7997
28.31:  3.921444,-40.17629,153.7997
28.33:  4.032761,-40.40251,153.7997
28.35:  4.143758,-40.62808,153.7997
28.36:  4.252496,-40.84906,153.7997
28.38:  4.36388,-41.07542,153.7997
28.4:  4.477996,-41.30733,153.7997
28.41:  4.58492,-41.52463,153.7997
28.43:  4.69601,-41.75039,153.7997
28.45:  4.804188,-41.97023,153.7997
28.47:  4.915161,-42.19576,153.7997
28.48:  5.029892,-42.42892,153.7997
28.5:  5.136624,-42.64582,153.7997
28.51:  5.246461,-42.86904,153.7997
28.53:  5.357809,-43.09533,153.7997
28.55:  5.467413,-43.31807,153.7997
28.56:  5.576784,-43.54033,153.7997
28.58:  5.688894,-43.76817,153.7997
28.6:  5.802354,-43.99874,153.7997
28.61:  5.911614,-44.22079,153.7997
28.63:  6.021555,-44.44421,153.7997
28.65:  6.130307,-44.66523,153.7997
28.66:  6.239112,-44.88634,153.7997
28.68:  6.348817,-45.10929,153.7997
28.7:  6.461598,-45.33849,153.7997
28.71:  6.569675,-45.55812,153.7997
28.73:  6.682005,-45.78641,153.7997
28.75:  6.792131,-46.01021,153.7997
28.76:  6.901548,-46.23257,153.7997
28.78:  7.01373,-46.46055,153.7997
28.8:  7.123955,-46.68456,153.7997
28.81:  7.232789,-46.90573,153.7997
28.83:  7.344613,-47.13298,153.7997
28.85:  7.454812,-47.35693,153.7997
28.86:  7.563714,-47.57825,153.7997
28.88:  7.675251,-47.80492,153.7997
28.9:  7.785536,-48.02905,153.7997
28.91:  7.896379,-48.2543,153.7997
28.93:  8.006513,-48.47812,153.7997
28.95:  8.117954,-48.7046,153.7997
28.96:  8.22642,-48.92503,153.7997
28.98:  8.338101,-49.15199,153.7997
29:  8.447973,-49.37527,153.7997
29.01:  8.561927,-49.60685,153.7997
29.03:  8.670301,-49.8271,153.7997
29.05:  8.779944,-50.04992,153.7997
29.06:  8.885902,-50.27015,153.7997
29.08:  8.885903,-50.49632,153.7997
29.1:  8.885903,-50.72118,153.7997
29.11:  8.896422,-50.94822,153.7997
29.13:  8.939104,-51.18149,153.7997
29.15:  9.004763,-51.41784,153.7997
29.16:  9.096228,-51.64742,153.7997
29.18:  9.207617,-51.87378,153.7997
29.2:  9.316855,-52.09578,153.7997
29.21:  9.426868,-52.31936,153.7997
29.23:  9.539121,-52.54748,153.7997
29.25:  9.643003,-52.75859,153.7997
29.26:  9.742192,-52.96017,153.7997
29.28:  9.836572,-53.15197,153.7997
29.3:  9.925394,-53.33248,153.7997
29.31:  10.00712,-53.49857,153.7997
29.33:  10.08533,-53.6575,153.7997
29.35:  10.15712,-53.8034,153.7997
29.36:  10.22303,-53.93735,153.7997
29.38:  10.28389,-54.06102,153.7997
29.4:  10.33908,-54.17318,153.7997
29.41:  10.38849,-54.27361,153.7997
29.43:  10.43317,-54.36439,153.7997
29.45:  10.47155,-54.4424,153.7997
29.46:  10.50462,-54.5096,153.7997
29.48:  10.53251,-54.56629,153.7997
29.5:  10.55456,-54.6111,153.7997
29.51:  10.57096,-54.64441,153.7997
29.53:  10.58217,-54.66719,153.7997
29.55:  10.58771,-54.67845,153.7997
29.56:  10.58771,-54.67845,153.7997
29.58:  10.58771,-54.67845,153.7997
29.6:  10.58771,-54.67845,153.7997
29.61:  10.58771,-54.67845,153.7997
29.63:  10.58771,-54.67845,153.7997
29.65:  10.58771,-54.67845,153.7997
29.66:  10.58771,-54.67845,153.7997
29.68:  10.58771,-54.67845,153.7997
29.7:  10.58771,-54.67845,153.7997
29.71:  10.58771,-54.67845,153.7997
29.73:  10.58771,-54.67845,152.2997
29.75:  10.58771,-54.67845,150.7997
29.76:  10.58771,-54.67845,149.2997
29.78:  10.58771,-54.67845,147.7997
29.8:  10.58771,-54.67845,146.2997
29.81:  10.58771,-54.67845,144.7997
29.83:  10.58771,-54.67845,143.2997
29.85:  10.58771,-54.67845,141.7997
29.86:  10.58771,-54.67845,140.2997
29.88:  10.58771,-54.67845,138.7997
29.9:  10.58771,-54.67845,137.2997
29.91:  10.58771,-54.67845,135.7997
29.93:  10.58771,-54.67845,134.2997
29.95:  10.58771,-54.67845,132.7996
29.96:  10.58771,-54.67845,131.2997
29.98:  10.58771,-54.67845,129.7997
30:  10.58771,-54.67845,128.2996
30.01:  10.58771,-54.67845,126.7997
30.03:  10.58771,-54.67845,125.2996
30.05:  10.58771,-54.67845,123.7996
30.06:  10.58771,-54.67845,122.2996
30.08:  10.58771,-54.67845,120.7996
30.1:  10.58771,-54.67845,119.2996
30.11:  10.58771,-54.67845,117.7996
30.13:  10.58771,-54.67845,116.2996
30.15:  10.58771,-54.67845,114.7996
30.16:  10.58771,-54.67845,113.2996
30.18:  10.58771,-54.67845,111.7996
30.2:  10.58771,-54.67845,110.2996
30.21:  10.58771,-54.67845,108.7996
30.23:  10.58771,-54.67845,107.2996
30.25:  10.58771,-54.67845,105.7996
30.26:  10.58771,-54.67845,104.2996
30.28:  10.58771,-54.67845,102.7996
30.3:  10.58771,-54.67845,101.2996
30.31:  10.58771,-54.67845,99.79962
30.33:  10.58771,-54.67845,98.4526
30.35:  10.58771,-54.67845,97.25443
30.36:  10.58771,-54.67845,96.204
30.38:  10.58771,-54.67845,95.30307
30.4:  10.58771,-54.67845,94.55408
30.41:  10.58771,-54.67845,93.95399
30.43:  10.58771,-54.67845,93.50546
30.45:  10.58771,-54.67845,93.20756
30.46:  10.58771,-54.67845,93.05804
30.48:  10.58771,-54.67845,93.05804
30.5:  10.58771,-54.67845,93.05804
30.51:  10.58771,-54.67845,93.05804
30.53:  10.58771,-54.67845,93.05804
30.55:  10.58771,-54.67845,93.05804
30.56:  10.58771,-54.67845,93.05804
30.58:  10.58771,-54.67845,93.05804
30.6:  10.58771,-54.67845,93.05804
30.61:  10.58771,-54.67845,93.05804
30.63:  10.58771,-54.67845,93.05804
30.65:  10.58771,-54.67845,93.05804
30.66:  10.58771,-54.67845,93.05804
30.68:  10.58771,-54.67845,93.05804
30.7:  10.58771,-54.67845,93.05804
30.71:  10.58771,-54.67845,93.05804
30.73:  10.58771,-54.67845,93.05804
30.75:  10.58771,-54.67845,93.05804
30.76:  10.58771,-54.67845,93.05804
30.78:  10.58771,-54.67845,93.05804
30.8:  10.58771,-54.67845,93.05804
30.81:  10.58771,-54.67845,93.05804
30.83:  10.58771,-54.67845,93.05804
30.85:  10.58771,-54.67845,93.05804
30.86:  10.58771,-54.67845,93.05804
30.88:  10.58771,-54.67845,93.05804
30.9:  10.58771,-54.67845,93.05804
30.91:  10.58771,-54.67845,93.05804
30.93:  10.58771,-54.67845,93.05804
30.95:  10.58771,-54.67845,93.05804
30.96:  10.58771,-54.67845,93.05804
30.98:  10.58771,-54.67845,93.05804
31:  10.58771,-54.67845,93.05804
31.01:  10.58771,-54.67845,93.05804
31.03:  10.58771,-54.67845,93.05804
31.05:  10.58771,-54.67845,93.05804
31.06:  10.58771,-54.67845,93.05804
31.08:  10.58771,-54.67845,93.05804
31.1:  10.58771,-54.67845,93.05804
31.12:  10.58771,-54.67845,93.05804
31.13:  10.58771,-54.67845,93.05804
31.15:  10.58771,-54.67845,93.05804
31.16:  10.58771,-54.67845,93.05804
31.18:  10.58771,-54.67845,93.05804
31.2:  10.58771,-54.67845,93.05804
31.21:  10.58771,-54.67845,93.05804
31.23:  10.58771,-54.67845,93.05804
31.25:  10.58771,-54.67845,93.05804
31.26:  10.58771,-54.67845,93.05804
31.28:  10.58771,-54.67845,93.05804
31.3:  10.58771,-54.67845,93.05804
31.31:  10.58771,-54.67845,93.05804
31.33:  10.58771,-54.67845,93.05804
31.35:  10.58771,-54.67845,93.05804
31.36:  10.58771,-54.67845,93.05804
31.38:  10.58771,-54.67845,93.05804
31.4:  10.58771,-54.67845,93.05804
31.41:  10.58771,-54.67845,93.05804
31.43:  10.58771,-54.67845,93.05804
31.45:  10.58771,-54.67845,93.05804
31.46:  10.58771,-54.67845,93.05804
31.48:  10.58771,-54.67845,93.05804
31.5:  10.58771,-54.67845,93.05804
31.51:  10.58771,-54.67845,93.05804
31.53:  10.58771,-54.67845,93.05804
31.55:  10.58771,-54.67845,93.05804
31.56:  10.60028,-54.67913,93.05804
31.58:  10.62548,-54.68047,93.05804
31.6:  10.66301,-54.68248,93.05804
31.61:  10.7126,-54.68513,93.05804
31.63:  10.77541,-54.68848,93.05804
31.65:  10.84946,-54.69244,93.05804
31.66:  10.93641,-54.69708,93.05804
31.68:  11.03869,-54.70255,93.05804
31.7:  11.1503,-54.70851,93.05804
31.71:  11.27392,-54.71511,93.05804
31.73:  11.41256,-54.72252,93.05804
31.75:  11.56294,-54.73055,93.05804
31.76:  11.72289,-54.7391,93.05804
31.78:  11.90002,-54.74856,93.05804
31.8:  12.08544,-54.75847,93.05804
31.81:  12.28454,-54.7691,93.05804
31.83:  12.49879,-54.78055,93.05804
31.85:  12.72526,-54.79265,93.05804
31.86:  12.95694,-54.80503,93.05804
31.88:  13.20675,-54.81837,93.05804
31.9:  13.46049,-54.83193,93.05804
31.91:  13.70859,-54.84518,93.05804
31.93:  13.95918,-54.85857,93.05804
31.95:  14.21174,-54.87206,93.05804
31.96:  14.45651,-54.88514,93.05804
31.98:  14.70875,-54.89861,93.05804
32:  14.95789,-54.91193,93.05804
32.01:  15.20339,-54.92504,93.05804
32.03:  15.45607,-54.93854,93.05804
32.05:  15.70607,-54.9519,93.05804
32.06:  15.95323,-54.9651,93.05804
32.08:  16.20737,-54.97868,93.05804
32.1:  16.46313,-54.99234,93.05804
32.11:  16.71223,-55.00565,93.05804
32.13:  16.95733,-55.01874,93.05804
32.15:  17.205,-55.03197,93.05804
32.16:  17.45289,-55.04522,93.05804
32.18:  17.70421,-55.05864,93.05804
32.2:  17.95414,-55.07199,93.05804
32.21:  18.19993,-55.08513,93.05804
32.23:  18.45471,-55.09874,93.05804
32.25:  18.70786,-55.11226,93.05804
32.26:  18.94938,-55.12516,93.05804
32.28:  19.19808,-55.13845,93.05804
32.3:  19.45128,-55.15198,93.05804
32.31:  19.69999,-55.16526,93.05804
32.33:  19.94987,-55.17862,93.05804
32.35:  20.20166,-55.19207,93.05804
32.36:  20.45031,-55.20535,93.05804
32.38:  20.69989,-55.21869,93.05804
32.4:  20.94947,-55.23202,93.05804
32.41:  21.20047,-55.24543,93.05804
32.43:  21.45026,-55.25877,93.05804
32.45:  21.70029,-55.27213,93.05804
32.46:  21.94551,-55.28523,93.05804
32.48:  22.19894,-55.29877,93.05804
32.5:  22.44763,-55.31205,93.05804
32.51:  22.69421,-55.32523,93.05804
32.53:  22.94387,-55.33857,93.05804
32.55:  23.19615,-55.35204,93.05804
32.56:  23.44338,-55.36525,93.05804
32.58:  23.69623,-55.37876,93.05804
32.6:  23.94552,-55.39208,93.05804
32.61:  24.19169,-55.40523,93.05804
32.63:  24.44525,-55.41878,93.05804
32.65:  24.70017,-55.4324,93.05804
32.66:  24.94597,-55.44553,93.05804
32.68:  25.19299,-55.45872,93.05804
32.7:  25.4438,-55.47212,93.05804
32.71:  25.68825,-55.48518,93.05804
32.73:  25.94385,-55.49884,93.05804
32.75:  26.1908,-55.51203,93.05804
32.76:  26.4394,-55.52531,93.05804
32.78:  26.69134,-55.53877,93.05804
32.8:  26.94044,-55.55208,93.05804
32.81:  27.18586,-55.56519,93.05804
32.83:  27.44071,-55.5788,93.05804
32.85:  27.6907,-55.59216,93.05804
32.86:  27.93741,-55.60534,93.05804
32.88:  28.18999,-55.61883,93.05804
32.9:  28.4404,-55.63221,93.05804
32.91:  28.68499,-55.64528,93.05804
32.93:  28.93815,-55.6588,93.05804
32.95:  29.18866,-55.67219,93.05804
32.96:  29.43639,-55.68542,93.05804
32.98:  29.68678,-55.6988,93.05804
33:  29.93595,-55.71211,93.05804
33.01:  30.19477,-55.72594,93.05804
33.03:  30.43959,-55.73902,93.05804
33.05:  30.68761,-55.75227,93.05804
33.06:  30.93604,-55.76554,93.05804
33.08:  31.18595,-55.77889,93.05804
33.1:  31.43605,-55.79225,93.05804
33.11:  31.68309,-55.80545,93.05804
33.13:  31.93588,-55.81895,93.05804
33.15:  32.18355,-55.83218,93.05804
33.16:  32.43266,-55.84549,93.05804
33.18:  32.68306,-55.85887,93.05804
33.2:  32.93359,-55.87225,93.05804
33.21:  33.17791,-55.88531,93.05804
33.23:  33.43134,-55.89885,93.05804
33.25:  33.68056,-55.91216,93.05804
33.26:  33.93016,-55.9255,93.05804
33.28:  34.18042,-55.93887,93.05804
33.3:  34.43087,-55.95224,93.05804
33.31:  34.67929,-55.96552,93.05804
33.33:  34.92705,-55.97875,93.05804
33.35:  35.18048,-55.99229,93.05804
33.36:  35.42784,-56.00551,93.05804
33.38:  35.67928,-56.01894,93.05804
33.4:  35.92849,-56.03225,93.05804
33.41:  36.17664,-56.04551,93.05804
33.43:  36.42871,-56.05898,93.05804
33.45:  36.67667,-56.07222,93.05804
33.46:  36.92309,-56.08539,93.05804
33.48:  37.17657,-56.09893,93.05804
33.5:  37.42505,-56.11221,93.05804
33.51:  37.67296,-56.12545,93.05804
33.53:  37.92511,-56.13892,93.05804
33.55:  38.17415,-56.15223,93.05804
33.56:  38.42458,-56.1656,93.05804
33.58:  38.67254,-56.17885,93.05804
33.6:  38.92533,-56.19236,93.05804
33.61:  39.17242,-56.20555,93.05804
33.63:  39.4215,-56.21886,93.05804
33.65:  39.67352,-56.23233,93.05804
33.66:  39.92124,-56.24556,93.05804
33.68:  40.17368,-56.25905,93.05804
33.7:  40.42164,-56.27229,93.05804
33.71:  40.66845,-56.28548,93.05804
33.73:  40.92171,-56.29901,93.05804
33.75:  41.16848,-56.31219,93.05804
33.76:  41.42793,-56.32605,93.05804
33.78:  41.67406,-56.3392,93.05804
33.8:  41.92077,-56.35238,93.05804
33.81:  42.17883,-56.36617,93.05804
33.83:  42.41949,-56.37903,93.05804
33.85:  42.66863,-56.39234,93.05804
33.86:  42.91777,-56.40565,93.05804
33.88:  43.16972,-56.41911,93.05804
33.9:  43.4148,-56.4322,93.05804
33.91:  43.66455,-56.44554,93.05804
33.93:  43.91622,-56.45899,93.05804
33.95:  44.16646,-56.47236,93.05804
33.96:  44.41216,-56.48549,93.05804
33.98:  44.66749,-56.49912,93.05804
34:  44.91529,-56.51236,93.05804
34.01:  45.16398,-56.52565,93.05804
34.03:  45.4141,-56.53901,93.05804
34.05:  45.66626,-56.55248,93.05804
34.06:  45.91478,-56.56576,93.05804
34.08:  46.16555,-56.57915,93.05804
34.1:  46.41329,-56.59239,93.05804
34.12:  46.65967,-56.60555,93.05804
34.13:  46.92,-56.61946,93.05804
34.15:  47.16214,-56.6324,93.05804
34.16:  47.4081,-56.64554,93.05804
34.18:  47.66203,-56.6591,93.05804
34.2:  47.91972,-56.67287,93.05804
34.22:  48.16398,-56.68592,93.05804
34.23:  48.41658,-56.69941,93.05804
34.25:  48.66275,-56.71257,93.05804
34.26:  48.91198,-56.72588,93.05804
34.28:  49.16224,-56.73925,93.05804
34.3:  49.41082,-56.75253,93.05804
34.31:  49.65445,-56.76554,93.05804
34.33:  49.90899,-56.77914,93.05804
34.35:  50.15856,-56.79248,93.05804
34.36:  50.40233,-56.8055,93.05804
34.38:  50.65719,-56.81912,93.05804
34.4:  50.90453,-56.83233,93.05804
34.41:  51.15397,-56.84566,93.05804
34.43:  51.4062,-56.85913,93.05804
34.45:  51.65852,-56.87261,93.05804
34.46:  51.90355,-56.8857,93.05804
34.48:  52.1562,-56.8992,93.05804
34.5:  52.4058,-56.91253,93.05804
34.51:  52.65548,-56.92587,93.05804
34.53:  52.90201,-56.93904,93.05804
34.55:  53.1548,-56.95255,93.05804
34.56:  53.39971,-56.96563,93.05804
34.58:  53.6549,-56.97927,93.05804
34.6:  53.90163,-56.99245,93.05804
34.61:  54.15004,-57.00572,93.05804
34.63:  54.39734,-57.01893,93.05804
34.65:  54.65069,-57.03246,93.05804
34.66:  54.90041,-57.04581,93.05804
34.68:  55.15052,-57.05917,93.05804
34.7:  55.40162,-57.07258,93.05804
34.71:  55.64673,-57.08568,93.05804
34.73:  55.89822,-57.09911,93.05804
34.75:  56.15017,-57.11257,93.05804
34.77:  56.39896,-57.12586,93.05804
34.78:  56.6565,-57.13962,93.05804
34.8:  56.92179,-57.1538,93.05804
34.81:  57.14595,-57.16577,93.05804
34.83:  57.39798,-57.17923,93.05804
34.85:  57.64366,-57.19236,93.05804
34.86:  57.89428,-57.20575,93.05804
34.88:  58.14421,-57.2191,93.05804
34.9:  58.39593,-57.23255,93.05804
34.91:  58.64514,-57.24586,93.05804
34.93:  58.89425,-57.25917,93.05804
34.95:  59.14708,-57.27268,93.05804
34.96:  59.39249,-57.28579,93.05804
34.98:  59.64641,-57.29935,93.05804
35:  59.89534,-57.31265,93.05804
35.01:  60.14289,-57.32588,93.05804
35.03:  60.39381,-57.33928,93.05804
35.05:  60.65063,-57.353,93.05804
35.07:  60.8955,-57.36609,93.05804
35.08:  61.14896,-57.37963,93.05804
35.1:  61.39367,-57.3927,93.05804
35.12:  61.64298,-57.40602,93.05804
35.13:  61.89979,-57.41974,93.05804
35.15:  62.14393,-57.43278,93.05804
35.16:  62.39204,-57.44604,93.05804
35.18:  62.6407,-57.45932,93.05804
35.2:  62.88861,-57.47256,93.05804
35.21:  63.13643,-57.48581,93.05804
35.23:  63.39207,-57.49946,93.05804
35.25:  63.63926,-57.51267,93.05804
35.26:  63.88791,-57.52595,93.05804
35.28:  64.13902,-57.53937,93.05804
35.3:  64.38869,-57.5527,93.05804
35.31:  64.63679,-57.56596,93.05804
35.33:  64.88692,-57.57932,93.05804
35.35:  65.13727,-57.5927,93.05804
35.36:  65.3877,-57.60608,93.05804
35.38:  65.63705,-57.6194,93.05804
35.4:  65.88682,-57.63274,93.05804
35.41:  66.13175,-57.64582,93.05804
35.43:  66.38586,-57.6594,93.05804
35.45:  66.63397,-57.67266,93.05804
35.46:  66.88147,-57.68588,93.05804
35.48:  67.13705,-57.69953,93.05804
35.5:  67.38151,-57.71259,93.05804
35.51:  67.63092,-57.72592,93.05804
35.53:  67.88401,-57.73944,93.05804
35.55:  68.13332,-57.75276,93.05804
35.56:  68.37928,-57.7659,93.05804
35.58:  68.63229,-57.77942,93.05804
35.6:  68.8812,-57.79271,93.05804
35.61:  69.12814,-57.8059,93.05804
35.63:  69.38103,-57.81942,93.05804
35.65:  69.63139,-57.83279,93.05804
35.66:  69.87617,-57.84587,93.05804
35.68:  70.13045,-57.85945,93.05804
35.7:  70.3856,-57.87308,93.05804
35.71:  70.63458,-57.88638,93.05804
35.73:  70.87902,-57.89944,93.05804
35.75:  71.12891,-57.91279,93.05804
35.76:  71.37318,-57.92584,93.05804
35.78:  71.62621,-57.93936,93.05804
35.8:  71.87673,-57.95274,93.05804
35.81:  72.12294,-57.9659,93.05804
35.83:  72.37691,-57.97947,93.05804
35.85:  72.62537,-57.99274,93.05804
35.86:  72.87347,-58.00599,93.05804
35.88:  73.12672,-58.01952,93.05804
35.9:  73.37533,-58.03281,93.05804
35.91:  73.62045,-58.0459,93.05804
35.93:  73.87408,-58.05945,93.05804
35.95:  74.12081,-58.07263,93.05804
35.96:  74.3707,-58.08598,93.05804
35.98:  74.62286,-58.09945,93.05804
36:  74.87422,-58.11288,93.05804
36.01:  75.12297,-58.12617,93.05804
36.03:  75.37287,-58.13952,93.05804
36.05:  75.62345,-58.15291,93.05804
36.06:  75.86794,-58.16597,93.05804
36.08:  76.12144,-58.17951,93.05804
36.1:  76.37005,-58.19279,93.05804
36.11:  76.61775,-58.20603,93.05804
36.13:  76.87035,-58.21952,93.05804
36.17:  77.12086,-58.23291,93.05804
36.18:  77.37405,-58.24643,93.05804
36.2:  77.62199,-58.25968,93.05804
36.21:  77.86925,-58.27289,93.05804
36.23:  78.11626,-58.28608,93.05804
36.25:  78.36729,-58.2995,93.05804
36.26:  78.61799,-58.31289,93.05804
36.28:  78.86536,-58.3261,93.05804
36.3:  79.11799,-58.3396,93.05804
36.31:  79.36699,-58.3529,93.05804
36.33:  79.61253,-58.36602,93.05804
36.35:  79.86565,-58.37954,93.05804
36.36:  80.11142,-58.39267,93.05804
36.38:  80.36249,-58.40609,93.05804
36.4:  80.61406,-58.41953,93.05804
36.41:  80.8646,-58.43291,93.05804
36.43:  81.09936,-58.44545,93.05804
36.45:  81.32549,-58.45753,93.05804
36.46:  81.53775,-58.46887,93.05804
36.48:  81.73731,-58.47953,93.05804
36.5:  81.92479,-58.48955,93.05804
36.51:  82.09993,-58.49891,93.05804
36.53:  82.2601,-58.50747,93.05804
36.55:  82.41218,-58.51559,93.05804
36.56:  82.54937,-58.52292,93.05804
36.58:  82.67268,-58.52951,93.05804
36.6:  82.78679,-58.5356,93.05804
36.61:  82.88634,-58.54092,93.05804
36.63:  82.9729,-58.54554,93.05804
36.65:  83.049,-58.54961,93.05804
36.66:  83.1106,-58.5529,93.05804
36.68:  83.1607,-58.55558,93.05804
36.7:  83.19864,-58.5576,93.05804
36.71:  83.2237,-58.55894,93.05804
36.73:  83.23621,-58.55961,93.05804
36.75:  83.23621,-58.55961,93.05804
36.76:  83.23621,-58.55961,93.05804
36.78:  83.23621,-58.55961,93.05804
36.8:  83.23621,-58.55961,93.05804
36.81:  83.23621,-58.55961,93.05804
36.83:  83.23621,-58.55961,93.05804
36.85:  83.23621,-58.55961,93.05804
36.86:  83.23621,-58.55961,93.05804
36.88:  83.23621,-58.55961,93.05804
36.9:  83.23621,-58.55961,93.05804
36.91:  83.23621,-58.55961,93.05804
36.93:  83.23621,-58.55961,93.05804
36.95:  83.23621,-58.55961,93.05804
36.96:  83.23621,-58.55961,93.05804
36.98:  83.23621,-58.55961,93.05804
37:  83.23621,-58.55961,93.05804
37.01:  83.23621,-58.55961,93.05804
37.03:  83.23621,-58.55961,93.05804
37.05:  83.23621,-58.55961,93.05804
37.06:  83.23621,-58.55961,93.05804
37.08:  83.23621,-58.55961,93.05804
37.1:  83.23621,-58.55961,93.05804
37.11:  83.23621,-58.55961,93.05804
37.13:  83.23621,-58.55961,93.05804
37.15:  83.23621,-58.55961,93.05804
37.16:  83.23621,-58.55961,93.05804
37.18:  83.23621,-58.55961,93.05804
37.2:  83.23621,-58.55961,93.05804
37.21:  83.23621,-58.55961,93.05804
37.23:  83.23621,-58.55961,93.05804
37.25:  83.23621,-58.55961,93.05804
37.27:  83.23621,-58.55961,93.05804
37.28:  83.23621,-58.55961,93.05804
37.3:  83.23621,-58.55961,93.05804
37.31:  83.23621,-58.55961,93.05804
37.33:  83.23621,-58.55961,93.05804
37.35:  83.23621,-58.55961,93.05804
37.36:  83.23621,-58.55961,93.05804
37.38:  83.23621,-58.55961,93.05804
37.4:  83.23621,-58.55961,93.05804
37.41:  83.23621,-58.55961,93.05804
37.43:  83.23621,-58.55961,93.05804
37.45:  83.23621,-58.55961,93.05804
37.46:  83.23621,-58.55961,93.05804
37.48:  83.23621,-58.55961,93.05804
37.5:  83.23621,-58.55961,93.05804
37.51:  83.23621,-58.55961,93.05804
37.53:  83.23621,-58.55961,93.05804
37.55:  83.23621,-58.55961,93.05804
37.56:  83.23621,-58.55961,93.05804
37.58:  83.23621,-58.55961,93.05804
37.6:  83.23621,-58.55961,93.05804
37.61:  83.23621,-58.55961,93.05804
37.63:  83.23621,-58.55961,93.05804
37.65:  83.23621,-58.55961,93.05804
37.66:  83.23621,-58.55961,93.05804
37.68:  83.23621,-58.55961,93.05804
37.7:  83.23621,-58.55961,93.05804
37.71:  83.23621,-58.55961,93.05804
37.73:  83.23621,-58.55961,93.05804
37.75:  83.23621,-58.55961,93.05804
37.76:  83.23621,-58.55961,93.05804
37.78:  83.23621,-58.55961,93.05804
37.8:  83.23621,-58.55961,93.05804
37.81:  83.23621,-58.55961,93.05804
37.83:  83.23621,-58.55961,93.05804
37.85:  83.23621,-58.55961,93.05804
37.86:  83.23621,-58.55961,93.05804
37.88:  83.23621,-58.55961,93.05804
37.9:  83.23621,-58.55961,93.05804
37.91:  83.23621,-58.55961,93.05804
37.93:  83.23621,-58.55961,93.05804
37.95:  83.23621,-58.55961,93.05804
37.96:  83.23621,-58.55961,93.05804
37.98:  83.23621,-58.55961,93.05804
38:  83.23621,-58.55961,91.55804
38.01:  83.23621,-58.55961,90.05804
38.03:  83.23621,-58.55961,88.55804
38.05:  83.23621,-58.55961,87.05804
38.06:  83.23621,-58.55961,85.55804
38.08:  83.23621,-58.55961,84.05804
38.1:  83.23621,-58.55961,82.55804
38.11:  83.23621,-58.55961,81.05804
38.13:  83.23621,-58.55961,79.55804
38.15:  83.23621,-58.55961,78.21042
38.16:  83.23621,-58.55961,77.01271
38.18:  83.23621,-58.55961,75.9649
38.2:  83.23621,-58.55961,75.06655
38.21:  83.23621,-58.55961,74.31812
38.23:  83.23621,-58.55961,73.71762
38.25:  83.23621,-58.55961,73.2695
38.26:  83.23621,-58.55961,72.97105
38.28:  83.23621,-58.55961,72.82082
38.3:  83.23621,-58.55961,72.8202
38.31:  83.23621,-58.55961,72.8202
38.33:  83.23621,-58.55961,72.8202
38.35:  83.23621,-58.55961,72.8202
38.36:  83.23621,-58.55961,72.8202
38.38:  83.23621,-58.55961,72.8202
38.4:  83.23621,-58.55961,72.8202
38.41:  83.23621,-58.55961,72.8202
38.43:  83.23621,-58.55961,72.8202
38.45:  83.23621,-58.55961,72.8202
38.46:  83.23621,-58.55961,72.8202
38.48:  83.23621,-58.55961,72.8202
38.5:  83.23621,-58.55961,72.8202
38.51:  83.23621,-58.55961,72.8202
38.53:  83.23621,-58.55961,72.8202
38.55:  83.23621,-58.55961,72.8202
38.56:  83.23621,-58.55961,72.8202
38.58:  83.23621,-58.55961,72.8202
38.6:  83.23621,-58.55961,72.8202
38.61:  83.23621,-58.55961,72.8202
38.63:  83.23621,-58.55961,72.8202
38.65:  83.23621,-58.55961,72.8202
38.66:  83.23621,-58.55961,72.8202
38.68:  83.23621,-58.55961,72.8202
38.7:  83.23621,-58.55961,72.8202
38.71:  83.23621,-58.55961,72.8202
38.73:  83.23621,-58.55961,72.8202
38.75:  83.23621,-58.55961,72.8202
38.76:  83.23621,-58.55961,72.8202
38.78:  83.23621,-58.55961,72.8202
38.8:  83.23621,-58.55961,72.8202
38.81:  83.23621,-58.55961,72.8202
38.83:  83.23621,-58.55961,72.8202
38.85:  83.23621,-58.55961,72.8202
38.86:  83.23621,-58.55961,72.8202
38.88:  83.23621,-58.55961,72.8202
38.9:  83.23621,-58.55961,72.8202
38.91:  83.23621,-58.55961,72.8202
38.93:  83.23621,-58.55961,72.8202
38.95:  83.23621,-58.55961,72.8202
38.96:  83.23621,-58.55961,72.8202
38.98:  83.23621,-58.55961,72.8202
39:  83.23621,-58.55961,72.8202
39.01:  83.23621,-58.55961,72.8202
39.03:  83.23621,-58.55961,72.8202
39.05:  83.23621,-58.55961,72.8202
39.06:  83.23621,-58.55961,72.8202
39.08:  83.23621,-58.55961,72.8202
39.1:  83.23621,-58.55961,72.8202
39.11:  83.23621,-58.55961,72.8202
39.13:  83.23621,-58.55961,72.8202
39.15:  83.23621,-58.55961,72.8202
39.16:  83.23621,-58.55961,72.8202
39.18:  83.23621,-58.55961,72.8202
39.2:  83.23621,-58.55961,72.8202
39.21:  83.23621,-58.55961,72.8202
39.23:  83.23621,-58.55961,72.8202
39.25:  83.23621,-58.55961,72.8202
39.26:  83.23621,-58.55961,72.8202
39.28:  83.23621,-58.55961,72.8202
39.3:  83.23621,-58.55961,72.8202
39.31:  83.23621,-58.55961,72.8202
39.33:  83.23621,-58.55961,72.8202
39.35:  83.23621,-58.55961,72.8202
39.36:  83.23621,-58.55961,72.8202
39.38:  83.23621,-58.55961,72.8202
39.4:  83.23621,-58.55961,72.8202
39.41:  83.23621,-58.55961,72.8202
39.43:  83.23621,-58.55961,72.8202
39.45:  83.23621,-58.55961,72.8202
39.46:  83.23621,-58.55961,72.8202
39.48:  83.23621,-58.55961,72.8202
39.5:  83.23621,-58.55961,72.8202
39.51:  83.23621,-58.55961,72.8202
39.53:  83.23621,-58.55961,72.8202
39.55:  83.23621,-58.55961,72.8202
39.56:  83.23621,-58.55961,72.8202
39.58:  83.23621,-58.55961,72.8202
39.6:  83.23621,-58.55961,72.8202
39.61:  83.23621,-58.55961,72.8202
39.63:  83.23621,-58.55961,72.8202
39.65:  83.23621,-58.55961,72.8202
39.66:  83.23621,-58.55961,72.8202
39.68:  83.23621,-58.55961,72.8202
39.7:  83.23621,-58.55961,72.8202
39.71:  83.23621,-58.55961,72.8202
39.73:  83.23621,-58.55961,72.8202
39.75:  83.23621,-58.55961,72.8202
39.76:  83.23621,-58.55961,72.8202
39.78:  83.23621,-58.55961,72.8202
39.8:  83.23621,-58.55961,72.8202
39.81:  83.23621,-58.55961,72.8202
39.83:  83.23621,-58.55961,72.8202
39.85:  83.23621,-58.55961,72.8202
39.86:  83.23621,-58.55961,72.8202
39.88:  83.23621,-58.55961,72.8202
39.9:  83.23621,-58.55961,72.8202
39.91:  83.23621,-58.55961,72.8202
39.93:  83.23621,-58.55961,72.8202
39.95:  83.23621,-58.55961,72.8202
39.96:  83.23621,-58.55961,72.8202
39.98:  83.23621,-58.55961,72.8202
40:  83.23621,-58.55961,72.8202
40.01:  83.23621,-58.55961,72.8202
40.03:  83.23621,-58.55961,72.8202
40.05:  83.23621,-58.55961,72.8202
40.06:  83.23621,-58.55961,72.8202
40.08:  83.23621,-58.55961,72.8202
40.1:  83.23621,-58.55961,72.8202
40.11:  83.23621,-58.55961,72.8202
40.13:  83.23621,-58.55961,72.8202
40.15:  83.23621,-58.55961,72.8202
40.16:  83.23621,-58.55961,72.8202
40.18:  83.23621,-58.55961,72.8202
40.2:  83.23621,-58.55961,72.8202
40.21:  83.23621,-58.55961,72.8202
40.23:  83.23621,-58.55961,72.8202
40.25:  83.23621,-58.55961,72.8202
40.26:  83.23621,-58.55961,72.8202
40.28:  83.23621,-58.55961,72.8202
40.3:  83.23621,-58.55961,72.8202
40.31:  83.23621,-58.55961,72.8202
40.33:  83.23621,-58.55961,72.8202
40.35:  83.23621,-58.55961,72.8202
40.36:  83.23621,-58.55961,72.8202
40.38:  83.23621,-58.55961,72.8202
40.4:  83.23621,-58.55961,72.8202
40.41:  83.23621,-58.55961,72.8202
40.43:  83.23621,-58.55961,72.8202
40.45:  83.23621,-58.55961,72.8202
40.46:  83.23621,-58.55961,72.8202
40.48:  83.23621,-58.55961,72.8202
40.5:  83.23621,-58.55961,72.8202
40.51:  83.23621,-58.55961,72.8202
40.53:  83.23621,-58.55961,72.8202
40.55:  83.23621,-58.55961,72.8202
40.56:  83.23621,-58.55961,72.8202
40.58:  83.23621,-58.55961,72.8202
40.6:  83.23621,-58.55961,72.8202
40.61:  83.23621,-58.55961,72.8202
40.63:  83.23621,-58.55961,72.8202
40.65:  83.23621,-58.55961,72.8202
40.66:  83.23621,-58.55961,72.8202
40.68:  83.23621,-58.55961,72.8202
40.7:  83.23621,-58.55961,72.8202
40.71:  83.23621,-58.55961,72.8202
40.73:  83.23621,-58.55961,72.8202
40.75:  83.23621,-58.55961,72.8202
40.76:  83.23621,-58.55961,72.8202
40.78:  83.23621,-58.55961,72.8202
40.8:  83.23621,-58.55961,72.8202
40.81:  83.23621,-58.55961,72.8202
40.83:  83.23621,-58.55961,72.8202
40.85:  83.23621,-58.55961,72.8202
40.86:  83.23621,-58.55961,72.8202
40.88:  83.23621,-58.55961,72.8202
40.9:  83.23621,-58.55961,72.8202
40.91:  83.23621,-58.55961,72.8202
40.93:  83.23621,-58.55961,72.8202
40.95:  83.23621,-58.55961,72.8202
40.96:  83.23621,-58.55961,72.8202
40.98:  83.23621,-58.55961,72.8202
41:  83.23621,-58.55961,72.8202
41.01:  83.23621,-58.55961,72.8202
41.03:  83.23621,-58.55961,72.8202
41.05:  83.23621,-58.55961,72.8202
41.07:  83.23621,-58.55961,72.8202
41.08:  83.23621,-58.55961,72.8202
41.1:  83.23621,-58.55961,72.8202
41.11:  83.23621,-58.55961,72.8202
41.13:  83.23621,-58.55961,72.8202
41.15:  83.23621,-58.55961,72.8202
41.16:  83.23621,-58.55961,72.8202
41.18:  83.23621,-58.55961,72.8202
41.2:  83.23621,-58.55961,72.8202
41.21:  83.23621,-58.55961,72.8202
41.23:  83.23621,-58.55961,72.8202
41.25:  83.23621,-58.55961,72.8202
41.26:  83.23621,-58.55961,72.8202
41.28:  83.23621,-58.55961,72.8202
41.3:  83.23621,-58.55961,72.8202
41.31:  83.23621,-58.55961,72.8202
41.33:  83.23621,-58.55961,72.8202
41.35:  83.23621,-58.55961,72.8202
41.36:  83.23621,-58.55961,72.8202
41.38:  83.23621,-58.55961,72.8202
41.4:  83.23621,-58.55961,72.8202
41.41:  83.23621,-58.55961,72.8202
41.43:  83.23621,-58.55961,72.8202
41.45:  83.23621,-58.55961,72.8202
41.46:  83.23621,-58.55961,72.8202
41.48:  83.23621,-58.55961,72.8202
41.5:  83.23621,-58.55961,72.8202
41.51:  83.23621,-58.55961,72.8202
41.53:  83.23621,-58.55961,72.8202
41.55:  83.23621,-58.55961,72.8202
41.56:  83.23621,-58.55961,72.8202
41.58:  83.23621,-58.55961,72.8202
41.6:  83.23621,-58.55961,72.8202
41.61:  83.23621,-58.55961,72.8202
41.63:  83.23621,-58.55961,72.8202
41.65:  83.23621,-58.55961,72.8202
41.66:  83.23621,-58.55961,72.8202
41.68:  83.23621,-58.55961,72.8202
41.7:  83.23621,-58.55961,72.8202
41.71:  83.23621,-58.55961,72.8202
41.73:  83.23621,-58.55961,72.8202
41.75:  83.23621,-58.55961,72.8202
41.76:  83.23621,-58.55961,72.8202
41.78:  83.23621,-58.55961,72.8202
41.8:  83.23621,-58.55961,72.8202
41.81:  83.23621,-58.55961,72.8202
41.83:  83.23621,-58.55961,72.8202
41.85:  83.23621,-58.55961,72.8202
41.86:  83.23621,-58.55961,72.8202
41.88:  83.23621,-58.55961,72.8202
41.9:  83.23621,-58.55961,72.8202
41.91:  83.23621,-58.55961,72.8202
41.93:  83.23621,-58.55961,72.8202
41.95:  83.23621,-58.55961,72.8202
41.96:  83.23621,-58.55961,72.8202
41.98:  83.23621,-58.55961,72.8202
42:  83.23621,-58.55961,72.8202
42.01:  83.23621,-58.55961,72.8202
42.03:  83.23621,-58.55961,72.8202
42.05:  83.23621,-58.55961,72.8202
