ParticipantNo: 22006
Controller type: Arrows Only
Training Level:
0.02:  82.7,18.5,270
0.04:  82.7,18.5,270
0.06:  82.7,18.5,270
0.08:  82.7,18.5,270
0.09:  82.7,18.5,270
0.11:  82.7,18.5,270
0.13:  82.7,18.5,270
0.14:  82.7,18.5,270
0.16:  82.7,18.5,270
0.18:  82.7,18.5,270
0.19:  82.7,18.5,270
0.21:  82.7,18.5,270
0.23:  82.7,18.5,270
0.24:  82.7,18.5,270
0.26:  82.7,18.5,270
0.28:  82.7,18.5,270
0.29:  82.7,18.5,270
0.31:  82.7,18.5,270
0.33:  82.7,18.5,270
0.34:  82.7,18.5,270
0.36:  82.7,18.5,270
0.38:  82.7,18.5,270
0.39:  82.7,18.5,270
0.41:  82.7,18.5,270
0.43:  82.7,18.5,270
0.44:  82.7,18.5,270
0.46:  82.7,18.5,270
0.48:  82.7,18.5,270
0.49:  82.7,18.5,270
0.51:  82.7,18.5,270
0.53:  82.7,18.5,270
0.54:  82.7,18.5,270
0.56:  82.7,18.5,270
0.58:  82.7,18.5,270
0.59:  82.7,18.5,270
0.61:  82.7,18.5,270
0.63:  82.7,18.5,270
0.64:  82.7,18.5,270
0.66:  82.7,18.5,270
0.68:  82.7,18.5,270
0.69:  82.7,18.5,270
0.71:  82.7,18.5,270
0.73:  82.7,18.5,270
0.74:  82.7,18.5,270
0.76:  82.7,18.5,270
0.78:  82.7,18.5,270
0.79:  82.7,18.5,270
0.81:  82.7,18.5,270
0.83:  82.7,18.5,270
0.84:  82.7,18.5,270
0.86:  82.7,18.5,270
0.88:  82.7,18.5,270
0.89:  82.7,18.5,270
0.91:  82.7,18.5,270
0.93:  82.7,18.5,270
0.94:  82.7,18.5,270
0.96:  82.7,18.5,270
0.98:  82.7,18.5,270
0.99:  82.7,18.5,270
1.01:  82.7,18.5,270
1.03:  82.7,18.5,270
1.04:  82.7,18.5,270
1.06:  82.7,18.5,270
1.08:  82.7,18.5,270
1.09:  82.7,18.5,270
1.11:  82.7,18.5,270
1.13:  82.7,18.5,270
1.14:  82.7,18.5,270
1.16:  82.7,18.5,270
1.18:  82.7,18.5,270
1.19:  82.7,18.5,270
1.21:  82.7,18.5,270
1.23:  82.7,18.5,270
1.24:  82.7,18.5,270
1.26:  82.7,18.5,270
1.28:  82.7,18.5,270
1.29:  82.7,18.5,270
1.31:  82.7,18.5,270
1.33:  82.7,18.5,270
1.34:  82.7,18.5,270
1.36:  82.7,18.5,270
1.38:  82.7,18.5,270
1.39:  82.7,18.5,270
1.41:  82.7,18.5,270
1.43:  82.7,18.5,270
1.44:  82.7,18.5,270
1.46:  82.7,18.5,270
1.48:  82.7,18.5,270
1.49:  82.7,18.5,270
1.51:  82.7,18.5,270
1.53:  82.7,18.5,270
1.54:  82.7,18.5,270
1.56:  82.7,18.5,270
1.58:  82.7,18.5,270
1.59:  82.7,18.5,270
1.61:  82.7,18.5,270
1.63:  82.7,18.5,270
1.64:  82.7,18.5,270
1.66:  82.7,18.5,270
1.68:  82.7,18.5,270
1.69:  82.7,18.5,270
1.71:  82.7,18.5,270
1.73:  82.7,18.5,270
1.74:  82.7,18.5,270
1.76:  82.7,18.5,270
1.78:  82.7,18.5,270
1.79:  82.7,18.5,270
1.81:  82.7,18.5,270
1.83:  82.7,18.5,270
1.84:  82.7,18.5,270
1.86:  82.7,18.5,270
1.88:  82.7,18.5,270
1.89:  82.7,18.5,270
1.91:  82.7,18.5,270
1.93:  82.7,18.5,270
1.94:  82.7,18.5,270
1.96:  82.7,18.5,270
1.98:  82.7,18.5,270
1.99:  82.7,18.5,270
2.01:  82.7,18.5,270
2.03:  82.7,18.5,270
2.04:  82.7,18.5,270
2.06:  82.7,18.5,270
2.08:  82.7,18.5,270
2.09:  82.7,18.5,270
2.11:  82.7,18.5,270
2.13:  82.7,18.5,270
2.14:  82.7,18.5,270
2.16:  82.7,18.5,270
2.18:  82.7,18.5,270
2.19:  82.7,18.5,270
2.21:  82.7,18.5,270
2.23:  82.7,18.5,270
2.24:  82.7,18.5,270
2.26:  82.7,18.5,270
2.28:  82.7,18.5,270
2.29:  82.7,18.5,270
2.31:  82.7,18.5,270
2.33:  82.7,18.5,270
2.34:  82.7,18.5,270
2.36:  82.7,18.5,270
2.38:  82.7,18.5,270
2.39:  82.7,18.5,270
2.41:  82.7,18.5,270
2.43:  82.7,18.5,270
2.44:  82.7,18.5,270
2.46:  82.7,18.5,270
2.48:  82.7,18.5,270
2.49:  82.7,18.5,270
2.51:  82.7,18.5,270
2.53:  82.7,18.5,270
2.54:  82.7,18.5,270
2.56:  82.7,18.5,270
2.58:  82.7,18.5,270
2.59:  82.7,18.5,270
2.61:  82.7,18.5,270
2.63:  82.7,18.5,270
2.64:  82.7,18.5,270
2.66:  82.7,18.5,270
2.68:  82.7,18.5,270
2.69:  82.7,18.5,270
2.71:  82.7,18.5,270
2.73:  82.7,18.5,270
2.74:  82.7,18.5,270
2.76:  82.7,18.5,270
2.78:  82.7,18.5,270
2.79:  82.7,18.5,270
2.81:  82.7,18.5,270
2.83:  82.7,18.5,270
2.84:  82.7,18.5,270
2.86:  82.7,18.5,270
2.88:  82.7,18.5,270
2.89:  82.7,18.5,270
2.91:  82.7,18.5,270
2.93:  82.7,18.5,270
2.94:  82.7,18.5,270
2.96:  82.7,18.5,270
2.98:  82.7,18.5,270
2.99:  82.7,18.5,270
3.01:  82.7,18.5,270
3.03:  82.7,18.5,270
3.04:  82.7,18.5,270
3.06:  82.7,18.5,270
3.08:  82.7,18.5,270
3.09:  82.68739,18.5,270
3.11:  82.66343,18.5,270
3.13:  82.62582,18.5,270
3.14:  82.5737,18.5,270
3.16:  82.51398,18.5,270
3.18:  82.43877,18.5,270
3.19:  82.35173,18.5,270
3.21:  82.24867,18.5,270
3.23:  82.13569,18.5,270
3.24:  82.01471,18.5,270
3.26:  81.87756,18.5,270
3.28:  81.72844,18.5,270
3.29:  81.56561,18.5,270
3.31:  81.39007,18.5,270
3.33:  81.2048,18.5,270
3.34:  81.0271,18.5,270
3.36:  80.8666,18.5,270
3.38:  80.71358,18.5,270
3.39:  80.57861,18.5,270
3.41:  80.45524,18.5,270
3.43:  80.34344,18.5,270
3.44:  80.24409,18.5,270
3.46:  80.15654,18.5,270
3.48:  80.08212,18.5,270
3.49:  80.0199,18.5,270
3.51:  79.97054,18.5,270
3.53:  79.93345,18.5,270
3.54:  79.90841,18.5,270
3.56:  79.89656,18.5,270
3.58:  79.89656,18.5,270
3.59:  79.89656,18.5,270
3.61:  79.89656,18.5,270
3.63:  79.89656,18.5,270
3.64:  79.89656,18.5,270
3.66:  79.89656,18.5,270
3.68:  79.89656,18.5,270
3.69:  79.89656,18.5,270
3.71:  79.89656,18.5,270
3.73:  79.89656,18.5,270
3.74:  79.89656,18.5,270
3.76:  79.89656,18.5,270
3.78:  79.89656,18.5,270
3.79:  79.89656,18.5,270
3.81:  79.90904,18.5,270
3.83:  79.93411,18.5,270
3.84:  79.9716,18.5,270
3.86:  80.02039,18.5,270
3.88:  80.08607,18.5,270
3.89:  80.16039,18.5,270
3.91:  80.24794,18.5,270
3.93:  80.34607,18.5,270
3.94:  80.45838,18.5,270
3.96:  80.58337,18.5,270
3.98:  80.72096,18.5,270
3.99:  80.87135,18.5,270
4.01:  81.03339,18.5,270
4.03:  81.20882,18.5,270
4.04:  81.39675,18.5,270
4.06:  81.59355,18.5,270
4.08:  81.80968,18.5,270
4.09:  82.01022,18.5,270
4.11:  82.20169,18.5,270
4.13:  82.37522,18.5,270
4.14:  82.53365,18.5,270
4.16:  82.68736,18.5,270
4.18:  82.82207,18.5,270
4.19:  82.94646,18.5,270
4.21:  83.05916,18.5,270
4.23:  83.15833,18.5,270
4.24:  83.24741,18.5,270
4.26:  83.32217,18.5,270
4.28:  83.38502,18.5,270
4.29:  83.43505,18.5,270
4.31:  83.4722,18.5,270
4.33:  83.49762,18.5,270
4.34:  83.51019,18.5,270
4.36:  83.51019,18.5,270
4.38:  83.51019,18.5,270
4.39:  83.51019,18.5,270
4.41:  83.51019,18.5,270
4.43:  83.51019,18.5,270
4.44:  83.51019,18.5,270
4.46:  83.51019,18.5,270
4.48:  83.51019,18.5,270
4.49:  83.51019,18.5,270
4.51:  83.51019,18.5,270
4.53:  83.51019,18.5,270
4.54:  83.51019,18.5,270
4.56:  83.51019,18.5,270
4.58:  83.51019,18.5,270
4.59:  83.51019,18.5,270
4.61:  83.51019,18.5,270
4.63:  83.51019,18.5,270
4.64:  83.51019,18.5,270
4.66:  83.51019,18.5,270
4.68:  83.51019,18.5,270
4.69:  83.51019,18.5,270
4.71:  83.51019,18.5,270
4.73:  83.51019,18.5,270
4.74:  83.51019,18.5,270
4.76:  83.51019,18.5,270
4.78:  83.51019,18.5,270
4.79:  83.51019,18.5,270
4.81:  83.51019,18.5,270
4.83:  83.51019,18.5,270
4.84:  83.51019,18.5,270
4.86:  83.51019,18.5,270
4.88:  83.51019,18.5,270
4.89:  83.51019,18.5,270
4.91:  83.51019,18.5,270
4.93:  83.51019,18.5,270
4.94:  83.51019,18.5,270
4.96:  83.51019,18.5,270
4.98:  83.51019,18.5,270
4.99:  83.51019,18.5,270
5.01:  83.51019,18.5,270
5.03:  83.51019,18.5,270
5.04:  83.51019,18.5,270
5.06:  83.51019,18.5,270
5.08:  83.51019,18.5,270
5.09:  83.51019,18.5,268.5
5.11:  83.51019,18.5,267
5.13:  83.51019,18.5,265.5
5.14:  83.51019,18.5,264
5.16:  83.51019,18.5,262.5
5.18:  83.51019,18.5,261
5.19:  83.51019,18.5,259.5
5.21:  83.51019,18.5,258
5.23:  83.51019,18.5,256.5
5.24:  83.51019,18.5,255
5.26:  83.51019,18.5,253.5
5.28:  83.51019,18.5,252
5.29:  83.51019,18.5,250.5
5.31:  83.51019,18.5,249
5.33:  83.51019,18.5,247.5
5.34:  83.51019,18.5,246
5.36:  83.51019,18.5,244.5
5.38:  83.51019,18.5,243
5.39:  83.51019,18.5,241.5
5.41:  83.51019,18.5,240
5.43:  83.51019,18.5,238.5
5.44:  83.51019,18.5,237
5.46:  83.51019,18.5,235.5
5.48:  83.51019,18.5,234
5.49:  83.51019,18.5,232.5
5.51:  83.51019,18.5,231
5.53:  83.51019,18.5,229.5
5.54:  83.51019,18.5,228
5.56:  83.51019,18.5,226.6585
5.58:  83.51019,18.5,225.4609
5.59:  83.51019,18.5,224.4108
5.61:  83.51019,18.5,223.5109
5.63:  83.51019,18.5,222.7649
5.64:  83.51019,18.5,222.1675
5.66:  83.51019,18.5,221.719
5.68:  83.51019,18.5,221.42
5.69:  83.51019,18.5,221.2672
5.71:  83.51019,18.5,221.2672
5.73:  83.51019,18.5,221.2672
5.74:  83.51019,18.5,221.2672
5.76:  83.51019,18.5,221.2672
5.78:  83.51019,18.5,221.2672
5.79:  83.51019,18.5,221.2672
5.81:  83.51019,18.5,221.2672
5.83:  83.51019,18.5,221.2672
5.84:  83.51019,18.5,221.2672
5.86:  83.51019,18.5,221.2672
5.88:  83.51019,18.5,221.2672
5.89:  83.51019,18.5,221.2672
5.91:  83.51019,18.5,221.2672
5.93:  83.51019,18.5,221.2672
5.94:  83.51019,18.5,221.2672
5.96:  83.51019,18.5,221.2672
5.98:  83.51019,18.5,221.2672
5.99:  83.51019,18.5,222.7672
6.01:  83.51019,18.5,224.2672
6.03:  83.51019,18.5,225.7672
6.04:  83.51019,18.5,227.2672
6.06:  83.51019,18.5,228.7672
6.08:  83.51019,18.5,230.2672
6.09:  83.51019,18.5,231.7672
6.11:  83.51019,18.5,233.2672
6.13:  83.51019,18.5,234.7672
6.14:  83.51019,18.5,236.2672
6.16:  83.51019,18.5,237.7672
6.18:  83.51019,18.5,239.2672
6.19:  83.51019,18.5,240.7672
6.21:  83.51019,18.5,242.2672
6.23:  83.51019,18.5,243.7672
6.24:  83.51019,18.5,245.2672
6.26:  83.51019,18.5,246.7672
6.28:  83.51019,18.5,248.2672
6.29:  83.51019,18.5,249.7672
6.31:  83.51019,18.5,251.2672
6.33:  83.51019,18.5,252.7672
6.34:  83.51019,18.5,254.2672
6.36:  83.51019,18.5,255.7672
6.38:  83.51019,18.5,257.2672
6.39:  83.51019,18.5,258.7672
6.41:  83.51019,18.5,260.1179
6.43:  83.51019,18.5,261.3202
6.44:  83.51019,18.5,262.3732
6.46:  83.51019,18.5,263.276
6.48:  83.51019,18.5,264.0298
6.49:  83.51019,18.5,264.632
6.51:  83.51019,18.5,265.0844
6.53:  83.51019,18.5,265.3864
6.54:  83.51019,18.5,265.5394
6.56:  83.51019,18.5,265.5394
6.58:  83.51019,18.5,265.5394
6.59:  83.51019,18.5,265.5394
6.61:  83.51019,18.5,265.5394
6.63:  83.51019,18.5,265.5394
6.64:  83.51019,18.5,265.5394
6.66:  83.51019,18.5,265.5394
6.68:  83.51019,18.5,265.5394
6.69:  83.51019,18.5,265.5394
6.71:  83.51019,18.5,265.5394
6.73:  83.51019,18.5,265.5394
6.74:  83.51019,18.5,265.5394
6.76:  83.51019,18.5,265.5394
6.78:  83.51019,18.5,265.5394
6.79:  83.51019,18.5,265.5394
6.81:  83.51019,18.5,265.5394
6.83:  83.51019,18.5,265.5394
6.84:  83.51019,18.5,265.5394
6.86:  83.51019,18.5,265.5394
6.88:  83.51019,18.5,265.5394
6.89:  83.51019,18.5,265.5394
6.91:  83.51019,18.5,265.5394
6.93:  83.51019,18.5,265.5394
6.94:  83.51019,18.5,265.5394
6.96:  83.51019,18.5,265.5394
6.98:  83.51019,18.5,265.5394
6.99:  83.51019,18.5,265.5394
7.01:  83.51019,18.5,265.5394
7.03:  83.51019,18.5,265.5394
7.04:  83.51019,18.5,265.5394
7.06:  83.51019,18.5,265.5394
7.08:  83.51019,18.5,265.5394
7.09:  83.51019,18.5,265.5394
7.11:  83.51019,18.5,265.5394
7.13:  83.51019,18.5,265.5394
7.14:  83.51019,18.5,265.5394
7.16:  83.51019,18.5,265.5394
7.18:  83.51019,18.5,265.5394
7.19:  83.51019,18.5,265.5394
7.21:  83.51019,18.5,265.5394
7.23:  83.51019,18.5,265.5394
7.24:  83.51019,18.5,265.5394
7.26:  83.51019,18.5,265.5394
7.28:  83.51019,18.5,265.5394
7.29:  83.51019,18.5,265.5394
7.31:  83.51019,18.5,265.5394
7.33:  83.51019,18.5,265.5394
7.34:  83.51019,18.5,265.5394
7.36:  83.51019,18.5,265.5394
7.38:  83.51019,18.5,267.0394
7.39:  83.51019,18.5,268.5394
7.41:  83.51019,18.5,270.0394
7.43:  83.51019,18.5,271.5394
7.44:  83.51019,18.5,273.0394
7.46:  83.51019,18.5,274.5394
7.48:  83.51019,18.5,276.0394
7.49:  83.51019,18.5,277.3882
7.51:  83.51019,18.5,278.588
7.53:  83.51019,18.5,279.6367
7.54:  83.51019,18.5,280.5373
7.56:  83.51019,18.5,281.2876
7.58:  83.51019,18.5,281.8876
7.59:  83.51019,18.5,282.3381
7.61:  83.51019,18.5,282.638
7.63:  83.51019,18.5,282.7888
7.64:  83.51019,18.5,282.7895
7.66:  83.51019,18.5,282.7895
7.68:  83.51019,18.5,282.7895
7.69:  83.51019,18.5,282.7895
7.71:  83.51019,18.5,282.7895
7.73:  83.51019,18.5,282.7895
7.74:  83.51019,18.5,282.7895
7.76:  83.51019,18.5,282.7895
7.78:  83.51019,18.5,282.7895
7.79:  83.51019,18.5,282.7895
7.81:  83.51019,18.5,282.7895
7.83:  83.51019,18.5,282.7895
7.84:  83.51019,18.5,282.7895
7.86:  83.51019,18.5,282.7895
7.88:  83.51019,18.5,282.7895
7.89:  83.51019,18.5,282.7895
7.91:  83.51019,18.5,282.7895
7.93:  83.51019,18.5,282.7895
7.94:  83.51019,18.5,282.7895
7.96:  83.51019,18.5,282.7895
7.98:  83.51019,18.5,282.7895
7.99:  83.51019,18.5,282.7895
8.01:  83.51019,18.5,282.7895
8.03:  83.51019,18.5,282.7895
8.04:  83.51019,18.5,282.7895
8.06:  83.51019,18.5,282.7895
8.08:  83.51019,18.5,282.7895
8.09:  83.51019,18.5,282.7895
8.11:  83.51019,18.5,282.7895
8.13:  83.51019,18.5,282.7895
8.14:  83.51019,18.5,282.7895
8.16:  83.51019,18.5,282.7895
8.18:  83.51019,18.5,282.7895
8.19:  83.51019,18.5,282.7895
8.21:  83.51019,18.5,282.7895
8.23:  83.51019,18.5,282.7895
8.24:  83.51019,18.5,282.7895
8.26:  83.51019,18.5,282.7895
8.28:  83.51019,18.5,282.7895
8.29:  83.51019,18.5,282.7895
8.31:  83.51019,18.5,282.7895
8.33:  83.51019,18.5,282.7895
8.34:  83.51019,18.5,282.7895
8.36:  83.51019,18.5,282.7895
8.38:  83.51019,18.5,282.7895
8.39:  83.51019,18.5,282.7895
8.41:  83.51019,18.5,282.7895
8.43:  83.51019,18.5,282.7895
8.44:  83.51019,18.5,282.7895
8.46:  83.51019,18.5,282.7895
8.48:  83.51019,18.5,282.7895
8.49:  83.51019,18.5,282.7895
8.51:  83.51019,18.5,282.7895
8.53:  83.51019,18.5,282.7895
8.54:  83.51019,18.5,282.7895
8.56:  83.51019,18.5,282.7895
8.58:  83.51019,18.5,282.7895
8.59:  83.51019,18.5,282.7895
8.61:  83.51019,18.5,282.7895
8.63:  83.51019,18.5,282.7895
8.64:  83.51019,18.5,282.7895
8.66:  83.51019,18.5,282.7895
8.68:  83.51019,18.5,282.7895
8.69:  83.51019,18.5,282.7895
8.71:  83.51019,18.5,282.7895
8.73:  83.51019,18.5,282.7895
8.74:  83.51019,18.5,282.7895
8.76:  83.51019,18.5,282.7895
8.78:  83.51019,18.5,282.7895
8.79:  83.51019,18.5,282.7895
8.81:  83.51019,18.5,282.7895
8.83:  83.51019,18.5,282.7895
8.84:  83.51019,18.5,282.7895
8.86:  83.51019,18.5,282.7895
8.88:  83.51019,18.5,282.7895
8.89:  83.51019,18.5,282.7895
8.91:  83.51019,18.5,282.7895
8.93:  83.51019,18.5,282.7895
8.94:  83.51019,18.5,282.7895
8.96:  83.51019,18.5,282.7895
8.98:  83.51019,18.5,282.7895
8.99:  83.51019,18.5,282.7895
9.01:  83.51019,18.5,282.7895
9.03:  83.51019,18.5,282.7895
9.04:  83.51019,18.5,282.7895
9.06:  83.51019,18.5,282.7895
9.08:  83.51019,18.5,282.7895
9.09:  83.51019,18.5,282.7895
9.11:  83.51019,18.5,282.7895
9.13:  83.51019,18.5,282.7895
9.14:  83.51019,18.5,282.7895
9.16:  83.51019,18.5,282.7895
9.18:  83.51019,18.5,282.7895
9.19:  83.51019,18.5,282.7895
9.21:  83.51019,18.5,282.7895
9.23:  83.51019,18.5,282.7895
9.24:  83.51019,18.5,282.7895
9.26:  83.51019,18.5,282.7895
9.28:  83.51019,18.5,282.7895
9.29:  83.51019,18.5,282.7895
9.31:  83.51019,18.5,282.7895
9.33:  83.51019,18.5,282.7895
9.34:  83.51019,18.5,282.7895
9.36:  83.51019,18.5,282.7895
9.38:  83.51019,18.5,282.7895
9.39:  83.51019,18.5,282.7895
9.41:  83.51019,18.5,282.7895
9.43:  83.51019,18.5,282.7895
9.44:  83.51019,18.5,282.7895
9.46:  83.51019,18.5,282.7895
9.48:  83.51019,18.5,282.7895
9.49:  83.51019,18.5,282.7895
9.51:  83.51019,18.5,282.7895
9.53:  83.51019,18.5,282.7895
9.54:  83.51019,18.5,282.7895
9.56:  83.51019,18.5,282.7895
9.58:  83.51019,18.5,282.7895
9.59:  83.51019,18.5,282.7895
9.61:  83.51019,18.5,282.7895
9.63:  83.51019,18.5,282.7895
9.64:  83.51019,18.5,282.7895
9.66:  83.51019,18.5,282.7895
9.68:  83.51019,18.5,282.7895
9.69:  83.51019,18.5,282.7895
9.71:  83.51019,18.5,282.7895
9.73:  83.51019,18.5,282.7895
9.74:  83.51019,18.5,282.7895
9.76:  83.51019,18.5,282.7895
9.78:  83.51019,18.5,282.7895
9.79:  83.51019,18.5,282.7895
9.81:  83.51019,18.5,282.7895
9.83:  83.51019,18.5,282.7895
9.84:  83.51019,18.5,282.7895
9.86:  83.51019,18.5,282.7895
9.88:  83.51019,18.5,282.7895
9.89:  83.51019,18.5,282.7895
9.91:  83.51019,18.5,282.7895
9.93:  83.51019,18.5,282.7895
9.94:  83.51019,18.5,282.7895
9.96:  83.51019,18.5,282.7895
9.98:  83.51019,18.5,282.7895
9.99:  83.51019,18.5,282.7895
10.01:  83.51019,18.5,282.7895
10.03:  83.51019,18.5,282.7895
10.04:  83.51019,18.5,282.7895
10.06:  83.51019,18.5,282.7895
10.08:  83.51019,18.5,282.7895
10.09:  83.51019,18.5,282.7895
10.11:  83.51019,18.5,282.7895
10.13:  83.51019,18.5,282.7895
10.14:  83.51019,18.5,282.7895
10.16:  83.51019,18.5,282.7895
10.18:  83.51019,18.5,282.7895
10.19:  83.51019,18.5,282.7895
10.21:  83.51019,18.5,282.7895
10.23:  83.51019,18.5,282.7895
10.24:  83.51019,18.5,282.7895
10.26:  83.51019,18.5,282.7895
10.28:  83.51019,18.5,282.7895
10.29:  83.51019,18.5,282.7895
10.31:  83.51019,18.5,282.7895
10.33:  83.51019,18.5,282.7895
10.34:  83.51019,18.5,282.7895
10.36:  83.51019,18.5,282.7895
10.38:  83.51019,18.5,282.7895
10.39:  83.51019,18.5,282.7895
10.41:  83.51019,18.5,282.7895
10.43:  83.51019,18.5,282.7895
10.44:  83.51019,18.5,282.7895
10.46:  83.51019,18.5,282.7895
10.48:  83.51019,18.5,282.7895
10.49:  83.51019,18.5,282.7895
10.51:  83.51019,18.5,282.7895
10.53:  83.51019,18.5,282.7895
10.54:  83.51019,18.5,282.7895
10.56:  83.51019,18.5,282.7895
10.58:  83.51019,18.5,282.7895
10.59:  83.51019,18.5,282.7895
10.61:  83.51019,18.5,282.7895
10.63:  83.51019,18.5,282.7895
10.64:  83.51019,18.5,282.7895
10.66:  83.51019,18.5,282.7895
10.68:  83.51019,18.5,282.7895
10.69:  83.51019,18.5,282.7895
10.71:  83.51019,18.5,282.7895
10.73:  83.51019,18.5,282.7895
10.74:  83.51019,18.5,282.7895
10.76:  83.51019,18.5,282.7895
10.78:  83.51019,18.5,282.7895
10.79:  83.51019,18.5,282.7895
10.81:  83.51019,18.5,282.7895
10.83:  83.51019,18.5,282.7895
10.86:  83.51019,18.5,282.7895
10.88:  83.51019,18.5,282.7895
10.89:  83.51019,18.5,282.7895
10.91:  83.51019,18.5,282.7895
10.93:  83.51019,18.5,282.7895
10.94:  83.51019,18.5,282.7895
10.96:  83.51019,18.5,282.7895
10.98:  83.51019,18.5,282.7895
10.99:  83.51019,18.5,282.7895
11.01:  83.51019,18.5,282.7895
11.03:  83.51019,18.5,282.7895
11.04:  83.51019,18.5,282.7895
11.06:  83.51019,18.5,282.7895
11.08:  83.51019,18.5,282.7895
11.09:  83.51019,18.5,282.7895
11.11:  83.51019,18.5,282.7895
11.13:  83.51019,18.5,282.7895
11.14:  83.51019,18.5,282.7895
11.16:  83.51019,18.5,282.7895
11.18:  83.51019,18.5,282.7895
11.19:  83.51019,18.5,282.7895
11.21:  83.51019,18.5,282.7895
11.23:  83.51019,18.5,282.7895
11.24:  83.51019,18.5,282.7895
11.26:  83.51019,18.5,282.7895
11.28:  83.51019,18.5,282.7895
11.29:  83.51019,18.5,282.7895
11.31:  83.51019,18.5,282.7895
11.33:  83.51019,18.5,282.7895
11.34:  83.51019,18.5,282.7895
11.36:  83.51019,18.5,282.7895
11.38:  83.51019,18.5,282.7895
11.39:  83.51019,18.5,282.7895
11.41:  83.51019,18.5,282.7895
11.43:  83.51019,18.5,282.7895
11.44:  83.51019,18.5,282.7895
11.46:  83.51019,18.5,282.7895
11.48:  83.51019,18.5,282.7895
11.49:  83.51019,18.5,282.7895
11.51:  83.51019,18.5,282.7895
11.53:  83.51019,18.5,282.7895
11.54:  83.51019,18.5,282.7895
11.56:  83.51019,18.5,282.7895
11.58:  83.51019,18.5,282.7895
11.59:  83.51019,18.5,282.7895
11.61:  83.51019,18.5,282.7895
11.63:  83.51019,18.5,282.7895
11.64:  83.51019,18.5,282.7895
11.66:  83.51019,18.5,282.7895
11.68:  83.51019,18.5,282.7895
11.69:  83.51019,18.5,282.7895
11.71:  83.51019,18.5,282.7895
11.73:  83.51019,18.5,282.7895
11.74:  83.51019,18.5,282.7895
11.76:  83.51019,18.5,282.7895
11.78:  83.51019,18.5,282.7895
11.79:  83.51019,18.5,282.7895
11.81:  83.51019,18.5,282.7895
11.83:  83.51019,18.5,282.7895
11.84:  83.51019,18.5,282.7895
11.86:  83.51019,18.5,282.7895
11.88:  83.51019,18.5,282.7895
11.89:  83.51019,18.5,282.7895
11.91:  83.51019,18.5,282.7895
11.93:  83.51019,18.5,282.7895
11.94:  83.51019,18.5,282.7895
11.96:  83.51019,18.5,282.7895
11.98:  83.51019,18.5,282.7895
11.99:  83.51019,18.5,282.7895
12.01:  83.51019,18.5,282.7895
12.03:  83.51019,18.5,282.7895
12.04:  83.51019,18.5,282.7895
12.06:  83.51019,18.5,282.7895
12.08:  83.51019,18.5,282.7895
12.09:  83.51019,18.5,282.7895
12.11:  83.51019,18.5,282.7895
12.13:  83.51019,18.5,282.7895
12.14:  83.51019,18.5,282.7895
12.16:  83.51019,18.5,282.7895
12.18:  83.51019,18.5,282.7895
12.19:  83.51019,18.5,282.7895
12.21:  83.51019,18.5,282.7895
12.23:  83.51019,18.5,282.7895
12.24:  83.51019,18.5,282.7895
12.26:  83.51019,18.5,282.7895
12.28:  83.51019,18.5,282.7895
12.29:  83.51019,18.5,282.7895
12.31:  83.51019,18.5,282.7895
12.33:  83.51019,18.5,282.7895
12.34:  83.51019,18.5,282.7895
12.36:  83.51019,18.5,282.7895
12.38:  83.51019,18.5,282.7895
12.39:  83.51019,18.5,282.7895
12.41:  83.51019,18.5,282.7895
12.43:  83.51019,18.5,282.7895
12.44:  83.51019,18.5,282.7895
12.46:  83.51019,18.5,282.7895
12.48:  83.51019,18.5,282.7895
12.49:  83.51019,18.5,282.7895
12.51:  83.51019,18.5,282.7895
12.53:  83.51019,18.5,282.7895
12.54:  83.51019,18.5,282.7895
12.56:  83.51019,18.5,282.7895
12.58:  83.51019,18.5,282.7895
12.59:  83.51019,18.5,282.7895
12.61:  83.51019,18.5,282.7895
12.63:  83.51019,18.5,282.7895
12.64:  83.51019,18.5,282.7895
12.66:  83.51019,18.5,282.7895
12.68:  83.51019,18.5,282.7895
12.69:  83.51019,18.5,282.7895
12.71:  83.51019,18.5,282.7895
12.73:  83.51019,18.5,282.7895
12.74:  83.51019,18.5,282.7895
12.76:  83.51019,18.5,282.7895
12.78:  83.51019,18.5,282.7895
12.79:  83.51019,18.5,282.7895
12.81:  83.51019,18.5,282.7895
12.83:  83.51019,18.5,282.7895
12.84:  83.51019,18.5,282.7895
12.86:  83.51019,18.5,282.7895
12.88:  83.51019,18.5,282.7895
12.89:  83.51019,18.5,282.7895
12.91:  83.51019,18.5,282.7895
12.93:  83.51019,18.5,282.7895
12.94:  83.51019,18.5,282.7895
12.96:  83.51019,18.5,282.7895
12.98:  83.51019,18.5,282.7895
12.99:  83.51019,18.5,282.7895
13.01:  83.51019,18.5,282.7895
13.03:  83.51019,18.5,282.7895
13.04:  83.51019,18.5,282.7895
13.06:  83.51019,18.5,282.7895
13.08:  83.51019,18.5,282.7895
13.09:  83.51019,18.5,282.7895
13.11:  83.51019,18.5,282.7895
13.13:  83.51019,18.5,282.7895
13.14:  83.51019,18.5,282.7895
13.16:  83.51019,18.5,282.7895
13.18:  83.51019,18.5,282.7895
13.19:  83.51019,18.5,282.7895
13.21:  83.51019,18.5,282.7895
13.23:  83.51019,18.5,282.7895
13.24:  83.51019,18.5,282.7895
13.26:  83.51019,18.5,282.7895
13.28:  83.51019,18.5,282.7895
13.29:  83.51019,18.5,282.7895
13.31:  83.51019,18.5,282.7895
13.33:  83.51019,18.5,282.7895
13.34:  83.51019,18.5,282.7895
13.36:  83.51019,18.5,282.7895
13.38:  83.51019,18.5,282.7895
13.39:  83.51019,18.5,282.7895
13.41:  83.51019,18.5,282.7895
13.43:  83.51019,18.5,282.7895
13.44:  83.51019,18.5,282.7895
13.46:  83.51019,18.5,282.7895
13.48:  83.51019,18.5,282.7895
13.49:  83.51019,18.5,282.7895
13.51:  83.51019,18.5,282.7895
13.53:  83.51019,18.5,282.7895
13.54:  83.51019,18.5,282.7895
13.56:  83.51019,18.5,282.7895
13.58:  83.51019,18.5,282.7895
13.59:  83.51019,18.5,282.7895
13.61:  83.51019,18.5,282.7895
13.63:  83.51019,18.5,282.7895
13.64:  83.51019,18.5,282.7895
13.66:  83.51019,18.5,282.7895
13.68:  83.51019,18.5,282.7895
13.69:  83.51019,18.5,282.7895
13.71:  83.51019,18.5,282.7895
13.73:  83.51019,18.5,282.7895
13.74:  83.51019,18.5,282.7895
13.76:  83.51019,18.5,282.7895
13.78:  83.51019,18.5,282.7895
13.79:  83.51019,18.5,282.7895
13.81:  83.51019,18.5,282.7895
13.83:  83.51019,18.5,282.7895
13.84:  83.51019,18.5,282.7895
13.86:  83.51019,18.5,282.7895
13.88:  83.51019,18.5,282.7895
13.89:  83.51019,18.5,282.7895
13.91:  83.51019,18.5,282.7895
13.93:  83.51019,18.5,282.7895
13.94:  83.51019,18.5,282.7895
13.96:  83.51019,18.5,282.7895
13.98:  83.51019,18.5,282.7895
13.99:  83.51019,18.5,282.7895
14.01:  83.51019,18.5,282.7895
14.03:  83.51019,18.5,282.7895
14.04:  83.51019,18.5,282.7895
14.06:  83.51019,18.5,282.7895
14.08:  83.51019,18.5,282.7895
14.09:  83.51019,18.5,282.7895
14.11:  83.51019,18.5,282.7895
14.13:  83.51019,18.5,282.7895
14.14:  83.51019,18.5,282.7895
14.16:  83.51019,18.5,282.7895
14.18:  83.51019,18.5,282.7895
14.19:  83.51019,18.5,282.7895
14.21:  83.51019,18.5,282.7895
14.23:  83.51019,18.5,282.7895
14.24:  83.51019,18.5,282.7895
14.26:  83.51019,18.5,282.7895
14.28:  83.51019,18.5,282.7895
14.29:  83.51019,18.5,282.7895
14.31:  83.51019,18.5,282.7895
14.33:  83.51019,18.5,282.7895
14.34:  83.51019,18.5,282.7895
14.36:  83.51019,18.5,282.7895
14.38:  83.51019,18.5,282.7895
14.39:  83.51019,18.5,282.7895
14.41:  83.51019,18.5,282.7895
14.43:  83.51019,18.5,282.7895
14.44:  83.51019,18.5,282.7895
14.46:  83.51019,18.5,282.7895
14.48:  83.51019,18.5,282.7895
14.49:  83.51019,18.5,282.7895
14.51:  83.51019,18.5,282.7895
14.53:  83.51019,18.5,282.7895
14.54:  83.51019,18.5,282.7895
14.56:  83.51019,18.5,282.7895
14.58:  83.51019,18.5,282.7895
14.59:  83.51019,18.5,282.7895
14.61:  83.51019,18.5,282.7895
14.63:  83.51019,18.5,282.7895
14.64:  83.51019,18.5,282.7895
14.66:  83.51019,18.5,282.7895
14.68:  83.51019,18.5,282.7895
14.69:  83.51019,18.5,282.7895
14.71:  83.51019,18.5,282.7895
14.73:  83.51019,18.5,282.7895
14.74:  83.51019,18.5,282.7895
14.76:  83.51019,18.5,282.7895
14.78:  83.51019,18.5,282.7895
14.79:  83.51019,18.5,282.7895
14.81:  83.51019,18.5,282.7895
14.83:  83.51019,18.5,282.7895
14.84:  83.51019,18.5,282.7895
14.86:  83.51019,18.5,282.7895
14.88:  83.51019,18.5,282.7895
14.89:  83.51019,18.5,282.7895
14.91:  83.51019,18.5,282.7895
14.93:  83.51019,18.5,282.7895
14.94:  83.51019,18.5,282.7895
14.96:  83.51019,18.5,282.7895
14.98:  83.51019,18.5,282.7895
14.99:  83.51019,18.5,282.7895
15.01:  83.51019,18.5,282.7895
15.03:  83.51019,18.5,282.7895
15.04:  83.51019,18.5,282.7895
15.06:  83.51019,18.5,282.7895
15.08:  83.51019,18.5,282.7895
15.09:  83.51019,18.5,282.7895
15.11:  83.51019,18.5,282.7895
15.13:  83.51019,18.5,282.7895
15.14:  83.51019,18.5,282.7895
15.16:  83.51019,18.5,282.7895
15.18:  83.51019,18.5,282.7895
15.19:  83.51019,18.5,282.7895
15.21:  83.51019,18.5,282.7895
15.23:  83.51019,18.5,282.7895
15.24:  83.51019,18.5,282.7895
15.26:  83.51019,18.5,282.7895
15.28:  83.51019,18.5,282.7895
15.29:  83.51019,18.5,282.7895
15.31:  83.51019,18.5,282.7895
15.33:  83.51019,18.5,282.7895
15.34:  83.51019,18.5,282.7895
15.36:  83.51019,18.5,282.7895
15.38:  83.51019,18.5,282.7895
15.39:  83.51019,18.5,282.7895
15.41:  83.51019,18.5,282.7895
15.43:  83.51019,18.5,282.7895
15.44:  83.51019,18.5,282.7895
15.46:  83.51019,18.5,282.7895
15.48:  83.51019,18.5,282.7895
15.49:  83.51019,18.5,282.7895
15.51:  83.51019,18.5,282.7895
15.53:  83.51019,18.5,282.7895
15.54:  83.51019,18.5,282.7895
15.56:  83.51019,18.5,282.7895
15.58:  83.51019,18.5,282.7895
15.59:  83.51019,18.5,282.7895
15.61:  83.51019,18.5,282.7895
15.63:  83.51019,18.5,282.7895
15.64:  83.51019,18.5,282.7895
15.66:  83.51019,18.5,282.7895
15.68:  83.51019,18.5,282.7895
15.69:  83.51019,18.5,282.7895
15.71:  83.51019,18.5,282.7895
15.73:  83.51019,18.5,282.7895
15.74:  83.51019,18.5,282.7895
15.76:  83.51019,18.5,282.7895
15.78:  83.51019,18.5,282.7895
15.79:  83.51019,18.5,282.7895
15.81:  83.51019,18.5,282.7895
15.83:  83.51019,18.5,282.7895
15.84:  83.51019,18.5,282.7895
15.86:  83.51019,18.5,282.7895
15.88:  83.51019,18.5,282.7895
15.89:  83.51019,18.5,282.7895
15.91:  83.51019,18.5,282.7895
15.93:  83.51019,18.5,282.7895
15.94:  83.51019,18.5,282.7895
15.96:  83.51019,18.5,282.7895
15.98:  83.51019,18.5,282.7895
15.99:  83.51019,18.5,282.7895
16.01:  83.51019,18.5,282.7895
16.03:  83.51019,18.5,282.7895
16.04:  83.51019,18.5,282.7895
16.06:  83.51019,18.5,282.7895
16.08:  83.51019,18.5,282.7895
16.09:  83.51019,18.5,282.7895
16.11:  83.51019,18.5,282.7895
16.13:  83.51019,18.5,282.7895
16.14:  83.51019,18.5,282.7895
16.16:  83.51019,18.5,282.7895
16.18:  83.51019,18.5,282.7895
16.19:  83.51019,18.5,282.7895
16.21:  83.51019,18.5,282.7895
16.23:  83.51019,18.5,282.7895
16.24:  83.51019,18.5,282.7895
16.26:  83.51019,18.5,282.7895
16.28:  83.51019,18.5,282.7895
16.29:  83.51019,18.5,282.7895
16.31:  83.51019,18.5,282.7895
16.33:  83.51019,18.5,282.7895
16.34:  83.51019,18.5,282.7895
16.36:  83.51019,18.5,282.7895
16.38:  83.51019,18.5,282.7895
16.39:  83.51019,18.5,282.7895
16.41:  83.51019,18.5,282.7895
16.43:  83.51019,18.5,282.7895
16.44:  83.51019,18.5,282.7895
16.46:  83.51019,18.5,282.7895
16.48:  83.51019,18.5,282.7895
16.49:  83.51019,18.5,282.7895
16.51:  83.51019,18.5,282.7895
16.53:  83.51019,18.5,282.7895
16.54:  83.51019,18.5,282.7895
16.56:  83.51019,18.5,282.7895
16.58:  83.51019,18.5,282.7895
16.59:  83.51019,18.5,282.7895
16.61:  83.51019,18.5,282.7895
16.63:  83.51019,18.5,282.7895
16.64:  83.51019,18.5,282.7895
16.66:  83.51019,18.5,282.7895
16.68:  83.51019,18.5,282.7895
16.69:  83.51019,18.5,282.7895
16.71:  83.51019,18.5,282.7895
16.73:  83.51019,18.5,282.7895
16.74:  83.51019,18.5,282.7895
16.76:  83.51019,18.5,282.7895
16.78:  83.51019,18.5,282.7895
16.79:  83.51019,18.5,282.7895
16.81:  83.51019,18.5,282.7895
16.83:  83.51019,18.5,282.7895
16.84:  83.51019,18.5,282.7895
16.86:  83.51019,18.5,282.7895
16.88:  83.51019,18.5,282.7895
16.89:  83.51019,18.5,282.7895
16.91:  83.51019,18.5,282.7895
16.93:  83.51019,18.5,282.7895
16.94:  83.51019,18.5,282.7895
16.96:  83.51019,18.5,282.7895
16.98:  83.51019,18.5,282.7895
16.99:  83.51019,18.5,282.7895
17.01:  83.51019,18.5,282.7895
17.03:  83.51019,18.5,282.7895
17.04:  83.51019,18.5,282.7895
17.06:  83.51019,18.5,282.7895
17.08:  83.51019,18.5,282.7895
17.09:  83.51019,18.5,282.7895
17.11:  83.51019,18.5,282.7895
17.13:  83.51019,18.5,282.7895
17.14:  83.51019,18.5,282.7895
17.16:  83.51019,18.5,282.7895
17.18:  83.51019,18.5,282.7895
17.19:  83.51019,18.5,282.7895
17.21:  83.51019,18.5,282.7895
17.23:  83.51019,18.5,282.7895
17.24:  83.51019,18.5,282.7895
17.26:  83.51019,18.5,282.7895
17.28:  83.51019,18.5,282.7895
17.29:  83.51019,18.5,282.7895
17.31:  83.51019,18.5,282.7895
17.33:  83.51019,18.5,282.7895
17.34:  83.51019,18.5,282.7895
17.36:  83.51019,18.5,282.7895
17.38:  83.51019,18.5,282.7895
17.39:  83.51019,18.5,282.7895
17.41:  83.51019,18.5,282.7895
17.43:  83.51019,18.5,282.7895
17.44:  83.51019,18.5,282.7895
17.46:  83.51019,18.5,282.7895
17.48:  83.51019,18.5,282.7895
17.49:  83.51019,18.5,282.7895
17.51:  83.51019,18.5,282.7895
17.53:  83.51019,18.5,282.7895
17.54:  83.49811,18.50274,282.7895
17.56:  83.47456,18.50809,282.7895
17.58:  83.43777,18.51644,282.7895
17.59:  83.38907,18.52749,282.7895
17.61:  83.32805,18.54135,282.7895
17.63:  83.25549,18.55782,282.7895
17.64:  83.17012,18.5772,282.7895
17.66:  83.07244,18.59937,282.7895
17.68:  82.96355,18.62409,282.7895
17.69:  82.84102,18.6519,282.7895
17.71:  82.70747,18.68222,282.7895
17.73:  82.56348,18.7149,282.7895
17.74:  82.40303,18.75133,282.7895
17.76:  82.22826,18.791,282.7895
17.78:  82.05006,18.83145,282.7895
17.79:  81.85534,18.87565,282.7895
17.81:  81.64891,18.92251,282.7895
17.83:  81.42819,18.97261,282.7895
17.84:  81.19793,19.02489,282.7895
17.86:  80.94764,19.0817,282.7895
17.88:  80.70959,19.13574,282.7895
17.89:  80.46629,19.19097,282.7895
17.91:  80.22164,19.2465,282.7895
17.93:  79.97301,19.30295,282.7895
17.94:  79.73167,19.35773,282.7895
17.96:  79.49335,19.41183,282.7895
17.98:  79.24696,19.46776,282.7895
17.99:  79.00374,19.52297,282.7895
18.01:  78.75984,19.57834,282.7895
18.03:  78.51486,19.63395,282.7895
18.04:  78.2711,19.68928,282.7895
18.06:  78.03059,19.74388,282.7895
18.08:  77.78424,19.7998,282.7895
18.09:  77.54058,19.85511,282.7895
18.11:  77.29582,19.91067,282.7895
18.13:  77.04608,19.96736,282.7895
18.14:  76.80351,20.02242,282.7895
18.16:  76.56047,20.0776,282.7895
18.18:  76.32273,20.13156,282.7895
18.19:  76.08003,20.18666,282.7895
18.21:  75.83443,20.24241,282.7895
18.23:  75.59253,20.29732,282.7895
18.24:  75.34693,20.35307,282.7895
18.26:  75.10381,20.40826,282.7895
18.28:  74.85844,20.46396,282.7895
18.29:  74.61505,20.51921,282.7895
18.31:  74.37112,20.57458,282.7895
18.33:  74.12802,20.62977,282.7895
18.34:  73.88391,20.68518,282.7895
18.36:  73.6393,20.74071,282.7895
18.38:  73.39684,20.79575,282.7895
18.39:  73.15218,20.85128,282.7895
18.41:  72.90753,20.90682,282.7895
18.43:  72.66412,20.96208,282.7895
18.44:  72.42036,21.01741,282.7895
18.46:  72.17434,21.07326,282.7895
18.48:  71.93356,21.12791,282.7895
18.49:  71.6868,21.18393,282.7895
18.51:  71.44872,21.23797,282.7895
18.53:  71.20161,21.29407,282.7895
18.54:  70.95845,21.34926,282.7895
18.56:  70.71411,21.40473,282.7895
18.58:  70.47272,21.45952,282.7895
18.59:  70.21721,21.51753,282.7895
18.61:  69.97498,21.57251,282.7895
18.63:  69.73847,21.6262,282.7895
18.64:  69.49328,21.68186,282.7895
18.66:  69.25108,21.73684,282.7895
18.68:  69.00744,21.79215,282.7895
18.69:  68.76318,21.8476,282.7895
18.71:  68.51972,21.90286,282.7895
18.73:  68.28024,21.95722,282.7895
18.74:  68.02348,22.01551,282.7895
18.76:  67.78825,22.0689,282.7895
18.78:  67.54291,22.1246,282.7895
18.79:  67.30097,22.17952,282.7895
18.81:  67.05589,22.23515,282.7895
18.83:  66.8138,22.29011,282.7895
18.84:  66.57207,22.34498,282.7895
18.86:  66.32748,22.4005,282.7895
18.88:  66.08207,22.45621,282.7895
18.89:  65.83761,22.5117,282.7895
18.91:  65.59363,22.56709,282.7895
18.93:  65.34983,22.62243,282.7895
18.94:  65.10683,22.67759,282.7895
18.96:  64.8624,22.73308,282.7895
18.98:  64.62293,22.78744,282.7895
18.99:  64.37332,22.8441,282.7895
19.01:  64.13155,22.89898,282.7895
19.03:  63.8867,22.95456,282.7895
19.04:  63.64383,23.0097,282.7895
19.06:  63.39883,23.06531,282.7895
19.08:  63.15709,23.12018,282.7895
19.09:  62.91158,23.17592,282.7895
19.11:  62.66646,23.23156,282.7895
19.13:  62.42515,23.28634,282.7895
19.14:  62.17977,23.34204,282.7895
19.16:  61.9369,23.39717,282.7895
19.18:  61.69336,23.45245,282.7895
19.19:  61.44971,23.50776,282.7895
19.21:  61.20613,23.56306,282.7895
19.23:  60.96596,23.61757,282.7895
19.24:  60.70947,23.6758,282.7895
19.26:  60.47263,23.72956,282.7895
19.28:  60.2271,23.7853,282.7895
19.29:  59.9861,23.84001,282.7895
19.31:  59.74165,23.8955,282.7895
19.33:  59.50286,23.9497,282.7895
19.34:  59.25315,24.00639,282.7895
19.36:  59.01129,24.06129,282.7895
19.38:  58.76764,24.1166,282.7895
19.39:  58.5237,24.17197,282.7895
19.41:  58.28285,24.22665,282.7895
19.43:  58.03591,24.2827,282.7895
19.44:  57.79321,24.3378,282.7895
19.46:  57.54877,24.39328,282.7895
19.48:  57.30659,24.44826,282.7895
19.49:  57.06268,24.50363,282.7895
19.51:  56.81643,24.55953,282.7895
19.53:  56.5735,24.61467,282.7895
19.54:  56.32317,24.6715,282.7895
19.56:  56.08333,24.72594,282.7895
19.58:  55.84175,24.78078,282.7895
19.59:  55.59641,24.83647,282.7895
19.61:  55.35446,24.8914,282.7895
19.63:  55.11084,24.9467,282.7895
19.64:  54.86676,25.0021,282.7895
19.66:  54.6273,25.05646,282.7895
19.68:  54.37925,25.11277,282.7895
19.69:  54.13606,25.16797,282.7895
19.71:  53.8909,25.22363,282.7895
19.73:  53.64903,25.27853,282.7895
19.74:  53.40211,25.33458,282.7895
19.76:  53.1596,25.38963,282.7895
19.78:  52.91512,25.44513,282.7895
19.79:  52.67134,25.50047,282.7895
19.81:  52.41922,25.5577,282.7895
19.83:  52.18392,25.61111,282.7895
19.84:  51.93825,25.66688,282.7895
19.86:  51.70021,25.72091,282.7895
19.88:  51.45352,25.77691,282.7895
19.89:  51.20955,25.8323,282.7895
19.91:  50.964,25.88804,282.7895
19.93:  50.72235,25.94289,282.7895
19.94:  50.47876,25.99819,282.7895
19.96:  50.23398,26.05375,282.7895
19.98:  49.99041,26.10904,282.7895
19.99:  49.74578,26.16457,282.7895
20.01:  49.50199,26.21992,282.7895
20.03:  49.26008,26.27483,282.7895
20.04:  49.01465,26.33054,282.7895
20.06:  48.77129,26.38578,282.7895
20.08:  48.52895,26.4408,282.7895
20.09:  48.2711,26.49933,282.7895
20.11:  48.03254,26.55348,282.7895
20.13:  47.79676,26.607,282.7895
20.14:  47.55285,26.66237,282.7895
20.16:  47.31277,26.71687,282.7895
20.18:  47.06619,26.77284,282.7895
20.19:  46.8227,26.78231,282.7895
20.21:  46.57661,26.78231,282.7895
20.23:  46.3342,26.78231,282.7895
20.24:  46.08073,26.78231,282.7895
20.26:  45.84631,26.78231,282.7895
20.28:  45.60158,26.78231,282.7895
20.29:  45.35807,26.78231,282.7895
20.31:  45.11438,26.78231,282.7895
20.33:  44.87101,26.78231,282.7895
20.34:  44.63013,26.78231,282.7895
20.36:  44.38551,26.78231,282.7895
20.38:  44.14017,26.78231,282.7895
20.39:  43.88779,26.78231,282.7895
20.41:  43.65179,26.78231,282.7895
20.43:  43.40867,26.78231,282.7895
20.44:  43.16441,26.78231,282.7895
20.46:  42.91956,26.78231,282.7895
20.48:  42.68057,26.78231,282.7895
20.49:  42.43251,26.78231,282.7895
20.51:  42.18272,26.78231,282.7895
20.53:  41.93951,26.78231,282.7895
20.54:  41.69827,26.78231,282.7895
20.56:  41.45618,26.78231,282.7895
20.58:  41.21408,26.78231,282.7895
20.59:  40.97086,26.78231,282.7895
20.61:  40.72692,26.78231,282.7895
20.63:  40.48366,26.78231,282.7895
20.64:  40.23017,26.78231,282.7895
20.66:  39.99294,26.78231,282.7895
20.68:  39.75001,26.78231,282.7895
20.69:  39.50739,26.78231,282.7895
20.71:  39.26375,26.78231,282.7895
20.73:  39.02082,26.78231,282.7895
20.74:  38.76841,26.78231,282.7895
20.76:  38.53186,26.78231,282.7895
20.78:  38.28798,26.78231,282.7895
20.79:  38.04661,26.78231,282.7895
20.81:  37.79136,26.78231,282.7895
20.83:  37.55737,26.78231,282.7895
20.84:  37.31302,26.78231,282.7895
20.86:  37.07165,26.78231,282.7895
20.88:  36.82515,26.78231,282.7895
20.89:  36.57392,26.78231,282.7895
20.91:  36.33234,26.78231,282.7895
20.93:  36.09241,26.78231,282.7895
20.94:  35.85008,26.78231,282.7895
20.96:  35.60888,26.78231,282.7895
20.98:  35.36369,26.78231,282.7895
20.99:  35.12029,26.78231,282.7895
21.01:  34.87566,26.78231,282.7895
21.03:  34.63074,26.78231,282.7895
21.04:  34.38727,26.78231,282.7895
21.06:  34.14437,26.78231,282.7895
21.08:  33.90083,26.78231,282.7895
21.09:  33.66033,26.78231,282.7895
21.11:  33.41394,26.78231,282.7895
21.13:  33.17076,26.78231,282.7895
21.14:  32.91713,26.78231,282.7895
21.16:  32.67459,26.78231,282.7895
21.18:  32.43328,26.78231,282.7895
21.19:  32.19456,26.78231,282.7895
21.21:  31.94999,26.78231,282.7895
21.23:  31.7067,26.78231,282.7895
21.24:  31.4633,26.78231,282.7895
21.26:  31.21051,26.78231,282.7895
21.28:  30.96871,26.78231,282.7895
21.29:  30.73267,26.78231,282.7895
21.31:  30.47854,26.78231,282.7895
21.33:  30.24047,26.78231,282.7895
21.34:  29.99986,26.78231,282.7895
21.36:  29.75473,26.78231,282.7895
21.38:  29.51147,26.78231,282.7895
21.39:  29.26614,26.78231,282.7895
21.41:  29.02129,26.78231,282.7895
21.43:  28.77489,26.78231,282.7895
21.44:  28.53417,26.78231,282.7895
21.46:  28.29139,26.78231,282.7895
21.48:  28.05262,26.78231,282.7895
21.49:  27.80446,26.78231,282.7895
21.51:  27.56066,26.78231,282.7895
21.53:  27.31746,26.78231,282.7895
21.54:  27.07284,26.78231,282.7895
21.56:  26.83316,26.78231,282.7895
21.58:  26.58733,26.78231,282.7895
21.59:  26.34379,26.78231,282.7895
21.61:  26.10332,26.78231,282.7895
21.63:  25.85475,26.78231,282.7895
21.64:  25.61114,26.78231,282.7895
21.66:  25.36641,26.78231,282.7895
21.68:  25.12418,26.78231,282.7895
21.69:  24.87919,26.78231,282.7895
21.71:  24.63546,26.78231,282.7895
21.73:  24.39126,26.78231,282.7895
21.74:  24.14817,26.78231,282.7895
21.76:  23.90037,26.78231,282.7895
21.78:  23.65427,26.78231,282.7895
21.79:  23.41393,26.78231,282.7895
21.81:  23.17628,26.78231,282.7895
21.83:  22.92152,26.78231,282.7895
21.84:  22.69593,26.78231,282.7895
21.86:  22.47593,26.78231,282.7895
21.88:  22.26981,26.78231,282.7895
21.89:  22.07395,26.78231,282.7895
21.91:  21.89022,26.78231,282.7895
21.93:  21.72001,26.78231,282.7895
21.94:  21.56001,26.78231,282.7895
21.96:  21.41418,26.78231,282.7895
21.98:  21.27955,26.78231,282.7895
21.99:  21.15673,26.78231,282.7895
22.01:  21.04741,26.78231,282.7895
22.03:  20.94957,26.78231,282.7895
22.04:  20.8644,26.78231,282.7895
22.06:  20.79075,26.78231,282.7895
22.08:  20.72756,26.78231,282.7895
22.09:  20.67968,26.78231,282.7895
22.11:  20.64262,26.78231,282.7895
22.13:  20.61819,26.78231,282.7895
22.14:  20.60547,26.78231,282.7895
22.16:  20.60547,26.78231,282.7895
22.18:  20.60547,26.78231,282.7895
22.19:  20.60547,26.78231,282.7895
22.21:  20.60547,26.78231,282.7895
22.23:  20.60547,26.78231,282.7895
22.24:  20.60547,26.78231,282.7895
22.26:  20.60547,26.78231,282.7895
22.28:  20.60547,26.78231,282.7895
22.29:  20.60547,26.78231,282.7895
22.31:  20.60547,26.78231,282.7895
22.33:  20.60547,26.78231,282.7895
22.34:  20.60547,26.78231,282.7895
22.36:  20.60547,26.78231,282.7895
22.38:  20.60547,26.78231,282.7895
22.39:  20.60547,26.78231,282.7895
22.41:  20.60547,26.78231,282.7895
22.43:  20.60547,26.78231,282.7895
22.44:  20.60547,26.78231,282.7895
22.46:  20.60547,26.78231,282.7895
22.48:  20.60547,26.78231,282.7895
22.49:  20.60547,26.78231,282.7895
22.51:  20.60547,26.78231,282.7895
22.53:  20.60547,26.78231,282.7895
22.54:  20.60547,26.78231,282.7895
22.56:  20.60547,26.78231,282.7895
22.58:  20.60547,26.78231,282.7895
22.59:  20.60547,26.78231,282.7895
22.61:  20.60547,26.78231,282.7895
22.63:  20.60547,26.78231,282.7895
22.64:  20.60547,26.78231,282.7895
22.66:  20.60547,26.78231,282.7895
22.68:  20.60547,26.78231,282.7895
22.69:  20.60547,26.78231,282.7895
22.71:  20.60547,26.78231,282.7895
22.73:  20.60547,26.78231,282.7895
22.74:  20.60547,26.78231,282.7895
22.76:  20.60547,26.78231,282.7895
22.78:  20.60547,26.78231,282.7895
22.79:  20.60547,26.78231,282.7895
22.81:  20.60547,26.78231,282.7895
22.83:  20.60547,26.78231,282.7895
22.84:  20.60547,26.78231,282.7895
22.86:  20.60547,26.78231,282.7895
22.88:  20.60547,26.78231,282.7895
22.89:  20.60547,26.78231,282.7895
22.91:  20.60547,26.78231,282.7895
22.93:  20.60547,26.78231,282.7895
22.94:  20.60547,26.78231,282.7895
22.96:  20.60547,26.78231,282.7895
22.98:  20.60547,26.78231,282.7895
22.99:  20.60547,26.78231,282.7895
23.01:  20.60547,26.78231,282.7895
23.03:  20.60547,26.78231,282.7895
23.04:  20.60547,26.78231,282.7895
23.06:  20.60547,26.78231,282.7895
23.08:  20.60547,26.78231,282.7895
23.09:  20.60547,26.78231,282.7895
23.11:  20.60547,26.78231,282.7895
23.13:  20.61818,26.77943,282.7895
23.14:  20.64265,26.77387,282.7895
23.16:  20.6795,26.76551,282.7895
23.18:  20.72807,26.75448,282.7895
23.19:  20.7883,26.74081,282.7895
23.21:  20.86135,26.72423,282.7895
23.23:  20.94801,26.70456,282.7895
23.24:  21.04479,26.68259,282.7895
23.26:  21.15627,26.65728,282.7895
23.28:  21.27638,26.63001,282.7895
23.29:  21.41017,26.59965,282.7895
23.31:  21.56515,26.56446,282.7895
23.33:  21.71788,26.52979,282.7895
23.34:  21.88876,26.491,282.7895
23.36:  22.07197,26.44942,282.7895
23.38:  22.26608,26.40535,282.7895
23.39:  22.47195,26.35862,282.7895
23.41:  22.70024,26.3068,282.7895
23.43:  22.92709,26.2553,282.7895
23.44:  23.16918,26.20035,282.7895
23.46:  23.41314,26.14497,282.7895
23.48:  23.65345,26.09042,282.7895
23.49:  23.90051,26.03433,282.7895
23.51:  24.14439,25.97897,282.7895
23.53:  24.38807,25.92366,282.7895
23.54:  24.63234,25.86821,282.7895
23.56:  24.87649,25.81278,282.7895
23.58:  25.1197,25.75757,282.7895
23.59:  25.36241,25.70248,282.7895
23.61:  25.61344,25.6455,282.7895
23.63:  25.84789,25.59228,282.7895
23.64:  26.08401,25.53868,282.7895
23.66:  26.30194,25.48921,282.7895
23.68:  26.50558,25.44298,282.7895
23.69:  26.70105,25.39861,282.7895
23.71:  26.88614,25.35659,282.7895
23.73:  27.05469,25.31833,282.7895
23.74:  27.21357,25.28226,282.7895
23.76:  27.35961,25.24911,282.7895
23.78:  27.49478,25.21843,282.7895
23.79:  27.61604,25.1909,282.7895
23.81:  27.72782,25.16553,282.7895
23.83:  27.82451,25.14358,282.7895
23.84:  27.9094,25.12431,282.7895
23.86:  27.9824,25.10774,282.7895
23.88:  28.04215,25.09417,282.7895
23.89:  28.09126,25.08302,282.7895
23.91:  28.12772,25.07475,282.7895
23.93:  28.15186,25.06927,282.7895
23.94:  28.16394,25.06653,282.7895
23.96:  28.16394,25.06653,282.7895
23.98:  28.16394,25.06653,282.7895
23.99:  28.16394,25.06653,282.7895
24.01:  28.16394,25.06653,282.7895
24.03:  28.16394,25.06653,282.7895
24.04:  28.16394,25.06653,282.7895
24.06:  28.16394,25.06653,282.7895
24.08:  28.16394,25.06653,282.7895
24.09:  28.16394,25.06653,282.7895
24.11:  28.16394,25.06653,282.7895
24.13:  28.16394,25.06653,282.7895
24.14:  28.16394,25.06653,282.7895
24.16:  28.16394,25.06653,282.7895
24.18:  28.16394,25.06653,282.7895
24.19:  28.16394,25.06653,282.7895
24.21:  28.16394,25.06653,282.7895
24.23:  28.16394,25.06653,282.7895
24.24:  28.16394,25.06653,282.7895
24.26:  28.16394,25.06653,282.7895
24.28:  28.16394,25.06653,282.7895
24.29:  28.16394,25.06653,282.7895
24.31:  28.16394,25.06653,282.7895
24.33:  28.16394,25.06653,282.7895
24.34:  28.16394,25.06653,282.7895
24.36:  28.16394,25.06653,282.7895
24.38:  28.16394,25.06653,282.7895
24.39:  28.16394,25.06653,282.7895
24.41:  28.16394,25.06653,282.7895
24.43:  28.16394,25.06653,282.7895
24.44:  28.16394,25.06653,282.7895
24.46:  28.16394,25.06653,282.7895
24.48:  28.16394,25.06653,282.7895
24.49:  28.15187,25.06927,282.7895
24.51:  28.12743,25.07482,282.7895
24.53:  28.09101,25.08308,282.7895
24.54:  28.04023,25.09461,282.7895
24.56:  27.98089,25.10808,282.7895
24.58:  27.90913,25.12437,282.7895
24.59:  27.82287,25.14395,282.7895
24.61:  27.72558,25.16604,282.7895
24.63:  27.61223,25.19177,282.7895
24.64:  27.49332,25.21876,282.7895
24.66:  27.35858,25.24935,282.7895
24.68:  27.21292,25.28241,282.7895
24.69:  27.05699,25.31781,282.7895
24.71:  26.88304,25.3573,282.7895
24.73:  26.69773,25.39936,282.7895
24.74:  26.50422,25.44329,282.7895
24.76:  26.29855,25.48997,282.7895
24.78:  26.0786,25.5399,282.7895
24.79:  25.85139,25.59148,282.7895
24.81:  25.60386,25.64767,282.7895
24.83:  25.36006,25.70301,282.7895
24.84:  25.11574,25.75847,282.7895
24.86:  24.87413,25.81332,282.7895
24.88:  24.62973,25.8688,282.7895
24.89:  24.38698,25.9239,282.7895
24.91:  24.14159,25.97961,282.7895
24.93:  23.89872,26.03474,282.7895
24.94:  23.65383,26.09033,282.7895
24.96:  23.41107,26.14544,282.7895
24.98:  23.1673,26.20077,282.7895
24.99:  22.92122,26.25663,282.7895
25.01:  22.67908,26.3116,282.7895
25.03:  22.43537,26.36692,282.7895
25.04:  22.20241,26.41981,282.7895
25.06:  21.98545,26.46906,282.7895
25.08:  21.77771,26.51621,282.7895
25.09:  21.58283,26.56045,282.7895
25.11:  21.39959,26.60205,282.7895
25.13:  21.224,26.64191,282.7895
25.14:  21.0686,26.67718,282.7895
25.16:  20.92305,26.71022,282.7895
25.18:  20.7902,26.74038,282.7895
25.19:  20.66796,26.76813,282.7895
25.21:  20.55815,26.78231,282.7895
25.23:  20.46176,26.78231,282.7895
25.24:  20.37601,26.78231,282.7895
25.26:  20.30231,26.78231,282.7895
25.28:  20.24147,26.78231,282.7895
25.29:  20.19267,26.78231,282.7895
25.31:  20.15613,26.78231,282.7895
25.33:  20.13166,26.78231,282.7895
25.34:  20.11931,26.78231,282.7895
25.36:  20.11931,26.78231,282.7895
25.38:  20.11931,26.78231,282.7895
25.39:  20.11931,26.78231,282.7895
25.41:  20.11931,26.78231,282.7895
25.43:  20.11931,26.78231,282.7895
25.44:  20.11931,26.78231,282.7895
25.46:  20.11931,26.78231,282.7895
25.48:  20.11931,26.78231,282.7895
25.49:  20.11931,26.78231,282.7895
25.51:  20.11931,26.78231,282.7895
25.53:  20.11931,26.78231,282.7895
25.54:  20.11931,26.78231,282.7895
25.56:  20.11931,26.78231,282.7895
25.58:  20.11931,26.78231,282.7895
25.59:  20.11931,26.78231,282.7895
25.61:  20.11931,26.78231,282.7895
25.63:  20.11931,26.78231,282.7895
25.64:  20.11931,26.78231,282.7895
25.66:  20.11931,26.78231,282.7895
25.68:  20.11931,26.78231,282.7895
25.69:  20.11931,26.78231,282.7895
25.71:  20.11931,26.78231,282.7895
25.73:  20.11931,26.78231,282.7895
25.74:  20.11931,26.78231,282.7895
25.76:  20.11931,26.78231,282.7895
25.78:  20.11931,26.78231,282.7895
25.79:  20.11931,26.78231,282.7895
25.81:  20.11931,26.78231,282.7895
25.83:  20.11931,26.78231,282.7895
25.84:  20.11931,26.78231,282.7895
25.86:  20.11931,26.78231,282.7895
25.88:  20.11931,26.78231,281.2895
25.89:  20.11931,26.78231,279.7895
25.91:  20.11931,26.78231,278.2895
25.93:  20.11931,26.78231,276.7895
25.94:  20.11931,26.78231,275.2895
25.96:  20.11931,26.78231,273.7895
25.98:  20.11931,26.78231,272.2895
25.99:  20.11931,26.78231,270.7895
26.01:  20.11931,26.78231,269.2895
26.03:  20.11931,26.78231,267.7895
26.04:  20.11931,26.78231,266.2895
26.06:  20.11931,26.78231,264.7895
26.08:  20.11931,26.78231,263.2895
26.09:  20.11931,26.78231,261.7895
26.11:  20.11931,26.78231,260.2895
26.13:  20.11931,26.78231,258.7895
26.14:  20.11931,26.78231,257.2895
26.16:  20.11931,26.78231,255.7895
26.18:  20.11931,26.78231,254.2895
26.19:  20.11931,26.78231,252.7895
26.21:  20.11931,26.78231,251.2895
26.23:  20.11931,26.78231,249.7895
26.24:  20.11931,26.78231,248.2895
26.26:  20.11931,26.78231,246.7895
26.28:  20.11931,26.78231,245.2895
26.29:  20.11931,26.78231,243.7895
26.31:  20.11931,26.78231,242.2895
26.33:  20.11931,26.78231,240.9404
26.34:  20.11931,26.78231,239.7381
26.36:  20.11931,26.78231,238.6884
26.38:  20.11931,26.78231,237.7875
26.39:  20.11931,26.78231,237.0381
26.41:  20.11931,26.78231,236.4379
26.43:  20.11931,26.78231,235.9859
26.44:  20.11931,26.78231,235.691
26.46:  20.11931,26.78231,235.54
26.48:  20.11931,26.78231,235.5391
26.49:  20.11931,26.78231,235.5391
26.51:  20.11931,26.78231,235.5391
26.53:  20.11931,26.78231,235.5391
26.54:  20.11931,26.78231,235.5391
26.56:  20.11931,26.78231,235.5391
26.58:  20.11931,26.78231,235.5391
26.59:  20.11931,26.78231,235.5391
26.61:  20.11931,26.78231,235.5391
26.63:  20.11931,26.78231,235.5391
26.64:  20.11931,26.78231,235.5391
26.66:  20.11931,26.78231,235.5391
26.68:  20.11931,26.78231,235.5391
26.69:  20.11931,26.78231,235.5391
26.71:  20.11931,26.78231,235.5391
26.73:  20.11931,26.78231,235.5391
26.74:  20.11931,26.78231,235.5391
26.76:  20.11931,26.78231,235.5391
26.78:  20.11931,26.78231,235.5391
26.79:  20.11931,26.78231,235.5391
26.81:  20.11931,26.78231,235.5391
26.83:  20.11931,26.78231,235.5391
26.84:  20.11931,26.78231,235.5391
26.86:  20.11931,26.78231,235.5391
26.88:  20.11931,26.78231,235.5391
26.89:  20.11931,26.78231,235.5391
26.91:  20.11931,26.78231,235.5391
26.93:  20.11931,26.78231,235.5391
26.94:  20.11931,26.78231,235.5391
26.96:  20.11931,26.78231,235.5391
26.98:  20.11931,26.78231,235.5391
26.99:  20.11931,26.78231,235.5391
27.01:  20.11931,26.78231,235.5391
27.03:  20.11931,26.78231,235.5391
27.04:  20.11931,26.78231,235.5391
27.06:  20.11931,26.78231,235.5391
27.08:  20.11931,26.78231,235.5391
27.09:  20.11931,26.78231,235.5391
27.11:  20.11931,26.78231,235.5391
27.13:  20.11931,26.78231,235.5391
27.14:  20.11931,26.78231,235.5391
27.16:  20.11931,26.78231,235.5391
27.18:  20.11931,26.78231,235.5391
27.19:  20.11931,26.78231,235.5391
27.21:  20.11931,26.78231,235.5391
27.23:  20.11931,26.78231,235.5391
27.24:  20.11931,26.78231,235.5391
27.26:  20.11931,26.78231,235.5391
27.28:  20.11931,26.78231,235.5391
27.29:  20.11931,26.78231,235.5391
27.31:  20.11931,26.78231,235.5391
27.33:  20.11931,26.78231,235.5391
27.34:  20.11931,26.78231,235.5391
27.36:  20.11931,26.78231,235.5391
27.38:  20.11931,26.78231,235.5391
27.39:  20.11931,26.78231,235.5391
27.41:  20.11931,26.78231,235.5391
27.43:  20.11931,26.78231,235.5391
27.44:  20.11931,26.78231,235.5391
27.46:  20.11931,26.78231,235.5391
27.48:  20.11931,26.78231,235.5391
27.49:  20.11931,26.78231,235.5391
27.51:  20.11931,26.78231,235.5391
27.53:  20.11931,26.78231,235.5391
27.54:  20.11931,26.78231,235.5391
27.56:  20.11931,26.78231,235.5391
27.58:  20.11931,26.78231,235.5391
27.59:  20.11931,26.78231,235.5391
27.61:  20.11931,26.78231,235.5391
27.63:  20.11931,26.78231,235.5391
27.64:  20.11931,26.78231,235.5391
27.66:  20.11931,26.78231,235.5391
27.68:  20.11931,26.78231,235.5391
27.69:  20.11931,26.78231,235.5391
27.71:  20.11931,26.78231,235.5391
27.73:  20.11931,26.78231,235.5391
27.74:  20.11931,26.78231,235.5391
27.76:  20.11931,26.78231,235.5391
27.78:  20.11931,26.78231,235.5391
27.79:  20.11931,26.78231,235.5391
27.81:  20.11931,26.78231,235.5391
27.83:  20.11931,26.78231,235.5391
27.84:  20.11931,26.78231,235.5391
27.86:  20.11931,26.78231,235.5391
27.88:  20.11931,26.78231,235.5391
27.89:  20.11931,26.78231,235.5391
27.91:  20.11931,26.78231,235.5391
27.93:  20.11931,26.78231,235.5391
27.94:  20.11931,26.78231,235.5391
27.96:  20.11931,26.78231,235.5391
27.98:  20.11931,26.78231,235.5391
27.99:  20.11931,26.78231,235.5391
28.01:  20.11931,26.78231,235.5391
28.03:  20.11931,26.78231,235.5391
28.04:  20.11931,26.78231,235.5391
28.06:  20.11931,26.78231,235.5391
28.08:  20.11931,26.78231,235.5391
28.09:  20.11931,26.78231,235.5391
28.11:  20.11931,26.78231,235.5391
28.13:  20.11931,26.78231,235.5391
28.14:  20.11931,26.78231,235.5391
28.16:  20.11931,26.78231,235.5391
28.18:  20.11931,26.78231,235.5391
28.19:  20.11931,26.78231,235.5391
28.21:  20.11931,26.78231,235.5391
28.23:  20.11931,26.78231,235.5391
28.24:  20.11931,26.78231,235.5391
28.26:  20.11931,26.78231,235.5391
28.28:  20.11931,26.78231,235.5391
28.29:  20.11931,26.78231,235.5391
28.31:  20.11931,26.78231,235.5391
28.33:  20.11931,26.78231,235.5391
28.34:  20.11931,26.78231,235.5391
28.36:  20.11931,26.78231,235.5391
28.38:  20.11931,26.78231,235.5391
28.39:  20.11931,26.78231,235.5391
28.41:  20.11931,26.78231,235.5391
28.43:  20.11931,26.78231,235.5391
28.44:  20.11931,26.78231,235.5391
28.46:  20.11931,26.78231,235.5391
28.48:  20.11931,26.78231,235.5391
28.49:  20.11931,26.78231,235.5391
28.51:  20.11931,26.78231,235.5391
28.53:  20.11931,26.78231,235.5391
28.54:  20.11931,26.78231,235.5391
28.56:  20.11931,26.78231,235.5391
28.58:  20.11931,26.78231,235.5391
28.59:  20.11931,26.78231,235.5391
28.61:  20.11931,26.78231,235.5391
28.63:  20.11931,26.78231,235.5391
28.64:  20.11931,26.78231,235.5391
28.66:  20.11931,26.78231,235.5391
28.68:  20.11931,26.78231,235.5391
28.69:  20.11931,26.78231,235.5391
28.71:  20.11931,26.78231,235.5391
28.73:  20.11931,26.78231,235.5391
28.74:  20.11931,26.78231,235.5391
28.76:  20.11931,26.78231,235.5391
28.78:  20.11931,26.78231,235.5391
28.79:  20.11931,26.78231,235.5391
28.81:  20.11931,26.78231,235.5391
28.83:  20.11931,26.78231,235.5391
28.84:  20.11931,26.78231,235.5391
28.86:  20.11931,26.78231,235.5391
28.88:  20.11931,26.78231,235.5391
28.89:  20.11931,26.78231,235.5391
28.91:  20.11931,26.78231,235.5391
28.93:  20.11931,26.78231,235.5391
28.94:  20.11931,26.78231,235.5391
28.96:  20.11931,26.78231,235.5391
28.98:  20.11931,26.78231,235.5391
28.99:  20.11931,26.78231,235.5391
29.01:  20.11931,26.78231,235.5391
29.03:  20.11931,26.78231,235.5391
29.04:  20.11931,26.78231,235.5391
29.06:  20.11931,26.78231,235.5391
29.08:  20.11931,26.78231,235.5391
29.09:  20.11931,26.78231,235.5391
29.11:  20.11931,26.78231,235.5391
29.13:  20.11931,26.78231,235.5391
29.14:  20.11931,26.78231,235.5391
29.16:  20.11931,26.78231,235.5391
29.18:  20.11931,26.78231,235.5391
29.19:  20.11931,26.78231,235.5391
29.21:  20.11931,26.78231,235.5391
29.23:  20.11931,26.78231,235.5391
29.24:  20.11931,26.78231,235.5391
29.26:  20.11931,26.78231,235.5391
29.28:  20.11931,26.78231,235.5391
29.29:  20.11931,26.78231,235.5391
29.31:  20.11931,26.78231,235.5391
29.33:  20.10897,26.77522,235.5391
29.34:  20.0873,26.76035,235.5391
29.36:  20.05759,26.73996,235.5391
29.38:  20.01533,26.71095,235.5391
29.39:  19.96464,26.67617,235.5391
29.41:  19.90318,26.63399,235.5391
29.43:  19.83069,26.58424,235.5391
29.44:  19.74874,26.528,235.5391
29.46:  19.65481,26.46353,235.5391
29.48:  19.55381,26.39422,235.5391
29.49:  19.43851,26.31509,235.5391
29.51:  19.31652,26.23138,235.5391
29.53:  19.18048,26.13802,235.5391
29.54:  19.05623,26.05275,235.5391
29.56:  18.94333,25.97527,235.5391
29.58:  18.84129,25.90524,235.5391
29.59:  18.74763,25.84096,235.5391
29.61:  18.66486,25.78416,235.5391
29.63:  18.59192,25.7341,235.5391
29.64:  18.53087,25.6922,235.5391
29.66:  18.47944,25.65691,235.5391
29.68:  18.43798,25.62845,235.5391
29.69:  18.40707,25.60724,235.5391
29.71:  18.38606,25.59282,235.5391
29.73:  18.3758,25.58578,235.5391
29.74:  18.3758,25.58578,235.5391
29.76:  18.3758,25.58578,235.5391
29.78:  18.3758,25.58578,235.5391
29.79:  18.3758,25.58578,235.5391
29.81:  18.3758,25.58578,235.5391
29.83:  18.3758,25.58578,235.5391
29.84:  18.36506,25.57841,235.5391
29.86:  18.3455,25.56499,235.5391
29.88:  18.31481,25.54392,235.5391
29.89:  18.27381,25.51579,235.5391
29.91:  18.22233,25.48046,235.5391
29.93:  18.16075,25.4382,235.5391
29.94:  18.0885,25.38862,235.5391
29.96:  18.00637,25.33225,235.5391
29.98:  17.91382,25.26873,235.5391
29.99:  17.81205,25.19889,235.5391
30.01:  17.69732,25.12016,235.5391
30.03:  17.57445,25.03583,235.5391
30.04:  17.46018,24.95741,235.5391
30.06:  17.35815,24.88739,235.5391
30.08:  17.26338,24.82236,235.5391
30.09:  17.183,24.76719,235.5391
30.11:  17.10993,24.71704,235.5391
30.13:  17.0504,24.67619,235.5391
30.14:  16.99752,24.6399,235.5391
30.16:  16.95755,24.61247,235.5391
30.18:  16.92671,24.5913,235.5391
30.19:  16.90651,24.57744,235.5391
30.21:  16.89642,24.57052,235.5391
30.23:  16.89642,24.57052,235.5391
30.24:  16.89642,24.57052,235.5391
30.26:  16.89642,24.57052,235.5391
30.28:  16.89642,24.57052,235.5391
30.29:  16.89642,24.57052,235.5391
30.31:  16.89642,24.57052,235.5391
30.33:  16.89642,24.57052,235.5391
30.34:  16.89642,24.57052,235.5391
30.36:  16.89642,24.57052,235.5391
30.38:  16.89642,24.57052,235.5391
30.39:  16.89642,24.57052,235.5391
30.41:  16.89642,24.57052,235.5391
30.43:  16.89642,24.57052,235.5391
30.44:  16.89642,24.57052,235.5391
30.46:  16.89642,24.57052,235.5391
30.48:  16.89642,24.57052,235.5391
30.49:  16.89642,24.57052,235.5391
30.51:  16.89642,24.57052,235.5391
30.53:  16.89642,24.57052,235.5391
30.54:  16.89642,24.57052,235.5391
30.56:  16.89642,24.57052,235.5391
30.58:  16.89642,24.57052,235.5391
30.59:  16.89642,24.57052,235.5391
30.61:  16.89642,24.57052,235.5391
30.63:  16.89642,24.57052,235.5391
30.64:  16.89642,24.57052,235.5391
30.66:  16.89642,24.57052,235.5391
30.68:  16.89642,24.57052,235.5391
30.69:  16.89642,24.57052,235.5391
30.71:  16.89642,24.57052,235.5391
30.73:  16.89642,24.57052,235.5391
30.74:  16.89642,24.57052,235.5391
30.76:  16.89642,24.57052,235.5391
30.78:  16.89642,24.57052,235.5391
30.79:  16.89642,24.57052,235.5391
30.81:  16.89642,24.57052,235.5391
30.83:  16.89642,24.57052,235.5391
30.84:  16.89642,24.57052,235.5391
30.86:  16.89642,24.57052,235.5391
30.88:  16.89642,24.57052,235.5391
30.89:  16.89642,24.57052,235.5391
30.91:  16.89642,24.57052,235.5391
30.93:  16.89642,24.57052,235.5391
30.94:  16.89642,24.57052,235.5391
30.96:  16.89642,24.57052,235.5391
30.98:  16.89642,24.57052,235.5391
30.99:  16.89642,24.57052,235.5391
31.01:  16.89642,24.57052,235.5391
31.03:  16.89642,24.57052,235.5391
31.04:  16.89642,24.57052,235.5391
31.06:  16.89642,24.57052,235.5391
31.08:  16.89642,24.57052,235.5391
31.09:  16.89642,24.57052,235.5391
31.11:  16.89642,24.57052,235.5391
31.13:  16.89642,24.57052,235.5391
31.14:  16.89642,24.57052,235.5391
31.16:  16.89642,24.57052,235.5391
31.18:  16.89642,24.57052,235.5391
31.19:  16.89642,24.57052,235.5391
31.21:  16.89642,24.57052,235.5391
31.23:  16.89642,24.57052,235.5391
31.24:  16.89642,24.57052,235.5391
31.26:  16.89642,24.57052,234.0391
31.28:  16.89642,24.57052,232.5391
31.29:  16.89642,24.57052,231.0391
31.31:  16.89642,24.57052,229.5391
31.33:  16.89642,24.57052,228.0391
31.34:  16.89642,24.57052,226.5391
31.36:  16.89642,24.57052,225.0391
31.38:  16.89642,24.57052,223.5391
31.39:  16.89642,24.57052,222.0391
31.41:  16.89642,24.57052,220.5391
31.43:  16.89642,24.57052,219.0391
31.44:  16.89642,24.57052,217.5391
31.46:  16.89642,24.57052,216.0391
31.48:  16.89642,24.57052,214.5391
31.49:  16.89642,24.57052,213.0391
31.51:  16.89642,24.57052,211.5391
31.53:  16.89642,24.57052,210.0391
31.54:  16.89642,24.57052,208.5391
31.56:  16.89642,24.57052,207.0391
31.58:  16.89642,24.57052,205.6882
31.59:  16.89642,24.57052,204.4875
31.61:  16.89642,24.57052,203.4375
31.63:  16.89642,24.57052,202.5355
31.64:  16.89642,24.57052,201.7856
31.66:  16.89642,24.57052,201.1857
31.68:  16.89642,24.57052,200.7349
31.69:  16.89642,24.57052,200.4353
31.71:  16.89642,24.57052,200.2848
31.73:  16.89642,24.57052,200.2847
31.74:  16.89642,24.57052,200.2847
31.76:  16.89642,24.57052,200.2847
31.78:  16.89642,24.57052,200.2847
31.79:  16.89642,24.57052,200.2847
31.81:  16.89642,24.57052,200.2847
31.83:  16.89642,24.57052,200.2847
31.84:  16.89642,24.57052,200.2847
31.86:  16.89642,24.57052,200.2847
31.88:  16.89642,24.57052,200.2847
31.89:  16.89642,24.57052,200.2847
31.91:  16.89642,24.57052,200.2847
31.93:  16.89642,24.57052,200.2847
31.94:  16.89642,24.57052,200.2847
31.96:  16.89642,24.57052,200.2847
31.98:  16.89642,24.57052,200.2847
31.99:  16.89642,24.57052,200.2847
32.01:  16.89642,24.57052,200.2847
32.03:  16.89642,24.57052,200.2847
32.04:  16.89642,24.57052,200.2847
32.06:  16.89642,24.57052,200.2847
32.08:  16.89642,24.57052,200.2847
32.09:  16.89642,24.57052,200.2847
32.11:  16.89642,24.57052,200.2847
32.13:  16.89642,24.57052,200.2847
32.14:  16.89642,24.57052,200.2847
32.16:  16.89642,24.57052,200.2847
32.18:  16.89642,24.57052,200.2847
32.19:  16.89642,24.57052,200.2847
32.21:  16.89642,24.57052,200.2847
32.23:  16.89642,24.57052,200.2847
32.24:  16.89642,24.57052,200.2847
32.26:  16.89642,24.57052,200.2847
32.28:  16.89642,24.57052,200.2847
32.29:  16.89642,24.57052,200.2847
32.31:  16.89642,24.57052,200.2847
32.33:  16.89642,24.57052,200.2847
32.34:  16.89642,24.57052,200.2847
32.36:  16.89642,24.57052,200.2847
32.38:  16.89642,24.57052,200.2847
32.39:  16.89642,24.57052,200.2847
32.41:  16.89642,24.57052,200.2847
32.43:  16.89642,24.57052,200.2847
32.44:  16.89642,24.57052,200.2847
32.46:  16.89642,24.57052,200.2847
32.48:  16.89642,24.57052,200.2847
32.49:  16.89642,24.57052,200.2847
32.51:  16.89642,24.57052,200.2847
32.53:  16.89642,24.57052,200.2847
32.54:  16.89642,24.57052,200.2847
32.56:  16.89642,24.57052,200.2847
32.58:  16.89642,24.57052,200.2847
32.59:  16.89642,24.57052,200.2847
32.61:  16.89642,24.57052,200.2847
32.63:  16.89642,24.57052,200.2847
32.64:  16.89642,24.57052,200.2847
32.66:  16.89642,24.57052,200.2847
32.68:  16.89642,24.57052,200.2847
32.69:  16.89642,24.57052,200.2847
32.71:  16.89642,24.57052,200.2847
32.73:  16.89642,24.57052,200.2847
32.74:  16.89642,24.57052,200.2847
32.76:  16.89642,24.57052,200.2847
32.78:  16.89642,24.57052,200.2847
32.79:  16.89642,24.57052,200.2847
32.81:  16.89642,24.57052,200.2847
32.83:  16.89642,24.57052,200.2847
32.84:  16.89642,24.57052,200.2847
32.86:  16.89642,24.57052,200.2847
32.88:  16.89642,24.57052,200.2847
32.89:  16.89642,24.57052,200.2847
32.91:  16.89642,24.57052,200.2847
32.93:  16.89642,24.57052,200.2847
32.94:  16.89642,24.57052,200.2847
32.96:  16.89642,24.57052,200.2847
32.98:  16.89642,24.57052,200.2847
32.99:  16.89642,24.57052,200.2847
33.01:  16.89642,24.57052,200.2847
33.03:  16.89642,24.57052,200.2847
33.04:  16.89642,24.57052,200.2847
33.06:  16.89642,24.57052,200.2847
33.08:  16.89642,24.57052,200.2847
33.09:  16.89642,24.57052,200.2847
33.11:  16.89642,24.57052,200.2847
33.13:  16.89642,24.57052,200.2847
33.14:  16.89642,24.57052,200.2847
33.16:  16.89642,24.57052,200.2847
33.18:  16.89642,24.57052,200.2847
33.19:  16.89642,24.57052,200.2847
33.21:  16.89642,24.57052,200.2847
33.23:  16.89642,24.57052,200.2847
33.24:  16.89642,24.57052,200.2847
33.26:  16.89642,24.57052,200.2847
33.28:  16.89642,24.57052,200.2847
33.29:  16.89642,24.57052,200.2847
33.31:  16.89642,24.57052,200.2847
33.33:  16.89642,24.57052,200.2847
33.34:  16.89642,24.57052,200.2847
33.36:  16.89642,24.57052,200.2847
33.38:  16.89642,24.57052,200.2847
33.39:  16.89642,24.57052,200.2847
33.41:  16.89642,24.57052,200.2847
33.43:  16.89642,24.57052,200.2847
33.44:  16.89642,24.57052,200.2847
33.46:  16.89642,24.57052,200.2847
33.48:  16.89642,24.57052,200.2847
33.49:  16.89642,24.57052,200.2847
33.51:  16.89642,24.57052,200.2847
33.53:  16.89642,24.57052,200.2847
33.54:  16.89642,24.57052,200.2847
33.56:  16.89642,24.57052,200.2847
33.58:  16.89642,24.57052,200.2847
33.59:  16.89642,24.57052,200.2847
33.61:  16.89642,24.57052,200.2847
33.63:  16.89642,24.57052,200.2847
33.64:  16.89642,24.57052,200.2847
33.66:  16.89642,24.57052,200.2847
33.68:  16.89642,24.57052,200.2847
33.69:  16.89642,24.57052,200.2847
33.71:  16.89642,24.57052,200.2847
33.73:  16.89642,24.57052,200.2847
33.74:  16.89642,24.57052,200.2847
33.76:  16.89642,24.57052,200.2847
33.78:  16.89642,24.57052,200.2847
33.79:  16.89642,24.57052,200.2847
33.81:  16.89642,24.57052,200.2847
33.83:  16.89642,24.57052,200.2847
33.84:  16.89642,24.57052,200.2847
33.86:  16.89642,24.57052,200.2847
33.88:  16.89642,24.57052,200.2847
33.89:  16.89642,24.57052,200.2847
33.91:  16.89642,24.57052,200.2847
33.93:  16.89642,24.57052,200.2847
33.94:  16.89642,24.57052,200.2847
33.96:  16.89642,24.57052,200.2847
33.98:  16.89642,24.57052,200.2847
33.99:  16.89642,24.57052,200.2847
34.01:  16.89642,24.57052,200.2847
34.03:  16.89642,24.57052,200.2847
34.04:  16.89642,24.57052,200.2847
34.06:  16.89642,24.57052,200.2847
34.08:  16.89642,24.57052,200.2847
34.09:  16.89642,24.57052,200.2847
34.11:  16.89642,24.57052,200.2847
34.13:  16.89642,24.57052,200.2847
34.14:  16.89642,24.57052,200.2847
34.16:  16.89642,24.57052,200.2847
34.18:  16.89642,24.57052,200.2847
34.19:  16.89642,24.57052,200.2847
34.21:  16.89642,24.57052,200.2847
34.23:  16.89642,24.57052,200.2847
34.24:  16.89642,24.57052,200.2847
34.26:  16.89642,24.57052,200.2847
34.28:  16.89642,24.57052,200.2847
34.29:  16.89642,24.57052,200.2847
34.31:  16.89642,24.57052,200.2847
34.33:  16.89642,24.57052,200.2847
34.34:  16.89642,24.57052,200.2847
34.36:  16.89642,24.57052,200.2847
34.38:  16.89642,24.57052,200.2847
34.39:  16.89642,24.57052,200.2847
34.41:  16.89642,24.57052,200.2847
34.43:  16.89642,24.57052,200.2847
34.44:  16.89642,24.57052,200.2847
34.46:  16.89642,24.57052,200.2847
34.48:  16.89642,24.57052,200.2847
34.49:  16.89642,24.57052,200.2847
34.51:  16.89642,24.57052,200.2847
34.53:  16.89642,24.57052,200.2847
34.54:  16.89642,24.57052,200.2847
34.56:  16.89642,24.57052,200.2847
34.58:  16.89642,24.57052,200.2847
34.59:  16.89642,24.57052,200.2847
34.61:  16.89642,24.57052,200.2847
34.63:  16.89642,24.57052,200.2847
34.64:  16.89642,24.57052,200.2847
34.66:  16.89642,24.57052,200.2847
34.68:  16.89642,24.57052,200.2847
34.69:  16.89642,24.57052,200.2847
34.71:  16.89642,24.57052,200.2847
34.73:  16.89642,24.57052,200.2847
34.74:  16.89642,24.57052,200.2847
34.76:  16.89642,24.57052,200.2847
34.78:  16.89642,24.57052,200.2847
34.79:  16.89642,24.57052,200.2847
34.81:  16.89642,24.57052,200.2847
34.83:  16.89642,24.57052,200.2847
34.84:  16.89642,24.57052,200.2847
34.86:  16.89642,24.57052,200.2847
34.88:  16.89642,24.57052,200.2847
34.89:  16.89642,24.57052,200.2847
34.91:  16.89642,24.57052,200.2847
34.93:  16.89642,24.57052,200.2847
34.94:  16.89642,24.57052,200.2847
34.96:  16.89642,24.57052,200.2847
34.98:  16.89642,24.57052,200.2847
34.99:  16.89642,24.57052,200.2847
35.01:  16.89642,24.57052,200.2847
35.03:  16.89642,24.57052,200.2847
35.04:  16.89642,24.57052,200.2847
35.06:  16.89642,24.57052,200.2847
35.08:  16.89642,24.57052,200.2847
35.09:  16.89642,24.57052,200.2847
35.11:  16.89642,24.57052,200.2847
35.13:  16.89642,24.57052,200.2847
35.14:  16.89642,24.57052,200.2847
35.16:  16.89642,24.57052,200.2847
35.18:  16.89642,24.57052,200.2847
35.19:  16.89642,24.57052,200.2847
35.21:  16.89642,24.57052,200.2847
35.23:  16.89642,24.57052,200.2847
35.24:  16.89642,24.57052,200.2847
35.26:  16.89642,24.57052,200.2847
35.28:  16.89642,24.57052,200.2847
35.29:  16.89642,24.57052,200.2847
35.31:  16.89642,24.57052,200.2847
35.33:  16.89642,24.57052,200.2847
35.34:  16.89642,24.57052,200.2847
35.36:  16.89642,24.57052,200.2847
35.38:  16.89642,24.57052,200.2847
35.39:  16.89642,24.57052,200.2847
35.41:  16.89642,24.57052,200.2847
35.43:  16.89642,24.57052,200.2847
35.44:  16.89642,24.57052,200.2847
35.46:  16.89642,24.57052,200.2847
35.48:  16.89642,24.57052,200.2847
35.49:  16.89642,24.57052,200.2847
35.51:  16.89642,24.57052,200.2847
35.53:  16.89642,24.57052,200.2847
35.54:  16.89642,24.57052,200.2847
35.56:  16.89642,24.57052,200.2847
35.58:  16.89642,24.57052,200.2847
35.59:  16.89642,24.57052,200.2847
35.61:  16.89642,24.57052,200.2847
35.63:  16.89642,24.57052,200.2847
35.64:  16.89642,24.57052,200.2847
35.66:  16.89642,24.57052,200.2847
35.68:  16.89642,24.57052,200.2847
35.69:  16.89642,24.57052,200.2847
35.71:  16.89642,24.57052,200.2847
35.73:  16.89642,24.57052,200.2847
35.74:  16.89642,24.57052,200.2847
35.76:  16.89642,24.57052,200.2847
35.78:  16.89642,24.57052,200.2847
35.79:  16.89642,24.57052,200.2847
35.81:  16.89642,24.57052,200.2847
35.83:  16.89642,24.57052,200.2847
35.84:  16.89642,24.57052,200.2847
35.86:  16.89642,24.57052,200.2847
35.88:  16.89642,24.57052,200.2847
35.89:  16.89642,24.57052,200.2847
35.91:  16.89642,24.57052,200.2847
35.93:  16.89642,24.57052,200.2847
35.94:  16.89642,24.57052,200.2847
35.96:  16.89642,24.57052,200.2847
35.98:  16.89642,24.57052,200.2847
35.99:  16.89642,24.57052,200.2847
36.01:  16.89642,24.57052,200.2847
36.03:  16.89642,24.57052,200.2847
36.04:  16.89642,24.57052,200.2847
36.06:  16.89642,24.57052,200.2847
36.08:  16.89642,24.57052,200.2847
36.09:  16.89642,24.57052,200.2847
36.11:  16.89642,24.57052,200.2847
36.13:  16.89642,24.57052,200.2847
36.14:  16.89642,24.57052,200.2847
36.16:  16.89642,24.57052,200.2847
36.18:  16.89642,24.57052,200.2847
36.19:  16.89642,24.57052,200.2847
36.21:  16.89642,24.57052,200.2847
36.23:  16.89642,24.57052,200.2847
36.24:  16.89642,24.57052,200.2847
36.26:  16.89642,24.57052,200.2847
36.28:  16.89642,24.57052,200.2847
36.29:  16.89642,24.57052,200.2847
36.31:  16.89642,24.57052,200.2847
36.33:  16.89642,24.57052,200.2847
36.34:  16.89642,24.57052,200.2847
36.36:  16.89642,24.57052,200.2847
36.38:  16.89193,24.55835,200.2847
36.39:  16.88284,24.53378,200.2847
36.41:  16.87007,24.49922,200.2847
36.43:  16.85278,24.45243,200.2847
36.44:  16.83088,24.3932,200.2847
36.46:  16.80478,24.32257,200.2847
36.48:  16.77351,24.23798,200.2847
36.49:  16.73919,24.14513,200.2847
36.51:  16.70016,24.03951,200.2847
36.53:  16.66562,23.94607,200.2847
36.54:  16.63524,23.86387,200.2847
36.56:  16.60911,23.79316,200.2847
36.58:  16.58721,23.73392,200.2847
36.59:  16.56983,23.68689,200.2847
36.61:  16.55663,23.65118,200.2847
36.63:  16.54753,23.62658,200.2847
36.64:  16.54316,23.61474,200.2847
36.66:  16.54316,23.61474,200.2847
36.68:  16.54316,23.61474,200.2847
36.69:  16.54316,23.61474,200.2847
36.71:  16.54316,23.61474,200.2847
36.73:  16.54316,23.61474,200.2847
36.74:  16.54316,23.61474,200.2847
36.76:  16.54316,23.61474,200.2847
36.78:  16.54316,23.61474,200.2847
36.79:  16.54316,23.61474,200.2847
36.81:  16.54316,23.61474,200.2847
36.83:  16.54316,23.61474,200.2847
36.84:  16.54316,23.61474,200.2847
36.86:  16.54316,23.61474,200.2847
36.88:  16.54316,23.61474,200.2847
36.89:  16.54316,23.61474,200.2847
36.91:  16.54316,23.61474,200.2847
36.93:  16.54316,23.61474,200.2847
36.94:  16.54316,23.61474,200.2847
36.96:  16.54316,23.61474,200.2847
36.98:  16.54316,23.61474,200.2847
36.99:  16.54316,23.61474,200.2847
37.01:  16.54316,23.61474,200.2847
37.03:  16.54316,23.61474,200.2847
37.04:  16.54316,23.61474,200.2847
37.06:  16.54316,23.61474,200.2847
37.08:  16.54316,23.61474,200.2847
37.09:  16.54316,23.61474,200.2847
37.11:  16.54316,23.61474,200.2847
37.13:  16.54316,23.61474,200.2847
37.14:  16.54316,23.61474,200.2847
37.16:  16.54316,23.61474,200.2847
37.18:  16.54316,23.61474,200.2847
37.19:  16.54316,23.61474,200.2847
37.21:  16.54316,23.61474,200.2847
37.23:  16.54316,23.61474,200.2847
37.24:  16.54316,23.61474,200.2847
37.26:  16.54316,23.61474,200.2847
37.28:  16.54316,23.61474,200.2847
37.29:  16.54316,23.61474,200.2847
37.31:  16.54316,23.61474,200.2847
37.33:  16.54316,23.61474,200.2847
37.34:  16.54316,23.61474,200.2847
37.36:  16.54316,23.61474,200.2847
37.38:  16.54316,23.61474,200.2847
37.39:  16.54316,23.61474,200.2847
37.41:  16.54316,23.61474,200.2847
37.43:  16.54316,23.61474,200.2847
37.44:  16.54316,23.61474,200.2847
37.46:  16.54316,23.61474,200.2847
37.48:  16.54316,23.61474,200.2847
37.49:  16.54316,23.61474,200.2847
37.51:  16.54316,23.61474,200.2847
37.53:  16.54316,23.61474,200.2847
37.54:  16.54316,23.61474,200.2847
37.56:  16.54316,23.61474,200.2847
37.58:  16.54316,23.61474,200.2847
37.59:  16.54316,23.61474,200.2847
37.61:  16.54316,23.61474,200.2847
37.63:  16.54316,23.61474,200.2847
37.64:  16.54316,23.61474,200.2847
37.66:  16.54316,23.61474,200.2847
37.68:  16.54316,23.61474,200.2847
37.69:  16.54316,23.61474,200.2847
37.71:  16.54316,23.61474,200.2847
37.73:  16.54316,23.61474,200.2847
37.74:  16.54316,23.61474,200.2847
37.76:  16.54316,23.61474,200.2847
37.78:  16.54316,23.61474,200.2847
37.79:  16.54316,23.61474,200.2847
37.81:  16.54316,23.61474,200.2847
37.83:  16.54316,23.61474,200.2847
37.84:  16.54316,23.61474,200.2847
37.86:  16.54316,23.61474,200.2847
37.88:  16.54316,23.61474,200.2847
37.89:  16.54316,23.61474,200.2847
37.91:  16.54316,23.61474,200.2847
37.93:  16.54316,23.61474,200.2847
37.94:  16.54316,23.61474,200.2847
37.96:  16.54316,23.61474,200.2847
37.98:  16.54316,23.61474,200.2847
37.99:  16.54316,23.61474,200.2847
38.01:  16.54316,23.61474,200.2847
38.03:  16.54316,23.61474,200.2847
38.04:  16.54316,23.61474,200.2847
38.06:  16.54316,23.61474,200.2847
38.08:  16.54316,23.61474,200.2847
38.09:  16.54316,23.61474,200.2847
38.11:  16.54316,23.61474,200.2847
38.13:  16.54316,23.61474,200.2847
38.14:  16.54316,23.61474,200.2847
38.16:  16.54316,23.61474,200.2847
38.18:  16.54316,23.61474,200.2847
38.19:  16.54316,23.61474,200.2847
38.21:  16.54316,23.61474,200.2847
38.23:  16.54316,23.61474,200.2847
38.24:  16.54316,23.61474,200.2847
38.26:  16.54316,23.61474,200.2847
38.28:  16.54316,23.61474,200.2847
38.29:  16.54316,23.61474,200.2847
38.31:  16.54316,23.61474,200.2847
38.33:  16.54316,23.61474,200.2847
38.34:  16.54316,23.61474,200.2847
38.36:  16.54316,23.61474,200.2847
38.38:  16.54316,23.61474,200.2847
38.39:  16.54316,23.61474,200.2847
38.41:  16.54316,23.61474,200.2847
38.43:  16.54316,23.61474,200.2847
38.44:  16.54316,23.61474,200.2847
38.46:  16.54316,23.61474,200.2847
38.48:  16.54316,23.61474,200.2847
38.49:  16.54316,23.61474,200.2847
38.51:  16.54316,23.61474,200.2847
38.53:  16.54316,23.61474,200.2847
38.54:  16.54316,23.61474,200.2847
38.56:  16.54316,23.61474,200.2847
38.58:  16.54316,23.61474,200.2847
38.59:  16.54316,23.61474,200.2847
