ParticipantNo: 12016
Controller type: Gamepad
Training Level:
0.04:  82.7,18.5,270
0.09:  82.7,18.5,270
0.11:  82.7,18.5,269.998
0.13:  82.7,18.5,269.996
0.14:  82.7,18.5,269.9877
0.16:  82.7,18.5,269.9794
0.18:  82.7,18.5,269.9711
0.19:  82.7,18.5,269.9628
0.21:  82.7,18.5,269.9608
0.23:  82.7,18.5,269.9525
0.24:  82.7,18.5,269.9442
0.26:  82.7,18.5,269.9359
0.28:  82.7,18.5,269.9275
0.29:  82.7,18.5,269.9192
0.31:  82.7,18.5,269.9109
0.33:  82.7,18.5,269.9089
0.34:  82.7,18.5,269.9069
0.36:  82.7,18.5,269.8986
0.38:  82.7,18.5,269.8903
0.39:  82.7,18.5,269.8883
0.41:  82.7,18.5,269.8863
0.43:  82.7,18.5,269.878
0.44:  82.7,18.5,269.8697
0.46:  82.7,18.5,269.8614
0.48:  82.7,18.5,269.8594
0.49:  82.7,18.5,269.8511
0.51:  82.7,18.5,269.8491
0.53:  82.7,18.5,269.8408
0.54:  82.7,18.5,269.8388
0.56:  82.7,18.5,269.8368
0.58:  82.7,18.5,269.8285
0.6:  82.7,18.5,269.8202
0.61:  82.7,18.5,269.8119
0.63:  82.7,18.5,269.8035
0.64:  82.7,18.5,269.7952
0.66:  82.7,18.5,269.7869
0.68:  82.7,18.5,269.7849
0.69:  82.7,18.5,269.7766
0.71:  82.7,18.5,269.7746
0.73:  82.7,18.5,269.7726
0.74:  82.7,18.5,269.7706
0.76:  82.7,18.5,269.7687
0.78:  82.7,18.5,269.7603
0.79:  82.7,18.5,269.752
0.81:  82.7,18.5,269.7501
0.83:  82.7,18.5,269.7417
0.84:  82.7,18.5,269.7397
0.86:  82.7,18.5,269.7314
0.88:  82.7,18.5,269.7294
0.89:  82.7,18.5,269.7275
0.91:  82.7,18.5,269.7255
0.93:  82.7,18.5,269.7235
0.94:  82.7,18.5,269.7215
0.96:  82.7,18.5,269.7195
0.98:  82.7,18.5,269.7175
0.99:  82.7,18.5,269.7155
1.01:  82.7,18.5,269.7136
1.03:  82.7,18.5,269.7116
1.04:  82.7,18.5,269.7096
1.06:  82.7,18.5,269.7076
1.08:  82.7,18.5,269.6993
1.09:  82.7,18.5,269.691
1.11:  82.7,18.5,269.6826
1.13:  82.7,18.5,269.6807
1.14:  82.7,18.5,269.6787
1.16:  82.7,18.5,269.6767
1.18:  82.7,18.5,269.6747
1.19:  82.7,18.5,269.6728
1.21:  82.7,18.5,269.6644
1.23:  82.7,18.5,269.6624
1.25:  82.7,18.5,269.6605
1.26:  82.7,18.5,269.6585
1.28:  82.7,18.5,269.6565
1.29:  82.7,18.5,269.6545
1.31:  82.7,18.5,269.6526
1.33:  82.7,18.5,269.6506
1.34:  82.7,18.5,269.6486
1.36:  82.7,18.5,269.6466
1.38:  82.7,18.5,269.6383
1.39:  82.7,18.5,269.63
1.41:  82.7,18.5,269.6216
1.43:  82.7,18.5,269.6133
1.44:  82.7,18.5,269.605
1.46:  82.7,18.5,269.5967
1.48:  82.7,18.5,269.5947
1.49:  82.7,18.5,269.5864
1.51:  82.7,18.5,269.5781
1.53:  82.7,18.5,269.5761
1.54:  82.7,18.5,269.5742
1.56:  82.7,18.5,269.5721
1.58:  82.7,18.5,269.5702
1.6:  82.7,18.5,269.5682
1.61:  82.7,18.5,269.5662
1.63:  82.7,18.5,269.5642
1.64:  82.7,18.5,269.5623
1.66:  82.7,18.5,269.5603
1.68:  82.7,18.5,269.5583
1.69:  82.7,18.5,269.55
1.71:  82.7,18.5,269.5417
1.73:  82.7,18.5,269.5333
1.74:  82.7,18.5,269.525
1.76:  82.7,18.5,269.5103
1.78:  82.7,18.5,269.502
1.79:  82.7,18.5,269.4937
1.81:  82.7,18.5,269.4854
1.83:  82.7,18.5,269.4771
1.84:  82.7,18.5,269.4688
1.86:  82.7,18.5,269.4604
1.88:  82.7,18.5,269.4585
1.89:  82.7,18.5,269.4502
1.91:  82.7,18.5,269.4418
1.93:  82.7,18.5,269.4335
1.95:  82.7,18.5,269.4252
1.96:  82.7,18.5,269.4169
1.98:  82.7,18.5,269.4086
1.99:  82.7,18.5,269.4002
2.01:  82.7,18.5,269.3856
2.03:  82.7,18.5,269.3773
2.04:  82.7,18.5,269.369
2.06:  82.7,18.5,269.3606
2.08:  82.7,18.5,269.3586
2.09:  82.7,18.5,269.3503
2.11:  82.7,18.5,269.342
2.13:  82.7,18.5,269.3337
2.15:  82.7,18.5,269.3317
2.16:  82.7,18.5,269.3297
2.18:  82.7,18.5,269.3214
2.2:  82.7,18.5,269.3195
2.21:  82.7,18.5,269.3175
2.23:  82.7,18.5,269.3091
2.24:  82.7,18.5,269.3072
2.26:  82.7,18.5,269.2989
2.28:  82.7,18.5,269.2969
2.29:  82.7,18.5,269.2949
2.31:  82.7,18.5,269.2929
2.33:  82.7,18.5,269.2846
2.34:  82.7,18.5,269.2826
2.36:  82.7,18.5,269.2743
2.38:  82.7,18.5,269.2723
2.39:  82.7,18.5,269.264
2.41:  82.7,18.5,269.262
2.43:  82.7,18.5,269.26
2.44:  82.7,18.5,269.2581
2.46:  82.7,18.5,269.2561
2.48:  82.7,18.5,269.2477
2.49:  82.7,18.5,269.2458
2.51:  82.7,18.5,269.2375
2.53:  82.7,18.5,269.2291
2.54:  82.7,18.5,269.2208
2.56:  82.7,18.5,269.2125
2.58:  82.7,18.5,269.2042
2.59:  82.7,18.5,269.1959
2.61:  82.7,18.5,269.1876
2.63:  82.7,18.5,269.1856
2.64:  82.7,18.5,269.1772
2.66:  82.7,18.5,269.1689
2.68:  82.7,18.5,269.167
2.69:  82.7,18.5,269.165
2.71:  82.7,18.5,269.1566
2.73:  82.7,18.5,269.1547
2.74:  82.7,18.5,269.1464
2.76:  82.7,18.5,269.138
2.78:  82.7,18.5,269.1297
2.79:  82.7,18.5,269.1277
2.81:  82.7,18.5,269.1257
2.83:  82.7,18.5,269.1174
2.84:  82.7,18.5,269.1154
2.86:  82.7,18.5,269.1135
2.88:  82.7,18.5,269.1052
2.89:  82.7,18.5,269.0968
2.91:  82.7,18.5,269.0948
2.93:  82.7,18.5,269.0929
2.94:  82.7,18.5,269.0845
2.96:  82.7,18.5,269.0762
2.98:  82.7,18.5,269.0742
2.99:  82.7,18.5,269.0723
3.01:  82.7,18.5,269.0703
3.03:  82.7,18.5,269.0683
3.04:  82.7,18.5,269.0663
3.06:  82.7,18.5,269.0643
3.08:  82.7,18.5,269.0624
3.09:  82.7,18.5,269.054
3.11:  82.7,18.5,269.0457
3.13:  82.7,18.5,269.0374
3.15:  82.7,18.5,269.0291
3.16:  82.7,18.5,269.0208
3.18:  82.7,18.5,269.0188
3.19:  82.7,18.5,269.0105
3.21:  82.7,18.5,269.0022
3.23:  82.7,18.5,269.0002
3.24:  82.7,18.5,268.9919
3.26:  82.7,18.5,268.9899
3.28:  82.7,18.5,268.9879
3.29:  82.7,18.5,268.9859
3.31:  82.7,18.5,268.9839
3.33:  82.7,18.5,268.982
3.34:  82.7,18.5,268.9736
3.36:  82.7,18.5,268.9653
3.38:  82.7,18.5,268.957
3.39:  82.7,18.5,268.955
3.41:  82.7,18.5,268.9467
3.43:  82.7,18.5,268.9384
3.44:  82.7,18.5,268.9301
3.46:  82.7,18.5,268.9218
3.48:  82.7,18.5,268.9135
3.49:  82.7,18.5,268.9115
3.51:  82.7,18.5,268.9031
3.53:  82.7,18.5,268.9012
3.54:  82.7,18.5,268.8992
3.56:  82.7,18.5,268.8909
3.58:  82.7,18.5,268.8826
3.59:  82.7,18.5,268.8742
3.61:  82.7,18.5,268.8659
3.63:  82.7,18.5,268.8576
3.64:  82.7,18.5,268.8492
3.66:  82.7,18.5,268.8473
3.68:  82.7,18.5,268.839
3.69:  82.7,18.5,268.837
3.71:  82.7,18.5,268.8287
3.73:  82.7,18.5,268.8203
3.74:  82.7,18.5,268.812
3.76:  82.7,18.5,268.8037
3.78:  82.7,18.5,268.8017
3.79:  82.7,18.5,268.7934
3.81:  82.7,18.5,268.7914
3.83:  82.7,18.5,268.7831
3.84:  82.7,18.5,268.7811
3.86:  82.7,18.5,268.7728
3.88:  82.7,18.5,268.7645
3.89:  82.7,18.5,268.7625
3.91:  82.7,18.5,268.7606
3.93:  82.7,18.5,268.7585
3.94:  82.7,18.5,268.7566
3.96:  82.7,18.5,268.7483
3.98:  82.7,18.5,268.7399
3.99:  82.7,18.5,268.7316
4.01:  82.7,18.5,268.7296
4.03:  82.7,18.5,268.7213
4.04:  82.7,18.5,268.713
4.06:  82.7,18.5,268.6984
4.08:  82.7,18.5,268.69
4.09:  82.7,18.5,268.688
4.11:  82.7,18.5,268.6861
4.13:  82.7,18.5,268.6841
4.14:  82.7,18.5,268.6758
4.16:  82.7,18.5,268.6738
4.18:  82.7,18.5,268.6655
4.19:  82.7,18.5,268.6572
4.21:  82.7,18.5,268.6552
4.23:  82.7,18.5,268.6469
4.24:  82.7,18.5,268.6385
4.26:  82.7,18.5,268.6366
4.28:  82.7,18.5,268.6282
4.29:  82.7,18.5,268.6199
4.31:  82.7,18.5,268.6116
4.33:  82.7,18.5,268.6033
4.35:  82.7,18.5,268.595
4.36:  82.7,18.5,268.5866
4.38:  82.7,18.5,268.5847
4.39:  82.7,18.5,268.5827
4.41:  82.7,18.5,268.5807
4.43:  82.7,18.5,268.5787
4.44:  82.7,18.5,268.5767
4.46:  82.7,18.5,268.5748
4.48:  82.7,18.5,268.5664
4.49:  82.7,18.5,268.5645
4.51:  82.7,18.5,268.5625
4.53:  82.7,18.5,268.5542
4.54:  82.7,18.5,268.5522
4.56:  82.7,18.5,268.5439
4.58:  82.7,18.5,268.5356
4.59:  82.7,18.5,268.5272
4.61:  82.7,18.5,268.5189
4.63:  82.7,18.5,268.5106
4.65:  82.7,18.5,268.5086
4.66:  82.7,18.5,268.5067
4.68:  82.7,18.5,268.4983
4.69:  82.7,18.5,268.4963
4.71:  82.7,18.5,268.4944
4.73:  82.7,18.5,268.4924
4.74:  82.7,18.5,268.4904
4.76:  82.7,18.5,268.4884
4.78:  82.7,18.5,268.4801
4.79:  82.7,18.5,268.4781
4.81:  82.7,18.5,268.4761
4.83:  82.7,18.5,268.4678
4.84:  82.7,18.5,268.4659
4.86:  82.7,18.5,268.4575
4.88:  82.7,18.5,268.4492
4.89:  82.7,18.5,268.4409
4.91:  82.7,18.5,268.4326
4.93:  82.7,18.5,268.4243
4.94:  82.7,18.5,268.4159
4.96:  82.7,18.5,268.4139
4.98:  82.7,18.5,268.412
4.99:  82.7,18.5,268.41
5.01:  82.7,18.5,268.4017
5.03:  82.7,18.5,268.3933
5.04:  82.7,18.5,268.3914
5.06:  82.7,18.5,268.3831
5.08:  82.7,18.5,268.3747
5.09:  82.7,18.5,268.3664
5.11:  82.7,18.5,268.3644
5.13:  82.7,18.5,268.3625
5.14:  82.7,18.5,268.3541
5.16:  82.7,18.5,268.3522
5.18:  82.7,18.5,268.3438
5.19:  82.7,18.5,268.3419
5.21:  82.7,18.5,268.3335
5.23:  82.7,18.5,268.3315
5.24:  82.7,18.5,268.3296
5.26:  82.7,18.5,268.3276
5.28:  82.7,18.5,268.3256
5.29:  82.7,18.5,268.3236
5.31:  82.7,18.5,268.3217
5.33:  82.7,18.5,268.3134
5.35:  82.7,18.5,268.305
5.36:  82.7,18.5,268.2967
5.38:  82.7,18.5,268.282
5.39:  82.7,18.5,268.2737
5.41:  82.7,18.5,268.2654
5.43:  82.7,18.5,268.2571
5.44:  82.7,18.5,268.2551
5.46:  82.7,18.5,268.2468
5.48:  82.7,18.5,268.2385
5.49:  82.7,18.5,268.2365
5.51:  82.7,18.5,268.2282
5.53:  82.7,18.5,268.2198
5.54:  82.7,18.5,268.2115
5.56:  82.7,18.5,268.2032
5.58:  82.7,18.5,268.1949
5.59:  82.7,18.5,268.1929
5.61:  82.7,18.5,268.1909
5.63:  82.7,18.5,268.1826
5.64:  82.7,18.5,268.1743
5.66:  82.7,18.5,268.166
5.68:  82.7,18.5,268.1577
5.69:  82.7,18.5,268.1494
5.71:  82.7,18.5,268.141
5.73:  82.7,18.5,268.1327
5.74:  82.7,18.5,268.1244
5.76:  82.7,18.5,268.1161
5.78:  82.7,18.5,268.1078
5.79:  82.7,18.5,268.0994
5.81:  82.7,18.5,268.0911
5.83:  82.7,18.5,268.0891
5.84:  82.7,18.5,268.0872
5.86:  82.7,18.5,268.0789
5.88:  82.7,18.5,268.0768
5.9:  82.7,18.5,268.0685
5.91:  82.7,18.5,268.0602
5.93:  82.7,18.5,268.0519
5.94:  82.7,18.5,268.0436
5.96:  82.7,18.5,268.0352
5.98:  82.7,18.5,268.0269
6:  82.7,18.5,268.0186
6.01:  82.7,18.5,268.0103
6.03:  82.7,18.5,268.0083
6.05:  82.7,18.5,268
6.06:  82.7,18.5,267.998
6.08:  82.7,18.5,267.9897
6.1:  82.7,18.5,267.9877
6.11:  82.7,18.5,267.9857
6.13:  82.7,18.5,267.9838
6.14:  82.7,18.5,267.9818
6.16:  82.7,18.5,267.9798
6.18:  82.7,18.5,267.9715
6.2:  82.7,18.5,267.9632
6.21:  82.7,18.5,267.9612
6.23:  82.7,18.5,267.9529
6.24:  82.7,18.5,267.9445
6.26:  82.7,18.5,267.9426
6.28:  82.7,18.5,267.9343
6.29:  82.7,18.5,267.9259
6.31:  82.7,18.5,267.924
6.33:  82.7,18.5,267.922
6.34:  82.7,18.5,267.92
6.36:  82.7,18.5,267.918
6.38:  82.7,18.5,267.9097
6.39:  82.7,18.5,267.9077
6.41:  82.7,18.5,267.9057
6.43:  82.7,18.5,267.9037
6.44:  82.7,18.5,267.8954
6.46:  82.7,18.5,267.8934
6.48:  82.7,18.5,267.8915
6.49:  82.7,18.5,267.8831
6.51:  82.7,18.5,267.8812
6.53:  82.7,18.5,267.8729
6.54:  82.7,18.5,267.8645
6.56:  82.7,18.5,267.8562
6.58:  82.7,18.5,267.8479
6.59:  82.7,18.5,267.8396
6.61:  82.7,18.5,267.8313
6.63:  82.7,18.5,267.8229
6.64:  82.7,18.5,267.8146
6.66:  82.7,18.5,267.8127
6.68:  82.7,18.5,267.8107
6.69:  82.7,18.5,267.8087
6.71:  82.7,18.5,267.8067
6.73:  82.7,18.5,267.8047
6.74:  82.7,18.5,267.8027
6.76:  82.7,18.5,267.8008
6.78:  82.7,18.5,267.7924
6.8:  82.7,18.5,267.7841
6.81:  82.7,18.5,267.7758
6.83:  82.7,18.5,267.7738
6.85:  82.7,18.5,267.7655
6.86:  82.7,18.5,267.7572
6.88:  82.7,18.5,267.7489
6.89:  82.7,18.5,267.7469
6.91:  82.7,18.5,267.7386
6.93:  82.7,18.5,267.7366
6.94:  82.7,18.5,267.7346
6.96:  82.7,18.5,267.7326
6.98:  82.7,18.5,267.7307
6.99:  82.7,18.5,267.7287
7.01:  82.7,18.5,267.7203
7.03:  82.7,18.5,267.7184
7.04:  82.7,18.5,267.7164
7.06:  82.7,18.5,267.7081
7.08:  82.7,18.5,267.6998
7.09:  82.7,18.5,267.6978
7.11:  82.7,18.5,267.6958
7.13:  82.7,18.5,267.6875
7.14:  82.7,18.5,267.6791
7.16:  82.7,18.5,267.6708
7.18:  82.7,18.5,267.6625
7.19:  82.7,18.5,267.6605
7.21:  82.7,18.5,267.6522
7.23:  82.7,18.5,267.6502
7.24:  82.7,18.5,267.6483
7.26:  82.7,18.5,267.6463
7.28:  82.7,18.5,267.6379
7.3:  82.7,18.5,267.636
7.31:  82.7,18.5,267.6277
7.33:  82.7,18.5,267.6193
7.34:  82.7,18.5,267.6174
7.36:  82.7,18.5,267.6154
7.38:  82.7,18.5,267.6071
7.39:  82.7,18.5,267.6051
7.41:  82.7,18.5,267.6031
7.43:  82.7,18.5,267.5948
7.44:  82.7,18.5,267.5928
7.46:  82.7,18.5,267.5908
7.48:  82.7,18.5,267.5888
7.49:  82.7,18.5,267.5869
7.51:  82.7,18.5,267.5849
7.53:  82.7,18.5,267.5829
7.54:  82.7,18.5,267.5746
7.56:  82.7,18.5,267.5726
7.58:  82.7,18.5,267.5706
7.59:  82.7,18.5,267.5686
7.61:  82.7,18.5,267.5603
7.63:  82.7,18.5,267.5583
7.65:  82.7,18.5,267.5563
7.66:  82.7,18.5,267.5544
7.68:  82.7,18.5,267.5524
7.69:  82.7,18.5,267.5441
7.71:  82.7,18.5,267.5421
7.73:  82.7,18.5,267.5401
7.74:  82.7,18.5,267.5381
7.76:  82.7,18.5,267.5361
7.78:  82.7,18.5,267.5342
7.8:  82.7,18.5,267.5258
7.81:  82.7,18.5,267.5239
7.83:  82.7,18.5,267.5219
7.84:  82.7,18.5,267.5199
7.86:  82.7,18.5,267.5179
7.88:  82.7,18.5,267.5159
7.89:  82.7,18.5,267.5076
7.91:  82.7,18.5,267.4993
7.93:  82.7,18.5,267.491
7.94:  82.7,18.5,267.4827
7.96:  82.7,18.5,267.4807
7.98:  82.7,18.5,267.4787
7.99:  82.7,18.5,267.4767
8.01:  82.7,18.5,267.4684
8.03:  82.7,18.5,267.4664
8.04:  82.7,18.5,267.4644
8.06:  82.7,18.5,267.4625
8.08:  82.7,18.5,267.4605
8.1:  82.7,18.5,267.4585
8.11:  82.7,18.5,267.4565
8.13:  82.7,18.5,267.4482
8.14:  82.7,18.5,267.4462
8.16:  82.7,18.5,267.4379
8.18:  82.7,18.5,267.4296
8.19:  82.7,18.5,267.4213
8.21:  82.7,18.5,267.4193
8.23:  82.7,18.5,267.411
8.24:  82.7,18.5,267.409
8.26:  82.7,18.5,267.407
8.28:  82.7,18.5,267.3987
8.29:  82.7,18.5,267.3904
8.31:  82.7,18.5,267.3821
8.33:  82.7,18.5,267.3801
8.34:  82.7,18.5,267.3781
8.36:  82.7,18.5,267.3761
8.38:  82.7,18.5,267.3678
8.39:  82.7,18.5,267.3595
8.41:  82.7,18.5,267.3575
8.43:  82.7,18.5,267.3492
8.44:  82.7,18.5,267.3472
8.46:  82.7,18.5,267.3452
8.48:  82.7,18.5,267.3369
8.49:  82.7,18.5,267.3349
8.51:  82.7,18.5,267.3266
8.53:  82.7,18.5,267.3183
8.54:  82.7,18.5,267.31
8.56:  82.7,18.5,267.308
8.58:  82.7,18.5,267.306
8.59:  82.7,18.5,267.2977
8.61:  82.7,18.5,267.2957
8.63:  82.7,18.5,267.2874
8.64:  82.7,18.5,267.2791
8.66:  82.7,18.5,267.2771
8.68:  82.7,18.5,267.2751
8.69:  82.7,18.5,267.2731
8.71:  82.7,18.5,267.2648
8.73:  82.7,18.5,267.2628
8.74:  82.7,18.5,267.2609
8.76:  82.7,18.5,267.2589
8.78:  82.7,18.5,267.2505
8.79:  82.7,18.5,267.2486
8.81:  82.7,18.5,267.2466
8.83:  82.7,18.5,267.2319
8.84:  82.7,18.5,267.2236
8.86:  82.7,18.5,267.2153
8.88:  82.7,18.5,267.2133
8.89:  82.7,18.5,267.205
8.91:  82.7,18.5,267.203
8.93:  82.7,18.5,267.201
8.94:  82.7,18.5,267.1927
8.96:  82.7,18.5,267.1907
8.98:  82.7,18.5,267.1888
8.99:  82.7,18.5,267.1804
9.01:  82.7,18.5,267.1785
9.03:  82.7,18.5,267.1701
9.04:  82.7,18.5,267.1618
9.06:  82.7,18.5,267.1535
9.08:  82.7,18.5,267.1452
9.09:  82.7,18.5,267.1432
9.11:  82.7,18.5,267.1412
9.13:  82.7,18.5,267.1329
9.14:  82.7,18.5,267.1246
9.16:  82.7,18.5,267.1163
9.18:  82.7,18.5,267.1079
9.19:  82.7,18.5,267.0996
9.21:  82.7,18.5,267.0977
9.23:  82.7,18.5,267.0957
9.24:  82.7,18.5,267.0873
9.26:  82.7,18.5,267.0854
9.28:  82.7,18.5,267.0771
9.29:  82.7,18.5,267.0751
9.31:  82.7,18.5,267.0731
9.33:  82.7,18.5,267.0711
9.35:  82.7,18.5,267.0628
9.36:  82.7,18.5,267.0608
9.38:  82.7,18.5,267.0525
9.39:  82.7,18.5,267.0442
9.41:  82.7,18.5,267.0359
9.43:  82.7,18.5,267.0275
9.44:  82.7,18.5,267.0192
9.46:  82.7,18.5,267.0109
9.48:  82.7,18.5,267.0089
9.49:  82.7,18.5,267.0069
9.51:  82.7,18.5,266.9986
9.53:  82.7,18.5,266.9966
9.54:  82.7,18.5,266.9947
9.56:  82.7,18.5,266.9863
9.58:  82.7,18.5,266.978
9.6:  82.7,18.5,266.976
9.61:  82.7,18.5,266.9741
9.63:  82.7,18.5,266.9657
9.64:  82.7,18.5,266.9637
9.66:  82.7,18.5,266.9618
9.68:  82.7,18.5,266.9535
9.69:  82.7,18.5,266.9451
9.71:  82.7,18.5,266.9368
9.73:  82.7,18.5,266.9285
9.74:  82.7,18.5,266.9202
9.76:  82.7,18.5,266.9182
9.78:  82.7,18.5,266.9099
9.79:  82.7,18.5,266.9016
9.81:  82.7,18.5,266.8996
9.83:  82.7,18.5,266.8976
9.84:  82.7,18.5,266.8956
9.86:  82.7,18.5,266.8936
9.88:  82.7,18.5,266.8917
9.89:  82.7,18.5,266.8833
9.91:  82.7,18.5,266.875
9.93:  82.7,18.5,266.873
9.94:  82.7,18.5,266.8711
9.96:  82.7,18.5,266.8627
9.98:  82.7,18.5,266.8608
10:  82.7,18.5,266.8588
10.01:  82.7,18.5,266.8568
