ParticipantNo: 12017
Controller type: Gamepad
Training Level:
0.04:  82.7,18.5,270
0.08:  82.7,18.5,270
0.1:  82.7,18.5,269.9727
0.13:  82.7,18.5,269.9453
0.15:  82.7,18.5,269.9243
0.16:  82.7,18.5,269.897
0.18:  82.7,18.5,269.8697
0.2:  82.7,18.5,269.8487
0.21:  82.7,18.5,269.8277
0.23:  82.7,18.5,269.8067
0.25:  82.7,18.5,269.7794
0.26:  82.7,18.5,269.752
0.28:  82.7,18.5,269.7247
0.3:  82.7,18.5,269.6974
0.31:  82.7,18.5,269.67
0.33:  82.7,18.5,269.6427
0.35:  82.7,18.5,269.6154
0.36:  82.7,18.5,269.5944
0.38:  82.7,18.5,269.567
0.4:  82.7,18.5,269.5461
0.41:  82.7,18.5,269.5187
0.43:  82.7,18.5,269.4914
0.45:  82.7,18.5,269.4641
0.46:  82.7,18.5,269.4367
0.48:  82.7,18.5,269.4094
0.5:  82.7,18.5,269.382
0.51:  82.7,18.5,269.3547
0.53:  82.7,18.5,269.3337
0.55:  82.7,18.5,269.3064
0.56:  82.7,18.5,269.2791
0.58:  82.7,18.5,269.2517
0.6:  82.7,18.5,269.2244
0.61:  82.7,18.5,269.1971
0.63:  82.7,18.5,269.1697
0.65:  82.7,18.5,269.1487
0.66:  82.7,18.5,269.1277
0.68:  82.7,18.5,269.1004
0.7:  82.7,18.5,269.0794
0.71:  82.7,18.5,269.0584
0.73:  82.7,18.5,269.0374
0.75:  82.7,18.5,269.0164
0.76:  82.7,18.5,268.9891
0.78:  82.7,18.5,268.9618
0.8:  82.7,18.5,268.9408
0.81:  82.7,18.5,268.9135
0.83:  82.7,18.5,268.8925
0.85:  82.7,18.5,268.8651
0.86:  82.7,18.5,268.8378
0.88:  82.7,18.5,268.8105
0.9:  82.7,18.5,268.7831
0.91:  82.7,18.5,268.7558
0.93:  82.7,18.5,268.7285
0.95:  82.7,18.5,268.7011
0.96:  82.7,18.5,268.6738
0.98:  82.7,18.5,268.6465
1:  82.7,18.5,268.6255
1.01:  82.7,18.5,268.6045
1.03:  82.7,18.5,268.5771
1.05:  82.7,18.5,268.5562
1.06:  82.7,18.5,268.5352
1.08:  82.7,18.5,268.5142
1.1:  82.7,18.5,268.4868
1.11:  82.7,18.5,268.4595
1.13:  82.7,18.5,268.4322
1.15:  82.7,18.5,268.4048
1.16:  82.7,18.5,268.3775
1.18:  82.7,18.5,268.3502
1.2:  82.7,18.5,268.3292
1.21:  82.7,18.5,268.3018
1.23:  82.7,18.5,268.2745
1.25:  82.7,18.5,268.2535
1.26:  82.7,18.5,268.2325
1.28:  82.7,18.5,268.2115
1.3:  82.7,18.5,268.1906
1.31:  82.7,18.5,268.1696
1.33:  82.7,18.5,268.1486
1.35:  82.7,18.5,268.1212
1.36:  82.7,18.5,268.0939
1.38:  82.7,18.5,268.0729
1.4:  82.7,18.5,268.0456
1.41:  82.7,18.5,268.0182
1.43:  82.7,18.5,267.9909
1.45:  82.7,18.5,267.9636
1.46:  82.7,18.5,267.9362
1.48:  82.7,18.5,267.9089
1.5:  82.7,18.5,267.8816
1.51:  82.7,18.5,267.8606
1.53:  82.7,18.5,267.8396
1.55:  82.7,18.5,267.8186
1.56:  82.7,18.5,267.7976
1.58:  82.7,18.5,267.7766
1.6:  82.7,18.5,267.7556
1.61:  82.7,18.5,267.7346
1.63:  82.7,18.5,267.7136
1.65:  82.7,18.5,267.6926
1.66:  82.7,18.5,267.6653
1.68:  82.7,18.5,267.6379
1.7:  82.7,18.5,267.6106
1.71:  82.7,18.5,267.5833
1.73:  82.7,18.5,267.556
1.75:  82.7,18.5,267.5286
1.76:  82.7,18.5,267.5013
1.78:  82.7,18.5,267.474
1.8:  82.7,18.5,267.453
1.81:  82.7,18.5,267.4256
1.83:  82.7,18.5,267.3983
1.85:  82.7,18.5,267.371
1.86:  82.7,18.5,267.35
1.88:  82.7,18.5,267.329
1.9:  82.7,18.5,267.308
1.91:  82.7,18.5,267.287
1.93:  82.7,18.5,267.266
1.95:  82.7,18.5,267.2387
1.96:  82.7,18.5,267.2113
1.98:  82.7,18.5,267.184
2:  82.7,18.5,267.163
2.01:  82.7,18.5,267.1357
2.03:  82.7,18.5,267.1083
2.05:  82.7,18.5,267.081
2.06:  82.7,18.5,267.0537
2.08:  82.7,18.5,267.0327
2.1:  82.7,18.5,267.0117
2.11:  82.7,18.5,266.9844
2.13:  82.7,18.5,266.9633
2.15:  82.7,18.5,266.936
2.16:  82.7,18.5,266.9087
2.18:  82.7,18.5,266.8813
2.2:  82.7,18.5,266.854
2.21:  82.7,18.5,266.833
2.23:  82.7,18.5,266.8057
2.25:  82.7,18.5,266.7784
2.26:  82.7,18.5,266.751
2.28:  82.7,18.5,266.7237
2.3:  82.7,18.5,266.6964
2.31:  82.7,18.5,266.669
2.33:  82.7,18.5,266.648
2.35:  82.7,18.5,266.627
2.36:  82.7,18.5,266.5997
2.38:  82.7,18.5,266.5724
2.4:  82.7,18.5,266.545
2.41:  82.7,18.5,266.5177
2.43:  82.7,18.5,266.4904
2.45:  82.7,18.5,266.4694
2.46:  82.7,18.5,266.4484
2.48:  82.7,18.5,266.4211
2.5:  82.7,18.5,266.3937
2.51:  82.7,18.5,266.3664
2.53:  82.7,18.5,266.3454
2.55:  82.7,18.5,266.3181
2.56:  82.7,18.5,266.2908
2.58:  82.7,18.5,266.2634
2.6:  82.7,18.5,266.2361
2.61:  82.7,18.5,266.2087
2.63:  82.7,18.5,266.1814
2.65:  82.7,18.5,266.1604
2.66:  82.7,18.5,266.1331
2.68:  82.7,18.5,266.1121
2.7:  82.7,18.5,266.0911
2.71:  82.7,18.5,266.0701
2.73:  82.7,18.5,266.0491
2.75:  82.7,18.5,266.0218
2.76:  82.7,18.5,266.0008
2.78:  82.7,18.5,265.9798
2.8:  82.7,18.5,265.9525
2.81:  82.7,18.5,265.9251
2.83:  82.7,18.5,265.8978
2.85:  82.7,18.5,265.8705
2.87:  82.7,18.5,265.8495
2.88:  82.7,18.5,265.8285
2.9:  82.7,18.5,265.8011
2.91:  82.7,18.5,265.7738
2.93:  82.7,18.5,265.7528
2.95:  82.7,18.5,265.7318
2.96:  82.7,18.5,265.7108
2.98:  82.7,18.5,265.6898
3:  82.7,18.5,265.6625
3.01:  82.7,18.5,265.6415
3.03:  82.7,18.5,265.6205
3.05:  82.7,18.5,265.5995
3.06:  82.7,18.5,265.5785
3.08:  82.7,18.5,265.5512
3.1:  82.7,18.5,265.5239
3.11:  82.7,18.5,265.4965
3.13:  82.7,18.5,265.4755
3.15:  82.7,18.5,265.4482
3.16:  82.7,18.5,265.4209
3.18:  82.7,18.5,265.3999
3.2:  82.7,18.5,265.3725
3.21:  82.7,18.5,265.3452
3.23:  82.7,18.5,265.3242
3.25:  82.7,18.5,265.2969
3.26:  82.7,18.5,265.2759
3.28:  82.7,18.5,265.2485
3.3:  82.7,18.5,265.2212
3.31:  82.7,18.5,265.2002
3.33:  82.7,18.5,265.1792
3.35:  82.7,18.5,265.1582
3.36:  82.7,18.5,265.1372
3.38:  82.7,18.5,265.1099
3.4:  82.7,18.5,265.0826
3.41:  82.7,18.5,265.0616
3.43:  82.7,18.5,265.0342
3.45:  82.7,18.5,265.0069
3.46:  82.7,18.5,264.9796
3.48:  82.7,18.5,264.9586
3.5:  82.7,18.5,264.9376
3.51:  82.7,18.5,264.9102
3.53:  82.7,18.5,264.8829
3.55:  82.7,18.5,264.8619
3.56:  82.7,18.5,264.8409
3.58:  82.7,18.5,264.8199
3.6:  82.7,18.5,264.799
3.61:  82.7,18.5,264.778
3.63:  82.7,18.5,264.757
3.65:  82.7,18.5,264.7296
3.66:  82.7,18.5,264.7023
3.68:  82.7,18.5,264.675
3.7:  82.7,18.5,264.6476
3.71:  82.7,18.5,264.6203
3.73:  82.7,18.5,264.593
3.75:  82.7,18.5,264.572
3.76:  82.7,18.5,264.5446
3.78:  82.7,18.5,264.5173
3.8:  82.7,18.5,264.4963
3.81:  82.7,18.5,264.469
3.83:  82.7,18.5,264.448
3.85:  82.7,18.5,264.427
3.86:  82.7,18.5,264.406
3.88:  82.7,18.5,264.385
3.9:  82.7,18.5,264.364
3.91:  82.7,18.5,264.343
3.93:  82.7,18.5,264.322
3.95:  82.7,18.5,264.2947
3.96:  82.7,18.5,264.2674
3.98:  82.7,18.5,264.24
4:  82.7,18.5,264.2127
4.01:  82.7,18.5,264.1854
4.03:  82.7,18.5,264.1644
4.05:  82.7,18.5,264.137
4.06:  82.7,18.5,264.1097
4.08:  82.7,18.5,264.0887
4.1:  82.7,18.5,264.0677
4.11:  82.7,18.5,264.0467
4.13:  82.7,18.5,264.0194
4.15:  82.7,18.5,263.9984
4.16:  82.7,18.5,263.9774
4.18:  82.7,18.5,263.9564
4.2:  82.7,18.5,263.9354
4.21:  82.7,18.5,263.9144
4.23:  82.7,18.5,263.8934
4.25:  82.7,18.5,263.8661
4.26:  82.7,18.5,263.8387
4.28:  82.7,18.5,263.8114
4.3:  82.7,18.5,263.7841
4.31:  82.7,18.5,263.7568
4.33:  82.7,18.5,263.7294
4.35:  82.7,18.5,263.7021
4.36:  82.7,18.5,263.6747
4.38:  82.7,18.5,263.6538
4.4:  82.7,18.5,263.6328
4.41:  82.7,18.5,263.6118
4.43:  82.7,18.5,263.5844
4.45:  82.7,18.5,263.5571
4.46:  82.7,18.5,263.5298
4.48:  82.7,18.5,263.5024
4.5:  82.7,18.5,263.4751
4.51:  82.7,18.5,263.4541
4.53:  82.7,18.5,263.4268
4.55:  82.7,18.5,263.4058
4.56:  82.7,18.5,263.3848
4.58:  82.7,18.5,263.3638
4.6:  82.7,18.5,263.3365
4.61:  82.7,18.5,263.3091
4.63:  82.7,18.5,263.2818
4.65:  82.7,18.5,263.2545
4.66:  82.7,18.5,263.2271
4.68:  82.7,18.5,263.2061
4.7:  82.7,18.5,263.1852
4.71:  82.7,18.5,263.1642
4.73:  82.7,18.5,263.1432
4.75:  82.7,18.5,263.1222
4.76:  82.7,18.5,263.0948
4.78:  82.7,18.5,263.0739
4.8:  82.7,18.5,263.0465
4.81:  82.7,18.5,263.0255
4.83:  82.7,18.5,262.9982
4.85:  82.7,18.5,262.9709
4.86:  82.7,18.5,262.9435
4.88:  82.7,18.5,262.9162
4.9:  82.7,18.5,262.8889
4.91:  82.7,18.5,262.8615
4.93:  82.7,18.5,262.8342
4.95:  82.7,18.5,262.8132
4.96:  82.7,18.5,262.7859
4.98:  82.7,18.5,262.7585
5:  82.7,18.5,262.7375
5.01:  82.7,18.5,262.7166
5.03:  82.7,18.5,262.6892
5.05:  82.7,18.5,262.6619
5.06:  82.7,18.5,262.6409
5.08:  82.7,18.5,262.6136
5.1:  82.7,18.5,262.5862
5.11:  82.7,18.5,262.5589
5.13:  82.7,18.5,262.5316
5.15:  82.7,18.5,262.5042
5.16:  82.7,18.5,262.4833
5.18:  82.7,18.5,262.4559
5.2:  82.7,18.5,262.4286
5.21:  82.7,18.5,262.4076
5.23:  82.7,18.5,262.3803
5.25:  82.7,18.5,262.3593
5.26:  82.7,18.5,262.332
5.28:  82.7,18.5,262.3046
5.3:  82.7,18.5,262.2836
5.31:  82.7,18.5,262.2626
5.33:  82.7,18.5,262.2416
5.35:  82.7,18.5,262.2143
5.36:  82.7,18.5,262.187
5.38:  82.7,18.5,262.1597
5.4:  82.7,18.5,262.1323
5.41:  82.7,18.5,262.105
5.43:  82.7,18.5,262.0776
5.45:  82.7,18.5,262.0503
5.46:  82.7,18.5,262.023
5.48:  82.7,18.5,261.9957
5.5:  82.7,18.5,261.9747
5.51:  82.7,18.5,261.9473
5.53:  82.7,18.5,261.92
5.55:  82.7,18.5,261.8927
5.56:  82.7,18.5,261.8717
5.58:  82.7,18.5,261.8444
5.6:  82.7,18.5,261.8234
5.61:  82.7,18.5,261.8024
5.63:  82.7,18.5,261.775
5.65:  82.7,18.5,261.7477
5.66:  82.7,18.5,261.7204
5.68:  82.7,18.5,261.693
5.7:  82.7,18.5,261.6657
5.71:  82.7,18.5,261.6384
5.73:  82.7,18.5,261.611
5.75:  82.7,18.5,261.5837
5.76:  82.7,18.5,261.5564
5.78:  82.7,18.5,261.5291
5.8:  82.7,18.5,261.5081
5.81:  82.7,18.5,261.4807
5.83:  82.7,18.5,261.4597
5.85:  82.7,18.5,261.4387
5.86:  82.7,18.5,261.4177
5.88:  82.7,18.5,261.3967
5.9:  82.7,18.5,261.3758
5.91:  82.7,18.5,261.3548
5.93:  82.7,18.5,261.3274
5.95:  82.7,18.5,261.3064
5.96:  82.7,18.5,261.2791
5.98:  82.7,18.5,261.2518
6:  82.7,18.5,261.2245
6.01:  82.7,18.5,261.1971
6.03:  82.7,18.5,261.1698
6.05:  82.7,18.5,261.1488
6.06:  82.7,18.5,261.1215
6.08:  82.7,18.5,261.0941
6.1:  82.7,18.5,261.0731
6.11:  82.7,18.5,261.0458
6.13:  82.7,18.5,261.0248
6.15:  82.7,18.5,260.9975
6.16:  82.7,18.5,260.9765
6.18:  82.7,18.5,260.9555
6.2:  82.7,18.5,260.9282
6.21:  82.7,18.5,260.9008
6.23:  82.7,18.5,260.8735
6.25:  82.7,18.5,260.8462
6.26:  82.7,18.5,260.8188
6.28:  82.7,18.5,260.7915
6.3:  82.7,18.5,260.7642
6.31:  82.7,18.5,260.7368
6.33:  82.7,18.5,260.7159
6.35:  82.7,18.5,260.6885
6.36:  82.7,18.5,260.6612
6.38:  82.7,18.5,260.6339
6.4:  82.7,18.5,260.6129
6.41:  82.7,18.5,260.5855
6.43:  82.7,18.5,260.5645
6.45:  82.7,18.5,260.5372
6.46:  82.7,18.5,260.5099
6.48:  82.7,18.5,260.4825
6.5:  82.7,18.5,260.4552
6.51:  82.7,18.5,260.4279
6.53:  82.7,18.5,260.4005
6.55:  82.7,18.5,260.3732
6.56:  82.7,18.5,260.3459
6.58:  82.7,18.5,260.3185
6.6:  82.7,18.5,260.2912
6.61:  82.7,18.5,260.2639
6.63:  82.7,18.5,260.2429
6.65:  82.7,18.5,260.2219
6.66:  82.7,18.5,260.2009
6.68:  82.7,18.5,260.1799
6.7:  82.7,18.5,260.1526
6.71:  82.7,18.5,260.1252
6.73:  82.7,18.5,260.0979
6.75:  82.7,18.5,260.0706
6.77:  82.7,18.5,260.0432
6.78:  82.7,18.5,260.0222
6.8:  82.7,18.5,259.9949
6.81:  82.7,18.5,259.9739
6.83:  82.7,18.5,259.9466
6.85:  82.7,18.5,259.9193
6.86:  82.7,18.5,259.8919
6.88:  82.7,18.5,259.8646
6.9:  82.7,18.5,259.8436
6.91:  82.7,18.5,259.8226
6.93:  82.7,18.5,259.8016
6.95:  82.7,18.5,259.7806
6.96:  82.7,18.5,259.7533
6.98:  82.7,18.5,259.726
7:  82.7,18.5,259.6986
7.01:  82.7,18.5,259.6776
7.03:  82.7,18.5,259.6503
7.05:  82.7,18.5,259.623
7.06:  82.7,18.5,259.5956
7.08:  82.7,18.5,259.5683
7.1:  82.7,18.5,259.541
7.11:  82.7,18.5,259.5136
7.13:  82.7,18.5,259.4863
7.15:  82.7,18.5,259.459
7.16:  82.7,18.5,259.438
7.18:  82.7,18.5,259.417
7.2:  82.7,18.5,259.3896
7.21:  82.7,18.5,259.3687
7.23:  82.7,18.5,259.3413
7.25:  82.7,18.5,259.3203
7.26:  82.7,18.5,259.293
7.28:  82.7,18.5,259.2657
7.3:  82.7,18.5,259.2383
7.31:  82.7,18.5,259.2173
7.33:  82.7,18.5,259.19
7.35:  82.7,18.5,259.1627
7.36:  82.7,18.5,259.1353
7.38:  82.7,18.5,259.108
7.4:  82.7,18.5,259.0807
7.41:  82.7,18.5,259.0533
7.43:  82.7,18.5,259.0323
7.45:  82.7,18.5,259.0114
7.46:  82.7,18.5,258.984
7.48:  82.7,18.5,258.963
7.5:  82.7,18.5,258.942
7.51:  82.7,18.5,258.9211
7.53:  82.7,18.5,258.9001
7.55:  82.7,18.5,258.8791
7.56:  82.7,18.5,258.8517
7.58:  82.7,18.5,258.8307
7.6:  82.7,18.5,258.8034
7.61:  82.7,18.5,258.7761
7.63:  82.7,18.5,258.7551
7.65:  82.7,18.5,258.7278
7.66:  82.7,18.5,258.7004
7.68:  82.7,18.5,258.6731
7.7:  82.7,18.5,258.6458
7.71:  82.7,18.5,258.6184
7.73:  82.7,18.5,258.5911
7.75:  82.7,18.5,258.5638
7.76:  82.7,18.5,258.5364
7.78:  82.7,18.5,258.5091
7.8:  82.7,18.5,258.4881
7.81:  82.7,18.5,258.4608
7.83:  82.7,18.5,258.4398
7.85:  82.7,18.5,258.4188
7.86:  82.7,18.5,258.3978
7.88:  82.7,18.5,258.3705
7.9:  82.7,18.5,258.3431
7.91:  82.7,18.5,258.3158
7.93:  82.7,18.5,258.2885
7.95:  82.7,18.5,258.2611
7.96:  82.7,18.5,258.2338
7.98:  82.7,18.5,258.2128
8:  82.7,18.5,258.1855
8.01:  82.7,18.5,258.1582
8.03:  82.7,18.5,258.1308
8.05:  82.7,18.5,258.1098
8.06:  82.7,18.5,258.0888
8.08:  82.7,18.5,258.0679
8.1:  82.7,18.5,258.0468
8.11:  82.7,18.5,258.0259
8.13:  82.7,18.5,258.0049
8.15:  82.7,18.5,257.9775
8.16:  82.7,18.5,257.9565
8.18:  82.7,18.5,257.9355
8.2:  82.7,18.5,257.9082
8.21:  82.7,18.5,257.8809
8.23:  82.7,18.5,257.8536
8.25:  82.7,18.5,257.8262
8.26:  82.7,18.5,257.8242
8.28:  82.7,18.5,257.8242
8.3:  82.7,18.5,257.8706
8.31:  82.7,18.5,258.0247
8.33:  82.7,18.5,258.2041
8.35:  82.7,18.5,258.3899
8.36:  82.7,18.5,258.5757
8.38:  82.7,18.5,258.7678
8.4:  82.7,18.5,258.9599
8.41:  82.7,18.5,259.1584
8.43:  82.7,18.5,259.3568
8.45:  82.7,18.5,259.5426
8.46:  82.7,18.5,259.7347
8.48:  82.7,18.5,259.9205
8.5:  82.7,18.5,260.0999
8.51:  82.7,18.5,260.1019
8.53:  82.7,18.5,260.1019
8.55:  82.7,18.5,260.1
8.56:  82.7,18.5,260.098
8.58:  82.7,18.5,260.096
8.6:  82.7,18.5,260.094
8.61:  82.7,18.5,260.094
8.63:  82.7,18.5,260.092
8.65:  82.7,18.5,260.0901
8.66:  82.7,18.5,260.0881
8.68:  82.7,18.5,260.0861
8.7:  82.7,18.5,260.0861
8.71:  82.7,18.5,260.0861
8.73:  82.7,18.5,260.0841
8.75:  82.7,18.5,260.0841
8.76:  82.7,18.5,260.0821
8.78:  82.7,18.5,260.0801
8.8:  82.7,18.5,260.0782
8.81:  82.7,18.5,260.0782
8.83:  82.7,18.5,260.0762
8.85:  82.7,18.5,260.0742
8.86:  82.7,18.5,260.0722
8.88:  82.7,18.5,260.0722
8.9:  82.7,18.5,260.0722
8.91:  82.7,18.5,260.0722
8.93:  82.7,18.5,260.0703
8.95:  82.7,18.5,260.0703
8.96:  82.7,18.5,260.0683
8.98:  82.7,18.5,260.0663
9:  82.7,18.5,260.0663
9.01:  82.7,18.5,260.0663
9.03:  82.7,18.5,260.0663
9.05:  82.7,18.5,260.0663
9.06:  82.7,18.5,260.0643
9.08:  82.7,18.5,260.0623
9.1:  82.7,18.5,260.0623
9.11:  82.7,18.5,260.0603
9.13:  82.7,18.5,260.0583
9.15:  82.7,18.5,260.0564
9.16:  82.7,18.5,260.0544
9.18:  82.7,18.5,260.0524
9.2:  82.7,18.5,260.0524
9.21:  82.7,18.5,260.0524
9.23:  82.7,18.5,260.0524
9.25:  82.7,18.5,260.0524
9.26:  82.7,18.5,260.0524
9.28:  82.7,18.5,260.0504
9.3:  82.7,18.5,260.0504
9.31:  82.7,18.5,260.0485
9.33:  82.7,18.5,260.0465
9.35:  82.7,18.5,260.0445
9.36:  82.7,18.5,260.0425
9.38:  82.7,18.5,260.0405
9.4:  82.7,18.5,260.0386
9.41:  82.7,18.5,260.0366
9.43:  82.7,18.5,260.0346
9.45:  82.7,18.5,260.0326
9.47:  82.7,18.5,260.0326
9.48:  82.7,18.5,260.0306
9.5:  82.7,18.5,260.0287
9.51:  82.7,18.5,260.0287
9.53:  82.7,18.5,260.0287
9.55:  82.7,18.5,260.0287
9.56:  82.7,18.5,260.0287
9.58:  82.7,18.5,260.0287
9.6:  82.7,18.5,260.0287
9.61:  82.7,18.5,260.0267
9.63:  82.7,18.5,260.0247
9.65:  82.7,18.5,260.0227
9.66:  82.7,18.5,260.0227
9.68:  82.7,18.5,260.0208
9.7:  82.7,18.5,260.0188
9.71:  82.7,18.5,260.0168
9.73:  82.7,18.5,260.0148
9.75:  82.7,18.5,260.0148
9.76:  82.7,18.5,260.0148
9.78:  82.7,18.5,260.0128
9.8:  82.7,18.5,260.0128
9.81:  82.7,18.5,260.0128
9.83:  82.7,18.5,260.0128
9.85:  82.7,18.5,260.0128
9.86:  82.7,18.5,260.0109
