ParticipantNo: 11013
Controller type: Gamepad
Training Level Timed:
0.02:  82.7,18.5,270
0.03:  82.7,18.5,270
0.05:  82.7,18.5,269.9663
0.07:  82.7,18.5,269.9263
0.09:  82.7,18.5,269.8926
0.1:  82.7,18.5,269.859
0.12:  82.7,18.5,269.819
0.14:  82.7,18.5,269.7853
0.15:  82.7,18.5,269.758
0.17:  82.7,18.5,269.7243
0.19:  82.7,18.5,269.6906
0.2:  82.7,18.5,269.657
0.22:  82.7,18.5,269.6233
0.24:  82.7,18.5,269.5896
0.25:  82.7,18.5,269.5559
0.27:  82.7,18.5,269.5159
0.29:  82.7,18.5,269.4822
0.3:  82.7,18.5,269.4486
0.32:  82.7,18.5,269.4086
0.34:  82.7,18.5,269.3686
0.35:  82.7,18.5,269.3349
0.37:  82.7,18.5,269.3012
0.39:  82.7,18.5,269.2612
0.4:  82.7,18.5,269.2275
0.42:  82.7,18.5,269.1939
0.44:  82.7,18.5,269.1539
0.45:  82.7,18.5,269.1202
0.47:  82.7,18.5,269.0865
0.49:  82.7,18.5,269.0529
0.5:  82.7,18.5,269.0192
0.52:  82.7,18.5,268.9855
0.54:  82.7,18.5,268.9518
0.55:  82.7,18.5,268.9182
0.57:  82.7,18.5,268.8845
0.59:  82.7,18.5,268.8445
0.6:  82.7,18.5,268.8045
0.62:  82.7,18.5,268.7708
0.64:  82.7,18.5,268.7372
0.65:  82.7,18.5,268.6971
0.67:  82.7,18.5,268.6572
0.69:  82.7,18.5,268.6235
0.7:  82.7,18.5,268.5835
0.72:  82.7,18.5,268.5435
0.74:  82.7,18.5,268.5098
0.75:  82.7,18.5,268.4761
0.77:  82.7,18.5,268.4425
0.79:  82.7,18.5,268.4088
0.8:  82.7,18.5,268.3751
0.82:  82.7,18.5,268.3415
0.84:  82.7,18.5,268.3078
0.85:  82.7,18.5,268.2741
0.87:  82.7,18.5,268.2404
0.9:  82.7,18.5,268.2068
0.92:  82.7,18.5,268.1731
0.94:  82.7,18.5,268.1394
0.95:  82.7,18.5,268.0994
0.97:  82.7,18.5,268.0657
0.99:  82.7,18.5,268.0257
1:  82.7,18.5,267.9921
1.02:  82.7,18.5,267.9584
1.04:  82.7,18.5,267.9247
1.05:  82.7,18.5,267.8911
1.07:  82.7,18.5,267.8574
1.09:  82.7,18.5,267.8237
1.1:  82.7,18.5,267.7901
1.12:  82.7,18.5,267.7564
1.14:  82.7,18.5,267.7227
1.15:  82.7,18.5,267.6827
1.17:  82.7,18.5,267.6554
1.19:  82.7,18.5,267.6217
1.2:  82.7,18.5,267.588
1.22:  82.7,18.5,267.5544
1.24:  82.7,18.5,267.5207
1.25:  82.7,18.5,267.487
1.27:  82.7,18.5,267.4534
1.29:  82.7,18.5,267.4197
1.3:  82.7,18.5,267.3797
1.32:  82.7,18.5,267.3397
1.34:  82.7,18.5,267.306
1.35:  82.7,18.5,267.2723
1.37:  82.7,18.5,267.2387
1.39:  82.7,18.5,267.205
1.4:  82.7,18.5,267.165
1.42:  82.7,18.5,267.1313
1.44:  82.7,18.5,267.0977
1.45:  82.7,18.5,267.064
1.47:  82.7,18.5,267.0303
1.49:  82.7,18.5,266.9903
1.5:  82.7,18.5,266.9503
1.52:  82.7,18.5,266.9166
1.54:  82.7,18.5,266.8829
1.55:  82.7,18.5,266.8429
1.57:  82.7,18.5,266.8029
1.59:  82.7,18.5,266.7693
1.6:  82.7,18.5,266.7419
1.62:  82.7,18.5,266.7083
1.64:  82.7,18.5,266.6746
1.65:  82.7,18.5,266.6409
1.67:  82.7,18.5,266.6072
1.69:  82.7,18.5,266.5736
1.7:  82.7,18.5,266.5399
1.72:  82.7,18.5,266.5063
1.74:  82.7,18.5,266.4726
1.75:  82.7,18.5,266.4389
1.77:  82.7,18.5,266.3989
1.79:  82.7,18.5,266.3589
1.8:  82.7,18.5,266.3252
1.82:  82.7,18.5,266.2852
1.84:  82.64909,18.49666,266.2452
1.85:  82.48344,18.49532,266.2179
1.87:  82.23222,18.4934,266.1969
1.89:  81.9855,18.49627,266.1822
1.9:  81.72413,18.49925,266.1676
1.92:  81.48018,18.50196,266.1529
1.94:  81.22932,18.50469,266.1382
1.95:  80.97973,18.5074,266.1382
1.97:  80.72887,18.51013,266.1382
1.99:  80.47746,18.51301,266.1719
2:  80.21988,18.51612,266.2056
2.02:  79.97166,18.52167,266.2393
2.04:  79.7254,18.5249,266.2666
2.05:  79.47424,18.52834,266.3003
2.07:  79.22312,18.53911,266.3003
2.09:  78.96938,18.58385,266.2286
2.1:  78.72795,18.66055,266.0301
2.12:  78.50181,18.76594,265.6606
2.14:  78.29128,18.8965,265.1579
2.15:  78.08709,19.04245,264.5284
2.17:  77.89586,19.20092,263.842
2.19:  77.71125,19.3701,263.1048
2.2:  77.54028,19.54388,262.3359
2.22:  77.37708,19.7273,261.5544
2.24:  77.215,19.91263,260.7729
2.25:  77.05158,20.09442,259.9913
2.27:  76.87965,20.28047,259.2034
2.29:  76.72681,20.4733,258.4155
2.3:  76.58624,20.67313,257.6277
2.32:  76.4384,20.87729,256.8398
2.34:  76.30515,21.08167,256.0519
2.35:  76.17268,21.28294,255.264
2.37:  76.0341,21.4873,254.4761
2.39:  75.89398,21.68797,253.6883
2.4:  75.75211,21.88929,252.9004
2.42:  75.61176,22.1018,252.1125
2.44:  75.4847,22.30607,251.3246
2.45:  75.356,22.51657,250.5367
2.47:  75.22635,22.72673,249.7489
2.49:  75.10086,22.94296,248.961
2.5:  74.97405,23.15468,248.1731
2.52:  74.83877,23.37369,247.3852
2.54:  74.72328,23.58687,246.5974
2.55:  74.60105,23.80529,245.8095
2.57:  74.47392,24.03034,245.0216
2.59:  74.34948,24.2437,244.2337
2.6:  74.21957,24.45489,243.4458
2.62:  74.08707,24.6638,242.658
2.64:  73.94794,24.87665,241.8701
2.65:  73.808,25.08443,241.0822
2.67:  73.67789,25.29766,240.2943
2.69:  73.5508,25.51346,239.5064
2.7:  73.42131,25.72661,238.7186
2.72:  73.28868,25.93828,237.9307
2.74:  73.15284,26.14861,237.1428
2.75:  73.01449,26.35649,236.3549
2.77:  72.87278,26.56319,235.567
2.79:  72.7283,26.73467,234.7792
2.8:  72.62118,26.73467,233.9913
2.82:  72.57489,26.73467,233.2034
2.84:  72.58125,26.73467,232.4155
2.85:  72.64718,26.73467,231.6277
2.87:  72.76256,26.7495,230.8398
2.89:  72.90785,26.7495,230.0519
2.9:  73.10216,26.76238,229.264
2.92:  73.34772,26.79066,228.4761
2.94:  73.59355,26.79642,227.6883
2.95:  73.84132,26.79654,226.9004
2.97:  74.08849,26.79654,226.1125
2.99:  74.33487,26.79654,225.3246
3:  74.58096,26.79654,224.5367
3.02:  74.83714,26.79654,223.7489
3.04:  75.0805,26.79653,222.961
3.05:  75.31998,26.7972,222.1731
3.07:  75.56665,26.7972,221.3852
3.09:  75.81278,26.7972,220.5973
3.1:  76.05636,26.7972,219.8095
3.12:  76.30328,26.7972,219.0216
3.14:  76.54807,26.7972,218.2337
3.15:  76.79182,26.7972,217.4458
3.17:  77.03689,26.7972,216.6579
3.19:  77.28046,26.7972,215.8701
3.2:  77.52391,26.7972,215.0822
3.22:  77.76548,26.7972,214.2943
3.24:  78.00866,26.7972,213.5064
3.25:  78.24854,26.7972,212.7186
3.27:  78.48464,26.7972,211.9307
3.29:  78.64666,26.7972,211.1428
3.3:  78.64666,26.7972,210.3549
3.32:  78.64666,26.7972,209.567
3.34:  78.55872,26.78965,208.7792
3.35:  78.36408,26.75023,207.9913
3.37:  78.12469,26.69157,207.2034
3.39:  77.88252,26.63035,206.4155
3.4:  77.64452,26.56505,205.6277
3.42:  77.40601,26.49773,204.8398
3.44:  77.16835,26.42711,204.0519
3.45:  76.93732,26.34246,203.264
3.47:  76.71958,26.2168,202.4761
3.49:  76.53576,26.03641,201.6883
3.5:  76.39879,25.82169,200.9004
3.52:  76.2923,25.59494,200.1125
3.54:  76.20716,25.35954,199.3246
3.55:  76.12778,25.12283,198.5367
3.57:  76.05154,24.88462,197.7489
3.59:  75.97832,24.64455,196.961
3.6:  75.90903,24.40565,196.1731
3.62:  75.84262,24.16428,195.3852
3.64:  75.77936,23.92136,194.5974
3.65:  75.72002,23.67994,193.8095
3.67:  75.66338,23.43508,193.0216
3.69:  75.61046,23.19096,192.2337
3.7:  75.56062,22.94481,191.4458
3.72:  75.52944,22.70115,190.658
3.74:  75.51073,22.45067,189.8701
3.75:  75.51486,22.19514,189.0822
3.77:  75.53286,21.92958,188.2943
3.79:  75.56272,21.67897,187.5065
3.8:  75.60122,21.42961,186.7186
3.82:  75.64606,21.17598,185.9941
3.84:  75.69326,20.92451,185.39
3.85:  75.74354,20.66809,184.9254
3.87:  75.79659,20.40608,184.5748
3.89:  75.84659,20.16387,184.3573
3.9:  75.89956,19.91068,184.2032
3.92:  75.95241,19.6606,184.0872
3.94:  76.00598,19.40811,184.0408
3.95:  76.05928,19.15736,184.0198
3.97:  76.11307,18.90439,184.0178
3.99:  76.1667,18.65209,184.0178
4:  76.21999,18.40146,184.0178
4.02:  76.27399,18.15071,184.0178
4.04:  76.32759,17.90186,184.0178
4.05:  76.38136,17.65221,184.0178
4.07:  76.43494,17.40014,184.0178
4.09:  76.49025,17.14003,184.0178
4.1:  76.54311,16.89458,184.0178
4.12:  76.59395,16.64742,184.0198
4.14:  76.6477,16.39777,184.0218
4.15:  76.70037,16.15305,184.0238
4.17:  76.7546,15.9011,184.0258
4.19:  76.80837,15.65123,184.0277
4.2:  76.86139,15.40481,184.0297
4.22:  76.91557,15.15298,184.0317
4.24:  76.96868,14.90608,184.0317
4.25:  77.02288,14.65412,184.0317
4.27:  77.07803,14.39768,184.0337
4.29:  77.13104,14.15121,184.0357
4.3:  77.18347,13.90733,184.0376
4.32:  77.23783,13.65447,184.0396
4.34:  77.29042,13.40982,184.0416
4.35:  77.34509,13.15544,184.0436
4.37:  77.39845,12.9071,184.0456
4.39:  77.44995,12.65591,184.0539
4.4:  77.50061,12.40829,184.0812
4.42:  77.55138,12.15906,184.1276
4.44:  77.60139,11.91196,184.1993
4.45:  77.65282,11.65236,184.29
4.47:  77.70145,11.40441,184.3997
4.49:  77.75032,11.15203,184.5348
4.5:  77.79831,10.90015,184.7079
4.52:  77.84644,10.64219,184.9254
4.54:  77.88826,10.39913,185.2062
4.55:  77.93088,10.14249,185.5378
4.57:  77.97273,9.883952,185.9137
4.59:  78.01045,9.635518,186.3339
4.6:  78.04645,9.384337,186.8113
4.62:  78.08028,9.130997,187.3583
4.64:  78.11172,8.87589,187.9434
4.65:  78.14017,8.623252,188.5411
4.67:  78.16628,8.367371,189.1389
4.69:  78.19192,8.113143,189.7366
4.7:  78.21515,7.856929,190.3153
4.72:  78.23695,7.592263,190.7863
4.74:  78.25602,7.343398,191.1115
4.75:  78.27548,7.080593,191.2593
4.77:  78.29439,6.824045,191.2803
4.79:  78.31094,6.57664,191.2823
4.8:  78.32809,6.320247,191.2842
4.82:  78.34477,6.070612,191.2842
4.84:  78.36387,5.820059,191.2842
4.85:  78.38129,5.559448,191.2842
4.87:  78.39791,5.310976,191.2842
4.89:  78.41486,5.057443,191.2842
4.9:  78.43175,4.804895,191.2842
4.92:  78.44865,4.552117,191.2842
4.94:  78.46783,4.300489,191.2842
4.95:  78.48479,4.04667,191.2842
4.97:  78.50434,3.790184,191.2842
4.99:  78.52127,3.53701,191.2842
5:  78.5407,3.282165,191.2842
5.02:  78.55753,3.030412,191.2842
5.04:  78.57452,2.7762,191.2842
5.05:  78.59377,2.523673,191.2842
5.07:  78.61318,2.268894,191.2842
5.09:  78.63258,2.014396,191.2842
5.1:  78.64956,1.760438,191.2842
5.12:  78.66618,1.511931,191.2842
5.14:  78.68311,1.258647,191.2842
5.15:  78.70266,1.002183,191.2842
5.17:  78.72209,0.7471539,191.2842
5.19:  78.73902,0.49401,191.2842
5.2:  78.76363,0.2417985,191.2842
5.22:  78.80428,-0.007174432,191.2842
5.24:  78.85476,-0.2542152,191.2842
5.25:  78.90761,-0.5015798,191.2842
5.27:  78.96549,-0.7509125,191.2842
5.29:  79.02256,-0.9968039,191.2862
5.3:  79.08392,-1.246729,191.2882
5.32:  79.14484,-1.490707,191.3029
5.34:  79.20573,-1.735045,191.3239
5.35:  79.26653,-1.980171,191.3892
5.37:  79.32671,-2.224769,191.4989
5.39:  79.38612,-2.469599,191.6784
5.4:  79.44397,-2.712561,191.9275
5.42:  79.49976,-2.958751,192.2844
5.44:  79.55531,-3.202696,192.7301
5.45:  79.60845,-3.446365,193.2581
5.47:  79.65699,-3.691357,193.8432
5.49:  79.70496,-3.935954,194.4662
5.5:  79.7502,-4.1814,195.1147
5.52:  79.79101,-4.424517,195.7631
5.54:  79.83083,-4.671641,196.4052
5.55:  79.86779,-4.918349,197.041
5.57:  79.90253,-5.167022,197.6071
5.59:  79.93673,-5.419911,198.1034
5.6:  79.96767,-5.66208,198.5237
5.62:  80.00227,-5.907336,198.7855
5.64:  80.03976,-6.146629,198.9333
5.65:  80.0789,-6.390622,198.9923
5.67:  80.11855,-6.638987,199.0386
5.69:  80.15811,-6.874646,199.0786
5.7:  80.19627,-7.116109,199.125
5.72:  80.24336,-7.360396,199.184
5.74:  80.29523,-7.604446,199.3508
5.75:  80.34811,-7.849988,199.676
5.77:  80.39881,-8.095956,200.1787
5.79:  80.4564,-8.351555,200.8398
5.8:  80.50568,-8.587967,201.6023
5.82:  80.55535,-8.832942,202.3839
5.84:  80.60195,-9.08007,203.1654
5.85:  80.6449,-9.326325,203.9533
5.87:  80.68457,-9.573735,204.7348
5.89:  80.72238,-9.832197,205.5227
5.9:  80.75471,-10.07658,206.3106
5.92:  80.78375,-10.32188,207.0921
5.94:  80.80938,-10.56686,207.8737
5.95:  80.83263,-10.81875,208.5728
5.97:  80.85323,-11.06943,209.1452
5.99:  80.87187,-11.3196,209.5845
6:  80.88915,-11.56996,209.897
6.02:  80.90561,-11.81927,210.0701
6.04:  80.92182,-12.07024,210.1482
6.05:  80.93774,-12.31928,210.1882
6.07:  80.95364,-12.57029,210.2219
6.09:  80.96729,-12.82016,210.2492
6.1:  80.98295,-13.0707,210.2702
6.12:  80.99831,-13.31808,210.2912
6.14:  81.01388,-13.57065,210.3185
6.15:  81.02921,-13.82079,210.3395
6.17:  81.04451,-14.07259,210.3668
6.19:  81.05952,-14.32149,210.3942
6.2:  81.07234,-14.5693,210.4152
6.22:  81.08731,-14.82099,210.4425
6.24:  81.09993,-15.07054,210.4825
6.25:  81.11493,-15.33231,210.5669
6.27:  81.12799,-15.5692,210.6893
6.29:  81.14156,-15.82783,210.8434
6.3:  81.15148,-16.06921,211.0228
6.32:  81.16309,-16.32087,211.2023
6.34:  81.17376,-16.56933,211.388
6.35:  81.1838,-16.82308,211.5802
6.37:  81.19288,-17.0739,211.7723
6.39:  81.20139,-17.33417,211.9707
6.4:  81.20853,-17.5771,212.1628
6.42:  81.21298,-17.82634,212.3549
6.44:  81.22121,-18.07017,212.5471
6.45:  81.22883,-18.31916,212.7265
6.47:  81.2356,-18.56499,212.8996
6.49:  81.24183,-18.81394,213.0474
6.5:  81.24728,-19.05816,213.2015
6.52:  81.25342,-19.3023,213.3619
6.54:  81.26346,-19.54243,213.5477
6.55:  81.28021,-19.78958,213.7968
6.57:  81.29994,-20.03087,214.1664
6.59:  81.31964,-20.27368,214.6501
6.6:  81.33797,-20.5111,215.2415
6.62:  81.356,-20.7573,215.9153
6.64:  81.37081,-21.00052,216.6144
6.65:  81.38265,-21.24434,217.3199
6.67:  81.40336,-21.48508,218.0254
6.69:  81.42799,-21.72515,218.7309
6.7:  81.45303,-21.96436,219.4364
6.72:  81.47859,-22.20283,220.1165
6.74:  81.5019,-22.44311,220.6952
6.75:  81.52312,-22.68231,221.1662
6.77:  81.54278,-22.91977,221.5041
6.79:  81.56224,-23.1645,221.6899
6.8:  81.58099,-23.4023,221.7299
6.82:  81.59991,-23.64347,221.7509
6.84:  81.6189,-23.8865,221.7655
6.85:  81.63721,-24.12102,221.7739
6.87:  81.65619,-24.36428,221.7758
6.89:  81.67551,-24.6121,221.7758
6.9:  81.69375,-24.84586,221.7778
6.92:  81.71241,-25.08524,221.7778
6.94:  81.73116,-25.32577,221.7778
6.95:  81.74877,-25.57499,221.7778
6.97:  81.76563,-25.81371,221.7778
6.99:  81.78252,-26.05292,221.7798
7:  81.80106,-26.29066,221.7798
7.02:  81.81985,-26.5318,221.7798
7.04:  81.84042,-26.7743,221.7881
7.05:  81.86089,-27.01571,221.7901
7.07:  81.88114,-27.25385,221.7984
7.09:  81.89972,-27.49438,221.8194
7.1:  81.91959,-27.73315,221.9038
7.12:  81.93848,-27.97178,222.1339
7.14:  81.95446,-28.21671,222.5035
7.15:  81.96805,-28.45793,223.0125
7.17:  81.97887,-28.69567,223.6293
7.19:  81.98856,-28.9361,224.3284
7.2:  81.99342,-29.17478,225.0719
7.22:  81.99518,-29.41792,225.8218
7.24:  81.99554,-29.65482,226.5717
7.25:  81.99444,-29.89681,227.3215
7.27:  81.99017,-30.13843,228.0714
7.29:  81.98293,-30.38091,228.7705
7.3:  81.97337,-30.61821,229.3682
7.32:  81.96183,-30.85979,229.7949
7.34:  81.94868,-31.10931,230.0757
7.35:  81.93578,-31.34433,230.2045
7.37:  81.92241,-31.58544,230.2318
7.39:  81.90899,-31.8265,230.2464
7.4:  81.89546,-32.06938,230.2484
7.42:  81.88208,-32.30952,230.2504
7.44:  81.86894,-32.54507,230.2524
7.45:  81.85404,-32.7823,230.2543
7.47:  81.84045,-33.02561,230.2563
7.49:  81.82699,-33.26663,230.2583
7.5:  81.81355,-33.50697,230.2603
7.52:  81.80547,-33.7447,230.2623
7.54:  81.80421,-33.99184,230.2643
7.55:  81.81007,-34.22449,230.2662
7.57:  81.81947,-34.4614,230.2682
7.59:  81.83085,-34.70965,230.2702
7.6:  81.84473,-34.94019,230.2702
7.62:  81.86489,-35.17632,230.2722
7.64:  81.88689,-35.41028,230.2742
7.65:  81.91029,-35.64449,230.2761
7.67:  81.93195,-35.87495,230.2781
7.69:  81.95742,-36.11615,230.2801
7.7:  81.9938,-36.36095,230.2821
7.72:  82.0387,-36.59685,230.2841
7.74:  82.08662,-36.82528,230.286
7.75:  82.13721,-37.06098,230.288
7.77:  82.18844,-37.29965,230.29
7.79:  82.25028,-37.53553,230.292
7.8:  82.31566,-37.76756,230.3003
7.82:  82.38628,-37.99393,230.3276
7.84:  82.46585,-38.21651,230.393
7.85:  82.55141,-38.44056,230.4774
7.87:  82.6375,-38.66499,230.5807
7.89:  82.72424,-38.89246,230.6905
7.9:  82.80666,-39.11199,230.8002
7.92:  82.89141,-39.33681,230.9099
7.94:  82.97491,-39.55964,231.026
7.95:  83.05809,-39.78531,231.142
7.97:  83.14024,-40.00953,231.2581
7.99:  83.22201,-40.23429,231.3869
8:  83.30193,-40.45584,231.5409
8.02:  83.37835,-40.68401,231.7521
8.04:  83.43985,-40.91804,232.0773
8.05:  83.49233,-41.15544,232.5166
8.07:  83.53671,-41.39879,233.1017
8.09:  83.57802,-41.64218,233.8008
8.1:  83.61407,-41.88757,234.5697
8.12:  83.63984,-42.13038,235.3322
8.14:  83.65923,-42.37628,236.101
8.15:  83.67342,-42.62624,236.8636
8.17:  83.68369,-42.86317,237.6324
8.19:  83.69316,-43.10859,238.4013
8.2:  83.69936,-43.35482,239.1702
8.22:  83.7026,-43.6011,239.8567
8.24:  83.70341,-43.84178,240.4164
8.25:  83.70033,-44.0905,240.824
8.27:  83.6964,-44.33689,241.0287
8.29:  83.69023,-44.58382,241.0497
8.3:  83.68401,-44.83115,241.0644
8.32:  83.67775,-45.07771,241.0727
8.34:  83.67135,-45.32801,241.0874
8.35:  83.6649,-45.57836,241.0957
8.37:  83.66074,-45.81916,241.104
8.39:  83.65417,-46.07052,241.1187
8.4:  83.64767,-46.31255,241.1587
8.42:  83.64886,-46.55624,241.3381
8.44:  83.65293,-46.80055,241.7141
8.45:  83.65563,-47.04663,242.2991
8.47:  83.66186,-47.29211,243.0109
8.49:  83.66473,-47.53736,243.7925
8.5:  83.66644,-47.78062,244.5804
8.52:  83.66479,-48.02401,245.3682
8.54:  83.66431,-48.26163,246.1561
8.55:  83.65945,-48.50474,246.944
8.57:  83.65244,-48.7419,247.7319
8.59:  83.64055,-48.99257,248.5134
8.6:  83.62648,-49.22281,249.295
8.62:  83.60874,-49.45996,250.0765
8.64:  83.58777,-49.70021,250.7883
8.65:  83.56556,-49.93834,251.367
8.67:  83.54126,-50.18071,251.762
8.69:  83.51683,-50.4185,251.9034
8.7:  83.49184,-50.66089,251.9244
8.72:  83.46701,-50.90105,251.939
8.74:  83.44206,-51.14157,251.9601
8.75:  83.41708,-51.38051,252.0064
8.77:  83.39122,-51.62133,252.1668
8.79:  83.36427,-51.86172,252.435
8.8:  83.33451,-52.10808,252.925
8.82:  83.30322,-52.34354,253.6051
8.84:  83.26842,-52.58065,254.3867
8.85:  83.22995,-52.82005,255.1682
8.87:  83.18936,-53.05232,255.9497
8.89:  83.14449,-53.28997,256.7313
8.9:  83.09582,-53.52969,257.5128
8.92:  83.04427,-53.76709,258.288
8.94:  82.99065,-53.99886,259.0632
8.95:  82.93224,-54.2378,259.7751
8.97:  82.87451,-54.46518,260.2841
8.99:  82.81346,-54.70314,260.4255
9:  82.7534,-54.93727,260.4255
9.02:  82.69378,-55.16969,260.4255
9.04:  82.63404,-55.40257,260.4255
9.05:  82.57352,-55.63848,260.4255
9.07:  82.51365,-55.87185,260.4255
9.09:  82.45415,-56.10344,260.4465
9.1:  82.39309,-56.33923,260.5562
9.12:  82.33134,-56.57245,260.8687
9.15:  82.26842,-56.80158,261.3904
9.17:  82.20313,-57.03672,262.0896
9.19:  82.13653,-57.26495,262.8394
9.2:  82.06302,-57.50514,263.5893
9.22:  81.99191,-57.72703,264.3391
9.24:  81.91576,-57.95437,265.089
9.25:  81.8375,-58.17826,265.8388
9.27:  81.75976,-58.41812,266.5887
9.29:  81.6952,-58.64387,267.3385
9.3:  81.63207,-58.87564,268.0884
9.32:  81.57352,-59.11061,268.8382
9.34:  81.5145,-59.34674,269.5817
9.35:  81.45254,-59.59356,270.3316
9.37:  81.39534,-59.82981,271.0815
9.39:  81.3395,-60.07769,271.8313
9.4:  81.28885,-60.31324,272.5812
9.42:  81.24846,-60.56885,273.3247
9.44:  81.21203,-60.81091,274.0745
9.45:  81.18878,-61.05748,274.8244
9.47:  81.16454,-61.30618,275.5679
9.49:  81.13702,-61.55479,276.3177
9.5:  81.10606,-61.80439,277.0676
9.52:  81.12288,-62.03155,277.8174
9.54:  81.22127,-62.20593,278.5673
9.55:  81.39084,-62.3181,279.3171
9.57:  81.63207,-62.3609,280.0607
9.59:  81.87616,-62.40751,280.8105
9.6:  82.12876,-62.45918,281.5604
9.62:  82.37134,-62.50468,282.3102
9.64:  82.61644,-62.51408,283.0601
9.65:  82.86043,-62.47936,283.8099
9.67:  83.09348,-62.41333,284.5598
9.69:  83.32273,-62.32643,285.3096
9.7:  83.56078,-62.22565,286.0658
9.72:  83.78624,-62.12801,286.822
9.74:  84.00658,-62.02532,287.5909
9.75:  84.22472,-61.90048,288.3534
9.77:  84.4361,-61.76094,289.1412
9.79:  84.63919,-61.62051,289.9291
9.8:  84.84765,-61.47881,290.7107
9.82:  85.06326,-61.33654,291.4985
9.84:  85.27197,-61.20055,292.2864
9.85:  85.47813,-61.06861,293.0743
9.87:  85.69031,-60.92064,293.8622
9.89:  85.89447,-60.76776,294.6501
9.9:  86.09779,-60.61308,295.4379
9.92:  86.30332,-60.45702,296.2258
9.94:  86.50904,-60.30246,297.0074
9.95:  86.71283,-60.15363,297.7826
9.97:  86.92516,-60.00282,298.5388
9.99:  87.13716,-59.85503,299.2823
10:  87.3497,-59.71221,300.0258
10.02:  87.56535,-59.57137,300.7756
10.04:  87.78496,-59.4293,301.5191
10.05:  87.99364,-59.28914,302.2627
10.07:  88.20315,-59.14968,303.0062
10.09:  88.40683,-59.00999,303.756
10.1:  88.61388,-58.86645,304.5122
10.12:  88.81991,-58.72766,305.2811
10.14:  88.85514,-58.60414,306.0499
10.15:  88.8588,-58.50654,306.8188
10.17:  88.8662,-58.43748,307.594
10.19:  88.87157,-58.41612,308.3692
10.2:  88.87157,-58.41612,309.1508
10.22:  88.87157,-58.41612,309.9323
10.24:  88.87157,-58.41612,310.7138
10.25:  88.87157,-58.41612,311.4954
10.27:  88.87157,-58.41612,312.2706
10.29:  88.87157,-58.41612,313.0458
10.3:  88.87157,-58.41612,313.8273
10.32:  88.87157,-58.41612,314.6025
10.34:  88.87157,-58.41612,315.3777
10.35:  88.87157,-58.41612,316.1529
10.37:  88.87157,-58.41612,316.9281
10.39:  88.87157,-58.41612,317.7033
10.4:  88.82802,-58.45467,318.4849
10.42:  88.73862,-58.53483,319.2664
10.44:  88.59881,-58.65516,320.048
10.45:  88.43059,-58.79538,320.8295
10.47:  88.24128,-58.94536,321.611
10.49:  88.04308,-59.09803,322.3926
10.5:  87.84177,-59.24878,323.1741
10.52:  87.64042,-59.39531,323.9557
10.54:  87.42975,-59.54426,324.7372
10.55:  87.21996,-59.65999,325.5187
10.57:  86.97593,-59.74786,326.2939
10.59:  86.73132,-59.81616,327.0121
10.6:  86.48353,-59.8767,327.6606
10.62:  86.23795,-59.92521,328.271
10.64:  85.99049,-59.96925,328.8307
10.65:  85.74289,-60.01099,329.3524
10.67:  85.49245,-60.05099,329.8487
10.69:  85.24383,-60.08858,330.326
10.7:  84.98983,-60.12498,330.7653
10.72:  84.74291,-60.1585,331.192
10.74:  84.48967,-60.18653,331.5742
10.75:  84.23885,-60.21266,331.9438
10.77:  83.98569,-60.23738,332.3134
10.79:  83.73525,-60.26021,332.6829
10.8:  83.4793,-60.2819,333.0462
10.82:  83.22598,-60.30178,333.4031
10.84:  82.97602,-60.31894,333.7536
10.85:  82.72237,-60.33354,334.0852
10.87:  82.47417,-60.34457,334.4041
10.89:  82.21836,-60.35463,334.6976
10.9:  81.97222,-60.3632,334.9531
10.92:  81.71857,-60.37099,335.1896
10.94:  81.46326,-60.37781,335.4197
10.95:  81.22205,-60.38328,335.6498
10.97:  80.96913,-60.38803,335.8737
10.99:  80.71156,-60.39188,336.0911
11:  80.46861,-60.3947,336.2832
11.02:  80.21817,-60.397,336.4247
11.04:  79.96771,-60.39891,336.509
11.05:  79.71771,-60.40281,336.5744
11.07:  79.46954,-60.40642,336.6334
11.09:  79.22002,-60.40985,336.6797
11.1:  78.97066,-60.4131,336.7198
11.12:  78.72221,-60.41619,336.7534
11.14:  78.47176,-60.41919,336.7808
11.15:  78.2229,-60.42891,336.8081
11.17:  77.97134,-60.44185,336.8291
11.19:  77.72855,-60.45965,336.8374
11.2:  77.4806,-60.48325,336.8394
11.22:  77.23111,-60.51008,336.8414
11.24:  76.98049,-60.54247,336.8434
11.25:  76.73212,-60.57932,336.8453
11.27:  76.48381,-60.61918,336.8453
11.29:  76.23479,-60.66697,336.8473
11.3:  75.98618,-60.7196,336.8473
11.32:  75.74265,-60.77604,336.8473
11.34:  75.48981,-60.83508,336.8473
11.35:  75.25213,-60.89257,336.8473
11.37:  75.00156,-60.95872,336.8473
11.39:  74.76614,-61.03072,336.839
11.4:  74.52873,-61.10592,336.8243
11.42:  74.28571,-61.18303,336.797
11.44:  74.05009,-61.26059,336.738
11.45:  73.81495,-61.34094,336.6473
11.47:  73.56789,-61.42624,336.4678
11.49:  73.33541,-61.50764,336.2187
11.5:  73.10076,-61.5913,335.8935
11.52:  72.86675,-61.6764,335.5302
11.54:  72.63089,-61.76441,335.0529
11.55:  72.40067,-61.85303,334.4615
11.57:  72.16502,-61.94715,333.7433
11.59:  71.93299,-62.04355,332.9554
11.6:  71.70413,-62.14233,332.1676
11.62:  71.47698,-62.24412,331.3797
11.64:  71.24731,-62.35084,330.5918
11.65:  71.0237,-62.45851,329.8039
11.67:  70.79857,-62.57351,329.0161
11.69:  70.57561,-62.69129,328.2282
11.7:  70.35376,-62.80962,327.4403
11.72:  70.13482,-62.9303,326.6524
11.74:  69.91955,-63.05285,325.8645
11.75:  69.70101,-63.18126,325.0767
11.77:  69.48675,-63.3107,324.3775
11.79:  69.27381,-63.44247,323.7671
11.8:  69.06039,-63.57752,323.1884
11.82:  68.85078,-63.71309,322.6223
11.84:  68.63688,-63.85441,322.0626
11.85:  68.4309,-63.99335,321.5156
11.87:  68.22691,-64.13357,321.0129
11.89:  68.01315,-64.28302,320.5546
11.9:  67.81309,-64.425,320.1533
11.92:  67.61288,-64.56902,319.7837
11.94:  67.40941,-64.7172,319.4522
11.95:  67.20853,-64.86497,319.1777
11.97:  67.00623,-65.015,318.9539
11.99:  66.80394,-65.16286,318.7935
12:  66.60158,-65.31098,318.7534
12.02:  66.40054,-65.45516,318.7534
12.04:  66.18321,-65.60416,318.8568
12.05:  65.97846,-65.74319,319.1123
12.07:  65.77087,-65.88187,319.5453
12.09:  65.56393,-66.01698,320.1494
12.1:  65.35018,-66.15258,320.8992
12.12:  65.12817,-66.28918,321.6871
12.14:  64.90916,-66.40865,322.475
12.15:  64.69164,-66.52036,323.2628
12.17:  64.46432,-66.62778,324.0507
12.19:  64.22914,-66.73283,324.8386
12.2:  63.99438,-66.83383,325.6265
12.22:  63.75902,-66.9287,326.4144
12.24:  63.52133,-67.0233,327.2022
12.25:  63.28624,-67.11315,327.9901
12.27:  63.04481,-67.20164,328.778
12.29:  62.80307,-67.28394,329.5659
12.3:  62.55989,-67.36301,330.3537
12.32:  62.31628,-67.43856,331.1353
12.34:  62.07554,-67.51215,331.9105
12.35:  61.83084,-67.5836,332.6286
12.37:  61.5852,-67.64965,333.3151
12.39:  61.32734,-67.71578,333.9826
12.4:  61.08849,-67.77419,334.6247
12.42:  60.83704,-67.83276,335.2541
12.44:  60.58945,-67.88766,335.8645
12.45:  60.34123,-67.94254,336.4369
12.47:  60.09357,-67.99478,336.9966
12.49:  59.84493,-68.04469,337.5564
12.5:  59.59464,-68.09239,338.1161
12.52:  59.34284,-68.1378,338.6821
12.54:  59.08828,-68.18089,339.2989
12.55:  58.83789,-68.18755,339.9283
12.57:  58.58637,-68.18846,340.5958
12.59:  58.33062,-68.19019,341.3013
12.6:  58.08123,-68.19119,342.0258
12.62:  57.82481,-68.19224,342.782
12.64:  57.56992,-68.19256,343.5508
12.65:  57.31944,-68.19363,344.326
12.67:  57.0646,-68.19472,345.1012
12.69:  56.79963,-68.19656,345.8828
12.7:  56.54858,-68.19765,346.6643
12.72:  56.29023,-68.19799,347.4458
12.74:  56.04059,-68.1986,348.2274
12.75:  55.7883,-68.19577,349.0089
12.77:  55.53373,-68.19184,349.7905
12.79:  55.27847,-68.18442,350.572
12.8:  55.02265,-68.17107,351.3535
12.82:  54.7715,-68.15687,352.1414
12.84:  54.51446,-68.13638,352.9229
12.85:  54.25978,-68.11501,353.7045
12.87:  54.00484,-68.0901,354.4861
12.89:  53.75235,-68.06195,355.2676
12.9:  53.49908,-68.02779,356.0491
12.92:  53.2398,-67.9892,356.8307
12.94:  52.99062,-67.94864,357.6122
12.95:  52.7439,-67.90501,358.3937
12.97:  52.4936,-67.85722,359.1753
12.99:  52.24344,-67.80592,359.9568
13:  51.99318,-67.75349,0.738367
13.02:  51.74586,-67.69569,1.519908
13.04:  51.49261,-67.63538,2.301449
13.05:  51.24696,-67.57333,3.08299
13.07:  51.00406,-67.50844,3.864531
13.09:  50.76131,-67.44002,4.646071
13.1:  50.5062,-67.36435,5.427612
13.12:  50.27039,-67.29089,6.209153
13.14:  50.0284,-67.21187,6.990694
13.15:  49.78241,-67.1279,7.753221
13.17:  49.54858,-67.04485,8.458707
13.19:  49.3088,-66.9566,9.11349
13.2:  49.07085,-66.8638,9.673204
13.22:  48.83519,-66.76971,10.13151
13.24:  48.59805,-66.67626,10.41236
13.25:  48.36106,-66.58503,10.50307
13.27:  48.1228,-66.49583,10.51773
13.29:  47.8784,-66.40431,10.51971
13.3:  47.64792,-66.31802,10.51971
13.32:  47.40932,-66.22868,10.51971
13.34:  47.17125,-66.13957,10.51139
13.35:  46.92801,-66.04858,10.50307
13.37:  46.69169,-65.96021,10.49475
13.39:  46.45298,-65.87102,10.4801
13.4:  46.21536,-65.7823,10.46544
13.42:  45.98218,-65.69537,10.43811
13.44:  45.74316,-65.60663,10.36007
13.45:  45.50486,-65.52404,10.19965
13.47:  45.26653,-65.44494,9.994854
13.49:  45.02548,-65.36598,9.771047
13.5:  44.78427,-65.28806,9.534564
13.52:  44.54697,-65.2125,9.298081
13.54:  44.29679,-65.13922,9.0616
13.55:  44.06343,-65.07195,8.818779
13.57:  43.81812,-65.00488,8.582296
13.59:  43.57699,-64.94022,8.301451
13.6:  43.33043,-64.87563,7.969899
13.62:  43.09011,-64.81418,7.632011
13.64:  42.84254,-64.75255,7.268771
13.65:  42.59188,-64.69202,6.867504
13.67:  42.34977,-64.63551,6.428208
13.69:  42.10587,-64.58077,5.938211
13.7:  41.86067,-64.52808,5.416523
13.72:  41.60608,-64.47613,4.825119
13.74:  41.36658,-64.42999,4.195687
13.75:  41.11946,-64.38538,3.521891
13.77:  40.86643,-64.34309,2.778378
13.79:  40.62238,-64.30574,1.990499
13.8:  40.37258,-64.27103,1.20262
13.82:  40.12357,-64.2399,0.4147408
13.84:  39.87387,-64.21217,359.6269
13.85:  39.62477,-64.18797,358.839
13.87:  39.36496,-64.16634,358.0511
13.89:  39.11636,-64.14907,357.2632
13.9:  38.87098,-64.13541,356.4753
13.92:  38.61668,-64.12476,355.6875
13.94:  38.36633,-64.11773,354.8996
13.95:  38.10788,-64.11403,354.1117
13.97:  37.86236,-64.11388,353.3238
13.99:  37.60993,-64.11715,352.5486
14:  37.35685,-64.12383,351.7798
14.02:  37.10983,-64.13363,351.0172
14.04:  36.85828,-64.14907,350.3307
14.05:  36.60495,-64.16476,349.7457
14.07:  36.35582,-64.18189,349.3571
14.09:  36.10473,-64.19981,349.2094
14.1:  35.8526,-64.21806,349.1503
14.12:  35.60026,-64.23653,349.104
14.14:  35.34942,-64.25497,349.083
14.15:  35.09528,-64.27367,349.083
14.17:  34.84512,-64.29208,349.083
14.19:  34.59709,-64.31015,349.123
14.2:  34.3449,-64.32806,349.2264
14.22:  34.09571,-64.34499,349.4058
14.24:  33.843,-64.36101,349.6613
14.25:  33.5934,-64.37531,350.0119
14.27:  33.34421,-64.38763,350.4575
14.29:  33.08995,-64.39784,350.9919
14.3:  32.82836,-64.40566,351.5769
14.32:  32.5846,-64.41041,352.1747
14.34:  32.3354,-64.41264,352.7788
14.35:  32.08097,-64.41225,353.3765
14.37:  31.83179,-64.40936,353.9552
14.39:  31.58041,-64.40432,354.4389
14.4:  31.31928,-64.3974,354.8085
14.42:  31.07252,-64.38998,355.0133
14.44:  30.82305,-64.38235,355.0406
14.45:  30.57182,-64.37463,355.0489
14.47:  30.32171,-64.36696,355.0489
14.49:  30.07243,-64.35931,355.0469
14.5:  29.81714,-64.35152,355.0386
14.52:  29.56636,-64.34398,355.0113
14.54:  29.30898,-64.33652,354.9523
14.55:  29.06095,-64.32982,354.8362
14.57:  28.81513,-64.32398,354.6504
14.59:  28.56103,-64.31908,354.3949
14.6:  28.30712,-64.31566,354.0634
14.62:  28.05629,-64.31403,353.6621
14.64:  27.79606,-64.31459,353.1658
14.65:  27.54928,-64.31784,352.5363
14.67:  27.29939,-64.32434,351.7992
14.69:  27.04891,-64.33431,351.0113
14.7:  26.79716,-64.3478,350.2234
14.72:  26.54669,-64.36468,349.4355
14.74:  26.29598,-64.38503,348.6476
14.75:  26.04919,-64.40849,347.8598
14.77:  25.79487,-64.4362,347.0719
14.79:  25.54619,-64.46677,346.284
14.8:  25.29639,-64.50095,345.4961
14.82:  25.0507,-64.53764,344.797
14.84:  24.7987,-64.57791,344.2119
14.85:  24.55324,-64.6196,343.6522
14.87:  24.30341,-64.66445,343.1115
14.89:  24.05713,-64.71088,342.6152
14.9:  23.8107,-64.75943,342.1442
14.92:  23.56181,-64.81013,341.7746
14.94:  23.31821,-64.86025,341.6649
14.95:  23.07003,-64.91138,341.6502
14.97:  22.82415,-64.96203,341.6502
14.99:  22.57609,-65.01292,341.6966
15:  22.33078,-65.06216,341.9394
15.02:  22.08075,-65.11013,342.4294
15.04:  21.83392,-65.15398,343.2173
15.05:  21.58492,-65.19469,344.0052
15.07:  21.33854,-65.2315,344.793
15.09:  21.08701,-65.26555,345.5809
15.1:  20.83656,-65.29594,346.3688
15.12:  20.58704,-65.32276,347.1567
15.14:  20.32766,-65.34957,347.9445
15.15:  20.07943,-65.36935,348.7324
15.17:  19.83442,-65.3855,349.5203
15.19:  19.58278,-65.39861,350.3082
15.2:  19.33071,-65.40826,351.0961
15.22:  19.08155,-65.41438,351.8839
15.24:  18.82776,-65.41712,352.6718
15.25:  18.5767,-65.41637,353.4597
15.27:  18.3178,-65.41205,354.2476
15.29:  18.07188,-65.40456,355.0355
15.3:  17.82051,-65.39344,355.8233
15.32:  17.57064,-65.37894,356.6112
15.34:  17.31103,-65.36029,357.3991
15.35:  17.06285,-65.33903,358.187
15.37:  16.81635,-65.31449,358.9749
15.39:  16.56165,-65.28559,359.7627
15.4:  16.31332,-65.25395,0.5506028
15.42:  16.06766,-65.21922,1.338482
15.44:  15.82357,-65.18127,2.12636
15.45:  15.57178,-65.13858,2.914239
15.47:  15.32424,-65.09309,3.702118
15.49:  15.07759,-65.04426,4.489997
15.5:  14.83132,-64.99197,5.277876
15.52:  14.58623,-64.93639,6.065755
15.54:  14.3323,-64.87513,6.853634
15.55:  14.09613,-64.8147,7.641513
15.57:  13.85403,-64.74921,8.429392
15.59:  13.60056,-64.66888,9.217271
15.6:  13.36733,-64.58393,10.00515
15.62:  13.13486,-64.49309,10.79303
15.64:  12.90187,-64.39318,11.57457
15.65:  12.6719,-64.28246,12.34344
15.67:  12.44103,-64.16232,13.05526
15.69:  12.21792,-64.04299,13.7037
15.7:  11.99873,-63.91657,14.33314
15.72:  11.78367,-63.78675,14.94355
15.74:  11.56892,-63.64777,15.52228
15.75:  11.35846,-63.50874,16.06298
15.77:  11.15244,-63.36285,16.51495
15.79:  10.95273,-63.20728,16.84017
15.8:  10.74872,-63.04437,17.01327
15.82:  10.56006,-62.88799,17.12299
15.84:  10.37024,-62.73035,17.17568
15.85:  10.17396,-62.56725,17.19033
15.87:  9.985391,-62.41057,17.19033
15.89:  9.79588,-62.25319,17.17568
15.9:  9.605167,-62.09506,17.12933
15.92:  9.41269,-61.93458,17.07031
15.94:  9.223522,-61.77721,17.00495
15.95:  9.033781,-61.61978,16.93325
15.97:  8.844425,-61.46317,16.84254
15.99:  8.646412,-61.29698,16.73281
16:  8.461366,-61.14124,16.58506
16.02:  8.27389,-60.98433,16.43097
16.04:  8.086847,-60.82866,16.27054
16.05:  7.897521,-60.66909,16.10378
16.07:  7.710592,-60.50959,15.93701
16.09:  7.514457,-60.3432,15.77025
16.1:  7.328976,-60.18335,15.70489
16.12:  7.144445,-60.02143,15.70489
16.14:  6.958621,-59.85697,15.70687
16.15:  6.766142,-59.68749,15.80392
16.17:  6.588524,-59.52875,15.98336
16.19:  6.400748,-59.36057,16.28956
16.2:  6.216749,-59.19492,16.7035
16.22:  6.035795,-59.02604,17.21885
16.24:  5.856853,-58.85218,17.86096
16.25:  5.681535,-58.67458,18.55377
16.27:  5.512199,-58.49372,19.30996
16.29:  5.34381,-58.31207,20.09784
16.3:  5.177122,-58.12722,20.88572
16.32:  5.017536,-57.94207,21.66726
16.34:  4.85773,-57.74806,22.4488
16.35:  4.700802,-57.54513,23.23034
16.37:  4.553941,-57.34782,24.01188
16.39:  4.406691,-57.14434,24.78075
16.4:  4.256948,-56.93236,25.43553
16.42:  4.117012,-56.73029,25.96989
16.44:  3.977617,-56.52293,26.27609
16.45:  3.836658,-56.31459,26.37948
16.47:  3.697993,-56.10352,26.40047
16.49:  3.560611,-55.89043,26.41513
16.5:  3.421992,-55.6777,26.41711
16.52:  3.278913,-55.45576,26.41711
16.54:  3.143359,-55.24549,26.41711
16.55:  3.007696,-55.03506,26.41711
16.57:  2.870155,-54.82171,26.41711
16.59:  2.732876,-54.60876,26.41711
16.6:  2.595033,-54.39495,26.41711
16.62:  2.457081,-54.18096,26.41711
16.64:  2.319412,-53.96741,26.41711
16.65:  2.18194,-53.75417,26.41711
16.67:  2.043108,-53.54111,26.41711
16.69:  1.90286,-53.32589,26.41711
16.7:  1.763085,-53.11139,26.41711
16.72:  1.62642,-52.8994,26.41711
16.74:  1.486138,-52.68412,26.41711
16.75:  1.345977,-52.46903,26.41711
16.77:  1.206023,-52.25425,26.41711
16.79:  1.069866,-52.04305,26.41711
16.8:  0.930648,-51.8271,26.41711
16.82:  0.7933877,-51.61417,26.41909
16.84:  0.65824,-51.40029,26.46544
16.85:  0.5273001,-51.18289,26.63854
16.87:  0.4083229,-50.96704,26.97643
16.89:  0.2939168,-50.73697,27.49178
16.9:  0.1937776,-50.51887,28.12121
16.92:  0.10794,-50.29031,28.81402
16.94:  0.02923619,-50.05769,29.53218
16.95:  -0.04654739,-49.82418,30.24401
16.97:  -0.1217737,-49.5876,30.96217
16.99:  -0.1967036,-49.34159,31.66132
17:  -0.2637222,-49.10704,32.27808
17.02:  -0.3252251,-48.87116,32.8061
17.04:  -0.3797172,-48.63487,33.23272
17.05:  -0.4215782,-48.39292,33.57061
17.07:  -0.4491079,-48.14824,33.75005
17.09:  -0.4689931,-47.90453,33.81542
17.1:  -0.4874457,-47.65811,33.84274
17.12:  -0.5057752,-47.41249,33.8574
17.14:  -0.5220044,-47.16919,33.8574
17.15:  -0.5369049,-46.92332,33.8574
17.17:  -0.5498205,-46.67909,33.84274
17.19:  -0.5649749,-46.43203,33.81541
17.2:  -0.5802855,-46.18436,33.78808
17.22:  -0.5933323,-45.94418,33.76075
17.24:  -0.608884,-45.696,33.73975
17.25:  -0.6230029,-45.44683,33.73975
17.27:  -0.6349904,-45.20078,33.73975
17.29:  -0.6455552,-44.9542,33.73975
17.3:  -0.650163,-44.70617,33.73975
17.32:  -0.6519791,-44.45839,33.73975
17.34:  -0.6497109,-44.20258,33.73975
17.35:  -0.6461024,-43.94656,33.73975
17.37:  -0.6404641,-43.69195,33.73975
17.39:  -0.6306657,-43.43746,33.73975
17.4:  -0.6217737,-43.18593,33.73975
17.42:  -0.6119942,-42.93193,33.73975
17.44:  -0.6007153,-42.67286,33.73975
17.45:  -0.5916769,-42.41718,33.73975
17.47:  -0.5807389,-42.16594,33.73975
17.49:  -0.5695085,-41.90798,33.73975
17.5:  -0.5604468,-41.65165,33.73975
17.52:  -0.5493265,-41.39621,33.73975
17.54:  -0.5417336,-41.14545,33.73975
17.55:  -0.5322168,-40.87625,33.73975
17.57:  -0.5215347,-40.63088,33.73975
17.59:  -0.5117937,-40.37789,33.73975
17.6:  -0.5026816,-40.12012,33.73975
17.62:  -0.4918208,-39.87066,33.73975
17.64:  -0.4805595,-39.61198,33.73975
17.65:  -0.4715175,-39.35621,33.73975
17.67:  -0.4625316,-39.10202,33.73975
17.69:  -0.4527238,-38.84729,33.73975
17.7:  -0.4415901,-38.59155,33.73975
17.72:  -0.4338859,-38.33712,33.73975
17.74:  -0.4227713,-38.08181,33.73975
17.75:  -0.4130574,-37.82952,33.73975
17.77:  -0.404023,-37.57396,33.73975
17.79:  -0.3963237,-37.31969,33.73975
17.8:  -0.3852262,-37.06478,33.73975
17.82:  -0.3754511,-36.8109,33.73975
17.84:  -0.3657821,-36.55978,33.73975
17.85:  -0.3546335,-36.3037,33.73975
17.87:  -0.3448965,-36.0508,33.73975
17.89:  -0.3338658,-35.79743,33.73975
17.9:  -0.3240746,-35.54314,33.73975
17.92:  -0.3145267,-35.29515,33.73975
17.94:  -0.3066671,-35.03559,33.73975
17.95:  -0.2969857,-34.78414,33.73975
17.97:  -0.2872464,-34.53119,33.73975
17.99:  -0.2774808,-34.27756,33.73975
18:  -0.2656769,-34.0256,33.74173
18.02:  -0.2333864,-33.77867,33.76273
18.04:  -0.1932232,-33.52496,33.8471
18.05:  -0.133349,-33.27774,33.97584
18.07:  -0.04983643,-33.03786,34.16161
18.09:  0.04847172,-32.79079,34.40443
18.1:  0.1426735,-32.55774,34.71698
18.12:  0.2394556,-32.32225,35.04853
18.14:  0.3380319,-32.08672,35.41811
18.15:  0.4399836,-31.8477,35.8067
18.17:  0.5403308,-31.61706,36.22064
18.19:  0.6461883,-31.38452,36.64726
18.2:  0.7545279,-31.15115,37.07388
18.22:  0.8612788,-30.92005,37.5005
18.24:  0.9727483,-30.68907,37.93346
18.25:  1.083968,-30.45775,38.38543
18.27:  1.198505,-30.23006,38.87543
18.29:  1.314235,-30.00493,39.37811
18.32:  1.435277,-29.76921,39.88711
18.34:  1.551805,-29.54715,40.39612
18.35:  1.673239,-29.32072,40.91148
18.37:  1.791969,-29.08395,41.45852
18.39:  1.898347,-28.85414,42.06259
18.4:  1.989015,-28.61936,42.71104
18.42:  2.073192,-28.37534,43.38484
18.44:  2.153458,-28.1389,44.07131
18.45:  2.23673,-27.90294,44.75779
18.47:  2.323637,-27.66593,45.45694
18.49:  2.409549,-27.4344,46.16242
18.5:  2.49011,-27.201,46.88058
18.52:  2.562166,-26.95914,47.64945
18.54:  2.621507,-26.7229,48.43099
18.55:  2.671922,-26.48564,49.21253
18.57:  2.715393,-26.24731,49.99407
18.59:  2.753814,-26.00456,50.76928
18.6:  2.782725,-25.7528,51.55082
18.62:  2.808047,-25.51613,52.32602
18.64:  2.830204,-25.27542,53.10123
18.65:  2.852744,-25.0289,53.87643
18.67:  2.878159,-24.78707,54.65163
18.69:  2.907354,-24.54131,55.42683
18.7:  2.93921,-24.30095,56.20204
18.72:  2.974831,-24.05752,56.97724
18.74:  3.01673,-23.80789,57.75245
18.75:  3.069664,-23.57318,58.52765
18.77:  3.150733,-23.34041,59.30285
18.79:  3.248172,-23.12165,60.07805
18.8:  3.37375,-22.90652,60.85326
18.82:  3.532461,-22.70909,61.62846
18.84:  3.733182,-22.55449,62.40366
18.85:  3.955882,-22.44189,63.17886
18.87:  4.213712,-22.3858,63.95405
18.89:  4.462596,-22.38181,64.72926
18.9:  4.722208,-22.38789,65.50446
18.92:  4.980541,-22.39721,66.22897
18.94:  5.23963,-22.40949,66.87742
18.95:  5.497737,-22.42204,67.43713
18.97:  5.752126,-22.4397,67.89543
18.99:  6.008258,-22.45575,68.23967
19:  6.266292,-22.47495,68.41911
19.02:  6.523467,-22.49421,68.44644
19.04:  6.783548,-22.5137,68.44842
19.05:  7.040278,-22.53073,68.44842
19.07:  7.29711,-22.55105,68.44842
19.09:  7.551916,-22.57121,68.44842
19.1:  7.806484,-22.59027,68.44644
19.12:  8.060356,-22.61034,68.44446
19.14:  8.321879,-22.62763,68.43614
19.15:  8.576796,-22.64664,68.42782
19.17:  8.844423,-22.66653,68.41316
19.19:  9.097354,-22.68634,68.40485
19.2:  9.356457,-22.70329,68.39653
19.22:  9.609205,-22.71976,68.38187
19.24:  9.864774,-22.73641,68.37989
19.25:  10.12062,-22.75307,68.37989
19.27:  10.37851,-22.76986,68.37989
19.29:  10.63606,-22.78664,68.38187
19.3:  10.89158,-22.80691,68.45991
19.32:  11.15765,-22.82551,68.65203
19.34:  11.4093,-22.8467,68.97724
19.35:  11.66495,-22.87012,69.39752
19.37:  11.92288,-22.89598,69.88752
19.39:  12.17911,-22.92411,70.42822
19.4:  12.43179,-22.95553,71.01329
19.42:  12.68451,-22.98969,71.62371
19.44:  12.95122,-23.02564,72.3292
19.45:  13.20301,-23.06525,73.10439
19.47:  13.45598,-23.1064,73.89228
19.49:  13.70838,-23.15326,74.68015
19.5:  13.96112,-23.20153,75.46803
19.52:  14.21341,-23.25333,76.25591
19.54:  14.46257,-23.30807,77.04379
19.55:  14.71591,-23.36733,77.81899
19.57:  14.96468,-23.4287,78.5118
19.59:  15.21418,-23.49307,79.12222
19.6:  15.46476,-23.55999,79.60587
19.62:  15.71548,-23.60938,79.9501
19.64:  15.9732,-23.63488,80.15489
19.65:  16.22557,-23.62876,80.2456
19.67:  16.47217,-23.60133,80.28561
19.69:  16.72045,-23.56147,80.31928
19.7:  16.9659,-23.5197,80.34027
19.72:  17.21403,-23.47755,80.36127
19.74:  17.46054,-23.43575,80.37592
19.75:  17.70764,-23.39392,80.39058
19.77:  17.95306,-23.35243,80.40524
19.79:  18.19751,-23.31117,80.4199
19.8:  18.44565,-23.26936,80.43456
19.82:  18.69275,-23.22778,80.44921
19.84:  18.94031,-23.1862,80.46387
19.86:  19.18415,-23.1453,80.47852
19.87:  19.44214,-23.10209,80.49318
19.89:  19.68379,-23.06169,80.50784
19.9:  19.92632,-23.0212,80.5225
19.92:  20.17892,-22.9791,80.53716
19.94:  20.41674,-22.93952,80.55181
19.95:  20.66571,-22.89816,80.56647
19.97:  20.91967,-22.856,80.57478
19.99:  21.16255,-22.81574,80.58944
20:  21.40618,-22.77543,80.6041
20.02:  21.65185,-22.73484,80.61877
20.04:  21.89917,-22.69404,80.63342
20.05:  22.14536,-22.6535,80.64806
20.07:  22.39183,-22.61295,80.65639
20.09:  22.63882,-22.57237,80.67105
20.1:  22.89276,-22.53072,80.68571
20.12:  23.13735,-22.49067,80.70037
20.14:  23.38178,-22.45074,80.72137
20.15:  23.62711,-22.41072,80.73602
20.17:  23.87959,-22.36961,80.75069
20.19:  24.11921,-22.33065,80.76534
20.2:  24.36638,-22.29055,80.78633
20.22:  24.62119,-22.24929,80.80099
20.24:  24.86025,-22.21066,80.82198
20.25:  25.10656,-22.17093,80.83664
20.27:  25.35326,-22.1312,80.8513
20.29:  25.59842,-22.09178,80.86596
20.3:  25.84658,-22.05195,80.88062
20.32:  26.09018,-22.01291,80.89527
20.34:  26.33998,-21.97294,80.90993
20.35:  26.58311,-21.93411,80.92458
20.37:  26.8305,-21.89466,80.93925
20.39:  27.08002,-21.85496,80.96024
20.4:  27.32851,-21.81549,80.97489
20.42:  27.57493,-21.77641,80.98955
20.44:  27.81886,-21.7378,81.0042
20.45:  28.06961,-21.6982,81.0252
20.47:  28.31432,-21.65961,81.03986
20.49:  28.57162,-21.61911,81.0545
20.5:  28.81438,-21.58096,81.06916
20.52:  29.05907,-21.54257,81.08382
20.54:  29.30275,-21.50441,81.09848
20.55:  29.55114,-21.4656,81.11948
20.57:  29.79818,-21.42706,81.13413
20.59:  30.04337,-21.38888,81.14879
20.6:  30.29082,-21.35044,81.16978
20.62:  30.54052,-21.31174,81.19078
20.64:  30.78688,-21.27366,81.21178
20.65:  31.0348,-21.23542,81.23277
20.67:  31.27856,-21.19792,81.25377
20.69:  31.53382,-21.15877,81.28111
20.7:  31.77785,-21.12144,81.30209
20.72:  32.02581,-21.0836,81.32309
20.74:  32.27325,-21.04593,81.34409
20.75:  32.51527,-21.00918,81.36508
20.77:  32.76057,-20.97202,81.38608
20.79:  33.01029,-20.93428,81.40707
20.8:  33.26291,-20.89621,81.42807
20.82:  33.51003,-20.85905,81.44906
20.84:  33.75676,-20.82204,81.47005
20.85:  34.00006,-20.78564,81.49105
20.87:  34.24427,-20.74922,81.51839
20.89:  34.49302,-20.71222,81.53938
20.9:  34.74112,-20.67541,81.56037
20.92:  34.99512,-20.63779,81.57504
20.94:  35.24303,-20.60117,81.59603
20.95:  35.4864,-20.56527,81.61068
20.97:  35.73126,-20.52925,81.63168
20.99:  35.97428,-20.4936,81.65266
21:  36.22982,-20.4562,81.67367
21.02:  36.47644,-20.4202,81.69466
21.04:  36.72178,-20.38447,81.71565
21.05:  36.96892,-20.34858,81.73666
21.07:  37.21513,-20.31289,81.75131
21.09:  37.46809,-20.27631,81.77231
21.1:  37.71172,-20.24117,81.7933
21.12:  37.95849,-20.20568,81.81429
21.15:  38.20481,-20.17034,81.83529
21.17:  38.45264,-20.13487,81.85629
21.19:  38.69946,-20.09964,81.87727
21.2:  38.94301,-20.06497,81.89827
21.22:  39.19353,-20.02941,81.91927
21.24:  39.43969,-19.99455,81.94026
21.25:  39.70229,-19.97815,81.94225
21.27:  39.95039,-19.99131,81.94225
21.29:  40.20683,-20.02546,81.94225
21.3:  40.45141,-20.08201,81.94225
21.32:  40.69408,-20.15294,81.94026
21.34:  40.93174,-20.23474,81.93194
21.35:  41.16569,-20.3243,81.89194
21.37:  41.37758,-20.45225,81.75686
21.39:  41.54,-20.63433,81.46334
21.4:  41.6094,-20.87082,80.90997
21.42:  41.65212,-21.11618,80.12208
21.44:  41.69817,-21.36065,79.33421
21.45:  41.74715,-21.61524,78.54633
21.47:  41.77091,-21.86057,77.75845
21.49:  41.76517,-22.11931,76.97057
21.5:  41.74627,-22.38231,76.18269
21.52:  41.71135,-22.64104,75.39481
21.54:  41.66888,-22.90117,74.60693
21.55:  41.61835,-23.15867,73.81906
21.57:  41.56015,-23.41123,73.03117
21.59:  41.49108,-23.66309,72.2433
21.6:  41.42014,-23.90971,71.45542
21.62:  41.34177,-24.16778,70.66755
21.64:  41.26379,-24.41201,69.87968
21.65:  41.17538,-24.66629,69.0918
21.67:  41.0916,-24.91255,68.30392
21.69:  40.99943,-25.1575,67.51604
21.7:  40.89883,-25.39604,66.72816
21.72:  40.79524,-25.63281,65.94028
21.74:  40.68108,-25.87609,65.1524
21.75:  40.56064,-26.10542,64.36452
21.77:  40.44298,-26.33288,63.57664
21.79:  40.32115,-26.57004,62.78876
21.8:  40.19148,-26.78796,62.00089
21.82:  40.04869,-27.00612,61.21301
21.84:  39.89348,-27.21575,60.42513
21.85:  39.72182,-27.42523,59.63725
21.87:  39.55908,-27.61869,58.84937
21.89:  39.38453,-27.80525,58.06149
21.9:  39.20431,-27.98483,57.27361
21.92:  39.02486,-28.16184,56.48573
21.94:  38.84539,-28.3404,55.69785
21.95:  38.65948,-28.53052,54.90998
21.97:  38.49038,-28.70828,54.1221
21.99:  38.31792,-28.89464,53.33422
22:  38.14845,-29.08289,52.54634
22.02:  37.98098,-29.27414,51.75846
22.04:  37.81548,-29.46847,50.97058
22.05:  37.65348,-29.66408,50.1827
22.07:  37.49341,-29.86286,49.39482
22.09:  37.3372,-30.06241,48.60695
22.1:  37.18364,-30.26422,47.81907
22.12:  37.0323,-30.46891,47.03119
22.14:  36.88377,-30.67566,46.24332
22.15:  36.73764,-30.88511,45.45544
22.17:  36.59745,-31.09205,44.66756
22.19:  36.45149,-31.31402,43.87967
22.2:  36.31692,-31.52492,43.0918
22.22:  36.18606,-31.73637,42.30392
22.24:  36.05397,-31.95652,41.51604
22.25:  35.92611,-32.17642,40.72816
22.27:  35.80389,-32.39831,39.94028
22.29:  35.68221,-32.6266,39.15241
22.3:  35.5659,-32.85221,38.36453
22.32:  35.45126,-33.07696,37.57664
22.34:  35.33876,-33.30523,36.78876
22.35:  35.22953,-33.53476,36.00089
22.37:  35.12756,-33.76366,35.21301
22.39:  35.0271,-34.00406,34.42513
22.4:  34.93376,-34.23635,33.63725
22.42:  34.84306,-34.46999,32.84938
22.44:  34.75153,-34.71573,32.0615
22.45:  34.67208,-34.94823,31.27362
22.47:  34.60468,-35.19336,30.48574
22.49:  34.55906,-35.4509,29.69786
22.5:  34.52589,-35.70226,28.90998
22.52:  34.50092,-35.94797,28.1221
22.54:  34.48221,-36.19783,27.33423
22.55:  34.47573,-36.44592,26.54635
22.57:  34.48686,-36.69287,25.75847
22.59:  34.50907,-36.94056,24.97059
22.6:  34.53476,-37.18869,24.18271
22.62:  34.56393,-37.43696,23.39483
22.64:  34.59642,-37.68423,22.60695
22.65:  34.62998,-37.92968,21.81907
22.67:  34.67127,-38.18051,21.0312
22.69:  34.7154,-38.41575,20.24332
22.7:  34.76497,-38.66133,19.45544
22.72:  34.81525,-38.90393,18.66756
22.74:  34.8723,-39.15126,17.87968
22.75:  34.92947,-39.38446,17.0918
22.77:  34.99241,-39.62674,16.30392
22.79:  35.05831,-39.86678,15.51605
22.8:  35.12722,-40.10494,14.72817
22.82:  35.19895,-40.34063,13.94029
22.84:  35.27518,-40.5793,13.15241
22.85:  35.35425,-40.81557,12.36453
22.87:  35.43781,-41.05431,11.57665
22.89:  35.52096,-41.2818,10.78877
22.9:  35.60994,-41.51522,10.00089
22.92:  35.70109,-41.74483,9.213016
22.94:  35.79649,-41.97581,8.425138
22.95:  35.89497,-42.20525,7.637259
22.97:  35.99519,-42.43016,6.84938
22.99:  36.09927,-42.65836,6.061502
23:  36.20629,-42.88469,5.273623
23.02:  36.3166,-43.10994,4.485744
23.04:  36.43066,-43.33773,3.697865
23.05:  36.54405,-43.55851,2.909986
23.07:  36.66312,-43.7827,2.122107
23.09:  36.77855,-44.0049,1.334228
23.1:  36.89694,-44.23975,0.5463495
23.12:  37.00292,-44.46605,359.7585
23.14:  37.11181,-44.69556,358.9706
23.15:  37.22492,-44.92572,358.1827
23.17:  37.34087,-45.1537,357.3948
23.19:  37.46249,-45.3849,356.607
23.2:  37.57921,-45.60618,355.8191
23.22:  37.70152,-45.84236,355.0312
23.24:  37.82125,-46.06598,354.2433
23.25:  37.94439,-46.28853,353.4554
23.27:  38.0674,-46.50832,352.6676
23.29:  38.19825,-46.7302,351.8797
23.3:  38.33304,-46.95173,351.0918
23.32:  38.47005,-47.17009,350.3039
23.34:  38.60995,-47.38811,349.5161
23.35:  38.75203,-47.6013,348.7282
23.37:  38.9026,-47.82069,347.9466
23.39:  39.05029,-48.03139,347.1778
23.4:  39.20358,-48.24046,346.4532
23.42:  39.35537,-48.44458,345.7731
23.44:  39.50649,-48.64829,345.131
23.45:  39.65828,-48.86218,344.622
23.47:  39.78963,-49.07919,344.4552
23.49:  39.90228,-49.30272,344.4552
23.5:  40.00276,-49.53616,344.5269
23.52:  40.09482,-49.77041,344.7
23.54:  40.17898,-50.00735,344.9302
23.55:  40.25435,-50.24457,345.1794
23.57:  40.31738,-50.48691,345.4222
23.59:  40.37921,-50.72897,345.6713
23.6:  40.4401,-50.97052,345.8508
23.62:  40.50142,-51.21376,345.8508
23.64:  40.56274,-51.4564,345.8171
23.65:  40.62446,-51.69809,345.6757
23.67:  40.68842,-51.94078,345.2364
23.69:  40.75739,-52.18926,344.4865
23.7:  40.82671,-52.42632,343.6987
23.72:  40.89951,-52.66309,342.9108
23.74:  40.97645,-52.90163,342.1229
23.75:  41.05432,-53.13215,341.335
23.77:  41.13759,-53.36792,340.5471
23.79:  41.22539,-53.60604,339.7593
23.8:  41.31445,-53.8377,338.9714
23.82:  41.40758,-54.07035,338.1835
23.84:  41.50302,-54.29957,337.3956
23.85:  41.60295,-54.53058,336.6078
23.87:  41.72238,-54.74865,335.8199
23.89:  41.87432,-54.94756,335.032
23.9:  42.05509,-55.13006,334.2441
23.92:  42.24778,-55.28281,333.4562
23.94:  42.4558,-55.41325,332.6684
23.95:  42.68585,-55.5157,331.8805
23.97:  42.92492,-55.60277,331.0926
23.99:  43.17263,-55.6834,330.3047
24:  43.4144,-55.75844,329.5168
24.02:  43.65697,-55.83009,328.7289
24.04:  43.90219,-55.89886,327.9411
24.05:  44.14732,-55.96399,327.1532
24.07:  44.3955,-56.02629,326.3653
24.09:  44.64267,-56.08474,325.5774
24.1:  44.89084,-56.13983,324.7896
24.12:  45.14095,-56.19175,324.0017
24.14:  45.39172,-56.24023,323.2138
24.15:  45.64074,-56.28482,322.4259
24.17:  45.89091,-56.32607,321.638
24.19:  46.14461,-56.36433,320.8502
24.2:  46.40562,-56.4109,320.0623
24.22:  46.65462,-56.46715,319.2744
24.24:  46.90844,-56.5258,318.4865
24.25:  47.15672,-56.59124,317.6986
24.27:  47.39808,-56.66548,316.9108
24.29:  47.63843,-56.74741,316.1229
24.3:  47.86957,-56.84316,315.335
24.32:  48.10294,-56.94449,314.5471
24.34:  48.33435,-57.04712,313.7592
24.35:  48.5595,-57.16009,312.9713
24.37:  48.78292,-57.27962,312.1835
24.39:  49.00146,-57.40623,311.3956
24.4:  49.21326,-57.54248,310.6458
24.42:  49.41325,-57.68824,310.048
24.44:  49.60682,-57.84877,309.6721
24.45:  49.79368,-58.00333,309.5941
24.47:  49.98843,-58.16463,309.6341
24.49:  50.18063,-58.32444,309.7438
24.5:  50.3714,-58.48413,309.9296
24.52:  50.562,-58.64503,310.1724
24.54:  50.75294,-58.80763,310.4152
24.55:  50.94241,-58.97035,310.658
24.57:  51.1324,-59.1349,310.8945
24.59:  51.32011,-59.29853,311.0803
24.6:  51.50751,-59.4629,311.2534
24.62:  51.69553,-59.62852,311.3758
24.64:  51.88302,-59.79413,311.4538
24.65:  52.07108,-59.96048,311.4938
24.67:  52.25779,-60.12575,311.5148
24.69:  52.44885,-60.295,311.5358
24.7:  52.63438,-60.45947,311.5568
24.72:  52.82076,-60.62481,311.5778
24.74:  53.00646,-60.78965,311.5925
24.75:  53.19305,-60.95535,311.6071
24.77:  53.38009,-61.12153,311.6218
24.79:  53.57317,-61.28008,311.6364
24.8:  53.76931,-61.43493,311.6574
24.82:  53.96878,-61.58662,311.7355
24.84:  54.1662,-61.7348,311.9846
24.85:  54.38569,-61.87049,312.481
24.87:  54.60944,-61.97474,313.066
24.89:  54.8483,-62.04725,313.7018
24.9:  55.10015,-62.09756,314.3693
24.92:  55.34372,-62.11961,315.0494
24.94:  55.60049,-62.1352,315.7485
24.95:  55.86913,-62.12236,316.4857
24.97:  56.10973,-62.08653,317.2229
24.99:  56.36498,-62.03184,317.9601
25:  56.61406,-61.97968,318.6972
25.02:  56.88021,-61.92627,319.4407
25.04:  57.13404,-61.87883,320.2033
25.05:  57.38826,-61.82268,320.9785
25.07:  57.63105,-61.75936,321.7537
25.09:  57.87722,-61.68512,322.5352
25.1:  58.12103,-61.61282,323.3104
25.12:  58.36662,-61.54358,324.0856
25.14:  58.61359,-61.47516,324.8608
25.15:  58.86169,-61.41241,325.636
25.17:  59.11059,-61.35303,326.4112
25.19:  59.3661,-61.29329,327.1864
25.2:  59.61312,-61.24138,327.9616
25.22:  59.85973,-61.19072,328.7368
25.24:  60.11126,-61.14258,329.512
25.25:  60.36219,-61.1004,330.2872
25.27:  60.61313,-61.05938,331.0624
25.29:  60.86463,-61.02176,331.8376
25.3:  61.11789,-60.98736,332.6129
25.32:  61.37791,-60.95563,333.3881
25.34:  61.63142,-60.93048,334.1633
25.35:  61.88274,-60.909,334.9448
25.37:  62.13539,-60.88856,335.72
25.39:  62.3887,-60.87151,336.4952
25.4:  62.64483,-60.86006,337.2704
25.42:  62.90252,-60.86118,338.0456
25.44:  63.16315,-60.87584,338.8208
25.45:  63.43287,-60.90839,339.596
25.47:  63.69012,-60.94514,340.3712
25.49:  63.94744,-60.98661,341.1464
25.5:  64.20282,-61.03784,341.928
25.52:  64.45797,-61.10723,342.7032
25.54:  64.70609,-61.18819,343.4784
25.55:  64.94772,-61.27634,344.2536
25.57:  65.19118,-61.37474,345.0288
25.59:  65.43239,-61.48028,345.804
25.6:  65.66954,-61.59165,346.5792
25.62:  65.90824,-61.71202,347.3607
25.64:  66.14384,-61.83878,348.1359
25.65:  66.37009,-61.96627,348.9175
25.67:  66.59959,-62.10161,349.6927
25.69:  66.82651,-62.2377,350.4679
25.7:  67.04713,-62.37412,351.2431
25.72:  67.27077,-62.51629,352.0183
25.74:  67.49253,-62.65327,352.7935
25.75:  67.72332,-62.77295,353.5687
25.77:  67.96786,-62.86991,354.3439
25.79:  68.2108,-62.95369,355.1191
25.8:  68.45827,-63.02884,355.8943
25.82:  68.7113,-63.10851,356.6695
25.84:  68.96091,-63.19082,357.4447
25.85:  69.20832,-63.27372,358.2199
25.87:  69.45467,-63.35268,358.9951
25.89:  69.70288,-63.42778,359.7703
25.9:  69.94929,-63.49315,0.5581873
25.92:  70.20086,-63.55613,1.346066
25.94:  70.44608,-63.61866,2.133945
25.95:  70.6937,-63.68541,2.915486
25.97:  70.94726,-63.75752,3.703365
25.99:  71.18786,-63.8295,4.484905
26:  71.43092,-63.90588,5.272785
26.02:  71.68185,-63.98844,6.04165
26.04:  71.91742,-64.06161,6.702771
26.05:  72.15706,-64.12589,7.199107
26.07:  72.40634,-64.17641,7.530658
26.09:  72.65476,-64.21294,7.805168
26.1:  72.89959,-64.24742,8.016299
26.12:  73.14742,-64.28278,8.119685
26.14:  73.39606,-64.31825,8.119685
26.15:  73.64479,-64.35328,8.016299
26.17:  73.89864,-64.38765,7.7101
26.19:  74.14535,-64.41927,7.302494
26.2:  74.38812,-64.448,6.749117
26.22:  74.63434,-64.47407,6.043632
26.24:  74.88534,-64.49744,5.319132
26.25:  75.13341,-64.51737,4.594632
26.27:  75.38395,-64.53432,3.870132
26.29:  75.63254,-64.548,3.15197
26.3:  75.87867,-64.55844,2.42747
26.32:  76.13068,-64.56593,1.70297
26.34:  76.38223,-64.57023,0.9784697
26.35:  76.63269,-64.57134,0.2539698
26.37:  76.88251,-64.55213,359.5295
26.39:  77.13369,-64.50735,358.805
26.4:  77.37816,-64.44111,358.0805
26.42:  77.62286,-64.36655,357.356
26.44:  77.87,-64.28783,356.6315
26.45:  78.11519,-64.2063,355.907
26.47:  78.36077,-64.1237,355.1825
26.49:  78.61124,-64.03333,354.458
26.5:  78.84544,-63.94233,353.7335
26.52:  79.06683,-63.82273,353.0153
26.54:  79.2739,-63.68028,352.2908
26.55:  79.46385,-63.51941,351.5663
26.57:  79.62736,-63.32877,350.8545
26.59:  79.76793,-63.12032,350.1807
26.6:  79.88406,-62.89999,349.5703
26.62:  79.96801,-62.66817,349.0422
26.64:  80.04621,-62.43017,348.5839
26.65:  80.12192,-62.18699,348.1827
26.67:  80.16497,-61.94654,347.8321
26.69:  80.19976,-61.69522,347.5196
26.7:  80.23281,-61.44239,347.2767
26.72:  80.26511,-61.18872,347.0846
26.74:  80.29918,-60.93383,346.9305
26.75:  80.3304,-60.67903,346.8145
26.77:  80.36371,-60.42482,346.7808
26.79:  80.39456,-60.17178,346.7808
26.8:  80.42526,-59.92002,346.7828
26.82:  80.45668,-59.6632,346.8038
26.84:  80.48787,-59.40901,346.8248
26.85:  80.51898,-59.15623,346.8458
26.87:  80.55233,-58.90463,346.8668
26.89:  80.5843,-58.64642,346.8878
26.9:  80.61572,-58.3935,346.9088
26.92:  80.6474,-58.13938,346.9361
26.94:  80.67891,-57.8876,346.9634
26.95:  80.7132,-57.63317,346.9908
26.97:  80.74573,-57.37501,347.0117
26.99:  80.77752,-57.12371,347.0391
27:  80.80979,-56.86956,347.0664
27.02:  80.8422,-56.61533,347.0938
27.04:  80.87482,-56.36036,347.1211
27.05:  80.90688,-56.11077,347.1484
27.07:  80.94094,-55.84659,347.1758
27.09:  80.9754,-55.59807,347.2094
27.1:  81.00774,-55.34275,347.2368
27.12:  81.04015,-55.08792,347.2641
27.14:  81.07304,-54.8303,347.2914
27.15:  81.10583,-54.57528,347.3441
27.17:  81.13622,-54.31847,347.4601
27.19:  81.16714,-54.0573,347.6396
27.2:  81.19936,-53.79989,347.8444
27.22:  81.23273,-53.542,348.0809
27.24:  81.26658,-53.28264,348.3237
27.25:  81.30152,-53.02396,348.5792
27.27:  81.33599,-52.76291,348.9171
27.29:  81.34994,-52.50607,349.3373
27.3:  81.3588,-52.25303,349.8337
27.32:  81.37032,-51.99522,350.3871
27.34:  81.38424,-51.74173,350.9721
27.35:  81.40111,-51.48335,351.5635
27.37:  81.41779,-51.23141,352.1549
27.39:  81.4399,-50.97371,352.7337
27.4:  81.46133,-50.72153,353.2237
27.42:  81.48708,-50.46898,353.6503
27.44:  81.50993,-50.21472,354.0389
27.45:  81.50492,-49.96558,354.3641
27.47:  81.49076,-49.70964,354.5879
27.49:  81.46763,-49.46099,354.6849
27.5:  81.44492,-49.21626,354.6996
27.52:  81.42174,-48.96624,354.7016
27.54:  81.39851,-48.71585,354.7016
27.55:  81.37546,-48.46725,354.7016
27.57:  81.3517,-48.21108,354.7016
27.59:  81.32887,-47.96484,354.7016
27.6:  81.30605,-47.71884,354.7016
27.62:  81.28332,-47.47372,354.7016
27.64:  81.25993,-47.22155,354.7016
27.65:  81.23705,-46.9748,354.7016
27.67:  81.21384,-46.72453,354.7016
27.69:  81.1908,-46.47609,354.7016
27.7:  81.16779,-46.22803,354.7016
27.72:  81.14465,-45.9784,354.7016
27.74:  81.12175,-45.73148,354.7016
27.75:  81.09796,-45.47502,354.7016
27.77:  81.0751,-45.2285,354.7016
27.79:  81.05207,-44.98013,354.7016
27.8:  81.0292,-44.73357,354.7016
27.82:  81.00617,-44.48523,354.7016
27.84:  80.983,-44.23537,354.7016
27.85:  80.96022,-43.98978,354.7016
27.87:  80.93618,-43.7305,354.7016
27.89:  80.91312,-43.48187,354.7016
27.9:  80.89058,-43.23885,354.7016
27.92:  80.86739,-42.98883,354.7016
27.94:  80.84453,-42.74221,354.7016
27.95:  80.82143,-42.49324,354.7016
27.97:  80.79826,-42.24331,354.7016
27.99:  80.77454,-41.98754,354.7016
28:  80.75166,-41.74079,354.7016
28.02:  80.72874,-41.49371,354.7016
28.04:  80.7057,-41.24532,354.7016
28.05:  80.68294,-40.99985,354.7016
28.07:  80.65996,-40.75209,354.7016
28.09:  80.63676,-40.50199,354.7016
28.1:  80.61369,-40.25312,354.7016
28.12:  80.59058,-40.0039,354.7016
28.14:  80.56754,-39.75545,354.7016
28.15:  80.54442,-39.50618,354.7016
28.17:  80.52127,-39.25658,354.7016
28.19:  80.49825,-39.0084,354.7016
28.2:  80.47515,-38.75928,354.7016
28.22:  80.4521,-38.51067,354.7016
28.24:  80.42903,-38.26196,354.7016
28.25:  80.40584,-38.01186,354.7016
28.27:  80.38301,-37.76641,354.6869
28.29:  80.37414,-37.51234,354.6342
28.3:  80.36771,-37.26752,354.5689
28.32:  80.35828,-37.0141,354.5035
28.34:  80.34862,-36.76274,354.4318
28.35:  80.33866,-36.51198,354.3601
28.37:  80.32828,-36.26118,354.2631
28.39:  80.3175,-36.01223,354.1534
28.4:  80.30626,-35.76508,354.0309
28.42:  80.30652,-35.51057,353.9022
28.44:  80.32635,-35.24786,353.7672
28.45:  80.34422,-35.00226,353.6067
28.47:  80.36211,-34.74333,353.4019
28.49:  80.37872,-34.48817,353.1718
28.5:  80.39434,-34.23043,352.9163
28.52:  80.40779,-33.98882,352.6354
28.54:  80.42098,-33.72618,352.3229
28.55:  80.43187,-33.48039,351.985
28.57:  80.44103,-33.22861,351.533
28.59:  80.44793,-32.97061,350.9796
28.6:  80.45186,-32.71752,350.3376
28.62:  80.45261,-32.46462,349.6194
28.64:  80.44991,-32.19872,348.8632
28.65:  80.44408,-31.94914,348.1133
28.67:  80.43488,-31.69607,347.3635
28.69:  80.42237,-31.44349,346.6136
28.7:  80.40673,-31.19202,345.8892
28.72:  80.38828,-30.93938,345.2724
28.74:  80.36774,-30.68568,344.8204
28.75:  80.34612,-30.43523,344.5142
28.77:  80.32362,-30.17855,344.4362
28.79:  80.30355,-29.92379,344.4025
28.8:  80.28352,-29.67141,344.3688
28.82:  80.26015,-29.41029,344.3352
28.84:  80.23753,-29.15914,344.3015
28.85:  80.21667,-28.90198,344.2678
28.87:  80.19435,-28.65742,344.2342
28.89:  80.17034,-28.39569,344.2068
28.9:  80.14722,-28.1452,344.1732
28.92:  80.1241,-27.89611,344.1458
28.94:  80.10278,-27.64197,344.1122
28.95:  80.07925,-27.39133,344.0848
28.97:  80.0554,-27.13887,344.0511
28.99:  80.03099,-26.8818,344.0238
29:  80.00703,-26.63069,343.9965
29.02:  79.98221,-26.37191,343.9692
29.04:  79.95814,-26.12224,343.9418
29.05:  79.93379,-25.87097,343.9145
29.07:  79.95844,-25.62325,343.8808
29.09:  79.98346,-25.37027,343.8472
29.1:  80.00549,-25.1235,343.8198
29.12:  80.02763,-24.87404,343.7925
29.14:  80.05206,-24.62419,343.7842
29.15:  80.07649,-24.37436,343.7842
29.17:  80.10098,-24.12544,343.8178
29.19:  80.12579,-23.87849,343.9339
29.2:  80.15219,-23.62658,344.1831
29.22:  80.18007,-23.37728,344.578
29.24:  80.21019,-23.12792,345.087
29.25:  80.24281,-22.87924,345.6721
29.27:  80.27811,-22.63091,346.2888
29.29:  80.31625,-22.38223,346.9183
29.3:  80.35684,-22.1357,347.5477
29.32:  80.39995,-21.8907,348.1771
29.34:  80.44777,-21.63427,348.7622
29.35:  80.49453,-21.39488,349.2522
29.37:  80.5441,-21.14917,349.6028
29.39:  80.59444,-20.90413,349.8076
29.4:  80.64522,-20.65835,349.8729
29.42:  80.69598,-20.41272,349.8749
29.44:  80.74593,-20.17102,349.8749
29.45:  80.79743,-19.92182,349.8749
29.47:  80.84755,-19.6793,349.8749
29.49:  80.90063,-19.42245,349.8749
29.5:  80.94988,-19.1841,349.8749
29.52:  80.97623,-18.92857,349.8666
29.54:  80.98775,-18.67156,349.8582
29.55:  80.99905,-18.41787,349.8436
29.57:  81.01033,-18.16062,349.8036
29.59:  81.02354,-17.90629,349.7319
29.6:  81.0338,-17.64977,349.5841
29.62:  81.04558,-17.39233,349.3793
29.64:  81.05621,-17.13615,349.1365
29.65:  81.06541,-16.87942,348.8113
29.67:  81.07034,-16.6222,348.391
29.69:  81.07544,-16.365,347.8947
29.7:  81.07806,-16.10998,347.3477
29.72:  81.07821,-15.85498,346.7943
29.74:  81.07343,-15.59481,346.2409
29.75:  81.0663,-15.34021,345.6875
29.77:  81.05899,-15.08258,345.1342
29.79:  81.0471,-14.82688,344.6315
29.8:  81.03345,-14.57082,344.2429
29.82:  81.01875,-14.31558,343.9937
29.84:  81.00583,-14.05904,343.8777
29.85:  80.99035,-13.80314,343.8313
29.87:  80.97473,-13.5469,343.804
29.89:  80.95903,-13.29144,343.7766
29.9:  80.94334,-13.03858,343.743
29.92:  80.92714,-12.77985,343.7093
29.94:  80.91115,-12.52644,343.682
29.95:  80.89467,-12.26769,343.6483
29.97:  80.88072,-12.01391,343.6146
29.99:  80.86643,-11.75652,343.581
30:  80.85203,-11.49993,343.5473
30.02:  80.83745,-11.24275,343.5136
30.04:  80.82273,-10.986,343.4799
30.05:  80.80795,-10.73026,343.4526
30.07:  80.79058,-10.47372,343.4189
30.09:  80.77318,-10.21885,343.3853
30.1:  80.75809,-9.964996,343.3579
30.12:  80.74014,-9.706337,343.3243
30.14:  80.72442,-9.450255,343.2462
30.15:  80.70774,-9.193114,343.0478
30.17:  80.68697,-8.938283,342.6339
30.19:  80.66505,-8.674422,342.0107
30.2:  80.64105,-8.426589,341.2292
30.22:  80.61049,-8.172169,340.4413
30.24:  80.57632,-7.917491,339.6534
30.25:  80.53889,-7.664863,338.8656
30.27:  80.50011,-7.41089,338.0777
30.29:  80.45557,-7.158339,337.2898
30.3:  80.40768,-6.907106,336.5019
30.32:  80.35613,-6.655463,335.7141
30.34:  80.30175,-6.406785,334.9579
30.35:  80.24389,-6.15544,334.3284
30.37:  80.18434,-5.905571,333.8891
30.39:  80.12408,-5.657335,333.6463
30.4:  80.06317,-5.408089,333.562
30.42:  80.00217,-5.159318,333.5156
30.44:  79.94373,-4.91164,333.4819
30.45:  79.88174,-4.660126,333.4482
30.47:  79.82285,-4.412003,333.4083
30.49:  79.76257,-4.158922,333.3619
30.5:  79.70348,-3.911703,333.3156
30.52:  79.64408,-3.66423,333.2629
30.54:  79.58391,-3.41455,333.2102
30.55:  79.5226,-3.161908,333.1195
30.57:  79.46132,-2.912299,332.9654
30.59:  79.39831,-2.666391,332.7986
30.6:  79.33565,-2.41767,332.6192
30.62:  79.27331,-2.171199,332.4398
30.64:  79.21004,-1.924296,332.2603
30.65:  79.14608,-1.677911,332.0809
30.67:  79.08148,-1.432223,331.9014
30.69:  79.01492,-1.183912,331.7537
30.7:  78.9491,-0.9380841,331.644
30.72:  78.88305,-0.6929593,331.5532
30.74:  78.81638,-0.4471687,331.4562
30.75:  78.7495,-0.2023589,331.3528
30.77:  78.68175,0.04366317,331.2367
30.79:  78.62874,0.2912732,331.0573
30.8:  78.6185,0.5400973,330.8271
30.82:  78.62136,0.7912547,330.559
30.84:  78.6485,1.035466,330.2718
30.85:  78.69287,1.281706,329.9783
30.87:  78.74508,1.521853,329.6848
30.89:  78.79627,1.763285,329.3912
30.9:  78.84604,2.00406,329.0977
30.92:  78.89475,2.245999,328.8042
30.94:  78.94348,2.48582,328.517
30.95:  78.99097,2.734525,328.2298
30.97:  79.03389,2.974474,327.9426
30.99:  79.07459,3.218013,327.6681
31.01:  79.10086,3.465228,327.4063
31.02:  79.08685,3.72898,327.1444
31.04:  79.07235,3.973586,326.7939
31.05:  79.05501,4.220729,326.1708
31.07:  79.03381,4.472918,325.3829
31.09:  79.00938,4.722459,324.595
31.1:  78.9816,4.971017,323.8071
31.12:  78.94919,5.228816,323.0193
31.14:  78.91489,5.474266,322.2314
31.15:  78.8759,5.727791,321.4435
31.17:  78.83562,5.967749,320.6556
31.19:  78.79136,6.210847,319.8677
31.2:  78.741,6.467403,319.0799
31.22:  78.69085,6.706016,318.3173
31.24:  78.63676,6.94938,317.6562
31.25:  78.57819,7.201283,317.0965
31.27:  78.51916,7.444399,316.5368
31.29:  78.45738,7.686248,315.8566
31.3:  78.39214,7.927738,315.0688
31.32:  78.32353,8.168523,314.2809
31.34:  78.25092,8.410676,313.493
31.35:  78.17572,8.649457,312.7051
31.37:  78.0966,8.889123,311.9172
31.39:  78.05582,9.13278,311.1294
31.4:  78.01678,9.377715,310.3415
31.42:  77.97429,9.622525,309.5536
31.44:  77.936,9.863635,308.7784
31.45:  77.91641,10.11351,308.0983
31.47:  77.89518,10.35568,307.5703
31.49:  77.8728,10.61149,307.1563
31.5:  77.85052,10.84919,306.8057
31.52:  77.82661,11.09197,306.5313
31.54:  77.80183,11.33352,306.3011
31.55:  77.778,11.57542,306.1026
31.57:  77.79015,11.81734,305.9232
31.59:  77.81241,12.05775,305.7564
31.61:  77.83801,12.29568,305.596
31.62:  77.86536,12.54495,305.4292
31.64:  77.89043,12.77967,305.2625
31.65:  77.91474,13.019,304.9689
31.67:  77.93905,13.25603,304.5106
31.69:  77.95883,13.49664,303.8685
31.7:  77.97754,13.73815,303.087
31.72:  77.99056,13.97613,302.2991
31.74:  78.00047,14.21839,301.5112
31.75:  78.00701,14.45906,300.7233
31.77:  78.01025,14.70051,299.9355
31.79:  77.9983,14.94499,299.1476
31.8:  77.94032,15.18727,298.3597
31.82:  77.85196,15.42222,297.5718
31.84:  77.74425,15.64967,296.7839
31.85:  77.6156,15.86971,295.9961
31.87:  77.47247,16.08021,295.2082
31.9:  77.32735,16.28168,294.4203
31.92:  77.15623,16.47163,293.6324
31.94:  76.98188,16.65662,292.8445
31.95:  76.80597,16.83819,292.0567
31.97:  76.62481,17.02011,291.2688
31.99:  76.44238,17.19832,290.4809
32:  76.25732,17.37421,289.693
32.02:  76.07225,17.54532,288.9052
32.04:  75.88204,17.71639,288.1173
32.05:  75.69041,17.88402,287.3294
32.07:  75.49688,18.04869,286.5415
32.09:  75.3,18.21159,285.7536
32.1:  75.10185,18.37099,284.9658
32.12:  74.9016,18.52761,284.1779
32.14:  74.69943,18.68129,283.39
32.15:  74.49438,18.8329,282.6275
32.17:  74.28747,18.98236,281.9917
32.19:  74.08267,19.1293,281.5841
32.2:  73.87506,19.27584,281.3666
32.22:  73.66699,19.42219,281.2696
32.24:  73.46028,19.56733,281.2232
32.25:  73.24555,19.7192,281.1959
32.27:  73.04816,19.85868,281.1685
32.29:  72.83718,20.00632,281.1349
32.3:  72.63074,20.15182,281.1012
32.32:  72.42643,20.29568,281.0739
32.34:  72.21893,20.44163,281.0465
32.35:  72.01183,20.58713,281.0129
32.37:  71.81015,20.72983,280.9792
32.39:  71.65595,20.84268,280.9582
32.4:  71.55295,20.92173,280.9372
32.42:  71.5016,20.9584,280.9162
32.44:  71.49921,20.95887,280.9016
32.45:  71.49921,20.95887,280.8806
32.47:  71.49921,20.95887,280.8596
32.49:  71.49921,20.95887,280.8449
32.5:  71.49921,20.95887,280.8239
32.52:  71.49921,20.95887,280.8029
32.54:  71.49921,20.95887,280.7819
32.55:  71.49921,20.95887,280.7609
32.57:  71.49921,20.95887,280.7399
32.59:  71.49921,20.95887,280.7189
32.6:  71.49921,20.95887,280.7043
32.62:  71.49921,20.95887,280.6833
32.64:  71.49921,20.95887,280.6623
32.65:  71.49921,20.95887,280.6413
32.67:  71.49921,20.95887,280.6203
32.69:  71.49921,20.95887,280.5993
32.7:  71.49921,20.95887,280.5847
32.72:  71.49921,20.95887,280.5637
32.74:  71.49921,20.95887,280.5427
32.75:  71.49921,20.95887,280.5217
32.77:  71.49921,20.95887,280.4943
32.79:  71.49921,20.95887,280.4733
32.8:  71.49921,20.95887,280.4523
32.82:  71.49921,20.95887,280.425
32.84:  71.49921,20.95887,280.3787
32.85:  71.49921,20.95887,280.3323
32.87:  71.49921,20.95887,280.2859
32.89:  71.49921,20.95887,280.2523
32.9:  71.49921,20.95887,280.225
32.92:  71.49921,20.95887,280.1976
32.94:  71.49921,20.95887,280.1703
32.95:  71.49921,20.95887,280.1493
32.97:  71.49921,20.95887,280.1283
32.99:  71.49921,20.95887,280.101
33:  71.49921,20.95887,280.08
33.02:  71.49921,20.95887,280.0526
33.04:  71.49921,20.95887,280.0253
33.05:  71.49921,20.95887,279.998
33.07:  71.49921,20.95887,279.977
33.09:  71.49921,20.95887,279.956
33.1:  71.49921,20.95887,279.9286
33.12:  71.49921,20.95887,279.895
33.14:  71.49921,20.95887,279.8613
33.15:  71.49921,20.95887,279.834
33.17:  71.49921,20.95887,279.8066
33.19:  71.49921,20.95887,279.773
33.2:  71.49921,20.95887,279.7457
33.22:  71.49921,20.95887,279.7183
33.24:  71.49921,20.95887,279.691
33.25:  71.49921,20.95887,279.6636
33.27:  71.49921,20.95887,279.6363
33.29:  71.49921,20.95887,279.609
33.3:  71.49921,20.95887,279.5817
33.32:  71.49921,20.95887,279.5543
33.34:  71.49921,20.95887,279.527
33.35:  71.49921,20.95887,279.4996
33.37:  71.49921,20.95887,279.466
33.39:  71.49921,20.95887,279.4387
33.4:  71.49921,20.95887,279.4113
33.42:  71.49921,20.95887,279.384
33.44:  71.49921,20.95887,279.3567
33.45:  71.49921,20.95887,279.3293
33.47:  71.49921,20.95887,279.302
33.49:  71.49921,20.95887,279.2747
33.5:  71.49921,20.95887,279.2473
33.52:  71.49921,20.95887,279.22
33.54:  71.49921,20.95887,279.1927
33.55:  71.49921,20.95887,279.1653
33.57:  71.49921,20.95887,279.138
33.59:  71.49921,20.95887,279.1107
33.6:  71.49921,20.95887,279.0833
33.62:  71.49921,20.95887,279.056
33.64:  71.49921,20.95887,279.0287
33.65:  71.49921,20.95887,279.0013
33.67:  71.49921,20.95887,278.974
33.69:  71.49921,20.95887,278.9467
33.7:  71.49921,20.95887,278.9193
33.72:  71.49921,20.95887,278.892
33.74:  71.49921,20.95887,278.8647
33.75:  71.49921,20.95887,278.8373
33.77:  71.49921,20.95887,278.81
33.79:  71.49921,20.95887,278.7827
33.8:  71.49921,20.95887,278.7553
33.82:  71.49921,20.95887,278.728
33.84:  71.49921,20.95887,278.7007
33.85:  71.49921,20.95887,278.6733
33.87:  71.49921,20.95887,278.646
33.89:  71.49921,20.95887,278.6187
33.9:  71.49921,20.95887,278.5913
33.92:  71.49921,20.95887,278.564
33.94:  71.49921,20.95887,278.5367
33.95:  71.49921,20.95887,278.503
33.97:  71.49921,20.95887,278.4756
33.99:  71.49921,20.95887,278.4483
34:  71.49921,20.95887,278.4146
34.02:  71.49921,20.95887,278.3873
34.04:  71.49921,20.95887,278.36
34.05:  71.49921,20.95887,278.3326
34.07:  71.49921,20.95887,278.3053
34.09:  71.49921,20.95887,278.278
34.1:  71.49921,20.95887,278.2507
34.12:  71.49921,20.95887,278.2233
34.14:  71.49921,20.95887,278.196
34.15:  71.49921,20.95887,278.1686
34.17:  71.49921,20.95887,278.1476
34.19:  71.49921,20.95887,278.1203
34.2:  71.49921,20.95887,278.093
34.22:  71.49921,20.95887,278.0657
34.24:  71.49921,20.95887,278.0383
34.25:  71.49921,20.95887,278.011
34.27:  71.49921,20.95887,277.9837
34.29:  71.49921,20.95887,277.9627
34.3:  71.49921,20.95887,277.9417
34.32:  71.49921,20.95887,277.9207
34.34:  71.49921,20.95887,277.8933
34.35:  71.49921,20.95887,277.866
34.37:  71.49921,20.95887,277.8387
