ParticipantNo: 11013
Controller type: Gamepad
Training Level:
0.02:  82.7,18.5,270
0.04:  82.7,18.5,270
0.06:  82.7,18.5,269.979
0.08:  82.7,18.5,269.958
0.09:  82.7,18.5,269.9307
0.11:  82.7,18.5,269.9097
0.13:  82.7,18.5,269.8887
0.14:  82.7,18.5,269.8677
0.16:  82.7,18.5,269.8404
0.18:  82.7,18.5,269.8194
0.19:  82.7,18.5,269.7984
0.21:  82.7,18.5,269.7774
0.23:  82.7,18.5,269.7564
0.24:  82.7,18.5,269.7354
0.26:  82.7,18.5,269.7144
0.28:  82.7,18.5,269.6871
0.29:  82.7,18.5,269.6597
0.31:  82.7,18.5,269.6324
0.33:  82.7,18.5,269.6051
0.34:  82.7,18.5,269.5778
0.36:  82.7,18.5,269.5568
0.38:  82.7,18.5,269.5294
0.39:  82.7,18.5,269.5084
0.41:  82.7,18.5,269.4811
0.43:  82.7,18.5,269.4537
0.44:  82.7,18.5,269.4264
0.46:  82.7,18.5,269.4054
0.48:  82.7,18.5,269.3781
0.49:  82.7,18.5,269.3508
0.51:  82.7,18.5,269.3298
0.53:  82.7,18.5,269.3024
0.54:  82.7,18.5,269.2814
0.56:  82.7,18.5,269.2604
0.58:  82.7,18.5,269.2331
0.59:  82.7,18.5,269.2121
0.61:  82.7,18.5,269.1911
0.63:  82.7,18.5,269.1638
0.64:  82.7,18.5,269.1365
0.66:  82.7,18.5,269.1091
0.68:  82.7,18.5,269.0818
0.69:  82.7,18.5,269.0608
0.71:  82.7,18.5,269.0398
0.73:  82.7,18.5,269.0125
0.74:  82.7,18.5,268.9915
0.76:  82.7,18.5,268.9705
0.78:  82.7,18.5,268.9431
0.79:  82.7,18.5,268.9221
0.81:  82.7,18.5,268.8948
0.83:  82.7,18.5,268.8675
0.84:  82.7,18.5,268.8465
0.86:  82.7,18.5,268.8192
0.88:  82.7,18.5,268.7982
0.89:  82.7,18.5,268.7708
0.91:  82.7,18.5,268.7498
0.93:  82.7,18.5,268.7225
0.94:  82.7,18.5,268.6952
0.96:  82.7,18.5,268.6678
0.98:  82.7,18.5,268.6405
0.99:  82.7,18.5,268.6132
1.01:  82.7,18.5,268.5922
1.03:  82.7,18.5,268.5648
1.04:  82.7,18.5,268.5375
1.06:  82.7,18.5,268.5102
1.08:  82.7,18.5,268.4828
1.09:  82.7,18.5,268.4555
1.11:  82.7,18.5,268.4345
1.13:  82.7,18.5,268.4135
