ParticipantNo: 11013
Controller type: Gamepad
Training Level Timed:
0.02:  82.7,18.5,270
0.03:  82.7,18.5,270
0.05:  82.7,18.5,269.9727
0.07:  82.7,18.5,269.9453
0.09:  82.7,18.5,269.9243
0.1:  82.7,18.5,269.9034
0.12:  82.7,18.5,269.8824
0.14:  82.7,18.5,269.8614
0.15:  82.7,18.5,269.8404
0.17:  82.7,18.5,269.813
0.19:  82.7,18.5,269.7857
0.2:  82.7,18.5,269.7647
0.22:  82.7,18.5,269.7374
0.24:  82.7,18.5,269.7164
0.25:  82.7,18.5,269.689
0.27:  82.7,18.5,269.6681
0.29:  82.7,18.5,269.6471
0.3:  82.7,18.5,269.6197
0.32:  82.7,18.5,269.5924
0.34:  82.7,18.5,269.5714
0.35:  82.7,18.5,269.5504
0.37:  82.7,18.5,269.5231
0.39:  82.7,18.5,269.4957
0.4:  82.7,18.5,269.4684
0.42:  82.7,18.5,269.4411
0.44:  82.7,18.5,269.4138
0.45:  82.7,18.5,269.3928
0.47:  82.7,18.5,269.3718
0.49:  82.7,18.5,269.3444
0.5:  82.7,18.5,269.3171
0.52:  82.7,18.5,269.2898
0.54:  82.7,18.5,269.2624
0.55:  82.7,18.5,269.2351
0.57:  82.7,18.5,269.2078
0.59:  82.7,18.5,269.1804
0.6:  82.7,18.5,269.1531
0.62:  82.7,18.5,269.1258
0.64:  82.7,18.5,269.0984
0.65:  82.7,18.5,269.0711
0.67:  82.7,18.5,269.0438
0.69:  82.7,18.5,269.0164
0.7:  82.7,18.5,268.9891
0.72:  82.7,18.5,268.9618
0.74:  82.7,18.5,268.9344
0.75:  82.7,18.5,268.9071
0.77:  82.7,18.5,268.8798
0.79:  82.7,18.5,268.8588
0.8:  82.7,18.5,268.8378
0.82:  82.7,18.5,268.8105
0.84:  82.7,18.5,268.7831
0.85:  82.7,18.5,268.7558
0.87:  82.7,18.5,268.7285
0.89:  82.7,18.5,268.7011
0.9:  82.7,18.5,268.6738
0.92:  82.7,18.5,268.6465
0.94:  82.7,18.5,268.6191
0.95:  82.7,18.5,268.5981
0.97:  82.7,18.5,268.5708
0.99:  82.7,18.5,268.5498
1:  82.7,18.5,268.5288
1.02:  82.7,18.5,268.5015
1.04:  82.7,18.5,268.4805
1.05:  82.7,18.5,268.4595
1.07:  82.7,18.5,268.4385
1.09:  82.7,18.5,268.4175
1.1:  82.7,18.5,268.3965
1.12:  82.7,18.5,268.3755
1.14:  82.7,18.5,268.3482
1.15:  82.7,18.5,268.3209
1.19:  82.7,18.5,268.2999
1.2:  82.7,18.5,268.2725
1.22:  82.7,18.5,268.2452
1.24:  82.7,18.5,268.2179
1.25:  82.7,18.5,268.1906
1.27:  82.7,18.5,268.1632
1.29:  82.7,18.5,268.1422
1.3:  82.7,18.5,268.1149
1.32:  82.7,18.5,268.0876
1.34:  82.7,18.5,268.0602
1.35:  82.7,18.5,268.0329
1.37:  82.7,18.5,268.0056
1.39:  82.7,18.5,267.9782
1.4:  82.7,18.5,267.9572
1.42:  82.7,18.5,267.9362
1.44:  82.7,18.5,267.9089
1.45:  82.7,18.5,267.8879
1.47:  82.7,18.5,267.8669
1.49:  82.7,18.5,267.8396
1.5:  82.7,18.5,267.8186
1.52:  82.7,18.5,267.7976
1.54:  82.7,18.5,267.7703
1.55:  82.7,18.5,267.7493
1.57:  82.7,18.5,267.7283
1.59:  82.7,18.5,267.701
1.6:  82.7,18.5,267.6736
1.62:  82.7,18.5,267.6526
1.64:  82.7,18.5,267.6253
1.65:  82.7,18.5,267.598
1.67:  82.7,18.5,267.577
1.69:  82.7,18.5,267.5496
1.7:  82.7,18.5,267.5287
1.72:  82.7,18.5,267.5077
1.74:  82.7,18.5,267.4867
1.75:  82.7,18.5,267.4657
1.77:  82.7,18.5,267.4383
1.79:  82.7,18.5,267.411
1.8:  82.7,18.5,267.3837
1.82:  82.7,18.5,267.3563
1.84:  82.7,18.5,267.329
1.85:  82.7,18.5,267.3017
1.87:  82.7,18.5,267.2807
1.89:  82.7,18.5,267.2597
1.9:  82.7,18.5,267.2324
1.92:  82.7,18.5,267.2114
1.94:  82.7,18.5,267.184
1.95:  82.7,18.5,267.1757
1.97:  82.7,18.5,267.1674
1.99:  82.7,18.5,267.1591
2:  82.7,18.5,267.1508
2.02:  82.7,18.5,267.1488
2.04:  82.7,18.5,267.1341
2.05:  82.7,18.5,267.1321
2.07:  82.7,18.5,267.1302
2.09:  82.7,18.5,267.1218
2.1:  82.7,18.5,267.1135
2.12:  82.7,18.5,267.0989
2.14:  82.7,18.5,267.0905
2.15:  82.7,18.5,267.0759
2.17:  82.7,18.5,267.0676
2.19:  82.7,18.5,267.0593
2.2:  82.7,18.5,267.0509
2.22:  82.7,18.5,267.0426
2.24:  82.7,18.5,267.0406
2.25:  82.7,18.5,267.0323
2.27:  82.7,18.5,267.0113
2.29:  82.7,18.5,266.9713
2.3:  82.7,18.5,266.8046
2.32:  82.7,18.5,266.4667
2.34:  82.7,18.5,265.926
2.35:  82.7,18.5,265.3092
2.37:  82.7,18.5,264.6798
2.39:  82.7,18.5,264.006
2.4:  82.7,18.5,263.3068
2.42:  82.7,18.5,262.576
2.44:  82.7,18.5,261.8198
2.45:  82.7,18.5,261.0446
2.47:  82.7,18.5,260.2694
2.49:  82.7,18.5,259.4879
2.5:  82.7,18.5,258.7063
2.52:  82.7,18.5,257.9248
2.54:  82.7,18.5,257.1432
2.55:  82.7,18.5,256.3617
2.57:  82.7,18.5,255.5802
2.59:  82.7,18.5,254.7986
2.6:  82.7,18.5,254.0171
2.62:  82.7,18.5,253.2355
2.64:  82.7,18.5,252.454
2.65:  82.7,18.5,251.6725
2.67:  82.7,18.5,250.8909
2.69:  82.7,18.5,250.103
2.7:  82.7,18.5,249.3152
2.72:  82.7,18.5,248.5273
2.74:  82.7,18.5,247.7394
2.75:  82.7,18.5,246.9515
2.77:  82.7,18.5,246.17
2.79:  82.7,18.5,245.3821
2.8:  82.7,18.5,244.5942
2.82:  82.7,18.5,243.8127
2.84:  82.7,18.5,243.0248
2.85:  82.7,18.5,242.2369
2.87:  82.7,18.5,241.4491
2.89:  82.7,18.5,240.6612
2.9:  82.7,18.5,239.8733
2.92:  82.7,18.5,239.0854
2.94:  82.7,18.5,238.2975
2.95:  82.71577,18.47522,237.5097
2.97:  82.76283,18.40353,236.7218
2.99:  82.85806,18.26269,235.9339
3:  82.98776,18.07645,235.146
3.02:  83.13545,17.87048,234.3582
3.04:  83.28356,17.6698,233.5703
3.05:  83.43259,17.4736,232.7824
3.07:  83.58935,17.27299,231.9945
3.09:  83.74587,17.07827,231.2066
3.1:  83.90829,16.88181,230.4188
3.12:  84.06754,16.6945,229.6309
3.14:  84.23669,16.50098,228.843
3.15:  84.39875,16.32065,228.0551
3.17:  84.55309,16.11682,227.2672
3.19:  84.67451,15.89235,226.4794
3.2:  84.76055,15.66863,225.6915
3.22:  84.81168,15.41863,224.9036
3.24:  84.8224,15.17291,224.1157
3.25:  84.81917,14.91568,223.3342
3.27:  84.81073,14.67019,222.5717
3.29:  84.79009,14.42741,221.8408
3.3:  84.7688,14.18056,221.1227
3.32:  84.74152,13.93204,220.4235
3.34:  84.71275,13.67952,219.7307
3.35:  84.68522,13.42261,219.0506
3.37:  84.65346,13.16963,218.4021
3.39:  84.60024,12.92442,217.8044
3.4:  84.54347,12.67787,217.3207
3.42:  84.4689,12.43117,216.9892
3.44:  84.38715,12.18713,216.7844
3.45:  84.29778,11.9476,216.6303
3.47:  84.2036,11.70908,216.5142
3.49:  84.10812,11.46803,216.4362
3.5:  84.01443,11.23082,216.3772
3.52:  83.91523,10.97894,216.3245
3.54:  83.82462,10.74829,216.2718
3.55:  83.73045,10.50798,216.2255
3.57:  83.63782,10.26441,216.1728
3.59:  83.55531,10.01827,216.1138
3.6:  83.49095,9.768377,216.0357
3.62:  83.43987,9.519485,215.9514
3.64:  83.39353,9.26987,215.8353
3.65:  83.34966,9.024526,215.7002
3.67:  83.30677,8.780794,215.5398
3.69:  83.26471,8.53668,215.335
3.7:  83.2234,8.290661,215.0922
3.72:  83.18301,8.042372,214.7986
3.74:  83.14448,7.796117,214.4544
3.75:  83.1094,7.546185,214.0532
3.77:  83.07666,7.299323,213.6202
3.79:  83.04375,7.051351,213.1175
3.8:  83.01536,6.800828,212.5325
3.82:  82.98577,6.54274,211.8587
3.84:  82.95839,6.295774,211.1785
3.85:  82.92119,6.043303,210.4921
3.87:  82.87296,5.787509,209.8119
3.89:  82.81673,5.543165,209.1318
3.9:  82.75813,5.298669,208.4453
3.92:  82.70089,5.046715,207.7652
3.94:  82.64716,4.796479,207.085
3.95:  82.5968,4.547585,206.4049
3.97:  82.54858,4.293792,205.7248
3.99:  82.50329,4.042537,205.0446
4:  82.45888,3.788837,204.3645
4.02:  82.41963,3.533439,203.7034
4.04:  82.38368,3.281098,203.074
4.05:  82.35017,3.02598,202.4509
4.07:  82.31954,2.771675,201.8341
4.09:  82.29684,2.515193,201.23
4.1:  82.30549,2.265201,200.6386
4.12:  82.32787,2.009401,200.0853
4.14:  82.37394,1.75924,199.5826
4.15:  82.43661,1.510534,199.0862
4.17:  82.50383,1.274221,198.6026
4.19:  82.58127,1.036493,198.1506
4.2:  82.65932,0.8072124,197.7303
4.22:  82.74477,0.5720747,197.3544
4.24:  82.82915,0.3436035,197.0545
4.25:  82.91663,0.1093856,196.8434
4.27:  83.00397,-0.1225097,196.6893
4.29:  83.091,-0.3528977,196.6303
4.3:  83.17751,-0.5813336,196.584
4.32:  83.26481,-0.8115251,196.5566
4.34:  83.35296,-1.043636,196.5293
4.35:  83.44054,-1.27413,196.521
4.37:  83.52805,-1.504472,196.521
4.39:  83.61532,-1.738338,196.521
4.4:  83.70385,-1.975604,196.521
4.42:  83.78997,-2.20227,196.521
4.44:  83.87692,-2.435315,196.521
4.45:  83.96326,-2.666714,196.521
4.47:  84.05044,-2.900339,196.521
4.49:  84.13747,-3.133602,196.521
4.5:  84.22276,-3.362184,196.521
4.52:  84.30653,-3.592211,196.521
4.54:  84.39131,-3.825057,196.521
4.55:  84.47565,-4.056677,196.521
4.57:  84.5601,-4.288606,196.521
4.59:  84.64228,-4.524392,196.521
4.6:  84.71782,-4.757464,196.521
4.62:  84.79169,-4.99885,196.521
4.64:  84.86547,-5.244605,196.521
4.65:  84.93869,-5.500791,196.521
4.67:  84.99979,-5.741368,196.523
4.69:  85.04746,-5.992104,196.5503
4.7:  85.08826,-6.236217,196.5776
4.72:  85.12679,-6.487634,196.605
4.74:  85.16302,-6.738387,196.6323
4.75:  85.19678,-6.988307,196.6596
4.77:  85.23264,-7.254724,196.687
4.79:  85.26585,-7.502417,196.7143
4.8:  85.29914,-7.751489,196.7416
4.82:  85.33288,-8.004885,196.769
4.84:  85.3664,-8.257555,196.7963
4.85:  85.39972,-8.508733,196.7963
4.87:  85.43594,-8.76468,196.7963
4.89:  85.46689,-9.014786,196.7963
4.9:  85.48817,-9.268194,196.7963
4.92:  85.49392,-9.523651,196.7943
4.94:  85.48885,-9.776216,196.7923
4.95:  85.47828,-10.03329,196.7903
4.97:  85.46469,-10.29104,196.7884
4.99:  85.44587,-10.55481,196.7884
5:  85.42779,-10.80838,196.7864
5.02:  85.40721,-11.06332,196.7864
5.04:  85.37794,-11.30957,196.7864
5.05:  85.34855,-11.55685,196.7864
5.07:  85.31721,-11.82045,196.7864
5.09:  85.28748,-12.07062,196.7864
5.1:  85.25826,-12.31645,196.7864
5.12:  85.22839,-12.56773,196.7864
5.14:  85.19875,-12.81707,196.7864
5.15:  85.16833,-13.07293,196.7884
5.17:  85.13844,-13.32437,196.7903
5.19:  85.10809,-13.5773,196.8494
5.2:  85.07996,-13.82798,196.9528
5.22:  85.05568,-14.08116,197.1132
5.24:  85.03506,-14.33781,197.299
5.25:  85.01801,-14.59631,197.5481
5.27:  85.00514,-14.8513,197.8543
5.29:  84.99603,-15.10794,198.2049
5.3:  84.99378,-15.36341,198.5871
5.32:  85.00043,-15.60949,199.0074
5.34:  85.0144,-15.86227,199.4594
5.35:  85.03427,-16.12003,199.9431
5.37:  85.0556,-16.37078,200.4584
5.39:  85.07643,-16.61853,200.9991
5.4:  85.09687,-16.86305,201.5335
5.42:  85.12104,-17.11375,202.0678
5.44:  85.14588,-17.36127,202.6085
5.45:  85.17832,-17.60896,203.1176
5.47:  85.21335,-17.85929,203.5695
5.49:  85.25145,-18.11233,203.9074
5.5:  85.29146,-18.36206,204.1312
5.52:  85.33247,-18.61339,204.2663
5.54:  85.3729,-18.86302,204.338
5.55:  85.41405,-19.11034,204.397
5.57:  85.45609,-19.36475,204.4624
5.59:  85.49806,-19.61189,204.5214
5.6:  85.53897,-19.84643,204.5867
5.62:  85.58135,-20.09129,204.6584
5.64:  85.62289,-20.33336,204.7428
5.65:  85.66419,-20.5767,204.8462
5.67:  85.70258,-20.82745,204.9876
5.69:  85.74245,-21.07102,205.1797
5.7:  85.78015,-21.30769,205.4289
5.72:  85.81675,-21.55495,205.7414
5.74:  85.8516,-21.80122,206.1047
5.75:  85.88593,-22.0573,206.525
5.77:  85.91615,-22.29798,207.0023
5.79:  85.94476,-22.54392,207.524
5.8:  85.97056,-22.78526,208.0583
5.82:  85.99567,-23.04291,208.5927
5.84:  86.01694,-23.28446,209.1271
5.85:  86.03648,-23.53273,209.6614
5.87:  86.05363,-23.78038,210.1958
5.89:  86.06971,-24.02566,210.7301
5.9:  86.08344,-24.27057,211.2709
5.92:  86.09542,-24.52714,211.8052
5.94:  86.10229,-24.7659,212.3586
5.95:  86.11044,-25.01774,212.95
5.97:  86.11575,-25.26058,213.5541
5.99:  86.11845,-25.50113,214.1582
6:  86.12003,-25.74272,214.7622
6.02:  86.11755,-25.99398,215.3663
6.04:  86.116,-26.23434,215.9767
6.05:  86.1172,-26.47312,216.5808
6.07:  86.11934,-26.72675,217.1912
6.09:  86.1188,-26.96658,217.8017
6.1:  86.11909,-27.20811,218.4121
6.12:  86.12029,-27.46041,219.0161
6.14:  86.1189,-27.70172,219.6202
6.15:  86.12031,-27.94399,220.2053
6.17:  86.12452,-28.18444,220.727
6.19:  86.13557,-28.42678,221.1536
6.2:  86.14659,-28.66204,221.4852
6.22:  86.15693,-28.90369,221.7216
6.24:  86.16972,-29.14244,221.9328
6.25:  86.18196,-29.38733,222.1376
6.27:  86.19641,-29.6244,222.3424
6.29:  86.21525,-29.86306,222.5471
6.3:  86.23483,-30.10104,222.752
6.32:  86.25613,-30.34928,222.9758
6.34:  86.27872,-30.58437,223.2186
6.35:  86.3058,-30.82369,223.5121
6.37:  86.33643,-31.05895,223.831
6.39:  86.36942,-31.29656,224.1689
6.4:  86.40051,-31.53039,224.5004
6.42:  86.43452,-31.77044,224.832
6.44:  86.46671,-32.0075,225.1635
6.45:  86.49756,-32.24498,225.4951
6.47:  86.52706,-32.48293,225.8266
6.49:  86.55519,-32.72193,226.1835
6.5:  86.58142,-32.95816,226.5594
6.52:  86.60638,-33.19746,226.9417
6.54:  86.62968,-33.43662,227.3303
6.55:  86.65086,-33.67272,227.7696
6.57:  86.67014,-33.91313,228.3103
6.59:  86.68722,-34.16199,228.9714
6.6:  86.70043,-34.39646,229.6705
6.62:  86.7108,-34.63214,230.376
6.64:  86.71832,-34.86938,231.0815
6.65:  86.723,-35.11142,231.787
6.67:  86.72273,-35.36028,232.4925
6.69:  86.71417,-35.60012,233.2043
6.7:  86.69894,-35.83902,233.9161
6.72:  86.67677,-36.08418,234.628
6.74:  86.64969,-36.32901,235.3398
6.75:  86.61988,-36.57098,236.0516
6.77:  86.58492,-36.81642,236.7571
6.79:  86.54938,-37.05766,237.4689
6.8:  86.51134,-37.29539,238.1744
6.82:  86.46893,-37.54155,238.8609
6.84:  86.42365,-37.77777,239.503
6.85:  86.3755,-38.01568,240.0944
6.87:  86.32518,-38.25354,240.5971
6.89:  86.27199,-38.49682,240.9857
6.9:  86.22034,-38.73469,241.2792
6.92:  86.16856,-38.97825,241.465
6.94:  86.12586,-39.21255,241.5747
6.95:  86.08625,-39.44805,241.621
6.97:  86.05295,-39.68702,241.6484
6.99:  86.02309,-39.92544,241.6694
7:  86.00117,-40.16556,241.684
7.02:  85.98318,-40.41531,241.6924
7.04:  85.97101,-40.65961,241.6943
7.05:  85.96088,-40.90511,241.6943
7.07:  85.95191,-41.15236,241.6963
7.09:  85.94835,-41.4057,241.6963
7.1:  85.94706,-41.6446,241.6983
7.12:  85.9469,-41.88951,241.6983
7.14:  85.9501,-42.14212,241.6983
7.15:  85.9511,-42.39027,241.6983
7.17:  85.95208,-42.63656,241.7003
7.19:  85.9553,-42.891,241.7003
7.2:  85.95725,-43.13384,241.7003
7.22:  85.95925,-43.38264,241.7023
7.24:  85.96236,-43.63135,241.7106
7.25:  85.96751,-43.87716,241.7252
7.27:  85.97151,-44.12406,241.7399
7.29:  85.97427,-44.37161,241.7862
7.3:  85.97893,-44.61929,241.8516
7.32:  85.98338,-44.87601,241.936
7.34:  85.98825,-45.11893,242.0267
7.35:  85.99174,-45.36533,242.1174
7.37:  85.99478,-45.60761,242.2081
7.39:  85.99635,-45.85619,242.3052
7.4:  85.9986,-46.10056,242.4022
7.42:  85.99933,-46.34838,242.4993
7.44:  85.9996,-46.59397,242.6026
7.45:  85.99947,-46.8364,242.6997
7.47:  85.99779,-47.08702,242.8094
7.49:  85.98322,-47.34038,242.9952
7.5:  85.96108,-47.58734,243.2951
7.52:  85.93221,-47.83656,243.7027
7.54:  85.89223,-48.07623,244.199
7.55:  85.84504,-48.31496,244.7714
7.57:  85.79317,-48.56361,245.3755
7.59:  85.7394,-48.80055,246.0302
7.6:  85.68465,-49.02934,246.7041
7.62:  85.62577,-49.26311,247.3842
7.64:  85.56385,-49.49717,248.0643
7.65:  85.49975,-49.72835,248.7445
7.67:  85.43253,-49.96016,249.4182
7.69:  85.36265,-50.19093,250.092
7.7:  85.29005,-50.42094,250.7658
7.72:  85.2142,-50.6517,251.4396
7.74:  85.13759,-50.88037,252.1134
7.75:  85.05991,-51.10947,252.7872
7.77:  84.98016,-51.33757,253.461
7.79:  84.90231,-51.56206,254.1348
7.8:  84.82387,-51.79005,254.8086
7.82:  84.74662,-52.02058,255.4761
7.84:  84.67042,-52.25016,256.1119
7.85:  84.59117,-52.48482,256.7159
7.87:  84.51657,-52.71509,257.282
7.89:  84.43879,-52.94828,257.7784
7.9:  84.3593,-53.18045,258.2303
7.92:  84.28074,-53.41527,258.6126
7.94:  84.20189,-53.64647,258.9441
7.95:  84.12156,-53.87806,259.244
7.97:  84.03912,-54.11209,259.5185
7.99:  83.9594,-54.3415,259.774
8:  83.87828,-54.57531,260.0231
8.02:  83.79878,-54.81137,260.2723
8.04:  83.71825,-55.04704,260.5278
8.05:  83.63704,-55.28134,260.7769
8.07:  83.55531,-55.5173,261.0324
8.09:  83.47604,-55.74935,261.288
8.1:  83.39619,-55.98278,261.5498
8.12:  83.31504,-56.22002,261.8116
8.15:  83.23663,-56.45197,262.1115
8.17:  83.15549,-56.68414,262.443
8.19:  83.07508,-56.91911,262.838
8.2:  83.00198,-57.14644,263.3343
8.22:  82.93128,-57.37301,263.9003
8.24:  82.86099,-57.60835,264.5044
8.25:  82.79752,-57.84117,265.1655
8.27:  82.74094,-58.07896,265.8583
8.29:  82.69179,-58.32187,266.5829
8.3:  82.65906,-58.57125,267.3707
8.32:  82.65958,-58.81397,268.1586
8.34:  82.66309,-59.00467,268.9465
8.35:  82.76884,-59.11919,269.7344
8.37:  83.00124,-59.15561,270.5222
8.39:  83.25121,-59.16132,271.3101
8.4:  83.50192,-59.17051,272.098
8.42:  83.7477,-59.1829,272.8859
8.44:  84.00025,-59.19911,273.6738
8.45:  84.25002,-59.2186,274.4616
8.47:  84.49773,-59.24136,275.2495
8.49:  84.74616,-59.26764,276.0374
8.5:  84.99324,-59.29721,276.8253
8.52:  85.24239,-59.32062,277.6132
8.54:  85.49453,-59.34283,278.401
8.55:  85.74399,-59.36336,279.1889
8.57:  85.995,-59.38257,279.9768
8.59:  86.24506,-59.39305,280.7647
8.6:  86.49957,-59.39461,281.5526
8.62:  86.74987,-59.39484,282.3404
8.64:  87.00589,-59.38838,283.1283
8.65:  87.25964,-59.36367,283.9099
8.67:  87.51433,-59.33609,284.6977
8.69:  87.77454,-59.29783,285.4856
8.7:  88.02308,-59.25931,286.2735
8.72:  88.26875,-59.22468,287.0613
8.74:  88.52344,-59.1901,287.8492
8.75:  88.77834,-59.15461,288.6371
8.77:  88.84229,-59.11362,289.425
8.79:  88.84235,-59.07019,290.2129
8.8:  88.84258,-59.02393,291.0008
8.82:  88.84308,-58.97041,291.7886
8.84:  88.84308,-58.91669,292.5765
8.85:  88.84308,-58.86367,293.3644
8.87:  88.84308,-58.81469,294.1523
8.89:  88.84308,-58.77088,294.9402
8.9:  88.84308,-58.73146,295.728
8.92:  88.84308,-58.6939,296.5159
8.94:  88.84308,-58.6608,297.3038
8.95:  88.84308,-58.63028,298.0853
8.97:  88.84308,-58.61253,298.8732
8.99:  88.84308,-58.61253,299.6611
9:  88.84308,-58.64183,300.4489
9.02:  88.84418,-58.70888,301.2368
9.04:  88.84891,-58.81872,302.0247
9.05:  88.85399,-58.95367,302.8126
9.07:  88.85459,-59.09064,303.6005
9.09:  88.87446,-59.29694,304.3883
9.1:  88.89748,-59.54212,305.1762
9.12:  88.88972,-59.78822,305.9641
9.14:  88.87836,-60.03909,306.752
9.15:  88.86391,-60.28374,307.5399
9.17:  88.82864,-60.54299,308.3277
9.19:  88.78911,-60.78436,309.1156
9.2:  88.7468,-61.03435,309.9035
9.22:  88.69477,-61.27648,310.6914
9.24:  88.64011,-61.52014,311.4792
9.25:  88.5827,-61.76052,312.2671
9.27:  88.51989,-62.0036,313.055
9.29:  88.44569,-62.24218,313.8429
9.3:  88.35616,-62.46764,314.6308
9.32:  88.25105,-62.68766,315.4186
9.34:  88.12743,-62.9056,316.2065
9.35:  87.98621,-63.12796,316.9944
9.37:  87.83984,-63.32519,317.7823
9.39:  87.67776,-63.51376,318.5702
9.4:  87.5028,-63.69296,319.358
9.42:  87.31728,-63.85732,320.1459
9.44:  87.11567,-64.02096,320.9338
9.45:  86.92416,-64.17209,321.7217
9.47:  86.72725,-64.32313,322.5096
9.49:  86.52618,-64.47302,323.2974
9.5:  86.32338,-64.6199,324.0853
9.52:  86.12165,-64.76182,324.8732
9.54:  85.9128,-64.90449,325.6611
9.55:  85.7049,-65.04237,326.4489
9.57:  85.4942,-65.17796,327.2368
9.59:  85.28129,-65.30243,328.0057
9.6:  85.05501,-65.41665,328.7302
9.62:  84.83232,-65.52562,329.442
9.64:  84.60049,-65.63276,330.1538
9.65:  84.3751,-65.73357,330.8593
9.67:  84.14186,-65.83453,331.5521
9.69:  83.91062,-65.93138,332.2323
9.7:  83.67714,-66.02605,332.887
9.72:  83.44734,-66.1162,333.5355
9.74:  83.20943,-66.20648,334.1776
9.75:  82.96712,-66.29546,334.7943
9.77:  82.73572,-66.37767,335.3984
9.79:  82.49909,-66.45911,335.9645
9.8:  82.26161,-66.53838,336.4988
9.82:  82.02847,-66.61652,336.9888
9.84:  81.78947,-66.69719,337.4218
9.85:  81.55162,-66.78352,337.804
9.87:  81.31934,-66.8689,338.1356
9.89:  81.08185,-66.95498,338.3911
9.9:  80.84192,-67.04116,338.5579
9.92:  80.6122,-67.1284,338.6422
9.94:  80.38179,-67.21575,338.6759
9.95:  80.14785,-67.30698,338.6969
9.97:  79.91496,-67.39779,338.6989
9.99:  79.68056,-67.48917,338.7009
10:  79.44647,-67.58043,338.7009
10.02:  79.21719,-67.66982,338.7009
10.04:  78.98215,-67.76146,338.7009
10.05:  78.74873,-67.85246,338.7009
10.07:  78.51582,-67.94326,338.7009
10.09:  78.27431,-68.03741,338.7009
10.1:  78.04816,-68.12559,338.7009
10.12:  77.82103,-68.17097,338.7009
10.14:  77.58365,-68.17097,338.7009
10.15:  77.3445,-68.17097,338.7009
10.17:  77.11544,-68.17097,338.7009
10.19:  76.88445,-68.17097,338.7009
10.2:  76.65356,-68.17097,338.7009
10.22:  76.42247,-68.17097,338.7009
10.24:  76.18626,-68.17097,338.7009
10.25:  75.95277,-68.17097,338.7009
10.27:  75.72276,-68.17097,338.7009
10.29:  75.48714,-68.17097,338.7009
10.3:  75.25394,-68.17097,338.7009
10.32:  75.0238,-68.17097,338.7009
10.34:  74.78806,-68.17097,338.7009
10.35:  74.55605,-68.17097,338.7009
10.37:  74.32249,-68.17097,338.7009
10.39:  74.08935,-68.17097,338.7009
10.4:  73.85692,-68.17097,338.7009
10.42:  73.61932,-68.17097,338.7009
10.44:  73.38757,-68.17097,338.7009
10.45:  73.15349,-68.17097,338.7009
10.47:  72.92381,-68.17097,338.7009
10.49:  72.69329,-68.17097,338.7009
10.5:  72.46174,-68.17097,338.7009
10.52:  72.21978,-68.17097,338.7009
10.54:  71.99286,-68.17097,338.7009
10.55:  71.76088,-68.17097,338.7009
10.57:  71.52769,-68.17097,338.7009
10.59:  71.28912,-68.17097,338.7009
10.6:  71.05844,-68.17097,338.7009
10.62:  70.83354,-68.17097,338.7009
10.64:  70.59016,-68.17097,338.7009
10.65:  70.35683,-68.17097,338.7009
10.67:  70.12723,-68.17097,338.7029
10.69:  69.89619,-68.17097,338.7048
10.7:  69.66609,-68.17097,338.7068
10.72:  69.43446,-68.17098,338.7151
10.74:  69.19854,-68.171,338.7234
10.75:  68.96534,-68.17101,338.7318
10.77:  68.7258,-68.17101,338.7337
10.79:  68.49935,-68.17101,338.7357
10.8:  68.26511,-68.17103,338.744
10.82:  68.03534,-68.17103,338.746
10.84:  67.7938,-68.17103,338.748
10.85:  67.56645,-68.17103,338.75
10.87:  67.33268,-68.17104,338.752
10.89:  67.10136,-68.17104,338.7603
10.9:  66.86806,-68.17105,338.7686
10.92:  66.63847,-68.17107,338.7769
10.94:  66.40194,-68.17109,338.7916
10.95:  66.16933,-68.17113,338.8253
10.97:  65.93595,-68.17124,338.9096
10.99:  65.70343,-68.17142,339.0447
11:  65.46891,-68.17166,339.2305
11.02:  65.23613,-68.17192,339.4289
11.04:  65.00039,-68.17221,339.6527
11.05:  64.75851,-68.17255,339.9082
11.07:  64.52711,-68.17297,340.2271
11.09:  64.28902,-68.17345,340.5967
11.1:  64.05225,-68.17403,341.036
11.12:  63.82142,-68.17462,341.4879
11.14:  63.57609,-68.17527,341.9716
11.15:  63.34327,-68.17597,342.4996
11.17:  63.10125,-68.17673,343.0657
11.19:  62.86694,-68.17751,343.6571
11.2:  62.62565,-68.17832,344.2612
11.22:  62.38646,-68.17915,344.8716
11.24:  62.14234,-68.17998,345.4883
11.25:  61.89604,-68.18082,346.1051
11.27:  61.65161,-68.18166,346.7219
11.29:  61.40964,-68.18248,347.3323
11.3:  61.16673,-68.18332,347.9427
11.32:  60.92628,-68.18416,348.5594
11.34:  60.67704,-68.18494,349.1255
11.35:  60.43147,-68.18562,349.6218
11.37:  60.18466,-68.18617,350.0294
11.39:  59.9381,-68.18645,350.2279
11.4:  59.69226,-68.18647,350.2426
11.42:  59.44773,-68.18648,350.2509
11.44:  59.20231,-68.18648,350.2655
11.45:  58.96041,-68.18648,350.2739
11.47:  58.71712,-68.18648,350.2822
11.49:  58.47822,-68.18648,350.2905
11.5:  58.23328,-68.18648,350.2925
11.52:  57.99464,-68.18648,350.2944
11.54:  57.74937,-68.18648,350.2964
11.55:  57.50814,-68.18648,350.2984
11.57:  57.27082,-68.18648,350.3004
11.59:  57.02649,-68.18648,350.3024
11.6:  56.79311,-68.18648,350.3107
11.62:  56.55817,-68.18648,350.3127
11.64:  56.32059,-68.18648,350.3146
11.65:  56.07668,-68.18648,350.3166
11.67:  55.84653,-68.18648,350.3186
11.69:  55.61617,-68.18648,350.3206
11.7:  55.3769,-68.18648,350.3226
11.72:  55.14384,-68.18648,350.3309
11.74:  54.90524,-68.18648,350.3329
11.75:  54.66985,-68.18648,350.3348
11.77:  54.43476,-68.18648,350.3368
11.79:  54.19778,-68.18648,350.3388
11.8:  53.96488,-68.18648,350.3408
11.82:  53.73034,-68.18648,350.3428
11.84:  53.48433,-68.18648,350.3448
11.85:  53.24884,-68.18648,350.3467
11.87:  53.01707,-68.18648,350.3487
11.89:  52.78643,-68.18648,350.3507
11.9:  52.55026,-68.18648,350.3507
11.92:  52.31989,-68.18648,350.3527
11.94:  52.08769,-68.18648,350.3527
11.95:  51.85749,-68.18648,350.3527
11.97:  51.62939,-68.18648,350.3527
11.99:  51.40464,-68.18648,350.3527
12:  51.18318,-68.18648,350.3507
12.02:  50.95815,-68.18648,350.3424
12.04:  50.72332,-68.18648,350.3404
12.05:  50.4996,-68.18648,350.3321
12.07:  50.27441,-68.18648,350.3301
12.09:  50.05391,-68.18648,350.3281
12.1:  49.82713,-68.18648,350.3261
12.12:  49.60154,-68.18648,350.3242
12.14:  49.3717,-68.18648,350.3242
12.15:  49.14587,-68.18648,350.3261
12.17:  48.91605,-68.18648,350.3281
12.19:  48.68375,-68.18648,350.3364
12.2:  48.45129,-68.18648,350.3511
12.22:  48.2225,-68.18648,350.3721
12.24:  47.98598,-68.18648,350.4058
12.25:  47.75709,-68.18648,350.4394
12.27:  47.52331,-68.18648,350.4731
12.29:  47.28176,-68.18648,350.5131
12.3:  47.05178,-68.18648,350.5531
12.32:  46.82253,-68.18648,350.5931
12.34:  46.59084,-68.18648,350.6331
12.35:  46.35558,-68.18648,350.6668
12.37:  46.11636,-68.18648,350.6688
12.39:  45.88975,-68.18648,350.6688
12.4:  45.64953,-68.18648,350.6688
12.42:  45.42007,-68.18648,350.6688
12.44:  45.18866,-68.18648,350.6688
12.45:  44.95894,-68.18648,350.6668
12.47:  44.72426,-68.18648,350.6585
12.49:  44.49185,-68.18648,350.6501
12.5:  44.25858,-68.18648,350.6418
12.52:  44.02683,-68.18648,350.6335
12.54:  43.78712,-68.18648,350.6252
12.55:  43.54924,-68.18648,350.6169
12.57:  43.31367,-68.18648,350.6086
12.59:  43.06605,-68.18648,350.6066
12.6:  42.83596,-68.18648,350.6046
12.62:  42.59915,-68.18648,350.6026
12.64:  42.36317,-68.18648,350.6006
12.65:  42.12326,-68.18648,350.5987
12.67:  41.88659,-68.18648,350.5967
12.69:  41.64924,-68.18648,350.5967
12.7:  41.40693,-68.18648,350.5967
12.72:  41.17377,-68.18648,350.5967
12.74:  40.93299,-68.18648,350.5967
12.75:  40.69059,-68.18648,350.5967
12.77:  40.4502,-68.18648,350.5967
12.79:  40.20513,-68.18648,350.5967
12.8:  39.96261,-68.18648,350.5967
12.82:  39.72397,-68.18648,350.5967
12.84:  39.47792,-68.18648,350.5967
12.85:  39.23762,-68.18648,350.5967
12.87:  38.99345,-68.18648,350.5967
12.89:  38.75142,-68.18648,350.5967
12.9:  38.50928,-68.18648,350.5967
12.92:  38.26586,-68.18648,350.5967
12.94:  38.01804,-68.18648,350.5967
12.95:  37.77287,-68.18648,350.5967
12.97:  37.52735,-68.18648,350.5967
12.99:  37.28209,-68.18648,350.5967
13:  37.03553,-68.18648,350.5967
13.02:  36.79184,-68.18648,350.5967
13.04:  36.54301,-68.18648,350.5967
13.05:  36.29628,-68.18696,350.5967
13.07:  36.04923,-68.18696,350.5967
13.09:  35.80251,-68.18696,350.5967
13.1:  35.55669,-68.18696,350.5987
13.12:  35.31137,-68.18696,350.5987
13.14:  35.05651,-68.18696,350.5987
13.15:  34.81491,-68.18697,350.607
13.17:  34.56955,-68.18699,350.6216
13.19:  34.32354,-68.18703,350.649
13.2:  34.07682,-68.18705,350.67
13.22:  33.82397,-68.1871,350.6973
13.24:  33.58295,-68.18713,350.7246
13.25:  33.33467,-68.18716,350.7456
13.27:  33.08879,-68.18719,350.7666
13.29:  32.8428,-68.18723,350.7876
13.3:  32.59499,-68.18725,350.8086
13.32:  32.35168,-68.18729,350.8423
13.34:  32.09599,-68.18733,350.8696
13.35:  31.84943,-68.18737,350.8969
13.37:  31.60517,-68.18742,350.9306
13.39:  31.36017,-68.18746,350.9643
13.4:  31.11346,-68.18751,350.998
13.42:  30.86992,-68.18757,351.038
13.44:  30.62274,-68.18764,351.0906
13.45:  30.3732,-68.18771,351.1497
13.47:  30.12624,-68.18782,351.2214
13.49:  29.87992,-68.18798,351.3374
13.5:  29.63239,-68.18822,351.5169
13.52:  29.38845,-68.18856,351.7597
13.54:  29.13688,-68.18896,352.0532
13.55:  28.88877,-68.18942,352.3848
13.57:  28.64067,-68.18995,352.7607
13.59:  28.38639,-68.19053,353.181
13.6:  28.14075,-68.19113,353.6139
13.62:  27.89751,-68.19174,354.0532
13.64:  27.64759,-68.19235,354.4988
13.65:  27.39025,-68.193,354.9572
13.67:  27.14718,-68.19363,355.4155
13.69:  26.89973,-68.19428,355.8801
13.7:  26.64869,-68.19492,356.3384
13.72:  26.40355,-68.19556,356.7967
13.74:  26.15143,-68.19621,357.2614
13.75:  25.90085,-68.19685,357.726
13.77:  25.65062,-68.19751,358.197
13.79:  25.40194,-68.1982,358.687
13.8:  25.15375,-68.19891,359.2024
13.82:  24.90382,-68.19967,359.743
13.84:  24.65154,-68.19836,0.2964261
13.85:  24.40081,-68.19464,0.8498031
13.87:  24.15085,-68.18852,1.40318
13.89:  23.90281,-68.18005,1.956557
13.9:  23.64298,-68.16866,2.509934
13.92:  23.39713,-68.1555,3.063311
13.94:  23.14733,-68.13971,3.616688
13.95:  22.90197,-68.12182,4.170065
13.97:  22.65552,-68.10146,4.723443
13.99:  22.40507,-68.07832,5.276819
14:  22.15595,-68.05289,5.830196
14.02:  21.91082,-68.02544,6.38991
14.04:  21.65935,-67.99481,6.943288
14.05:  21.4151,-67.96267,7.496665
14.07:  21.16728,-67.92762,8.050042
14.09:  20.91001,-67.8887,8.603419
14.1:  20.67359,-67.85059,9.156796
14.12:  20.41805,-67.80689,9.703836
14.14:  20.17324,-67.76265,10.24454
14.15:  19.93175,-67.71664,10.78524
14.17:  19.68709,-67.66767,11.3196
14.19:  19.44147,-67.61612,11.85396
14.2:  19.19838,-67.56275,12.38199
14.22:  18.95728,-67.50751,12.90368
14.24:  18.71165,-67.44888,13.42536
14.25:  18.46886,-67.38859,13.94705
14.27:  18.22706,-67.32619,14.46874
14.29:  17.98567,-67.26153,14.99677
14.3:  17.7473,-67.19534,15.51845
14.32:  17.50706,-67.12624,16.04648
14.34:  17.25804,-67.05215,16.56817
14.35:  17.02149,-66.97948,17.07718
14.37:  16.78439,-66.90434,17.58619
14.39:  16.54893,-66.8274,18.0952
14.4:  16.31131,-66.74744,18.59788
14.42:  16.07925,-66.66711,19.09421
14.44:  15.84059,-66.58217,19.59055
14.45:  15.606,-66.49638,20.08689
14.47:  15.37371,-66.40915,20.58322
14.49:  15.13797,-66.31828,21.07956
14.5:  14.9078,-66.22726,21.5759
14.52:  14.66918,-66.13053,22.06589
14.54:  14.44338,-66.0368,22.54321
14.55:  14.21286,-65.93886,23.02054
14.57:  13.9842,-65.83944,23.49786
14.59:  13.75593,-65.73793,23.97518
14.6:  13.52726,-65.63395,24.45251
14.62:  13.30531,-65.53081,24.92349
14.64:  13.07795,-65.42284,25.40082
14.65:  12.85215,-65.31337,25.86546
14.67:  12.62328,-65.20014,26.32377
14.69:  12.40218,-65.08857,26.77574
14.7:  12.18101,-64.9748,27.22137
14.72:  11.96134,-64.8597,27.65433
14.74:  11.73495,-64.73895,28.07461
14.75:  11.51554,-64.61996,28.46954
14.77:  11.29704,-64.49959,28.8518
14.79:  11.08399,-64.38038,29.22771
14.8:  10.86345,-64.2552,29.57827
14.82:  10.64985,-64.13233,29.90983
14.84:  10.43335,-64.00618,30.2287
14.85:  10.21295,-63.87621,30.52857
14.87:  10,-63.74922,30.80942
14.89:  9.786603,-63.62063,31.07125
14.9:  9.572572,-63.49043,31.31407
14.92:  9.363759,-63.36221,31.55055
14.94:  9.148885,-63.22909,31.7807
14.95:  8.939858,-63.09851,31.99183
14.97:  8.725166,-62.96337,32.19028
14.99:  8.51455,-62.82996,32.35071
15:  8.309483,-62.68477,32.49212
15.02:  8.113733,-62.53358,32.63988
15.04:  7.918356,-62.36934,32.78763
15.05:  7.733498,-62.20005,32.92904
15.07:  7.552383,-62.02348,33.07045
15.09:  7.377563,-61.83871,33.2182
15.1:  7.210345,-61.65251,33.35962
15.12:  7.042865,-61.46601,33.50104
15.14:  6.8734,-61.27272,33.64879
15.15:  6.699741,-61.07732,33.79654
15.17:  6.540013,-60.89322,33.94429
15.19:  6.374419,-60.70038,34.09204
15.2:  6.215243,-60.50683,34.2398
15.22:  6.057537,-60.31036,34.38755
15.24:  5.900834,-60.10915,34.53531
15.25:  5.746709,-59.91019,34.68306
15.27:  5.592563,-59.70995,34.85616
15.29:  5.440179,-59.51036,35.0863
15.3:  5.29346,-59.30969,35.3925
15.32:  5.156369,-59.10669,35.74306
15.34:  5.023547,-58.89268,36.16335
15.35:  4.896146,-58.67913,36.64701
15.37:  4.770867,-58.46467,37.17503
15.39:  4.645596,-58.24522,37.74742
15.4:  4.52717,-58.03089,38.32615
15.42:  4.41134,-57.81611,38.91121
15.44:  4.294749,-57.59454,39.49628
15.45:  4.182287,-57.3754,40.08134
15.47:  4.070223,-57.15356,40.66641
15.49:  3.960994,-56.92964,41.24514
15.5:  3.853086,-56.70485,41.82387
15.52:  3.750124,-56.48243,42.40894
15.54:  3.64745,-56.25456,42.99401
15.55:  3.546305,-56.02631,43.56639
15.57:  3.449193,-55.79903,44.11344
15.59:  3.354628,-55.5718,44.65413
15.6:  3.261662,-55.34254,45.17582
15.62:  3.171927,-55.11548,45.68483
15.64:  3.084023,-54.88463,46.18117
15.65:  2.998685,-54.65462,46.67117
15.67:  2.915548,-54.42493,47.12948
15.69:  2.832039,-54.19202,47.52441
15.7:  2.750822,-53.95999,47.73554
15.72:  2.669493,-53.73015,47.76287
15.74:  2.585904,-53.49372,47.77753
15.75:  2.500204,-53.26467,47.79218
15.77:  2.409188,-53.04072,47.8005
15.79:  2.311756,-52.81942,47.80248
15.8:  2.205877,-52.59631,47.80446
15.82:  2.096786,-52.37885,47.80446
15.84:  1.981618,-52.15606,47.80446
15.85:  1.856704,-51.9416,47.80446
15.87:  1.726549,-51.72869,47.80446
15.89:  1.596681,-51.51625,47.80446
15.9:  1.465336,-51.30139,47.80446
15.92:  1.337464,-51.09221,47.80446
15.94:  1.20608,-50.87729,47.80446
15.95:  1.075758,-50.6641,47.80446
15.97:  0.9453667,-50.45079,47.80446
15.99:  0.8159419,-50.23907,47.80446
16:  0.6852061,-50.02521,47.80446
16.02:  0.5585889,-49.81722,47.80446
16.04:  0.4269545,-49.60189,47.80446
16.05:  0.2983728,-49.39155,47.80446
16.07:  0.1697473,-49.18019,47.81277
16.09:  0.04030125,-48.9672,47.84645
16.1:  -0.08932327,-48.75415,47.92448
16.12:  -0.2171747,-48.54332,48.00886
16.14:  -0.3472164,-48.32795,48.11858
16.15:  -0.4760943,-48.1133,48.26
16.17:  -0.5980315,-47.89869,48.42043
16.19:  -0.7202881,-47.67795,48.61255
16.2:  -0.8394977,-47.45567,48.84269
16.22:  -0.9575719,-47.23809,49.10453
16.24:  -1.07577,-47.01217,49.42974
16.25:  -1.189846,-46.79059,49.80566
16.27:  -1.299505,-46.56709,50.23862
16.29:  -1.408784,-46.33537,50.71594
16.3:  -1.515864,-46.1081,51.27565
16.32:  -1.619679,-45.88147,51.89241
16.34:  -1.72122,-45.6468,52.56621
16.35:  -1.817336,-45.41708,53.25901
16.37:  -1.915261,-45.18113,53.9645
16.39:  -2.006878,-44.94592,54.68266
16.4:  -2.095905,-44.70852,55.40717
16.42:  -2.179959,-44.47538,56.138
16.44:  -2.263793,-44.23321,56.86884
16.45:  -2.343689,-43.99253,57.59967
16.47:  -2.419983,-43.75241,58.33685
16.49:  -2.49374,-43.50949,59.07403
16.5:  -2.561841,-43.26582,59.8112
16.52:  -2.62572,-43.02536,60.54838
16.54:  -2.687165,-42.77891,61.28555
16.55:  -2.744745,-42.53449,62.02907
16.57:  -2.79888,-42.29068,62.76624
16.59:  -2.851737,-42.03725,63.50343
16.6:  -2.899052,-41.79484,64.2406
16.62:  -2.943226,-41.55194,64.97778
16.64:  -2.984995,-41.30404,65.72129
16.65:  -3.023602,-41.05667,66.41409
16.67:  -3.059808,-40.80669,67.04353
16.69:  -3.093404,-40.55803,67.59057
16.7:  -3.124997,-40.30964,68.0362
16.72:  -3.156956,-40.06431,68.40578
16.74:  -3.195881,-39.81606,68.55988
16.75:  -3.236161,-39.57437,68.56186
16.77:  -3.278229,-39.32502,68.56384
16.79:  -3.324587,-39.07912,68.56582
16.8:  -3.373213,-38.83404,68.57413
16.82:  -3.424192,-38.59148,68.57612
16.84:  -3.480866,-38.3455,68.5781
16.85:  -3.546294,-38.09511,68.58009
16.87:  -3.607348,-37.86252,68.58207
16.89:  -3.672434,-37.61337,68.58405
16.9:  -3.73465,-37.37629,68.58603
16.92:  -3.800086,-37.13638,68.58801
16.94:  -3.863975,-36.89171,68.59
16.95:  -3.926805,-36.65106,68.59198
16.97:  -3.990836,-36.40692,68.59396
16.99:  -4.054611,-36.16373,68.59594
17:  -4.117241,-35.92352,68.6106
17.02:  -4.182524,-35.68378,68.61259
17.04:  -4.251906,-35.43835,68.61456
17.05:  -4.322506,-35.19746,68.62289
17.07:  -4.390756,-34.95578,68.6312
17.09:  -4.45859,-34.71534,68.64586
17.1:  -4.527027,-34.47252,68.66051
17.12:  -4.594129,-34.2342,68.67517
17.14:  -4.66299,-33.9893,68.69617
17.15:  -4.733109,-33.73956,68.71716
17.17:  -4.801509,-33.50443,68.73815
17.19:  -4.871848,-33.26229,68.75915
17.2:  -4.938371,-33.02436,68.78014
17.22:  -5.007536,-32.78552,68.80748
17.24:  -5.075944,-32.53994,68.83481
17.25:  -5.143404,-32.29712,68.87482
17.27:  -5.212352,-32.05684,68.94653
17.29:  -5.278234,-31.81685,69.04992
17.3:  -5.346972,-31.57277,69.22935
17.32:  -5.410769,-31.33337,69.47852
17.34:  -5.474507,-31.08852,69.81007
17.35:  -5.53852,-30.84476,70.24302
17.37:  -5.599884,-30.60213,70.76471
17.39:  -5.658799,-30.35757,71.41315
17.4:  -5.712222,-30.11139,72.15667
17.42:  -5.761533,-29.86806,72.94454
17.44:  -5.808744,-29.61745,73.73242
17.45:  -5.853586,-29.37401,74.5203
17.47:  -5.89617,-29.12356,75.30817
17.49:  -5.932342,-28.87575,76.09606
17.5:  -5.965285,-28.62608,76.88393
17.52:  -5.9896,-28.37891,77.67181
17.54:  -6.003766,-28.12349,78.45969
17.55:  -6.009466,-27.87038,79.24758
17.57:  -6.011687,-27.61696,80.03546
17.59:  -6.00801,-27.36354,80.82333
17.6:  -6.000458,-27.11151,81.61122
17.62:  -5.984804,-26.86269,82.39909
17.64:  -5.962839,-26.60818,83.18697
17.65:  -5.924241,-26.35142,83.97485
17.67:  -5.872094,-26.11593,84.76274
17.69:  -5.790767,-25.8804,85.55061
17.7:  -5.673867,-25.66476,86.33849
17.72:  -5.52219,-25.4739,87.12637
17.74:  -5.347203,-25.29827,87.86355
17.75:  -5.157803,-25.14425,88.55636
17.77:  -4.948035,-25.0059,89.19213
17.79:  -4.723437,-24.8974,89.77719
17.8:  -4.479982,-24.83225,90.27353
17.82:  -4.232788,-24.80862,90.69382
17.84:  -3.979764,-24.81298,90.98734
17.85:  -3.729776,-24.81807,91.16678
17.87:  -3.480531,-24.82368,91.28918
17.89:  -3.231772,-24.83189,91.32919
17.9:  -2.981401,-24.87724,91.35018
17.92:  -2.736147,-24.94601,91.36484
17.95:  -2.484571,-25.0191,91.37315
17.97:  -2.235579,-25.09392,91.37513
17.99:  -1.987367,-25.16608,91.38345
18:  -1.73903,-25.23829,91.38543
18.02:  -1.490209,-25.31064,91.38742
18.04:  -1.237095,-25.38425,91.3894
18.05:  -0.9935196,-25.45752,91.39139
18.07:  -0.7451456,-25.52977,91.39338
18.09:  -0.4979382,-25.60418,91.4017
18.1:  -0.2410937,-25.6815,91.40368
18.12:  -0.0008174479,-25.75385,91.40567
18.14:  0.2539462,-25.82803,91.40765
18.15:  0.4936172,-25.89782,91.40964
18.17:  0.7417462,-25.97009,91.41163
18.19:  0.982061,-26.06425,91.41361
18.2:  1.221817,-26.1616,91.41559
18.22:  1.44809,-26.25321,91.41757
18.24:  1.61476,-26.32231,91.42589
18.25:  1.710709,-26.37206,91.4342
18.27:  1.710217,-26.39168,91.43619
18.29:  1.710217,-26.39168,91.45084
18.3:  1.705133,-26.39155,91.47183
18.32:  1.656615,-26.39029,91.49283
18.34:  1.542786,-26.38728,91.51382
18.35:  1.355906,-26.38227,91.53482
18.37:  1.122865,-26.37597,91.54948
18.39:  0.8729069,-26.3692,91.55146
18.4:  0.6248576,-26.36247,91.55344
18.42:  0.4420754,-26.32478,91.55344
18.44:  0.4009177,-26.17882,91.55344
18.45:  0.4077831,-25.92566,91.55344
18.47:  0.4147561,-25.66854,91.55344
18.49:  0.4308751,-25.4258,91.55344
18.5:  0.4571832,-25.17709,91.55344
18.52:  0.4934228,-24.92756,91.55344
18.54:  0.5437509,-24.68153,91.55344
18.55:  0.6148561,-24.43339,91.55344
18.57:  0.6939322,-24.19362,91.55344
18.59:  0.7786385,-23.95622,91.55344
18.6:  0.8685655,-23.72264,91.55344
18.62:  0.9713364,-23.49507,91.55344
18.64:  1.083519,-23.27826,91.55344
18.65:  1.207906,-23.0528,91.55344
18.67:  1.340346,-22.84581,91.55344
18.69:  1.480106,-22.65031,91.55344
18.7:  1.63353,-22.46406,91.55344
18.72:  1.804537,-22.29256,91.55344
18.74:  1.984477,-22.13162,91.55344
18.75:  2.175478,-21.97943,91.55344
18.77:  2.369811,-21.83146,91.55344
18.79:  2.564644,-21.69164,91.55344
18.8:  2.773018,-21.55503,91.55344
18.82:  2.9943,-21.44574,91.55344
18.84:  3.219036,-21.34565,91.55344
18.85:  3.456312,-21.25079,91.55344
18.87:  3.703342,-21.16824,91.55344
18.89:  3.944717,-21.10939,91.55344
18.9:  4.18888,-21.06071,91.55344
18.92:  4.437433,-21.03586,91.55344
18.94:  4.686126,-21.03286,91.55344
18.95:  4.936268,-21.03473,91.55146
18.97:  5.188665,-21.03655,91.5368
18.99:  5.438488,-21.03823,91.50947
19:  5.6885,-21.03969,91.45679
19.02:  5.937373,-21.04082,91.38509
19.04:  6.186418,-21.04162,91.30705
19.05:  6.439035,-21.04209,91.22902
19.07:  6.689193,-21.04218,91.14465
19.09:  6.937242,-21.04183,91.04126
19.1:  7.189517,-21.04101,90.93787
19.12:  7.437943,-21.03976,90.83448
19.14:  7.685998,-21.03803,90.72476
19.15:  7.939404,-21.03578,90.61504
19.17:  8.189742,-21.03308,90.50532
19.19:  8.439474,-21.02502,90.39558
19.2:  8.689112,-21.01647,90.28586
19.22:  8.940733,-21.00511,90.2205
19.24:  9.187013,-20.99154,90.21217
19.25:  9.439651,-20.97758,90.20386
19.27:  9.689642,-20.96376,90.20187
19.29:  9.94061,-20.94987,90.1999
19.3:  10.19077,-20.93602,90.19791
19.32:  10.43907,-20.92227,90.19594
19.34:  10.68805,-20.90847,90.19395
19.35:  10.93859,-20.89948,90.19198
19.37:  11.19033,-20.89786,90.19198
19.39:  11.43857,-20.89868,90.19
19.4:  11.69734,-20.89953,90.18801
19.42:  11.94461,-20.90034,90.18801
19.44:  12.18713,-20.90113,90.18604
19.45:  12.43987,-20.90194,90.18406
19.47:  12.68694,-20.90274,90.18406
19.49:  12.94015,-20.90354,90.18208
19.5:  13.18959,-20.90434,90.18208
19.52:  13.44047,-20.90512,90.18009
19.54:  13.68722,-20.9059,90.18009
19.55:  13.93904,-20.90668,90.17812
19.57:  14.18746,-20.90745,90.17613
19.59:  14.44803,-20.90824,90.17416
19.6:  14.69391,-20.90898,90.17217
19.62:  14.9441,-20.90973,90.17217
19.64:  15.18686,-20.91046,90.17217
19.65:  15.44065,-20.91122,90.17217
19.67:  15.6899,-20.91201,90.18049
19.69:  15.93731,-20.9132,90.27754
19.7:  16.18992,-20.91522,90.45699
19.72:  16.4368,-20.91843,90.74416
19.74:  16.68642,-20.9232,91.09473
19.75:  16.94702,-20.92994,91.48332
19.77:  17.19156,-20.93807,91.9036
19.79:  17.44022,-20.94822,92.33656
19.8:  17.68954,-20.96028,92.76952
19.82:  17.93924,-20.97425,93.20247
19.84:  18.1859,-20.98965,93.57204
19.85:  18.43834,-21.00645,93.80853
19.87:  18.69378,-21.02386,93.89924
19.89:  18.93762,-21.04057,93.92023
19.9:  19.1863,-21.05768,93.93488
19.92:  19.43602,-21.07489,93.9432
19.94:  19.68089,-21.09181,93.95152
19.95:  19.94032,-21.10463,93.9535
19.97:  20.18242,-21.11186,93.95548
19.99:  20.43211,-21.11932,93.95747
20:  20.69441,-21.12717,93.95944
20.02:  20.93732,-21.13444,93.96143
20.04:  21.18509,-21.14187,93.96341
20.05:  21.43634,-21.14696,93.96539
20.07:  21.68535,-21.15444,93.96738
20.09:  21.94357,-21.16221,93.96935
20.1:  22.18636,-21.16953,93.97134
20.12:  22.4436,-21.17728,93.97331
20.14:  22.6904,-21.18474,93.9753
20.15:  22.93754,-21.18978,93.9753
20.17:  23.18434,-21.19724,93.97728
20.19:  23.43657,-21.20487,93.97926
20.2:  23.68373,-21.21236,93.98124
20.22:  23.93676,-21.22004,93.98322
20.24:  24.18286,-21.22751,93.9852
20.25:  24.43659,-21.23523,93.98718
20.27:  24.68672,-21.24284,93.98916
20.29:  24.93355,-21.25036,93.99115
20.3:  25.18646,-21.25808,93.99313
20.32:  25.43752,-21.26332,94.00145
20.34:  25.68407,-21.27088,94.00343
20.35:  25.93697,-21.27865,94.00541
20.37:  26.18699,-21.28389,94.0074
20.39:  26.43516,-21.2891,94.00937
20.4:  26.68847,-21.29443,94.01135
20.42:  26.93882,-21.30216,94.01334
20.44:  27.1855,-21.30736,94.01532
20.45:  27.44548,-21.3154,94.0173
20.47:  27.68889,-21.32056,94.01928
20.49:  27.93903,-21.32586,94.02126
20.5:  28.1898,-21.33119,94.02325
20.52:  28.4403,-21.33652,94.02522
20.54:  28.68623,-21.34417,94.02721
20.55:  28.93989,-21.35207,94.02919
20.57:  29.19005,-21.35989,94.03751
20.59:  29.43781,-21.36522,94.03949
20.6:  29.68946,-21.37312,94.04147
20.62:  29.94026,-21.38099,94.04345
20.64:  30.18784,-21.38634,94.04543
20.65:  30.4368,-21.39417,94.04741
20.67:  30.69992,-21.39988,94.0494
20.69:  30.94562,-21.40763,94.05137
20.7:  31.19185,-21.4154,94.05336
20.72:  31.44204,-21.42085,94.05534
20.74:  31.68804,-21.42863,94.05732
20.75:  31.94204,-21.43419,94.0593
20.77:  32.19127,-21.43965,94.06128
20.79:  32.44197,-21.44515,94.06326
20.8:  32.69181,-21.45064,94.06525
20.82:  32.94249,-21.45616,94.06723
20.84:  33.18896,-21.464,94.06921
20.85:  33.44296,-21.46961,94.07119
20.87:  33.69853,-21.47777,94.07317
20.89:  33.94629,-21.48325,94.07516
20.9:  34.19979,-21.48888,94.07713
20.92:  34.44464,-21.49432,94.07912
20.94:  34.6925,-21.49983,94.08109
20.95:  34.94551,-21.50795,94.08308
20.97:  35.19488,-21.50377,94.08308
20.99:  35.44577,-21.50202,94.08506
21:  35.69654,-21.49784,94.08704
21.02:  35.94699,-21.49367,94.08902
21.04:  36.19497,-21.48955,94.08902
21.05:  36.44843,-21.48534,94.091
21.07:  36.70021,-21.48116,94.091
21.09:  36.94988,-21.47701,94.091
21.1:  37.19994,-21.47286,94.091
21.12:  37.44871,-21.46869,94.08269
21.14:  37.70216,-21.46441,94.07438
21.15:  37.96272,-21.45996,94.06605
21.19:  38.21177,-21.46289,94.03872
21.2:  38.45711,-21.47026,93.96703
21.22:  38.70494,-21.48683,93.82561
21.24:  38.95132,-21.50245,93.62716
21.25:  39.20123,-21.51715,93.36533
21.27:  39.4609,-21.53088,93.02744
21.29:  39.70675,-21.54213,92.61984
21.3:  39.95364,-21.55123,92.11083
21.32:  40.11084,-21.65446,91.44337
21.34:  40.10799,-21.90396,90.65549
21.35:  40.10857,-22.1536,89.86761
21.37:  40.1126,-22.40508,89.07973
21.39:  40.12011,-22.65663,88.29185
21.4:  40.13091,-22.90439,87.50398
21.42:  40.14533,-23.1558,86.71609
21.44:  40.16311,-23.40558,85.92822
21.45:  40.18402,-23.65153,85.14034
21.47:  40.20888,-23.90289,84.35246
21.49:  40.23662,-24.14881,83.56458
21.5:  40.26352,-24.40051,82.7767
21.52:  40.29342,-24.64804,81.98883
21.54:  40.32447,-24.89681,81.20094
21.55:  40.34413,-25.14416,80.41307
21.57:  40.36522,-25.39662,79.62519
21.59:  40.38728,-25.64842,78.83731
21.6:  40.41258,-25.89772,78.04943
21.62:  40.44128,-26.14636,77.26156
21.64:  40.45708,-26.40333,76.47367
21.65:  40.45957,-26.66606,75.68579
21.67:  40.46077,-26.91518,74.89792
21.69:  40.46321,-27.17474,74.11004
21.7:  40.46923,-27.43429,73.32217
21.72:  40.46241,-27.6994,72.53428
21.74:  40.42923,-27.96421,71.74641
21.75:  40.38641,-28.23642,70.95852
21.77:  40.33522,-28.49435,70.17065
21.79:  40.27845,-28.75386,69.38277
21.8:  40.2127,-29.008,68.59489
21.82:  40.13388,-29.25734,67.80701
21.84:  40.03814,-29.50333,67.01913
21.85:  39.9337,-29.73917,66.23125
21.87:  39.81656,-29.97811,65.44337
21.89:  39.69053,-30.20788,64.65549
21.9:  39.56329,-30.43612,63.86761
21.92:  39.421,-30.65244,63.07973
21.94:  39.27262,-30.86429,62.29185
21.95:  39.09992,-31.06157,61.50397
21.97:  38.91161,-31.24412,60.7161
21.99:  38.71674,-31.42109,59.92822
22:  38.52935,-31.58014,59.14035
22.02:  38.33278,-31.73881,58.35247
22.04:  38.12968,-31.8853,57.56459
22.05:  37.92044,-32.02234,56.77671
22.07:  37.71529,-32.16077,55.98884
22.09:  37.50837,-32.30454,55.20729
22.1:  37.30667,-32.44868,54.45111
22.12:  37.10392,-32.5975,53.72027
22.14:  36.90514,-32.74718,53.02112
22.15:  36.70898,-32.89863,52.32831
22.17:  36.51251,-33.05412,51.64183
22.19:  36.30973,-33.21856,50.9617
22.2:  36.12509,-33.37198,50.27523
22.22:  35.93362,-33.53497,49.59509
22.24:  35.74428,-33.70005,48.91496
22.25:  35.5608,-33.8639,48.23483
22.27:  35.3739,-34.03483,47.55469
22.29:  35.19341,-34.20388,46.87455
22.3:  35.01336,-34.37657,46.19442
22.32:  34.83328,-34.55345,45.51429
22.34:  34.65625,-34.73151,44.83415
22.35:  34.48484,-34.90805,44.15402
22.37:  34.31049,-35.09195,43.47388
22.39:  34.1404,-35.27568,42.79375
22.4:  33.97487,-35.46143,42.11361
22.42:  33.97417,-35.64836,41.43348
22.44:  33.97345,-35.83544,40.75335
22.45:  33.97273,-36.02625,40.07321
22.47:  33.972,-36.22288,39.39308
22.49:  33.97126,-36.41725,38.71294
22.5:  33.97052,-36.61481,38.03281
22.52:  33.96976,-36.81048,37.34634
22.54:  33.96899,-37.01336,36.65986
22.55:  33.96823,-37.21347,35.97973
22.57:  33.96745,-37.4206,35.29326
22.59:  33.96666,-37.62366,34.60678
22.6:  33.96587,-37.84061,33.92031
22.62:  33.96507,-38.04615,33.23384
22.64:  33.96427,-38.25174,32.54736
22.65:  33.96347,-38.46901,31.86723
22.67:  33.96265,-38.67999,31.18076
22.69:  33.96046,-38.8951,30.49429
22.7:  33.95755,-39.11779,29.81415
22.72:  33.95599,-39.34628,29.12768
22.74:  33.95299,-39.57723,28.43487
22.75:  33.95138,-39.80621,27.74206
22.77:  33.94976,-40.04369,27.05558
22.79:  33.94959,-40.2758,26.36277
22.8:  33.94721,-40.51483,25.66362
22.82:  33.94482,-40.75798,24.96448
22.84:  33.94313,-41.00047,24.25899
22.85:  33.94294,-41.23978,23.55984
22.87:  33.94124,-41.48825,22.85436
22.89:  33.94029,-41.73161,22.14887
22.9:  33.94007,-41.98596,21.43705
22.92:  33.93909,-42.2267,20.71889
22.94:  33.93735,-42.4754,19.99438
22.95:  33.93636,-42.71973,19.26988
22.97:  33.93611,-42.96951,18.53905
22.99:  33.93435,-43.21815,17.80821
23:  33.93335,-43.46778,17.07737
23.02:  33.93309,-43.71703,16.3402
23.04:  33.93283,-43.96737,15.60302
23.05:  33.93258,-44.22508,14.86584
23.07:  33.93258,-44.46405,14.12867
23.09:  33.93258,-44.71151,13.39149
23.1:  33.93258,-44.95929,12.65432
23.12:  33.93258,-45.20601,11.92348
23.14:  33.93258,-45.45258,11.18631
23.15:  33.93258,-45.69728,10.44279
23.17:  33.93258,-45.94751,9.743643
23.19:  33.93258,-46.20211,9.11421
23.2:  33.93258,-46.44175,8.611538
23.22:  33.93258,-46.68919,8.311676
23.24:  33.93258,-46.93675,8.208289
23.25:  33.93258,-47.18021,8.155606
23.27:  33.93254,-47.43056,8.128274
23.29:  33.93251,-47.67865,8.107279
23.3:  33.93251,-47.92658,8.107279
23.32:  33.93251,-48.17307,8.121936
23.34:  33.93251,-48.41869,8.212647
23.35:  33.93251,-48.66539,8.379414
23.37:  33.93251,-48.91504,8.558855
23.39:  33.93251,-49.16246,8.750973
23.4:  33.93251,-49.40982,8.943091
23.42:  33.93251,-49.65343,9.141545
23.44:  33.93251,-49.90335,9.34
23.45:  33.93251,-50.14661,9.538456
23.47:  33.93251,-50.3964,9.736911
23.49:  33.93251,-50.64251,9.941705
23.5:  33.93195,-50.8896,10.14016
23.52:  33.88717,-51.134,10.38298
23.54:  33.84095,-51.37976,10.65115
23.55:  33.79383,-51.62342,10.94468
23.57:  33.74459,-51.87056,11.26989
23.59:  33.69432,-52.11486,11.62679
23.6:  33.64188,-52.36135,12.00905
23.62:  33.5882,-52.60479,12.43566
23.64:  33.53252,-52.84668,12.96369
23.65:  33.47437,-53.0874,13.58044
23.67:  33.4118,-53.33345,14.26692
23.69:  33.34785,-53.57258,14.9724
23.7:  33.27709,-53.82437,15.6969
23.72:  33.20862,-54.05643,16.44042
23.74:  33.13448,-54.29605,17.19027
23.75:  33.05792,-54.53227,17.95913
23.77:  32.97763,-54.7691,18.728
23.79:  32.89456,-55.00371,19.49686
23.8:  32.80756,-55.23935,20.26573
23.82:  32.71805,-55.47211,21.03459
23.84:  32.62517,-55.70428,21.80346
23.85:  32.53015,-55.93287,22.57233
23.87:  32.42998,-56.165,23.34119
23.89:  32.32607,-56.39717,24.11006
23.9:  32.23337,-56.62579,24.87892
23.92:  32.14546,-56.85961,25.64779
23.94:  32.06673,-57.10118,26.41665
23.95:  31.99686,-57.34329,27.19186
23.97:  31.92813,-57.58815,27.96706
23.99:  31.85616,-57.83172,28.7486
24:  31.78847,-58.07592,29.53014
24.02:  31.72228,-58.31961,30.30534
24.04:  31.67588,-58.57234,31.08688
24.05:  31.62936,-58.81639,31.86843
24.07:  31.57941,-59.06468,32.65631
24.09:  31.52858,-59.31148,33.43784
24.1:  31.47278,-59.55436,34.21939
24.12:  31.41359,-59.79664,35.00727
24.14:  31.35318,-60.03917,35.78881
24.15:  31.29711,-60.28183,36.57669
24.17:  31.24347,-60.53333,37.35823
24.19:  31.1846,-60.78177,38.14611
24.2:  31.12322,-61.02589,38.92765
24.22:  31.06175,-61.26535,39.71553
24.24:  30.99595,-61.50783,40.50341
24.25:  30.92784,-61.7458,41.29128
24.27:  30.85411,-61.99073,42.07282
24.29:  30.7783,-62.23065,42.85436
24.3:  30.69505,-62.4716,43.64224
24.32:  30.59368,-62.70416,44.43012
24.34:  30.46232,-62.92123,45.21801
24.35:  30.31177,-63.12036,46.00588
24.37:  30.1434,-63.30537,46.78742
24.39:  29.95016,-63.48198,47.5753
24.4:  29.7712,-63.6411,48.35684
24.42:  29.57953,-63.80714,49.10035
24.44:  29.39152,-63.96645,49.72345
24.45:  29.20028,-64.12592,50.17542
24.47:  29.00768,-64.28526,50.39922
24.49:  28.81308,-64.44602,50.43923
24.5:  28.62125,-64.6045,50.43923
24.52:  28.42723,-64.7649,50.41823
24.54:  28.23409,-64.92549,50.2578
24.55:  28.0461,-65.08407,49.85019
24.57:  27.84913,-65.25423,49.1764
24.59:  27.66482,-65.41794,48.38852
24.6:  27.48275,-65.58418,47.60064
24.62:  27.303,-65.75291,46.81276
24.64:  27.11487,-65.93442,46.02488
24.65:  26.94206,-66.10581,45.237
24.67:  26.76978,-66.28143,44.44912
24.69:  26.597,-66.46248,43.66124
24.7:  26.41964,-66.65352,42.87336
24.72:  26.25685,-66.83378,42.08549
24.74:  26.09177,-67.02169,41.29761
24.75:  25.93118,-67.20966,40.50973
24.77:  25.76297,-67.39669,39.72185
24.79:  25.59281,-67.58006,38.93397
24.8:  25.42038,-67.76375,38.14609
24.82:  25.25139,-67.94881,37.35821
24.84:  25.08394,-68.13733,36.57033
24.85:  24.92227,-68.13949,35.78246
24.87:  24.75637,-68.13979,34.99458
24.89:  24.58209,-68.14059,34.2067
24.9:  24.41986,-68.14059,33.41882
24.92:  24.25556,-68.14059,32.63095
24.94:  24.08628,-68.14059,31.84307
24.95:  23.91878,-68.14082,31.05519
24.97:  23.74377,-68.14161,30.26731
24.99:  23.56664,-68.14305,29.47943
25:  23.39221,-68.14305,28.69155
25.02:  23.21761,-68.14305,27.90367
25.04:  23.03597,-68.14418,27.1158
25.05:  22.85643,-68.14463,26.32791
25.07:  22.66869,-68.14561,25.54004
25.09:  22.47795,-68.14629,24.75216
25.1:  22.29863,-68.14677,23.96428
25.12:  22.1133,-68.14677,23.1764
25.14:  21.92698,-68.14677,22.38852
25.15:  21.74869,-68.14677,21.60065
25.17:  21.56478,-68.14745,20.81277
25.19:  21.37295,-68.14821,20.02489
25.2:  21.1819,-68.14871,19.23701
25.22:  20.99412,-68.14871,18.44913
25.24:  20.806,-68.14871,17.66125
25.25:  20.62583,-68.14871,16.87337
25.27:  20.43545,-68.14871,16.0855
25.29:  20.24596,-68.14871,15.29762
25.3:  20.05929,-68.14871,14.50974
25.32:  19.87309,-68.14871,13.72186
25.34:  19.69249,-68.14871,12.93398
25.35:  19.50572,-68.14871,12.1461
25.37:  19.32594,-68.14871,11.35823
25.39:  19.14106,-68.14871,10.57034
25.4:  18.95827,-68.14871,9.782467
25.42:  18.77908,-68.14871,8.994588
25.44:  18.60084,-68.14871,8.20671
25.45:  18.42341,-68.14871,7.41883
25.47:  18.24188,-68.14871,6.630952
25.49:  18.06018,-68.14871,5.843073
25.5:  17.87541,-68.14871,5.055194
25.52:  17.69492,-68.14871,4.267316
25.54:  17.51309,-68.14871,3.479436
25.55:  17.32347,-68.14871,2.691558
25.57:  17.13021,-68.1492,1.903679
25.59:  16.94781,-68.15018,1.1158
25.6:  16.75653,-68.15121,0.3279214
25.62:  16.56106,-68.15256,359.54
25.64:  16.35542,-68.15716,358.7522
25.65:  16.14279,-68.16018,357.9643
25.67:  15.92294,-68.16766,357.1764
25.69:  15.69449,-68.17118,356.3885
25.7:  15.4658,-68.1718,355.6006
25.72:  15.22637,-68.1728,354.8128
25.74:  14.98975,-68.17552,354.0249
25.75:  14.75409,-68.17669,353.2433
25.77:  14.50145,-68.18026,352.4681
25.79:  14.27098,-68.18153,351.7246
25.8:  14.02717,-68.18518,351.0065
25.82:  13.77823,-68.18656,350.3137
25.84:  13.53288,-68.18656,349.6652
25.85:  13.29005,-68.18656,349.0358
25.87:  13.04127,-68.18656,348.419
25.89:  12.79757,-68.18656,347.8276
25.9:  12.55537,-68.18656,347.2426
25.92:  12.30187,-68.18656,346.6828
25.94:  12.06371,-68.18656,346.1422
25.95:  11.82481,-68.18656,345.6395
25.97:  11.58295,-68.18656,345.2065
25.99:  11.34188,-68.18656,344.9764
26:  11.09895,-68.18656,344.9973
26.02:  10.8536,-68.18656,345.1831
26.04:  10.60518,-68.18656,345.54
26.05:  10.36009,-68.18656,346.0047
26.07:  10.11028,-68.18684,346.5834
26.09:  9.866388,-68.1878,347.2382
26.1:  9.614981,-68.19028,347.9627
26.12:  9.368492,-68.19292,348.7506
26.14:  9.116549,-68.19566,349.5385
26.15:  8.868395,-68.19858,350.3263
26.17:  8.604728,-68.19296,351.1142
26.19:  8.367305,-68.18193,351.9021
26.2:  8.113595,-68.15687,352.69
26.22:  7.865354,-68.11874,353.4778
26.24:  7.625442,-68.06467,354.2657
26.25:  7.390556,-68.00436,355.0536
26.27:  7.153061,-67.92931,355.8415
26.29:  6.92904,-67.84752,356.6294
26.3:  6.695097,-67.74844,357.4172
26.32:  6.477014,-67.64187,358.2051
26.34:  6.257785,-67.52614,358.993
26.35:  6.049531,-67.40036,359.7809
26.37:  5.831153,-67.2602,0.5687581
26.39:  5.632817,-67.11944,1.356637
26.4:  5.450751,-66.97257,2.138178
26.42:  5.267412,-66.81403,2.926057
26.44:  5.094045,-66.64028,3.713935
26.45:  4.928696,-66.46507,4.501814
26.47:  4.763721,-66.2829,5.289694
26.49:  4.603594,-66.09839,6.077572
26.5:  4.450645,-65.90919,6.865451
26.52:  4.303728,-65.71671,7.646992
26.54:  4.163739,-65.52214,8.434871
26.55:  4.02876,-65.32605,9.22275
26.57:  3.893385,-65.12347,10.01063
26.59:  3.76523,-64.91949,10.79851
26.6:  3.636863,-64.71548,11.58639
26.62:  3.511587,-64.51015,12.37427
26.64:  3.388208,-64.30154,13.16215
26.65:  3.266073,-64.0884,13.95002
26.67:  3.151666,-63.88222,14.7379
26.69:  3.039936,-63.67418,15.52578
26.7:  2.928285,-63.45552,16.31366
26.72:  2.819335,-63.23854,17.10154
26.74:  2.716357,-63.02238,17.88942
26.75:  2.613403,-62.80247,18.6773
26.77:  2.510005,-62.57352,19.45884
26.79:  2.415828,-62.3571,20.24672
26.8:  2.323975,-62.13783,21.03459
26.82:  2.234355,-61.91535,21.82247
26.84:  2.148209,-61.69279,22.60402
26.85:  2.064344,-61.46694,23.39189
26.87:  1.980592,-61.23693,24.17344
26.89:  1.894015,-61.0097,24.96131
26.9:  1.808421,-60.77542,25.74919
26.92:  1.726986,-60.55288,26.53707
26.94:  1.644241,-60.32713,27.32495
26.95:  1.56024,-60.09829,28.11283
26.97:  1.472854,-59.8661,28.9007
26.99:  1.385911,-59.64606,29.68859
27:  1.297599,-59.42817,30.47646
27.02:  1.208334,-59.20842,31.258
27.04:  1.114324,-58.98654,32.04588
27.05:  1.019894,-58.7677,32.80841
27.07:  0.9227367,-58.54339,33.53291
27.09:  0.8241001,-58.31117,34.25108
27.1:  0.7284471,-58.08704,34.94388
27.12:  0.6301373,-57.86857,35.59867
27.14:  0.5283839,-57.64468,36.17106
27.15:  0.4187233,-57.41996,36.65472
27.17:  0.31627,-57.20648,37.03064
27.19:  0.2042442,-56.97317,37.27979
27.2:  0.1005548,-56.75278,37.47191
27.22:  -0.003189683,-56.53345,37.61333
27.24:  -0.1062053,-56.31255,37.66601
27.25:  -0.2102787,-56.09179,37.68701
27.27:  -0.3224303,-55.8591,37.70166
27.29:  -0.42454,-55.64228,37.70998
27.3:  -0.530493,-55.41728,37.71196
27.32:  -0.6357486,-55.19374,37.71395
27.34:  -0.7395818,-54.97052,37.72226
27.35:  -0.8413396,-54.75167,37.73058
27.37:  -0.9462133,-54.52597,37.74524
27.39:  -1.051075,-54.30268,37.77258
27.4:  -1.158632,-54.07329,37.80625
27.42:  -1.264591,-53.84691,37.84626
27.44:  -1.367633,-53.62629,37.8926
27.45:  -1.467471,-53.40951,37.93895
27.47:  -1.576035,-53.17602,37.99163
27.49:  -1.677503,-52.9572,38.05066
27.5:  -1.78183,-52.7316,38.10968
27.52:  -1.885137,-52.50754,38.17504
27.54:  -1.988749,-52.28221,38.23407
27.55:  -2.090823,-52.05948,38.30576
27.57:  -2.193292,-51.8323,38.39013
27.59:  -2.295893,-51.60628,38.51253
27.6:  -2.397341,-51.38093,38.69197
27.62:  -2.496522,-51.15595,38.87775
27.64:  -2.59662,-50.92928,39.10155
27.65:  -2.694636,-50.70482,39.33804
27.67:  -2.792535,-50.47808,39.57453
27.69:  -2.889572,-50.24788,39.81101
27.7:  -2.986472,-50.01532,40.04749
27.72:  -3.081174,-49.7883,40.28397
27.74:  -3.1736,-49.56436,40.50145
27.75:  -3.265861,-49.33881,40.68089
27.77:  -3.360325,-49.10579,40.86033
27.79:  -3.45243,-48.87976,41.00808
27.8:  -3.544377,-48.64984,41.13048
27.82:  -3.636271,-48.41863,41.25288
27.84:  -3.725411,-48.18991,41.37528
27.85:  -3.814445,-47.96307,41.49768
27.87:  -3.905567,-47.72922,41.63909
27.89:  -3.994531,-47.49908,41.79318
27.9:  -4.08383,-47.26629,41.94093
27.92:  -4.170336,-47.03589,42.08869
27.94:  -4.256018,-46.80588,42.23644
27.95:  -4.33977,-46.57927,42.38419
27.97:  -4.425323,-46.34593,42.53194
27.99:  -4.509202,-46.11541,42.67336
28:  -4.592781,-45.88409,42.80209
28.02:  -4.675601,-45.65325,42.93084
28.04:  -4.758337,-45.421,43.05957
28.05:  -4.839082,-45.19272,43.18832
28.07:  -4.91632,-44.95603,43.31705
28.09:  -4.986775,-44.72071,43.44579
28.1:  -5.056735,-44.48521,43.56819
28.12:  -5.126732,-44.24763,43.69693
28.14:  -5.195038,-44.01386,43.82567
28.15:  -5.263699,-43.77689,43.95441
28.17:  -5.330952,-43.54253,44.10216
28.19:  -5.400208,-43.29882,44.24991
28.2:  -5.465765,-43.06544,44.42302
28.22:  -5.529691,-42.82718,44.60246
28.24:  -5.594401,-42.59011,44.84528
28.25:  -5.656883,-42.35631,45.15148
28.27:  -5.720047,-42.11424,45.48936
28.29:  -5.780429,-41.87645,45.86528
28.3:  -5.838529,-41.64041,46.28556
28.32:  -5.895385,-41.40095,46.75655
28.34:  -5.952237,-41.15723,47.26556
28.35:  -6.00408,-40.91959,47.80626
28.37:  -6.054939,-40.67489,48.37231
28.39:  -6.063303,-40.43573,48.96372
28.4:  -6.06479,-40.18926,49.55512
28.42:  -6.064935,-39.94887,50.15286
28.44:  -6.065749,-39.70398,50.74427
28.45:  -6.067236,-39.46516,51.32933
28.47:  -6.068019,-39.2106,51.89539
28.49:  -6.068068,-38.96996,52.42341
28.5:  -6.069385,-38.72503,52.88173
28.52:  -6.069897,-38.4808,53.2513
28.54:  -6.070296,-38.23557,53.53849
28.55:  -6.070296,-37.99492,53.76229
28.57:  -6.070874,-37.74586,53.95441
28.59:  -6.071079,-37.50032,54.10217
28.6:  -6.07124,-37.25371,54.21823
28.62:  -6.071322,-37.00943,54.27724
28.64:  -6.071322,-36.7662,54.29824
28.65:  -6.071363,-36.52126,54.30656
28.67:  -6.071366,-36.27139,54.30854
28.69:  -6.071366,-36.02944,54.31052
28.7:  -6.071369,-35.78173,54.31052
28.72:  -6.071372,-35.53327,54.3125
28.74:  -6.071372,-35.28764,54.3125
28.75:  -6.071372,-35.03759,54.31448
28.77:  -6.071371,-34.79863,54.31448
28.79:  -6.071371,-34.5539,54.31448
28.8:  -6.071371,-34.3009,54.31448
28.82:  -6.071371,-34.06041,54.31448
28.84:  -6.071371,-33.8147,54.31448
28.85:  -6.071374,-33.57346,54.31448
28.87:  -6.071374,-33.32874,54.31448
28.89:  -6.071374,-33.08389,54.31448
28.9:  -6.071374,-32.8364,54.31448
28.92:  -6.071374,-32.59083,54.31448
28.94:  -6.071374,-32.34424,54.31448
28.95:  -6.071374,-32.10313,54.31448
28.97:  -6.071374,-31.85561,54.31448
28.99:  -6.071374,-31.60925,54.31448
29:  -6.071374,-31.3639,54.31448
29.02:  -6.071374,-31.11866,54.31448
29.04:  -6.071374,-30.87153,54.31448
29.05:  -6.071374,-30.62937,54.31448
29.07:  -6.071374,-30.38179,54.31448
29.09:  -6.071374,-30.13686,54.31448
29.1:  -6.071375,-29.89083,54.31448
29.12:  -6.071375,-29.64352,54.31448
29.14:  -6.071377,-29.39907,54.31646
29.15:  -6.071377,-29.15625,54.31844
29.17:  -6.0714,-28.90979,54.33309
29.19:  -6.071401,-28.65519,54.35408
29.2:  -6.071467,-28.41527,54.38142
29.22:  -6.071514,-28.16659,54.41508
29.24:  -6.071514,-27.92655,54.47411
29.25:  -6.071705,-27.68187,54.55214
29.27:  -6.071831,-27.43522,54.64286
29.29:  -6.071957,-27.18882,54.73357
29.3:  -6.071957,-26.94329,54.82427
29.32:  -6.071957,-26.70066,54.91499
29.34:  -6.071957,-26.45782,55.0057
29.35:  -6.071957,-26.21688,55.10275
29.37:  -6.071958,-25.9702,55.23148
29.39:  -6.071958,-25.72919,55.40459
29.4:  -6.071958,-25.48507,55.59037
29.42:  -6.071958,-25.24444,55.84587
29.44:  -6.071958,-25.0023,56.20277
29.45:  -6.071958,-24.7558,56.63572
29.47:  -6.071958,-24.51039,57.17643
29.49:  -6.071958,-24.26476,57.78684
29.5:  -6.071958,-24.01919,58.46065
29.52:  -6.073149,-23.77531,59.14712
29.54:  -6.074106,-23.53197,59.83358
29.55:  -6.074713,-23.28534,60.5264
29.57:  -6.075644,-23.03932,61.19385
29.59:  -6.07572,-22.78799,61.7599
29.6:  -6.07572,-22.54809,62.18652
29.62:  -6.076363,-22.30656,62.48638
29.64:  -6.076363,-22.06147,62.64048
29.65:  -6.076363,-21.82158,62.71851
29.67:  -6.076363,-21.57497,62.76486
29.69:  -6.076363,-21.33749,62.80487
29.7:  -6.076363,-21.08444,62.84488
29.72:  -6.076363,-20.8501,62.89122
29.74:  -6.076363,-20.60741,62.93757
29.75:  -6.076363,-20.36452,63.02195
29.77:  -6.076363,-20.11368,63.18237
29.79:  -6.076554,-19.87864,63.39351
29.8:  -6.07691,-19.63464,63.649
29.82:  -6.077338,-19.38958,63.9552
29.84:  -6.078145,-19.1475,64.28675
29.85:  -6.078272,-18.90598,64.62464
29.87:  -6.077315,-18.66279,64.96253
29.89:  -6.074968,-18.42153,65.29408
29.9:  -6.072581,-18.1773,65.54324
29.92:  -6.068711,-17.9266,65.62128
29.94:  -6.066045,-17.69034,65.62959
29.95:  -6.06232,-17.4535,65.63792
29.97:  -6.05952,-17.20923,65.6399
29.99:  -6.056707,-16.96466,65.64189
30:  -6.053908,-16.72193,65.64387
30.02:  -6.049984,-16.48129,65.6712
30.04:  -6.04668,-16.23627,65.75558
30.05:  -6.042708,-15.9972,65.93501
30.07:  -6.037475,-15.75022,66.19685
30.09:  -6.030785,-15.50722,66.56008
30.1:  -6.022322,-15.2653,66.9867
30.12:  -6.0109,-15.02269,67.43233
30.14:  -5.998738,-14.78324,67.89063
30.15:  -5.984419,-14.54023,68.35529
30.17:  -5.968157,-14.29449,68.76923
30.19:  -5.950967,-14.05272,69.05007
30.2:  -5.932926,-13.8101,69.23586
30.22:  -5.912753,-13.55951,69.33924
30.24:  -5.894293,-13.32146,69.41727
30.25:  -5.874541,-13.08418,69.49531
30.27:  -5.855262,-12.84404,69.57335
30.29:  -5.833008,-12.59898,69.65138
30.3:  -5.812766,-12.35551,69.73576
30.32:  -5.792044,-12.11382,69.88351
30.34:  -5.768274,-11.87197,70.07563
30.35:  -5.745509,-11.6285,70.32479
30.37:  -5.720899,-11.38855,70.59296
30.39:  -5.693504,-11.14644,70.91817
30.4:  -5.665943,-10.89571,71.25607
30.42:  -5.638822,-10.66169,71.59395
30.44:  -5.609335,-10.41975,71.93185
30.45:  -5.578445,-10.18375,72.19367
30.47:  -5.548431,-9.933047,72.33509
30.49:  -5.519131,-9.698129,72.37511
30.5:  -5.491859,-9.462317,72.3961
30.52:  -5.462818,-9.222873,72.42342
30.54:  -5.435313,-8.987013,72.45076
30.55:  -5.408429,-8.749102,72.48443
30.57:  -5.380667,-8.506138,72.55612
30.59:  -5.349301,-8.258582,72.72923
30.6:  -5.321169,-8.027709,72.98472
30.62:  -5.287856,-7.78557,73.34162
30.64:  -5.253479,-7.548217,73.74922
30.65:  -5.217003,-7.308773,74.1695
30.67:  -5.180965,-7.069132,74.58978
30.69:  -5.142941,-6.828305,75.01007
30.7:  -5.102997,-6.584663,75.34795
30.72:  -5.063794,-6.350142,75.52739
30.74:  -5.023668,-6.110801,75.55473
30.75:  -4.983882,-5.880056,75.58205
30.77:  -4.942944,-5.643303,75.60939
30.79:  -4.902673,-5.405191,75.63673
30.8:  -4.861506,-5.168928,75.68307
30.82:  -4.82073,-4.931595,75.78645
30.84:  -4.775199,-4.685071,75.97224
30.85:  -4.733921,-4.45514,76.21507
30.87:  -4.688905,-4.21172,76.51493
30.89:  -4.644785,-3.985612,76.84013
30.9:  -4.596918,-3.742395,77.17169
30.92:  -4.548794,-3.505137,77.50324
30.94:  -4.500119,-3.271955,77.82845
30.95:  -4.450506,-3.039722,78.09663
30.97:  -4.396128,-2.800983,78.33945
30.99:  -4.343736,-2.565404,78.57594
31:  -4.290318,-2.329807,78.81242
31.02:  -4.234042,-2.090811,79.04891
31.04:  -4.180065,-1.861427,79.27905
31.05:  -4.124528,-1.629707,79.51553
31.07:  -4.066702,-1.392758,79.75201
31.09:  -4.008714,-1.159438,79.99484
31.1:  -3.949369,-0.9248016,80.23133
31.12:  -3.889183,-0.6918684,80.52485
31.14:  -3.826984,-0.4612748,80.89442
31.15:  -3.761451,-0.2299837,81.32738
31.17:  -3.694606,0.003531709,81.77301
31.19:  -3.625402,0.2419278,82.22499
31.2:  -3.55817,0.4668898,82.67696
31.22:  -3.487129,0.694557,83.12894
31.24:  -3.414559,0.9241132,83.58091
31.25:  -3.340612,1.148827,84.01386
31.27:  -3.263617,1.380328,84.43414
31.29:  -3.183854,1.614743,84.82907
31.3:  -3.106397,1.837418,85.21767
31.32:  -3.025424,2.065529,85.5809
31.34:  -2.941249,2.291586,85.93147
31.35:  -2.853401,2.516919,86.28202
31.37:  -2.763013,2.741741,86.63894
31.39:  -2.672438,2.963108,86.98949
31.4:  -2.576172,3.197166,87.34006
31.42:  -2.483416,3.418894,87.68428
31.44:  -2.3889,3.641002,88.03485
31.45:  -2.29306,3.862451,88.38541
31.47:  -2.194727,4.08583,88.74232
31.49:  -2.095357,4.307873,89.09289
31.5:  -1.994675,4.529141,89.44979
31.52:  -1.889329,4.75695,89.80035
31.54:  -1.788424,4.969443,90.13824
31.55:  -1.684407,5.185136,90.48247
31.57:  -1.57559,5.409861,90.82036
31.59:  -1.468894,5.624598,91.15824
31.6:  -1.361567,5.837447,91.49614
31.62:  -1.251865,6.05414,91.83401
31.64:  -1.140742,6.270466,92.17191
31.65:  -1.026314,6.49003,92.5098
31.67:  -0.9141586,6.699984,92.84769
31.69:  -0.799297,6.911985,93.18558
31.7:  -0.685001,7.122139,93.52347
31.72:  -0.5621755,7.344895,93.85502
31.74:  -0.4458154,7.553013,94.19292
31.75:  -0.3278468,7.761117,94.53079
31.77:  -0.2054378,7.974117,94.86868
31.79:  -0.08387682,8.182783,95.20657
31.8:  0.04395282,8.399264,95.54446
31.82:  0.1665226,8.60407,95.88235
31.84:  0.2940805,8.814385,96.22024
31.85:  0.4178984,9.013918,96.55814
31.87:  0.546515,9.220446,96.89602
31.89:  0.6764706,9.426406,97.23391
31.9:  0.8074844,9.629478,97.56545
31.92:  0.9437828,9.838029,97.90335
31.94:  1.07345,10.0339,98.24124
31.95:  1.207208,10.23526,98.57912
31.97:  1.34319,10.4355,98.91702
31.99:  1.482737,10.64033,99.24857
32:  1.62048,10.84002,99.58012
32.02:  1.759151,11.03854,99.91801
32.04:  1.902948,11.23423,100.2559
32.05:  2.052481,11.42618,100.5874
32.07:  2.206182,11.62127,100.9
32.09:  2.36111,11.81242,101.1872
32.1:  2.516339,12.00019,101.4743
32.12:  2.673531,12.1884,101.7615
32.14:  2.830722,12.37471,102.0487
32.15:  2.990897,12.55932,102.3359
32.17:  3.154237,12.74568,102.6231
32.19:  3.316442,12.92712,102.9103
32.2:  3.47855,13.10663,103.1975
32.22:  3.65286,13.29957,103.4846
32.24:  3.81155,13.47347,103.7718
32.25:  3.978752,13.65171,104.059
32.27:  4.151534,13.82919,104.3462
32.29:  4.323664,14.00128,104.6271
32.3:  4.50558,14.17359,104.9079
32.32:  4.685415,14.34227,105.1887
32.34:  4.868348,14.50584,105.4633
32.35:  5.050034,14.6667,105.7441
32.37:  5.234,14.82446,106.0186
32.39:  5.418756,14.97514,106.2931
32.4:  5.604197,15.1249,106.5676
32.42:  5.791825,15.27236,106.8421
32.44:  5.979962,15.41878,107.1167
32.45:  6.167911,15.56357,107.3975
32.47:  6.360473,15.7079,107.6784
32.49:  6.561475,15.85521,107.9529
32.5:  6.754237,15.99277,108.202
32.52:  6.952116,16.13208,108.4448
32.54:  7.15252,16.27021,108.6687
32.55:  7.346526,16.40291,108.8734
32.57:  7.547623,16.53782,109.0402
32.59:  7.748209,16.6677,109.1499
32.6:  7.955655,16.80192,109.1709
32.62:  8.152661,16.92751,109.1919
32.64:  8.35154,17.05601,109.2066
32.65:  8.55256,17.18172,109.2276
32.67:  8.762094,17.30408,109.2422
32.69:  8.971579,17.42416,109.2632
32.7:  9.185289,17.54259,109.2779
32.72:  9.397759,17.65633,109.2925
32.74:  9.622431,17.77243,109.3072
32.75:  9.832452,17.8809,109.3218
32.77:  10.04745,17.99187,109.3365
32.79:  10.2625,18.10277,109.3575
32.8:  10.47907,18.21435,109.3785
32.82:  10.69385,18.32494,109.3931
32.84:  10.91047,18.4364,109.4078
32.85:  11.12305,18.54572,109.4224
32.87:  11.34117,18.65782,109.4371
32.89:  11.55728,18.76881,109.4518
32.9:  11.77088,18.87656,109.4664
32.92:  11.98989,18.98498,109.4811
32.94:  12.20634,19.09016,109.4957
32.95:  12.42044,19.19413,109.5104
32.97:  12.64052,19.30094,109.525
32.99:  12.85813,19.40263,109.5397
33:  13.07752,19.50509,109.5544
33.02:  13.29428,19.60625,109.569
33.04:  13.51415,19.70498,109.5837
33.05:  13.74008,19.80047,109.5983
33.07:  13.96232,19.89257,109.6066
33.09:  14.18703,19.98018,109.615
33.1:  14.41469,20.06517,109.6296
33.12:  14.64062,20.14945,109.6443
33.14:  14.86894,20.23091,109.6526
33.15:  15.09705,20.31227,109.6609
33.17:  15.33007,20.3953,109.6756
33.19:  15.56028,20.47727,109.6902
33.2:  15.78808,20.5567,109.7049
33.22:  16.02286,20.6385,109.7195
33.24:  16.25353,20.7184,109.7342
33.25:  16.48157,20.79573,109.7488
33.27:  16.71634,20.87161,109.7635
33.29:  16.95359,20.94304,109.7718
33.3:  17.18863,21.00405,109.7801
33.32:  17.43911,21.06457,109.7948
33.34:  17.67774,21.12285,109.8094
33.35:  17.92016,21.17992,109.8241
33.37:  18.17602,21.23869,109.8324
33.39:  18.41809,21.29215,109.8471
33.4:  18.66272,21.34611,109.8617
33.42:  18.90747,21.40003,109.8764
33.44:  19.15582,21.45334,109.891
33.45:  19.40041,21.50706,109.912
33.47:  19.659,21.5624,109.9267
33.49:  19.90449,21.61619,109.9413
33.5:  20.14589,21.66902,109.956
33.52:  20.39422,21.71986,109.9643
33.54:  20.64126,21.76824,109.979
33.55:  20.88409,21.8157,110
33.57:  21.14041,21.86573,110.0146
33.59:  21.38409,21.91323,110.0293
33.6:  21.63044,21.96119,110.0439
33.62:  21.87536,22.0088,110.0586
33.64:  22.11995,22.05631,110.0669
33.65:  22.36678,22.10204,110.0816
33.67:  22.61475,22.14576,110.0962
33.69:  22.86067,22.1912,110.1109
33.7:  23.10579,22.23431,110.1192
33.72:  23.35526,22.27371,110.1338
33.74:  23.59592,22.30736,110.1485
33.75:  23.83661,22.33979,110.1632
33.77:  24.08596,22.37226,110.1778
33.79:  24.32398,22.40208,110.1925
33.8:  24.56697,22.43248,110.2008
33.82:  24.81142,22.4619,110.2091
33.84:  25.05641,22.48806,110.2174
33.85:  25.30552,22.51129,110.2321
33.87:  25.5553,22.53452,110.2467
33.89:  25.80804,22.55689,110.2614
33.9:  26.06124,22.57494,110.276
33.92:  26.31515,22.58622,110.2907
33.94:  26.56725,22.58732,110.3054
33.95:  26.81346,22.57084,110.3137
33.97:  27.06744,22.54767,110.322
33.99:  27.32446,22.52351,110.3367
34:  27.57877,22.48938,110.3513
34.02:  27.83004,22.45079,110.366
34.04:  28.08141,22.40724,110.3806
34.05:  28.32607,22.35755,110.3953
34.07:  28.57504,22.30192,110.41
34.09:  28.81731,22.24527,110.4246
34.1:  29.06145,22.18058,110.4392
34.12:  29.30296,22.10372,110.4602
34.14:  29.53886,22.02606,110.4686
34.15:  29.77327,21.94626,110.4832
34.17:  30.02091,21.86459,110.4979
34.19:  30.25483,21.78738,110.5125
34.2:  30.48713,21.71064,110.5272
34.22:  30.72369,21.63242,110.5418
34.24:  30.97123,21.56629,110.5565
34.25:  31.21431,21.51371,110.5712
34.27:  31.46859,21.47366,110.5858
34.29:  31.7227,21.43843,110.6005
34.3:  31.97673,21.4133,110.6151
34.32:  32.2295,21.38887,110.6298
34.34:  32.48248,21.36436,110.6444
34.35:  32.73433,21.33925,110.6591
34.37:  32.99103,21.31425,110.6737
34.39:  33.24129,21.29045,110.6884
34.4:  33.49739,21.27155,110.703
34.42:  33.7434,21.2564,110.7114
34.44:  33.99121,21.24343,110.7197
34.45:  34.23387,21.2284,110.728
34.47:  34.48388,21.21286,110.7427
34.49:  34.73428,21.19959,110.7573
34.5:  34.98431,21.18627,110.772
34.52:  35.23336,21.17297,110.7803
34.54:  35.49032,21.15918,110.7949
34.55:  35.73217,21.14617,110.8033
34.57:  35.98241,21.1327,110.8052
34.59:  36.22816,21.11943,110.8136
34.6:  36.47969,21.10581,110.8219
34.62:  36.72816,21.09235,110.8239
34.64:  36.97744,21.07884,110.8259
34.65:  37.2238,21.06545,110.8342
34.67:  37.47576,21.05175,110.8362
34.69:  37.72553,21.03813,110.8445
34.7:  37.97499,21.02452,110.8465
34.72:  38.22279,21.01099,110.8484
34.74:  38.4763,20.99714,110.8504
34.75:  38.71864,20.98389,110.8524
34.77:  38.97268,20.96999,110.8544
34.79:  39.22063,20.95643,110.8544
34.8:  39.47056,20.94821,110.8544
34.82:  39.71959,20.94463,110.8544
34.84:  39.96708,20.94107,110.8544
34.85:  40.2174,20.93747,110.8544
34.87:  40.47116,20.93383,110.8544
34.89:  40.72104,20.93023,110.8544
34.9:  40.97209,20.92663,110.8544
34.92:  41.21921,20.9208,110.8524
34.94:  41.47736,20.91561,110.8441
34.95:  41.72213,20.90992,110.8358
34.97:  41.97127,20.90645,110.8275
34.99:  42.22081,20.90072,110.8191
35:  42.46798,20.89507,110.8108
35.02:  42.71915,20.89169,110.8025
35.04:  42.96356,20.88618,110.7942
35.05:  43.21589,20.88285,110.7859
35.07:  43.4674,20.87731,110.7649
35.09:  43.7177,20.87431,110.7185
35.1:  43.96806,20.86928,110.6531
35.12:  44.21574,20.86464,110.5751
35.14:  44.469,20.86078,110.3766
35.15:  44.7141,20.85816,110.1148
35.17:  44.97236,20.85681,109.8023
35.19:  45.21555,20.85697,109.4644
35.2:  45.46598,20.85867,109.1138
35.22:  45.7199,20.862,108.7506
35.24:  45.96826,20.86689,108.3747
35.25:  46.21447,20.8756,108.0051
35.27:  46.46208,20.8837,107.6292
35.29:  46.71845,20.8961,107.2596
35.3:  46.96444,20.90722,106.9154
35.32:  47.21021,20.91956,106.6282
35.34:  47.46288,20.93549,106.4234
35.35:  47.71079,20.95404,106.2756
35.37:  47.9642,20.97333,106.2039
35.39:  48.21296,20.99557,106.1703
35.4:  48.46239,21.02026,106.1493
35.42:  48.71951,21.04577,106.1346
35.44:  48.96358,21.06779,106.1263
35.45:  49.20956,21.09224,106.1243
35.47:  49.46176,21.11732,106.1223
35.49:  49.71668,21.14268,106.1203
35.5:  49.96436,21.16732,106.1184
35.52:  50.21058,21.19186,106.11
35.54:  50.46542,21.21727,106.1081
35.55:  50.70953,21.24161,106.1061
35.57:  50.95871,21.26647,106.1041
35.59:  51.20731,21.29131,106.0958
35.6:  51.45792,21.31865,106.0938
35.62:  51.70774,21.34821,106.0855
35.64:  51.9592,21.37572,106.0772
35.65:  52.20588,21.40498,106.0688
35.67:  52.46689,21.43598,106.0605
35.69:  52.71048,21.46494,106.0522
35.7:  52.9626,21.49496,106.0439
35.72:  53.22111,21.52581,106.0292
35.74:  53.46798,21.55305,106.0209
35.75:  53.71441,21.58026,106.0189
35.77:  53.96323,21.60773,106.0189
35.79:  54.21323,21.6353,106.0272
35.8:  54.46389,21.66279,106.0609
35.82:  54.71407,21.69002,106.1073
35.84:  54.96535,21.71714,106.1599
35.85:  55.21197,21.74355,106.2063
35.87:  55.46476,21.77042,106.2526
35.89:  55.71523,21.79689,106.2863
35.9:  55.96531,21.82323,106.3073
35.92:  56.21531,21.84956,106.3073
35.94:  56.46597,21.87597,106.3053
35.95:  56.71283,21.90199,106.3033
35.97:  56.96722,21.93114,106.295
35.99:  57.21811,21.95991,106.293
36:  57.46949,21.98877,106.2847
36.02:  57.7195,22.01748,106.2827
36.04:  57.97135,22.04411,106.2827
36.05:  58.21761,22.07014,106.2847
36.07:  58.47175,22.09694,106.2994
36.09:  58.72204,22.12314,106.3457
36.1:  58.97203,22.14901,106.4111
36.12:  59.22162,22.17452,106.4828
36.14:  59.47419,22.20002,106.5545
36.15:  59.72006,22.22453,106.6262
36.17:  59.98041,22.25019,106.6915
36.19:  60.22774,22.27444,106.7188
36.2:  60.47431,22.29858,106.7272
36.22:  60.73555,22.32653,106.7272
36.24:  60.97904,22.35037,106.7291
36.25:  61.22753,22.37694,106.7291
36.27:  61.47944,22.40388,106.7291
36.29:  61.73074,22.43076,106.7291
36.3:  61.98102,22.45526,106.7291
36.32:  62.23086,22.47971,106.7291
36.34:  62.48013,22.50637,106.7291
36.35:  62.7295,22.53078,106.7291
36.37:  62.98335,22.55562,106.7311
36.39:  63.23304,22.58005,106.7311
36.4:  63.4795,22.60416,106.7311
36.42:  63.74429,22.63007,106.7311
36.44:  63.99017,22.65413,106.7311
36.45:  64.23907,22.67848,106.7311
36.47:  64.48695,22.70274,106.7311
36.49:  64.73666,22.72717,106.7311
36.5:  64.9875,22.75171,106.7311
36.52:  65.23488,22.77592,106.7311
36.54:  65.48965,22.80084,106.7311
36.55:  65.73543,22.82489,106.7311
36.57:  65.9895,22.84975,106.7311
36.59:  66.2396,22.87422,106.7311
36.6:  66.48779,22.89168,106.7311
36.62:  66.73881,22.90846,106.7311
36.64:  66.98715,22.90809,106.7311
36.65:  67.237,22.90101,106.7311
36.67:  67.50306,22.8798,106.7311
36.69:  67.75031,22.84344,106.7311
36.7:  67.98846,22.78931,106.7311
36.72:  68.23034,22.7166,106.7311
36.74:  68.47009,22.64453,106.7311
36.75:  68.70485,22.57396,106.7311
36.77:  68.94868,22.50065,106.7331
36.8:  69.1924,22.42731,106.7478
36.82:  69.4267,22.3564,106.8385
36.84:  69.66711,22.28279,107.0243
36.85:  69.90234,22.2093,107.3495
36.87:  70.1403,22.13304,107.7697
36.89:  70.38688,22.05147,108.3041
36.9:  70.61665,21.97251,108.9652
36.92:  70.84981,21.88925,109.6517
36.94:  71.08289,21.80282,110.3445
36.95:  71.31941,21.71182,111.0437
36.97:  71.54904,21.62021,111.7491
36.99:  71.78279,21.52352,112.4736
37:  72.01192,21.42526,113.2108
37.02:  72.24731,21.32072,113.948
37.04:  72.4715,21.21764,114.6915
37.05:  72.69666,21.11059,115.4287
37.07:  72.92776,21.0213,116.1659
37.09:  73.17018,20.94768,116.903
37.1:  73.41653,20.88497,117.6466
37.12:  73.66158,20.8309,118.3901
37.14:  73.90945,20.799,119.1336
37.15:  74.15829,20.78131,119.8708
37.17:  74.39793,20.77082,120.6143
37.19:  74.64784,20.76084,121.3958
37.2:  74.89806,20.76606,122.1837
37.22:  75.14192,20.77386,122.9716
37.24:  75.38711,20.78572,123.7594
37.25:  75.63518,20.80277,124.5473
37.27:  75.87397,20.82113,125.3352
37.29:  76.11707,20.84314,126.1231
37.3:  76.35555,20.87357,126.911
37.32:  76.5986,20.90824,127.6988
37.34:  76.83849,20.9426,128.4867
37.35:  77.08233,20.97581,129.2746
37.37:  77.32063,21.00836,130.0625
37.39:  77.56638,21.04204,130.8503
37.4:  77.80893,21.07188,131.6382
37.42:  78.05191,21.09839,132.4261
37.44:  78.29655,21.12168,133.214
37.45:  78.54114,21.14157,134.0018
37.47:  78.78147,21.1578,134.7897
37.49:  79.03568,21.17338,135.5776
37.5:  79.2748,21.18474,136.3655
37.52:  79.51915,21.19299,137.1534
37.54:  79.75646,21.19773,137.9413
37.55:  80.00343,21.19926,138.7291
37.57:  80.24458,21.19562,139.517
37.59:  80.48936,21.18856,140.3049
37.6:  80.73344,21.1747,141.0928
37.62:  80.97729,21.15401,141.8806
37.64:  81.22231,21.1315,142.6685
37.65:  81.46652,21.104,143.4564
37.67:  81.70437,21.07389,144.2443
37.69:  81.94939,21.03945,145.0322
37.7:  82.19353,20.99988,145.8201
37.72:  82.43441,20.95572,146.6079
37.74:  82.67139,20.90539,147.3958
37.75:  82.9068,20.84669,148.1837
37.77:  83.13956,20.77635,148.9716
37.79:  83.37553,20.69608,149.7594
37.8:  83.61109,20.60444,150.5473
37.82:  83.83017,20.51005,151.3352
37.84:  84.04337,20.40841,152.1231
37.85:  84.23335,20.29044,152.9109
37.87:  84.40199,20.16543,153.6988
37.89:  84.55237,20.02298,154.4867
37.9:  84.69164,19.87906,155.2619
37.92:  84.82596,19.73455,155.9801
37.94:  84.94576,19.59946,156.6222
37.95:  85.03506,19.47467,157.1375
37.97:  85.09181,19.35688,157.5134
37.99:  85.12099,19.28639,157.5134
38:  85.12099,19.28639,157.5134
38.02:  85.12099,19.28639,157.5134
38.04:  85.12099,19.28639,157.5134
38.05:  85.12099,19.28639,157.5154
38.07:  85.12099,19.28639,157.5154
38.09:  85.12099,19.28639,157.5154
38.1:  85.12099,19.28639,157.5154
38.12:  85.12099,19.28639,157.5154
38.14:  85.12099,19.28639,157.5154
38.15:  85.12099,19.28639,157.5154
38.17:  85.12099,19.28639,157.5154
38.19:  85.12099,19.28639,157.5154
38.2:  85.12099,19.28639,157.5154
38.22:  85.12099,19.28639,157.5154
38.24:  85.12099,19.28639,157.5174
38.25:  85.12099,19.28639,157.5174
38.27:  85.12099,19.28639,157.5174
38.29:  85.12099,19.28639,157.5174
38.3:  85.12099,19.28639,157.5194
38.32:  85.12099,19.28639,157.5194
38.34:  85.12099,19.28639,157.5194
38.35:  85.12099,19.28639,157.5194
38.37:  85.12099,19.28639,157.5194
38.39:  85.12099,19.28639,157.5194
38.4:  85.12099,19.28639,157.5194
38.42:  85.12099,19.28639,157.5194
38.44:  85.12099,19.28639,157.5194
38.45:  85.12099,19.28639,157.5194
38.47:  85.12099,19.28639,157.5194
38.49:  85.12099,19.28639,157.5194
38.5:  85.12099,19.28639,157.5194
38.52:  85.12099,19.28639,157.5194
38.54:  85.12099,19.28639,157.5194
38.55:  85.12099,19.28639,157.5194
38.57:  85.12099,19.28639,157.5194
38.59:  85.12099,19.28639,157.5194
38.6:  85.12099,19.28639,157.5194
38.62:  85.12099,19.28639,157.5194
38.64:  85.12099,19.28639,157.5194
38.65:  85.12099,19.28639,157.5194
38.67:  85.12099,19.28639,157.5194
38.69:  85.12099,19.28639,157.5194
38.7:  85.12099,19.28639,157.5194
38.72:  85.12099,19.28639,157.5194
38.74:  85.12099,19.28639,157.5194
38.75:  85.12099,19.28639,157.5194
38.77:  85.12099,19.28639,157.5194
38.79:  85.12099,19.28639,157.5194
38.8:  85.12099,19.28639,157.5194
38.82:  85.12099,19.28639,157.5194
38.84:  85.12099,19.28639,157.5194
38.85:  85.12099,19.28639,157.5194
38.87:  85.12099,19.28639,157.5194
38.89:  85.12099,19.28639,157.5194
38.9:  85.12099,19.28639,157.5194
38.92:  85.12099,19.28639,157.5194
38.94:  85.12099,19.28639,157.5194
38.95:  85.12099,19.28639,157.5194
38.97:  85.12099,19.28639,157.5194
38.99:  85.12099,19.28639,157.5194
39:  85.12099,19.28639,157.5194
39.02:  85.12099,19.28639,157.5194
39.04:  85.12099,19.28639,157.5194
39.05:  85.12099,19.28639,157.5194
39.07:  85.12099,19.28639,157.5194
39.09:  85.12099,19.28639,157.5194
