ParticipantNo: 21013
Controller type: Arrows Only
Training Level Timed:
0.02:  82.7,18.5,270
0.03:  82.7,18.5,270
0.05:  82.7,18.5,270
0.07:  82.7,18.5,270
0.09:  82.7,18.5,270
0.1:  82.7,18.5,270
0.12:  82.7,18.5,270
0.14:  82.7,18.5,270
0.15:  82.7,18.5,270
0.17:  82.7,18.5,270
0.19:  82.7,18.5,270
0.2:  82.7,18.5,270
0.22:  82.7,18.5,270
0.24:  82.7,18.5,270
0.25:  82.7,18.5,270
0.27:  82.7,18.5,270
0.29:  82.7,18.5,270
0.3:  82.7,18.5,270
0.32:  82.7,18.5,270
0.34:  82.7,18.5,270
0.35:  82.7,18.5,270
0.37:  82.7,18.5,270
0.39:  82.7,18.5,270
0.4:  82.7,18.5,270
0.42:  82.7,18.5,270
0.44:  82.7,18.5,270
0.45:  82.7,18.5,270
0.47:  82.7,18.5,270
0.49:  82.7,18.5,270
0.5:  82.7,18.5,270
0.52:  82.7,18.5,270
0.54:  82.7,18.5,270
0.55:  82.7,18.5,270
0.57:  82.7,18.5,270
0.59:  82.7,18.5,270
0.6:  82.7,18.5,270
0.62:  82.7,18.5,270
0.64:  82.7,18.5,270
0.65:  82.7,18.5,270
0.67:  82.7,18.5,270
0.69:  82.7,18.5,270
0.7:  82.7,18.5,270
0.72:  82.7,18.5,270
0.74:  82.7,18.5,270
0.75:  82.7,18.5,270
0.77:  82.7,18.5,270
0.79:  82.7,18.5,270
0.8:  82.7,18.5,270
0.82:  82.7,18.5,270
0.84:  82.7,18.5,270
0.85:  82.7,18.5,270
0.87:  82.7,18.5,270
0.89:  82.7,18.5,270
0.9:  82.7,18.5,270
0.92:  82.7,18.5,270
0.94:  82.7,18.5,270
0.95:  82.7,18.5,270
0.97:  82.7,18.5,270
0.99:  82.7,18.5,270
1:  82.7,18.5,270
1.02:  82.7,18.5,270
1.04:  82.7,18.5,270
1.05:  82.7,18.5,270
1.07:  82.7,18.5,270
1.09:  82.7,18.5,270
1.1:  82.7,18.5,270
1.12:  82.7,18.5,270
1.14:  82.7,18.5,270
1.15:  82.7,18.5,270
1.17:  82.7,18.5,270
1.19:  82.7,18.5,270
1.2:  82.7,18.5,270
1.22:  82.7,18.5,270
1.24:  82.7,18.5,270
1.25:  82.7,18.5,270
1.27:  82.7,18.5,270
1.29:  82.7,18.5,270
1.3:  82.7,18.5,270
1.32:  82.7,18.5,270
1.34:  82.7,18.5,270
1.35:  82.7,18.5,270
1.37:  82.7,18.5,270
1.39:  82.7,18.5,270
1.4:  82.7,18.5,270
1.42:  82.7,18.5,270
1.44:  82.7,18.5,270
1.45:  82.7,18.5,270
1.47:  82.7,18.5,270
1.49:  82.7,18.5,270
1.5:  82.7,18.5,270
1.52:  82.7,18.5,270
1.54:  82.7,18.5,270
1.55:  82.7,18.5,270
1.57:  82.7,18.5,270
1.59:  82.7,18.5,270
1.6:  82.7,18.5,270
1.62:  82.7,18.5,270
1.64:  82.7,18.5,270
1.65:  82.7,18.5,270
1.67:  82.7,18.5,270
1.69:  82.7,18.5,270
1.7:  82.7,18.5,270
1.72:  82.7,18.5,270
1.74:  82.7,18.5,270
1.75:  82.7,18.5,270
1.77:  82.7,18.5,270
1.79:  82.7,18.5,270
1.8:  82.7,18.5,270
1.82:  82.7,18.5,270
1.84:  82.7,18.5,270
1.85:  82.7,18.5,270
1.87:  82.7,18.5,270
1.89:  82.7,18.5,270
1.9:  82.7,18.5,270
1.92:  82.7,18.5,270
1.94:  82.7,18.5,270
1.95:  82.7,18.5,270
1.97:  82.7,18.5,270
1.99:  82.7,18.5,270
2:  82.7,18.5,270
2.02:  82.7,18.5,270
2.04:  82.7,18.5,270
2.05:  82.7,18.5,270
2.07:  82.7,18.5,270
2.09:  82.7,18.5,270
2.1:  82.7,18.5,270
2.12:  82.7,18.5,270
2.14:  82.7,18.5,270
2.15:  82.7,18.5,270
2.17:  82.7,18.5,270
2.19:  82.7,18.5,270
2.2:  82.7,18.5,270
2.22:  82.7,18.5,270
2.24:  82.7,18.5,270
2.25:  82.7,18.5,270
2.27:  82.7,18.5,270
2.29:  82.7,18.5,270
2.3:  82.7,18.5,270
2.34:  82.7,18.5,270
2.35:  82.7,18.5,270
2.37:  82.7,18.5,270
2.39:  82.7,18.5,270
2.4:  82.7,18.5,270
2.42:  82.7,18.5,270
2.44:  82.7,18.5,270
2.45:  82.7,18.5,270
2.47:  82.7,18.5,270
2.49:  82.7,18.5,270
2.5:  82.7,18.5,270
2.52:  82.7,18.5,270
2.54:  82.7,18.5,270
2.55:  82.7,18.5,270
2.57:  82.7,18.5,270
2.59:  82.7,18.5,270
2.6:  82.7,18.5,270
2.62:  82.7,18.5,270
2.64:  82.7,18.5,270
2.65:  82.7,18.5,270
2.67:  82.7,18.5,270
2.69:  82.7,18.5,270
2.7:  82.7,18.5,270
2.72:  82.7,18.5,270
2.74:  82.7,18.5,270
2.75:  82.7,18.5,270
2.77:  82.7,18.5,270
2.79:  82.7,18.5,270
2.8:  82.7,18.5,270
2.82:  82.7,18.5,270
2.84:  82.7,18.5,270
2.85:  82.7,18.5,270
2.87:  82.7,18.5,270
2.89:  82.7,18.5,270
2.9:  82.7,18.5,270
2.92:  82.7,18.5,270
2.94:  82.7,18.5,270
2.95:  82.7,18.5,270
2.97:  82.7,18.5,270
2.99:  82.7,18.5,270
3:  82.7,18.5,270
3.02:  82.7,18.5,270
3.04:  82.7,18.5,270
3.05:  82.7,18.5,270
3.07:  82.7,18.5,270
3.09:  82.7,18.5,270
3.1:  82.7,18.5,270
3.12:  82.7,18.5,270
3.14:  82.7,18.5,270
3.15:  82.7,18.5,270
3.17:  82.7,18.5,270
3.19:  82.7,18.5,270
3.2:  82.7,18.5,270
3.22:  82.7,18.5,270
3.24:  82.7,18.5,270
3.25:  82.7,18.5,270
3.27:  82.7,18.5,270
3.29:  82.7,18.5,270
3.3:  82.7,18.5,270
3.32:  82.7,18.5,270
3.34:  82.7,18.5,270
3.35:  82.7,18.5,270
3.37:  82.7,18.5,270
3.39:  82.7,18.5,270
3.4:  82.7,18.5,270
3.42:  82.7,18.5,270
3.44:  82.7,18.5,270
3.45:  82.7,18.5,270
3.47:  82.7,18.5,270
3.49:  82.7,18.5,270
3.5:  82.7,18.5,270
3.52:  82.7,18.5,270
3.54:  82.7,18.5,270
3.55:  82.7,18.5,270
3.57:  82.7,18.5,270
3.59:  82.7,18.5,270
3.6:  82.7,18.5,270
3.62:  82.7,18.5,270
3.64:  82.7,18.5,270
3.65:  82.7,18.5,270
3.67:  82.7,18.5,270
3.69:  82.7,18.5,270
3.7:  82.7,18.5,270
3.72:  82.7,18.5,270
3.74:  82.7,18.5,270
3.75:  82.7,18.5,270
3.77:  82.7,18.5,270
3.79:  82.7,18.5,270
3.8:  82.7,18.5,270
3.82:  82.7,18.5,270
3.84:  82.7,18.5,270
3.85:  82.7,18.5,270
3.87:  82.7,18.5,270
3.89:  82.7,18.5,270
3.9:  82.7,18.5,270
3.92:  82.7,18.5,270
3.94:  82.7,18.5,270
3.95:  82.7,18.5,270
3.97:  82.7,18.5,270
3.99:  82.7,18.5,270
4:  82.7,18.5,270
4.02:  82.7,18.5,270
4.04:  82.7,18.5,270
4.05:  82.7,18.5,270
4.07:  82.7,18.5,270
4.09:  82.7,18.5,270
4.1:  82.7,18.5,270
4.12:  82.7,18.5,270
4.14:  82.7,18.5,270
4.15:  82.7,18.5,268.5
4.17:  82.7,18.5,267
4.19:  82.7,18.5,265.5
4.2:  82.7,18.5,264
4.22:  82.7,18.5,262.5
4.24:  82.7,18.5,261
4.25:  82.7,18.5,259.5
4.27:  82.7,18.5,258
4.29:  82.7,18.5,256.5
4.3:  82.7,18.5,255
4.32:  82.7,18.5,253.5
4.34:  82.7,18.5,252
4.35:  82.7,18.5,250.5
4.37:  82.7,18.5,249
4.39:  82.7,18.5,247.5
4.4:  82.7,18.5,246
4.42:  82.7,18.5,244.5
4.44:  82.7,18.5,243
4.45:  82.7,18.5,241.5
4.47:  82.7,18.5,240
4.49:  82.7,18.5,238.5
4.5:  82.7,18.5,237
4.52:  82.7,18.5,235.5
4.54:  82.7,18.5,234
4.55:  82.7,18.5,232.5
4.57:  82.7,18.5,231
4.59:  82.7,18.5,229.5
4.6:  82.7,18.5,228
4.62:  82.7,18.5,226.5
4.64:  82.7,18.5,225
4.65:  82.7,18.5,223.5
4.67:  82.7,18.5,222
4.69:  82.7,18.5,220.5
4.7:  82.7,18.5,219
4.72:  82.7,18.5,217.5
4.74:  82.7,18.5,216
4.75:  82.7,18.5,214.5
4.77:  82.7,18.5,213
4.79:  82.7,18.5,211.5
4.8:  82.7,18.5,210
4.82:  82.7,18.5,208.5
4.84:  82.7,18.5,207
4.85:  82.7,18.5,205.5
4.87:  82.7,18.5,204
4.89:  82.7,18.5,202.5
4.9:  82.7,18.5,201
4.92:  82.7,18.5,199.5
4.94:  82.7,18.5,198
4.95:  82.7,18.5,196.5
4.97:  82.7,18.5,195
4.99:  82.7,18.5,193.5
5:  82.7,18.5,192
5.02:  82.7,18.5,190.5
5.04:  82.7,18.5,189.1511
5.05:  82.7,18.5,187.9523
5.07:  82.7,18.5,186.901
5.09:  82.7,18.5,186.002
5.1:  82.7,18.5,185.2523
5.12:  82.7,18.5,184.6533
5.14:  82.7,18.5,184.2022
5.15:  82.7,18.5,183.9016
5.17:  82.7,18.5,183.7513
5.19:  82.7,18.5,183.7501
5.2:  82.7,18.5,183.7501
5.22:  82.7,18.5,183.7501
5.24:  82.7,18.5,183.7501
5.25:  82.7,18.5,183.7501
5.27:  82.7,18.5,183.7501
5.29:  82.7,18.5,183.7501
5.3:  82.7,18.5,183.7501
5.32:  82.7,18.5,183.7501
5.34:  82.7,18.5,183.7501
5.35:  82.7,18.5,183.7501
5.37:  82.7,18.5,183.7501
5.39:  82.7,18.5,183.7501
5.4:  82.7,18.5,183.7501
5.42:  82.7,18.5,183.7501
5.44:  82.7,18.5,183.7501
5.45:  82.7,18.5,183.7501
5.47:  82.7,18.5,183.7501
5.49:  82.7,18.5,183.7501
5.5:  82.7,18.5,183.7501
5.52:  82.7,18.5,183.7501
5.54:  82.7,18.5,183.7501
5.55:  82.7,18.5,183.7501
5.57:  82.7,18.5,183.7501
5.59:  82.7,18.5,183.7501
5.6:  82.7,18.5,183.7501
5.62:  82.7,18.5,183.7501
5.64:  82.69918,18.48755,183.7501
5.65:  82.69756,18.46289,183.7501
5.67:  82.69513,18.42574,183.7501
5.69:  82.69179,18.37471,183.7501
5.7:  82.68777,18.31336,183.7501
5.72:  82.68279,18.23755,183.7501
5.74:  82.67704,18.14975,183.7501
5.75:  82.67056,18.05094,183.7501
5.77:  82.66322,17.939,183.7501
5.79:  82.65498,17.81312,183.7501
5.8:  82.6461,17.67771,183.7501
5.82:  82.63593,17.52256,183.7501
5.84:  82.62563,17.36537,183.7501
5.85:  82.61414,17.1902,183.7501
5.87:  82.60194,17.00393,183.7501
5.89:  82.58869,16.80187,183.7501
5.9:  82.57494,16.59212,183.7501
5.92:  82.56029,16.3685,183.7501
5.94:  82.54472,16.13095,183.7501
5.95:  82.5284,15.88207,183.7501
5.97:  82.51193,15.63078,183.7501
5.99:  82.49571,15.3833,183.7501
6:  82.4787,15.12374,183.7501
6.02:  82.46254,14.87716,183.7501
6.04:  82.44661,14.6341,183.7501
6.05:  82.43019,14.38358,183.7501
6.07:  82.41383,14.13401,183.7501
6.09:  82.39764,13.88688,183.7501
6.1:  82.38085,13.63082,183.7501
6.12:  82.36463,13.38338,183.7501
6.14:  82.34828,13.13392,183.7501
6.15:  82.33208,12.88682,183.7501
6.17:  82.31522,12.62952,183.7501
6.19:  82.29941,12.38825,183.7501
6.2:  82.28308,12.13918,183.7501
6.22:  82.26651,11.88637,183.7501
6.24:  82.25031,11.63924,183.7501
6.25:  82.23347,11.3822,183.7501
6.27:  82.21722,11.13442,183.7501
6.29:  82.20115,10.88915,183.7501
6.3:  82.18438,10.63326,183.7501
6.32:  82.16811,10.38506,183.7501
6.34:  82.15201,10.13938,183.7501
6.35:  82.13586,9.892962,183.7501
6.37:  82.11952,9.643736,183.7501
6.39:  82.10328,9.396011,183.7501
6.4:  82.08679,9.144404,183.7501
6.42:  82.07031,8.89295,183.7501
6.44:  82.05414,8.646242,183.7501
6.45:  82.03745,8.391706,183.7501
6.47:  82.02107,8.14175,183.7501
6.49:  82.00512,7.898418,183.7501
6.5:  81.98873,7.648354,183.7501
6.52:  81.97239,7.398957,183.7501
6.54:  81.95542,7.14016,183.7501
6.55:  81.93968,6.900045,183.7501
6.57:  81.92315,6.647752,183.7501
6.59:  81.90687,6.399341,183.7501
6.6:  81.89021,6.145301,183.7501
6.62:  81.87422,5.901235,183.7501
6.64:  81.8578,5.650794,183.7501
6.65:  81.84161,5.403767,183.7501
6.67:  81.82525,5.154102,183.7501
6.69:  81.80882,4.903398,183.7501
6.7:  81.79253,4.655029,183.7501
6.72:  81.77599,4.402466,183.7501
6.74:  81.75984,4.15626,183.7501
6.75:  81.74352,3.907071,183.7501
6.77:  81.72707,3.656153,183.7501
6.79:  81.71087,3.409064,183.7501
6.8:  81.69434,3.156891,183.7501
6.82:  81.67796,2.907045,183.7501
6.84:  81.66135,2.653594,183.7501
6.85:  81.64513,2.406082,183.7501
6.87:  81.62893,2.158938,183.7501
6.89:  81.61272,1.911507,183.7501
6.9:  81.59642,1.662859,183.7501
6.92:  81.57977,1.408968,183.7501
6.94:  81.56352,1.160963,183.7501
6.95:  81.54729,0.9132718,183.7501
6.97:  81.53084,0.6622813,183.7501
6.99:  81.51463,0.4150477,183.7501
7:  81.49828,0.1656962,183.7501
7.02:  81.4818,-0.08591849,183.7501
7.04:  81.46558,-0.3333856,183.7501
7.05:  81.44923,-0.5827506,183.7501
7.07:  81.43271,-0.8348502,183.7501
7.09:  81.4165,-1.082151,183.7501
7.1:  81.4001,-1.332359,183.7501
7.12:  81.38363,-1.583592,183.7501
7.14:  81.36741,-1.831114,183.7501
7.15:  81.35118,-2.078722,183.7501
7.17:  81.33469,-2.330383,183.7501
7.19:  81.31827,-2.580847,183.7501
7.2:  81.30132,-2.839299,183.7501
7.22:  81.28551,-3.080624,183.7501
7.24:  81.2691,-3.330858,183.7501
7.25:  81.25215,-3.589577,183.7501
7.27:  81.23654,-3.827748,183.7501
7.29:  81.22031,-4.075271,183.7501
7.3:  81.20344,-4.332816,183.7501
7.32:  81.1873,-4.578979,183.7501
7.34:  81.17104,-4.826991,183.7501
7.35:  81.15488,-5.07356,183.7501
7.37:  81.13837,-5.325591,183.7501
7.39:  81.12196,-5.575916,183.7501
7.4:  81.10587,-5.821379,183.7501
7.42:  81.08936,-6.073311,183.7501
7.44:  81.07291,-6.324228,183.7501
7.45:  81.0565,-6.574615,183.7501
7.47:  81.04025,-6.822587,183.7501
7.49:  81.02408,-7.069246,183.7501
7.5:  81.00763,-7.320202,183.7501
7.52:  80.99138,-7.568136,183.7501
7.54:  80.97487,-7.819989,183.7501
7.55:  80.95872,-8.066364,183.7501
7.57:  80.94215,-8.319114,183.7501
7.59:  80.92555,-8.572366,183.7501
7.6:  80.90848,-8.832892,183.7501
7.62:  80.89304,-9.068387,183.7501
7.64:  80.87678,-9.316541,183.7501
7.65:  80.86028,-9.568396,183.7501
7.67:  80.84419,-9.813768,183.7501
7.69:  80.82775,-10.06459,183.7501
7.7:  80.81097,-10.32053,183.7501
7.72:  80.79455,-10.57109,183.7501
7.74:  80.77852,-10.81573,183.7501
7.75:  80.76158,-11.07406,183.7501
7.77:  80.74564,-11.31743,183.7501
7.79:  80.72945,-11.56424,183.7501
7.8:  80.71336,-11.80978,183.7501
7.82:  80.69695,-12.06027,183.7501
7.84:  80.68011,-12.31716,183.7501
7.85:  80.66435,-12.55755,183.7501
7.87:  80.64764,-12.81244,183.7501
7.89:  80.63165,-13.05642,183.7501
7.9:  80.61528,-13.30616,183.7501
7.92:  80.59869,-13.55942,183.7501
7.94:  80.58235,-13.80862,183.7501
7.95:  80.56622,-14.05475,183.7501
7.97:  80.54921,-14.31417,183.7501
7.99:  80.533,-14.56143,183.7501
8:  80.51695,-14.80632,183.7501
8.02:  80.50058,-15.05614,183.7501
8.04:  80.48447,-15.30196,183.7501
8.05:  80.46784,-15.55562,183.7501
8.07:  80.45161,-15.80328,183.7501
8.09:  80.43522,-16.05338,183.7501
8.1:  80.41888,-16.30266,183.7501
8.12:  80.40254,-16.5519,183.7501
8.14:  80.38623,-16.8008,183.7501
8.15:  80.36916,-17.0612,183.7501
8.17:  80.35328,-17.30348,183.7501
8.19:  80.33708,-17.55066,183.7501
8.2:  80.32092,-17.7973,183.7501
8.22:  80.30459,-18.04634,183.7501
8.24:  80.28806,-18.29858,183.7501
8.25:  80.27187,-18.54556,183.7501
8.27:  80.25483,-18.80558,183.7501
8.29:  80.23914,-19.04481,183.7501
8.3:  80.22282,-19.29394,183.7501
8.32:  80.20593,-19.55151,183.7501
8.34:  80.19009,-19.79321,183.7501
8.35:  80.17373,-20.04292,183.7501
8.37:  80.15723,-20.2946,183.7501
8.39:  80.14094,-20.54313,183.7501
8.4:  80.12486,-20.78838,183.7501
8.42:  80.10829,-21.04125,183.7501
8.44:  80.09161,-21.29578,183.7501
8.45:  80.07547,-21.54201,183.7501
8.47:  80.0591,-21.79178,183.7501
8.49:  80.04288,-22.03922,183.7501
8.5:  80.02671,-22.28593,183.7501
8.52:  80.01007,-22.53974,183.7501
8.54:  79.99395,-22.78576,183.7501
8.55:  79.97771,-23.03359,183.7501
8.57:  79.96126,-23.28447,183.7501
8.59:  79.9449,-23.53402,183.7501
8.6:  79.92823,-23.78836,183.7501
8.62:  79.91203,-24.03565,183.7501
8.64:  79.89571,-24.2846,183.7501
8.65:  79.87929,-24.53508,183.7501
8.67:  79.86281,-24.78655,183.7501
8.69:  79.84678,-25.03106,183.7501
8.7:  79.83031,-25.28228,183.7501
8.72:  79.81404,-25.53059,183.7501
8.74:  79.79754,-25.78237,183.7501
8.75:  79.78133,-26.02972,183.7501
8.77:  79.76489,-26.28043,183.7501
8.79:  79.74847,-26.53102,183.7501
8.8:  79.73235,-26.777,183.7501
8.82:  79.71515,-27.0393,183.7501
8.84:  79.69949,-27.27819,183.7501
8.85:  79.68266,-27.53503,183.7501
8.87:  79.66631,-27.78448,183.7501
8.89:  79.65039,-28.02732,183.7501
8.9:  79.63408,-28.27619,183.7501
8.92:  79.61763,-28.52715,183.7501
8.94:  79.60138,-28.77512,183.7501
8.95:  79.58514,-29.02294,183.7501
8.97:  79.5687,-29.27369,183.7501
8.99:  79.55226,-29.52447,183.7501
9:  79.53613,-29.77063,183.7501
9.02:  79.51961,-30.02267,183.7501
9.04:  79.5032,-30.27295,183.7501
9.05:  79.48705,-30.51938,183.7501
9.07:  79.47072,-30.76855,183.7501
9.09:  79.45347,-31.03182,183.7501
9.1:  79.43801,-31.26756,183.7501
9.12:  79.42138,-31.52132,183.7501
9.14:  79.40479,-31.77444,183.7501
9.15:  79.38831,-32.02591,183.7501
9.17:  79.37238,-32.26888,183.7501
9.19:  79.35609,-32.51751,183.7501
9.2:  79.33982,-32.76573,183.7501
9.22:  79.32291,-33.02376,183.7501
9.24:  79.30717,-33.26373,183.7501
9.25:  79.29076,-33.51408,183.7501
9.27:  79.27379,-33.77307,183.7501
9.29:  79.25803,-34.01344,183.7501
9.3:  79.24155,-34.26487,183.7501
9.32:  79.22514,-34.51534,183.7501
9.34:  79.20893,-34.76265,183.7501
9.35:  79.19279,-35.00879,183.7501
9.37:  79.17636,-35.2595,183.7501
9.39:  79.15987,-35.51112,183.7501
9.4:  79.14363,-35.75889,183.7501
9.42:  79.12699,-36.01273,183.7501
9.44:  79.11078,-36.26012,183.7501
9.45:  79.09466,-36.50614,183.7501
9.47:  79.07813,-36.75832,183.7501
9.49:  79.0612,-37.01645,183.7501
9.5:  79.04552,-37.25568,183.7501
9.52:  79.02898,-37.50812,183.7501
9.54:  79.01265,-37.75722,183.7501
9.55:  78.99654,-38.00295,183.7501
9.57:  78.98027,-38.25126,183.7501
9.59:  78.96358,-38.50589,183.7501
9.6:  78.94739,-38.75301,183.7501
9.62:  78.93083,-39.00555,183.7501
9.64:  78.91463,-39.25268,183.7501
9.65:  78.89851,-39.4987,183.7501
9.67:  78.88206,-39.74969,183.7501
9.69:  78.86566,-39.99981,183.7501
9.7:  78.84926,-40.25016,183.7501
9.72:  78.83302,-40.49798,183.7501
9.74:  78.81571,-40.76187,183.7501
9.75:  78.80029,-40.99716,183.7501
9.77:  78.78397,-41.2462,183.7501
9.79:  78.76702,-41.50481,183.7501
9.8:  78.75071,-41.75371,183.7501
9.82:  78.73485,-41.9957,183.7501
9.84:  78.71862,-42.24324,183.7501
9.85:  78.70222,-42.49345,183.7501
9.87:  78.686,-42.74095,183.7501
9.89:  78.66956,-42.99171,183.7501
9.9:  78.65327,-43.24017,183.7501
9.92:  78.63653,-43.49574,183.7501
9.94:  78.62037,-43.74226,183.7501
9.95:  78.60385,-43.99423,183.7501
9.97:  78.58772,-44.24044,183.7501
9.99:  78.57079,-44.4987,183.7501
10:  78.55479,-44.74269,183.7501
10.02:  78.53869,-44.98838,183.7501
10.04:  78.522,-45.24303,183.7501
10.05:  78.50566,-45.49228,183.7501
10.07:  78.48948,-45.73916,183.7501
10.09:  78.47279,-45.99377,183.7501
10.1:  78.45689,-46.23633,183.7501
10.12:  78.44018,-46.49137,183.7501
10.14:  78.42364,-46.74372,183.7501
10.15:  78.40752,-46.98967,183.7501
10.17:  78.39132,-47.23685,183.7501
10.19:  78.37504,-47.48521,183.7501
10.2:  78.36532,-47.73261,182.25
10.22:  78.3619,-47.99391,180.75
10.24:  78.36506,-48.23573,179.25
10.25:  78.37476,-48.48237,177.75
10.27:  78.39169,-48.74085,176.2501
10.29:  78.41441,-48.9881,174.75
10.3:  78.44314,-49.23078,173.2501
10.32:  78.4794,-49.48092,171.7501
10.34:  78.52133,-49.72491,170.25
10.35:  78.56993,-49.96925,168.7501
10.37:  78.62547,-50.21471,167.25
10.39:  78.68614,-50.45623,165.8995
10.4:  78.75141,-50.69476,164.6973
10.42:  78.82191,-50.93502,163.6453
10.44:  78.89639,-51.17479,162.744
10.45:  78.97336,-51.41154,161.992
10.47:  79.05357,-51.64978,161.3909
10.49:  79.13577,-51.88768,160.9408
10.5:  79.21806,-52.12191,160.6396
10.52:  79.30156,-52.35754,160.4885
10.54:  79.38561,-52.59473,160.4883
10.55:  79.46862,-52.82901,160.4883
10.57:  79.55523,-53.07341,160.4883
10.59:  79.63654,-53.30289,160.4883
10.6:  79.71924,-53.53626,160.4883
10.62:  79.80275,-53.77193,160.4883
10.64:  79.88573,-54.00613,160.4883
10.65:  79.97226,-54.25031,160.4883
10.67:  80.056,-54.48662,160.4883
10.69:  80.13985,-54.72326,160.4883
10.7:  80.22103,-54.95237,160.4883
10.72:  80.30614,-55.19254,160.4883
10.74:  80.38845,-55.42482,160.4883
10.75:  80.47185,-55.66018,160.4883
10.77:  80.55523,-55.89549,160.4883
10.79:  80.63828,-56.12986,160.4883
10.8:  80.72192,-56.3659,160.4883
10.84:  80.80526,-56.6011,160.4883
10.85:  80.88884,-56.83698,160.4883
10.87:  80.97086,-57.06844,160.4883
10.89:  81.05563,-57.30767,160.4883
10.9:  81.13846,-57.54142,160.4883
10.92:  81.22176,-57.7765,160.4883
10.94:  81.30592,-58.01401,160.4883
10.95:  81.38863,-58.24743,160.4883
10.97:  81.47247,-58.484,160.4883
10.99:  81.55659,-58.72142,160.4883
11:  81.64012,-58.95715,160.4883
11.02:  81.72349,-59.19241,160.4883
11.04:  81.80853,-59.43242,160.4883
11.05:  81.89682,-59.66227,158.9883
11.07:  81.99223,-59.89248,157.4883
11.09:  82.09433,-60.12168,155.9883
11.1:  82.20084,-60.34487,154.4883
11.12:  82.31437,-60.56757,152.9883
11.14:  82.43544,-60.79044,151.4883
11.15:  82.55988,-61.00587,149.9883
11.17:  82.68978,-61.21775,148.4883
11.19:  82.82671,-61.42852,146.9883
11.2:  82.96876,-61.6351,145.4883
11.22:  83.11368,-61.83448,143.9883
11.24:  83.26637,-62.03338,142.4883
11.25:  83.42416,-62.22817,140.9883
11.27:  83.58636,-62.41799,139.4883
11.29:  83.75507,-62.60529,137.9883
11.3:  83.92554,-62.78485,136.4883
11.32:  84.10507,-62.96431,134.9883
11.34:  84.28786,-63.13771,133.4883
11.35:  84.47184,-63.30329,131.9883
11.37:  84.65993,-63.46387,130.4883
11.39:  84.85515,-63.62189,128.9883
11.4:  85.05334,-63.7739,127.4883
11.42:  85.25625,-63.92126,125.9883
11.44:  85.45953,-64.06091,124.4883
11.45:  85.67728,-64.20226,122.9883
11.47:  85.8885,-64.33163,121.4883
11.49:  86.10068,-64.45407,119.9883
11.5:  86.32752,-64.57718,118.4883
11.52:  86.54579,-64.68834,116.9883
11.54:  86.77145,-64.79591,115.4883
11.55:  87.00258,-64.89877,113.9883
11.57:  87.22755,-64.9919,112.4883
11.59:  87.46159,-65.08168,110.9883
11.6:  87.6979,-65.16531,109.4883
11.62:  87.9212,-65.23781,107.9883
11.64:  88.14326,-65.30354,106.4883
11.65:  88.34651,-65.35796,104.9883
11.67:  88.54302,-65.40509,103.4883
11.69:  88.72663,-65.44408,101.9883
11.7:  88.84257,-65.47552,100.4883
11.72:  88.84257,-65.50057,98.98828
11.74:  88.84257,-65.52014,97.48828
11.75:  88.84257,-65.53437,95.98828
11.77:  88.84257,-65.54432,94.48828
11.79:  88.84257,-65.55013,92.98828
11.8:  88.84257,-65.55271,91.48828
11.82:  88.84257,-65.55271,89.98827
11.84:  88.84257,-65.55069,88.48828
11.85:  88.84257,-65.54745,86.98829
11.87:  88.84257,-65.54353,85.48828
11.89:  88.84257,-65.53947,83.98828
11.9:  88.84257,-65.53626,82.48828
11.92:  88.84257,-65.53436,80.98829
11.94:  88.84257,-65.53436,79.48829
11.95:  88.84257,-65.53436,77.98829
11.97:  88.84257,-65.53436,76.48829
11.99:  88.84257,-65.53436,74.98829
12:  88.84257,-65.53436,73.48829
12.02:  88.84257,-65.53436,71.9883
12.04:  88.84257,-65.53436,70.4883
12.05:  88.84257,-65.53436,68.9883
12.07:  88.84257,-65.53436,67.4883
12.09:  88.84257,-65.53436,65.9883
12.1:  88.84257,-65.53436,64.4883
12.12:  88.84257,-65.53436,62.98831
12.14:  88.84257,-65.53436,61.48831
12.15:  88.84257,-65.53436,59.98831
12.17:  88.84257,-65.53436,58.48831
12.19:  88.84257,-65.53436,56.98831
12.2:  88.84257,-65.53436,55.48831
12.22:  88.84257,-65.53436,53.98831
12.24:  88.84257,-65.53436,52.48831
12.25:  88.84257,-65.53436,50.9883
12.27:  88.84257,-65.53436,49.4883
12.29:  88.84257,-65.53436,47.9883
12.3:  88.84257,-65.53436,46.48831
12.32:  88.84257,-65.53436,44.9883
12.34:  88.84257,-65.53436,43.4883
12.35:  88.84257,-65.53436,41.98831
12.37:  88.84257,-65.53436,40.48831
12.39:  88.84257,-65.53436,38.98831
12.4:  88.84257,-65.53436,37.48831
12.42:  88.84257,-65.53436,35.98831
12.44:  88.84257,-65.53436,34.48831
12.45:  88.84257,-65.53436,32.98831
12.47:  88.84257,-65.53436,31.48831
12.49:  88.84257,-65.53436,29.98831
12.5:  88.84257,-65.53436,28.48831
12.52:  88.84257,-65.53436,26.98831
12.54:  88.84257,-65.53436,25.48831
12.55:  88.84257,-65.53436,23.98831
12.57:  88.84257,-65.53436,22.48831
12.59:  88.84257,-65.53436,20.98831
12.6:  88.84257,-65.53436,19.48831
12.62:  88.84257,-65.53436,17.98831
12.64:  88.84257,-65.53436,16.48831
12.65:  88.84257,-65.53436,14.98831
12.67:  88.84257,-65.53436,13.48831
12.69:  88.84257,-65.53436,11.98831
12.7:  88.84257,-65.53436,10.4883
12.72:  88.84257,-65.53436,8.988304
12.74:  88.84257,-65.53436,7.488305
12.75:  88.84257,-65.53436,5.988305
12.77:  88.84257,-65.53436,4.488305
12.79:  88.84257,-65.53436,2.988305
12.8:  88.84257,-65.53436,1.488305
12.82:  88.84257,-65.53436,359.9883
12.84:  88.84257,-65.53436,358.4883
12.85:  88.84257,-65.53436,356.9883
12.87:  88.84257,-65.53436,355.4883
12.89:  88.84257,-65.53436,353.9883
12.9:  88.84257,-65.53436,352.4883
12.92:  88.84257,-65.53436,350.9883
12.94:  88.84257,-65.53436,349.4883
12.95:  88.84257,-65.53436,347.9883
12.97:  88.84257,-65.53436,346.4883
12.99:  88.84257,-65.53436,344.9883
13:  88.84257,-65.53436,343.4883
13.02:  88.84257,-65.53436,341.9883
13.04:  88.84257,-65.53436,340.4883
13.05:  88.84257,-65.53436,338.9883
13.07:  88.84257,-65.53436,337.4883
13.09:  88.84257,-65.53436,335.9883
13.1:  88.84257,-65.53436,334.4883
13.12:  88.84257,-65.53436,332.9883
13.14:  88.84257,-65.53436,331.4883
13.15:  88.84257,-65.53436,329.9883
13.17:  88.84257,-65.53436,328.4883
13.19:  88.84257,-65.53436,326.9883
13.2:  88.84257,-65.53436,325.4883
13.22:  88.84257,-65.53436,323.9883
13.24:  88.84257,-65.53436,322.4883
13.25:  88.84257,-65.53436,320.9883
13.27:  88.84257,-65.53436,319.4883
13.29:  88.84257,-65.53436,317.9883
13.3:  88.84257,-65.53436,316.4883
13.32:  88.84257,-65.53436,314.9883
13.34:  88.84257,-65.53436,313.4883
13.35:  88.84257,-65.53436,311.9883
13.37:  88.84257,-65.53436,310.4883
13.39:  88.84257,-65.53436,308.9883
13.4:  88.84257,-65.53436,307.4883
13.42:  88.84257,-65.53436,305.9883
13.44:  88.84257,-65.53436,304.4883
13.45:  88.84257,-65.53436,302.9883
13.47:  88.84257,-65.53436,301.4883
13.49:  88.84257,-65.53436,299.9883
13.5:  88.84257,-65.53436,298.4883
13.52:  88.84257,-65.53436,296.9883
13.54:  88.84257,-65.53436,295.4883
13.55:  88.84257,-65.53436,293.9883
13.57:  88.84257,-65.53436,292.4883
13.59:  88.84257,-65.53436,290.9883
13.6:  88.84257,-65.53436,289.4883
13.62:  88.84257,-65.53436,287.9883
13.64:  88.84257,-65.53436,286.4883
13.65:  88.84257,-65.53436,284.9883
13.67:  88.84257,-65.53436,283.4883
13.69:  88.84257,-65.53436,281.9883
13.7:  88.84257,-65.53436,280.4883
13.72:  88.84257,-65.53436,279.1407
13.74:  88.84257,-65.53436,277.9456
13.75:  88.84257,-65.53436,276.8975
13.77:  88.84257,-65.53436,275.9961
13.79:  88.84257,-65.53436,275.2464
13.8:  88.84257,-65.53436,274.6456
13.82:  88.84257,-65.53436,274.1936
13.84:  88.84257,-65.53436,273.8916
13.85:  88.84257,-65.53436,273.7383
13.87:  88.84257,-65.53436,273.7357
13.89:  88.84257,-65.53436,273.7357
13.9:  88.84257,-65.53436,273.7357
13.92:  88.84257,-65.53436,273.7357
13.94:  88.84257,-65.53436,273.7357
13.95:  88.84257,-65.53436,273.7357
13.97:  88.84257,-65.53436,273.7357
13.99:  88.84257,-65.53436,273.7357
14:  88.84257,-65.53436,273.7357
14.02:  88.84257,-65.53436,273.7357
14.04:  88.84257,-65.53436,273.7357
14.05:  88.84257,-65.53436,273.7357
14.07:  88.84257,-65.53436,273.7357
14.09:  88.84257,-65.53436,273.7357
14.1:  88.84257,-65.53436,273.7357
14.12:  88.84257,-65.53436,273.7357
14.14:  88.84257,-65.53436,273.7357
14.15:  88.84257,-65.53436,273.7357
14.17:  88.84257,-65.53436,273.7357
14.19:  88.84257,-65.53436,273.7357
14.2:  88.84257,-65.53436,273.7357
14.22:  88.84257,-65.53436,273.7357
14.24:  88.84257,-65.53436,273.7357
14.25:  88.84257,-65.53436,273.7357
14.27:  88.84257,-65.53436,273.7357
14.29:  88.84257,-65.53436,273.7357
14.3:  88.84257,-65.53436,273.7357
14.32:  88.84257,-65.53436,273.7357
14.34:  88.84257,-65.53436,273.7357
14.35:  88.84257,-65.53436,273.7357
14.37:  88.84257,-65.53436,273.7357
14.39:  88.84257,-65.53436,273.7357
14.4:  88.84257,-65.53436,273.7357
14.42:  88.84257,-65.53436,273.7357
14.44:  88.84257,-65.53436,273.7357
14.45:  88.84257,-65.53436,273.7357
14.47:  88.84257,-65.53436,273.7357
14.49:  88.84257,-65.53436,273.7357
14.5:  88.84257,-65.53436,273.7357
14.52:  88.84257,-65.53436,273.7357
14.54:  88.84257,-65.53436,273.7357
14.55:  88.84257,-65.53436,273.7357
14.57:  88.84257,-65.53436,273.7357
14.59:  88.84257,-65.53436,273.7357
14.6:  88.84257,-65.53436,273.7357
14.62:  88.84257,-65.53436,273.7357
14.64:  88.84257,-65.53436,273.7357
14.65:  88.84257,-65.53436,273.7357
14.67:  88.84257,-65.53436,273.7357
14.69:  88.84257,-65.53436,273.7357
14.7:  88.84257,-65.53436,273.7357
14.72:  88.84257,-65.53436,273.7357
14.74:  88.84257,-65.53436,273.7357
14.75:  88.84257,-65.53436,273.7357
14.77:  88.84257,-65.53436,273.7357
14.79:  88.84257,-65.53436,273.7357
14.8:  88.84257,-65.53436,273.7357
14.82:  88.84257,-65.53436,273.7357
14.84:  88.84257,-65.53436,273.7357
14.85:  88.83047,-65.53357,273.7357
14.87:  88.80575,-65.53196,273.7357
14.89:  88.768,-65.5295,273.7357
14.9:  88.71856,-65.52627,273.7357
14.92:  88.65667,-65.52222,273.7357
14.94:  88.58136,-65.5173,273.7357
14.95:  88.49122,-65.51142,273.7357
14.97:  88.39294,-65.505,273.7357
14.99:  88.28111,-65.4977,273.7357
15:  88.15884,-65.48972,273.7357
15.02:  88.0196,-65.48063,273.7357
15.04:  87.87112,-65.47093,273.7357
15.05:  87.70853,-65.46032,273.7357
15.07:  87.53458,-65.44896,273.7357
15.09:  87.34485,-65.43657,273.7357
15.1:  87.14878,-65.42377,273.7357
15.12:  86.93539,-65.40984,273.7357
15.14:  86.71109,-65.39519,273.7357
15.15:  86.47813,-65.37998,273.7357
15.17:  86.22732,-65.3636,273.7357
15.19:  85.97739,-65.34728,273.7357
15.2:  85.71924,-65.33043,273.7357
15.22:  85.47778,-65.31467,273.7357
15.24:  85.22768,-65.29833,273.7357
15.25:  84.97757,-65.28201,273.7357
15.27:  84.72279,-65.26537,273.7357
15.29:  84.47483,-65.24918,273.7357
15.3:  84.22611,-65.23294,273.7357
15.32:  83.9804,-65.2169,273.7357
15.34:  83.72894,-65.20048,273.7357
15.35:  83.47101,-65.18363,273.7357
15.37:  83.23126,-65.16798,273.7357
15.39:  82.98093,-65.15163,273.7357
15.4:  82.72268,-65.13477,273.7357
15.42:  82.48423,-65.1192,273.7357
15.44:  82.23162,-65.10271,273.7357
15.45:  81.98521,-65.08662,273.7357
15.47:  81.73334,-65.07018,273.7357
15.49:  81.48612,-65.05403,273.7357
15.5:  81.2382,-65.03785,273.7357
15.52:  80.98378,-65.02123,273.7357
15.54:  80.73603,-65.00506,273.7357
15.55:  80.48769,-64.98885,273.7357
15.57:  80.23065,-64.97206,273.7357
15.59:  79.98191,-64.95582,273.7357
15.6:  79.73624,-64.93978,273.7357
15.62:  79.49071,-64.92374,273.7357
15.64:  79.2416,-64.90748,273.7357
15.65:  78.99181,-64.89117,273.7357
15.67:  78.73813,-64.8746,273.7357
15.69:  78.4884,-64.8583,273.7357
15.7:  78.24189,-64.84221,273.7357
15.72:  77.99447,-64.82605,273.7357
15.74:  77.73943,-64.80939,273.7357
15.75:  77.4965,-64.79353,273.7357
15.77:  77.24403,-64.77705,273.7357
15.79:  76.99397,-64.76073,273.7357
15.8:  76.74499,-64.74447,273.7357
15.82:  76.48895,-64.72775,273.7357
15.84:  76.24181,-64.71162,273.7357
15.85:  75.99645,-64.69559,273.7357
15.87:  75.74538,-64.6792,273.7357
15.89:  75.4948,-64.66284,273.7357
15.9:  75.24663,-64.64664,273.7357
15.92:  75.00046,-64.63056,273.7357
15.94:  74.75288,-64.6144,273.7357
15.95:  74.50135,-64.59797,273.7357
15.97:  74.25146,-64.58166,273.7357
15.99:  73.99035,-64.56461,273.7357
16:  73.75033,-64.54893,273.7357
16.02:  73.50207,-64.53272,273.7357
16.04:  73.25281,-64.51645,273.7357
16.05:  72.99695,-64.49975,273.7357
16.07:  72.7556,-64.48399,273.7357
16.09:  72.49289,-64.46684,273.7357
16.1:  72.25214,-64.45111,273.7357
16.12:  72.0044,-64.43494,273.7357
16.14:  71.7542,-64.4186,273.7357
16.15:  71.50417,-64.40228,273.7357
16.17:  71.25885,-64.38626,273.7357
16.19:  71.00753,-64.36985,273.7357
16.2:  70.7536,-64.35327,273.7357
16.22:  70.50986,-64.33736,273.7357
16.24:  70.2577,-64.32089,273.7357
16.25:  70.01064,-64.30476,273.7357
16.27:  69.76252,-64.28856,273.7357
16.29:  69.50563,-64.27178,273.7357
16.3:  69.26186,-64.25587,273.7357
16.32:  69.01395,-64.23968,273.7357
16.34:  68.76239,-64.22325,273.7357
16.35:  68.51455,-64.20707,273.7357
16.37:  68.25705,-64.19026,273.7357
16.39:  68.00951,-64.1741,273.7357
16.4:  67.7639,-64.15806,273.7357
16.42:  67.51543,-64.14184,273.7357
16.44:  67.26824,-64.12569,273.7357
16.45:  67.01743,-64.10932,273.7357
16.47:  66.7674,-64.09299,273.7357
16.49:  66.51805,-64.07671,273.7357
16.5:  66.26668,-64.0603,273.7357
16.52:  66.02119,-64.04427,273.7357
16.54:  65.76994,-64.02787,273.7357
16.55:  65.52187,-64.01167,273.7357
16.57:  65.2708,-63.99528,273.7357
16.59:  65.02031,-63.97892,273.7357
16.6:  64.77311,-63.96278,273.7357
16.62:  64.52245,-63.94641,273.7357
16.64:  64.27032,-63.92995,273.7357
16.65:  64.02363,-63.91385,273.7357
16.67:  63.7755,-63.89764,273.7357
16.69:  63.51963,-63.88094,273.7357
16.7:  63.27572,-63.86501,273.7357
16.72:  63.01614,-63.84806,273.7357
16.74:  62.77427,-63.83227,273.7357
16.75:  62.52542,-63.81602,273.7357
16.77:  62.27785,-63.79986,273.7357
16.79:  62.02509,-63.78335,273.7357
16.8:  61.77841,-63.76725,273.7357
16.82:  61.52537,-63.75072,273.7357
16.84:  61.27675,-63.73449,273.7357
16.85:  61.02925,-63.71833,273.7357
16.87:  60.77992,-63.70205,273.7357
16.89:  60.52929,-63.68569,273.7357
16.9:  60.28127,-63.66949,273.7357
16.92:  60.0321,-63.65322,273.7357
16.94:  59.77789,-63.63662,273.7357
16.95:  59.53323,-63.62065,273.7357
16.97:  59.28319,-63.60432,273.7357
16.99:  59.03233,-63.58794,273.7357
17:  58.78271,-63.57165,273.7357
17.02:  58.53325,-63.55536,273.7357
17.04:  58.2784,-63.53872,273.7357
17.05:  58.0309,-63.52256,273.7357
17.07:  57.78766,-63.50668,273.7357
17.09:  57.53442,-63.49014,273.7357
17.1:  57.28681,-63.47397,273.7357
17.12:  57.03918,-63.45781,273.7357
17.14:  56.79069,-63.44158,273.7357
17.15:  56.53989,-63.42521,273.7357
17.17:  56.27775,-63.40809,273.7357
17.19:  56.0341,-63.39218,273.7357
17.2:  55.78465,-63.37589,273.7357
17.22:  55.54116,-63.35999,273.7357
17.24:  55.27847,-63.34284,273.7357
17.25:  55.03885,-63.32719,273.7357
17.27:  54.78955,-63.31092,273.7357
17.29:  54.54254,-63.29479,273.7357
17.3:  54.30397,-63.27921,273.7357
17.32:  54.08153,-63.26469,273.7357
17.34:  53.86802,-63.25075,273.7357
17.35:  53.66982,-63.23781,273.7357
17.37:  53.48403,-63.22568,273.7357
17.39:  53.30869,-63.21423,273.7357
17.4:  53.14601,-63.20361,273.7357
17.42:  52.99657,-63.19385,273.7357
17.44:  52.858,-63.1848,273.7357
17.45:  52.73406,-63.17344,275.2357
17.47:  52.62221,-63.16023,276.7357
17.49:  52.52409,-63.14603,278.2357
17.5:  52.43674,-63.13105,279.7357
17.52:  52.36126,-63.11605,281.2357
17.54:  52.30249,-63.10277,282.7357
17.55:  52.25424,-63.09053,284.2357
17.57:  52.21841,-63.08043,285.7357
17.59:  52.19442,-63.07299,287.2357
17.6:  52.18243,-63.06892,288.7357
17.62:  52.18243,-63.06892,290.2357
17.64:  52.18243,-63.06892,291.7357
17.65:  52.18243,-63.06892,293.2357
17.67:  52.18243,-63.06892,294.7357
17.69:  52.18243,-63.06892,296.2357
17.7:  52.18243,-63.06892,297.7357
17.72:  52.18243,-63.06892,299.2357
17.74:  52.18243,-63.06892,300.7357
17.75:  52.18243,-63.06892,302.2357
17.77:  52.18243,-63.06892,303.7357
17.79:  52.18243,-63.06892,305.2357
17.8:  52.18243,-63.06892,306.7357
17.82:  52.18243,-63.06892,308.2357
17.84:  52.18243,-63.06892,309.7357
17.85:  52.18243,-63.06892,311.2357
17.87:  52.18243,-63.06892,312.7357
17.89:  52.18243,-63.06892,314.2357
17.9:  52.18243,-63.06892,315.7357
17.92:  52.18243,-63.06892,317.2357
17.94:  52.18243,-63.06892,318.7357
17.95:  52.18243,-63.06892,320.2357
17.97:  52.18243,-63.06892,321.7357
17.99:  52.18243,-63.06892,323.2357
18:  52.18243,-63.06892,324.7357
18.02:  52.18243,-63.06892,326.2357
18.04:  52.18243,-63.06892,327.7357
18.05:  52.18243,-63.06892,329.2357
18.07:  52.18243,-63.06892,330.7357
18.09:  52.18243,-63.06892,332.2357
18.1:  52.18243,-63.06892,333.7357
18.12:  52.18243,-63.06892,335.2357
18.14:  52.18243,-63.06892,336.5767
18.15:  52.18243,-63.06892,337.7734
18.17:  52.18243,-63.06892,338.8244
18.19:  52.18243,-63.06892,339.7229
18.2:  52.18243,-63.06892,340.4674
18.22:  52.18243,-63.06892,341.0638
18.24:  52.18243,-63.06892,341.5097
18.25:  52.18243,-63.06892,341.8091
18.27:  52.18243,-63.06892,341.9569
18.29:  52.18243,-63.06892,341.9569
18.3:  52.18243,-63.06892,341.9569
18.32:  52.18243,-63.06892,341.9569
18.34:  52.18243,-63.06892,341.9569
18.35:  52.18243,-63.06892,341.9569
18.37:  52.18243,-63.06892,341.9569
18.39:  52.18243,-63.06892,341.9569
18.4:  52.18243,-63.06892,341.9569
18.42:  52.18243,-63.06892,341.9569
18.44:  52.18243,-63.06892,341.9569
18.45:  52.18243,-63.06892,341.9569
18.47:  52.18243,-63.06892,341.9569
18.49:  52.18243,-63.06892,341.9569
18.5:  52.18243,-63.06892,341.9569
18.52:  52.18243,-63.06892,341.9569
18.54:  52.18243,-63.06892,341.9569
18.55:  52.18243,-63.06892,341.9569
18.57:  52.18243,-63.06892,341.9569
18.59:  52.18243,-63.06892,340.4569
18.6:  52.18243,-63.06892,338.9569
18.62:  52.18243,-63.06892,337.4569
18.64:  52.18243,-63.06892,335.9569
18.65:  52.18243,-63.06892,334.4569
18.67:  52.18243,-63.06892,332.9569
18.69:  52.18243,-63.06892,331.4569
18.7:  52.18243,-63.06892,329.9569
18.72:  52.18243,-63.06892,328.4569
18.74:  52.18243,-63.06892,326.9569
18.75:  52.18243,-63.06892,325.4569
18.77:  52.18243,-63.06892,323.9569
18.79:  52.18243,-63.06892,322.4569
18.8:  52.18243,-63.06892,320.9569
18.82:  52.18243,-63.06892,319.4569
18.84:  52.18243,-63.06892,317.9569
18.85:  52.18243,-63.06892,316.4569
18.87:  52.18243,-63.06892,314.9569
18.89:  52.18243,-63.06892,313.4569
18.9:  52.18243,-63.06892,311.9569
18.92:  52.18243,-63.06892,310.4569
18.94:  52.18243,-63.06892,308.9569
18.95:  52.18243,-63.06892,307.4569
18.97:  52.18243,-63.06892,305.9569
18.99:  52.18243,-63.06892,304.4569
19:  52.18243,-63.06892,302.9569
19.02:  52.18243,-63.06892,301.4569
19.04:  52.18243,-63.06892,299.9569
19.05:  52.18243,-63.06892,298.4569
19.07:  52.18243,-63.06892,296.9569
19.09:  52.18243,-63.06892,295.4569
19.1:  52.18243,-63.06892,293.9569
19.12:  52.18243,-63.06892,292.4569
19.14:  52.18243,-63.06892,290.9569
19.15:  52.18243,-63.06892,289.4569
19.17:  52.18243,-63.06892,287.9569
19.19:  52.18243,-63.06892,286.4569
19.2:  52.18243,-63.06892,284.9569
19.22:  52.18243,-63.06892,283.4569
19.24:  52.18243,-63.06892,281.9569
19.25:  52.18243,-63.06892,280.4569
19.27:  52.18243,-63.06892,278.9569
19.29:  52.18243,-63.06892,277.4569
19.3:  52.18243,-63.06892,275.9568
19.32:  52.18243,-63.06892,274.4568
19.34:  52.18243,-63.06892,272.9569
19.35:  52.18243,-63.06892,271.4568
19.37:  52.18243,-63.06892,269.9568
19.39:  52.18243,-63.06892,268.4568
19.4:  52.18243,-63.06892,266.9568
19.42:  52.18243,-63.06892,265.6094
19.44:  52.18243,-63.06892,264.4095
19.45:  52.18243,-63.06892,263.3586
19.47:  52.16887,-63.07071,262.4646
19.49:  52.14407,-63.07432,261.7186
19.5:  52.1074,-63.08005,261.1202
19.52:  52.05919,-63.08797,260.6685
19.54:  51.99625,-63.09866,260.3697
19.55:  51.91978,-63.11183,260.2249
19.57:  51.83545,-63.12636,260.2249
19.59:  51.7387,-63.14302,260.2249
19.6:  51.6268,-63.1623,260.2249
19.62:  51.50499,-63.18329,260.2249
19.64:  51.36777,-63.20693,260.2249
19.65:  51.21968,-63.23244,260.2249
19.67:  51.05893,-63.26014,260.2249
19.69:  50.88662,-63.28982,260.2249
19.7:  50.70223,-63.32159,260.2249
19.72:  50.4991,-63.35659,260.2249
19.74:  50.29496,-63.39175,260.2249
19.75:  50.06674,-63.43107,260.2249
19.77:  49.83773,-63.47053,260.2249
19.79:  49.59069,-63.51309,260.2249
19.8:  49.34812,-63.55488,260.2249
19.82:  49.1025,-63.59719,260.2249
19.84:  48.85508,-63.63982,260.2249
19.85:  48.60892,-63.68223,260.2249
19.87:  48.35593,-63.72581,260.2249
19.89:  48.11654,-63.76706,260.2249
19.9:  47.86871,-63.80976,260.2249
19.92:  47.62216,-63.85223,260.2249
19.94:  47.37341,-63.89509,260.2249
19.95:  47.1286,-63.93726,260.2249
19.97:  46.8743,-63.98108,260.2249
19.99:  46.63038,-64.0231,260.2249
20:  46.39085,-64.06436,260.2249
20.02:  46.13848,-64.10784,260.2249
20.04:  45.89082,-64.15051,260.2249
20.05:  45.65043,-64.19193,260.2249
20.07:  45.40484,-64.23424,260.2249
20.09:  45.15949,-64.2765,260.2249
20.1:  44.91244,-64.31907,260.2249
20.12:  44.66606,-64.36152,260.2249
20.14:  44.41768,-64.40431,260.2249
20.15:  44.17394,-64.4463,260.2249
20.17:  43.92395,-64.48937,260.2249
20.19:  43.68068,-64.53128,260.2249
20.2:  43.43489,-64.57362,260.2249
20.22:  43.18494,-64.61668,260.2249
20.24:  42.94302,-64.65836,260.2249
20.25:  42.69532,-64.70104,260.2249
20.27:  42.44506,-64.74416,260.2249
20.29:  42.19839,-64.78665,260.2249
20.3:  41.9556,-64.82848,260.2249
20.32:  41.71078,-64.87066,260.2249
20.34:  41.46027,-64.91382,260.2249
20.35:  41.21545,-64.95599,260.2249
20.37:  40.96183,-64.99969,260.2249
20.39:  40.71548,-65.04213,260.2249
20.4:  40.47702,-65.08321,260.2249
20.42:  40.22488,-65.12666,260.2249
20.44:  39.97925,-65.16897,260.2249
20.45:  39.73675,-65.21075,260.2249
20.47:  39.492,-65.25291,260.2249
20.49:  39.24668,-65.29518,260.2249
20.5:  38.99539,-65.33847,260.2249
20.52:  38.75308,-65.38022,260.2249
20.54:  38.49703,-65.42433,260.2249
20.55:  38.25386,-65.46622,260.2249
20.57:  38.01144,-65.50799,260.2249
20.59:  37.76782,-65.54996,260.2249
20.6:  37.52272,-65.59219,260.2249
20.62:  37.27201,-65.63538,260.2249
20.64:  37.02913,-65.67722,260.2249
20.65:  36.7839,-65.71947,260.2249
20.67:  36.53582,-65.76221,260.2249
20.69:  36.28903,-65.80473,260.2249
20.7:  36.03605,-65.84831,260.2249
20.72:  35.79201,-65.89036,260.2249
20.74:  35.55078,-65.93192,260.2249
20.75:  35.30247,-65.9747,260.2249
20.77:  35.05661,-66.01706,260.2249
20.79:  34.81045,-66.05946,260.2249
20.8:  34.56625,-66.10154,260.2249
20.82:  34.31854,-66.14421,260.2249
20.84:  34.07199,-66.18007,261.7249
20.85:  33.81557,-66.21053,263.2249
20.87:  33.57498,-66.23275,264.7249
20.89:  33.32519,-66.24923,266.2249
20.9:  33.07778,-66.25906,267.7249
20.92:  32.81866,-66.26257,269.2249
20.94:  32.57229,-66.25945,270.7249
20.95:  32.3236,-66.24979,272.2249
20.97:  32.07427,-66.23355,273.7249
20.99:  31.82598,-66.21085,275.2249
21:  31.57968,-66.18181,276.7249
21.02:  31.32331,-66.14474,278.2249
21.04:  31.08285,-66.10354,279.7249
21.05:  30.83991,-66.05598,281.0764
21.07:  30.58751,-66.00108,282.2729
21.09:  30.34912,-65.94462,283.3224
21.1:  30.10644,-65.88312,284.2216
21.12:  29.86412,-65.81832,284.9704
21.14:  29.62904,-65.75281,285.5728
21.15:  29.38892,-65.68384,286.0253
21.17:  29.14785,-65.61322,286.327
21.19:  28.90554,-65.54155,286.4771
21.2:  28.66849,-65.47143,286.4789
21.22:  28.427,-65.39999,286.4789
21.24:  28.18866,-65.32949,286.4789
21.25:  27.94927,-65.25867,286.4789
21.27:  27.70928,-65.18768,286.4789
21.29:  27.46791,-65.11628,286.4789
21.3:  27.22041,-65.04307,286.4789
21.32:  26.98982,-64.97485,286.4789
21.34:  26.75111,-64.90424,286.4789
21.35:  26.50013,-64.82999,286.4789
21.37:  26.26263,-64.75974,286.4789
21.39:  26.02819,-64.69039,286.4789
21.4:  25.78805,-64.61935,286.4789
21.42:  25.54189,-64.54653,286.4789
21.44:  25.3057,-64.47667,286.4789
21.45:  25.07094,-64.40722,286.4789
21.47:  24.82243,-64.33371,286.4789
21.49:  24.58757,-64.26424,286.4789
21.5:  24.34796,-64.19335,286.4789
21.52:  24.11303,-64.12386,286.4789
21.54:  23.87138,-64.05238,286.4789
21.55:  23.63243,-63.98169,286.4789
21.57:  23.39181,-63.91051,286.4789
21.59:  23.15524,-63.84053,286.4789
21.6:  22.91552,-63.76962,286.4789
21.62:  22.67394,-63.69815,286.4789
21.64:  22.43183,-63.62653,286.4789
21.65:  22.19457,-63.55635,286.4789
21.67:  21.95503,-63.48549,286.4789
21.69:  21.71447,-63.41433,286.4789
21.7:  21.47675,-63.34401,286.4789
21.72:  21.23696,-63.27308,286.4789
21.74:  20.99463,-63.20139,286.4789
21.75:  20.75766,-63.13129,286.4789
21.77:  20.51728,-63.06018,286.4789
21.79:  20.26937,-62.98685,286.4789
21.8:  20.03104,-62.91635,286.4789
21.82:  19.79439,-62.84634,286.4789
21.84:  19.55466,-62.77543,286.4789
21.85:  19.31645,-62.70496,286.4789
21.87:  19.07994,-62.635,286.4789
21.89:  18.83736,-62.56324,286.4789
21.9:  18.5997,-62.49294,286.4789
21.92:  18.35695,-62.42113,286.4789
21.94:  18.11081,-62.34832,286.4789
21.95:  17.87931,-62.27983,286.4789
21.97:  17.6321,-62.20671,286.4789
21.99:  17.39731,-62.13726,286.4789
22:  17.15801,-62.06647,286.4789
22.02:  16.92134,-61.99646,286.4789
22.04:  16.6822,-61.92571,286.4789
22.05:  16.43875,-61.8537,286.4789
22.07:  16.19783,-61.78243,286.4789
22.09:  15.96007,-61.7121,286.4789
22.1:  15.72311,-61.642,286.4789
22.12:  15.48279,-61.56402,287.9789
22.14:  15.24745,-61.48077,289.4789
22.15:  15.01645,-61.3922,290.9789
22.17:  14.7846,-61.29626,292.4789
22.19:  14.55461,-61.19397,293.9789
22.2:  14.32999,-61.08693,295.4789
22.22:  14.10754,-60.97369,296.9789
22.24:  13.88563,-60.85331,298.4789
22.25:  13.67162,-60.72985,299.9789
22.27:  13.4517,-60.5952,301.4789
22.29:  13.248,-60.46302,302.9789
22.3:  13.04267,-60.32201,304.4789
22.32:  12.84023,-60.17505,305.9789
22.34:  12.63343,-60.01648,307.4789
22.35:  12.44131,-59.86102,308.9789
22.37:  12.25324,-59.70052,310.4789
22.39:  12.06874,-59.53452,311.9789
22.4:  11.88762,-59.36276,313.4789
22.42:  11.71323,-59.1885,314.9789
22.44:  11.53736,-59.0043,316.3261
22.45:  11.37097,-58.82255,317.5255
22.47:  11.20563,-58.63518,318.5749
22.49:  11.04093,-58.44253,319.4723
22.5:  10.88356,-58.2535,320.222
22.52:  10.72592,-58.06005,320.8221
22.54:  10.56708,-57.86201,321.2698
22.55:  10.41328,-57.66817,321.569
22.57:  10.25831,-57.47182,321.7182
22.59:  10.10266,-57.2746,321.7182
22.6:  9.948706,-57.07954,321.7182
22.62:  9.794512,-56.88417,321.7182
22.64:  9.637984,-56.68584,321.7182
22.65:  9.484236,-56.49103,321.7182
22.67:  9.328081,-56.29317,321.7182
22.69:  9.174955,-56.09916,321.7182
22.7:  9.019066,-55.90164,321.7182
22.72:  8.862158,-55.70283,321.7182
22.74:  8.707773,-55.50722,321.7182
22.75:  8.549471,-55.30664,321.7182
22.77:  8.395303,-55.1113,321.7182
22.79:  8.243307,-54.91872,321.7182
22.8:  8.089025,-54.72323,321.7182
22.82:  7.935671,-54.52893,321.7182
22.84:  7.778726,-54.33007,321.7182
22.85:  7.626365,-54.13702,321.7182
22.87:  7.471356,-53.94062,321.7182
22.89:  7.313033,-53.74001,321.7182
22.9:  7.161043,-53.54744,321.7182
22.92:  7.004015,-53.34848,321.7182
22.94:  6.855122,-53.14931,323.2182
22.95:  6.712191,-52.94731,324.7182
22.97:  6.572305,-52.7382,326.2182
22.99:  6.438948,-52.52711,327.7182
23:  6.307047,-52.30568,329.2182
23.02:  6.183266,-52.08494,330.7182
23.04:  6.070331,-51.87058,332.2182
23.05:  5.96033,-51.64783,333.7182
23.07:  5.852679,-51.41466,335.2182
23.09:  5.754667,-51.18688,336.7182
23.1:  5.661522,-50.95554,338.0686
23.12:  5.57331,-50.72247,339.2694
23.14:  5.490097,-50.48978,340.322
23.15:  5.41064,-50.25602,341.2264
23.17:  5.33041,-50.00946,341.9753
23.19:  5.257381,-49.77674,342.5778
23.2:  5.18507,-49.53976,343.0317
23.22:  5.113424,-49.30041,343.3356
23.24:  5.041695,-49.05844,343.4882
23.25:  4.971135,-48.82036,343.4917
23.27:  4.900515,-48.58207,343.4917
23.29:  4.828823,-48.34018,343.4917
23.3:  4.758611,-48.10327,343.4917
23.32:  4.68423,-47.8523,343.4917
23.34:  4.614953,-47.61855,343.4917
23.35:  4.544636,-47.38129,343.4917
23.37:  4.474117,-47.14335,343.4917
23.39:  4.402156,-46.90054,343.4917
23.4:  4.332173,-46.66441,343.4917
23.42:  4.258807,-46.41686,343.4917
23.44:  4.188933,-46.1811,343.4917
23.45:  4.118943,-45.94494,343.4917
23.47:  4.046981,-45.70213,343.4917
23.49:  3.975994,-45.4626,343.4917
23.5:  3.905061,-45.22327,343.4917
23.52:  3.833939,-44.9833,343.4917
23.54:  3.762948,-44.74376,343.4917
23.55:  3.690502,-44.49931,343.4917
23.57:  3.619401,-44.25941,343.4917
23.59:  3.549404,-44.02323,343.4917
23.6:  3.479691,-43.78801,343.4917
23.62:  3.407974,-43.54602,343.4917
23.64:  3.336936,-43.30633,343.4917
23.65:  3.266577,-43.06893,343.4917
23.67:  3.194243,-42.82487,343.4917
23.69:  3.123794,-42.58716,343.4917
23.7:  3.053339,-42.34943,343.4917
23.72:  2.981504,-42.10706,343.4917
23.74:  2.908637,-41.86119,343.4917
23.75:  2.839794,-41.6289,343.4917
23.77:  2.768999,-41.39003,343.4917
23.79:  2.695985,-41.14367,343.4917
23.8:  2.625789,-40.90682,343.4917
23.82:  2.555874,-40.67092,343.4917
23.84:  2.483933,-40.42817,343.4917
23.85:  2.413918,-40.19194,343.4917
23.87:  2.342981,-39.95258,343.4917
23.89:  2.27091,-39.7094,343.4917
23.9:  2.201138,-39.47398,343.4917
23.92:  2.129617,-39.23266,343.4917
23.94:  2.058535,-38.99282,343.4917
23.95:  1.987915,-38.75454,343.4917
23.97:  1.915695,-38.51086,343.4917
23.99:  1.843641,-38.26773,343.4917
24:  1.774618,-38.03484,343.4917
24.02:  1.70276,-37.79239,343.4917
24.04:  1.631682,-37.55256,343.4917
24.05:  1.56177,-37.31667,343.4917
24.07:  1.490601,-37.07653,343.4917
24.09:  1.418653,-36.83377,343.4917
24.1:  1.348181,-36.59598,343.4917
24.12:  1.275059,-36.34926,343.4917
24.14:  1.205481,-36.11449,343.4917
24.15:  1.13423,-35.87408,343.4917
24.17:  1.064141,-35.63759,343.4917
24.19:  0.9925506,-35.39603,343.4917
24.2:  0.9223976,-35.15933,343.4917
24.22:  0.854157,-34.9048,344.9917
24.24:  0.7974313,-34.66867,346.4917
24.25:  0.7460198,-34.42697,347.9917
24.27:  0.7011313,-34.18497,349.4917
24.29:  0.6612934,-33.93368,350.9917
24.3:  0.6292772,-33.69076,352.4917
24.32:  0.6029809,-33.44092,353.9917
24.34:  0.5830266,-33.18785,355.4917
24.35:  0.5700814,-32.94152,356.9917
24.37:  0.5634673,-32.69033,358.4917
24.39:  0.563431,-32.43981,359.9917
24.4:  0.5692984,-32.18922,1.341296
24.42:  0.5803097,-31.94119,2.541934
24.44:  0.5960659,-31.69017,3.591662
24.45:  0.6155373,-31.44233,4.492229
24.47:  0.6384628,-31.19246,5.242247
24.49:  0.6638986,-30.94388,5.842335
24.5:  0.691076,-30.69746,6.293676
24.52:  0.7207447,-30.44065,6.589902
24.54:  0.7494617,-30.19763,6.739304
24.55:  0.7784913,-29.952,6.740304
24.59:  0.8089919,-29.69393,6.740304
24.6:  0.8371667,-29.45554,6.740304
24.62:  0.8673589,-29.20007,6.740304
24.64:  0.8959973,-28.95776,6.740304
24.65:  0.9259596,-28.70424,6.740304
24.67:  0.9555743,-28.45366,6.740304
24.69:  0.9851363,-28.20353,6.740304
24.7:  1.013656,-27.96222,6.740304
24.72:  1.042687,-27.71658,6.740304
24.74:  1.072979,-27.46028,6.740304
24.75:  1.102271,-27.21243,6.740304
24.77:  1.131178,-26.96784,6.740304
24.79:  1.16041,-26.7205,6.740304
24.8:  1.189531,-26.4741,6.740304
24.82:  1.218662,-26.22762,6.740304
24.84:  1.247947,-25.97983,6.740304
24.85:  1.277326,-25.73125,6.740304
24.87:  1.306512,-25.48429,6.740304
24.89:  1.335886,-25.23576,6.740304
24.9:  1.365225,-24.98752,6.740304
24.92:  1.395741,-24.72931,6.740304
24.94:  1.423879,-24.49124,6.740304
24.95:  1.449567,-24.27388,6.740304
24.97:  1.474402,-24.06374,6.740304
24.99:  1.497672,-23.86686,6.740304
25:  1.519905,-23.67873,6.740304
25.02:  1.54039,-23.5054,6.740304
25.04:  1.559859,-23.34068,6.740304
25.05:  1.577354,-23.19265,6.740304
25.07:  1.593516,-23.05589,6.740304
25.09:  1.607963,-22.93366,6.740304
25.1:  1.621396,-22.82,6.740304
25.12:  1.633047,-22.72141,6.740304
25.14:  1.643483,-22.63311,6.740304
25.15:  1.652329,-22.55827,6.740304
25.17:  1.661241,-22.49673,8.240304
25.19:  1.6697,-22.44745,9.740305
25.2:  1.677162,-22.4099,11.2403
25.22:  1.682767,-22.38511,12.7403
25.24:  1.685952,-22.37256,14.2403
25.25:  1.685952,-22.37256,15.7403
25.27:  1.685952,-22.37256,17.2403
25.29:  1.685952,-22.37256,18.74031
25.3:  1.685952,-22.37256,20.24031
25.32:  1.685952,-22.37256,21.74031
25.34:  1.685952,-22.37256,23.24031
25.35:  1.685952,-22.37256,24.7403
25.37:  1.685952,-22.37256,26.2403
25.39:  1.685952,-22.37256,27.7403
25.4:  1.685952,-22.37256,29.24031
25.42:  1.685952,-22.37256,30.74031
25.44:  1.685952,-22.37256,32.2403
25.45:  1.685952,-22.37256,33.74031
25.47:  1.685952,-22.37256,35.2403
25.49:  1.685952,-22.37256,36.74031
25.5:  1.685952,-22.37256,38.24031
25.52:  1.685952,-22.37256,39.74031
25.54:  1.685952,-22.37256,41.24031
25.55:  1.685952,-22.37256,42.74031
25.57:  1.685952,-22.37256,44.24031
25.59:  1.685952,-22.37256,45.74031
25.6:  1.685952,-22.37256,47.24031
25.62:  1.685952,-22.37256,48.74031
25.64:  1.685952,-22.37256,50.24031
25.65:  1.685952,-22.37256,51.74031
25.67:  1.685952,-22.37256,53.24031
25.69:  1.685952,-22.37256,54.74031
25.7:  1.685952,-22.37256,56.24031
25.72:  1.685952,-22.37256,57.74031
25.74:  1.685952,-22.37256,59.24031
25.75:  1.685952,-22.37256,60.74031
25.77:  1.685952,-22.37256,62.24031
25.79:  1.685952,-22.37256,63.74032
25.8:  1.685952,-22.37256,65.24032
25.82:  1.685952,-22.37256,66.74032
25.84:  1.685952,-22.37256,68.24032
25.85:  1.685952,-22.37256,69.74032
25.87:  1.685952,-22.37256,71.24032
25.89:  1.685952,-22.37256,72.74032
25.9:  1.685952,-22.37256,74.24032
25.92:  1.685952,-22.37256,75.74032
25.94:  1.685952,-22.37256,77.24032
25.95:  1.685952,-22.37256,78.58934
25.97:  1.685952,-22.37256,79.79034
25.99:  1.685952,-22.37256,80.84196
26:  1.685952,-22.37256,81.74364
26.02:  1.685952,-22.37256,82.49333
26.04:  1.685952,-22.37256,83.09116
26.05:  1.685952,-22.37256,83.54095
26.07:  1.685952,-22.37256,83.84164
26.09:  1.685952,-22.37256,83.99458
26.1:  1.685952,-22.37256,83.99635
26.12:  1.685952,-22.37256,83.99635
26.14:  1.685952,-22.37256,83.99635
26.15:  1.685952,-22.37256,83.99635
26.17:  1.685952,-22.37256,83.99635
26.19:  1.685952,-22.37256,83.99635
26.2:  1.685952,-22.37256,83.99635
26.22:  1.685952,-22.37256,83.99635
26.24:  1.685952,-22.37256,83.99635
26.25:  1.685952,-22.37256,83.99635
26.27:  1.685952,-22.37256,83.99635
26.29:  1.685952,-22.37256,83.99635
26.3:  1.685952,-22.37256,83.99635
26.32:  1.685952,-22.37256,83.99635
26.34:  1.685952,-22.37256,83.99635
26.35:  1.685952,-22.37256,83.99635
26.37:  1.685952,-22.37256,83.99635
26.39:  1.685952,-22.37256,83.99635
26.4:  1.685952,-22.37256,83.99635
26.42:  1.685952,-22.37256,83.99635
26.44:  1.685952,-22.37256,83.99635
26.45:  1.685952,-22.37256,83.99635
26.47:  1.685952,-22.37256,83.99635
26.49:  1.685952,-22.37256,83.99635
26.5:  1.685952,-22.37256,83.99635
26.52:  1.685952,-22.37256,83.99635
26.54:  1.685952,-22.37256,83.99635
26.55:  1.685952,-22.37256,83.99635
26.57:  1.685952,-22.37256,83.99635
26.59:  1.698101,-22.37128,83.99635
26.6:  1.72317,-22.36865,83.99635
26.62:  1.760528,-22.36472,83.99635
26.64:  1.811701,-22.35934,83.99635
26.65:  1.871534,-22.35305,83.99635
26.67:  1.946241,-22.34519,83.99635
26.69:  2.033205,-22.33604,83.99635
26.7:  2.132535,-22.3256,83.99635
26.72:  2.243995,-22.31387,83.99635
26.74:  2.367516,-22.30088,83.99635
26.75:  2.506434,-22.28627,83.99635
26.77:  2.654142,-22.27074,83.99635
26.79:  2.814029,-22.25393,83.99635
26.8:  2.98851,-22.23557,83.99635
26.82:  3.17574,-22.21588,83.99635
26.84:  3.37335,-22.1951,83.99635
26.85:  3.584202,-22.17293,83.99635
26.87:  3.811801,-22.14899,83.99635
26.89:  4.045698,-22.12439,83.99635
26.9:  4.293501,-22.09833,83.99635
26.92:  4.542511,-22.07214,83.99635
26.94:  4.790388,-22.04607,83.99635
26.95:  5.03891,-22.01994,83.99635
26.97:  5.287239,-21.99382,83.99635
26.99:  5.539714,-21.96727,83.99635
27:  5.790978,-21.94084,83.99635
27.02:  6.035659,-21.91511,83.99635
27.04:  6.286709,-21.88871,83.99635
27.05:  6.535252,-21.86257,83.99635
27.07:  6.777935,-21.83705,83.99635
27.09:  7.028096,-21.81074,83.99635
27.1:  7.279439,-21.7843,83.99635
27.12:  7.525504,-21.75842,83.99635
27.14:  7.774641,-21.73222,83.99635
27.15:  8.022166,-21.70619,83.99635
27.17:  8.272606,-21.67985,83.99635
27.19:  8.52202,-21.65362,83.99635
27.2:  8.769389,-21.62761,83.99635
27.22:  9.01696,-21.60157,83.99635
27.24:  9.265824,-21.5754,83.99635
27.25:  9.514292,-21.54927,83.99635
27.27:  9.763535,-21.52305,83.99635
27.29:  10.01528,-21.49658,83.99635
27.3:  10.2606,-21.47078,83.99635
27.32:  10.50997,-21.44455,83.99635
27.34:  10.75613,-21.41866,83.99635
27.35:  11.0068,-21.3923,83.99635
27.37:  11.25424,-21.36628,83.99635
27.39:  11.50395,-21.34002,83.99635
27.4:  11.75873,-21.31322,83.99635
27.42:  12.00864,-21.28694,83.99635
27.44:  12.25084,-21.26147,83.99635
27.45:  12.50217,-21.23503,83.99635
27.47:  12.7502,-21.20895,83.99635
27.49:  13.00583,-21.18207,83.99635
27.5:  13.258,-21.15554,83.99635
27.52:  13.49704,-21.13041,83.99635
27.54:  13.74101,-21.10475,83.99635
27.55:  13.99066,-21.07849,83.99635
27.57:  14.23825,-21.05245,83.99635
27.59:  14.48766,-21.02622,83.99635
27.6:  14.73698,-21,83.99635
27.62:  14.98591,-20.97382,83.99635
27.64:  15.23308,-20.94783,83.99635
27.65:  15.48225,-20.92162,83.99635
27.67:  15.73036,-20.89553,83.99635
27.69:  15.97794,-20.86949,83.99635
27.7:  16.23105,-20.84287,83.99635
27.72:  16.47583,-20.81713,83.99635
27.74:  16.72584,-20.79084,83.99635
27.75:  16.98262,-20.76383,83.99635
27.77:  17.23188,-20.73762,83.99635
27.79:  17.47087,-20.71248,83.99635
27.8:  17.73025,-20.6852,83.99635
27.82:  17.97087,-20.6599,83.99635
27.84:  18.22105,-20.63359,83.99635
27.85:  18.47015,-20.60739,83.99635
27.87:  18.71494,-20.58165,83.99635
27.89:  18.96325,-20.55553,83.99635
27.9:  19.21051,-20.52953,83.99635
27.92:  19.45943,-20.50335,83.99635
27.94:  19.71059,-20.47693,83.99635
27.95:  19.96038,-20.45066,83.99635
27.97:  20.2127,-20.42413,83.99635
27.99:  20.47201,-20.39686,83.99635
28:  20.70851,-20.37198,83.99635
28.02:  20.95305,-20.34627,83.99635
28.04:  21.20068,-20.32022,83.99635
28.05:  21.44982,-20.29402,83.99635
28.07:  21.6988,-20.26784,83.99635
28.09:  21.94814,-20.24161,83.99635
28.1:  22.19566,-20.21558,83.99635
28.12:  22.44233,-20.18964,83.99635
28.14:  22.69168,-20.16342,83.99635
28.15:  22.94237,-20.13705,83.99635
28.17:  23.1894,-20.11107,83.99635
28.19:  23.44044,-20.08467,83.99635
28.2:  23.68962,-20.05847,83.99635
28.22:  23.94348,-20.03177,83.99635
28.24:  24.19132,-20.0057,83.99635
28.25:  24.43523,-19.98005,83.99635
28.27:  24.68139,-19.95416,83.99635
28.29:  24.93318,-19.92768,83.99635
28.3:  25.18219,-19.90149,83.99635
28.32:  25.42831,-19.87561,83.99635
28.34:  25.67455,-19.84971,83.99635
28.35:  25.93897,-19.8219,83.99635
28.37:  26.17237,-19.79736,83.99635
28.39:  26.43038,-19.77022,83.99635
28.4:  26.67368,-19.74463,83.99635
28.42:  26.92146,-19.71858,83.99635
28.44:  27.17233,-19.69219,83.99635
28.45:  27.41861,-19.66629,83.99635
28.47:  27.66743,-19.64012,83.99635
28.49:  27.91293,-19.6143,83.99635
28.5:  28.16691,-19.58759,83.99635
28.52:  28.40869,-19.56217,83.99635
28.54:  28.65999,-19.53574,83.99635
28.55:  28.90744,-19.50971,83.99635
28.57:  29.15959,-19.4832,83.99635
28.59:  29.40619,-19.45726,83.99635
28.6:  29.65674,-19.43091,83.99635
28.62:  29.90239,-19.40508,83.99635
28.64:  30.1534,-19.37868,83.99635
28.65:  30.40854,-19.35184,83.99635
28.67:  30.64806,-19.32665,83.99635
28.69:  30.89747,-19.30042,83.99635
28.7:  31.14628,-19.27426,83.99635
28.72:  31.39608,-19.24799,83.99635
28.74:  31.64217,-19.22211,83.99635
28.75:  31.89466,-19.19555,83.99635
28.77:  32.13863,-19.16989,83.99635
28.79:  32.39633,-19.14279,83.99635
28.8:  32.64295,-19.11685,83.99635
28.82:  32.88768,-19.09112,83.99635
28.84:  33.13496,-19.06511,83.99635
28.85:  33.38401,-19.03892,83.99635
28.87:  33.63224,-19.01281,83.99635
28.89:  33.88976,-18.98573,83.99635
28.9:  34.13503,-18.95993,83.99635
28.92:  34.3886,-18.93327,83.99635
28.94:  34.62709,-18.90819,83.99635
28.95:  34.87523,-18.88209,83.99635
28.97:  35.12544,-18.85577,83.99635
28.99:  35.37354,-18.82968,83.99635
29:  35.62319,-18.80343,83.99635
29.02:  35.86985,-18.77748,83.99635
29.04:  36.11801,-18.75139,83.99635
29.05:  36.36753,-18.72515,83.99635
29.07:  36.62326,-18.69825,83.99635
29.09:  36.87231,-18.67206,83.99635
29.1:  37.12049,-18.64596,83.99635
29.12:  37.36671,-18.62006,83.99635
29.14:  37.60876,-18.59461,83.99635
29.15:  37.86899,-18.56724,83.99635
29.17:  38.10989,-18.5419,83.99635
29.2:  38.35589,-18.51603,83.99635
29.22:  38.60599,-18.48973,83.99635
29.24:  38.8517,-18.46389,83.99635
29.25:  39.10257,-18.4375,83.99635
29.27:  39.3589,-18.41055,83.99635
29.29:  39.60095,-18.38509,83.99635
29.3:  39.85609,-18.35826,83.99635
29.32:  40.09582,-18.33305,83.99635
29.34:  40.34665,-18.30667,83.99635
29.35:  40.58115,-18.282,83.99635
29.37:  40.80694,-18.25826,83.99635
29.39:  41.01579,-18.23629,83.99635
29.4:  41.22128,-18.21468,83.99635
29.42:  41.40405,-18.19546,83.99635
29.44:  41.57561,-18.17742,83.99635
29.45:  41.73919,-18.16021,83.99635
29.47:  41.88691,-18.14468,83.99635
29.49:  42.02406,-18.13025,83.99635
29.5:  42.14801,-18.11722,83.99635
29.52:  42.26005,-18.10544,83.99635
29.54:  42.36021,-18.0949,83.99635
29.55:  42.44947,-18.08551,83.99635
29.57:  42.52269,-18.07781,83.99635
29.59:  42.58407,-18.07136,83.99635
29.6:  42.63384,-18.06613,83.99635
29.62:  42.67118,-18.0622,83.99635
29.64:  42.69608,-18.05958,83.99635
29.65:  42.7086,-18.05826,83.99635
29.67:  42.7086,-18.05826,83.99635
29.69:  42.7086,-18.05826,83.99635
29.7:  42.7086,-18.05826,83.99635
29.72:  42.7086,-18.05826,83.99635
29.74:  42.7086,-18.05826,83.99635
29.75:  42.7086,-18.05826,83.99635
29.77:  42.7086,-18.05826,83.99635
29.79:  42.7086,-18.05826,83.99635
29.8:  42.7086,-18.05826,83.99635
29.82:  42.7086,-18.05826,85.49634
29.84:  42.7086,-18.05826,86.99635
29.85:  42.7086,-18.05826,88.49635
29.87:  42.7086,-18.05826,89.99635
29.89:  42.7086,-18.05826,91.49634
29.9:  42.7086,-18.05826,92.99635
29.92:  42.7086,-18.05826,94.49635
29.94:  42.7086,-18.05826,95.99635
29.95:  42.7086,-18.05826,97.49634
29.97:  42.7086,-18.05826,98.99634
29.99:  42.7086,-18.05826,100.4963
30:  42.7086,-18.05826,101.9963
30.02:  42.7086,-18.05826,103.4963
30.04:  42.7086,-18.05826,104.9963
30.05:  42.7086,-18.05826,106.4963
30.07:  42.7086,-18.05826,107.9963
30.09:  42.7086,-18.05826,109.4963
30.1:  42.7086,-18.05826,110.9963
30.12:  42.7086,-18.05826,112.4963
30.14:  42.7086,-18.05826,113.9963
30.15:  42.7086,-18.05826,115.4963
30.17:  42.7086,-18.05826,116.9963
30.19:  42.7086,-18.05826,118.4963
30.2:  42.7086,-18.05826,119.9963
30.22:  42.7086,-18.05826,121.4963
30.24:  42.7086,-18.05826,122.9963
30.25:  42.7086,-18.05826,124.4963
30.27:  42.7086,-18.05826,125.9963
30.29:  42.7086,-18.05826,127.4963
30.3:  42.7086,-18.05826,128.9963
30.32:  42.7086,-18.05826,130.4963
30.34:  42.7086,-18.05826,131.9963
30.35:  42.7086,-18.05826,133.4963
30.37:  42.7086,-18.05826,134.9963
30.39:  42.7086,-18.05826,136.4964
30.4:  42.7086,-18.05826,137.9963
30.42:  42.7086,-18.05826,139.4963
30.44:  42.7086,-18.05826,140.9963
30.45:  42.7086,-18.05826,142.4963
30.47:  42.7086,-18.05826,143.9963
30.49:  42.7086,-18.05826,145.4963
30.5:  42.7086,-18.05826,146.9963
30.52:  42.7086,-18.05826,148.4963
30.54:  42.7086,-18.05826,149.9963
30.55:  42.7086,-18.05826,151.4963
30.57:  42.7086,-18.05826,152.9963
30.59:  42.7086,-18.05826,154.4963
30.6:  42.7086,-18.05826,155.9963
30.62:  42.7086,-18.05826,157.4963
30.64:  42.7086,-18.05826,158.9963
30.65:  42.7086,-18.05826,160.4963
30.67:  42.7086,-18.05826,161.9963
30.69:  42.7086,-18.05826,163.4963
30.7:  42.7086,-18.05826,164.9963
30.72:  42.7086,-18.05826,166.4963
30.74:  42.7086,-18.05826,167.9963
30.75:  42.7086,-18.05826,169.4963
30.77:  42.7086,-18.05826,170.9963
30.79:  42.7086,-18.05826,172.4963
30.8:  42.7086,-18.05826,173.9963
30.82:  42.7086,-18.05826,175.4963
30.84:  42.7086,-18.05826,176.9963
30.85:  42.7086,-18.05826,178.4963
30.87:  42.7086,-18.05826,179.9963
30.89:  42.7086,-18.05826,181.4963
30.9:  42.7086,-18.05826,182.9963
30.92:  42.7086,-18.05826,184.4963
30.94:  42.7086,-18.05826,185.9963
30.95:  42.7086,-18.05826,187.4963
30.97:  42.7086,-18.05826,188.9963
30.99:  42.7086,-18.05826,190.4963
31:  42.7086,-18.05826,191.9963
31.02:  42.7086,-18.05826,193.4963
31.04:  42.7086,-18.05826,194.9963
31.05:  42.7086,-18.05826,196.4963
31.07:  42.7086,-18.05826,197.9963
31.09:  42.7086,-18.05826,199.4963
31.1:  42.7086,-18.05826,200.9963
31.12:  42.7086,-18.05826,202.4963
31.14:  42.7086,-18.05826,203.9963
31.15:  42.7086,-18.05826,205.4963
31.17:  42.7086,-18.05826,206.9963
31.19:  42.7086,-18.05826,208.4963
31.2:  42.7086,-18.05826,209.9963
31.22:  42.7086,-18.05826,211.4963
31.24:  42.7086,-18.05826,212.9963
31.25:  42.7086,-18.05826,214.4963
31.27:  42.7086,-18.05826,215.9963
31.29:  42.7086,-18.05826,217.4963
31.3:  42.7086,-18.05826,218.9963
31.32:  42.7086,-18.05826,220.4963
31.34:  42.7086,-18.05826,221.9963
31.35:  42.7086,-18.05826,223.4963
31.37:  42.7086,-18.05826,224.9963
31.39:  42.7086,-18.05826,226.4963
31.4:  42.7086,-18.05826,227.9963
31.42:  42.7086,-18.05826,229.4963
31.44:  42.7086,-18.05826,230.9963
31.45:  42.7086,-18.05826,232.4963
31.47:  42.7086,-18.05826,233.9963
31.49:  42.7086,-18.05826,235.4963
31.5:  42.7086,-18.05826,236.9963
31.52:  42.7086,-18.05826,238.4963
31.54:  42.7086,-18.05826,239.9963
31.55:  42.7086,-18.05826,241.4963
31.57:  42.7086,-18.05826,242.9963
31.59:  42.7086,-18.05826,244.4963
31.6:  42.7086,-18.05826,245.9963
31.62:  42.7086,-18.05826,247.4963
31.64:  42.7086,-18.05826,248.9963
31.65:  42.7086,-18.05826,250.4963
31.67:  42.7086,-18.05826,251.9963
31.69:  42.7086,-18.05826,253.4963
31.7:  42.7086,-18.05826,254.9963
31.72:  42.7086,-18.05826,256.4963
31.74:  42.7086,-18.05826,257.9963
31.75:  42.7086,-18.05826,259.4963
31.77:  42.7086,-18.05826,260.9963
31.79:  42.7086,-18.05826,262.4963
31.8:  42.7086,-18.05826,263.9963
31.82:  42.7086,-18.05826,265.4963
31.84:  42.7086,-18.05826,266.9963
31.85:  42.7086,-18.05826,268.4963
31.87:  42.7086,-18.05826,269.9963
31.89:  42.7086,-18.05826,271.4963
31.9:  42.7086,-18.05826,272.9963
31.92:  42.7086,-18.05826,274.4963
31.94:  42.7086,-18.05826,275.9963
31.95:  42.7086,-18.05826,277.4963
31.97:  42.7086,-18.05826,278.9963
31.99:  42.7086,-18.05826,280.4963
32:  42.7086,-18.05826,281.9963
32.02:  42.7086,-18.05826,283.4963
32.04:  42.7086,-18.05826,284.9963
32.05:  42.7086,-18.05826,286.4963
32.07:  42.7086,-18.05826,287.9963
32.09:  42.7086,-18.05826,289.4963
32.1:  42.7086,-18.05826,290.9963
32.12:  42.7086,-18.05826,292.4963
32.14:  42.7086,-18.05826,293.9963
32.15:  42.7086,-18.05826,295.4963
32.17:  42.7086,-18.05826,296.9963
32.19:  42.7086,-18.05826,298.4963
32.2:  42.7086,-18.05826,299.9963
32.22:  42.7086,-18.05826,301.4963
32.24:  42.7086,-18.05826,302.9963
32.25:  42.7086,-18.05826,304.4963
32.27:  42.7086,-18.05826,305.9963
32.29:  42.7086,-18.05826,307.4963
32.3:  42.7086,-18.05826,308.9963
32.32:  42.7086,-18.05826,310.4963
32.34:  42.7086,-18.05826,311.9963
32.35:  42.7086,-18.05826,313.4963
32.37:  42.7086,-18.05826,314.9963
32.39:  42.7086,-18.05826,316.4963
32.4:  42.7086,-18.05826,317.9963
32.42:  42.7086,-18.05826,319.4963
32.44:  42.7086,-18.05826,320.9963
32.45:  42.7086,-18.05826,322.4963
32.47:  42.7086,-18.05826,323.9963
32.49:  42.7086,-18.05826,325.4963
32.5:  42.7086,-18.05826,326.9963
32.52:  42.7086,-18.05826,328.4963
32.54:  42.7086,-18.05826,329.9963
32.55:  42.7086,-18.05826,331.4963
32.57:  42.7086,-18.05826,332.9963
32.59:  42.7086,-18.05826,334.4963
32.6:  42.7086,-18.05826,335.9963
32.62:  42.7086,-18.05826,337.4963
32.64:  42.7086,-18.05826,338.9963
32.65:  42.7086,-18.05826,340.4963
32.67:  42.7086,-18.05826,341.9963
32.69:  42.7086,-18.05826,343.4963
32.7:  42.7086,-18.05826,344.9963
32.72:  42.7086,-18.05826,346.4963
32.74:  42.7086,-18.05826,347.8392
32.75:  42.7086,-18.05826,349.0364
32.77:  42.7086,-18.05826,350.0861
32.79:  42.7086,-18.05826,350.9847
32.8:  42.7086,-18.05826,351.7363
32.82:  42.7086,-18.05826,352.3367
32.84:  42.7086,-18.05826,352.7857
32.85:  42.7086,-18.05826,353.0838
32.87:  42.7086,-18.05826,353.2351
32.89:  42.7086,-18.05826,353.2365
32.9:  42.7086,-18.05826,353.2365
32.92:  42.7086,-18.05826,353.2365
32.94:  42.7086,-18.05826,353.2365
32.95:  42.7086,-18.05826,353.2365
32.97:  42.7086,-18.05826,353.2365
32.99:  42.7086,-18.05826,353.2365
33:  42.7086,-18.05826,353.2365
33.02:  42.70714,-18.04596,353.2365
33.04:  42.70417,-18.02094,353.2365
33.05:  42.69977,-17.98382,353.2365
33.07:  42.69392,-17.93451,353.2365
33.09:  42.68658,-17.87257,353.2365
33.1:  42.67759,-17.79682,353.2365
33.12:  42.66717,-17.70891,353.2365
33.14:  42.65576,-17.61275,353.2365
33.15:  42.64256,-17.5014,353.2365
33.17:  42.62724,-17.37223,353.2365
33.19:  42.61132,-17.23805,353.2365
33.2:  42.59366,-17.08908,353.2365
33.22:  42.57463,-16.92868,353.2365
33.24:  42.55415,-16.75599,353.2365
33.25:  42.53185,-16.56793,353.2365
33.27:  42.5085,-16.37099,353.2365
33.29:  42.48347,-16.16004,353.2365
33.3:  42.45709,-15.93759,353.2365
33.32:  42.42881,-15.69913,353.2365
33.34:  42.3996,-15.45285,353.2365
33.35:  42.37006,-15.20371,353.2365
33.37:  42.34074,-14.95652,353.2365
33.39:  42.31096,-14.70544,353.2365
33.4:  42.28197,-14.46096,353.2365
33.42:  42.25219,-14.20987,353.2365
33.44:  42.22306,-13.96425,353.2365
33.45:  42.19355,-13.71547,353.2365
33.47:  42.1637,-13.46377,353.2365
33.49:  42.13436,-13.21635,353.2365
33.5:  42.10391,-12.95957,353.2365
33.52:  42.07578,-12.72237,353.2365
33.54:  42.04572,-12.46894,353.2365
33.55:  42.01683,-12.22535,353.2365
33.57:  41.98702,-11.974,353.2365
33.59:  41.95759,-11.72584,353.2365
33.6:  41.92853,-11.48084,353.2365
33.62:  41.89925,-11.2339,353.2365
33.64:  41.86994,-10.98681,353.2365
33.65:  41.84033,-10.7371,353.2365
33.67:  41.81103,-10.49008,353.2365
33.69:  41.78136,-10.23987,353.2365
33.7:  41.75217,-9.993796,353.2365
33.72:  41.72255,-9.744015,353.2365
33.74:  41.69307,-9.495488,353.2365
33.75:  41.66328,-9.244297,353.2365
33.77:  41.63378,-8.995536,353.2365
33.79:  41.60376,-8.742395,353.2365
33.8:  41.57459,-8.496444,353.2365
33.82:  41.54499,-8.24684,353.2365
33.84:  41.51496,-7.993666,353.2365
33.85:  41.48687,-7.756793,353.2365
33.87:  41.45705,-7.505402,353.2365
33.89:  41.42805,-7.26088,353.2365
33.9:  41.39864,-7.012889,353.2365
33.92:  41.36824,-6.756558,353.2365
33.94:  41.3394,-6.513369,353.2365
33.95:  41.30965,-6.262458,353.2365
33.97:  41.28061,-6.017601,353.2365
33.99:  41.25104,-5.768334,353.2365
34:  41.222,-5.523448,353.2365
34.02:  41.19229,-5.272948,353.2365
34.04:  41.16294,-5.025467,353.2365
34.05:  41.13351,-4.777281,353.2365
34.07:  41.10315,-4.52133,353.2365
34.09:  41.07463,-4.280879,353.2365
34.1:  41.04426,-4.024767,353.2365
34.12:  41.01458,-3.774502,353.2365
34.14:  40.98598,-3.53338,353.2365
34.15:  40.9565,-3.284765,353.2365
34.17:  40.92727,-3.038306,353.2365
34.19:  40.89801,-2.791598,353.2365
34.2:  40.86848,-2.542588,353.2365
34.22:  40.83915,-2.295289,353.2365
34.24:  40.80835,-2.035566,353.2365
34.25:  40.77959,-1.793098,353.2365
34.27:  40.75001,-1.543695,353.2365
34.29:  40.72086,-1.297865,353.2365
34.3:  40.69116,-1.047512,353.2365
34.32:  40.66143,-0.796844,353.2365
34.34:  40.63284,-0.5557109,353.2365
34.35:  40.60364,-0.3095282,353.2365
34.37:  40.57324,-0.05317032,353.2365
34.39:  40.54485,0.1861962,353.2365
34.4:  40.51489,0.438778,353.2365
34.42:  40.48565,0.6853421,353.2365
34.44:  40.45592,0.935986,353.2365
34.45:  40.42684,1.181248,353.2365
34.47:  40.39735,1.429854,353.2365
34.49:  40.36807,1.676746,353.2365
34.5:  40.33695,1.93914,353.2365
34.52:  40.30908,2.174142,353.2365
34.54:  40.27961,2.42262,353.2365
34.55:  40.24917,2.679312,353.2365
34.57:  40.22039,2.921958,353.2365
34.59:  40.19142,3.166291,353.2365
34.6:  40.16202,3.414149,353.2365
34.62:  40.13222,3.665446,353.2365
34.64:  40.10313,3.91066,353.2365
34.65:  40.07353,4.160319,353.2365
34.67:  40.05017,4.413848,354.7365
34.69:  40.03365,4.665056,356.2365
34.7:  40.02376,4.915108,357.7365
34.72:  40.02048,5.161016,359.2365
34.74:  40.02369,5.410664,0.7364428
34.75:  40.03332,5.657085,2.236443
34.77:  40.04964,5.907058,3.736443
34.79:  40.07243,6.15567,5.236443
34.8:  40.10159,6.402606,6.736444
34.82:  40.13789,6.653341,8.236444
34.84:  40.18024,6.900144,9.736444
34.85:  40.22836,7.142385,11.23645
34.87:  40.28383,7.387795,12.73644
34.89:  40.34489,7.628472,14.23644
34.9:  40.41299,7.870123,15.73644
34.92:  40.48908,8.115397,17.23644
34.94:  40.56825,8.348804,18.73644
34.95:  40.65379,8.580832,20.23644
34.97:  40.74662,8.813682,21.73644
34.99:  40.84463,9.041956,23.23644
35:  40.94957,9.269717,24.73644
35.02:  41.06063,9.495063,26.23644
35.04:  41.17654,9.71549,27.73644
35.05:  41.29885,9.934022,29.23644
35.07:  41.42988,10.15439,30.73644
35.09:  41.55877,10.35877,32.23644
35.1:  41.70274,10.57435,33.73644
35.12:  41.83656,10.76378,35.23644
35.14:  41.97174,10.94491,36.73645
35.15:  42.10308,11.11159,38.23645
35.17:  42.23533,11.27068,39.73645
35.19:  42.35656,11.40899,41.23645
35.2:  42.47392,11.53601,42.73645
35.22:  42.58646,11.65159,44.23645
35.24:  42.69548,11.75784,45.73644
35.25:  42.79832,11.85295,47.23645
35.27:  42.88981,11.93322,48.73645
35.29:  42.97643,12.0053,50.23645
35.3:  43.05503,12.06729,51.73645
35.32:  43.12526,12.11976,53.23645
35.34:  43.18703,12.16343,54.73645
35.35:  43.23932,12.19839,56.23645
35.37:  43.28201,12.22534,57.73645
35.39:  43.31522,12.24511,59.23645
35.4:  43.33674,12.25717,60.73645
35.42:  43.34817,12.26319,62.23645
35.44:  43.34817,12.26319,63.73644
35.45:  43.34817,12.26319,65.23645
35.47:  43.34817,12.26319,66.73645
35.49:  43.34817,12.26319,68.23645
35.5:  43.34817,12.26319,69.73645
35.52:  43.34817,12.26319,71.23645
35.54:  43.34817,12.26319,72.73645
35.55:  43.34817,12.26319,74.23644
35.57:  43.34817,12.26319,75.73645
35.59:  43.34817,12.26319,77.23645
35.6:  43.34817,12.26319,78.73646
35.62:  43.34817,12.26319,80.23644
35.64:  43.34817,12.26319,81.73645
35.65:  43.34817,12.26319,83.23644
35.67:  43.34817,12.26319,84.73644
35.69:  43.34817,12.26319,86.23644
35.7:  43.34817,12.26319,87.73644
35.72:  43.34817,12.26319,89.23645
35.74:  43.34817,12.26319,90.73645
35.75:  43.34817,12.26319,92.08649
35.77:  43.34817,12.26319,93.28484
35.79:  43.34817,12.26319,94.32997
35.8:  43.34817,12.26319,95.22569
35.82:  43.34817,12.26319,95.97308
35.84:  43.34817,12.26319,96.57082
35.85:  43.34817,12.26319,97.02002
35.87:  43.34817,12.26319,97.31964
35.89:  43.34817,12.26319,97.46465
35.9:  43.34817,12.26319,97.46465
35.92:  43.34817,12.26319,97.46465
35.94:  43.34817,12.26319,97.46465
35.95:  43.34817,12.26319,97.46465
35.97:  43.34817,12.26319,97.46465
35.99:  43.34817,12.26319,97.46465
36:  43.34817,12.26319,97.46465
36.02:  43.34817,12.26319,97.46465
36.04:  43.34817,12.26319,97.46465
36.05:  43.34817,12.26319,97.46465
36.07:  43.34817,12.26319,97.46465
36.09:  43.34817,12.26319,97.46465
36.1:  43.34817,12.26319,97.46465
36.12:  43.34817,12.26319,97.46465
36.14:  43.34817,12.26319,97.46465
36.15:  43.34817,12.26319,95.96466
36.17:  43.34817,12.26319,94.46466
36.19:  43.34817,12.26319,92.96465
36.2:  43.34817,12.26319,91.46465
36.22:  43.34817,12.26319,89.96465
36.24:  43.34817,12.26319,88.46466
36.25:  43.34817,12.26319,86.96466
36.27:  43.34817,12.26319,85.46465
36.29:  43.34817,12.26319,83.96466
36.3:  43.34817,12.26319,82.46467
36.32:  43.34817,12.26319,80.96466
36.34:  43.34817,12.26319,79.46467
36.35:  43.34817,12.26319,77.96467
36.37:  43.34817,12.26319,76.46468
36.39:  43.34817,12.26319,74.96468
36.4:  43.34817,12.26319,73.46468
36.42:  43.34817,12.26319,71.96468
36.44:  43.34817,12.26319,70.46468
36.45:  43.34817,12.26319,68.96468
36.47:  43.34817,12.26319,67.46468
36.49:  43.34817,12.26319,65.96468
36.5:  43.34817,12.26319,64.46468
36.52:  43.34817,12.26319,63.11605
36.54:  43.34817,12.26319,61.91581
36.55:  43.34817,12.26319,60.86517
36.57:  43.34817,12.26319,59.96488
36.59:  43.34817,12.26319,59.22108
36.6:  43.34817,12.26319,58.62734
36.62:  43.34817,12.26319,58.1815
36.64:  43.34817,12.26319,57.88311
36.65:  43.34817,12.26319,57.73553
36.67:  43.34817,12.26319,57.73553
36.69:  43.34817,12.26319,57.73553
36.7:  43.34817,12.26319,57.73553
36.72:  43.34817,12.26319,57.73553
36.74:  43.34817,12.26319,57.73553
36.75:  43.34817,12.26319,57.73553
36.77:  43.34817,12.26319,57.73553
36.79:  43.34817,12.26319,57.73553
36.8:  43.35913,12.27011,57.73553
36.82:  43.38015,12.28338,57.73553
36.84:  43.41159,12.30323,57.73553
36.85:  43.45425,12.33016,57.73553
36.87:  43.50737,12.36369,57.73553
36.89:  43.57053,12.40356,57.73553
36.9:  43.64492,12.45053,57.73553
36.92:  43.72879,12.50348,57.73553
36.94:  43.82344,12.56322,57.73553
36.95:  43.9293,12.63006,57.73553
36.97:  44.04911,12.70569,57.73553
36.99:  44.17329,12.78409,57.73553
37:  44.31258,12.87203,57.73553
37.02:  44.45743,12.96347,57.73553
37.04:  44.61709,13.06427,57.73553
37.05:  44.78624,13.17105,57.73553
37.07:  44.97465,13.28999,57.73553
37.09:  45.15836,13.40597,57.73553
37.1:  45.3562,13.53087,57.73553
37.12:  45.5692,13.66534,57.73553
37.14:  45.7792,13.79791,57.73553
37.15:  45.99133,13.93183,57.73553
37.17:  46.20208,14.06487,57.73553
37.19:  46.42016,14.20255,57.73553
37.2:  46.62739,14.33338,57.73553
37.22:  46.83574,14.46491,57.73553
37.24:  47.04812,14.59899,57.73553
37.25:  47.25903,14.73213,57.73553
37.27:  47.47679,14.86961,57.73553
37.29:  47.68565,15.00146,57.73553
37.3:  47.89985,15.13669,57.73553
37.32:  48.10763,15.26786,57.73553
37.34:  48.32354,15.40417,57.73553
37.35:  48.53822,15.53969,57.73553
37.37:  48.74463,15.67,57.73553
37.39:  48.9538,15.80206,57.73553
37.4:  49.16185,15.9334,57.73553
37.42:  49.3742,16.06746,57.73553
37.44:  49.58228,16.19882,57.73553
37.45:  49.76405,16.31357,57.73553
37.47:  49.94899,16.43032,57.73553
37.49:  50.11804,16.53704,57.73553
37.5:  50.27206,16.63428,57.73553
37.52:  50.41974,16.72751,57.73553
37.54:  50.55687,16.81408,57.73553
37.55:  50.70734,16.90907,57.73553
37.57:  50.86378,17.00783,57.73553
37.59:  51.0354,17.11618,57.73553
37.6:  51.21673,17.23065,57.73553
37.62:  51.40348,17.34855,57.73553
37.64:  51.60474,17.47561,57.73553
37.65:  51.81656,17.60933,57.73553
37.67:  52.03499,17.74723,57.73553
37.69:  52.24437,17.87941,57.73553
37.7:  52.45296,18.01109,57.73553
37.72:  52.66322,18.14383,57.73553
37.74:  52.87478,18.27739,57.73553
37.75:  53.08747,18.41166,57.73553
37.77:  53.29704,18.54397,57.73553
37.79:  53.50777,18.677,57.73553
37.8:  53.72039,18.81123,57.73553
37.82:  53.93053,18.9439,57.73553
37.84:  54.1403,19.07632,57.73553
37.85:  54.35286,19.21051,57.73553
37.87:  54.56565,19.34484,57.73553
37.89:  54.77742,19.47854,57.73553
37.9:  54.98762,19.61124,57.73553
37.92:  55.19975,19.74516,57.73553
37.94:  55.41616,19.88178,57.73553
37.95:  55.62194,20.01169,57.73553
37.97:  55.83208,20.14435,57.73553
37.99:  56.04337,20.27774,57.73553
38:  56.26139,20.41538,57.73553
38.02:  56.47063,20.54748,57.73553
38.04:  56.67159,20.67434,57.73553
38.05:  56.8595,20.79297,57.73553
38.07:  57.04145,20.90128,59.23553
38.09:  57.21561,20.99887,60.73553
38.1:  57.38618,21.08867,62.23553
38.12:  57.5397,21.16442,63.73553
38.14:  57.68786,21.23277,65.23553
38.15:  57.82483,21.29166,66.73553
38.17:  57.95425,21.34333,68.23553
38.19:  58.07048,21.38624,69.73553
38.2:  58.17688,21.42239,71.23553
38.22:  58.27303,21.45227,72.73553
38.24:  58.35774,21.47619,74.23554
38.25:  58.43045,21.49467,75.73554
38.27:  58.49117,21.50843,77.23554
38.29:  58.54075,21.5183,78.73554
38.3:  58.57888,21.52497,80.07885
38.32:  58.60286,21.52865,81.27583
38.34:  58.6151,21.5303,82.32042
38.35:  58.6151,21.5303,83.21623
38.37:  58.6151,21.5303,83.96394
38.39:  58.6151,21.5303,84.56331
38.4:  58.6151,21.5303,85.01488
38.42:  58.6151,21.5303,85.31448
38.44:  58.6151,21.5303,85.46466
38.45:  58.6151,21.5303,85.46609
38.47:  58.62771,21.5313,85.46609
38.49:  58.65274,21.53329,85.46609
38.5:  58.69009,21.53625,85.46609
38.52:  58.74049,21.54025,85.46609
38.54:  58.80209,21.54513,85.46609
38.55:  58.88011,21.55132,85.46609
38.57:  58.94104,21.55615,85.46609
38.59:  58.99174,21.56017,85.46609
38.6:  59.03045,21.56324,85.46609
38.62:  59.05611,21.56528,85.46609
38.64:  59.06936,21.56632,85.46609
38.65:  59.06936,21.56632,85.46609
38.67:  59.06936,21.56632,85.46609
38.69:  59.06936,21.56632,85.46609
38.7:  59.06936,21.56632,85.46609
38.72:  59.06936,21.56632,85.46609
38.74:  59.06936,21.56632,85.46609
38.75:  59.06936,21.56632,85.46609
38.77:  59.06936,21.56632,85.46609
38.79:  59.06936,21.56632,85.46609
38.8:  59.06936,21.56632,85.46609
38.82:  59.06936,21.56632,85.46609
38.84:  59.06936,21.56632,85.46609
38.85:  59.06936,21.56632,85.46609
38.87:  59.06936,21.56632,85.46609
38.89:  59.06936,21.56632,85.46609
38.9:  59.06936,21.56632,85.46609
38.92:  59.06936,21.56632,85.46609
38.94:  59.06936,21.56632,85.46609
38.95:  59.08194,21.56732,85.46609
38.97:  59.10673,21.56929,85.46609
38.99:  59.14409,21.57225,85.46609
39:  59.19403,21.57621,85.46609
39.02:  59.25838,21.58131,85.46609
39.04:  59.3313,21.5871,85.46609
39.05:  59.42159,21.59426,85.46609
39.07:  59.51972,21.60204,85.46609
39.09:  59.63116,21.61087,85.46609
39.1:  59.75981,21.62107,85.46609
39.12:  59.89654,21.63192,85.46609
39.14:  60.04188,21.64344,85.46609
39.15:  60.20375,21.65628,85.46609
39.17:  60.3837,21.67055,85.46609
39.19:  60.56495,21.68492,85.46609
39.2:  60.77008,21.70119,85.46609
39.22:  60.97965,21.71781,85.46609
39.24:  61.20295,21.73551,85.46609
39.25:  61.43875,21.75421,85.46609
39.27:  61.6858,21.7738,85.46609
39.29:  61.93842,21.79383,85.46609
39.3:  62.18436,21.81334,85.46609
39.32:  62.43492,21.8332,85.46609
39.34:  62.6842,21.85297,85.46609
39.35:  62.933,21.8727,85.46609
39.37:  63.18226,21.89247,85.46609
39.39:  63.43537,21.91254,85.46609
39.4:  63.681,21.93201,85.46609
39.42:  63.92977,21.95174,85.46609
39.44:  64.18694,21.97213,85.46609
39.45:  64.4321,21.99158,85.46609
39.47:  64.68244,22.01143,85.46609
39.49:  64.92986,22.03105,85.46609
39.5:  65.1763,22.05059,85.46609
39.52:  65.43282,22.07093,85.46609
39.54:  65.68644,22.09104,85.46609
39.55:  65.92839,22.11023,85.46609
39.57:  66.17978,22.13016,85.46609
39.59:  66.42123,22.14931,85.46609
39.6:  66.67159,22.16916,85.46609
39.62:  66.92145,22.18897,85.46609
39.64:  67.17947,22.20943,85.46609
39.65:  67.43048,22.22934,85.46609
39.67:  67.67147,22.24845,85.46609
39.69:  67.91979,22.26814,85.46609
39.7:  68.17513,22.28839,85.46609
39.72:  68.41724,22.30758,85.46609
39.74:  68.66605,22.32731,85.46609
39.75:  68.91492,22.34705,85.46609
39.79:  69.16553,22.36692,85.46609
39.8:  69.42961,22.38786,85.46609
39.82:  69.66204,22.40629,85.46609
39.84:  69.91303,22.4262,85.46609
39.85:  70.16931,22.44652,85.46609
39.87:  70.41447,22.46596,85.46609
39.89:  70.6608,22.48549,85.46609
39.9:  70.90894,22.50517,85.46609
39.92:  71.15777,22.5249,85.46609
39.94:  71.40923,22.54484,85.46609
39.95:  71.65968,22.5647,85.46609
39.97:  71.90478,22.58414,85.46609
39.99:  72.15337,22.60385,85.46609
40:  72.40408,22.62373,85.46609
40.02:  72.65285,22.64346,85.46609
40.04:  72.91283,22.66407,85.46609
40.05:  73.15131,22.68298,85.46609
40.07:  73.40467,22.70308,85.46609
40.09:  73.64887,22.72244,85.46609
40.1:  73.89994,22.74235,85.46609
40.12:  74.147,22.76194,85.46609
40.14:  74.39974,22.78198,85.46609
40.15:  74.65484,22.80221,85.46609
40.17:  74.895,22.82125,85.46609
40.19:  75.14435,22.84103,85.46609
40.2:  75.39555,22.86094,85.46609
40.22:  75.65969,22.88189,85.46609
40.24:  75.89751,22.90075,85.46609
40.25:  76.14477,22.92036,85.46609
40.27:  76.39883,22.9405,85.46609
40.29:  76.64649,22.96014,85.46609
40.3:  76.89898,22.98016,85.46609
40.32:  77.1412,22.99937,85.46609
40.34:  77.38727,23.01888,85.46609
40.35:  77.64484,23.03931,85.46609
40.37:  77.88464,23.05832,85.46609
40.39:  78.10378,23.0757,85.46609
40.4:  78.31307,23.0923,85.46609
40.42:  78.51064,23.10796,85.46609
40.44:  78.70197,23.12313,85.46609
40.45:  78.87303,23.1367,85.46609
40.47:  79.03556,23.14959,85.46609
40.49:  79.18604,23.16152,85.46609
40.5:  79.32257,23.17235,85.46609
40.52:  79.44775,23.18227,85.46609
40.54:  79.56079,23.19124,85.46609
40.55:  79.66061,23.19915,85.46609
40.57:  79.74857,23.20613,85.46609
40.59:  79.82333,23.21206,85.46609
40.6:  79.88628,23.21705,85.46609
40.62:  79.93657,23.22104,85.46609
40.64:  79.97413,23.22401,85.46609
40.65:  80.00007,23.22607,85.46609
40.67:  80.01237,23.22705,85.46609
40.69:  80.01237,23.22705,85.46609
40.7:  80.01237,23.22705,85.46609
40.72:  80.01237,23.22705,85.46609
40.74:  80.01237,23.22705,85.46609
40.75:  80.01237,23.22705,85.46609
40.77:  80.01237,23.22705,85.46609
40.79:  80.01237,23.22705,85.46609
40.8:  80.01237,23.22705,85.46609
40.82:  80.01237,23.22705,85.46609
40.84:  80.01237,23.22705,85.46609
40.85:  80.01237,23.22705,85.46609
40.87:  80.01237,23.22705,85.46609
40.89:  80.01237,23.22705,85.46609
40.9:  80.01237,23.22705,85.46609
40.92:  80.01237,23.22705,85.46609
40.94:  80.01237,23.22705,85.46609
40.95:  80.01237,23.22705,85.46609
40.97:  80.01237,23.22705,85.46609
40.99:  80.01237,23.22705,85.46609
41:  80.01237,23.22705,85.46609
41.02:  80.01237,23.22705,85.46609
41.04:  80.01237,23.22705,85.46609
41.05:  80.01237,23.22705,85.46609
41.07:  80.01237,23.22705,85.46609
41.09:  80.01237,23.22705,85.46609
41.1:  80.01237,23.22705,85.46609
41.12:  80.01237,23.22705,85.46609
41.14:  80.01237,23.22705,85.46609
41.15:  80.01237,23.22705,85.46609
41.17:  80.01237,23.22705,85.46609
41.19:  80.01237,23.22705,85.46609
41.2:  80.01237,23.22705,85.46609
41.22:  80.01237,23.22705,85.46609
41.24:  80.01237,23.22705,85.46609
41.25:  80.01237,23.22705,85.46609
41.27:  80.01237,23.22705,85.46609
41.29:  80.01237,23.22705,85.46609
41.3:  80.01237,23.22705,85.46609
41.32:  80.01237,23.22705,85.46609
41.34:  80.01237,23.22705,85.46609
41.35:  80.01237,23.22705,85.46609
41.37:  80.01237,23.22705,85.46609
41.39:  80.01237,23.22705,85.46609
41.4:  80.01237,23.22705,85.46609
41.42:  80.01237,23.22705,85.46609
41.44:  80.01237,23.22705,85.46609
41.45:  80.01237,23.22705,85.46609
41.47:  80.01237,23.22705,85.46609
41.49:  80.01237,23.22705,85.46609
41.5:  80.01237,23.22705,85.46609
41.52:  80.01237,23.22705,85.46609
41.54:  80.01237,23.22705,85.46609
41.55:  80.01237,23.22705,85.46609
41.57:  80.01237,23.22705,85.46609
41.59:  80.01237,23.22705,85.46609
41.6:  80.01237,23.22705,85.46609
41.62:  80.01237,23.22705,85.46609
41.64:  80.01237,23.22705,85.46609
41.65:  80.01237,23.22705,85.46609
41.67:  80.01237,23.22705,85.46609
41.69:  80.01237,23.22705,85.46609
41.7:  80.01237,23.22705,85.46609
41.72:  80.01237,23.22705,85.46609
41.74:  80.01237,23.22705,85.46609
41.75:  80.01237,23.22705,85.46609
41.77:  80.01237,23.22705,85.46609
41.79:  80.01237,23.22705,85.46609
41.8:  80.01237,23.22705,85.46609
41.82:  80.01237,23.22705,85.46609
41.84:  80.01237,23.22705,85.46609
41.85:  80.01237,23.22705,85.46609
41.87:  80.01237,23.22705,85.46609
41.89:  80.01237,23.22705,85.46609
41.9:  80.01237,23.22705,85.46609
41.92:  80.01237,23.22705,85.46609
41.94:  80.01237,23.22705,85.46609
41.95:  80.01237,23.22705,85.46609
41.97:  80.01237,23.22705,85.46609
41.99:  80.01237,23.22705,85.46609
42:  80.01237,23.22705,85.46609
42.02:  80.01237,23.22705,85.46609
42.04:  80.01237,23.22705,85.46609
42.05:  80.01237,23.22705,85.46609
42.07:  80.01237,23.22705,85.46609
42.09:  80.01237,23.22705,85.46609
42.1:  80.01237,23.22705,85.46609
42.12:  80.01237,23.22705,85.46609
42.14:  80.01237,23.22705,85.46609
42.15:  80.01237,23.22705,85.46609
42.17:  80.01237,23.22705,85.46609
42.19:  80.01237,23.22705,85.46609
42.2:  80.01237,23.22705,85.46609
42.22:  80.01237,23.22705,85.46609
42.24:  80.01237,23.22705,85.46609
42.25:  80.01237,23.22705,85.46609
42.27:  80.01237,23.22705,85.46609
42.29:  80.01237,23.22705,85.46609
42.3:  80.01237,23.22705,85.46609
42.32:  80.01237,23.22705,85.46609
42.34:  80.01237,23.22705,85.46609
42.35:  80.01237,23.22705,85.46609
42.37:  80.01237,23.22705,85.46609
42.39:  80.01237,23.22705,85.46609
42.4:  80.01237,23.22705,85.46609
42.42:  80.01237,23.22705,85.46609
42.44:  80.01237,23.22705,85.46609
42.45:  80.01237,23.22705,85.46609
42.47:  80.01237,23.22705,85.46609
42.49:  80.01237,23.22705,85.46609
42.5:  80.01237,23.22705,85.46609
42.52:  80.01237,23.22705,85.46609
42.54:  80.01237,23.22705,85.46609
42.55:  80.01237,23.22705,85.46609
42.57:  80.01237,23.22705,85.46609
42.59:  80.01237,23.22705,85.46609
42.6:  80.01237,23.22705,85.46609
42.62:  80.01237,23.22705,85.46609
42.64:  80.01237,23.22705,85.46609
42.65:  80.01237,23.22705,85.46609
42.67:  80.01237,23.22705,85.46609
42.69:  80.01237,23.22705,85.46609
42.7:  80.01237,23.22705,85.46609
42.72:  80.01237,23.22705,85.46609
42.74:  80.01237,23.22705,85.46609
42.75:  80.01237,23.22705,85.46609
42.77:  80.01237,23.22705,85.46609
42.79:  80.01237,23.22705,85.46609
42.8:  80.01237,23.22705,85.46609
42.82:  80.01237,23.22705,85.46609
42.84:  80.01237,23.22705,85.46609
42.85:  80.01237,23.22705,85.46609
42.87:  80.01237,23.22705,85.46609
42.89:  80.01237,23.22705,85.46609
42.9:  80.01237,23.22705,85.46609
42.92:  80.01237,23.22705,85.46609
42.94:  80.01237,23.22705,85.46609
42.95:  80.01237,23.22705,85.46609
42.97:  80.01237,23.22705,85.46609
42.99:  80.01237,23.22705,85.46609
43:  80.01237,23.22705,85.46609
43.02:  80.01237,23.22705,85.46609
43.04:  80.01237,23.22705,85.46609
43.05:  80.01237,23.22705,85.46609
43.07:  80.01237,23.22705,85.46609
43.09:  80.01237,23.22705,85.46609
43.1:  80.01237,23.22705,85.46609
43.12:  80.01237,23.22705,85.46609
43.14:  80.01237,23.22705,85.46609
43.15:  80.01237,23.22705,85.46609
43.17:  80.01237,23.22705,85.46609
43.19:  80.01237,23.22705,85.46609
43.2:  80.01237,23.22705,85.46609
43.22:  80.01237,23.22705,85.46609
43.24:  80.01237,23.22705,85.46609
43.25:  80.01237,23.22705,85.46609
43.27:  80.01237,23.22705,85.46609
43.29:  80.01237,23.22705,85.46609
43.3:  80.01237,23.22705,85.46609
43.32:  80.01237,23.22705,85.46609
43.34:  80.01237,23.22705,85.46609
43.35:  80.01237,23.22705,85.46609
43.37:  80.01237,23.22705,85.46609
43.39:  80.01237,23.22705,85.46609
43.4:  80.01237,23.22705,85.46609
43.42:  80.01237,23.22705,85.46609
43.44:  80.01237,23.22705,85.46609
43.45:  80.01237,23.22705,85.46609
43.47:  80.01237,23.22705,85.46609
43.49:  80.01237,23.22705,85.46609
43.5:  80.01237,23.22705,85.46609
43.52:  80.01237,23.22705,85.46609
43.54:  80.01237,23.22705,85.46609
43.55:  80.01237,23.22705,85.46609
43.57:  80.01237,23.22705,85.46609
43.59:  80.01237,23.22705,85.46609
43.6:  80.01237,23.22705,85.46609
43.62:  80.01237,23.22705,85.46609
43.64:  80.01237,23.22705,85.46609
43.65:  80.01237,23.22705,85.46609
43.67:  80.01237,23.22705,85.46609
43.69:  80.01237,23.22705,85.46609
43.7:  80.01237,23.22705,85.46609
43.72:  80.01237,23.22705,85.46609
43.74:  80.01237,23.22705,85.46609
43.75:  80.01237,23.22705,85.46609
43.77:  80.01237,23.22705,85.46609
43.79:  80.01237,23.22705,85.46609
43.8:  80.01237,23.22705,85.46609
43.82:  80.01237,23.22705,85.46609
43.84:  80.01237,23.22705,85.46609
43.85:  80.01237,23.22705,85.46609
43.87:  80.01237,23.22705,85.46609
43.89:  80.01237,23.22705,85.46609
43.9:  80.01237,23.22705,85.46609
43.92:  80.01237,23.22705,85.46609
43.94:  80.01237,23.22705,85.46609
43.95:  80.01237,23.22705,85.46609
43.97:  80.01237,23.22705,85.46609
43.99:  80.01237,23.22705,85.46609
44:  80.01237,23.22705,85.46609
44.02:  80.01237,23.22705,85.46609
44.04:  80.01237,23.22705,85.46609
44.05:  80.01237,23.22705,85.46609
44.07:  80.01237,23.22705,85.46609
44.09:  80.01237,23.22705,85.46609
44.1:  80.01237,23.22705,85.46609
44.12:  80.01237,23.22705,85.46609
44.14:  80.01237,23.22705,85.46609
44.15:  80.01237,23.22705,85.46609
44.17:  80.01237,23.22705,85.46609
44.19:  80.01237,23.22705,85.46609
44.2:  80.01237,23.22705,85.46609
44.22:  80.01237,23.22705,85.46609
44.24:  80.01237,23.22705,85.46609
44.25:  80.01237,23.22705,85.46609
44.27:  80.01237,23.22705,85.46609
44.29:  80.01237,23.22705,85.46609
44.3:  80.01237,23.22705,85.46609
44.32:  80.01237,23.22705,85.46609
44.34:  80.01237,23.22705,85.46609
44.35:  80.01237,23.22705,85.46609
44.37:  80.01237,23.22705,85.46609
44.39:  80.01237,23.22705,85.46609
44.4:  80.01237,23.22705,85.46609
44.42:  80.01237,23.22705,85.46609
44.44:  80.01237,23.22705,85.46609
44.45:  80.01237,23.22705,85.46609
44.47:  80.01237,23.22705,85.46609
44.49:  80.01237,23.22705,85.46609
44.5:  80.01237,23.22705,85.46609
44.52:  80.01237,23.22705,85.46609
44.54:  80.01237,23.22705,85.46609
44.55:  80.01237,23.22705,85.46609
44.57:  80.01237,23.22705,85.46609
44.59:  80.01237,23.22705,85.46609
44.6:  80.01237,23.22705,85.46609
44.62:  80.01237,23.22705,85.46609
44.64:  80.01237,23.22705,85.46609
44.65:  80.01237,23.22705,85.46609
44.67:  80.01237,23.22705,85.46609
44.69:  80.01237,23.22705,85.46609
44.7:  80.01237,23.22705,85.46609
44.72:  80.01237,23.22705,85.46609
44.74:  80.01237,23.22705,85.46609
44.75:  80.01237,23.22705,85.46609
44.77:  80.01237,23.22705,85.46609
44.79:  80.01237,23.22705,85.46609
44.8:  80.01237,23.22705,85.46609
44.82:  80.01237,23.22705,85.46609
44.84:  80.01237,23.22705,85.46609
44.85:  80.01237,23.22705,85.46609
44.87:  80.01237,23.22705,85.46609
44.89:  80.01237,23.22705,85.46609
44.9:  80.01237,23.22705,85.46609
44.92:  80.01237,23.22705,85.46609
44.94:  80.01237,23.22705,85.46609
44.95:  80.01237,23.22705,85.46609
44.97:  80.01237,23.22705,85.46609
44.99:  80.01237,23.22705,85.46609
45:  80.01237,23.22705,85.46609
45.02:  80.01237,23.22705,85.46609
45.04:  80.01237,23.22705,85.46609
45.05:  80.01237,23.22705,85.46609
45.07:  80.01237,23.22705,85.46609
45.09:  80.01237,23.22705,85.46609
45.1:  80.01237,23.22705,85.46609
45.12:  80.01237,23.22705,85.46609
45.14:  80.01237,23.22705,85.46609
45.15:  80.01237,23.22705,85.46609
45.17:  80.01237,23.22705,85.46609
45.19:  80.01237,23.22705,85.46609
45.2:  80.01237,23.22705,85.46609
45.22:  80.01237,23.22705,85.46609
45.24:  80.01237,23.22705,85.46609
45.25:  80.01237,23.22705,85.46609
45.27:  80.01237,23.22705,85.46609
45.29:  80.01237,23.22705,85.46609
45.3:  80.01237,23.22705,85.46609
45.32:  80.01237,23.22705,85.46609
45.34:  80.01237,23.22705,85.46609
45.35:  80.01237,23.22705,85.46609
45.37:  80.01237,23.22705,85.46609
45.39:  80.01237,23.22705,85.46609
45.4:  80.01237,23.22705,85.46609
45.42:  80.01237,23.22705,85.46609
45.44:  80.01237,23.22705,85.46609
45.45:  80.01237,23.22705,85.46609
45.47:  80.01237,23.22705,85.46609
45.49:  80.01237,23.22705,85.46609
45.5:  80.01237,23.22705,85.46609
45.52:  80.01237,23.22705,85.46609
45.54:  80.01237,23.22705,85.46609
45.55:  80.01237,23.22705,85.46609
45.57:  80.01237,23.22705,85.46609
45.59:  80.01237,23.22705,85.46609
45.6:  80.01237,23.22705,85.46609
45.62:  80.01237,23.22705,85.46609
45.64:  80.01237,23.22705,85.46609
45.65:  80.01237,23.22705,85.46609
45.67:  80.01237,23.22705,85.46609
45.69:  80.01237,23.22705,85.46609
45.7:  80.01237,23.22705,85.46609
45.72:  80.01237,23.22705,85.46609
45.74:  80.01237,23.22705,85.46609
45.75:  80.01237,23.22705,85.46609
45.77:  80.01237,23.22705,85.46609
45.79:  80.01237,23.22705,85.46609
45.8:  80.01237,23.22705,85.46609
45.82:  80.01237,23.22705,85.46609
45.84:  80.01237,23.22705,85.46609
45.85:  80.01237,23.22705,85.46609
45.87:  80.01237,23.22705,85.46609
45.89:  80.01237,23.22705,85.46609
45.9:  80.01237,23.22705,85.46609
45.92:  80.01237,23.22705,85.46609
45.94:  80.01237,23.22705,85.46609
45.95:  80.01237,23.22705,85.46609
45.97:  80.01237,23.22705,85.46609
45.99:  80.01237,23.22705,85.46609
46:  80.01237,23.22705,85.46609
46.02:  80.01237,23.22705,85.46609
46.04:  80.01237,23.22705,85.46609
46.05:  80.01237,23.22705,85.46609
46.07:  80.01237,23.22705,85.46609
46.09:  80.01237,23.22705,85.46609
46.1:  80.01237,23.22705,85.46609
46.12:  80.01237,23.22705,85.46609
46.14:  80.01237,23.22705,85.46609
46.15:  80.01237,23.22705,85.46609
46.17:  80.01237,23.22705,85.46609
46.19:  80.01237,23.22705,85.46609
46.2:  80.01237,23.22705,85.46609
46.22:  80.01237,23.22705,85.46609
46.24:  80.01237,23.22705,85.46609
46.25:  80.01237,23.22705,85.46609
46.27:  80.01237,23.22705,85.46609
46.29:  80.01237,23.22705,85.46609
46.3:  80.01237,23.22705,85.46609
46.32:  80.01237,23.22705,85.46609
46.34:  80.01237,23.22705,85.46609
46.35:  80.01237,23.22705,85.46609
46.37:  80.01237,23.22705,85.46609
46.39:  80.01237,23.22705,85.46609
46.4:  80.01237,23.22705,85.46609
46.42:  80.01237,23.22705,85.46609
46.44:  80.01237,23.22705,85.46609
46.45:  80.01237,23.22705,85.46609
46.47:  80.01237,23.22705,85.46609
46.49:  80.01237,23.22705,85.46609
46.5:  80.01237,23.22705,85.46609
46.52:  80.01237,23.22705,85.46609
46.54:  80.01237,23.22705,85.46609
46.55:  80.01237,23.22705,85.46609
46.57:  80.01237,23.22705,85.46609
46.59:  80.01237,23.22705,85.46609
46.6:  80.01237,23.22705,85.46609
46.62:  80.01237,23.22705,85.46609
46.64:  80.01237,23.22705,85.46609
46.65:  80.01237,23.22705,85.46609
46.67:  80.01237,23.22705,85.46609
46.69:  80.01237,23.22705,85.46609
46.7:  80.01237,23.22705,85.46609
46.72:  80.01237,23.22705,85.46609
46.74:  80.01237,23.22705,85.46609
46.75:  80.01237,23.22705,85.46609
46.77:  80.01237,23.22705,85.46609
46.79:  80.01237,23.22705,85.46609
46.8:  80.01237,23.22705,85.46609
46.82:  80.01237,23.22705,85.46609
46.84:  80.01237,23.22705,85.46609
46.85:  80.01237,23.22705,85.46609
46.87:  80.01237,23.22705,85.46609
46.89:  80.01237,23.22705,85.46609
46.9:  80.01237,23.22705,85.46609
46.92:  80.01237,23.22705,85.46609
46.94:  80.01237,23.22705,85.46609
46.95:  80.01237,23.22705,85.46609
46.97:  80.01237,23.22705,85.46609
46.99:  80.01237,23.22705,85.46609
47:  80.01237,23.22705,85.46609
47.02:  80.01237,23.22705,85.46609
47.04:  80.01237,23.22705,85.46609
47.05:  80.01237,23.22705,85.46609
47.07:  80.01237,23.22705,85.46609
47.09:  80.01237,23.22705,85.46609
47.1:  80.01237,23.22705,85.46609
47.12:  80.01237,23.22705,85.46609
47.14:  80.01237,23.22705,85.46609
47.15:  80.01237,23.22705,85.46609
47.17:  80.01237,23.22705,85.46609
47.19:  80.01237,23.22705,85.46609
47.2:  80.01237,23.22705,85.46609
47.22:  80.01237,23.22705,85.46609
47.24:  80.01237,23.22705,85.46609
47.25:  80.01237,23.22705,85.46609
47.27:  80.01237,23.22705,85.46609
47.29:  80.01237,23.22705,85.46609
47.3:  80.01237,23.22705,85.46609
47.32:  80.01237,23.22705,85.46609
47.34:  80.01237,23.22705,85.46609
47.35:  80.01237,23.22705,85.46609
47.37:  80.01237,23.22705,85.46609
47.39:  80.01237,23.22705,85.46609
47.4:  80.01237,23.22705,85.46609
47.42:  80.01237,23.22705,85.46609
47.44:  80.01237,23.22705,85.46609
47.45:  80.01237,23.22705,85.46609
47.47:  80.01237,23.22705,85.46609
47.49:  80.01237,23.22705,85.46609
47.5:  80.01237,23.22705,85.46609
47.52:  80.01237,23.22705,85.46609
47.54:  80.01237,23.22705,85.46609
47.55:  80.01237,23.22705,85.46609
47.57:  80.01237,23.22705,85.46609
47.59:  80.01237,23.22705,85.46609
