ParticipantNo: 21015
Controller type: Arrows Only
Training Level:
0.02:  82.7,18.5,270
0.04:  82.7,18.5,270
0.06:  82.7,18.5,270
0.08:  82.7,18.5,270
0.1:  82.7,18.5,270
0.12:  82.7,18.5,270
0.13:  82.7,18.5,270
0.15:  82.7,18.5,270
0.17:  82.7,18.5,270
0.18:  82.7,18.5,270
0.2:  82.7,18.5,270
0.22:  82.7,18.5,270
0.23:  82.7,18.5,270
0.25:  82.7,18.5,270
0.27:  82.7,18.5,270
0.28:  82.7,18.5,270
0.3:  82.7,18.5,270
0.32:  82.7,18.5,270
0.33:  82.7,18.5,270
0.35:  82.7,18.5,270
0.37:  82.7,18.5,270
0.38:  82.7,18.5,270
0.4:  82.7,18.5,270
0.42:  82.7,18.5,270
0.43:  82.7,18.5,270
0.45:  82.7,18.5,270
0.47:  82.7,18.5,270
0.48:  82.7,18.5,270
0.5:  82.7,18.5,270
0.52:  82.7,18.5,270
0.53:  82.7,18.5,270
0.55:  82.7,18.5,270
0.57:  82.7,18.5,270
0.58:  82.7,18.5,270
0.6:  82.7,18.5,270
0.62:  82.7,18.5,270
0.63:  82.7,18.5,270
0.65:  82.7,18.5,270
0.67:  82.7,18.5,270
0.68:  82.7,18.5,270
0.7:  82.7,18.5,270
0.72:  82.7,18.5,270
0.73:  82.7,18.5,270
0.75:  82.7,18.5,270
0.77:  82.7,18.5,270
0.78:  82.7,18.5,270
0.8:  82.7,18.5,270
0.82:  82.7,18.5,270
0.83:  82.7,18.5,270
0.85:  82.7,18.5,270
0.87:  82.7,18.5,270
0.88:  82.7,18.5,270
0.9:  82.7,18.5,270
0.92:  82.7,18.5,270
0.93:  82.7,18.5,270
0.95:  82.7,18.5,270
0.97:  82.7,18.5,270
0.98:  82.7,18.5,270
1:  82.7,18.5,270
1.02:  82.7,18.5,270
1.03:  82.7,18.5,270
1.05:  82.7,18.5,270
1.07:  82.7,18.5,270
1.08:  82.7,18.5,270
1.1:  82.7,18.5,270
1.12:  82.7,18.5,270
1.13:  82.7,18.5,270
1.15:  82.7,18.5,270
1.17:  82.7,18.5,270
1.18:  82.7,18.5,270
1.2:  82.7,18.5,270
1.22:  82.7,18.5,270
1.23:  82.7,18.5,270
1.25:  82.7,18.5,270
1.27:  82.7,18.5,270
1.28:  82.7,18.5,270
1.3:  82.7,18.5,270
1.32:  82.7,18.5,270
1.33:  82.7,18.5,270
1.35:  82.7,18.5,270
1.37:  82.7,18.5,270
1.38:  82.7,18.5,270
1.4:  82.7,18.5,270
1.42:  82.7,18.5,270
1.43:  82.7,18.5,270
1.45:  82.7,18.5,270
1.47:  82.7,18.5,270
1.48:  82.7,18.5,270
1.5:  82.7,18.5,270
1.52:  82.7,18.5,270
1.53:  82.7,18.5,270
1.55:  82.7,18.5,270
1.57:  82.7,18.5,270
1.58:  82.7,18.5,270
1.6:  82.7,18.5,270
1.62:  82.7,18.5,270
1.63:  82.7,18.5,270
1.65:  82.7,18.5,270
1.67:  82.7,18.5,270
1.68:  82.7,18.5,270
1.7:  82.7,18.5,270
1.72:  82.7,18.5,270
1.73:  82.7,18.5,270
1.75:  82.7,18.5,270
1.77:  82.7,18.5,270
1.78:  82.7,18.5,270
1.8:  82.7,18.5,270
1.82:  82.7,18.5,270
1.83:  82.7,18.5,270
1.85:  82.7,18.5,270
1.87:  82.7,18.5,270
1.88:  82.7,18.5,270
1.9:  82.7,18.5,270
1.92:  82.7,18.5,270
1.93:  82.7,18.5,270
1.95:  82.7,18.5,270
1.97:  82.7,18.5,270
1.98:  82.7,18.5,270
2:  82.7,18.5,270
2.02:  82.7,18.5,270
2.03:  82.7,18.5,270
2.05:  82.7,18.5,270
2.07:  82.7,18.5,270
2.08:  82.7,18.5,270
2.1:  82.7,18.5,270
2.12:  82.7,18.5,270
2.13:  82.7,18.5,270
2.15:  82.7,18.5,270
2.17:  82.7,18.5,270
2.18:  82.7,18.5,270
2.2:  82.7,18.5,270
2.22:  82.7,18.5,270
2.23:  82.7,18.5,270
2.25:  82.7,18.5,270
2.27:  82.7,18.5,270
2.28:  82.7,18.5,270
2.3:  82.7,18.5,270
2.32:  82.7,18.5,270
2.33:  82.7,18.5,270
2.35:  82.7,18.5,270
2.37:  82.7,18.5,270
2.38:  82.7,18.5,270
2.4:  82.7,18.5,270
2.42:  82.7,18.5,270
2.43:  82.7,18.5,270
2.45:  82.7,18.5,270
2.47:  82.7,18.5,270
2.48:  82.7,18.5,270
2.5:  82.7,18.5,270
2.52:  82.7,18.5,270
2.53:  82.7,18.5,270
2.55:  82.7,18.5,270
2.57:  82.7,18.5,270
2.58:  82.7,18.5,270
2.6:  82.7,18.5,270
2.62:  82.7,18.5,270
2.63:  82.7,18.5,270
2.65:  82.7,18.5,270
2.67:  82.7,18.5,270
2.68:  82.7,18.5,270
2.7:  82.7,18.5,270
2.72:  82.7,18.5,270
2.73:  82.7,18.5,270
2.75:  82.7,18.5,270
2.77:  82.7,18.5,270
2.78:  82.7,18.5,270
2.8:  82.7,18.5,270
2.82:  82.7,18.5,270
2.83:  82.7,18.5,270
2.85:  82.7,18.5,270
2.87:  82.7,18.5,270
2.88:  82.7,18.5,270
2.9:  82.7,18.5,270
2.92:  82.7,18.5,270
2.93:  82.7,18.5,270
2.95:  82.7,18.5,270
2.97:  82.7,18.5,270
2.98:  82.7,18.5,270
3:  82.7,18.5,270
3.02:  82.7,18.5,270
3.03:  82.7,18.5,270
3.05:  82.7,18.5,270
3.07:  82.7,18.5,270
3.08:  82.7,18.5,270
3.1:  82.7,18.5,270
3.12:  82.7,18.5,270
3.13:  82.7,18.5,270
3.15:  82.7,18.5,270
3.17:  82.7,18.5,270
3.18:  82.7,18.5,270
3.2:  82.7,18.5,270
3.22:  82.7,18.5,270
3.23:  82.7,18.5,270
3.25:  82.7,18.5,270
3.27:  82.7,18.5,270
3.28:  82.7,18.5,270
3.3:  82.7,18.5,270
3.32:  82.7,18.5,270
3.33:  82.7,18.5,270
3.35:  82.7,18.5,270
3.37:  82.7,18.5,270
3.38:  82.7,18.5,270
3.4:  82.7,18.5,270
3.42:  82.7,18.5,270
3.43:  82.7,18.5,270
3.45:  82.7,18.5,270
3.47:  82.7,18.5,270
3.48:  82.7,18.5,270
3.5:  82.7,18.5,270
3.52:  82.7,18.5,270
3.53:  82.7,18.5,270
3.55:  82.7,18.5,270
3.57:  82.7,18.5,270
3.58:  82.7,18.5,270
3.6:  82.7,18.5,270
3.62:  82.7,18.5,270
3.63:  82.7,18.5,270
3.65:  82.7,18.5,270
3.67:  82.7,18.5,270
3.68:  82.7,18.5,270
3.7:  82.7,18.5,270
3.72:  82.7,18.5,270
3.73:  82.7,18.5,270
3.75:  82.7,18.5,270
3.77:  82.7,18.5,270
3.78:  82.7,18.5,270
3.8:  82.7,18.5,270
3.82:  82.7,18.5,270
3.83:  82.7,18.5,270
3.85:  82.7,18.5,270
3.87:  82.7,18.5,270
3.88:  82.7,18.5,270
3.9:  82.7,18.5,270
3.92:  82.7,18.5,270
3.93:  82.7,18.5,270
3.95:  82.7,18.5,270
3.97:  82.7,18.5,270
3.98:  82.7,18.5,270
4:  82.7,18.5,270
4.02:  82.7,18.5,270
4.03:  82.7,18.5,270
4.05:  82.7,18.5,270
4.07:  82.7,18.5,270
4.08:  82.7,18.5,270
4.1:  82.7,18.5,270
4.12:  82.7,18.5,270
4.13:  82.7,18.5,270
4.15:  82.7,18.5,270
4.17:  82.7,18.5,270
4.18:  82.7,18.5,270
4.2:  82.7,18.5,270
4.22:  82.7,18.5,270
4.23:  82.7,18.5,270
4.25:  82.7,18.5,270
4.27:  82.7,18.5,270
4.28:  82.7,18.5,270
4.3:  82.7,18.5,270
4.32:  82.7,18.5,270
4.33:  82.7,18.5,270
4.35:  82.7,18.5,270
4.37:  82.7,18.5,270
4.38:  82.7,18.5,270
4.4:  82.7,18.5,270
4.42:  82.7,18.5,270
4.43:  82.7,18.5,270
4.45:  82.7,18.5,270
4.47:  82.7,18.5,270
4.48:  82.7,18.5,270
4.5:  82.7,18.5,270
4.52:  82.7,18.5,270
4.53:  82.7,18.5,270
4.55:  82.7,18.5,270
4.57:  82.7,18.5,270
4.58:  82.7,18.5,270
4.6:  82.7,18.5,270
4.62:  82.7,18.5,270
4.63:  82.7,18.5,270
4.65:  82.7,18.5,270
4.67:  82.7,18.5,270
4.68:  82.7,18.5,270
4.7:  82.7,18.5,270
4.72:  82.7,18.5,270
4.73:  82.7,18.5,270
4.75:  82.7,18.5,270
4.77:  82.7,18.5,270
4.78:  82.7,18.5,270
4.8:  82.7,18.5,270
4.82:  82.7,18.5,270
4.83:  82.7,18.5,270
4.85:  82.7,18.5,270
4.87:  82.7,18.5,270
4.88:  82.7,18.5,270
4.9:  82.7,18.5,270
4.92:  82.7,18.5,270
4.93:  82.7,18.5,270
4.95:  82.7,18.5,270
4.97:  82.7,18.5,270
4.98:  82.7,18.5,270
5:  82.7,18.5,270
5.02:  82.7,18.5,270
5.03:  82.7,18.5,270
5.05:  82.7,18.5,270
5.07:  82.7,18.5,270
5.08:  82.7,18.5,270
5.1:  82.7,18.5,270
5.12:  82.7,18.5,270
5.13:  82.7,18.5,270
5.15:  82.7,18.5,270
5.17:  82.7,18.5,270
5.18:  82.7,18.5,270
5.2:  82.7,18.5,270
5.22:  82.7,18.5,270
5.23:  82.7,18.5,270
5.25:  82.7,18.5,270
5.27:  82.7,18.5,270
5.28:  82.7,18.5,270
5.3:  82.7,18.5,270
5.32:  82.7,18.5,270
5.33:  82.7,18.5,270
5.35:  82.7,18.5,270
5.37:  82.7,18.5,270
5.38:  82.7,18.5,270
5.4:  82.7,18.5,270
5.42:  82.7,18.5,270
5.43:  82.7,18.5,270
5.45:  82.7,18.5,270
5.47:  82.7,18.5,270
5.48:  82.7,18.5,270
5.5:  82.7,18.5,270
5.52:  82.7,18.5,270
5.53:  82.7,18.5,270
5.55:  82.7,18.5,270
5.57:  82.7,18.5,270
5.58:  82.7,18.5,270
5.6:  82.7,18.5,270
5.62:  82.7,18.5,270
5.63:  82.7,18.5,270
5.65:  82.7,18.5,270
5.67:  82.7,18.5,270
5.68:  82.7,18.5,270
5.7:  82.7,18.5,270
5.72:  82.7,18.5,270
5.73:  82.7,18.5,270
5.75:  82.7,18.5,270
5.77:  82.7,18.5,270
5.78:  82.7,18.5,270
5.8:  82.7,18.5,270
5.82:  82.7,18.5,270
5.83:  82.7,18.5,270
5.85:  82.7,18.5,270
5.87:  82.7,18.5,270
5.88:  82.7,18.5,270
5.9:  82.7,18.5,270
5.92:  82.7,18.5,270
5.93:  82.7,18.5,270
5.95:  82.7,18.5,270
5.97:  82.7,18.5,270
5.98:  82.7,18.5,270
6:  82.7,18.5,270
6.02:  82.7,18.5,270
6.03:  82.7,18.5,270
6.05:  82.7,18.5,270
6.07:  82.7,18.5,270
6.08:  82.7,18.5,270
6.1:  82.7,18.5,270
6.12:  82.7,18.5,270
6.13:  82.7,18.5,270
6.15:  82.7,18.5,270
6.17:  82.7,18.5,270
6.18:  82.7,18.5,270
6.2:  82.7,18.5,270
6.22:  82.7,18.5,270
6.23:  82.7,18.5,270
6.25:  82.7,18.5,270
6.27:  82.7,18.5,270
6.28:  82.7,18.5,270
6.3:  82.7,18.5,270
6.32:  82.7,18.5,270
6.33:  82.7,18.5,270
6.35:  82.7,18.5,270
6.37:  82.7,18.5,270
6.38:  82.7,18.5,270
6.4:  82.7,18.5,270
6.42:  82.7,18.5,270
6.43:  82.7,18.5,270
6.45:  82.7,18.5,270
6.47:  82.7,18.5,270
6.48:  82.7,18.5,270
6.5:  82.7,18.5,270
6.52:  82.7,18.5,270
6.53:  82.7,18.5,270
6.55:  82.7,18.5,270
6.57:  82.7,18.5,270
6.58:  82.7,18.5,270
6.6:  82.7,18.5,270
6.62:  82.7,18.5,270
6.63:  82.7,18.5,270
6.65:  82.7,18.5,270
6.67:  82.7,18.5,270
6.68:  82.7,18.5,270
6.7:  82.7,18.5,270
6.72:  82.7,18.5,270
6.73:  82.7,18.5,270
6.75:  82.7,18.5,270
6.77:  82.7,18.5,270
6.78:  82.7,18.5,270
6.8:  82.7,18.5,270
6.82:  82.7,18.5,270
6.83:  82.7,18.5,270
6.85:  82.7,18.5,270
6.87:  82.7,18.5,270
6.88:  82.7,18.5,270
6.9:  82.7,18.5,270
6.92:  82.7,18.5,270
6.93:  82.7,18.5,270
6.95:  82.7,18.5,270
6.97:  82.7,18.5,270
6.98:  82.7,18.5,270
7:  82.7,18.5,270
7.02:  82.7,18.5,270
7.03:  82.7,18.5,270
7.05:  82.7,18.5,270
7.07:  82.7,18.5,270
7.08:  82.7,18.5,270
7.1:  82.7,18.5,270
7.12:  82.7,18.5,270
7.13:  82.7,18.5,270
7.15:  82.7,18.5,270
7.17:  82.7,18.5,270
7.18:  82.7,18.5,270
7.2:  82.7,18.5,270
7.22:  82.7,18.5,270
7.23:  82.7,18.5,270
7.25:  82.7,18.5,270
7.27:  82.7,18.5,270
7.28:  82.7,18.5,270
7.3:  82.7,18.5,270
7.32:  82.7,18.5,270
7.33:  82.7,18.5,270
7.35:  82.7,18.5,270
7.37:  82.7,18.5,270
7.38:  82.7,18.5,270
7.4:  82.7,18.5,270
7.42:  82.7,18.5,270
7.43:  82.7,18.5,270
7.45:  82.7,18.5,270
7.47:  82.7,18.5,270
7.48:  82.7,18.5,270
7.5:  82.7,18.5,270
7.52:  82.7,18.5,270
7.53:  82.7,18.5,270
7.55:  82.7,18.5,270
7.57:  82.7,18.5,270
7.58:  82.7,18.5,270
7.6:  82.7,18.5,270
7.62:  82.7,18.5,270
7.63:  82.7,18.5,270
7.65:  82.7,18.5,270
7.67:  82.7,18.5,270
7.68:  82.7,18.5,270
7.7:  82.7,18.5,270
7.72:  82.7,18.5,270
7.73:  82.7,18.5,270
7.75:  82.7,18.5,270
7.77:  82.7,18.5,270
7.78:  82.7,18.5,270
7.8:  82.7,18.5,270
7.82:  82.7,18.5,270
7.83:  82.7,18.5,270
7.85:  82.7,18.5,270
7.87:  82.7,18.5,270
7.88:  82.7,18.5,270
7.9:  82.7,18.5,270
7.92:  82.7,18.5,270
7.93:  82.7,18.5,270
7.95:  82.7,18.5,270
7.97:  82.7,18.5,270
7.98:  82.7,18.5,270
8:  82.7,18.5,270
8.02:  82.7,18.5,270
8.03:  82.7,18.5,270
8.05:  82.7,18.5,270
8.07:  82.7,18.5,270
8.08:  82.7,18.5,270
8.1:  82.7,18.5,270
8.12:  82.7,18.5,270
8.13:  82.7,18.5,270
8.15:  82.7,18.5,270
8.17:  82.7,18.5,270
8.18:  82.7,18.5,270
8.2:  82.7,18.5,270
8.22:  82.7,18.5,270
8.23:  82.7,18.5,270
8.25:  82.7,18.5,270
8.27:  82.7,18.5,270
8.28:  82.7,18.5,270
8.3:  82.7,18.5,270
8.32:  82.7,18.5,270
8.33:  82.7,18.5,270
8.35:  82.7,18.5,270
8.37:  82.7,18.5,270
8.38:  82.7,18.5,270
8.4:  82.7,18.5,270
8.42:  82.7,18.5,270
8.43:  82.7,18.5,270
8.45:  82.7,18.5,270
8.47:  82.7,18.5,270
8.48:  82.7,18.5,270
8.5:  82.7,18.5,270
8.52:  82.7,18.5,270
8.53:  82.7,18.5,270
8.55:  82.7,18.5,270
8.57:  82.7,18.5,270
8.58:  82.7,18.5,270
8.6:  82.7,18.5,270
8.62:  82.7,18.5,270
8.63:  82.7,18.5,270
8.65:  82.7,18.5,270
8.67:  82.7,18.5,270
8.68:  82.7,18.5,270
8.7:  82.7,18.5,270
8.72:  82.7,18.5,270
8.73:  82.7,18.5,270
8.75:  82.7,18.5,270
8.77:  82.7,18.5,270
8.78:  82.7,18.5,270
8.8:  82.7,18.5,270
8.82:  82.7,18.5,270
8.83:  82.7,18.5,270
8.85:  82.7,18.5,270
8.87:  82.7,18.5,270
8.88:  82.7,18.5,270
8.9:  82.7,18.5,270
8.92:  82.7,18.5,270
8.93:  82.7,18.5,270
8.95:  82.7,18.5,270
8.97:  82.7,18.5,270
8.98:  82.7,18.5,270
9:  82.7,18.5,270
9.02:  82.7,18.5,270
9.03:  82.7,18.5,270
9.05:  82.7,18.5,270
9.07:  82.7,18.5,270
9.08:  82.7,18.5,270
9.1:  82.7,18.5,270
9.12:  82.7,18.5,270
9.13:  82.7,18.5,270
9.15:  82.7,18.5,270
9.17:  82.7,18.5,270
9.18:  82.7,18.5,270
9.2:  82.7,18.5,270
9.22:  82.7,18.5,270
9.23:  82.7,18.5,270
9.25:  82.7,18.5,270
9.27:  82.7,18.5,270
9.28:  82.7,18.5,270
9.3:  82.7,18.5,270
9.32:  82.7,18.5,270
9.33:  82.7,18.5,270
9.35:  82.7,18.5,270
9.37:  82.7,18.5,270
9.38:  82.7,18.5,270
9.4:  82.7,18.5,270
9.42:  82.7,18.5,270
9.43:  82.7,18.5,270
9.45:  82.7,18.5,270
9.47:  82.7,18.5,270
9.48:  82.7,18.5,270
9.5:  82.7,18.5,270
9.52:  82.7,18.5,270
9.53:  82.7,18.5,270
9.55:  82.7,18.5,270
9.57:  82.7,18.5,270
9.58:  82.7,18.5,270
9.6:  82.7,18.5,270
9.62:  82.7,18.5,270
9.63:  82.7,18.5,270
9.65:  82.7,18.5,270
9.67:  82.7,18.5,270
9.68:  82.7,18.5,270
9.7:  82.7,18.5,270
9.72:  82.7,18.5,270
9.73:  82.7,18.5,270
9.75:  82.7,18.5,270
9.77:  82.7,18.5,270
9.78:  82.7,18.5,270
9.8:  82.7,18.5,270
9.82:  82.7,18.5,270
9.83:  82.7,18.5,270
9.85:  82.7,18.5,270
9.87:  82.7,18.5,270
9.88:  82.7,18.5,270
9.9:  82.7,18.5,270
9.92:  82.7,18.5,270
9.93:  82.7,18.5,270
9.95:  82.7,18.5,270
9.97:  82.7,18.5,270
9.98:  82.7,18.5,270
10:  82.7,18.5,270
10.02:  82.7,18.5,270
10.03:  82.7,18.5,270
10.05:  82.7,18.5,270
10.07:  82.7,18.5,270
10.08:  82.7,18.5,270
10.1:  82.7,18.5,270
