ParticipantNo: 21007
Controller type: Arrows Only
Training Level:
0.02:  82.7,18.5,270
0.04:  82.7,18.5,270
0.06:  82.7,18.5,270
0.07:  82.7,18.5,270
0.09:  82.7,18.5,270
0.11:  82.7,18.5,270
0.12:  82.7,18.5,270
0.14:  82.7,18.5,270
0.16:  82.7,18.5,270
0.17:  82.7,18.5,270
0.19:  82.7,18.5,270
0.21:  82.7,18.5,270
0.22:  82.7,18.5,270
0.24:  82.7,18.5,270
0.26:  82.7,18.5,270
0.27:  82.7,18.5,270
0.29:  82.7,18.5,270
0.31:  82.7,18.5,270
0.32:  82.7,18.5,270
0.34:  82.7,18.5,270
0.36:  82.7,18.5,270
0.37:  82.7,18.5,270
0.39:  82.7,18.5,270
0.41:  82.7,18.5,270
0.42:  82.7,18.5,270
0.44:  82.7,18.5,270
0.46:  82.7,18.5,270
0.47:  82.7,18.5,270
0.49:  82.7,18.5,270
0.51:  82.7,18.5,270
0.52:  82.7,18.5,270
0.54:  82.7,18.5,270
0.56:  82.7,18.5,270
0.57:  82.7,18.5,270
0.59:  82.7,18.5,270
0.61:  82.7,18.5,270
0.62:  82.7,18.5,270
0.64:  82.7,18.5,270
0.66:  82.7,18.5,270
0.67:  82.7,18.5,270
0.69:  82.7,18.5,270
0.71:  82.7,18.5,270
0.72:  82.7,18.5,270
0.74:  82.7,18.5,270
0.76:  82.7,18.5,270
0.77:  82.7,18.5,270
0.79:  82.7,18.5,270
0.81:  82.7,18.5,270
0.82:  82.7,18.5,270
0.84:  82.7,18.5,270
0.86:  82.7,18.5,270
0.87:  82.7,18.5,270
0.89:  82.7,18.5,270
0.91:  82.7,18.5,270
0.92:  82.7,18.5,270
0.94:  82.7,18.5,270
0.96:  82.7,18.5,270
0.97:  82.7,18.5,270
0.99:  82.7,18.5,270
1.01:  82.7,18.5,270
1.02:  82.7,18.5,270
1.04:  82.7,18.5,270
1.06:  82.7,18.5,270
1.07:  82.7,18.5,270
1.09:  82.7,18.5,270
1.11:  82.7,18.5,270
1.12:  82.7,18.5,270
1.14:  82.7,18.5,270
1.16:  82.7,18.5,270
1.17:  82.7,18.5,270
1.19:  82.7,18.5,270
1.21:  82.7,18.5,270
1.22:  82.7,18.5,270
1.24:  82.7,18.5,270
1.26:  82.7,18.5,270
1.27:  82.7,18.5,270
1.29:  82.7,18.5,270
1.31:  82.7,18.5,270
1.32:  82.7,18.5,270
1.34:  82.7,18.5,270
1.36:  82.7,18.5,270
1.37:  82.7,18.5,270
1.39:  82.7,18.5,270
1.41:  82.7,18.5,270
1.42:  82.7,18.5,270
1.44:  82.7,18.5,270
1.46:  82.7,18.5,270
1.47:  82.7,18.5,270
1.49:  82.7,18.5,270
1.51:  82.7,18.5,270
1.52:  82.7,18.5,270
1.54:  82.7,18.5,270
1.56:  82.7,18.5,270
1.57:  82.7,18.5,270
1.59:  82.7,18.5,270
1.61:  82.7,18.5,270
1.62:  82.7,18.5,270
1.64:  82.7,18.5,270
1.66:  82.7,18.5,270
1.67:  82.7,18.5,270
1.69:  82.7,18.5,270
1.71:  82.7,18.5,270
1.72:  82.7,18.5,270
1.74:  82.7,18.5,270
1.76:  82.7,18.5,270
1.77:  82.7,18.5,270
1.79:  82.7,18.5,270
1.81:  82.7,18.5,270
1.82:  82.7,18.5,270
1.84:  82.7,18.5,270
1.86:  82.7,18.5,270
1.87:  82.7,18.5,270
1.89:  82.7,18.5,270
1.91:  82.7,18.5,270
