ParticipantNo: 22013
Controller type: Arrows Only
Training Level:
0.02:  82.7,18.5,270
0.04:  82.7,18.5,270
0.06:  82.7,18.5,270
0.08:  82.7,18.5,270
0.1:  82.7,18.5,270
0.11:  82.7,18.5,270
0.13:  82.7,18.5,270
0.15:  82.7,18.5,270
0.16:  82.7,18.5,270
0.18:  82.7,18.5,270
0.2:  82.7,18.5,270
0.21:  82.7,18.5,270
0.23:  82.7,18.5,270
0.25:  82.7,18.5,270
0.26:  82.7,18.5,270
0.28:  82.7,18.5,270
0.3:  82.7,18.5,270
0.31:  82.7,18.5,270
0.33:  82.7,18.5,270
0.35:  82.7,18.5,270
0.36:  82.7,18.5,270
0.38:  82.7,18.5,270
0.4:  82.7,18.5,270
0.41:  82.7,18.5,270
0.43:  82.7,18.5,270
0.45:  82.7,18.5,270
0.46:  82.7,18.5,270
0.48:  82.7,18.5,270
0.5:  82.7,18.5,270
0.51:  82.7,18.5,270
0.53:  82.7,18.5,270
0.55:  82.7,18.5,270
0.56:  82.7,18.5,270
0.58:  82.7,18.5,270
0.6:  82.7,18.5,270
0.61:  82.7,18.5,270
0.63:  82.7,18.5,270
0.65:  82.7,18.5,270
0.66:  82.7,18.5,270
0.68:  82.7,18.5,270
0.7:  82.7,18.5,270
0.71:  82.7,18.5,270
0.73:  82.7,18.5,270
0.75:  82.7,18.5,270
0.76:  82.7,18.5,270
0.78:  82.7,18.5,270
0.8:  82.7,18.5,270
0.81:  82.7,18.5,270
0.83:  82.7,18.5,270
0.85:  82.7,18.5,270
0.86:  82.7,18.5,270
0.88:  82.7,18.5,270
0.9:  82.7,18.5,270
0.91:  82.7,18.5,270
0.93:  82.7,18.5,270
0.95:  82.7,18.5,270
0.96:  82.7,18.5,270
0.98:  82.7,18.5,270
1:  82.7,18.5,270
1.01:  82.7,18.5,270
1.03:  82.7,18.5,270
1.05:  82.7,18.5,270
1.06:  82.7,18.5,270
1.08:  82.7,18.5,270
1.1:  82.7,18.5,270
1.11:  82.7,18.5,270
1.13:  82.7,18.5,270
1.15:  82.7,18.5,270
1.16:  82.7,18.5,270
1.18:  82.7,18.5,270
1.2:  82.7,18.5,270
1.21:  82.7,18.5,270
1.23:  82.7,18.5,270
1.25:  82.7,18.5,270
1.26:  82.7,18.5,270
1.28:  82.7,18.5,270
1.3:  82.7,18.5,270
1.31:  82.7,18.5,270
1.33:  82.7,18.5,270
1.35:  82.7,18.5,270
1.36:  82.7,18.5,270
1.38:  82.7,18.5,270
1.4:  82.7,18.5,270
1.41:  82.7,18.5,270
1.43:  82.7,18.5,270
1.45:  82.7,18.5,270
1.46:  82.7,18.5,270
1.48:  82.7,18.5,270
1.5:  82.7,18.5,270
1.51:  82.7,18.5,270
1.53:  82.7,18.5,270
1.55:  82.7,18.5,270
1.56:  82.7,18.5,270
1.58:  82.7,18.5,270
1.6:  82.7,18.5,270
1.61:  82.7,18.5,270
1.63:  82.7,18.5,270
1.65:  82.7,18.5,270
1.66:  82.7,18.5,270
1.68:  82.7,18.5,270
1.7:  82.7,18.5,270
1.71:  82.7,18.5,270
1.73:  82.7,18.5,270
1.75:  82.7,18.5,270
1.76:  82.7,18.5,270
1.78:  82.7,18.5,270
1.8:  82.7,18.5,270
1.81:  82.7,18.5,270
1.83:  82.7,18.5,270
1.85:  82.7,18.5,270
1.86:  82.7,18.5,270
1.88:  82.7,18.5,270
1.9:  82.7,18.5,270
1.91:  82.7,18.5,270
1.93:  82.7,18.5,270
1.95:  82.7,18.5,270
1.96:  82.7,18.5,270
1.98:  82.7,18.5,270
2:  82.7,18.5,270
2.01:  82.7,18.5,270
2.03:  82.7,18.5,270
2.05:  82.7,18.5,270
2.06:  82.7,18.5,270
2.08:  82.7,18.5,270
2.1:  82.7,18.5,270
2.11:  82.7,18.5,270
2.13:  82.7,18.5,270
2.15:  82.7,18.5,270
2.16:  82.7,18.5,270
2.18:  82.7,18.5,270
2.2:  82.7,18.5,270
2.21:  82.7,18.5,270
2.23:  82.7,18.5,270
2.25:  82.7,18.5,270
2.26:  82.7,18.5,270
2.28:  82.7,18.5,270
2.3:  82.7,18.5,270
2.31:  82.7,18.5,270
2.33:  82.7,18.5,270
2.35:  82.7,18.5,270
2.36:  82.7,18.5,270
2.38:  82.7,18.5,270
2.4:  82.7,18.5,270
2.41:  82.7,18.5,270
2.43:  82.7,18.5,270
2.45:  82.7,18.5,270
2.46:  82.7,18.5,270
2.48:  82.7,18.5,270
2.5:  82.7,18.5,270
2.51:  82.7,18.5,270
2.53:  82.7,18.5,270
2.55:  82.7,18.5,270
2.56:  82.7,18.5,270
2.58:  82.7,18.5,270
2.6:  82.7,18.5,270
2.61:  82.7,18.5,270
2.63:  82.7,18.5,270
2.65:  82.7,18.5,270
2.66:  82.7,18.5,270
2.68:  82.7,18.5,270
2.7:  82.7,18.5,270
2.71:  82.7,18.5,270
2.73:  82.7,18.5,270
2.75:  82.7,18.5,270
2.76:  82.7,18.5,270
2.78:  82.7,18.5,270
2.8:  82.7,18.5,270
2.81:  82.7,18.5,270
2.83:  82.7,18.5,270
2.85:  82.7,18.5,270
2.86:  82.7,18.5,270
2.88:  82.7,18.5,270
2.9:  82.7,18.5,270
2.91:  82.7,18.5,270
2.93:  82.7,18.5,270
2.95:  82.7,18.5,270
2.96:  82.7,18.5,270
2.98:  82.7,18.5,270
3:  82.7,18.5,270
3.01:  82.7,18.5,270
3.03:  82.7,18.5,270
3.05:  82.7,18.5,270
3.06:  82.7,18.5,270
3.08:  82.7,18.5,270
3.1:  82.7,18.5,270
3.11:  82.7,18.5,270
3.13:  82.7,18.5,270
3.15:  82.7,18.5,270
3.16:  82.7,18.5,270
3.18:  82.7,18.5,270
3.2:  82.7,18.5,270
3.21:  82.7,18.5,270
3.23:  82.7,18.5,270
3.25:  82.7,18.5,270
3.26:  82.7,18.5,270
3.28:  82.7,18.5,270
3.3:  82.7,18.5,270
3.31:  82.7,18.5,270
3.33:  82.7,18.5,270
3.35:  82.7,18.5,270
3.36:  82.7,18.5,270
3.38:  82.7,18.5,270
3.4:  82.7,18.5,270
3.41:  82.7,18.5,270
3.43:  82.7,18.5,270
3.45:  82.7,18.5,270
3.46:  82.7,18.5,270
3.48:  82.7,18.5,270
3.5:  82.7,18.5,270
3.51:  82.7,18.5,270
3.53:  82.7,18.5,270
3.55:  82.7,18.5,270
