ParticipantNo: 22051
Controller type: Arrows Only
Training Level Timed:
0.02:  82.7,18.5,270
0.03:  82.7,18.5,270
0.05:  82.7,18.5,270
0.08:  82.7,18.5,270
0.09:  82.7,18.5,270
0.11:  82.7,18.5,270
0.13:  82.7,18.5,270
0.14:  82.7,18.5,270
0.16:  82.7,18.5,270
0.18:  82.7,18.5,270
0.19:  82.7,18.5,270
0.21:  82.7,18.5,270
0.23:  82.7,18.5,270
0.24:  82.7,18.5,270
0.26:  82.7,18.5,270
0.28:  82.7,18.5,270
0.29:  82.7,18.5,270
0.31:  82.7,18.5,270
0.32:  82.7,18.5,270
0.34:  82.7,18.5,270
0.36:  82.7,18.5,270
0.37:  82.7,18.5,270
0.39:  82.7,18.5,270
0.41:  82.7,18.5,270
0.42:  82.7,18.5,270
0.44:  82.7,18.5,270
0.46:  82.7,18.5,270
0.47:  82.7,18.5,270
0.49:  82.7,18.5,270
0.51:  82.7,18.5,270
0.52:  82.7,18.5,270
0.54:  82.7,18.5,270
0.56:  82.7,18.5,270
0.57:  82.7,18.5,270
0.59:  82.7,18.5,270
0.61:  82.7,18.5,270
0.62:  82.7,18.5,270
0.64:  82.7,18.5,270
0.66:  82.7,18.5,270
0.67:  82.7,18.5,270
0.69:  82.7,18.5,270
0.71:  82.7,18.5,270
0.72:  82.7,18.5,270
0.74:  82.7,18.5,270
0.76:  82.7,18.5,270
0.77:  82.7,18.5,270
0.79:  82.7,18.5,270
0.81:  82.7,18.5,270
0.82:  82.7,18.5,270
0.84:  82.7,18.5,270
0.86:  82.7,18.5,270
0.87:  82.7,18.5,270
0.89:  82.7,18.5,270
0.91:  82.7,18.5,270
0.92:  82.7,18.5,270
0.94:  82.7,18.5,270
0.96:  82.7,18.5,270
0.97:  82.7,18.5,270
0.99:  82.7,18.5,270
1.01:  82.7,18.5,270
1.02:  82.7,18.5,270
1.04:  82.7,18.5,270
1.06:  82.7,18.5,270
1.07:  82.7,18.5,270
1.09:  82.7,18.5,270
1.11:  82.7,18.5,270
1.12:  82.7,18.5,270
1.14:  82.7,18.5,270
1.16:  82.7,18.5,270
1.17:  82.7,18.5,270
1.19:  82.7,18.5,270
1.21:  82.7,18.5,270
1.22:  82.7,18.5,270
1.24:  82.7,18.5,270
1.26:  82.7,18.5,270
1.27:  82.7,18.5,270
1.29:  82.7,18.5,270
1.31:  82.7,18.5,270
1.32:  82.7,18.5,270
1.34:  82.7,18.5,270
1.36:  82.7,18.5,270
1.37:  82.7,18.5,270
1.39:  82.7,18.5,270
1.41:  82.7,18.5,270
1.42:  82.7,18.5,270
1.44:  82.7,18.5,270
1.46:  82.7,18.5,270
1.47:  82.7,18.5,270
1.49:  82.7,18.5,270
1.51:  82.7,18.5,270
1.52:  82.7,18.5,270
1.54:  82.7,18.5,270
1.56:  82.7,18.5,270
1.57:  82.7,18.5,270
1.59:  82.7,18.5,270
1.61:  82.7,18.5,270
1.62:  82.7,18.5,270
1.64:  82.7,18.5,270
1.66:  82.7,18.5,270
1.67:  82.7,18.5,270
1.69:  82.7,18.5,270
1.71:  82.7,18.5,270
1.72:  82.7,18.5,270
1.74:  82.7,18.5,270
1.76:  82.7,18.5,270
1.77:  82.7,18.5,270
1.79:  82.7,18.5,270
1.81:  82.7,18.5,270
1.82:  82.7,18.5,270
1.84:  82.7,18.5,270
1.86:  82.7,18.5,270
1.87:  82.7,18.5,270
1.89:  82.7,18.5,270
1.91:  82.7,18.5,270
1.92:  82.7,18.5,270
1.94:  82.7,18.5,270
1.96:  82.7,18.5,270
1.97:  82.7,18.5,270
1.99:  82.7,18.5,270
2.01:  82.7,18.5,270
2.03:  82.7,18.5,270
2.04:  82.7,18.5,270
2.06:  82.7,18.5,270
2.07:  82.7,18.5,270
2.09:  82.7,18.5,270
2.11:  82.7,18.5,270
2.13:  82.7,18.5,270
2.14:  82.7,18.5,270
2.16:  82.7,18.5,270
2.18:  82.7,18.5,270
2.19:  82.7,18.5,270
2.21:  82.7,18.5,270
2.23:  82.7,18.5,270
2.24:  82.7,18.5,270
2.26:  82.7,18.5,270
2.28:  82.7,18.5,270
2.29:  82.7,18.5,270
2.31:  82.7,18.5,270
2.33:  82.7,18.5,270
2.34:  82.7,18.5,270
2.36:  82.7,18.5,270
2.37:  82.7,18.5,270
2.39:  82.7,18.5,270
2.41:  82.7,18.5,270
2.42:  82.7,18.5,270
2.44:  82.7,18.5,270
2.46:  82.7,18.5,270
2.47:  82.7,18.5,270
2.49:  82.7,18.5,270
2.51:  82.7,18.5,270
2.52:  82.7,18.5,270
2.54:  82.7,18.5,270
2.56:  82.7,18.5,270
2.57:  82.7,18.5,270
2.59:  82.7,18.5,270
2.61:  82.7,18.5,270
2.62:  82.7,18.5,270
2.64:  82.7,18.5,270
2.66:  82.7,18.5,270
2.67:  82.7,18.5,270
2.69:  82.7,18.5,270
2.71:  82.7,18.5,270
2.72:  82.7,18.5,270
2.74:  82.7,18.5,270
2.76:  82.7,18.5,270
2.77:  82.7,18.5,270
2.79:  82.7,18.5,270
2.81:  82.7,18.5,270
2.82:  82.7,18.5,270
2.84:  82.7,18.5,270
2.86:  82.7,18.5,270
2.87:  82.7,18.5,270
2.89:  82.7,18.5,270
2.91:  82.7,18.5,270
2.92:  82.7,18.5,270
2.94:  82.7,18.5,270
2.96:  82.7,18.5,270
2.97:  82.7,18.5,270
2.99:  82.7,18.5,270
3.01:  82.7,18.5,270
3.02:  82.7,18.5,270
3.04:  82.7,18.5,270
3.06:  82.7,18.5,270
3.07:  82.7,18.5,270
3.09:  82.7,18.5,270
3.11:  82.7,18.5,270
3.12:  82.7,18.5,270
3.14:  82.7,18.5,270
3.16:  82.7,18.5,270
3.17:  82.7,18.5,270
3.19:  82.7,18.5,270
3.21:  82.7,18.5,270
3.23:  82.7,18.5,270
3.24:  82.7,18.5,270
3.26:  82.7,18.5,270
3.27:  82.7,18.5,270
3.29:  82.7,18.5,270
3.31:  82.7,18.5,270
3.33:  82.7,18.5,270
3.34:  82.7,18.5,270
3.36:  82.7,18.5,270
3.37:  82.7,18.5,270
3.39:  82.7,18.5,270
3.43:  82.7,18.5,270
3.44:  82.7,18.5,270
3.46:  82.7,18.5,270
3.48:  82.7,18.5,270
3.49:  82.7,18.5,270
3.51:  82.7,18.5,270
3.53:  82.7,18.5,270
3.54:  82.7,18.5,270
3.56:  82.7,18.5,270
3.58:  82.7,18.5,270
3.59:  82.7,18.5,270
3.61:  82.7,18.5,270
3.63:  82.7,18.5,270
3.64:  82.7,18.5,270
3.66:  82.7,18.5,270
3.68:  82.7,18.5,270
3.69:  82.7,18.5,270
3.71:  82.7,18.5,270
3.73:  82.7,18.5,270
3.74:  82.7,18.5,270
3.76:  82.7,18.5,270
3.78:  82.7,18.5,270
3.79:  82.7,18.5,270
3.81:  82.7,18.5,270
3.83:  82.7,18.5,270
3.84:  82.7,18.5,270
3.86:  82.7,18.5,270
3.88:  82.7,18.5,270
3.89:  82.7,18.5,270
3.91:  82.7,18.5,270
3.93:  82.7,18.5,270
3.94:  82.7,18.5,270
3.96:  82.7,18.5,270
3.98:  82.7,18.5,270
3.99:  82.7,18.5,270
4.01:  82.7,18.5,270
4.03:  82.7,18.5,270
4.04:  82.7,18.5,270
4.06:  82.7,18.5,270
4.08:  82.7,18.5,270
4.09:  82.7,18.5,270
4.11:  82.7,18.5,270
4.13:  82.7,18.5,270
4.14:  82.7,18.5,270
4.16:  82.7,18.5,270
4.18:  82.7,18.5,270
4.19:  82.7,18.5,270
4.21:  82.7,18.5,270
4.23:  82.7,18.5,270
4.24:  82.7,18.5,270
4.26:  82.7,18.5,270
4.28:  82.7,18.5,270
4.29:  82.7,18.5,270
4.31:  82.7,18.5,270
4.33:  82.7,18.5,270
4.34:  82.7,18.5,270
4.36:  82.7,18.5,270
4.38:  82.7,18.5,270
4.39:  82.7,18.5,270
4.41:  82.7,18.5,270
4.43:  82.7,18.5,270
4.44:  82.7,18.5,270
4.46:  82.7,18.5,270
4.48:  82.7,18.5,270
4.49:  82.7,18.5,270
4.51:  82.7,18.5,270
4.53:  82.7,18.5,270
4.54:  82.7,18.5,270
4.56:  82.7,18.5,270
4.58:  82.7,18.5,270
4.59:  82.7,18.5,270
4.61:  82.7,18.5,270
4.63:  82.7,18.5,270
4.64:  82.7,18.5,270
4.66:  82.7,18.5,270
4.68:  82.7,18.5,270
4.69:  82.7,18.5,270
4.71:  82.7,18.5,270
4.73:  82.7,18.5,270
4.74:  82.7,18.5,270
4.76:  82.7,18.5,270
4.78:  82.7,18.5,270
4.79:  82.7,18.5,270
4.81:  82.7,18.5,270
4.83:  82.7,18.5,270
4.84:  82.7,18.5,270
4.86:  82.7,18.5,270
4.88:  82.7,18.5,270
4.89:  82.7,18.5,270
4.91:  82.7,18.5,270
4.93:  82.7,18.5,270
4.94:  82.7,18.5,270
4.96:  82.7,18.5,270
4.98:  82.7,18.5,270
4.99:  82.7,18.5,270
5.01:  82.7,18.5,270
5.03:  82.7,18.5,270
5.04:  82.7,18.5,270
5.06:  82.7,18.5,270
5.08:  82.7,18.5,270
5.09:  82.7,18.5,270
5.11:  82.7,18.5,270
5.13:  82.7,18.5,270
5.14:  82.7,18.5,270
5.16:  82.7,18.5,270
5.18:  82.7,18.5,270
5.19:  82.7,18.5,270
5.21:  82.7,18.5,270
5.23:  82.7,18.5,270
5.24:  82.7,18.5,270
5.26:  82.7,18.5,270
5.28:  82.7,18.5,270
5.29:  82.7,18.5,270
5.31:  82.7,18.5,270
5.33:  82.7,18.5,270
5.34:  82.7,18.5,270
5.36:  82.7,18.5,270
5.38:  82.7,18.5,270
5.39:  82.7,18.5,270
5.41:  82.7,18.5,270
5.43:  82.7,18.5,270
5.44:  82.7,18.5,270
5.46:  82.7,18.5,270
5.48:  82.7,18.5,270
5.49:  82.7,18.5,270
5.51:  82.7,18.5,270
5.53:  82.7,18.5,270
5.54:  82.7,18.5,270
5.56:  82.7,18.5,270
5.58:  82.7,18.5,270
5.59:  82.7,18.5,270
5.61:  82.7,18.5,270
5.63:  82.7,18.5,270
5.64:  82.7,18.5,270
5.66:  82.7,18.5,268.5
5.68:  82.7,18.5,267
5.69:  82.7,18.5,265.5
5.71:  82.7,18.5,264
5.73:  82.7,18.5,262.5
5.74:  82.7,18.5,261
5.76:  82.7,18.5,259.5
5.78:  82.7,18.5,258
5.79:  82.7,18.5,256.5
5.81:  82.7,18.5,255
5.83:  82.7,18.5,253.5
5.84:  82.7,18.5,252
5.86:  82.7,18.5,250.5
5.88:  82.7,18.5,249
5.89:  82.7,18.5,247.5
5.91:  82.7,18.5,246
5.93:  82.7,18.5,244.5
5.94:  82.7,18.5,243
5.96:  82.7,18.5,241.5
5.98:  82.7,18.5,240
5.99:  82.7,18.5,238.5
6.01:  82.7,18.5,237
6.03:  82.7,18.5,235.5
6.04:  82.7,18.5,234
6.06:  82.7,18.5,232.5
6.08:  82.7,18.5,231
6.09:  82.7,18.5,229.5
6.11:  82.7,18.5,228
6.13:  82.7,18.5,226.5
6.14:  82.7,18.5,225
6.16:  82.7,18.5,223.5
6.18:  82.7,18.5,222
6.19:  82.7,18.5,220.5
6.21:  82.7,18.5,219
6.23:  82.7,18.5,217.5
6.24:  82.7,18.5,216
6.26:  82.7,18.5,214.5
6.28:  82.7,18.5,213
6.29:  82.7,18.5,211.5
6.31:  82.7,18.5,210
6.33:  82.7,18.5,208.5
6.34:  82.7,18.5,207
6.36:  82.7,18.5,205.6538
6.38:  82.7,18.5,204.4528
6.39:  82.7,18.5,203.402
6.41:  82.7,18.5,202.5007
6.43:  82.7,18.5,201.7505
6.44:  82.7,18.5,201.1501
6.46:  82.7,18.5,200.7002
6.48:  82.7,18.5,200.401
6.49:  82.7,18.5,200.2521
6.51:  82.7,18.5,200.2516
6.53:  82.7,18.5,200.2516
6.54:  82.7,18.5,200.2516
6.56:  82.7,18.5,200.2516
6.58:  82.7,18.5,200.2516
6.59:  82.7,18.5,200.2516
6.61:  82.7,18.5,200.2516
6.63:  82.7,18.5,200.2516
6.64:  82.7,18.5,200.2516
6.66:  82.7,18.5,198.7516
6.68:  82.7,18.5,197.2516
6.69:  82.7,18.5,195.7516
6.71:  82.7,18.5,194.2516
6.73:  82.7,18.5,192.7516
6.74:  82.7,18.5,191.2516
6.76:  82.7,18.5,189.7516
6.78:  82.7,18.5,188.2516
6.79:  82.7,18.5,186.7516
6.81:  82.7,18.5,185.2516
6.83:  82.7,18.5,183.7516
6.84:  82.7,18.5,182.2516
6.86:  82.7,18.5,180.7516
6.88:  82.7,18.5,179.4019
6.89:  82.7,18.5,178.2014
6.91:  82.7,18.5,177.1497
6.93:  82.7,18.5,176.2511
6.94:  82.7,18.5,175.5027
6.96:  82.7,18.5,174.903
6.98:  82.7,18.5,174.4545
6.99:  82.7,18.5,174.1564
7.01:  82.7,18.5,174.0087
7.03:  82.7,18.5,174.0087
7.04:  82.7,18.5,174.0087
7.06:  82.7013,18.48759,174.0087
7.08:  82.70382,18.46354,174.0087
7.09:  82.7077,18.4266,174.0087
7.11:  82.71289,18.37712,174.0087
7.13:  82.71941,18.31496,174.0087
7.14:  82.72729,18.23992,174.0087
7.16:  82.7366,18.1512,174.0087
7.18:  82.74691,18.05297,174.0087
7.19:  82.75877,17.94006,174.0087
7.21:  82.77164,17.81742,174.0087
7.23:  82.78598,17.68075,174.0087
7.24:  82.80163,17.53166,174.0087
7.26:  82.81858,17.37012,174.0087
7.28:  82.83663,17.19813,174.0087
7.29:  82.85631,17.01061,174.0087
7.31:  82.87703,16.81314,174.0087
7.33:  82.89954,16.59864,174.0087
7.34:  82.92288,16.37626,174.0087
7.36:  82.94763,16.14042,174.0087
7.38:  82.97376,15.89149,174.0087
7.39:  82.99989,15.64249,174.0087
7.41:  83.02579,15.39574,174.0087
7.43:  83.05207,15.1453,174.0087
7.44:  83.07811,14.89719,174.0087
7.46:  83.10402,14.65035,174.0087
7.48:  83.13035,14.39947,174.0087
7.49:  83.15647,14.15056,174.0087
7.51:  83.18246,13.90289,174.0087
7.53:  83.2085,13.65478,174.0087
7.54:  83.23479,13.40431,174.0087
7.56:  83.2608,13.15649,174.0087
7.58:  83.28717,12.90526,174.0087
7.59:  83.31359,12.65352,174.0087
7.61:  83.33921,12.40939,174.0087
7.63:  83.36488,12.16475,174.0087
7.64:  83.39117,11.91427,174.0087
7.66:  83.41741,11.66426,174.0087
7.68:  83.44331,11.41745,174.0087
7.69:  83.46958,11.16717,174.0087
7.71:  83.49538,10.92136,174.0087
7.73:  83.52165,10.67098,174.0087
7.74:  83.54777,10.42216,174.0087
7.76:  83.57388,10.17344,174.0087
7.78:  83.60159,9.909361,174.0087
7.79:  83.62611,9.675717,174.0087
7.81:  83.65236,9.425582,174.0087
7.83:  83.67838,9.177602,174.0087
7.84:  83.70467,8.927197,174.0087
7.86:  83.73035,8.682437,174.0087
7.88:  83.75665,8.431882,174.0087
7.89:  83.78256,8.184983,174.0087
7.91:  83.80872,7.935696,174.0087
7.93:  83.83495,7.685754,174.0087
7.94:  83.86074,7.440039,174.0087
7.96:  83.8873,7.186994,174.0087
7.98:  83.91305,6.94168,174.0087
7.99:  83.93977,6.687087,174.0087
8.01:  83.96528,6.443974,174.0087
8.03:  83.99135,6.195605,174.0087
8.04:  84.01785,5.943085,174.0087
8.06:  84.04385,5.695315,174.0087
8.08:  84.06995,5.446596,174.0087
8.09:  84.09595,5.198857,174.0087
8.11:  84.12202,4.950576,174.0087
8.13:  84.14795,4.703476,174.0087
8.14:  84.17425,4.452887,174.0087
8.16:  84.20027,4.204887,174.0087
8.18:  84.22652,3.954809,174.0087
8.19:  84.25251,3.707153,174.0087
8.21:  84.27856,3.458943,174.0087
8.23:  84.30437,3.21298,174.0087
8.24:  84.3307,2.962203,174.0087
8.26:  84.35672,2.714253,174.0087
8.28:  84.38275,2.466164,174.0087
8.29:  84.40889,2.21712,174.0087
8.31:  84.43485,1.969777,174.0087
8.33:  84.46126,1.718175,174.0087
8.34:  84.48721,1.47095,174.0087
8.36:  84.51337,1.221612,174.0087
8.38:  84.53938,0.9738541,174.0087
8.39:  84.56556,0.7243062,174.0087
8.41:  84.59151,0.4770839,174.0087
8.43:  84.61764,0.2281267,174.0087
8.44:  84.6442,-0.02490015,174.0087
8.46:  84.67028,-0.2734665,174.0087
8.48:  84.69658,-0.5240573,174.0087
8.49:  84.72267,-0.7726937,174.0087
8.51:  84.74869,-1.020532,174.0087
8.53:  84.77469,-1.26832,174.0087
8.54:  84.80112,-1.520228,174.0087
8.56:  84.82671,-1.764055,174.0087
8.58:  84.85258,-2.01052,174.0087
8.59:  84.87867,-2.259076,174.0087
8.61:  84.90497,-2.509669,174.0087
8.63:  84.93109,-2.758544,174.0087
8.64:  84.95702,-3.005602,174.0087
8.66:  84.9833,-3.256011,174.0087
8.68:  85.00916,-3.502411,174.0087
8.69:  85.03531,-3.751596,174.0087
8.71:  85.06136,-3.999839,174.0087
8.73:  85.08759,-4.249766,174.0087
8.74:  85.11363,-4.497846,174.0087
8.76:  85.13965,-4.74577,174.0087
8.78:  85.1656,-4.992994,174.0087
8.79:  85.19164,-5.241145,174.0087
8.81:  85.21789,-5.491273,174.0087
8.83:  85.24403,-5.740345,174.0087
8.84:  85.27023,-5.990047,174.0087
8.86:  85.29629,-6.238271,174.0087
8.88:  85.32255,-6.488464,174.0087
8.89:  85.34831,-6.733985,174.0087
8.91:  85.37442,-6.982738,174.0087
8.93:  85.40055,-7.231706,174.0087
8.94:  85.42677,-7.481576,174.0087
8.96:  85.45271,-7.728704,174.0087
8.98:  85.47884,-7.977618,174.0087
8.99:  85.50485,-8.225564,174.0087
9.01:  85.5311,-8.475604,174.0087
9.03:  85.5571,-8.723346,174.0087
9.04:  85.58333,-8.973261,174.0087
9.06:  85.60957,-9.223307,174.0087
9.08:  85.63525,-9.468027,174.0087
9.09:  85.66163,-9.719357,174.0087
9.11:  85.68758,-9.966609,174.0087
9.13:  85.71359,-10.21449,174.0087
9.14:  85.73979,-10.46411,174.0087
9.16:  85.76584,-10.71231,174.0087
9.18:  85.79208,-10.96226,174.0087
9.19:  85.81806,-11.20992,174.0087
9.21:  85.84444,-11.46131,174.0087
9.23:  85.87036,-11.70821,174.0087
9.24:  85.8966,-11.95823,174.0087
9.26:  85.92273,-12.20722,174.0087
9.28:  85.94849,-12.45268,174.0087
9.29:  85.97471,-12.70247,174.0087
9.31:  86.00031,-12.94635,174.0087
9.33:  86.02687,-13.19952,174.0087
9.34:  86.05279,-13.44644,174.0087
9.36:  86.07922,-13.69828,174.0087
9.38:  86.10527,-13.94649,174.0087
9.39:  86.13151,-14.19649,174.0087
9.41:  86.15758,-14.4449,174.0087
9.43:  86.18353,-14.6922,174.0087
9.44:  86.20966,-14.94122,174.0087
9.46:  86.23544,-15.18679,174.0087
9.48:  86.26191,-15.43904,174.0087
9.49:  86.28753,-15.68313,174.0087
9.51:  86.31405,-15.93579,174.0087
9.53:  86.33997,-16.1828,174.0087
9.54:  86.36642,-16.43485,174.0087
9.56:  86.39213,-16.67978,174.0087
9.58:  86.41827,-16.92886,174.0087
9.59:  86.44448,-17.17858,174.0087
9.61:  86.47044,-17.4259,174.0087
9.63:  86.49689,-17.67803,174.0087
9.64:  86.52248,-17.92177,174.0087
9.66:  86.54876,-18.1722,174.0087
9.68:  86.57488,-18.42112,174.0087
9.69:  86.60089,-18.6689,174.0087
9.71:  86.62687,-18.91646,174.0087
9.73:  86.65313,-19.16668,174.0087
9.74:  86.67917,-19.41481,174.0087
9.76:  86.70525,-19.66333,174.0087
9.78:  86.73161,-19.91449,174.0087
9.79:  86.75758,-20.16195,174.0087
9.81:  86.78355,-20.40932,174.0087
9.83:  86.80983,-20.65976,174.0087
9.84:  86.8358,-20.9072,174.0087
9.86:  86.8616,-21.15305,174.0087
9.88:  86.88799,-21.40442,174.0087
9.89:  86.91378,-21.65023,174.0087
9.91:  86.93998,-21.8999,174.0087
9.93:  86.96618,-22.14954,174.0087
9.94:  86.99222,-22.39766,174.0087
9.96:  87.01814,-22.64466,174.0087
9.98:  87.04449,-22.89568,174.0087
9.99:  87.07063,-23.14469,174.0087
10.01:  87.0966,-23.39225,174.0087
10.03:  87.12276,-23.6415,174.0087
10.04:  87.14893,-23.89086,174.0087
10.06:  87.17518,-24.14091,174.0087
10.08:  87.2011,-24.38793,174.0087
10.09:  87.22731,-24.63762,174.0087
10.11:  87.25317,-24.88408,174.0087
10.13:  87.27897,-25.12988,174.0087
10.14:  87.30536,-25.38135,174.0087
10.16:  87.33139,-25.62936,174.0087
10.18:  87.35745,-25.87771,174.0087
10.19:  87.3824,-26.11541,174.0087
10.21:  87.40581,-26.33843,174.0087
10.23:  87.42793,-26.54924,174.0087
10.24:  87.44888,-26.74879,174.0087
10.26:  87.46834,-26.93422,174.0087
10.28:  87.48674,-27.10955,174.0087
10.29:  87.50369,-27.27113,174.0087
10.31:  87.51925,-27.41935,174.0087
10.33:  87.53368,-27.55683,174.0087
10.34:  87.54668,-27.68076,174.0087
10.36:  87.55847,-27.79307,174.0087
10.38:  87.56889,-27.89234,174.0087
10.39:  87.57575,-27.97972,175.5087
10.41:  87.57962,-28.05369,177.0087
10.43:  87.58125,-28.11656,178.5087
10.44:  87.58125,-28.16643,180.0087
10.46:  87.58026,-28.20389,181.5087
10.48:  87.57896,-28.22875,183.0087
10.49:  87.57798,-28.24117,184.5087
10.51:  87.57798,-28.24117,186.0087
10.53:  87.57798,-28.24117,187.5087
10.54:  87.57798,-28.24117,189.0087
10.56:  87.57798,-28.24117,190.3586
10.58:  87.57798,-28.24117,191.5595
10.59:  87.57798,-28.24117,192.6115
10.61:  87.57798,-28.24117,193.5114
10.63:  87.57798,-28.24117,194.2613
10.64:  87.57798,-28.24117,194.8599
10.66:  87.57798,-28.24117,195.31
10.68:  87.57798,-28.24117,195.6104
10.69:  87.57798,-28.24117,195.7603
10.71:  87.57798,-28.24117,195.7603
10.73:  87.57798,-28.24117,195.7603
10.74:  87.57798,-28.24117,195.7603
10.76:  87.57798,-28.24117,195.7603
10.78:  87.57798,-28.24117,195.7603
10.79:  87.57798,-28.24117,195.7603
10.81:  87.57798,-28.24117,195.7603
10.83:  87.57798,-28.24117,195.7603
10.84:  87.57798,-28.24117,195.7603
10.86:  87.57445,-28.25368,195.7603
10.88:  87.56767,-28.27768,195.7603
10.89:  87.55757,-28.31348,195.7603
10.91:  87.54398,-28.3616,195.7603
10.93:  87.52682,-28.4224,195.7603
10.94:  87.5065,-28.49442,195.7603
10.96:  87.48254,-28.57932,195.7603
10.98:  87.45541,-28.67548,195.7603
10.99:  87.42471,-28.78426,195.7603
11.01:  87.39079,-28.90442,195.7603
11.03:  87.35329,-29.03728,195.7603
11.04:  87.31293,-29.18028,195.7603
11.06:  87.26833,-29.33835,195.7603
11.08:  87.22118,-29.50538,195.7603
11.09:  87.16993,-29.687,195.7603
11.11:  87.11552,-29.8798,195.7603
11.13:  87.05766,-30.08479,195.7603
11.14:  86.99663,-30.30106,195.7603
11.16:  86.93205,-30.52987,195.7603
11.18:  86.86404,-30.77088,195.7603
11.19:  86.79632,-31.01082,195.7603
11.21:  86.72876,-31.25019,195.7603
11.23:  86.66098,-31.49037,195.7603
11.24:  86.5925,-31.73302,195.7603
11.26:  86.5245,-31.97396,195.7603
11.28:  86.45631,-32.21556,195.7603
11.29:  86.38875,-32.45497,195.7603
11.31:  86.32114,-32.69452,195.7603
11.33:  86.25329,-32.93495,195.7603
11.34:  86.18507,-33.17663,195.7603
11.36:  86.11779,-33.41504,195.7603
11.38:  86.04937,-33.65747,195.7603
11.39:  85.98167,-33.89735,195.7603
11.41:  85.91365,-34.13837,195.7603
11.43:  85.84534,-34.38041,195.7603
11.44:  85.77763,-34.62032,195.7603
11.46:  85.70936,-34.86226,195.7603
11.48:  85.64173,-35.10186,195.7603
11.49:  85.574,-35.34187,195.7603
11.51:  85.50629,-35.58179,195.7603
11.53:  85.43566,-35.83203,195.7603
11.54:  85.37058,-36.06264,195.7603
11.56:  85.30228,-36.30465,195.7603
11.58:  85.23447,-36.54489,195.7603
11.59:  85.16708,-36.78369,195.7603
11.61:  85.09872,-37.02591,195.7603
11.63:  85.0309,-37.26623,195.7603
11.64:  84.9632,-37.50613,195.7603
11.66:  84.89517,-37.74715,195.7603
11.68:  84.82719,-37.98805,195.7603
11.69:  84.75946,-38.22802,195.7603
11.71:  84.69173,-38.46801,195.7603
11.73:  84.62447,-38.70632,195.7603
11.74:  84.55526,-38.95156,195.7603
11.76:  84.48764,-39.19117,195.7603
11.78:  84.41924,-39.43351,195.7603
11.79:  84.3515,-39.67355,195.7603
11.81:  84.29009,-39.91516,194.2603
11.83:  84.23483,-40.15916,192.7603
11.84:  84.18608,-40.40402,191.2603
11.86:  84.14302,-40.65048,189.9104
11.88:  84.10548,-40.89554,188.7092
11.89:  84.07219,-41.14318,187.658
11.91:  84.04265,-41.39244,186.7574
11.93:  84.01643,-41.64167,186.0072
11.94:  83.99283,-41.89096,185.4072
11.96:  83.97132,-42.13896,184.9566
11.98:  83.95088,-42.38982,184.6569
11.99:  83.93153,-42.63548,184.5051
12.01:  83.91163,-42.88802,184.5051
12.03:  83.89205,-43.13648,184.5051
12.04:  83.87247,-43.38506,184.5051
12.06:  83.85277,-43.63511,184.5051
12.08:  83.83309,-43.88483,184.5051
12.09:  83.81355,-44.13282,184.5051
12.11:  83.79385,-44.38288,184.5051
12.13:  83.77429,-44.6311,184.5051
12.14:  83.75465,-44.8804,184.5051
12.16:  83.73513,-45.12806,184.5051
12.18:  83.7154,-45.37854,184.5051
12.19:  83.69569,-45.62872,184.5051
12.21:  83.67616,-45.87658,184.5051
12.23:  83.65639,-46.12747,184.5051
12.24:  83.63673,-46.37702,184.5051
12.26:  83.61702,-46.62716,184.5051
12.28:  83.59766,-46.87281,184.5051
12.29:  83.5778,-47.12492,184.5051
12.31:  83.55833,-47.37201,184.5051
12.33:  83.53855,-47.623,184.5051
12.34:  83.51897,-47.87156,184.5051
12.36:  83.49944,-48.11942,184.5051
12.38:  83.47969,-48.37003,184.5051
12.39:  83.46004,-48.61944,184.5051
12.41:  83.44041,-48.86865,184.5051
12.43:  83.42078,-49.1178,184.5051
12.44:  83.40099,-49.36889,184.5051
12.46:  83.38142,-49.61732,184.5051
12.48:  83.36183,-49.86587,184.5051
12.49:  83.34216,-50.11561,184.5051
12.51:  83.3225,-50.36502,184.5051
12.53:  83.30299,-50.61276,184.5051
12.54:  83.28344,-50.86079,184.5051
12.56:  83.26363,-51.11223,184.5051
12.58:  83.24397,-51.36181,184.5051
12.59:  83.2243,-51.61129,184.5051
12.61:  83.20469,-51.86029,184.5051
12.63:  83.18502,-52.10992,184.5051
12.64:  83.16546,-52.35818,184.5051
12.66:  83.14586,-52.60696,184.5051
12.68:  83.12634,-52.85467,184.5051
12.69:  83.10663,-53.10482,184.5051
12.71:  83.087,-53.35398,184.5051
12.73:  83.06736,-53.6032,184.5051
12.74:  83.04779,-53.85157,184.5051
12.76:  83.02802,-54.1025,184.5051
12.78:  83.0083,-54.35278,184.5051
12.79:  82.98866,-54.60199,184.5051
12.81:  82.96927,-54.84809,184.5051
12.83:  82.94949,-55.09912,184.5051
12.84:  82.93002,-55.34637,184.5051
12.86:  82.91047,-55.59438,184.5051
12.88:  82.89067,-55.84571,184.5051
12.89:  82.87096,-56.09575,184.5051
12.91:  82.85149,-56.34293,184.5051
12.94:  82.83168,-56.59431,184.5051
12.96:  82.81195,-56.84479,184.5051
12.98:  82.7923,-57.0942,184.5051
12.99:  82.77266,-57.34344,184.5051
13.01:  82.75318,-57.59063,184.5051
13.03:  82.73351,-57.84028,184.5051
13.04:  82.71395,-58.0885,184.5051
13.06:  82.69438,-58.33689,184.5051
13.08:  82.67461,-58.58793,184.5051
13.09:  82.65492,-58.83768,184.5051
13.11:  82.63513,-59.08889,184.5051
13.13:  82.61533,-59.34015,184.5051
13.14:  82.59567,-59.58965,184.5051
13.16:  82.57624,-59.83632,184.5051
13.18:  82.55649,-60.08701,184.5051
13.19:  82.53696,-60.33492,184.5051
13.21:  82.51784,-60.57756,184.5051
13.23:  82.50063,-60.79599,184.5051
13.24:  82.48367,-61.01123,184.5051
13.26:  82.46817,-61.20787,184.5051
13.28:  82.4533,-61.3966,184.5051
13.29:  82.43965,-61.56981,184.5051
13.31:  82.42683,-61.73252,184.5051
13.33:  82.41521,-61.88,184.5051
13.34:  82.40422,-62.01955,184.5051
13.36:  82.39459,-62.1417,184.5051
13.38:  82.38575,-62.25396,184.5051
13.39:  82.37787,-62.35397,184.5051
13.41:  82.37103,-62.44083,184.5051
13.43:  82.36517,-62.51506,184.5051
13.44:  82.36021,-62.57808,184.5051
13.46:  82.35631,-62.62765,184.5051
13.48:  82.35334,-62.66523,184.5051
13.49:  82.35138,-62.69014,184.5051
13.51:  82.3504,-62.70256,184.5051
13.53:  82.3504,-62.70256,184.5051
13.54:  82.3504,-62.70256,184.5051
13.56:  82.3504,-62.70256,184.5051
13.58:  82.3504,-62.70256,184.5051
13.59:  82.3504,-62.70256,184.5051
13.61:  82.3504,-62.70256,184.5051
13.63:  82.3504,-62.70256,184.5051
13.64:  82.3504,-62.70256,184.5051
13.66:  82.3504,-62.70256,184.5051
13.68:  82.3504,-62.70256,184.5051
13.69:  82.3504,-62.70256,184.5051
13.71:  82.3504,-62.70256,184.5051
13.73:  82.3504,-62.70256,184.5051
13.74:  82.3504,-62.70256,184.5051
13.76:  82.3504,-62.70256,184.5051
13.78:  82.3504,-62.70256,184.5051
13.79:  82.3504,-62.70256,184.5051
13.81:  82.3504,-62.70256,184.5051
13.83:  82.3504,-62.70256,184.5051
13.84:  82.3504,-62.70256,184.5051
13.86:  82.3504,-62.70256,184.5051
13.88:  82.3504,-62.70256,184.5051
13.89:  82.3504,-62.70256,184.5051
13.91:  82.3504,-62.70256,184.5051
13.93:  82.3504,-62.70256,184.5051
13.94:  82.3504,-62.70256,184.5051
13.96:  82.3504,-62.70256,184.5051
13.98:  82.3504,-62.70256,184.5051
13.99:  82.3504,-62.70256,184.5051
14.01:  82.3504,-62.70256,184.5051
14.03:  82.3504,-62.70256,184.5051
14.04:  82.3504,-62.70256,184.5051
14.06:  82.3504,-62.70256,184.5051
14.08:  82.3504,-62.70256,184.5051
14.09:  82.3504,-62.70256,184.5051
14.11:  82.3504,-62.70256,184.5051
14.13:  82.3504,-62.70256,184.5051
14.14:  82.3504,-62.70256,184.5051
14.16:  82.3504,-62.70256,184.5051
14.18:  82.3504,-62.70256,184.5051
14.19:  82.3504,-62.70256,184.5051
14.21:  82.3504,-62.70256,184.5051
14.23:  82.3504,-62.70256,184.5051
14.24:  82.3504,-62.70256,184.5051
14.26:  82.3504,-62.70256,184.5051
14.28:  82.3504,-62.70256,184.5051
14.29:  82.3504,-62.70256,184.5051
14.31:  82.3504,-62.70256,184.5051
14.33:  82.3504,-62.70256,184.5051
14.34:  82.3504,-62.70256,186.0052
14.36:  82.3504,-62.70256,187.5051
14.38:  82.3504,-62.70256,189.0051
14.39:  82.3504,-62.70256,190.5052
14.41:  82.3504,-62.70256,192.0051
14.43:  82.3504,-62.70256,193.5051
14.44:  82.3504,-62.70256,195.0051
14.46:  82.3504,-62.70256,196.5051
14.48:  82.3504,-62.70256,198.0052
14.49:  82.3504,-62.70256,199.5051
14.51:  82.3504,-62.70256,201.0051
14.53:  82.3504,-62.70256,202.5051
14.54:  82.3504,-62.70256,204.0051
14.56:  82.3504,-62.70256,205.5051
14.58:  82.3504,-62.70256,207.0051
14.59:  82.3504,-62.70256,208.5051
14.61:  82.3504,-62.70256,210.0052
14.63:  82.3504,-62.70256,211.5051
14.64:  82.3504,-62.70256,213.0051
14.66:  82.3504,-62.70256,214.5052
14.68:  82.3504,-62.70256,216.0051
14.69:  82.3504,-62.70256,217.5051
14.71:  82.3504,-62.70256,219.0052
14.73:  82.3504,-62.70256,220.5051
14.74:  82.3504,-62.70256,222.0052
14.76:  82.3504,-62.70256,223.5051
14.78:  82.3504,-62.70256,225.0051
14.79:  82.3504,-62.70256,226.5051
14.81:  82.3504,-62.70256,228.0051
14.83:  82.3504,-62.70256,229.5052
14.84:  82.3504,-62.70256,231.0052
14.86:  82.3504,-62.70256,232.5052
14.88:  82.3504,-62.70256,234.0052
14.89:  82.3504,-62.70256,235.5052
14.91:  82.3504,-62.70256,237.0052
14.93:  82.3504,-62.70256,238.5052
14.94:  82.3504,-62.70256,240.0052
14.96:  82.3504,-62.70256,241.5052
14.98:  82.3504,-62.70256,243.0052
14.99:  82.3504,-62.70256,244.5052
15.01:  82.3504,-62.70256,246.0052
15.03:  82.3504,-62.70256,247.5052
15.04:  82.3504,-62.70256,249.0052
15.06:  82.3504,-62.70256,250.5052
15.08:  82.3504,-62.70256,252.0052
15.09:  82.3504,-62.70256,253.5052
15.11:  82.3504,-62.70256,255.0052
15.13:  82.3504,-62.70256,256.5052
15.14:  82.3504,-62.70256,258.0052
15.16:  82.3504,-62.70256,259.5052
15.18:  82.3504,-62.70256,261.0052
15.19:  82.3504,-62.70256,262.5052
15.21:  82.3504,-62.70256,263.8526
15.23:  82.3504,-62.70256,265.0508
15.24:  82.3504,-62.70256,266.0992
15.26:  82.3504,-62.70256,266.9979
15.28:  82.3504,-62.70256,268.4979
15.29:  82.3504,-62.70256,269.9979
15.31:  82.3504,-62.70256,271.4978
15.33:  82.3504,-62.70256,272.9978
15.34:  82.3504,-62.70256,274.4979
15.36:  82.3504,-62.70256,275.9979
15.38:  82.3504,-62.70256,277.4978
15.39:  82.3504,-62.70256,278.9978
15.41:  82.3504,-62.70256,280.4979
15.43:  82.3504,-62.70256,281.9979
15.44:  82.3504,-62.70256,283.4978
15.46:  82.3504,-62.70256,284.9978
15.48:  82.3504,-62.70256,286.4978
15.49:  82.3504,-62.70256,287.9978
15.51:  82.3504,-62.70256,289.4978
15.53:  82.3504,-62.70256,290.9978
15.54:  82.3504,-62.70256,292.4978
15.56:  82.3504,-62.70256,293.9978
15.58:  82.3504,-62.70256,295.4978
15.59:  82.3504,-62.70256,296.9978
15.61:  82.3504,-62.70256,298.4978
15.63:  82.3504,-62.70256,299.9978
15.64:  82.3504,-62.70256,301.4978
15.66:  82.3504,-62.70256,302.9978
15.68:  82.3504,-62.70256,304.4978
15.69:  82.3504,-62.70256,305.9978
15.71:  82.3504,-62.70256,307.4978
15.73:  82.3504,-62.70256,308.9978
15.74:  82.3504,-62.70256,310.4978
15.76:  82.3504,-62.70256,311.9978
15.78:  82.3504,-62.70256,313.4978
15.79:  82.3504,-62.70256,314.9978
15.81:  82.3504,-62.70256,316.4978
15.83:  82.3504,-62.70256,317.9978
15.84:  82.3504,-62.70256,319.4978
15.86:  82.3504,-62.70256,320.9978
15.88:  82.3504,-62.70256,322.4978
15.89:  82.3504,-62.70256,323.9978
15.91:  82.3504,-62.70256,325.3472
15.93:  82.3504,-62.70256,326.5463
15.94:  82.3504,-62.70256,327.5964
15.96:  82.3504,-62.70256,328.4959
15.98:  82.3504,-62.70256,329.2448
15.99:  82.3504,-62.70256,329.8442
16.01:  82.3504,-62.70256,330.2947
16.03:  82.3504,-62.70256,330.5935
16.04:  82.3504,-62.70256,330.7446
16.06:  82.3504,-62.70256,330.7448
16.08:  82.3504,-62.70256,330.7448
16.09:  82.3504,-62.70256,330.7448
16.11:  82.3504,-62.70256,330.7448
16.13:  82.3504,-62.70256,330.7448
16.14:  82.3504,-62.70256,330.7448
16.16:  82.3504,-62.70256,330.7448
16.18:  82.3504,-62.70256,330.7448
16.19:  82.3504,-62.70256,330.7448
16.21:  82.3504,-62.70256,330.7448
16.23:  82.3504,-62.70256,330.7448
16.24:  82.3504,-62.70256,330.7448
16.26:  82.3504,-62.70256,330.7448
16.28:  82.3504,-62.70256,330.7448
16.29:  82.3504,-62.70256,330.7448
16.31:  82.3504,-62.70256,330.7448
16.33:  82.3504,-62.70256,330.7448
16.34:  82.3504,-62.70256,330.7448
16.36:  82.3504,-62.70256,330.7448
16.38:  82.3504,-62.70256,330.7448
16.39:  82.3504,-62.70256,330.7448
16.41:  82.3504,-62.70256,330.7448
16.43:  82.3504,-62.70256,330.7448
16.44:  82.3504,-62.70256,330.7448
16.46:  82.3504,-62.70256,330.7448
16.48:  82.3504,-62.70256,330.7448
16.49:  82.3504,-62.70256,330.7448
16.51:  82.3504,-62.70256,330.7448
16.53:  82.3504,-62.70256,330.7448
16.54:  82.3504,-62.70256,330.7448
16.56:  82.3504,-62.70256,330.7448
16.58:  82.3504,-62.70256,330.7448
16.59:  82.3504,-62.70256,330.7448
16.61:  82.3504,-62.70256,330.7448
16.63:  82.3504,-62.70256,330.7448
16.64:  82.3504,-62.70256,330.7448
16.66:  82.3504,-62.70256,330.7448
16.68:  82.3504,-62.70256,330.7448
16.69:  82.3504,-62.70256,330.7448
16.71:  82.3504,-62.70256,330.7448
16.73:  82.3504,-62.70256,330.7448
16.74:  82.3504,-62.70256,330.7448
16.76:  82.3504,-62.70256,330.7448
16.78:  82.3504,-62.70256,330.7448
16.79:  82.3504,-62.70256,330.7448
16.81:  82.3504,-62.70256,330.7448
16.83:  82.3504,-62.70256,330.7448
16.84:  82.3504,-62.70256,330.7448
16.86:  82.3504,-62.70256,330.7448
16.88:  82.3504,-62.70256,330.7448
16.89:  82.3504,-62.70256,330.7448
16.91:  82.3504,-62.70256,330.7448
16.93:  82.3504,-62.70256,330.7448
16.94:  82.3504,-62.70256,330.7448
16.96:  82.3442,-62.69149,330.7448
16.98:  82.33208,-62.66985,330.7448
16.99:  82.31361,-62.63687,330.7448
17.01:  82.28925,-62.59337,330.7448
17.03:  82.25835,-62.53821,330.7448
17.04:  82.22182,-62.47302,330.7448
17.06:  82.17868,-62.39598,330.7448
17.08:  82.13028,-62.30958,330.7448
17.09:  82.07465,-62.21026,330.7448
17.11:  82.01349,-62.10109,330.7448
17.13:  81.94637,-61.98124,330.7448
17.14:  81.87288,-61.85005,330.7448
17.16:  81.79343,-61.70823,330.7448
17.18:  81.70837,-61.55635,330.7448
17.19:  81.61553,-61.39063,330.7448
17.21:  81.51791,-61.21634,330.7448
17.23:  81.41542,-61.03338,330.7448
17.24:  81.30427,-60.83495,330.7448
17.26:  81.18785,-60.62711,330.7448
17.28:  81.06509,-60.40794,330.7448
17.29:  80.94364,-60.19114,330.7448
17.31:  80.82129,-59.97271,330.7448
17.33:  80.69979,-59.7558,330.7448
17.34:  80.57674,-59.53611,330.7448
17.36:  80.45592,-59.32043,330.7448
17.38:  80.33236,-59.09985,330.7448
17.39:  80.20969,-58.88086,330.7448
17.41:  80.08813,-58.66385,330.7448
17.43:  79.96555,-58.44501,330.7448
17.44:  79.84354,-58.22717,330.7448
17.46:  79.71965,-58.006,330.7448
17.48:  79.59898,-57.79059,330.7448
17.49:  79.47775,-57.57414,330.7448
17.51:  79.35509,-57.35519,330.7448
17.53:  79.23338,-57.13789,330.7448
17.54:  79.10954,-56.91679,330.7448
17.56:  78.98254,-56.70338,329.2448
17.58:  78.85047,-56.49411,327.7448
17.59:  78.71074,-56.28503,326.2448
17.61:  78.56689,-56.08152,324.7448
17.63:  78.41737,-55.88132,323.2448
17.64:  78.26251,-55.68493,321.7448
17.66:  78.10246,-55.49253,320.2448
17.68:  77.93891,-55.30606,318.7448
17.69:  77.7677,-55.12088,317.2448
17.71:  77.59982,-54.94859,315.7448
17.73:  77.43955,-54.79248,314.2448
17.74:  77.28428,-54.64898,312.7448
17.76:  77.13376,-54.517,311.2448
17.78:  76.99064,-54.39799,309.7448
17.79:  76.85264,-54.28922,308.2448
17.81:  76.72206,-54.19173,306.7448
17.83:  76.60008,-54.10554,305.2448
17.84:  76.48557,-54.02905,303.7448
17.86:  76.37991,-53.96239,302.2448
17.88:  76.28121,-53.90332,300.8987
17.89:  76.19654,-53.85503,299.6987
17.91:  76.11954,-53.81297,298.6494
17.93:  76.05309,-53.778,297.7504
17.94:  75.99751,-53.74968,297.0014
17.96:  75.95312,-53.72764,296.4011
17.98:  75.91936,-53.71121,295.951
17.99:  75.89693,-53.70044,295.6497
18.01:  75.88557,-53.69502,295.4988
18.03:  75.88557,-53.69502,295.4977
18.04:  75.88557,-53.69502,295.4977
18.06:  75.88557,-53.69502,295.4977
18.08:  75.88557,-53.69502,295.4977
18.09:  75.88557,-53.69502,295.4977
18.11:  75.88557,-53.69502,295.4977
18.13:  75.88557,-53.69502,295.4977
18.14:  75.88557,-53.69502,295.4977
18.16:  75.88557,-53.69502,295.4977
18.18:  75.87425,-53.68962,295.4977
18.19:  75.8517,-53.67887,295.4977
18.21:  75.81786,-53.66273,295.4977
18.23:  75.77292,-53.6413,295.4977
18.24:  75.71563,-53.61397,295.4977
18.26:  75.64833,-53.58188,295.4977
18.28:  75.56969,-53.54437,295.4977
18.29:  75.47897,-53.5011,295.4977
18.31:  75.37785,-53.45288,295.4977
18.33:  75.26433,-53.39874,295.4977
18.34:  75.14062,-53.33973,295.4977
18.36:  75.00604,-53.27555,295.4977
18.38:  74.85838,-53.20513,295.4977
18.39:  74.70099,-53.13007,295.4977
18.41:  74.53076,-53.04888,295.4977
18.43:  74.35065,-52.96298,295.4977
18.44:  74.16056,-52.87232,295.4977
18.46:  73.95542,-52.77448,295.4977
18.48:  73.74123,-52.67233,295.4977
18.49:  73.51499,-52.56443,295.4977
18.51:  73.29798,-52.46466,295.4977
18.53:  73.24615,-52.51871,295.4977
18.54:  73.19048,-52.57182,295.4977
18.56:  73.13203,-52.62418,295.4977
18.58:  73.07069,-52.67574,295.4977
18.59:  73.00726,-52.72562,295.4977
18.61:  72.94257,-52.77317,295.4977
18.63:  72.87737,-52.81793,295.4977
18.64:  72.81277,-52.85934,295.4977
18.66:  72.74921,-52.89742,295.4977
18.68:  72.68751,-52.93197,295.4977
18.69:  72.62859,-52.96285,295.4977
18.71:  72.57401,-52.98967,295.4977
18.73:  72.52383,-53.01289,295.4977
18.74:  72.47946,-53.03229,295.4977
18.76:  72.44187,-53.04791,295.4977
18.78:  72.41068,-53.06034,295.4977
18.79:  72.38693,-53.06947,295.4977
18.81:  72.37072,-53.07553,295.4977
18.83:  72.3625,-53.07855,295.4977
18.84:  72.3625,-53.07855,295.4977
18.86:  72.3625,-53.07855,296.9977
18.88:  72.3625,-53.07855,298.4977
18.89:  72.3625,-53.07855,299.9977
18.91:  72.3625,-53.07855,301.4977
18.93:  72.3625,-53.07855,302.9977
18.94:  72.3625,-53.07855,304.4977
18.96:  72.3625,-53.07855,305.9977
18.98:  72.3625,-53.07855,307.4977
18.99:  72.3625,-53.07855,308.9977
19.01:  72.3625,-53.07855,310.4977
19.03:  72.3625,-53.07855,311.9977
19.04:  72.3625,-53.07855,313.4977
19.06:  72.3625,-53.07855,314.9977
19.08:  72.3625,-53.07855,316.4977
19.09:  72.3625,-53.07855,317.9977
19.11:  72.3625,-53.07855,319.4977
19.13:  72.3625,-53.07855,320.9977
19.14:  72.3625,-53.07855,322.4977
19.16:  72.3625,-53.07855,323.9977
19.18:  72.3625,-53.07855,325.4977
19.19:  72.3625,-53.07855,326.9977
19.21:  72.3625,-53.07855,328.4977
19.23:  72.3625,-53.07855,329.9977
19.24:  72.3625,-53.07855,331.4977
19.26:  72.3625,-53.07855,332.9977
19.28:  72.3625,-53.07855,334.4977
19.29:  72.3625,-53.07855,335.9977
19.31:  72.3625,-53.07855,337.4977
19.33:  72.3625,-53.07855,338.9977
19.34:  72.3625,-53.07855,340.4977
19.36:  72.3625,-53.07855,341.9977
19.38:  72.3625,-53.07855,343.4977
19.39:  72.3625,-53.07855,344.9977
19.41:  72.3625,-53.07855,346.4977
19.43:  72.3625,-53.07855,347.9977
19.44:  72.3625,-53.07855,349.4977
19.46:  72.3625,-53.07855,350.9977
19.48:  72.3625,-53.07855,352.4977
19.49:  72.3625,-53.07855,353.9977
19.51:  72.3625,-53.07855,355.4977
19.53:  72.3625,-53.07855,356.9977
19.54:  72.3625,-53.07855,358.4977
19.56:  72.3625,-53.07855,-0.002286994
19.58:  72.3625,-53.07855,1.497713
19.59:  72.3625,-53.07855,2.997713
19.61:  72.3625,-53.07855,4.497714
19.63:  72.3625,-53.07855,5.997713
19.64:  72.3625,-53.07855,7.497713
19.66:  72.3625,-53.07855,8.997714
19.68:  72.3625,-53.07855,10.49771
19.69:  72.3625,-53.07855,11.99771
19.71:  72.3625,-53.07855,13.49771
19.73:  72.3625,-53.07855,14.99771
19.74:  72.3625,-53.07855,16.34615
19.76:  72.3625,-53.07855,17.54541
19.78:  72.3625,-53.07855,18.59379
19.79:  72.3625,-53.07855,19.49254
19.81:  72.3625,-53.07855,20.24064
19.83:  72.3625,-53.07855,20.83864
19.84:  72.3625,-53.07855,21.28658
19.86:  72.3625,-53.07855,21.58636
19.88:  72.3625,-53.07855,21.73555
19.89:  72.3625,-53.07855,21.73603
19.91:  72.3625,-53.07855,21.73603
19.93:  72.3625,-53.07855,21.73603
19.94:  72.3625,-53.07855,21.73603
19.96:  72.3625,-53.07855,21.73603
19.98:  72.3625,-53.07855,21.73603
19.99:  72.3625,-53.07855,21.73603
20.01:  72.3625,-53.07855,21.73603
20.03:  72.3625,-53.07855,21.73603
20.04:  72.3625,-53.07855,21.73603
20.06:  72.3625,-53.07855,21.73603
20.08:  72.3625,-53.07855,21.73603
20.09:  72.3625,-53.07855,21.73603
20.11:  72.3625,-53.07855,21.73603
20.13:  72.3625,-53.07855,21.73603
20.14:  72.3625,-53.07855,21.73603
20.16:  72.37055,-53.0747,21.73603
20.18:  72.38658,-53.06786,21.73603
20.19:  72.4111,-53.05716,21.73603
20.21:  72.44387,-53.04237,21.73603
20.23:  72.48511,-53.02295,21.73603
20.24:  72.53471,-52.99836,21.73603
20.26:  72.59328,-52.96756,21.73603
20.28:  72.6441,-52.93871,21.73603
20.29:  72.6861,-52.91362,21.73603
20.31:  72.71975,-52.8927,21.73603
20.33:  72.74536,-52.87628,21.73603
20.34:  72.76239,-52.8651,21.73603
20.36:  72.77097,-52.85938,21.73603
20.38:  72.77097,-52.85938,21.73603
20.39:  72.77097,-52.85938,21.73603
20.41:  72.77097,-52.85938,21.73603
20.43:  72.77097,-52.85938,21.73603
20.44:  72.77097,-52.85938,21.73603
20.46:  72.77097,-52.85938,21.73603
20.48:  72.77097,-52.85938,21.73603
20.49:  72.77097,-52.85938,21.73603
20.51:  72.77097,-52.85938,21.73603
20.53:  72.77097,-52.85938,21.73603
20.54:  72.77097,-52.85938,21.73603
20.56:  72.77097,-52.85938,21.73603
20.58:  72.77097,-52.85938,21.73603
20.59:  72.77097,-52.85938,21.73603
20.61:  72.77097,-52.85938,21.73603
20.63:  72.77097,-52.85938,21.73603
20.64:  72.77097,-52.85938,21.73603
20.66:  72.77097,-52.85938,21.73603
20.68:  72.77097,-52.85938,21.73603
20.69:  72.77097,-52.85938,21.73603
20.71:  72.77097,-52.85938,21.73603
20.73:  72.77097,-52.85938,21.73603
20.74:  72.7796,-52.85364,21.73603
20.76:  72.79664,-52.84224,21.73603
20.78:  72.82198,-52.82493,21.73603
20.79:  72.85638,-52.80069,21.73603
20.81:  72.8988,-52.76958,21.73603
20.83:  72.94959,-52.73051,21.73603
20.84:  73.00911,-52.68203,21.73603
20.86:  73.07522,-52.62439,21.73603
20.88:  73.14857,-52.55549,21.73603
20.89:  73.22939,-52.47284,21.73603
20.91:  73.31363,-52.37756,21.73603
20.93:  73.40334,-52.26469,21.73603
20.94:  73.49311,-52.13597,21.73603
20.96:  73.5826,-51.98784,21.73603
20.98:  73.66718,-51.82024,21.73603
20.99:  73.74047,-51.6364,21.73603
21.01:  73.82039,-51.43596,21.73603
21.03:  73.90248,-51.23005,21.73603
21.04:  73.99187,-51.00583,21.73603
21.06:  74.08383,-50.77515,21.73603
21.08:  74.17667,-50.54227,21.73603
21.09:  74.2688,-50.31121,21.73603
21.11:  74.36049,-50.08121,21.73603
21.13:  74.45329,-49.84846,21.73603
21.14:  74.54501,-49.61837,21.73603
21.16:  74.63853,-49.3838,21.73603
21.18:  74.73059,-49.1529,21.73603
21.19:  74.8232,-48.92061,21.73603
21.21:  74.91576,-48.68843,21.73603
21.23:  75.00794,-48.45721,21.73603
21.24:  75.10262,-48.21974,21.73603
21.26:  75.1945,-47.98929,21.73603
21.28:  75.2868,-47.75774,21.73603
21.29:  75.3806,-47.52248,21.73603
21.31:  75.47163,-47.29416,21.73603
21.33:  75.56468,-47.06075,21.73603
21.34:  75.65686,-46.82954,21.73603
21.36:  75.74969,-46.5967,21.73603
21.38:  75.8419,-46.36542,21.73603
21.39:  75.93507,-46.1317,21.73603
21.41:  76.02696,-45.9012,21.73603
21.43:  76.11945,-45.66924,21.73603
21.44:  76.21287,-45.43491,21.73603
21.46:  76.30515,-45.20343,21.73603
21.48:  76.39836,-44.96964,21.73603
21.49:  76.49008,-44.73956,21.73603
21.51:  76.58406,-44.50385,21.73603
21.53:  76.67574,-44.27387,21.73603
21.54:  76.76957,-44.03852,21.73603
21.56:  76.86067,-43.81002,21.73603
21.58:  76.95356,-43.57703,21.73603
21.59:  77.04529,-43.34695,21.73603
21.61:  77.13841,-43.11336,21.73603
21.63:  77.23128,-42.88043,21.73603
21.64:  77.32327,-42.64971,21.73603
21.66:  77.41655,-42.41572,21.73603
21.68:  77.50839,-42.18534,21.73603
21.69:  77.60151,-41.95178,21.73603
21.71:  77.6935,-41.72102,21.73603
21.73:  77.78619,-41.48855,21.73603
21.74:  77.87879,-41.25627,21.73603
21.76:  77.97223,-41.0219,21.73603
21.78:  78.0653,-40.78845,21.73603
21.79:  78.15688,-40.55873,21.73603
21.81:  78.24976,-40.32579,21.73603
21.83:  78.3423,-40.09366,21.73603
21.84:  78.43596,-39.85873,21.73603
21.86:  78.52721,-39.62985,21.73603
21.88:  78.62038,-39.39615,21.73603
21.89:  78.71265,-39.16471,21.73603
21.91:  78.80524,-38.93248,21.73603
21.93:  78.89699,-38.70234,21.73603
21.94:  78.99088,-38.46682,21.73603
21.96:  79.08254,-38.2369,21.73603
21.98:  79.17004,-37.99956,20.23603
21.99:  79.24942,-37.76553,18.73603
22.01:  79.32381,-37.52576,17.23603
22.03:  79.39151,-37.28548,15.73603
22.04:  79.45293,-37.04336,14.23603
22.06:  79.50794,-36.79999,12.73603
22.08:  79.55707,-36.55269,11.23603
22.09:  79.59935,-36.30627,9.73603
22.11:  79.63461,-36.06267,8.23603
22.13:  79.6637,-35.81634,6.73603
22.14:  79.68669,-35.56553,5.23603
22.16:  79.70306,-35.31485,3.736029
22.18:  79.71281,-35.0651,2.236029
22.19:  79.71605,-34.81295,0.7360289
22.21:  79.71272,-34.56292,359.236
22.23:  79.7028,-34.31208,357.736
22.24:  79.68651,-34.06444,356.236
22.26:  79.66363,-33.81612,354.736
22.28:  79.63443,-33.56994,353.236
22.29:  79.59873,-33.31948,351.8878
22.31:  79.55846,-33.07384,350.689
22.33:  79.51378,-32.82949,349.6392
22.34:  79.46487,-32.58384,348.7396
22.36:  79.41247,-32.33749,347.9912
22.38:  79.35806,-32.09424,347.3924
22.39:  79.30131,-31.8495,346.9442
22.41:  79.24409,-31.60849,346.6447
22.43:  79.18526,-31.36348,346.4964
22.44:  79.12701,-31.12096,346.4964
22.46:  79.06844,-30.87701,346.4964
22.48:  79.01019,-30.63451,346.4964
22.49:  78.95171,-30.39097,346.4964
22.51:  78.89394,-30.15041,346.4964
22.53:  78.83479,-29.90407,346.4964
22.54:  78.77664,-29.66195,346.4964
22.56:  78.71845,-29.41964,346.4964
22.58:  78.66028,-29.17739,346.4964
22.59:  78.60193,-28.93442,346.4964
22.61:  78.54358,-28.69143,346.4964
22.63:  78.48516,-28.44817,346.4964
22.64:  78.42064,-28.20744,344.9964
22.66:  78.34956,-27.96753,343.4964
22.68:  78.27187,-27.72848,341.9964
22.69:  78.18855,-27.49325,340.4964
22.71:  78.09942,-27.26109,338.9964
22.73:  78.00298,-27.02829,337.4964
22.74:  77.90133,-26.7984,336.1472
22.76:  77.79642,-26.57396,334.9467
22.78:  77.68628,-26.34919,333.8964
22.79:  77.5735,-26.12788,332.9951
22.81:  77.45672,-25.90597,332.2442
22.83:  77.3382,-25.6864,331.643
22.84:  77.21784,-25.46753,331.1917
22.86:  77.09626,-25.24918,330.8904
22.88:  76.97357,-25.0302,330.7397
22.89:  76.85042,-24.81038,330.7397
22.91:  76.72973,-24.59497,330.7397
22.93:  76.60628,-24.37462,330.7397
22.94:  76.48382,-24.15604,330.7397
22.96:  76.3622,-23.93897,330.7397
22.98:  76.2399,-23.72068,330.7397
22.99:  76.11666,-23.50071,330.7397
23.01:  75.99565,-23.28473,330.7397
23.03:  75.8737,-23.06705,330.7397
23.04:  75.75015,-22.84654,330.7397
23.06:  75.62894,-22.6302,330.7397
23.08:  75.5071,-22.41272,330.7397
23.09:  75.38448,-22.19386,330.7397
23.11:  75.26139,-21.97416,330.7397
23.13:  75.13943,-21.75649,330.7397
23.14:  75.01782,-21.53943,330.7397
23.16:  74.89526,-21.32066,330.7397
23.18:  74.77324,-21.10288,330.7397
23.19:  74.65287,-20.88803,330.7397
23.21:  74.53069,-20.66997,330.7397
23.23:  74.40096,-20.452,329.2397
23.24:  74.26894,-20.24282,327.7397
23.26:  74.12883,-20.03323,326.2397
23.28:  73.98408,-19.82849,324.7397
23.29:  73.83445,-19.62819,323.2397
23.31:  73.68019,-19.43258,321.7397
23.33:  73.52023,-19.23929,320.3902
23.34:  73.35802,-19.05145,319.1897
23.36:  73.19064,-18.86462,318.1396
23.38:  73.02248,-18.68279,317.2382
23.39:  72.84764,-18.50339,315.7382
23.41:  72.66705,-18.32754,314.2382
23.43:  72.48438,-18.15874,312.7382
23.44:  72.2944,-17.99221,311.2382
23.46:  72.11084,-17.83961,309.7382
23.48:  71.93494,-17.701,308.2382
23.49:  71.76556,-17.57457,306.7382
23.51:  71.60344,-17.46004,305.2382
23.53:  71.44606,-17.35433,303.8898
23.54:  71.29839,-17.25956,302.6919
23.56:  71.15998,-17.17426,301.644
23.58:  71.0322,-17.09825,300.7447
23.59:  70.91187,-17.02879,299.997
23.61:  70.80376,-16.96788,299.3982
23.63:  70.70465,-16.91305,298.9503
23.64:  70.61754,-16.86546,298.6513
23.66:  70.54066,-16.82371,298.502
23.68:  70.47482,-16.78796,298.502
23.69:  70.41965,-16.75801,298.502
23.71:  70.37556,-16.73407,298.502
23.73:  70.34258,-16.71615,298.502
23.74:  70.32053,-16.70419,298.502
23.76:  70.30943,-16.69815,298.502
23.78:  70.30943,-16.69815,298.502
23.79:  70.30943,-16.69815,298.502
23.81:  70.30943,-16.69815,298.502
23.83:  70.30943,-16.69815,298.502
23.84:  70.30943,-16.69815,298.502
23.86:  70.30943,-16.69815,298.502
23.88:  70.30943,-16.69815,298.502
23.89:  70.30943,-16.69815,298.502
23.91:  70.30943,-16.69815,298.502
23.93:  70.30943,-16.69815,297.002
23.94:  70.30943,-16.69815,295.502
23.96:  70.30943,-16.69815,294.002
23.98:  70.30943,-16.69815,292.502
23.99:  70.30943,-16.69815,291.002
24.01:  70.30943,-16.69815,289.502
24.03:  70.30943,-16.69815,288.002
24.04:  70.30943,-16.69815,286.502
24.06:  70.30943,-16.69815,285.002
24.08:  70.30943,-16.69815,283.502
24.09:  70.30943,-16.69815,282.002
24.11:  70.30943,-16.69815,280.502
24.13:  70.30943,-16.69815,279.002
24.14:  70.30943,-16.69815,277.502
24.16:  70.30943,-16.69815,276.002
24.18:  70.30943,-16.69815,274.502
24.19:  70.30943,-16.69815,273.002
24.21:  70.30943,-16.69815,271.502
24.23:  70.30943,-16.69815,270.152
24.24:  70.30943,-16.69815,268.9511
24.26:  70.30943,-16.69815,267.9006
24.28:  70.30943,-16.69815,267.0007
24.29:  70.30943,-16.69815,266.2496
24.31:  70.30943,-16.69815,265.6486
24.33:  70.30943,-16.69815,265.1977
24.34:  70.30943,-16.69815,264.898
24.36:  70.30943,-16.69815,264.748
24.38:  70.30943,-16.69815,264.7476
24.39:  70.30943,-16.69815,264.7476
24.41:  70.30943,-16.69815,264.7476
24.43:  70.30943,-16.69815,264.7476
24.44:  70.30943,-16.69815,264.7476
24.46:  70.30943,-16.69815,264.7476
24.48:  70.30943,-16.69815,264.7476
24.49:  70.30943,-16.69815,264.7476
24.51:  70.30943,-16.69815,264.7476
24.53:  70.30943,-16.69815,264.7476
24.54:  70.30943,-16.69815,264.7476
24.56:  70.30943,-16.69815,264.7476
24.58:  70.30943,-16.69815,264.7476
24.59:  70.30943,-16.69815,264.7476
24.61:  70.30943,-16.69815,264.7476
24.63:  70.30943,-16.69815,264.7476
24.64:  70.30943,-16.69815,264.7476
24.66:  70.30943,-16.69815,264.7476
24.68:  70.30943,-16.69815,264.7476
24.69:  70.30943,-16.69815,264.7476
24.71:  70.30943,-16.69815,264.7476
24.73:  70.30943,-16.69815,264.7476
24.74:  70.30943,-16.69815,264.7476
24.76:  70.30943,-16.69815,264.7476
24.78:  70.30943,-16.69815,264.7476
24.79:  70.30943,-16.69815,264.7476
24.81:  70.30943,-16.69815,264.7476
24.83:  70.30943,-16.69815,264.7476
24.84:  70.30943,-16.69815,264.7476
24.86:  70.30943,-16.69815,264.7476
24.88:  70.30943,-16.69815,264.7476
24.89:  70.30943,-16.69815,264.7476
24.91:  70.30943,-16.69815,264.7476
24.93:  70.30943,-16.69815,264.7476
24.94:  70.30943,-16.69815,264.7476
24.96:  70.30943,-16.69815,264.7476
24.98:  70.30943,-16.69815,264.7476
24.99:  70.30943,-16.69815,264.7476
25.01:  70.30943,-16.69815,264.7476
25.03:  70.30943,-16.69815,264.7476
25.04:  70.30943,-16.69815,264.7476
25.06:  70.30943,-16.69815,264.7476
25.08:  70.30943,-16.69815,264.7476
25.09:  70.2968,-16.69931,264.7476
25.11:  70.27242,-16.70155,264.7476
25.13:  70.23488,-16.705,264.7476
25.14:  70.18585,-16.70951,264.7476
25.16:  70.12347,-16.71525,264.7476
25.18:  70.04861,-16.72213,264.7476
25.19:  69.96185,-16.7301,264.7476
25.21:  69.86243,-16.73924,264.7476
25.23:  69.74963,-16.74961,264.7476
25.24:  69.62769,-16.76082,264.7476
25.26:  69.48917,-16.77356,264.7476
25.28:  69.33975,-16.78729,264.7476
25.29:  69.17825,-16.80214,264.7476
25.31:  69.00405,-16.81815,264.7476
25.33:  68.81825,-16.83523,264.7476
25.34:  68.61765,-16.85368,264.7476
25.36:  68.40471,-16.87325,264.7476
25.38:  68.18355,-16.89358,264.7476
25.39:  67.94647,-16.91538,264.7476
25.41:  67.69582,-16.93842,264.7476
25.43:  67.44865,-16.96114,264.7476
25.44:  67.19637,-16.98433,264.7476
25.46:  66.94942,-17.00704,264.7476
25.48:  66.70167,-17.02981,264.7476
25.49:  66.45158,-17.0528,264.7476
25.51:  66.20397,-17.07556,264.7476
25.53:  65.95621,-17.09834,264.7476
25.54:  65.70569,-17.12137,264.7476
25.56:  65.45692,-17.14424,264.7476
25.58:  65.21027,-17.16691,264.7476
25.59:  64.95861,-17.19005,264.7476
25.61:  64.70786,-17.2131,264.7476
25.63:  64.45689,-17.23617,264.7476
25.64:  64.21127,-17.25875,264.7476
25.66:  63.95701,-17.28213,264.7476
25.68:  63.71291,-17.30457,264.7476
25.69:  63.46363,-17.32748,264.7476
25.71:  63.21764,-17.3501,264.7476
25.73:  62.96493,-17.37333,264.7476
25.74:  62.71769,-17.39606,264.7476
25.76:  62.46789,-17.41902,264.7476
25.78:  62.22165,-17.44166,264.7476
25.79:  61.96851,-17.46493,264.7476
25.81:  61.72082,-17.4877,264.7476
25.83:  61.47296,-17.51048,264.7476
25.84:  61.2234,-17.53342,264.7476
25.86:  60.97463,-17.55629,264.7476
25.88:  60.72603,-17.57915,264.7476
25.89:  60.47924,-17.60184,264.7476
25.91:  60.22821,-17.62491,264.7476
25.93:  59.97978,-17.64775,264.7476
25.94:  59.72924,-17.67078,264.7476
25.96:  59.48212,-17.6935,264.7476
25.98:  59.23075,-17.71661,264.7476
25.99:  58.98217,-17.73946,264.7476
26.01:  58.7343,-17.76225,264.7476
26.03:  58.4819,-17.78545,264.7476
26.04:  58.2366,-17.808,264.7476
26.06:  57.98391,-17.83123,264.7476
26.08:  57.73962,-17.85369,264.7476
26.09:  57.48464,-17.87713,264.7476
26.11:  57.2413,-17.8995,264.7476
26.13:  56.98775,-17.92281,264.7476
26.14:  56.74322,-17.94529,264.7476
26.16:  56.49429,-17.96817,264.7476
26.18:  56.24504,-17.99108,264.7476
26.19:  55.99821,-18.01377,264.7476
26.21:  55.74656,-18.03691,264.7476
26.23:  55.49844,-18.05972,264.7476
26.24:  55.24902,-18.08265,264.7476
26.26:  55.00069,-18.10547,264.7476
26.28:  54.74788,-18.12872,264.7476
26.29:  54.50156,-18.15136,264.7476
26.31:  54.25298,-18.17421,264.7476
26.33:  54.00251,-18.19724,264.7476
26.34:  53.75628,-18.21987,264.7476
26.36:  53.5045,-18.24302,264.7476
26.38:  53.25684,-18.26579,264.7476
26.39:  53.00586,-18.28886,264.7476
26.41:  52.75868,-18.31158,264.7476
26.43:  52.50862,-18.33457,264.7476
26.44:  52.26323,-18.35713,264.7476
26.46:  52.01228,-18.3802,264.7476
26.48:  51.76253,-18.40316,264.7476
26.49:  51.51611,-18.42581,264.7476
26.51:  51.2647,-18.44892,264.7476
26.53:  51.01733,-18.47166,264.7476
26.54:  50.76969,-18.49443,264.7476
26.56:  50.51969,-18.51741,264.7476
26.58:  50.26969,-18.54039,264.7476
26.59:  50.02079,-18.56327,264.7476
26.61:  49.7719,-18.58615,264.7476
26.63:  49.52366,-18.60898,264.7476
26.64:  49.27572,-18.63177,264.7476
26.66:  49.02701,-18.65463,264.7476
26.68:  48.77787,-18.67754,264.7476
26.69:  48.527,-18.7006,264.7476
26.71:  48.27934,-18.72337,264.7476
26.73:  48.02934,-18.74635,264.7476
26.74:  47.78098,-18.76918,264.7476
26.76:  47.53167,-18.7921,264.7476
26.78:  47.28229,-18.81502,264.7476
26.79:  47.03381,-18.83787,264.7476
26.81:  46.78281,-18.86094,264.7476
26.83:  46.53613,-18.88362,264.7476
26.84:  46.2854,-18.90667,264.7476
26.86:  46.03585,-18.92961,264.7476
26.88:  45.78593,-18.95258,264.7476
26.89:  45.5398,-18.97521,264.7476
26.91:  45.28983,-18.99819,264.7476
26.93:  45.04258,-19.02092,264.7476
26.94:  44.79329,-19.04384,264.7476
26.96:  44.54155,-19.06698,264.7476
26.98:  44.29597,-19.08955,264.7476
26.99:  44.04501,-19.11262,264.7476
27.01:  43.79759,-19.13537,264.7476
27.03:  43.54781,-19.15833,264.7476
27.04:  43.2987,-19.18123,264.7476
27.06:  43.04733,-19.20434,264.7476
27.08:  42.80029,-19.22705,264.7476
27.09:  42.55183,-19.24989,264.7476
27.11:  42.30279,-19.27279,264.7476
27.13:  42.05507,-19.29556,264.7476
27.14:  41.80462,-19.31858,264.7476
27.16:  41.55689,-19.34136,264.7476
27.18:  41.30685,-19.36434,264.7476
27.19:  41.06032,-19.387,264.7476
27.21:  40.81174,-19.40986,264.7476
27.23:  40.56398,-19.43263,264.7476
27.24:  40.311,-19.45589,264.7476
27.26:  40.06347,-19.47865,264.7476
27.28:  39.81366,-19.50161,264.7476
27.29:  39.56591,-19.52439,264.7476
27.31:  39.31671,-19.54729,264.7476
27.33:  39.06738,-19.57022,264.7476
27.34:  38.81965,-19.59299,264.7476
27.36:  38.56825,-19.62276,263.2476
27.38:  38.32023,-19.65873,261.7476
27.39:  38.07702,-19.70053,260.2476
27.41:  37.82637,-19.7497,258.9008
27.43:  37.5887,-19.80152,257.7001
27.44:  37.34282,-19.85987,256.6509
27.46:  37.1018,-19.92107,255.7509
27.48:  36.86096,-19.9856,255.0006
27.49:  36.61944,-20.05303,254.4007
27.51:  36.37941,-20.12209,253.9506
27.53:  36.13959,-20.19244,253.6505
27.54:  35.89946,-20.26357,253.5007
27.56:  35.66073,-20.33428,253.5002
27.58:  35.41961,-20.4057,253.5002
27.59:  35.18142,-20.47625,253.5002
27.61:  34.9412,-20.54741,253.5002
27.63:  34.7016,-20.61838,253.5002
27.64:  34.46109,-20.68962,253.5002
27.66:  34.22022,-20.76097,253.5002
27.68:  33.97974,-20.8322,253.5002
27.69:  33.74007,-20.9032,253.5002
27.71:  33.5018,-20.97377,253.5002
27.73:  33.26272,-21.04459,253.5002
27.74:  33.02412,-21.11527,253.5002
27.76:  32.7824,-21.18687,253.5002
27.78:  32.54169,-21.25817,253.5002
27.79:  32.30201,-21.32916,253.5002
27.81:  32.0643,-21.39957,253.5002
27.83:  31.82456,-21.47059,253.5002
27.84:  31.5857,-21.54134,253.5002
27.86:  31.34579,-21.6124,253.5002
27.88:  31.1048,-21.68379,253.5002
27.89:  30.86598,-21.75453,253.5002
27.91:  30.62558,-21.82574,253.5002
27.93:  30.38489,-21.89703,253.5002
27.94:  30.1448,-21.96815,253.5002
27.96:  29.9065,-22.03874,253.5002
27.98:  29.66677,-22.10975,253.5002
27.99:  29.42705,-22.18075,253.5002
28.01:  29.18751,-22.25171,253.5002
28.03:  28.94966,-22.32216,253.5002
28.04:  28.71027,-22.39307,253.5002
28.06:  28.46836,-22.46472,253.5002
28.08:  28.23109,-22.53501,253.5002
28.09:  27.99187,-22.60586,253.5002
28.11:  27.74887,-22.67785,253.5002
28.13:  27.50872,-22.74898,253.5002
28.14:  27.27143,-22.81927,253.5002
28.16:  27.0295,-22.89093,253.5002
28.18:  26.79084,-22.96162,253.5002
28.19:  26.55029,-23.03288,253.5002
28.21:  26.31136,-23.10365,253.5002
28.23:  26.07341,-23.17413,253.5002
28.24:  25.8315,-23.24579,253.5002
28.26:  25.59285,-23.31648,253.5002
28.28:  25.3518,-23.38788,253.5002
28.29:  25.11192,-23.45893,253.5002
28.31:  24.87234,-23.5299,253.5002
28.33:  24.63185,-23.60113,253.5002
28.34:  24.39092,-23.6725,253.5002
28.36:  24.15408,-23.74265,253.5002
28.38:  23.91462,-23.81359,253.5002
28.39:  23.67476,-23.88463,253.5002
28.41:  23.43579,-23.95542,253.5002
28.43:  23.19393,-24.02706,253.5002
28.44:  22.9556,-24.09765,253.5002
28.46:  22.7173,-24.16824,253.5002
28.48:  22.47469,-24.24011,253.5002
28.49:  22.23404,-24.31139,253.5002
28.51:  21.99588,-24.38193,253.5002
28.53:  21.75513,-24.45324,253.5002
28.54:  21.51529,-24.52429,253.5002
28.56:  21.2767,-24.59496,253.5002
28.58:  21.03638,-24.66615,253.5002
28.59:  20.79766,-24.73686,253.5002
28.61:  20.55897,-24.80756,253.5002
28.63:  20.3198,-24.8784,253.5002
28.64:  20.08042,-24.94931,253.5002
28.66:  19.83902,-25.02081,253.5002
28.68:  19.61001,-25.08865,253.5002
28.69:  19.39413,-25.1526,253.5002
28.71:  19.19108,-25.21274,253.5002
28.73:  18.99974,-25.26942,253.5002
28.74:  18.82009,-25.32263,253.5002
28.76:  18.65263,-25.37223,253.5002
28.78:  18.49503,-25.41446,255.0002
28.79:  18.34961,-25.44937,256.5002
28.81:  18.21454,-25.47808,258.0002
28.83:  18.09182,-25.50083,259.5002
28.84:  17.98064,-25.51843,261.0002
28.86:  17.88149,-25.53149,262.5002
28.88:  17.79486,-25.54059,264.0002
28.89:  17.72036,-25.54646,265.5002
28.91:  17.65776,-25.54974,267.0002
28.93:  17.60774,-25.55105,268.5002
28.94:  17.57044,-25.55105,270.0002
28.96:  17.54533,-25.55039,271.5002
28.98:  17.53285,-25.54973,273.0002
28.99:  17.53285,-25.54973,274.5002
29.01:  17.53285,-25.54973,275.8493
29.03:  17.53285,-25.54973,277.0485
29.04:  17.53285,-25.54973,278.0979
29.06:  17.53285,-25.54973,278.9973
29.08:  17.53285,-25.54973,279.748
29.09:  17.53285,-25.54973,280.3473
29.11:  17.53285,-25.54973,280.7948
29.13:  17.53285,-25.54973,281.0945
29.14:  17.53285,-25.54973,281.2442
29.16:  17.53285,-25.54973,281.2444
29.18:  17.53285,-25.54973,281.2444
29.19:  17.53285,-25.54973,281.2444
29.21:  17.53285,-25.54973,281.2444
29.23:  17.53285,-25.54973,281.2444
29.24:  17.53285,-25.54973,281.2444
29.26:  17.53285,-25.54973,281.2444
29.28:  17.53285,-25.54973,281.2444
29.29:  17.53285,-25.54973,281.2444
29.31:  17.53285,-25.54973,281.2444
29.33:  17.53285,-25.54973,281.2444
29.34:  17.53285,-25.54973,281.2444
29.36:  17.53285,-25.54973,281.2444
29.38:  17.53285,-25.54973,281.2444
29.39:  17.53285,-25.54973,281.2444
29.41:  17.53285,-25.54973,281.2444
29.43:  17.53285,-25.54973,281.2444
29.44:  17.53285,-25.54973,281.2444
29.46:  17.53285,-25.54973,281.2444
29.48:  17.53285,-25.54973,281.2444
29.49:  17.53285,-25.54973,281.2444
29.51:  17.53285,-25.54973,281.2444
29.53:  17.53285,-25.54973,281.2444
29.54:  17.53285,-25.54973,281.2444
29.56:  17.53285,-25.54973,281.2444
29.58:  17.53285,-25.54973,281.2444
29.59:  17.53285,-25.54973,281.2444
29.61:  17.53285,-25.54973,281.2444
29.63:  17.53285,-25.54973,281.2444
29.64:  17.53285,-25.54973,281.2444
29.66:  17.53285,-25.54973,281.2444
29.68:  17.53285,-25.54973,281.2444
29.69:  17.53285,-25.54973,281.2444
29.71:  17.53285,-25.54973,281.2444
29.73:  17.53285,-25.54973,281.2444
29.74:  17.53285,-25.54973,281.2444
29.76:  17.53285,-25.54973,281.2444
29.78:  17.53285,-25.54973,281.2444
29.79:  17.53285,-25.54973,281.2444
29.81:  17.53285,-25.54973,281.2444
29.83:  17.53285,-25.54973,281.2444
29.84:  17.53285,-25.54973,281.2444
29.86:  17.53285,-25.54973,281.2444
29.88:  17.53285,-25.54973,281.2444
29.89:  17.53285,-25.54973,281.2444
29.91:  17.53285,-25.54973,281.2444
29.93:  17.53285,-25.54973,281.2444
29.94:  17.53285,-25.54973,281.2444
29.96:  17.53285,-25.54973,281.2444
29.98:  17.53285,-25.54973,281.2444
29.99:  17.53285,-25.54973,281.2444
30.01:  17.53285,-25.54973,281.2444
30.03:  17.53285,-25.54973,281.2444
30.04:  17.53285,-25.54973,281.2444
30.06:  17.53285,-25.54973,281.2444
30.08:  17.53285,-25.54973,281.2444
30.09:  17.53285,-25.54973,281.2444
30.11:  17.53285,-25.54973,281.2444
30.13:  17.53285,-25.54973,281.2444
30.14:  17.53285,-25.54973,281.2444
30.16:  17.53285,-25.54973,281.2444
30.18:  17.53285,-25.54973,281.2444
30.19:  17.53285,-25.54973,281.2444
30.21:  17.53285,-25.54973,279.7444
30.23:  17.53285,-25.54973,278.2444
30.24:  17.53285,-25.54973,276.7444
30.26:  17.53285,-25.54973,275.2444
30.28:  17.53285,-25.54973,273.7444
30.29:  17.53285,-25.54973,272.2444
30.31:  17.53285,-25.54973,270.7444
30.33:  17.53285,-25.54973,269.2444
30.34:  17.53285,-25.54973,267.7444
30.36:  17.53285,-25.54973,266.2444
30.38:  17.53285,-25.54973,264.7444
30.39:  17.53285,-25.54973,263.3956
30.41:  17.53285,-25.54973,262.1962
30.43:  17.53285,-25.54973,261.1466
30.44:  17.53285,-25.54973,260.2486
30.46:  17.53285,-25.54973,259.5002
30.48:  17.53285,-25.54973,258.9016
30.49:  17.53285,-25.54973,258.4529
30.51:  17.53285,-25.54973,258.1538
30.53:  17.53285,-25.54973,258.0043
30.54:  17.52052,-25.55235,258.0043
30.56:  17.49613,-25.55754,258.0043
30.58:  17.45917,-25.56539,258.0043
30.59:  17.41065,-25.5757,258.0043
30.61:  17.34933,-25.58873,258.0043
30.63:  17.27551,-25.60441,258.0043
30.64:  17.19026,-25.62253,258.0043
30.66:  17.09251,-25.6433,258.0043
30.68:  16.98241,-25.66669,258.0043
30.69:  16.85898,-25.69292,258.0043
30.71:  16.72549,-25.72128,258.0043
30.73:  16.57873,-25.75246,258.0043
30.74:  16.41971,-25.78625,258.0043
30.76:  16.24847,-25.82264,258.0043
30.78:  16.06681,-25.86123,258.0043
30.79:  15.86972,-25.90311,258.0043
30.81:  15.66168,-25.94732,258.0043
30.83:  15.44375,-25.99362,258.0043
30.84:  15.21136,-26.043,258.0043
30.86:  14.96464,-26.09542,258.0043
30.88:  14.71929,-26.14755,258.0043
30.89:  14.47457,-26.19955,258.0043
30.91:  14.23233,-26.25102,258.0043
30.93:  13.98566,-26.30343,258.0043
30.94:  13.74109,-26.3554,258.0043
30.96:  13.4988,-26.40688,258.0043
30.98:  13.25202,-26.45931,258.0043
30.99:  13.00762,-26.51124,258.0043
31.01:  12.76292,-26.56324,258.0043
31.03:  12.51807,-26.61526,258.0043
31.04:  12.27336,-26.66726,258.0043
31.06:  12.02935,-26.7191,258.0043
31.08:  11.78576,-26.77086,258.0043
31.09:  11.5401,-26.82306,258.0043
31.11:  11.29675,-26.87477,258.0043
31.13:  11.05204,-26.92676,258.0043
31.14:  10.80754,-26.97871,258.0043
31.16:  10.56481,-27.03028,258.0043
31.18:  10.31735,-27.08286,258.0043
31.19:  10.07441,-27.13449,258.0043
31.21:  9.831026,-27.1862,258.0043
31.23:  9.583496,-27.23879,258.0043
31.24:  9.339773,-27.29058,258.0043
31.26:  9.096504,-27.34227,258.0043
31.28:  8.850406,-27.39456,258.0043
31.29:  8.607507,-27.44617,258.0043
31.31:  8.362534,-27.49822,258.0043
31.33:  8.118586,-27.55005,258.0043
31.34:  7.872345,-27.60237,258.0043
31.36:  7.628577,-27.65417,258.0043
31.38:  7.386497,-27.7056,258.0043
31.39:  7.137772,-27.75845,258.0043
31.41:  6.893638,-27.81033,258.0043
31.43:  6.648023,-27.86251,258.0043
31.46:  6.403833,-27.9144,258.0043
31.48:  6.158983,-27.96642,258.0043
31.49:  5.914862,-28.01829,258.0043
31.51:  5.671595,-28.06998,258.0043
31.53:  5.426267,-28.12211,258.0043
31.54:  5.182741,-28.17385,258.0043
31.56:  4.937535,-28.22595,258.0043
31.58:  4.694717,-28.27755,258.0043
31.59:  4.44865,-28.32983,258.0043
31.61:  4.207088,-28.38116,258.0043
31.63:  3.958163,-28.43405,258.0043
31.64:  3.715761,-28.48555,258.0043
31.66:  3.470476,-28.53767,258.0043
31.68:  3.225435,-28.58974,258.0043
31.69:  2.982275,-28.6414,258.0043
31.71:  2.73814,-28.69328,258.0043
31.73:  2.493993,-28.74515,258.0043
31.74:  2.249343,-28.79713,258.0043
31.76:  2.003169,-28.84944,258.0043
31.78:  1.760008,-28.90111,258.0043
31.79:  1.526164,-28.95079,258.0043
31.81:  1.308739,-28.99699,258.0043
31.83:  1.09964,-29.04142,258.0043
31.84:  0.905323,-29.08271,258.0043
31.86:  0.7197996,-29.12213,258.0043
31.88:  0.5483189,-29.15856,258.0043
31.89:  0.3904033,-29.19212,258.0043
31.91:  0.2427999,-29.22348,258.0043
31.93:  0.1094402,-29.25182,258.0043
31.94:  -0.01331688,-29.2779,258.0043
31.96:  -0.1230112,-29.3012,258.0043
31.98:  -0.2206257,-29.32195,258.0043
31.99:  -0.3063378,-29.34016,258.0043
32.01:  -0.3798569,-29.35578,258.0043
32.03:  -0.4409197,-29.36875,258.0043
32.04:  -0.4897032,-29.37912,258.0043
32.06:  -0.5264168,-29.38692,258.0043
32.08:  -0.5509545,-29.39213,258.0043
32.09:  -0.5631259,-29.39472,258.0043
32.11:  -0.5631259,-29.39472,258.0043
32.13:  -0.5631259,-29.39472,258.0043
32.14:  -0.5631259,-29.39472,258.0043
32.16:  -0.5631259,-29.39472,258.0043
32.18:  -0.5631259,-29.39472,258.0043
32.19:  -0.5631259,-29.39472,258.0043
32.21:  -0.5631259,-29.39472,258.0043
32.23:  -0.5631259,-29.39472,258.0043
32.24:  -0.5631259,-29.39472,258.0043
32.26:  -0.5631259,-29.39472,258.0043
32.28:  -0.5631259,-29.39472,258.0043
32.29:  -0.5631259,-29.39472,258.0043
32.31:  -0.5631259,-29.39472,258.0043
32.33:  -0.5631259,-29.39472,258.0043
32.34:  -0.5631259,-29.39472,259.5043
32.36:  -0.5631259,-29.39472,261.0043
32.38:  -0.5631259,-29.39472,262.5043
32.39:  -0.5631259,-29.39472,264.0043
32.41:  -0.5631259,-29.39472,265.5043
32.43:  -0.5631259,-29.39472,267.0043
32.44:  -0.5631259,-29.39472,268.5043
32.46:  -0.5631259,-29.39472,270.0043
32.48:  -0.5631259,-29.39472,271.5043
32.49:  -0.5631259,-29.39472,273.0043
32.51:  -0.5631259,-29.39472,274.5043
32.53:  -0.5631259,-29.39472,276.0043
32.54:  -0.5631259,-29.39472,277.5043
32.56:  -0.5631259,-29.39472,279.0043
32.58:  -0.5631259,-29.39472,280.5043
32.59:  -0.5631259,-29.39472,282.0043
32.61:  -0.5631259,-29.39472,283.5043
32.63:  -0.5631259,-29.39472,285.0043
32.64:  -0.5631259,-29.39472,286.5043
32.66:  -0.5631259,-29.39472,288.0043
32.68:  -0.5631259,-29.39472,289.5043
32.69:  -0.5631259,-29.39472,291.0043
32.71:  -0.5631259,-29.39472,292.5043
32.73:  -0.5631259,-29.39472,294.0043
32.74:  -0.5631259,-29.39472,295.5043
32.76:  -0.5631259,-29.39472,297.0043
32.78:  -0.5631259,-29.39472,298.5043
32.79:  -0.5631259,-29.39472,300.0043
32.81:  -0.5631259,-29.39472,301.5043
32.83:  -0.5631259,-29.39472,303.0043
32.84:  -0.5631259,-29.39472,304.5043
32.86:  -0.5631259,-29.39472,306.0043
32.88:  -0.5631259,-29.39472,307.5043
32.89:  -0.5631259,-29.39472,309.0043
32.91:  -0.5631259,-29.39472,310.5043
32.93:  -0.5631259,-29.39472,312.0043
32.94:  -0.5631259,-29.39472,313.5043
32.96:  -0.5631259,-29.39472,315.0043
32.98:  -0.5631259,-29.39472,316.5043
32.99:  -0.5631259,-29.39472,318.0043
33.01:  -0.5631259,-29.39472,319.5043
33.03:  -0.5631259,-29.39472,321.0043
33.04:  -0.5631259,-29.39472,322.5043
33.06:  -0.5631259,-29.39472,324.0043
33.08:  -0.5631259,-29.39472,325.5043
33.09:  -0.5631259,-29.39472,327.0043
33.11:  -0.5631259,-29.39472,328.5043
33.13:  -0.5631259,-29.39472,330.0043
33.14:  -0.5631259,-29.39472,331.5043
33.16:  -0.5631259,-29.39472,333.0043
33.18:  -0.5631259,-29.39472,334.5043
33.19:  -0.5631259,-29.39472,336.0043
33.21:  -0.5631259,-29.39472,337.5043
33.23:  -0.5631259,-29.39472,339.0043
33.24:  -0.5631259,-29.39472,340.5043
33.26:  -0.5631259,-29.39472,342.0043
33.28:  -0.5631259,-29.39472,343.5043
33.29:  -0.5631259,-29.39472,345.0043
33.31:  -0.5631259,-29.39472,346.5043
33.33:  -0.5631259,-29.39472,348.0043
33.34:  -0.5631259,-29.39472,349.5043
33.36:  -0.5631259,-29.39472,351.0043
33.38:  -0.5631259,-29.39472,352.5043
33.39:  -0.5631259,-29.39472,354.0043
33.41:  -0.5631259,-29.39472,355.5043
33.43:  -0.5631259,-29.39472,357.0043
33.44:  -0.5631259,-29.39472,358.5043
33.46:  -0.5631259,-29.39472,0.004332907
33.48:  -0.5631259,-29.39472,1.504333
33.49:  -0.5631259,-29.39472,3.004333
33.51:  -0.5631259,-29.39472,4.504333
33.53:  -0.5631259,-29.39472,6.004333
33.54:  -0.5631259,-29.39472,7.504333
33.56:  -0.5631259,-29.39472,9.004333
33.58:  -0.5631259,-29.39472,10.50433
33.59:  -0.5631259,-29.39472,12.00433
33.61:  -0.5631259,-29.39472,13.50433
33.63:  -0.5631259,-29.39472,15.00433
33.64:  -0.5631259,-29.39472,16.50433
33.66:  -0.5631259,-29.39472,18.00434
33.68:  -0.5631259,-29.39472,19.50433
33.69:  -0.5631259,-29.39472,21.00433
33.71:  -0.5631259,-29.39472,22.50434
33.73:  -0.5631259,-29.39472,24.00434
33.74:  -0.5631259,-29.39472,25.50434
33.76:  -0.5631259,-29.39472,27.00434
33.78:  -0.5631259,-29.39472,28.50434
33.79:  -0.5631259,-29.39472,30.00434
33.81:  -0.5631259,-29.39472,31.50434
33.83:  -0.5631259,-29.39472,33.00433
33.84:  -0.5631259,-29.39472,34.50434
33.86:  -0.5631259,-29.39472,36.00434
33.88:  -0.5631259,-29.39472,37.50434
33.89:  -0.5631259,-29.39472,39.00434
33.91:  -0.5631259,-29.39472,40.50434
33.93:  -0.5631259,-29.39472,42.00434
33.94:  -0.5631259,-29.39472,43.50434
33.96:  -0.5631259,-29.39472,45.00434
33.98:  -0.5631259,-29.39472,46.50434
33.99:  -0.5631259,-29.39472,48.00434
34.01:  -0.5631259,-29.39472,49.50434
34.03:  -0.5631259,-29.39472,51.00434
34.04:  -0.5631259,-29.39472,52.50435
34.06:  -0.5631259,-29.39472,54.00434
34.08:  -0.5631259,-29.39472,55.50434
34.09:  -0.5631259,-29.39472,57.00434
34.11:  -0.5631259,-29.39472,58.50434
34.13:  -0.5631259,-29.39472,60.00434
34.14:  -0.5631259,-29.39472,61.50435
34.16:  -0.5631259,-29.39472,63.00435
34.18:  -0.5631259,-29.39472,64.50436
34.19:  -0.5631259,-29.39472,66.00436
34.21:  -0.5631259,-29.39472,67.50436
34.23:  -0.5631259,-29.39472,69.00436
34.24:  -0.5631259,-29.39472,70.50436
34.26:  -0.5631259,-29.39472,72.00436
34.28:  -0.5631259,-29.39472,73.50436
34.29:  -0.5631259,-29.39472,75.00436
34.31:  -0.5631259,-29.39472,76.35391
34.33:  -0.5631259,-29.39472,77.55458
34.34:  -0.5631259,-29.39472,78.60479
34.36:  -0.5631259,-29.39472,79.50484
34.38:  -0.5631259,-29.39472,80.25518
34.39:  -0.5631259,-29.39472,80.85551
34.41:  -0.5631259,-29.39472,81.30633
34.43:  -0.5631259,-29.39472,81.60648
34.44:  -0.5631259,-29.39472,81.75744
34.46:  -0.5631259,-29.39472,81.75822
34.48:  -0.5631259,-29.39472,81.75822
34.49:  -0.5631259,-29.39472,81.75822
34.51:  -0.5631259,-29.39472,81.75822
34.53:  -0.5631259,-29.39472,81.75822
34.54:  -0.5631259,-29.39472,81.75822
34.56:  -0.5631259,-29.39472,81.75822
34.58:  -0.5631259,-29.39472,81.75822
34.59:  -0.5631259,-29.39472,81.75822
34.61:  -0.5631259,-29.39472,81.75822
34.63:  -0.5631259,-29.39472,81.75822
34.64:  -0.5631259,-29.39472,81.75822
34.66:  -0.5631259,-29.39472,81.75822
34.68:  -0.5631259,-29.39472,81.75822
34.69:  -0.5631259,-29.39472,81.75822
34.71:  -0.5631259,-29.39472,81.75822
34.73:  -0.5631259,-29.39472,81.75822
34.74:  -0.5631259,-29.39472,81.75822
34.76:  -0.5631259,-29.39472,81.75822
34.78:  -0.5631259,-29.39472,81.75822
34.79:  -0.5631259,-29.39472,81.75822
34.81:  -0.5631259,-29.39472,81.75822
34.83:  -0.5631259,-29.39472,81.75822
34.84:  -0.5631259,-29.39472,81.75822
34.86:  -0.5631259,-29.39472,81.75822
34.88:  -0.5631259,-29.39472,81.75822
34.89:  -0.5631259,-29.39472,81.75822
34.91:  -0.5631259,-29.39472,81.75822
34.93:  -0.5506229,-29.39291,81.75822
34.94:  -0.5261164,-29.38936,81.75822
34.96:  -0.4885367,-29.38392,81.75822
34.98:  -0.4395808,-29.37683,81.75822
34.99:  -0.3776568,-29.36786,81.75822
35.01:  -0.3038813,-29.35717,81.75822
35.03:  -0.2171943,-29.34461,81.75822
35.04:  -0.1187117,-29.33035,81.75822
35.06:  -0.006379299,-29.31408,81.75822
35.08:  0.1175623,-29.29613,81.75822
35.09:  0.2532535,-29.27647,81.75822
35.11:  0.4015127,-29.255,81.75822
35.13:  0.5605533,-29.23196,81.75822
35.14:  0.7349992,-29.20669,81.75822
35.16:  0.920988,-29.17975,81.75822
35.18:  1.118325,-29.15117,81.75822
35.19:  1.328169,-29.12077,81.75822
35.21:  1.54923,-29.08875,81.75822
35.23:  1.786333,-29.05441,81.75822
35.24:  2.03473,-29.01843,81.75822
35.26:  2.280909,-28.98277,81.75822
35.28:  2.530986,-28.94655,81.75822
35.29:  2.780478,-28.91041,81.75822
35.31:  3.025005,-28.87499,81.75822
35.33:  3.27092,-28.83937,81.75822
35.34:  3.51857,-28.8035,81.75822
35.36:  3.763606,-28.76801,81.75822
35.38:  4.013353,-28.73183,81.75822
35.39:  4.260346,-28.69606,81.75822
35.41:  4.509613,-28.65995,81.75822
35.43:  4.755324,-28.62436,81.75822
35.44:  5.003537,-28.58841,81.75822
35.46:  5.24967,-28.55276,81.75822
35.48:  5.498581,-28.5167,81.75822
35.49:  5.744985,-28.48101,81.75822
35.51:  5.991539,-28.4453,81.75822
35.53:  6.241696,-28.40907,81.75822
35.54:  6.487721,-28.37343,81.75822
35.56:  6.737258,-28.33729,81.75822
35.58:  6.983339,-28.30164,81.75822
35.59:  7.231287,-28.26573,81.75822
35.61:  7.478936,-28.22986,81.75822
35.63:  7.725572,-28.19413,81.75822
35.64:  7.970991,-28.15858,81.75822
35.66:  8.218534,-28.12273,81.75822
35.68:  8.465953,-28.08689,81.75822
35.69:  8.714771,-28.05085,81.75822
35.71:  8.962846,-28.01492,81.75822
35.73:  9.210339,-27.97907,81.75822
35.74:  9.45992,-27.94292,81.75822
35.76:  9.704473,-27.9075,81.75822
35.78:  9.953326,-27.87145,81.75822
35.79:  10.20139,-27.83552,81.75822
35.81:  10.44747,-27.79988,81.75822
35.83:  10.69451,-27.76409,81.75822
35.84:  10.94373,-27.72799,81.75822
35.86:  11.18654,-27.69282,81.75822
35.88:  11.43549,-27.65676,81.75822
35.89:  11.68557,-27.62054,81.75822
35.91:  11.92897,-27.58529,81.75822
35.93:  12.17976,-27.54896,81.75822
35.94:  12.42587,-27.51331,81.75822
35.96:  12.67358,-27.47743,81.75822
35.98:  12.92051,-27.44166,81.75822
35.99:  13.16784,-27.40584,81.75822
36.01:  13.41383,-27.37021,81.75822
36.03:  13.66441,-27.33391,81.75822
36.04:  13.90899,-27.29849,81.75822
36.06:  14.15975,-27.26217,81.75822
36.08:  14.40452,-27.22671,81.75822
36.09:  14.65227,-27.19082,81.75822
36.11:  14.90081,-27.15483,81.75822
36.13:  15.1454,-27.1194,81.75822
36.14:  15.39515,-27.08322,81.75822
36.16:  15.64173,-27.0475,81.75822
36.18:  15.89075,-27.01143,81.75822
36.19:  16.13706,-26.97576,81.75822
36.21:  16.38526,-26.93981,81.75822
36.23:  16.63186,-26.90409,81.75822
36.24:  16.88012,-26.86813,81.75822
36.26:  17.12654,-26.83244,81.75822
36.28:  17.37417,-26.79657,81.75822
36.29:  17.62321,-26.76049,81.75822
36.31:  17.86904,-26.72489,81.75822
36.33:  18.11745,-26.68891,81.75822
36.34:  18.36433,-26.65315,81.75822
36.36:  18.61005,-26.61755,81.75822
36.38:  18.85863,-26.58155,81.75822
36.39:  19.10818,-26.5454,81.75822
36.41:  19.35536,-26.5096,81.75822
36.43:  19.60293,-26.47374,81.75822
36.44:  19.8498,-26.43798,81.75822
36.46:  20.09756,-26.40209,81.75822
36.48:  20.34437,-26.36634,81.75822
36.49:  20.59134,-26.33057,81.75822
36.51:  20.83784,-26.29487,81.75822
36.53:  21.08481,-26.25909,81.75822
36.54:  21.33101,-26.22343,81.75822
36.56:  21.57784,-26.18768,81.75822
36.58:  21.82836,-26.15139,81.75822
36.59:  22.07445,-26.11575,81.75822
36.61:  22.32669,-26.07921,81.75822
36.63:  22.57128,-26.03722,80.25822
36.64:  22.81693,-25.9884,78.75823
36.66:  23.05902,-25.93365,77.25823
36.68:  23.30404,-25.87146,75.75822
36.69:  23.54146,-25.80454,74.25822
36.71:  23.78399,-25.72927,72.75823
36.73:  24.02287,-25.64892,71.40945
36.74:  24.25918,-25.5639,70.21136
36.76:  24.48827,-25.4767,69.16033
36.78:  24.72245,-25.38331,68.26058
36.79:  24.95191,-25.28831,67.50983
36.81:  25.18328,-25.18968,66.91
36.83:  25.40906,-25.09131,66.45793
36.84:  25.6376,-24.9903,66.15579
36.86:  25.86515,-24.889,66.0031
36.88:  26.09334,-24.78741,66.00027
36.89:  26.32164,-24.68576,66.00027
36.91:  26.54984,-24.58416,66.00027
36.93:  26.77752,-24.4828,66.00027
36.94:  27.00782,-24.38026,66.00027
36.96:  27.23557,-24.27886,66.00027
36.98:  27.46189,-24.17809,66.00027
36.99:  27.69217,-24.07557,66.00027
37.01:  27.92075,-23.9738,66.00027
37.03:  28.14819,-23.87254,66.00027
37.04:  28.37756,-23.77042,66.00027
37.06:  28.60697,-23.66828,66.00027
37.08:  28.83631,-23.56617,66.00027
37.09:  29.06256,-23.46544,66.00027
37.11:  29.29309,-23.3628,66.00027
37.13:  29.51787,-23.26273,66.00027
37.14:  29.74708,-23.16068,66.00027
37.16:  29.97596,-23.05877,66.00027
37.18:  30.20409,-22.95721,66.00027
37.19:  30.43263,-22.85545,66.00027
37.21:  30.65986,-22.75429,66.00027
37.23:  30.88823,-22.65261,66.00027
37.24:  31.11926,-22.54975,66.00027
37.26:  31.34779,-22.448,66.00027
37.28:  31.57339,-22.34756,66.00027
37.29:  31.80241,-22.24559,66.00027
37.31:  32.03263,-22.1431,66.00027
37.33:  32.26053,-22.04163,66.00027
37.34:  32.48887,-21.93997,66.00027
37.36:  32.71644,-21.83865,66.00027
37.38:  32.9457,-21.73658,66.00027
37.39:  33.17395,-21.63495,66.00027
37.41:  33.40286,-21.53304,66.00027
37.43:  33.63082,-21.43155,66.00027
37.44:  33.85901,-21.32995,66.00027
37.46:  34.08779,-21.22809,66.00027
37.48:  34.30563,-21.13111,66.00027
37.49:  34.51047,-21.03991,66.00027
37.51:  34.70521,-20.95321,66.00027
37.53:  34.88638,-20.87254,66.00027
37.54:  35.05902,-20.79568,66.00027
37.56:  35.21744,-20.72515,66.00027
37.58:  35.36721,-20.65846,66.00027
37.59:  35.50336,-20.59785,66.00027
37.61:  35.63144,-20.5448,67.50027
37.63:  35.74747,-20.50026,69.00027
37.64:  35.85331,-20.46278,70.50027
37.66:  35.94847,-20.43186,72.00027
37.68:  36.03241,-20.40699,73.50027
37.69:  36.10493,-20.38756,75.00028
37.71:  36.16583,-20.37294,76.50028
37.73:  36.21471,-20.36255,78.00028
37.74:  36.25167,-20.3557,79.50028
37.76:  36.27637,-20.35179,81.00028
37.78:  36.28865,-20.35018,82.50028
37.79:  36.28865,-20.35018,84.00028
37.81:  36.28865,-20.35018,85.34933
37.83:  36.28865,-20.35018,86.54822
37.84:  36.28865,-20.35018,87.59914
37.86:  36.28865,-20.35018,88.49882
37.88:  36.28865,-20.35018,89.24998
37.89:  36.28865,-20.35018,89.84954
37.91:  36.28865,-20.35018,90.30072
37.93:  36.28865,-20.35018,90.6004
37.94:  36.28865,-20.35018,90.75114
37.96:  36.28865,-20.35018,90.75179
37.98:  36.28865,-20.35018,90.75179
37.99:  36.28865,-20.35018,90.75179
38.01:  36.28865,-20.35018,90.75179
38.03:  36.28865,-20.35018,90.75179
38.04:  36.28865,-20.35018,90.75179
38.06:  36.28865,-20.35018,90.75179
38.08:  36.28865,-20.35018,90.75179
38.09:  36.28865,-20.35018,90.75179
38.11:  36.28865,-20.35018,90.75179
38.13:  36.28865,-20.35018,90.75179
38.14:  36.28865,-20.35018,90.75179
38.16:  36.28865,-20.35018,90.75179
38.18:  36.28865,-20.35018,90.75179
38.19:  36.28865,-20.35018,90.75179
38.21:  36.28865,-20.35018,90.75179
38.23:  36.28865,-20.35018,90.75179
38.24:  36.28865,-20.35018,90.75179
38.26:  36.28865,-20.35018,90.75179
38.28:  36.28865,-20.35018,90.75179
38.29:  36.28865,-20.35018,90.75179
38.31:  36.28865,-20.35018,90.75179
38.33:  36.28865,-20.35018,90.75179
38.34:  36.28865,-20.35018,90.75179
38.36:  36.28865,-20.35018,90.75179
38.38:  36.28865,-20.35018,90.75179
38.39:  36.28865,-20.35018,90.75179
38.41:  36.28865,-20.35018,90.75179
38.43:  36.28865,-20.35018,90.75179
38.44:  36.28865,-20.35018,90.75179
38.46:  36.28865,-20.35018,90.75179
38.48:  36.28865,-20.35018,90.75179
38.49:  36.28865,-20.35018,90.75179
38.51:  36.28865,-20.35018,90.75179
38.53:  36.28865,-20.35018,90.75179
38.54:  36.28865,-20.35018,90.75179
38.56:  36.28865,-20.35018,90.75179
38.58:  36.28865,-20.35018,90.75179
38.59:  36.28865,-20.35018,90.75179
38.61:  36.28865,-20.35018,90.75179
38.63:  36.28865,-20.35018,90.75179
38.64:  36.28865,-20.35018,90.75179
38.66:  36.28865,-20.35018,90.75179
38.68:  36.28865,-20.35018,90.75179
38.69:  36.28865,-20.35018,90.75179
38.71:  36.28865,-20.35018,90.75179
38.73:  36.30111,-20.35034,90.75179
38.74:  36.32622,-20.35067,90.75179
38.76:  36.36396,-20.35116,90.75179
38.78:  36.41384,-20.35182,90.75179
38.79:  36.47635,-20.35264,90.75179
38.81:  36.55128,-20.35362,90.75179
38.83:  36.63921,-20.35477,90.75179
38.84:  36.73905,-20.35608,90.75179
38.86:  36.85163,-20.35756,90.75179
38.88:  36.97762,-20.35921,90.75179
38.89:  37.11387,-20.361,90.75179
38.91:  37.26313,-20.36296,90.75179
38.93:  37.42607,-20.3651,90.75179
38.94:  37.60136,-20.3674,90.75179
38.96:  37.78808,-20.36985,90.75179
38.98:  37.98901,-20.37249,90.75179
39.01:  38.20111,-20.37527,90.75179
39.03:  38.42701,-20.37823,90.75179
39.04:  38.6647,-20.38135,90.75179
39.06:  38.913,-20.38461,90.75179
39.08:  39.16104,-20.38787,90.75179
39.09:  39.41441,-20.39119,90.75179
39.11:  39.66333,-20.39446,90.75179
39.13:  39.91454,-20.39775,90.75179
39.14:  40.16273,-20.40101,90.75179
39.16:  40.41082,-20.40427,90.75179
39.18:  40.66355,-20.40758,90.75179
39.19:  40.91375,-20.41087,90.75179
39.21:  41.1638,-20.41415,90.75179
39.23:  41.41486,-20.41744,90.75179
39.24:  41.66471,-20.42072,90.75179
39.26:  41.9128,-20.42397,90.75179
39.28:  42.1637,-20.42727,90.75179
39.29:  42.4159,-20.43058,90.75179
39.31:  42.66423,-20.43384,90.75179
39.33:  42.91386,-20.43711,90.75179
39.34:  43.16392,-20.44039,90.75179
39.36:  43.41301,-20.44366,90.75179
39.38:  43.66317,-20.44694,90.75179
39.39:  43.91307,-20.45022,90.75179
39.41:  44.15245,-20.45336,90.75179
39.43:  44.37548,-20.45629,90.75179
39.44:  44.58651,-20.45906,90.75179
39.46:  44.78875,-20.46171,90.75179
39.48:  44.97643,-20.46418,90.75179
39.49:  45.15065,-20.46646,90.75179
39.51:  45.3136,-20.4686,90.75179
39.53:  45.4635,-20.47057,90.75179
39.54:  45.60054,-20.47237,90.75179
39.56:  45.72561,-20.47401,90.75179
39.58:  45.83745,-20.47548,90.75179
39.59:  45.93846,-20.4768,90.75179
39.61:  46.02598,-20.47795,90.75179
39.63:  46.10065,-20.47893,90.75179
39.64:  46.16285,-20.47974,90.75179
39.66:  46.21309,-20.4804,90.75179
39.68:  46.25039,-20.48089,90.75179
39.69:  46.27536,-20.48122,90.75179
39.71:  46.28786,-20.48138,90.75179
39.73:  46.28786,-20.48138,90.75179
39.74:  46.28786,-20.48138,90.75179
39.76:  46.28786,-20.48138,90.75179
39.78:  46.28786,-20.48138,90.75179
39.79:  46.30037,-20.48155,90.75179
39.81:  46.32516,-20.48187,90.75179
39.83:  46.36288,-20.48237,90.75179
39.84:  46.41291,-20.48303,90.75179
39.86:  46.47531,-20.48384,90.75179
39.88:  46.55012,-20.48483,90.75179
39.89:  46.63787,-20.48598,90.75179
39.91:  46.73778,-20.48729,90.75179
39.93:  46.84993,-20.48876,90.75179
39.94:  46.97529,-20.49041,90.75179
39.96:  47.11293,-20.49221,90.75179
39.98:  47.26241,-20.49417,90.75179
39.99:  47.42488,-20.49631,90.75179
40.01:  47.60098,-20.49862,90.75179
40.03:  47.78683,-20.50105,90.75179
40.04:  47.98817,-20.5037,90.75179
40.06:  48.199,-20.50646,90.75179
40.08:  48.4267,-20.50945,90.75179
40.09:  48.66345,-20.51256,90.75179
40.11:  48.91454,-20.51585,90.75179
40.13:  49.16344,-20.51912,90.75179
40.14:  49.41242,-20.52238,90.75179
40.16:  49.66291,-20.52567,90.75179
40.18:  49.9129,-20.52895,90.75179
40.19:  50.16145,-20.53221,90.75179
40.21:  50.41206,-20.5355,90.75179
40.23:  50.66176,-20.53878,90.75179
40.24:  50.9111,-20.54205,90.75179
40.26:  51.16154,-20.54534,90.75179
40.28:  51.41198,-20.54862,90.75179
40.29:  51.66276,-20.55191,90.75179
40.31:  51.91359,-20.55521,90.75179
40.33:  52.16273,-20.55848,90.75179
40.34:  52.41558,-20.56179,90.75179
40.36:  52.66411,-20.56505,90.75179
40.38:  52.91264,-20.56832,90.75179
40.39:  53.16348,-20.57161,90.75179
40.41:  53.41273,-20.57488,90.75179
40.43:  53.66453,-20.57818,90.75179
40.44:  53.91268,-20.58144,90.75179
40.46:  54.1647,-20.58475,90.75179
40.48:  54.41114,-20.58798,90.75179
40.49:  54.66153,-20.59126,90.75179
40.51:  54.91106,-20.59454,90.75179
40.53:  55.16114,-20.59782,90.75179
40.54:  55.41213,-20.60111,90.75179
40.56:  55.66163,-20.60439,90.75179
40.58:  55.91229,-20.60768,90.75179
40.59:  56.16053,-20.61093,90.75179
40.61:  56.4179,-20.61431,90.75179
40.63:  56.66248,-20.61752,90.75179
40.64:  56.91316,-20.62081,90.75179
40.66:  57.16345,-20.62409,90.75179
40.68:  57.41282,-20.62737,90.75179
40.69:  57.66026,-20.63061,90.75179
40.71:  57.913,-20.63393,90.75179
40.73:  58.16163,-20.63719,90.75179
40.74:  58.4108,-20.64046,90.75179
40.76:  58.66186,-20.64376,90.75179
40.78:  58.91148,-20.64703,90.75179
40.79:  59.1627,-20.65033,90.75179
40.81:  59.41237,-20.6536,90.75179
40.83:  59.66498,-20.65692,90.75179
40.84:  59.91164,-20.66016,90.75179
40.86:  60.16206,-20.66344,90.75179
40.88:  60.41015,-20.6667,90.75179
40.89:  60.66116,-20.66999,90.75179
40.91:  60.91099,-20.67327,90.75179
40.93:  61.15981,-20.67653,90.75179
40.94:  61.40862,-20.6798,90.75179
40.96:  61.66018,-20.6831,90.75179
40.98:  61.91087,-20.68639,90.75179
40.99:  62.16044,-20.68966,90.75179
41.01:  62.40955,-20.69293,90.75179
41.03:  62.66299,-20.69626,90.75179
41.04:  62.91134,-20.69952,90.75179
41.06:  63.1652,-20.70285,90.75179
41.08:  63.41172,-20.70609,90.75179
41.09:  63.66074,-20.70935,90.75179
41.11:  63.91069,-20.71263,90.75179
41.13:  64.1621,-20.71593,90.75179
41.14:  64.41143,-20.7192,90.75179
41.16:  64.65945,-20.72246,90.75179
41.18:  64.91423,-20.7258,90.75179
41.19:  65.16172,-20.72905,90.75179
41.21:  65.41448,-20.73236,90.75179
41.23:  65.66402,-20.73564,90.75179
41.24:  65.91301,-20.73891,90.75179
41.26:  66.16164,-20.74217,90.75179
41.28:  66.41051,-20.74543,90.75179
41.29:  66.66254,-20.74874,90.75179
41.31:  66.91486,-20.75205,90.75179
41.33:  67.16115,-20.75529,90.75179
41.34:  67.41216,-20.75858,90.75179
41.36:  67.66096,-20.76184,90.75179
41.38:  67.91108,-20.76513,90.75179
41.39:  68.16085,-20.7684,90.75179
41.41:  68.41167,-20.77169,90.75179
41.43:  68.66128,-20.77497,90.75179
41.44:  68.90832,-20.77821,90.75179
41.46:  69.16054,-20.78152,90.75179
41.48:  69.40988,-20.78479,90.75179
41.49:  69.66148,-20.78809,90.75179
41.51:  69.90829,-20.79133,90.75179
41.53:  70.16066,-20.79464,90.75179
41.54:  70.41117,-20.79793,90.75179
41.56:  70.66003,-20.8012,90.75179
41.58:  70.91119,-20.80449,90.75179
41.59:  71.16074,-20.80777,90.75179
41.61:  71.41208,-20.81107,90.75179
41.63:  71.66196,-20.81434,90.75179
41.64:  71.91022,-20.8176,90.75179
41.66:  72.16197,-20.82091,90.75179
41.68:  72.40029,-20.82403,90.75179
41.69:  72.62337,-20.82696,90.75179
41.71:  72.83624,-20.82975,90.75179
41.73:  73.03599,-20.83237,90.75179
41.74:  73.22489,-20.83485,90.75179
41.76:  73.39884,-20.83714,90.75179
41.78:  73.56073,-20.83926,90.75179
41.79:  73.7104,-20.84122,90.75179
41.81:  73.84842,-20.84303,90.75179
41.83:  73.97314,-20.84467,90.75179
41.84:  74.08539,-20.84614,90.75179
41.86:  74.18533,-20.84746,90.75179
41.88:  74.2737,-20.84862,90.75179
41.89:  74.34814,-20.84959,90.75179
41.91:  74.41132,-20.85042,90.75179
41.93:  74.46154,-20.85108,90.75179
41.94:  74.49906,-20.85157,90.75179
41.96:  74.52423,-20.8519,90.75179
41.98:  74.53677,-20.85207,90.75179
41.99:  74.53677,-20.85207,90.75179
42.01:  74.53677,-20.85207,90.75179
42.03:  74.53677,-20.85207,90.75179
42.04:  74.53677,-20.85207,90.75179
42.06:  74.53677,-20.85207,90.75179
42.08:  74.53677,-20.85207,90.75179
42.09:  74.53677,-20.85207,90.75179
42.11:  74.53677,-20.85207,90.75179
42.13:  74.53677,-20.85207,90.75179
42.14:  74.53677,-20.85207,89.25179
42.16:  74.53677,-20.85207,87.75179
42.18:  74.53677,-20.85207,86.25179
42.19:  74.53677,-20.85207,84.75179
42.21:  74.53677,-20.85207,83.25179
42.23:  74.53677,-20.85207,81.75179
42.24:  74.53677,-20.85207,80.25179
42.26:  74.53677,-20.85207,78.7518
42.28:  74.53677,-20.85207,77.2518
42.29:  74.53677,-20.85207,75.75181
42.31:  74.53677,-20.85207,74.25181
42.33:  74.53677,-20.85207,72.75181
42.34:  74.53677,-20.85207,71.25181
42.36:  74.53677,-20.85207,69.75181
42.38:  74.53677,-20.85207,68.25181
42.39:  74.53677,-20.85207,66.75182
42.41:  74.53677,-20.85207,65.25182
42.43:  74.53677,-20.85207,63.75181
42.44:  74.53677,-20.85207,62.25181
42.46:  74.53677,-20.85207,60.75181
42.48:  74.53677,-20.85207,59.25181
42.49:  74.53677,-20.85207,57.75181
42.51:  74.53677,-20.85207,56.25181
42.53:  74.53677,-20.85207,54.75181
42.54:  74.53677,-20.85207,53.25181
42.56:  74.53677,-20.85207,51.75181
42.58:  74.53677,-20.85207,50.25181
42.59:  74.53677,-20.85207,48.75181
42.61:  74.53677,-20.85207,47.25181
42.63:  74.53677,-20.85207,45.75181
42.64:  74.53677,-20.85207,44.2518
42.66:  74.53677,-20.85207,42.75181
42.68:  74.53677,-20.85207,41.25181
42.69:  74.53677,-20.85207,39.75181
42.71:  74.53677,-20.85207,38.25181
42.73:  74.53677,-20.85207,36.9014
42.74:  74.53677,-20.85207,35.70016
42.76:  74.53677,-20.85207,34.64948
42.78:  74.53677,-20.85207,33.748
42.79:  74.53677,-20.85207,32.99687
42.81:  74.53677,-20.85207,32.39639
42.83:  74.53677,-20.85207,31.94535
42.84:  74.53677,-20.85207,31.64421
42.86:  74.53677,-20.85207,31.49455
42.88:  74.53677,-20.85207,31.49343
42.89:  74.53677,-20.85207,31.49343
42.91:  74.53677,-20.85207,31.49343
42.93:  74.53677,-20.85207,31.49343
42.94:  74.53677,-20.85207,31.49343
42.96:  74.53677,-20.85207,29.99343
42.98:  74.53677,-20.85207,28.49343
42.99:  74.53677,-20.85207,26.99343
43.01:  74.53677,-20.85207,25.49343
43.03:  74.53677,-20.85207,23.99343
43.04:  74.53677,-20.85207,22.49343
43.06:  74.53677,-20.85207,20.99343
43.08:  74.53677,-20.85207,19.49343
43.09:  74.53677,-20.85207,17.99343
43.11:  74.53677,-20.85207,16.49343
43.13:  74.53677,-20.85207,14.99343
43.14:  74.53677,-20.85207,13.49342
43.16:  74.53677,-20.85207,11.99343
43.18:  74.53677,-20.85207,10.49343
43.19:  74.53677,-20.85207,8.993426
43.21:  74.53677,-20.85207,7.493426
43.23:  74.53677,-20.85207,5.993426
43.24:  74.53677,-20.85207,4.493426
43.26:  74.53677,-20.85207,2.993426
43.28:  74.53677,-20.85207,1.643487
43.29:  74.53677,-20.85207,0.4429103
43.31:  74.53677,-20.85207,359.3925
43.33:  74.53677,-20.85207,358.4909
43.34:  74.53677,-20.85207,357.7401
43.36:  74.53677,-20.85207,357.138
43.38:  74.53677,-20.85207,356.6863
43.39:  74.53596,-20.83934,356.386
43.41:  74.53432,-20.81439,356.2353
43.43:  74.53185,-20.77674,356.235
43.44:  74.52859,-20.72723,356.235
43.46:  74.52451,-20.66541,356.235
43.48:  74.51952,-20.58948,356.235
43.49:  74.51379,-20.50252,356.235
43.51:  74.50721,-20.40237,356.235
43.53:  74.49986,-20.29066,356.235
43.54:  74.49165,-20.16589,356.235
43.56:  74.4826,-20.02854,356.235
43.58:  74.4728,-19.87959,356.235
43.59:  74.46204,-19.71607,356.235
43.61:  74.4505,-19.54069,356.235
43.63:  74.43819,-19.35352,356.235
43.64:  74.42513,-19.15501,356.235
43.66:  74.41113,-18.94242,356.235
43.68:  74.3964,-18.71856,356.235
43.69:  74.38086,-18.48234,356.235
43.71:  74.36436,-18.2316,356.235
43.73:  74.34795,-17.98223,356.235
43.74:  74.33157,-17.73341,356.235
43.76:  74.31511,-17.48326,356.235
43.78:  74.29871,-17.2339,356.235
43.79:  74.28235,-16.98536,356.235
43.81:  74.26591,-16.73566,356.235
43.83:  74.24955,-16.48699,356.235
43.84:  74.23316,-16.23792,356.235
43.86:  74.21674,-15.98829,356.235
43.88:  74.20015,-15.73625,356.235
43.89:  74.18378,-15.48759,356.235
43.91:  74.16738,-15.23833,356.235
43.93:  74.15098,-14.98906,356.235
43.94:  74.13457,-14.7398,356.235
43.96:  74.11817,-14.49048,356.235
43.98:  74.1017,-14.24016,356.235
43.99:  74.08529,-13.99075,356.235
44.01:  74.06888,-13.74143,356.235
44.03:  74.05232,-13.48979,356.235
44.04:  74.03609,-13.24313,356.235
44.06:  74.01938,-12.98924,356.235
44.08:  74.00314,-12.74232,356.235
44.09:  73.98692,-12.49593,356.235
44.11:  73.97031,-12.24364,356.235
44.13:  73.954,-11.99576,356.235
44.14:  73.9375,-11.74494,356.235
44.16:  73.92103,-11.49465,356.235
44.18:  73.90456,-11.24449,356.235
44.19:  73.92131,-11.00157,356.235
44.21:  73.93568,-10.75463,356.235
44.23:  73.92648,-10.50661,356.235
44.24:  73.92648,-10.2559,356.235
44.26:  73.92648,-10.00688,356.235
44.28:  73.92648,-9.7569,356.235
44.29:  73.92648,-9.507793,356.235
44.31:  73.92648,-9.255817,356.235
44.33:  73.92648,-9.002778,356.235
44.34:  73.92648,-8.76051,356.235
44.36:  73.92648,-8.513012,356.235
44.38:  73.92648,-8.262678,356.235
44.39:  73.92648,-8.014299,356.235
44.41:  73.92648,-7.762956,356.235
44.43:  73.92648,-7.510865,356.235
44.44:  73.92648,-7.26377,356.235
44.46:  73.92648,-7.013233,356.235
44.48:  73.92648,-6.76629,356.235
44.49:  73.92648,-6.513493,356.235
44.51:  73.92648,-6.26597,356.235
44.53:  73.92648,-6.015159,356.235
44.54:  73.92648,-5.766809,356.235
44.56:  73.92648,-5.515692,356.235
44.58:  73.92648,-5.26596,356.235
44.59:  73.92648,-5.017824,356.235
44.61:  73.92648,-4.767057,356.235
44.63:  73.92648,-4.519605,356.235
44.64:  73.92648,-4.265928,356.235
44.66:  73.92648,-4.019646,356.235
44.68:  73.92648,-3.769905,356.235
44.69:  73.92648,-3.521157,356.235
44.71:  73.92648,-3.270084,356.235
44.73:  73.92648,-3.020889,356.235
44.74:  73.92648,-2.772488,356.235
44.76:  73.92648,-2.521955,356.235
44.78:  73.92648,-2.274391,356.235
44.79:  73.92648,-2.025525,356.235
44.81:  73.92648,-1.777319,356.235
44.83:  73.92648,-1.52517,356.235
44.84:  73.92648,-1.276201,356.235
44.86:  73.92648,-1.025752,356.235
44.88:  73.92648,-0.7760189,356.235
44.89:  73.92648,-0.5268662,356.235
44.91:  73.92648,-0.2763709,356.235
44.93:  73.92648,-0.02814779,356.235
44.94:  73.92648,0.2239639,356.235
44.96:  73.92648,0.4716228,356.235
44.98:  73.92648,0.7223501,356.235
44.99:  73.92648,0.9679194,356.235
45.01:  73.92648,1.217321,356.235
45.03:  73.92648,1.468405,356.235
45.04:  73.92648,1.718395,356.235
45.06:  73.92648,1.968248,356.235
45.08:  73.92648,2.216896,356.235
45.09:  73.92648,2.466977,356.235
45.11:  73.92648,2.715975,356.235
45.13:  73.92648,2.965855,356.235
45.14:  73.92648,3.213718,356.235
45.16:  73.92648,3.464806,356.235
45.18:  73.92648,3.712731,356.235
45.19:  73.92648,3.964235,356.235
45.21:  73.92648,4.212119,356.235
45.23:  73.92648,4.463735,356.235
45.24:  73.92648,4.712051,356.235
45.26:  73.92648,4.960807,356.235
45.28:  73.92648,5.212013,356.235
45.29:  73.92648,5.458729,356.235
45.31:  73.92648,5.711394,356.235
45.33:  73.92648,5.957914,356.235
45.34:  73.92648,6.208878,356.235
45.36:  73.92648,6.456335,356.235
45.38:  73.92648,6.709146,356.235
45.39:  73.92648,6.955761,356.235
45.41:  73.92648,7.205605,356.235
45.43:  73.92648,7.456338,356.235
45.44:  73.92648,7.704738,356.235
45.46:  73.92648,7.953452,356.235
45.48:  73.92648,8.202861,356.235
45.49:  73.92648,8.454967,356.235
45.51:  73.92648,8.703555,356.235
45.53:  73.92648,8.952421,356.235
45.54:  73.92648,9.201651,356.235
45.56:  73.92648,9.452005,356.235
45.58:  73.91019,9.699595,356.235
45.59:  73.89375,9.9494,356.235
45.61:  73.87727,10.19974,356.235
45.63:  73.86086,10.44916,356.235
45.64:  73.84445,10.69844,356.235
45.66:  73.82806,10.94759,356.235
45.68:  73.81156,11.19823,356.235
45.69:  73.7952,11.44689,356.235
45.71:  73.77869,11.6979,356.235
45.73:  73.76248,11.94417,356.235
45.74:  73.74577,12.19798,356.235
45.76:  73.72949,12.44538,356.235
45.78:  73.71302,12.69576,356.235
45.79:  73.69691,12.94052,356.235
45.81:  73.6805,13.18995,356.235
45.83:  73.66405,13.43979,356.235
45.84:  73.64756,13.69046,356.235
45.86:  73.63111,13.94041,356.235
45.88:  73.61459,14.19163,356.235
45.89:  73.59806,14.44274,356.235
45.91:  73.58184,14.68915,356.235
45.93:  73.56506,14.94417,356.235
45.94:  73.54874,15.19216,356.235
45.96:  73.5325,15.43898,356.235
45.98:  73.51595,15.69051,356.235
46.01:  73.49976,15.93648,356.235
46.03:  73.48325,16.18737,356.235
46.04:  73.467,16.43442,356.235
46.06:  73.4504,16.68661,356.235
46.08:  73.43409,16.93447,356.235
46.09:  73.41766,17.18412,356.235
46.11:  73.4012,17.43424,356.235
46.13:  73.38474,17.68435,356.235
46.14:  73.36832,17.93383,356.235
46.16:  73.35205,18.18116,356.235
46.18:  73.33548,18.43296,356.235
46.19:  73.31918,18.68074,356.235
46.21:  73.30254,18.93353,356.235
46.23:  73.28622,19.18159,356.235
46.24:  73.27058,19.41912,356.235
46.26:  73.25594,19.64163,356.235
46.28:  73.24204,19.85282,356.235
46.29:  73.22883,20.05361,356.235
46.31:  73.21648,20.24138,356.235
46.33:  73.20506,20.41484,356.235
46.34:  73.19437,20.57722,356.235
46.36:  73.18452,20.72694,356.235
46.38:  73.17545,20.86475,356.235
46.39:  73.16727,20.9891,356.235
46.41:  73.15987,21.10169,356.235
46.43:  73.15335,21.20063,356.235
46.44:  73.14756,21.28862,356.235
46.46:  73.14262,21.36381,356.235
46.48:  73.13849,21.42649,356.235
46.49:  73.13519,21.47653,356.235
46.51:  73.13274,21.51378,356.235
46.53:  73.1311,21.53888,356.235
46.54:  73.13026,21.55146,356.235
46.56:  73.13026,21.55146,356.235
46.58:  73.13026,21.55146,356.235
46.59:  73.13026,21.55146,356.235
46.61:  73.13026,21.55146,356.235
46.63:  73.13026,21.55146,356.235
46.64:  73.13026,21.55146,356.235
46.66:  73.13026,21.55146,356.235
46.68:  73.13026,21.55146,356.235
46.69:  73.13026,21.55146,356.235
46.71:  73.13026,21.55146,356.235
46.73:  73.13026,21.55146,356.235
46.74:  73.13026,21.55146,356.235
46.76:  73.13026,21.55146,356.235
46.78:  73.13026,21.55146,356.235
46.79:  73.13026,21.55146,356.235
46.81:  73.13026,21.55146,356.235
46.83:  73.13026,21.55146,356.235
46.84:  73.13026,21.55146,356.235
46.86:  73.13026,21.55146,356.235
46.88:  73.13026,21.55146,356.235
46.89:  73.13026,21.55146,356.235
46.91:  73.13026,21.55146,356.235
46.93:  73.13026,21.55146,356.235
46.94:  73.13026,21.55146,356.235
46.96:  73.13026,21.55146,356.235
46.98:  73.13026,21.55146,356.235
46.99:  73.13026,21.55146,356.235
47.01:  73.13026,21.55146,356.235
47.03:  73.13026,21.55146,356.235
47.04:  73.13026,21.55146,356.235
47.06:  73.13026,21.55146,356.235
47.08:  73.13026,21.55146,356.235
47.09:  73.13026,21.55146,356.235
47.11:  73.13026,21.55146,356.235
47.13:  73.13026,21.55146,356.235
47.14:  73.13026,21.55146,356.235
47.16:  73.13026,21.55146,356.235
47.18:  73.13026,21.55146,356.235
47.19:  73.13026,21.55146,356.235
47.21:  73.13026,21.55146,356.235
47.23:  73.13026,21.55146,356.235
47.24:  73.13026,21.55146,356.235
47.26:  73.13026,21.55146,356.235
47.28:  73.13026,21.55146,356.235
47.29:  73.13026,21.55146,356.235
47.31:  73.13026,21.55146,356.235
47.33:  73.13026,21.55146,356.235
47.34:  73.13026,21.55146,356.235
47.36:  73.13026,21.55146,356.235
47.38:  73.13026,21.55146,356.235
47.39:  73.13026,21.55146,356.235
47.41:  73.13026,21.55146,356.235
47.43:  73.13026,21.55146,356.235
47.44:  73.13026,21.55146,356.235
47.46:  73.13026,21.55146,356.235
47.48:  73.13026,21.55146,356.235
47.49:  73.13026,21.55146,356.235
47.51:  73.13026,21.55146,356.235
47.53:  73.13026,21.55146,356.235
47.54:  73.13026,21.55146,356.235
47.56:  73.13026,21.55146,356.235
47.58:  73.13026,21.55146,356.235
47.59:  73.13026,21.55146,356.235
47.61:  73.13026,21.55146,356.235
47.63:  73.13026,21.55146,356.235
47.64:  73.13026,21.55146,356.235
47.66:  73.13026,21.55146,356.235
47.68:  73.13026,21.55146,356.235
47.69:  73.13026,21.55146,356.235
47.71:  73.13026,21.55146,356.235
47.73:  73.13026,21.55146,356.235
47.74:  73.13026,21.55146,356.235
47.76:  73.13026,21.55146,356.235
47.78:  73.13026,21.55146,356.235
47.79:  73.13026,21.55146,356.235
47.81:  73.13026,21.55146,356.235
47.83:  73.13026,21.55146,356.235
47.84:  73.13026,21.55146,356.235
47.86:  73.13026,21.55146,356.235
47.88:  73.13026,21.55146,356.235
47.89:  73.13026,21.55146,356.235
47.91:  73.13026,21.55146,356.235
47.93:  73.13026,21.55146,356.235
47.94:  73.13026,21.55146,356.235
47.96:  73.13026,21.55146,356.235
47.98:  73.13026,21.55146,356.235
47.99:  73.13026,21.55146,356.235
48.01:  73.13026,21.55146,356.235
48.03:  73.13026,21.55146,356.235
48.04:  73.13026,21.55146,356.235
48.06:  73.13026,21.55146,356.235
48.08:  73.13026,21.55146,356.235
48.09:  73.13026,21.55146,356.235
48.11:  73.13026,21.55146,356.235
48.13:  73.13026,21.55146,356.235
48.14:  73.13026,21.55146,356.235
48.16:  73.13026,21.55146,356.235
48.18:  73.13026,21.55146,356.235
48.19:  73.13026,21.55146,356.235
48.21:  73.13026,21.55146,356.235
48.23:  73.13026,21.55146,356.235
48.24:  73.13026,21.55146,356.235
48.26:  73.13026,21.55146,356.235
48.28:  73.13026,21.55146,356.235
48.29:  73.13026,21.55146,356.235
48.31:  73.13026,21.55146,356.235
48.33:  73.13026,21.55146,356.235
48.34:  73.13026,21.55146,356.235
48.36:  73.13026,21.55146,356.235
48.38:  73.13026,21.55146,356.235
48.39:  73.13026,21.55146,356.235
48.41:  73.13026,21.55146,356.235
48.43:  73.13026,21.55146,356.235
48.44:  73.13026,21.55146,356.235
48.46:  73.13026,21.55146,356.235
48.48:  73.13026,21.55146,356.235
48.49:  73.13026,21.55146,356.235
48.51:  73.13026,21.55146,356.235
48.53:  73.13026,21.55146,356.235
48.54:  73.13026,21.55146,356.235
48.56:  73.13026,21.55146,356.235
48.58:  73.13026,21.55146,356.235
48.59:  73.13026,21.55146,356.235
48.61:  73.13026,21.55146,356.235
48.63:  73.13026,21.55146,356.235
48.64:  73.13026,21.55146,356.235
48.66:  73.13026,21.55146,356.235
48.68:  73.13026,21.55146,356.235
48.69:  73.13026,21.55146,356.235
48.71:  73.13026,21.55146,356.235
48.73:  73.13026,21.55146,356.235
48.74:  73.13026,21.55146,356.235
48.76:  73.13026,21.55146,356.235
48.78:  73.13026,21.55146,356.235
48.79:  73.13026,21.55146,356.235
48.81:  73.13026,21.55146,356.235
48.83:  73.13026,21.55146,356.235
48.84:  73.13026,21.55146,356.235
48.86:  73.13026,21.55146,356.235
48.88:  73.13026,21.55146,356.235
48.89:  73.13026,21.55146,356.235
48.91:  73.13026,21.55146,356.235
48.93:  73.13026,21.55146,356.235
48.94:  73.13026,21.55146,356.235
48.96:  73.13026,21.55146,356.235
48.98:  73.13026,21.55146,356.235
48.99:  73.13026,21.55146,356.235
49.01:  73.13026,21.55146,356.235
49.03:  73.13026,21.55146,356.235
49.04:  73.13026,21.55146,356.235
49.06:  73.13026,21.55146,356.235
49.08:  73.13026,21.55146,356.235
49.09:  73.13026,21.55146,356.235
49.11:  73.13026,21.55146,356.235
49.13:  73.13026,21.55146,356.235
49.14:  73.13026,21.55146,356.235
49.16:  73.13026,21.55146,356.235
49.18:  73.13026,21.55146,356.235
49.19:  73.13026,21.55146,356.235
49.21:  73.13026,21.55146,356.235
49.23:  73.13026,21.55146,356.235
49.24:  73.13026,21.55146,356.235
49.26:  73.13026,21.55146,356.235
49.28:  73.13026,21.55146,356.235
49.29:  73.13026,21.55146,356.235
49.31:  73.13026,21.55146,356.235
49.33:  73.13026,21.55146,356.235
49.34:  73.13026,21.55146,356.235
49.36:  73.13026,21.55146,356.235
49.38:  73.13026,21.55146,356.235
49.39:  73.13026,21.55146,356.235
49.41:  73.13026,21.55146,356.235
49.43:  73.13026,21.55146,356.235
49.44:  73.13026,21.55146,356.235
49.46:  73.13026,21.55146,356.235
49.48:  73.13026,21.55146,356.235
49.49:  73.13026,21.55146,356.235
49.51:  73.13026,21.55146,356.235
49.53:  73.13026,21.55146,356.235
49.54:  73.13026,21.55146,356.235
49.56:  73.13026,21.55146,356.235
49.58:  73.13026,21.55146,356.235
49.59:  73.13026,21.55146,356.235
49.61:  73.13026,21.55146,356.235
