ParticipantNo: 22051
Controller type: Arrows Only
Training Level:
0.02:  82.7,18.5,270
0.04:  82.7,18.5,270
0.06:  82.7,18.5,270
0.08:  82.7,18.5,270
0.09:  82.7,18.5,270
0.11:  82.7,18.5,270
0.13:  82.7,18.5,270
0.14:  82.7,18.5,270
0.16:  82.7,18.5,270
0.18:  82.7,18.5,270
0.19:  82.7,18.5,270
0.21:  82.7,18.5,270
0.23:  82.7,18.5,270
0.24:  82.7,18.5,270
0.26:  82.7,18.5,270
0.28:  82.7,18.5,270
0.29:  82.7,18.5,270
0.31:  82.7,18.5,270
0.33:  82.7,18.5,270
0.34:  82.7,18.5,270
0.36:  82.7,18.5,270
0.38:  82.7,18.5,270
0.39:  82.7,18.5,270
0.41:  82.7,18.5,270
0.43:  82.7,18.5,270
0.44:  82.7,18.5,270
0.46:  82.7,18.5,270
0.48:  82.7,18.5,270
0.49:  82.7,18.5,270
0.51:  82.7,18.5,270
0.53:  82.7,18.5,270
0.54:  82.7,18.5,270
0.56:  82.7,18.5,270
0.58:  82.7,18.5,270
0.59:  82.7,18.5,270
0.61:  82.7,18.5,270
0.63:  82.7,18.5,270
0.64:  82.7,18.5,270
0.66:  82.7,18.5,270
0.68:  82.7,18.5,270
0.69:  82.7,18.5,270
0.71:  82.7,18.5,270
0.73:  82.7,18.5,270
0.74:  82.7,18.5,270
0.76:  82.7,18.5,270
0.78:  82.7,18.5,270
0.79:  82.7,18.5,270
0.81:  82.7,18.5,270
0.83:  82.7,18.5,270
0.84:  82.7,18.5,270
0.86:  82.7,18.5,270
0.88:  82.7,18.5,270
0.89:  82.7,18.5,270
0.91:  82.7,18.5,270
0.93:  82.7,18.5,270
0.94:  82.7,18.5,270
0.96:  82.7,18.5,270
0.98:  82.7,18.5,270
0.99:  82.7,18.5,270
1.01:  82.7,18.5,270
1.03:  82.7,18.5,270
1.04:  82.7,18.5,270
1.06:  82.7,18.5,270
1.08:  82.7,18.5,270
1.09:  82.7,18.5,270
1.11:  82.7,18.5,270
1.13:  82.7,18.5,270
1.14:  82.7,18.5,270
1.16:  82.7,18.5,270
1.18:  82.7,18.5,270
1.19:  82.7,18.5,270
1.21:  82.7,18.5,270
1.23:  82.7,18.5,270
1.24:  82.7,18.5,270
1.26:  82.7,18.5,270
1.28:  82.7,18.5,270
1.29:  82.7,18.5,270
1.31:  82.7,18.5,270
1.33:  82.7,18.5,270
1.34:  82.7,18.5,270
1.36:  82.7,18.5,270
1.38:  82.7,18.5,270
1.39:  82.7,18.5,270
1.41:  82.7,18.5,270
1.43:  82.7,18.5,270
1.44:  82.7,18.5,270
1.46:  82.7,18.5,270
1.48:  82.7,18.5,270
1.49:  82.7,18.5,270
1.51:  82.7,18.5,270
1.53:  82.7,18.5,270
1.54:  82.7,18.5,270
1.56:  82.7,18.5,270
1.58:  82.7,18.5,270
1.59:  82.7,18.5,270
1.61:  82.7,18.5,270
1.63:  82.7,18.5,270
1.64:  82.7,18.5,270
1.66:  82.7,18.5,270
1.68:  82.7,18.5,270
1.69:  82.7,18.5,270
1.71:  82.7,18.5,270
1.73:  82.7,18.5,270
1.74:  82.7,18.5,270
1.76:  82.7,18.5,270
1.78:  82.7,18.5,270
1.79:  82.7,18.5,270
1.81:  82.7,18.5,270
1.83:  82.7,18.5,270
1.84:  82.7,18.5,270
1.86:  82.7,18.5,270
1.88:  82.7,18.5,270
1.89:  82.7,18.5,270
1.91:  82.7,18.5,270
1.93:  82.7,18.5,270
1.94:  82.7,18.5,270
1.96:  82.7,18.5,270
1.98:  82.7,18.5,270
1.99:  82.7,18.5,270
2.01:  82.7,18.5,270
2.03:  82.7,18.5,270
2.04:  82.7,18.5,270
2.06:  82.7,18.5,270
2.08:  82.7,18.5,270
2.09:  82.7,18.5,270
2.11:  82.7,18.5,270
2.13:  82.7,18.5,270
2.14:  82.7,18.5,270
2.16:  82.7,18.5,270
2.18:  82.7,18.5,270
2.19:  82.7,18.5,270
2.21:  82.7,18.5,270
2.23:  82.7,18.5,270
2.24:  82.7,18.5,270
2.26:  82.7,18.5,270
2.28:  82.7,18.5,270
2.29:  82.7,18.5,270
2.31:  82.7,18.5,270
2.33:  82.7,18.5,270
2.34:  82.7,18.5,270
2.36:  82.7,18.5,270
2.38:  82.7,18.5,270
2.39:  82.7,18.5,270
2.41:  82.7,18.5,270
2.43:  82.7,18.5,270
2.44:  82.7,18.5,270
2.46:  82.7,18.5,270
2.48:  82.7,18.5,270
2.49:  82.7,18.5,270
2.51:  82.7,18.5,270
2.53:  82.7,18.5,270
2.54:  82.7,18.5,270
2.56:  82.7,18.5,270
2.58:  82.7,18.5,270
2.59:  82.7,18.5,270
2.61:  82.7,18.5,270
2.63:  82.7,18.5,270
2.64:  82.7,18.5,270
2.66:  82.7,18.5,270
2.68:  82.7,18.5,270
2.69:  82.7,18.5,270
2.71:  82.7,18.5,270
2.73:  82.7,18.5,270
2.74:  82.7,18.5,270
2.76:  82.7,18.5,270
2.78:  82.7,18.5,270
2.79:  82.7,18.5,270
2.81:  82.7,18.5,270
2.83:  82.7,18.5,270
2.84:  82.7,18.5,270
2.86:  82.7,18.5,270
2.88:  82.7,18.5,270
2.89:  82.7,18.5,270
2.91:  82.7,18.5,270
2.93:  82.7,18.5,270
2.94:  82.7,18.5,270
2.96:  82.7,18.5,270
2.98:  82.7,18.5,270
2.99:  82.7,18.5,270
3.01:  82.7,18.5,270
3.03:  82.7,18.5,270
3.04:  82.7,18.5,270
3.06:  82.7,18.5,270
3.08:  82.7,18.5,270
3.09:  82.7,18.5,270
3.11:  82.7,18.5,270
3.13:  82.7,18.5,270
3.14:  82.7,18.5,270
3.16:  82.7,18.5,270
3.18:  82.7,18.5,270
3.19:  82.7,18.5,270
3.21:  82.7,18.5,270
3.23:  82.7,18.5,270
3.24:  82.7,18.5,270
3.26:  82.7,18.5,270
3.28:  82.7,18.5,270
3.29:  82.7,18.5,270
3.31:  82.7,18.5,270
3.33:  82.7,18.5,270
3.34:  82.7,18.5,270
3.36:  82.7,18.5,270
3.38:  82.7,18.5,270
3.39:  82.7,18.5,270
3.41:  82.7,18.5,270
3.43:  82.7,18.5,270
3.44:  82.7,18.5,270
3.46:  82.7,18.5,270
3.48:  82.7,18.5,270
3.49:  82.7,18.5,270
3.51:  82.7,18.5,270
3.53:  82.7,18.5,270
3.54:  82.7,18.5,270
3.56:  82.7,18.5,270
3.58:  82.7,18.5,270
3.59:  82.7,18.5,270
3.61:  82.7,18.5,270
3.63:  82.7,18.5,270
3.64:  82.7,18.5,270
3.66:  82.7,18.5,270
3.68:  82.7,18.5,270
3.69:  82.7,18.5,270
3.71:  82.7,18.5,270
3.73:  82.7,18.5,270
3.74:  82.7,18.5,270
3.76:  82.7,18.5,270
3.78:  82.7,18.5,270
3.79:  82.7,18.5,270
3.81:  82.7,18.5,270
3.83:  82.7,18.5,270
3.84:  82.7,18.5,270
3.86:  82.7,18.5,270
3.88:  82.7,18.5,270
3.89:  82.7,18.5,270
3.91:  82.7,18.5,270
3.93:  82.7,18.5,270
3.94:  82.7,18.5,270
3.96:  82.7,18.5,270
3.98:  82.7,18.5,270
3.99:  82.7,18.5,270
4.01:  82.7,18.5,270
4.03:  82.7,18.5,270
4.04:  82.7,18.5,270
4.06:  82.7,18.5,270
4.08:  82.7,18.5,270
4.09:  82.7,18.5,270
4.11:  82.7,18.5,270
4.13:  82.7,18.5,270
4.14:  82.7,18.5,270
4.16:  82.7,18.5,270
4.18:  82.7,18.5,270
4.19:  82.7,18.5,270
4.21:  82.7,18.5,270
4.23:  82.7,18.5,270
4.24:  82.7,18.5,270
4.26:  82.7,18.5,270
4.28:  82.7,18.5,270
4.29:  82.7,18.5,270
4.31:  82.7,18.5,270
4.33:  82.7,18.5,270
4.34:  82.7,18.5,270
4.36:  82.7,18.5,270
4.38:  82.7,18.5,270
4.39:  82.7,18.5,270
4.41:  82.7,18.5,270
4.43:  82.7,18.5,270
4.44:  82.7,18.5,270
4.46:  82.7,18.5,270
4.48:  82.7,18.5,270
4.49:  82.7,18.5,270
4.51:  82.7,18.5,270
4.53:  82.7,18.5,270
4.54:  82.7,18.5,270
4.56:  82.7,18.5,270
4.58:  82.7,18.5,270
4.59:  82.7,18.5,270
4.61:  82.7,18.5,270
4.63:  82.7,18.5,270
4.64:  82.7,18.5,270
4.66:  82.7,18.5,270
4.68:  82.7,18.5,270
4.69:  82.7,18.5,270
4.71:  82.7,18.5,270
4.73:  82.7,18.5,270
4.74:  82.7,18.5,270
4.76:  82.7,18.5,270
4.78:  82.7,18.5,270
4.79:  82.7,18.5,270
4.81:  82.7,18.5,270
4.83:  82.7,18.5,270
4.84:  82.7,18.5,270
4.86:  82.7,18.5,270
4.88:  82.7,18.5,270
4.89:  82.7,18.5,270
4.91:  82.7,18.5,270
4.93:  82.7,18.5,270
4.94:  82.7,18.5,270
4.96:  82.7,18.5,270
4.98:  82.7,18.5,270
4.99:  82.7,18.5,270
5.01:  82.7,18.5,270
5.03:  82.7,18.5,270
5.04:  82.7,18.5,270
5.06:  82.7,18.5,270
5.08:  82.7,18.5,270
5.09:  82.7,18.5,270
5.11:  82.7,18.5,270
5.13:  82.7,18.5,270
