ParticipantNo: 21011
Controller type: Arrows Only
Training Level Timed:
0.02:  82.7,18.5,270
0.03:  82.7,18.5,270
0.05:  82.7,18.5,270
0.07:  82.7,18.5,270
0.09:  82.7,18.5,270
0.1:  82.7,18.5,270
0.12:  82.7,18.5,270
0.14:  82.7,18.5,270
0.15:  82.7,18.5,270
0.17:  82.7,18.5,270
0.19:  82.7,18.5,270
0.2:  82.7,18.5,270
0.22:  82.7,18.5,270
0.24:  82.7,18.5,270
0.25:  82.7,18.5,270
0.27:  82.7,18.5,270
0.29:  82.7,18.5,270
0.3:  82.7,18.5,270
0.32:  82.7,18.5,270
0.34:  82.7,18.5,270
0.35:  82.7,18.5,270
0.37:  82.7,18.5,270
0.39:  82.7,18.5,270
0.4:  82.7,18.5,270
0.42:  82.7,18.5,270
0.44:  82.7,18.5,270
0.45:  82.7,18.5,270
0.47:  82.7,18.5,270
0.49:  82.7,18.5,270
0.5:  82.7,18.5,270
0.52:  82.7,18.5,270
0.54:  82.7,18.5,270
0.55:  82.7,18.5,270
0.57:  82.7,18.5,270
0.59:  82.7,18.5,270
0.6:  82.7,18.5,270
0.62:  82.7,18.5,270
0.64:  82.7,18.5,270
0.65:  82.7,18.5,270
0.67:  82.7,18.5,270
0.69:  82.7,18.5,270
0.7:  82.7,18.5,270
0.72:  82.7,18.5,270
0.74:  82.7,18.5,270
0.75:  82.7,18.5,270
0.77:  82.7,18.5,270
0.79:  82.7,18.5,270
0.8:  82.7,18.5,270
0.82:  82.7,18.5,270
0.84:  82.7,18.5,270
0.85:  82.7,18.5,270
0.87:  82.7,18.5,270
0.89:  82.7,18.5,270
0.9:  82.7,18.5,270
0.92:  82.7,18.5,270
0.94:  82.7,18.5,270
0.95:  82.7,18.5,270
0.97:  82.7,18.5,270
0.99:  82.7,18.5,270
1:  82.7,18.5,270
1.02:  82.7,18.5,270
1.04:  82.7,18.5,270
1.05:  82.7,18.5,270
1.07:  82.7,18.5,270
1.09:  82.7,18.5,270
1.1:  82.7,18.5,270
1.12:  82.7,18.5,270
1.14:  82.7,18.5,270
1.15:  82.7,18.5,270
1.17:  82.7,18.5,270
1.19:  82.7,18.5,270
1.2:  82.7,18.5,270
1.22:  82.7,18.5,270
1.24:  82.7,18.5,270
1.25:  82.7,18.5,270
1.27:  82.7,18.5,270
1.29:  82.7,18.5,270
1.3:  82.7,18.5,270
1.32:  82.7,18.5,270
1.34:  82.7,18.5,270
1.35:  82.7,18.5,270
1.37:  82.7,18.5,270
1.39:  82.7,18.5,270
1.4:  82.7,18.5,270
1.42:  82.7,18.5,270
1.44:  82.7,18.5,270
1.45:  82.7,18.5,270
1.47:  82.7,18.5,270
1.48:  82.7,18.5,270
1.5:  82.7,18.5,270
1.52:  82.7,18.5,270
1.54:  82.7,18.5,270
1.55:  82.7,18.5,270
1.57:  82.7,18.5,270
1.59:  82.7,18.5,270
1.6:  82.7,18.5,270
1.62:  82.7,18.5,270
1.64:  82.7,18.5,270
1.65:  82.7,18.5,270
1.67:  82.7,18.5,270
1.69:  82.7,18.5,270
1.7:  82.7,18.5,270
1.72:  82.7,18.5,270
1.74:  82.7,18.5,270
1.75:  82.7,18.5,270
1.77:  82.7,18.5,270
1.79:  82.7,18.5,270
1.8:  82.7,18.5,270
1.82:  82.7,18.5,270
1.84:  82.7,18.5,270
1.85:  82.7,18.5,270
1.87:  82.7,18.5,270
1.89:  82.7,18.5,270
1.9:  82.7,18.5,270
1.92:  82.7,18.5,270
1.94:  82.7,18.5,270
1.95:  82.7,18.5,270
1.97:  82.7,18.5,270
1.99:  82.7,18.5,270
2:  82.7,18.5,270
2.02:  82.7,18.5,270
2.04:  82.7,18.5,270
2.05:  82.7,18.5,270
2.07:  82.7,18.5,270
2.09:  82.7,18.5,270
2.1:  82.7,18.5,270
2.12:  82.7,18.5,270
2.14:  82.7,18.5,270
2.15:  82.7,18.5,270
2.17:  82.7,18.5,270
2.19:  82.7,18.5,270
2.2:  82.7,18.5,270
2.22:  82.7,18.5,270
2.25:  82.7,18.5,270
2.27:  82.7,18.5,270
2.29:  82.7,18.5,270
2.3:  82.7,18.5,270
2.32:  82.7,18.5,270
2.34:  82.7,18.5,270
2.35:  82.7,18.5,270
2.37:  82.7,18.5,270
2.39:  82.7,18.5,270
2.4:  82.7,18.5,270
2.42:  82.7,18.5,270
2.44:  82.7,18.5,270
2.45:  82.7,18.5,270
2.47:  82.7,18.5,270
2.49:  82.7,18.5,270
2.5:  82.7,18.5,270
2.52:  82.7,18.5,270
2.54:  82.7,18.5,270
2.55:  82.7,18.5,270
2.57:  82.7,18.5,270
2.59:  82.7,18.5,270
2.6:  82.7,18.5,270
2.62:  82.7,18.5,270
2.64:  82.7,18.5,270
2.65:  82.7,18.5,270
2.67:  82.7,18.5,270
2.69:  82.7,18.5,270
2.7:  82.7,18.5,270
2.72:  82.7,18.5,270
2.74:  82.7,18.5,270
2.75:  82.7,18.5,270
2.77:  82.7,18.5,270
2.79:  82.7,18.5,270
2.8:  82.7,18.5,270
2.82:  82.7,18.5,270
2.84:  82.7,18.5,270
2.85:  82.7,18.5,270
2.87:  82.7,18.5,270
2.89:  82.7,18.5,270
2.9:  82.7,18.5,270
2.92:  82.7,18.5,270
2.94:  82.7,18.5,270
2.95:  82.7,18.5,270
2.97:  82.7,18.5,270
2.99:  82.7,18.5,270
3:  82.7,18.5,270
3.02:  82.7,18.5,270
3.04:  82.7,18.5,270
3.05:  82.7,18.5,270
3.07:  82.7,18.5,270
3.09:  82.7,18.5,270
3.11:  82.7,18.5,270
3.13:  82.7,18.5,270
3.15:  82.7,18.5,270
3.18:  82.7,18.5,270
3.21:  82.7,18.5,270
3.22:  82.7,18.5,270
3.24:  82.7,18.5,270
3.25:  82.7,18.5,270
3.27:  82.7,18.5,270
3.29:  82.7,18.5,270
3.3:  82.7,18.5,270
3.32:  82.7,18.5,270
3.34:  82.7,18.5,270
3.35:  82.7,18.5,270
3.37:  82.7,18.5,270
3.39:  82.7,18.5,270
3.4:  82.7,18.5,270
3.42:  82.7,18.5,270
3.44:  82.7,18.5,270
3.45:  82.7,18.5,270
3.47:  82.7,18.5,270
3.49:  82.7,18.5,270
3.5:  82.7,18.5,270
3.52:  82.7,18.5,270
3.54:  82.7,18.5,270
3.55:  82.7,18.5,270
3.57:  82.7,18.5,270
3.59:  82.7,18.5,270
3.6:  82.7,18.5,270
3.62:  82.7,18.5,270
3.64:  82.7,18.5,270
3.65:  82.7,18.5,270
3.67:  82.7,18.5,270
3.69:  82.7,18.5,270
3.7:  82.7,18.5,270
3.72:  82.7,18.5,270
3.74:  82.7,18.5,270
3.75:  82.7,18.5,270
3.77:  82.7,18.5,270
3.79:  82.7,18.5,270
3.8:  82.7,18.5,270
3.82:  82.7,18.5,270
3.84:  82.7,18.5,270
3.85:  82.7,18.5,270
3.87:  82.7,18.5,270
3.89:  82.7,18.5,270
3.9:  82.7,18.5,270
3.92:  82.7,18.5,270
3.94:  82.7,18.5,270
3.95:  82.7,18.5,270
3.97:  82.7,18.5,270
3.99:  82.7,18.5,270
4:  82.7,18.5,270
4.02:  82.7,18.5,270
4.04:  82.7,18.5,270
4.05:  82.7,18.5,270
4.07:  82.7,18.5,270
4.09:  82.7,18.5,270
4.1:  82.7,18.5,270
4.12:  82.7,18.5,270
4.14:  82.7,18.5,270
4.15:  82.7,18.5,270
4.17:  82.7,18.5,270
4.19:  82.7,18.5,270
4.2:  82.7,18.5,270
4.22:  82.7,18.5,270
4.24:  82.7,18.5,270
4.25:  82.7,18.5,270
4.27:  82.7,18.5,270
4.29:  82.7,18.5,270
4.3:  82.7,18.5,270
4.32:  82.7,18.5,270
4.34:  82.7,18.5,270
4.35:  82.7,18.5,270
4.37:  82.7,18.5,270
4.39:  82.7,18.5,270
4.4:  82.7,18.5,270
4.42:  82.7,18.5,270
4.44:  82.7,18.5,270
4.45:  82.7,18.5,270
4.47:  82.7,18.5,270
4.49:  82.7,18.5,270
4.5:  82.7,18.5,270
4.52:  82.7,18.5,270
4.54:  82.7,18.5,270
4.55:  82.7,18.5,270
4.57:  82.7,18.5,270
4.59:  82.7,18.5,270
4.6:  82.7,18.5,270
4.62:  82.7,18.5,270
4.64:  82.7,18.5,270
4.65:  82.7,18.5,270
4.67:  82.7,18.5,270
4.69:  82.7,18.5,270
4.7:  82.7,18.5,270
4.72:  82.7,18.5,270
4.74:  82.7,18.5,270
4.75:  82.7,18.5,270
4.77:  82.7,18.5,270
4.79:  82.7,18.5,270
4.8:  82.7,18.5,270
4.82:  82.7,18.5,270
4.84:  82.7,18.5,270
4.85:  82.7,18.5,270
4.87:  82.7,18.5,270
4.89:  82.7,18.5,270
4.9:  82.7,18.5,270
4.92:  82.7,18.5,270
4.94:  82.7,18.5,270
4.95:  82.7,18.5,270
4.97:  82.7,18.5,270
4.99:  82.7,18.5,270
5:  82.7,18.5,270
5.02:  82.7,18.5,270
5.04:  82.7,18.5,270
5.05:  82.7,18.5,270
5.07:  82.7,18.5,270
5.09:  82.7,18.5,270
5.1:  82.7,18.5,270
5.12:  82.7,18.5,270
5.14:  82.7,18.5,270
5.15:  82.7,18.5,270
5.17:  82.7,18.5,270
5.19:  82.7,18.5,270
5.2:  82.7,18.5,270
5.22:  82.7,18.5,270
5.24:  82.7,18.5,270
5.25:  82.7,18.5,270
5.27:  82.7,18.5,270
5.29:  82.7,18.5,270
5.3:  82.7,18.5,270
5.32:  82.7,18.5,270
5.34:  82.7,18.5,270
5.35:  82.7,18.5,270
5.37:  82.7,18.5,270
5.39:  82.7,18.5,270
5.4:  82.7,18.5,270
5.42:  82.7,18.5,270
5.44:  82.7,18.5,270
5.45:  82.7,18.5,270
5.47:  82.7,18.5,270
5.49:  82.7,18.5,270
5.5:  82.7,18.5,270
5.52:  82.7,18.5,270
5.54:  82.7,18.5,270
5.55:  82.7,18.5,268.5
5.57:  82.7,18.5,267
5.59:  82.7,18.5,265.5
5.6:  82.7,18.5,264
5.62:  82.7,18.5,262.5
5.64:  82.7,18.5,261
5.65:  82.7,18.5,259.5
5.67:  82.7,18.5,258
5.69:  82.7,18.5,256.5
5.7:  82.7,18.5,255
5.72:  82.7,18.5,253.5
5.74:  82.7,18.5,252
5.75:  82.7,18.5,250.5
5.77:  82.7,18.5,249
5.79:  82.7,18.5,247.5
5.8:  82.7,18.5,246
5.82:  82.7,18.5,244.5
5.84:  82.7,18.5,243
5.85:  82.7,18.5,241.5
5.87:  82.7,18.5,240
5.89:  82.7,18.5,238.5
5.9:  82.7,18.5,237
5.92:  82.7,18.5,235.5
5.94:  82.7,18.5,234
5.95:  82.7,18.5,232.5
5.97:  82.7,18.5,231
5.99:  82.7,18.5,229.5
6:  82.7,18.5,228
6.02:  82.7,18.5,226.5
6.04:  82.7,18.5,225
6.05:  82.7,18.5,223.5
6.07:  82.7,18.5,222
6.09:  82.7,18.5,220.5
6.1:  82.7,18.5,219
6.12:  82.7,18.5,217.5
6.14:  82.7,18.5,216
6.15:  82.7,18.5,214.5
6.17:  82.7,18.5,213
6.19:  82.7,18.5,211.5
6.2:  82.7,18.5,210
6.22:  82.7,18.5,208.5
6.24:  82.7,18.5,207
6.25:  82.7,18.5,205.5
6.27:  82.7,18.5,204
6.29:  82.7,18.5,202.5
6.3:  82.7,18.5,201
6.32:  82.7,18.5,199.65
6.34:  82.7,18.5,198.4484
6.35:  82.7,18.5,197.3986
6.37:  82.7,18.5,196.4972
6.39:  82.7,18.5,195.7468
6.4:  82.7,18.5,195.1464
6.42:  82.7,18.5,194.6964
6.44:  82.7,18.5,194.3948
6.45:  82.7,18.5,194.2444
6.47:  82.7,18.5,194.244
6.49:  82.7,18.5,194.244
6.5:  82.7,18.5,194.244
6.52:  82.7,18.5,194.244
6.54:  82.7,18.5,194.244
6.55:  82.7,18.5,194.244
6.57:  82.7,18.5,194.244
6.59:  82.7,18.5,194.244
6.6:  82.7,18.5,194.244
6.62:  82.7,18.5,194.244
6.64:  82.7,18.5,194.244
6.65:  82.7,18.5,194.244
6.67:  82.7,18.5,194.244
6.69:  82.7,18.5,194.244
6.7:  82.7,18.5,194.244
6.72:  82.7,18.5,194.244
6.74:  82.7,18.5,194.244
6.75:  82.7,18.5,194.244
6.77:  82.7,18.5,194.244
6.79:  82.7,18.5,194.244
6.8:  82.7,18.5,194.244
6.82:  82.7,18.5,194.244
6.84:  82.7,18.5,194.244
6.85:  82.7,18.5,194.244
6.87:  82.7,18.5,194.244
6.89:  82.7,18.5,194.244
6.9:  82.7,18.5,194.244
6.92:  82.7,18.5,194.244
6.94:  82.7,18.5,194.244
6.95:  82.7,18.5,194.244
6.97:  82.7,18.5,194.244
6.99:  82.7,18.5,194.244
7:  82.7,18.5,194.244
7.02:  82.7,18.5,194.244
7.04:  82.7,18.5,194.244
7.05:  82.7,18.5,194.244
7.07:  82.7,18.5,194.244
7.09:  82.7,18.5,194.244
7.1:  82.7,18.5,194.244
7.12:  82.7,18.5,194.244
7.14:  82.7,18.5,194.244
7.15:  82.7,18.5,194.244
7.17:  82.7,18.5,194.244
7.19:  82.7,18.5,194.244
7.2:  82.7,18.5,194.244
7.22:  82.7,18.5,194.244
7.24:  82.7,18.5,194.244
7.25:  82.7,18.5,194.244
7.27:  82.7,18.5,194.244
7.29:  82.7,18.5,194.244
7.3:  82.7,18.5,194.244
7.32:  82.7,18.5,194.244
7.34:  82.7,18.5,194.244
7.35:  82.7,18.5,194.244
7.37:  82.7,18.5,194.244
7.39:  82.69681,18.48745,194.244
7.4:  82.69069,18.46334,194.244
7.42:  82.68135,18.42656,194.244
7.44:  82.66856,18.37616,194.244
7.45:  82.65337,18.31633,194.244
7.47:  82.63489,18.24351,194.244
7.49:  82.61338,18.15879,194.244
7.5:  82.58873,18.0617,194.244
7.52:  82.56128,17.95356,194.244
7.54:  82.53068,17.83302,194.244
7.55:  82.49556,17.69467,194.244
7.57:  82.4589,17.55027,194.244
7.59:  82.41908,17.39341,194.244
7.6:  82.37621,17.22454,194.244
7.62:  82.33048,17.0444,194.244
7.64:  82.28103,16.84959,194.244
7.65:  82.22867,16.64332,194.244
7.67:  82.17323,16.42495,194.244
7.69:  82.11498,16.19549,194.244
7.7:  82.05309,15.95167,194.244
7.72:  81.99165,15.70963,194.244
7.74:  81.93032,15.46806,194.244
7.75:  81.86853,15.22467,194.244
7.77:  81.80751,14.9843,194.244
7.79:  81.74581,14.74122,194.244
7.8:  81.68427,14.49878,194.244
7.82:  81.62327,14.2585,194.244
7.84:  81.56111,14.01368,194.244
7.85:  81.50037,13.7744,194.244
7.87:  81.43769,13.52748,194.244
7.89:  81.37635,13.28583,194.244
7.9:  81.3157,13.04693,194.244
7.92:  81.25349,12.80188,194.244
7.94:  81.19206,12.55988,194.244
7.95:  81.1302,12.31621,194.244
7.97:  81.06758,12.06953,194.244
7.99:  81.00651,11.82894,194.244
8:  80.94554,11.58879,194.244
8.02:  80.8844,11.34793,194.244
8.04:  80.8229,11.10567,194.244
8.05:  80.76181,10.86501,194.244
8.07:  80.69985,10.62094,194.244
8.09:  80.63904,10.3814,194.244
8.1:  80.57687,10.1365,194.244
8.12:  80.5153,9.893963,194.244
8.14:  80.45344,9.650268,194.244
8.15:  80.39219,9.409,194.244
8.17:  80.33078,9.167086,194.244
8.19:  80.26943,8.925426,194.244
8.2:  80.20779,8.682591,194.244
8.22:  80.14524,8.436216,194.244
8.24:  80.08325,8.192015,194.244
8.25:  80.0231,7.95509,194.244
8.27:  79.9621,7.714793,194.244
8.29:  79.90036,7.47156,194.244
8.3:  79.83881,7.22913,194.244
8.32:  79.77715,6.98621,194.244
8.34:  79.71334,6.734859,194.244
8.35:  79.65466,6.503706,194.244
8.37:  79.59309,6.261181,194.244
8.39:  79.53133,6.017895,194.244
8.4:  79.46954,5.77449,194.244
8.42:  79.40815,5.532621,194.244
8.44:  79.34657,5.290076,194.244
8.45:  79.28537,5.048982,194.244
8.47:  79.22335,4.804667,194.244
8.49:  79.16179,4.562165,194.244
8.5:  79.10101,4.322714,194.244
8.52:  79.03971,4.081272,194.244
8.54:  78.97607,3.830567,194.244
8.55:  78.91422,3.586951,194.244
8.57:  78.85427,3.350767,194.244
8.59:  78.79314,3.109962,194.244
8.6:  78.73141,2.866827,194.244
8.62:  78.67014,2.625423,194.244
8.64:  78.61157,2.394721,194.244
8.65:  78.55624,2.176762,194.244
8.67:  78.50403,1.971091,194.244
8.69:  78.45532,1.779233,194.244
8.7:  78.40936,1.59815,194.244
8.72:  78.36643,1.429065,194.244
8.74:  78.32643,1.27148,194.244
8.75:  78.28928,1.125151,194.244
8.77:  78.25556,0.9923123,194.244
8.79:  78.22774,0.8692912,192.744
8.8:  78.20578,0.7588598,191.244
8.82:  78.18893,0.6606834,189.744
8.84:  78.17635,0.5739216,188.244
8.85:  78.16714,0.496045,186.744
8.87:  78.16148,0.4342922,185.244
8.89:  78.15823,0.3846911,183.744
8.9:  78.15669,0.3478362,182.3925
8.92:  78.15618,0.3232275,181.189
8.94:  78.15615,0.3107991,180.1354
8.95:  78.15615,0.3107991,179.2314
8.97:  78.15615,0.3107991,178.4755
8.99:  78.15615,0.3107991,177.8695
9:  78.15615,0.3107991,177.4157
9.02:  78.15615,0.3107991,177.1114
9.04:  78.15615,0.3107991,176.9563
9.05:  78.15615,0.3107991,176.9516
9.07:  78.15615,0.3107991,176.9516
9.09:  78.15615,0.3107991,176.9516
9.1:  78.15615,0.3107991,176.9516
9.12:  78.15615,0.3107991,176.9516
9.14:  78.15615,0.3107991,176.9516
9.15:  78.15615,0.3107991,176.9516
9.17:  78.15615,0.3107991,176.9516
9.19:  78.15615,0.3107991,176.9516
9.2:  78.15615,0.3107991,176.9516
9.22:  78.15615,0.3107991,176.9516
9.24:  78.15615,0.3107991,176.9516
9.25:  78.15615,0.3107991,176.9516
9.27:  78.15615,0.3107991,176.9516
9.29:  78.15615,0.3107991,176.9516
9.3:  78.15615,0.3107991,176.9516
9.32:  78.15615,0.3107991,176.9516
9.34:  78.15615,0.3107991,176.9516
9.35:  78.15615,0.3107991,176.9516
9.37:  78.15615,0.3107991,176.9516
9.39:  78.15615,0.3107991,176.9516
9.4:  78.15615,0.3107991,176.9516
9.42:  78.15615,0.3107991,176.9516
9.44:  78.15615,0.3107991,176.9516
9.45:  78.15615,0.3107991,176.9516
9.47:  78.15615,0.3107991,176.9516
9.49:  78.15615,0.3107991,176.9516
9.5:  78.15615,0.3107991,176.9516
9.52:  78.1568,0.298591,176.9516
9.54:  78.15813,0.2734771,176.9516
9.55:  78.1601,0.236657,176.9516
9.57:  78.16286,0.1848363,176.9516
9.59:  78.16621,0.1218208,176.9516
9.6:  78.17015,0.04792418,176.9516
9.62:  78.17477,-0.03896094,176.9516
9.64:  78.18011,-0.1391639,176.9516
9.65:  78.18613,-0.2522376,176.9516
9.67:  78.1927,-0.3754864,176.9516
9.69:  78.19999,-0.5124089,176.9516
9.7:  78.20795,-0.6618986,176.9516
9.72:  78.21651,-0.8225501,176.9516
9.74:  78.22591,-0.9992589,176.9516
9.75:  78.23589,-1.186513,176.9516
9.77:  78.24683,-1.391971,176.9516
9.79:  78.25799,-1.60155,176.9516
9.8:  78.26983,-1.823801,176.9516
9.82:  78.28241,-2.060136,176.9516
9.84:  78.29567,-2.309106,176.9516
9.85:  78.30901,-2.559625,176.9516
9.87:  78.32228,-2.808782,176.9516
9.89:  78.33543,-3.05582,176.9516
9.9:  78.34893,-3.30915,176.9516
9.92:  78.36202,-3.554975,176.9516
9.94:  78.37545,-3.80712,176.9516
9.95:  78.38874,-4.05678,176.9516
9.97:  78.40204,-4.306496,176.9516
9.99:  78.41537,-4.5567,176.9516
10:  78.42859,-4.804949,176.9516
10.02:  78.44206,-5.058018,176.9516
10.04:  78.45528,-5.306115,176.9516
10.05:  78.46852,-5.554887,176.9516
10.07:  78.48173,-5.802869,176.9516
10.09:  78.49517,-6.055274,176.9516
10.1:  78.50848,-6.305081,176.9516
10.12:  78.52155,-6.550589,176.9516
10.14:  78.53555,-6.813535,176.9516
10.15:  78.54836,-7.053883,176.9516
10.17:  78.56164,-7.303362,176.9516
10.19:  78.57483,-7.551009,176.9516
10.2:  78.58817,-7.801567,176.9516
10.22:  78.60149,-8.051702,176.9516
10.24:  78.61476,-8.300821,176.9516
10.25:  78.62802,-8.549813,176.9516
10.27:  78.64187,-8.809845,176.9516
10.29:  78.65482,-9.053111,176.9516
10.3:  78.66837,-9.307469,176.9516
10.32:  78.68121,-9.548606,176.9516
10.34:  78.69505,-9.808376,176.9516
10.35:  78.70789,-10.04952,176.9516
10.37:  78.72108,-10.29747,176.9516
10.39:  78.73448,-10.54898,176.9516
10.4:  78.74773,-10.79785,176.9516
10.42:  78.76108,-11.04835,176.9516
10.44:  78.77429,-11.29652,176.9516
10.45:  78.78754,-11.5452,176.9516
10.47:  78.80144,-11.80621,176.9516
10.49:  78.81461,-12.05366,176.9516
10.5:  78.82757,-12.29699,176.9516
10.52:  78.84091,-12.54744,176.9516
10.54:  78.85401,-12.79342,176.9516
10.55:  78.86748,-13.04626,176.9516
10.57:  78.88091,-13.2984,176.9516
10.59:  78.8942,-13.54807,176.9516
10.6:  78.90736,-13.79517,176.9516
10.62:  78.9205,-14.04206,176.9516
10.64:  78.93385,-14.29257,176.9516
10.65:  78.94712,-14.54179,176.9516
10.67:  78.9605,-14.79307,176.9516
10.69:  78.97375,-15.04188,176.9516
10.7:  78.98706,-15.29182,176.9516
10.72:  79.0003,-15.54044,176.9516
10.74:  79.01363,-15.79087,176.9516
10.75:  79.0269,-16.03999,176.9516
10.77:  79.04057,-16.29655,176.9516
10.79:  79.05371,-16.54338,176.9516
10.8:  79.06718,-16.79617,176.9516
10.82:  79.08012,-17.03936,176.9516
10.84:  79.0934,-17.28866,176.9516
10.85:  79.10668,-17.53802,176.9516
10.87:  79.11996,-17.78725,176.9516
10.89:  79.13335,-18.03894,176.9516
10.9:  79.14658,-18.28724,176.9516
10.92:  79.15994,-18.53816,176.9516
10.94:  79.1731,-18.78521,176.9516
10.95:  79.18642,-19.03533,176.9516
10.97:  79.2001,-19.2922,176.9516
10.99:  79.21329,-19.54005,176.9516
11:  79.22643,-19.78668,176.9516
11.02:  79.23971,-20.03595,176.9516
11.04:  79.25294,-20.28458,176.9516
11.05:  79.26627,-20.53473,176.9516
11.07:  79.2795,-20.78302,176.9516
11.09:  79.29324,-21.04109,176.9516
11.1:  79.30627,-21.28597,176.9516
11.12:  79.31961,-21.5363,176.9516
11.14:  79.33276,-21.78317,176.9516
11.15:  79.34605,-22.03274,176.9516
11.17:  79.35921,-22.28004,176.9516
11.19:  79.37296,-22.53798,176.9516
11.2:  79.38602,-22.78326,176.9516
11.22:  79.39918,-23.03052,176.9516
11.24:  79.41239,-23.27865,176.9516
11.25:  79.42579,-23.5302,176.9516
11.27:  79.43908,-23.77969,176.9516
11.29:  79.45238,-24.02937,176.9516
11.3:  79.46614,-24.28781,176.9516
11.32:  79.47896,-24.52851,176.9516
11.34:  79.49229,-24.77887,176.9516
11.35:  79.50559,-25.02863,176.9516
11.37:  79.51886,-25.27781,176.9516
11.39:  79.53214,-25.52727,176.9516
11.4:  79.54538,-25.77578,176.9516
11.42:  79.55859,-26.02386,176.9516
11.44:  79.57199,-26.27544,176.9516
11.45:  79.58528,-26.52511,176.9516
11.47:  79.59855,-26.77419,176.9516
11.49:  79.61191,-27.02502,176.9516
11.5:  79.62507,-27.27211,176.9516
11.52:  79.6391,-27.53563,176.9516
11.54:  79.65166,-27.77159,176.9516
11.55:  79.66517,-28.02523,176.9516
11.57:  79.67838,-28.2733,176.9516
11.59:  79.69205,-28.52996,176.9516
11.6:  79.70518,-28.77638,176.9516
11.62:  79.71836,-29.02396,176.9516
11.64:  79.73152,-29.27113,176.9516
11.65:  79.74483,-29.52109,176.9516
11.67:  79.75806,-29.76957,176.9516
11.69:  79.77135,-30.01892,176.9516
11.7:  79.78522,-30.27936,176.9516
11.72:  79.79787,-30.51703,176.9516
11.74:  79.81133,-30.76973,176.9516
11.75:  79.82461,-31.01902,176.9516
11.77:  79.83784,-31.26744,176.9516
11.79:  79.8512,-31.51854,176.9516
11.8:  79.86459,-31.76981,176.9516
11.82:  79.8778,-32.01783,176.9516
11.84:  79.89104,-32.26656,176.9516
11.85:  79.90443,-32.51786,176.9516
11.87:  79.91775,-32.768,176.9516
11.89:  79.93097,-33.01634,176.9516
11.9:  79.94424,-33.26555,176.9516
11.92:  79.95766,-33.51736,176.9516
11.94:  79.97075,-33.76331,176.9516
11.95:  79.984,-34.01211,176.9516
11.97:  79.99744,-34.26459,176.9516
11.99:  80.01074,-34.51421,176.9516
12:  80.02404,-34.76389,176.9516
12.02:  80.03726,-35.01222,176.9516
12.04:  80.05096,-35.26937,176.9516
12.05:  80.06387,-35.51183,176.9516
12.07:  80.07725,-35.76306,176.9516
12.09:  80.09087,-36.01895,176.9516
12.1:  80.10384,-36.26235,176.9516
12.12:  80.11715,-36.51233,176.9516
12.14:  80.13037,-36.76058,176.9516
12.15:  80.14374,-37.01161,176.9516
12.17:  80.15701,-37.26088,176.9516
12.19:  80.17043,-37.51269,176.9516
12.2:  80.18371,-37.76221,176.9516
12.22:  80.19689,-38.00974,176.9516
12.24:  80.21021,-38.25975,176.9516
12.25:  80.2235,-38.50924,176.9516
12.27:  80.23676,-38.75838,176.9516
12.29:  80.25004,-39.00766,176.9516
12.3:  80.26343,-39.25905,176.9516
12.32:  80.27657,-39.5058,176.9516
12.34:  80.28989,-39.7561,176.9516
12.35:  80.30364,-40.0143,176.9516
12.37:  80.31667,-40.25876,176.9516
12.39:  80.32991,-40.50754,176.9516
12.4:  80.34314,-40.75599,176.9516
12.42:  80.35644,-41.00568,176.9516
12.44:  80.36969,-41.25445,176.9516
12.45:  80.38285,-41.50159,176.9516
12.47:  80.39634,-41.75494,176.9516
12.49:  80.40955,-42.00289,176.9516
12.5:  80.42288,-42.25325,176.9516
12.52:  80.43611,-42.50168,176.9516
12.54:  80.44943,-42.75182,176.9516
12.55:  80.46268,-43.00053,176.9516
12.57:  80.47636,-43.25755,176.9516
12.59:  80.48931,-43.50076,176.9516
12.6:  80.50252,-43.74873,176.9516
12.62:  80.51598,-44.0014,176.9516
12.64:  80.5294,-44.25349,176.9516
12.65:  80.54256,-44.50046,176.9516
12.67:  80.55573,-44.74792,176.9516
12.69:  80.56952,-45.00682,176.9516
12.7:  80.58282,-45.25651,176.9516
12.72:  80.59587,-45.50166,176.9516
12.74:  80.60906,-45.74941,176.9516
12.75:  80.62219,-45.99591,176.9516
12.77:  80.63551,-46.24597,176.9516
12.79:  80.64888,-46.49696,176.9516
12.8:  80.66222,-46.74755,176.9516
12.82:  80.67551,-46.99714,176.9516
12.84:  80.68873,-47.24527,176.9516
12.85:  80.70206,-47.49559,176.9516
12.87:  80.7159,-47.75552,176.9516
12.89:  80.72865,-47.99499,176.9516
12.9:  80.74206,-48.24668,176.9516
12.92:  80.75515,-48.4926,176.9516
12.94:  80.76847,-48.74274,176.9516
12.95:  80.7817,-48.99102,176.9516
12.97:  80.79511,-49.24297,176.9516
12.99:  80.80878,-49.49953,176.9516
13:  80.82154,-49.73926,176.9516
13.02:  80.83543,-50,176.9516
13.04:  80.84819,-50.23956,176.9516
13.05:  80.86168,-50.49298,176.9516
13.07:  80.87479,-50.73925,176.9516
13.09:  80.88811,-50.98928,176.9516
13.1:  80.90143,-51.23925,176.9516
13.12:  80.91534,-51.50069,176.9516
13.14:  80.92802,-51.73857,176.9516
13.15:  80.94138,-51.98965,176.9516
13.17:  80.95472,-52.23995,176.9516
13.19:  80.96794,-52.48827,176.9516
13.2:  80.98116,-52.73642,176.9516
13.22:  80.99454,-52.98789,176.9516
13.24:  81.00787,-53.23812,176.9516
13.25:  81.02094,-53.48357,176.9516
13.27:  81.03445,-53.73729,176.9516
13.29:  81.0477,-53.986,176.9516
13.3:  81.06104,-54.23658,176.9516
13.32:  81.07431,-54.48562,176.9516
13.34:  81.08755,-54.73418,176.9516
13.35:  81.1008,-54.98303,176.9516
13.37:  81.11425,-55.23564,176.9516
13.39:  81.12744,-55.48339,176.9516
13.4:  81.14082,-55.73466,176.9516
13.42:  81.15406,-55.98313,176.9516
13.44:  81.16726,-56.23105,176.9516
13.47:  81.18071,-56.48363,176.9516
13.49:  81.19399,-56.73307,176.9516
13.5:  81.20731,-56.98295,176.9516
13.52:  81.2206,-57.23267,176.9516
13.54:  81.23372,-57.47899,176.9516
13.55:  81.24735,-57.73495,176.9516
13.57:  81.26076,-57.9867,176.9516
13.59:  81.27391,-58.23371,176.9516
13.6:  81.28716,-58.48238,176.9516
13.62:  81.30054,-58.7338,176.9516
13.64:  81.31403,-58.98712,176.9516
13.65:  81.32713,-59.23307,176.9516
13.67:  81.34027,-59.47977,176.9516
13.69:  81.35355,-59.72917,176.9516
13.7:  81.3671,-59.98362,176.9516
13.72:  81.38023,-60.23013,176.9516
13.74:  81.39343,-60.47797,176.9516
13.75:  81.40668,-60.72687,176.9516
13.77:  81.41933,-60.96443,176.9516
13.79:  81.43127,-61.18869,176.9516
13.8:  81.44254,-61.40023,176.9516
13.82:  81.45322,-61.60065,176.9516
13.84:  81.46323,-61.78859,176.9516
13.85:  81.47252,-61.96304,176.9516
13.87:  81.48105,-62.12322,176.9516
13.89:  81.48903,-62.27314,176.9516
13.9:  81.49643,-62.41204,176.9516
13.92:  81.50308,-62.53704,176.9516
13.94:  81.5092,-62.65196,176.9516
13.95:  81.51437,-62.74906,176.9516
13.97:  81.519,-62.83598,176.9516
13.99:  81.52301,-62.91125,176.9516
14:  81.5263,-62.97291,176.9516
14.02:  81.52899,-63.02356,176.9516
14.04:  81.53099,-63.06112,176.9516
14.05:  81.53231,-63.08586,176.9516
14.07:  81.53298,-63.09849,176.9516
14.09:  81.53298,-63.09849,176.9516
14.1:  81.53298,-63.09849,176.9516
14.12:  81.53298,-63.09849,176.9516
14.14:  81.53298,-63.09849,176.9516
14.15:  81.53298,-63.09849,176.9516
14.17:  81.53298,-63.09849,176.9516
14.19:  81.53298,-63.09849,176.9516
14.2:  81.53298,-63.09849,176.9516
14.22:  81.53298,-63.09849,176.9516
14.24:  81.53298,-63.09849,176.9516
14.25:  81.53298,-63.09849,176.9516
14.27:  81.53298,-63.09849,178.4516
14.29:  81.53298,-63.09849,179.9516
14.3:  81.53298,-63.09849,181.4516
14.32:  81.53298,-63.09849,182.9516
14.34:  81.53298,-63.09849,184.4516
14.35:  81.53298,-63.09849,185.9516
14.37:  81.53298,-63.09849,187.4516
14.39:  81.53298,-63.09849,188.9516
14.4:  81.53298,-63.09849,190.4516
14.42:  81.53298,-63.09849,191.9516
14.44:  81.53298,-63.09849,193.4516
14.45:  81.53298,-63.09849,194.9516
14.47:  81.53298,-63.09849,196.4516
14.49:  81.53298,-63.09849,197.9516
14.5:  81.53298,-63.09849,199.301
14.52:  81.53298,-63.09849,200.5032
14.54:  81.53298,-63.09849,201.556
14.55:  81.53298,-63.09849,202.4594
14.57:  81.53298,-63.09849,203.2121
14.59:  81.53298,-63.09849,203.8154
14.6:  81.53298,-63.09849,204.2666
14.62:  81.53298,-63.09849,204.5709
14.64:  81.53298,-63.09849,204.724
14.65:  81.53298,-63.09849,204.7285
14.67:  81.53298,-63.09849,204.7285
14.69:  81.53298,-63.09849,204.7285
14.7:  81.53298,-63.09849,204.7285
14.72:  81.53298,-63.09849,204.7285
14.74:  81.53298,-63.09849,204.7285
14.75:  81.53298,-63.09849,204.7285
14.77:  81.53298,-63.09849,204.7285
14.79:  81.53298,-63.09849,204.7285
14.8:  81.53298,-63.09849,204.7285
14.82:  81.53298,-63.09849,206.2285
14.84:  81.53298,-63.09849,207.7285
14.85:  81.53298,-63.09849,209.2285
14.87:  81.53298,-63.09849,210.7285
14.89:  81.53298,-63.09849,212.2285
14.9:  81.53298,-63.09849,213.7285
14.92:  81.53298,-63.09849,215.2285
14.94:  81.53298,-63.09849,216.7285
14.95:  81.53298,-63.09849,218.2285
14.97:  81.53298,-63.09849,219.7285
14.99:  81.53298,-63.09849,221.2285
15:  81.53298,-63.09849,222.5782
15.02:  81.53298,-63.09849,223.778
15.04:  81.53298,-63.09849,224.8275
15.05:  81.53298,-63.09849,225.7277
15.07:  81.53298,-63.09849,226.4768
15.09:  81.53298,-63.09849,227.0765
15.1:  81.53298,-63.09849,227.5269
15.12:  81.53298,-63.09849,227.8262
15.14:  81.53298,-63.09849,227.9762
15.15:  81.53298,-63.09849,227.9778
15.17:  81.53298,-63.09849,227.9778
15.19:  81.53298,-63.09849,227.9778
15.2:  81.53298,-63.09849,227.9778
15.22:  81.53298,-63.09849,227.9778
15.24:  81.53298,-63.09849,229.4778
15.25:  81.53298,-63.09849,230.9778
15.27:  81.53298,-63.09849,232.4778
15.29:  81.53298,-63.09849,233.9778
15.3:  81.53298,-63.09849,235.4778
15.32:  81.53298,-63.09849,236.9778
15.34:  81.53298,-63.09849,238.4778
15.35:  81.53298,-63.09849,239.8276
15.37:  81.53298,-63.09849,241.0291
15.39:  81.53298,-63.09849,242.0799
15.4:  81.53298,-63.09849,242.9803
15.42:  81.53298,-63.09849,243.7301
15.44:  81.53298,-63.09849,244.3305
15.45:  81.53298,-63.09849,244.7816
15.47:  81.53298,-63.09849,245.0813
15.49:  81.53298,-63.09849,245.2337
15.5:  81.53298,-63.09849,245.2337
15.52:  81.53298,-63.09849,245.2337
15.54:  81.53298,-63.09849,245.2337
15.55:  81.53298,-63.09849,245.2337
15.57:  81.53298,-63.09849,245.2337
15.59:  81.53298,-63.09849,245.2337
15.6:  81.53298,-63.09849,245.2337
15.62:  81.53298,-63.09849,245.2337
15.64:  81.53298,-63.09849,245.2337
15.65:  81.53298,-63.09849,245.2337
15.67:  81.53298,-63.09849,245.2337
15.69:  81.53298,-63.09849,245.2337
15.7:  81.53298,-63.09849,245.2337
15.72:  81.53298,-63.09849,245.2337
15.74:  81.53298,-63.09849,245.2337
15.75:  81.53298,-63.09849,245.2337
15.77:  81.53298,-63.09849,245.2337
15.79:  81.53298,-63.09849,245.2337
15.8:  81.53298,-63.09849,245.2337
15.82:  81.53298,-63.09849,245.2337
15.84:  81.53298,-63.09849,245.2337
15.85:  81.53298,-63.09849,245.2337
15.87:  81.53298,-63.09849,245.2337
15.89:  81.53298,-63.09849,245.2337
15.9:  81.53298,-63.09849,245.2337
15.92:  81.53298,-63.09849,245.2337
15.94:  81.53298,-63.09849,245.2337
15.95:  81.53298,-63.09849,245.2337
15.97:  81.53298,-63.09849,245.2337
15.99:  81.53298,-63.09849,245.2337
16:  81.53298,-63.09849,245.2337
16.02:  81.53298,-63.09849,245.2337
16.04:  81.53298,-63.09849,245.2337
16.05:  81.53298,-63.09849,245.2337
16.07:  81.53298,-63.09849,246.7337
16.09:  81.53298,-63.09849,248.2337
16.1:  81.53298,-63.09849,249.7337
16.12:  81.53298,-63.09849,251.2337
16.14:  81.53298,-63.09849,252.7337
16.15:  81.53298,-63.09849,254.2337
16.17:  81.53298,-63.09849,255.7337
16.19:  81.53298,-63.09849,257.2337
16.2:  81.53298,-63.09849,258.7337
16.22:  81.53298,-63.09849,260.0824
16.24:  81.53298,-63.09849,261.2767
16.25:  81.53298,-63.09849,262.326
16.27:  81.53298,-63.09849,263.2262
16.29:  81.53298,-63.09849,263.9753
16.3:  81.53298,-63.09849,264.5753
16.32:  81.53298,-63.09849,265.024
16.34:  81.53298,-63.09849,265.323
16.35:  81.53298,-63.09849,265.4727
16.37:  81.53298,-63.09849,265.4727
16.39:  81.53298,-63.09849,265.4727
16.4:  81.53298,-63.09849,265.4727
16.42:  81.53298,-63.09849,265.4727
16.44:  81.53298,-63.09849,265.4727
16.45:  81.53298,-63.09849,265.4727
16.47:  81.53298,-63.09849,265.4727
16.49:  81.53298,-63.09849,265.4727
16.5:  81.53298,-63.09849,265.4727
16.52:  81.53298,-63.09849,265.4727
16.54:  81.53298,-63.09849,265.4727
16.55:  81.53298,-63.09849,265.4727
16.57:  81.53298,-63.09849,265.4727
16.59:  81.53298,-63.09849,265.4727
16.6:  81.53298,-63.09849,265.4727
16.62:  81.53298,-63.09849,265.4727
16.64:  81.53298,-63.09849,266.9727
16.65:  81.53298,-63.09849,268.4727
16.67:  81.53298,-63.09849,269.9727
16.69:  81.53298,-63.09849,271.4727
16.7:  81.53298,-63.09849,272.9727
16.72:  81.53298,-63.09849,274.4727
16.74:  81.53298,-63.09849,275.9727
16.75:  81.53298,-63.09849,277.3234
16.77:  81.53298,-63.09849,278.5226
16.79:  81.53298,-63.09849,279.5724
16.8:  81.53298,-63.09849,280.4728
16.82:  81.53298,-63.09849,281.2221
16.84:  81.53298,-63.09849,281.822
16.85:  81.53298,-63.09849,283.322
16.87:  81.53298,-63.09849,284.822
16.89:  81.53298,-63.09849,286.322
16.9:  81.53298,-63.09849,287.822
16.92:  81.53298,-63.09849,289.322
16.94:  81.53298,-63.09849,290.822
16.95:  81.53298,-63.09849,292.322
16.97:  81.53298,-63.09849,293.822
16.99:  81.53298,-63.09849,295.1714
17:  81.53298,-63.09849,296.3718
17.02:  81.53298,-63.09849,297.4211
17.04:  81.53298,-63.09849,298.3215
17.05:  81.53298,-63.09849,299.0718
17.07:  81.53298,-63.09849,299.6714
17.09:  81.53298,-63.09849,300.1212
17.1:  81.53298,-63.09849,300.4214
17.12:  81.53298,-63.09849,300.5712
17.14:  81.53298,-63.09849,300.5712
17.15:  81.53298,-63.09849,302.0712
17.17:  81.53298,-63.09849,303.5712
17.19:  81.53298,-63.09849,305.0712
17.2:  81.53298,-63.09849,306.5712
17.22:  81.53298,-63.09849,308.0712
17.24:  81.53298,-63.09849,309.5712
17.25:  81.53298,-63.09849,311.0712
17.27:  81.53298,-63.09849,312.5712
17.29:  81.53298,-63.09849,313.9208
17.3:  81.53298,-63.09849,315.1207
17.32:  81.53298,-63.09849,316.1672
17.34:  81.53298,-63.09849,317.0645
17.35:  81.53298,-63.09849,317.8124
17.37:  81.53298,-63.09849,319.3124
17.39:  81.53298,-63.09849,320.8124
17.4:  81.53298,-63.09849,322.3124
17.42:  81.53298,-63.09849,323.8124
17.44:  81.53298,-63.09849,325.3124
17.45:  81.53298,-63.09849,326.8124
17.47:  81.53298,-63.09849,328.1625
17.49:  81.53298,-63.09849,329.3623
17.5:  81.53298,-63.09849,330.4129
17.52:  81.53298,-63.09849,331.3084
17.54:  81.53298,-63.09849,332.0555
17.55:  81.53298,-63.09849,332.6543
17.57:  81.53298,-63.09849,333.1024
17.59:  81.53298,-63.09849,333.402
17.6:  81.53298,-63.09849,333.5519
17.62:  81.53298,-63.09849,333.5519
17.64:  81.53298,-63.09849,333.5519
17.65:  81.53298,-63.09849,333.5519
17.67:  81.53298,-63.09849,333.5519
17.69:  81.53298,-63.09849,333.5519
17.7:  81.53298,-63.09849,333.5519
17.72:  81.53298,-63.09849,333.5519
17.74:  81.53298,-63.09849,333.5519
17.75:  81.53298,-63.09849,333.5519
17.77:  81.53298,-63.09849,333.5519
17.79:  81.53298,-63.09849,333.5519
17.8:  81.53298,-63.09849,333.5519
17.82:  81.53298,-63.09849,333.5519
17.84:  81.53298,-63.09849,333.5519
17.85:  81.53298,-63.09849,333.5519
17.87:  81.53298,-63.09849,333.5519
17.89:  81.53298,-63.09849,333.5519
17.9:  81.53298,-63.09849,333.5519
17.92:  81.53298,-63.09849,333.5519
17.94:  81.53298,-63.09849,333.5519
17.95:  81.53298,-63.09849,333.5519
17.97:  81.53298,-63.09849,333.5519
17.99:  81.53298,-63.09849,333.5519
18:  81.53298,-63.09849,333.5519
18.02:  81.53298,-63.09849,333.5519
18.04:  81.53298,-63.09849,333.5519
18.05:  81.53298,-63.09849,333.5519
18.07:  81.53298,-63.09849,333.5519
18.09:  81.53298,-63.09849,333.5519
18.1:  81.53298,-63.09849,333.5519
18.12:  81.53298,-63.09849,333.5519
18.14:  81.53298,-63.09849,333.5519
18.15:  81.53298,-63.09849,333.5519
18.17:  81.53298,-63.09849,333.5519
18.19:  81.53298,-63.09849,333.5519
18.2:  81.53298,-63.09849,333.5519
18.22:  81.53298,-63.09849,333.5519
18.24:  81.53298,-63.09849,333.5519
18.25:  81.53298,-63.09849,333.5519
18.27:  81.53298,-63.09849,333.5519
18.29:  81.53298,-63.09849,333.5519
18.3:  81.53298,-63.09849,333.5519
18.32:  81.53298,-63.09849,333.5519
18.34:  81.53298,-63.09849,333.5519
18.35:  81.53298,-63.09849,333.5519
18.37:  81.53298,-63.09849,333.5519
18.39:  81.53298,-63.09849,333.5519
18.4:  81.53298,-63.09849,333.5519
18.42:  81.52743,-63.08733,333.5519
18.44:  81.51633,-63.06502,333.5519
18.45:  81.49982,-63.03181,333.5519
18.47:  81.47732,-62.98659,333.5519
18.49:  81.44943,-62.93054,333.5519
18.5:  81.41623,-62.86379,333.5519
18.52:  81.3771,-62.78513,333.5519
18.54:  81.33307,-62.69661,333.5519
18.55:  81.28335,-62.59667,333.5519
18.57:  81.22546,-62.4803,333.5519
18.59:  81.16541,-62.35959,333.5519
18.6:  81.09943,-62.22693,333.5519
18.62:  81.0264,-62.08013,333.5519
18.64:  80.94839,-61.92331,333.5519
18.65:  80.86243,-61.75051,333.5519
18.67:  80.77607,-61.5769,333.5519
18.69:  80.68133,-61.38645,333.5519
18.7:  80.58135,-61.18547,333.5519
18.72:  80.47506,-60.97179,333.5519
18.74:  80.36405,-60.74865,333.5519
18.75:  80.2525,-60.5244,333.5519
18.77:  80.14152,-60.30129,333.5519
18.79:  80.03137,-60.07987,333.5519
18.8:  79.91853,-59.85304,333.5519
18.82:  79.8074,-59.62964,333.5519
18.84:  79.69575,-59.40519,333.5519
18.85:  79.5848,-59.18216,333.5519
18.87:  79.47092,-58.95324,333.5519
18.89:  79.36002,-58.73028,333.5519
18.9:  79.249,-58.50711,333.5519
18.92:  79.13853,-58.28505,333.5519
18.94:  79.02734,-58.06153,333.5519
18.95:  78.92154,-57.84883,333.5519
18.97:  78.82195,-57.64861,333.5519
18.99:  78.72713,-57.45802,333.5519
19:  78.63865,-57.28015,333.5519
19.02:  78.55446,-57.11091,333.5519
19.04:  78.47702,-56.95523,333.5519
19.05:  78.40458,-56.80961,333.5519
19.07:  78.3378,-56.67536,333.5519
19.09:  78.27622,-56.55157,333.5519
19.1:  78.22062,-56.4398,333.5519
19.12:  78.17007,-56.33819,333.5519
19.14:  78.12798,-56.2477,335.0519
19.15:  78.09312,-56.16735,336.5519
19.17:  78.06506,-56.09771,338.0519
19.19:  78.04321,-56.03909,339.5519
19.2:  78.02698,-55.99182,341.0519
19.22:  78.01573,-55.95604,342.552
19.24:  78.00882,-55.93187,344.052
19.25:  78.00569,-55.91971,345.552
19.27:  78.00569,-55.91971,347.052
19.29:  78.00569,-55.91971,348.3998
19.3:  78.00569,-55.91971,349.6023
19.32:  78.00569,-55.91971,350.6541
19.34:  78.00569,-55.91971,351.5561
19.35:  78.00569,-55.91971,352.3094
19.37:  78.00569,-55.91971,352.9073
19.39:  78.00569,-55.91971,353.3575
19.4:  78.00569,-55.91971,353.6586
19.42:  78.00569,-55.91971,353.8109
19.44:  78.00569,-55.91971,353.8141
19.45:  78.00569,-55.91971,353.8141
19.47:  78.00569,-55.91971,353.8141
19.49:  78.00569,-55.91971,353.8141
19.5:  78.00569,-55.91971,353.8141
19.52:  78.00569,-55.91971,353.8141
19.54:  78.00433,-55.9072,353.8141
19.55:  78.00167,-55.88261,353.8141
19.57:  77.99744,-55.84353,353.8141
19.59:  77.99222,-55.79542,353.8141
19.6:  77.9856,-55.73434,353.8141
19.62:  77.97746,-55.65924,353.8141
19.64:  77.96796,-55.57157,353.8141
19.65:  77.95724,-55.47276,353.8141
19.67:  77.94507,-55.36036,353.8141
19.69:  77.93155,-55.23566,353.8141
19.7:  77.91677,-55.0993,353.8141
19.72:  77.90062,-54.9503,353.8141
19.74:  77.88331,-54.79059,353.8141
19.75:  77.8642,-54.6142,353.8141
19.77:  77.84395,-54.42741,353.8141
19.79:  77.82242,-54.22877,353.8141
19.8:  77.79965,-54.01871,353.8141
19.82:  77.77532,-53.79425,353.8141
19.84:  77.74979,-53.55862,353.8141
19.85:  77.72305,-53.31197,353.8141
19.87:  77.69593,-53.06178,353.8141
19.89:  77.66887,-52.81205,353.8141
19.9:  77.64209,-52.565,353.8141
19.92:  77.61505,-52.31557,353.8141
19.94:  77.58807,-52.06653,353.8141
19.95:  77.56126,-51.81923,353.8141
19.97:  77.53418,-51.56939,353.8141
19.99:  77.50751,-51.32328,353.8141
20:  77.48033,-51.07258,353.8141
20.02:  77.45335,-50.82364,353.8141
20.04:  77.42557,-50.56732,353.8141
20.05:  77.3988,-50.3204,353.8141
20.07:  77.3725,-50.07767,353.8141
20.09:  77.34467,-49.82085,353.8141
20.1:  77.31874,-49.58165,353.8141
20.12:  77.29182,-49.33328,353.8141
20.14:  77.26385,-49.07524,353.8141
20.15:  77.23794,-48.83613,353.8141
20.17:  77.21109,-48.58843,353.8141
20.19:  77.18404,-48.33881,353.8141
20.2:  77.15717,-48.09098,353.8141
20.22:  77.13053,-47.84516,353.8141
20.24:  77.10312,-47.59224,353.8141
20.25:  77.07655,-47.34714,353.8141
20.27:  77.04929,-47.09566,353.8141
20.29:  77.02248,-46.84822,353.8141
20.3:  76.99532,-46.59773,353.8141
20.32:  76.96843,-46.34958,353.8141
20.34:  76.94056,-46.09244,353.8141
20.35:  76.91457,-45.85269,353.8141
20.37:  76.88758,-45.60366,353.8141
20.39:  76.8607,-45.35569,353.8141
20.4:  76.83382,-45.10764,353.8141
20.42:  76.80634,-44.8541,353.8141
20.44:  76.77985,-44.6097,353.8141
20.45:  76.75285,-44.36052,353.8141
20.47:  76.72607,-44.11344,353.8141
20.49:  76.69929,-43.8664,353.8141
20.5:  76.67233,-43.61767,353.8141
20.52:  76.64514,-43.3668,353.8141
20.54:  76.61829,-43.11901,353.8141
20.55:  76.59125,-42.86955,353.8141
20.57:  76.56362,-42.61468,353.8141
20.59:  76.53745,-42.37318,353.8141
20.6:  76.5106,-42.12555,353.8141
20.62:  76.48238,-41.86506,353.8141
20.64:  76.45662,-41.62745,353.8141
20.65:  76.42968,-41.37887,353.8141
20.67:  76.40313,-41.1339,353.8141
20.69:  76.37498,-40.87424,353.8141
20.7:  76.34892,-40.63377,353.8141
20.72:  76.32188,-40.38425,353.8141
20.74:  76.29395,-40.12659,353.8141
20.75:  76.26817,-39.88876,353.8141
20.77:  76.24097,-39.63787,353.8141
20.79:  76.21423,-39.39103,353.8141
20.8:  76.18733,-39.1429,353.8141
20.82:  76.16039,-38.89437,353.8141
20.84:  76.13362,-38.64736,353.8141
20.85:  76.10646,-38.39677,353.8141
20.87:  76.0795,-38.14801,353.8141
20.89:  76.05261,-37.89991,353.8141
20.9:  76.02432,-37.63893,353.8141
20.92:  75.99835,-37.39934,353.8141
20.94:  75.97166,-37.15304,353.8141
20.95:  75.94446,-36.90205,353.8141
20.97:  75.9178,-36.65615,353.8141
20.99:  75.89108,-36.4096,353.8141
21:  75.86392,-36.15905,353.8141
21.02:  75.8372,-35.91254,353.8141
21.04:  75.81018,-35.66322,353.8141
21.05:  75.78327,-35.41493,353.8141
21.07:  75.75641,-35.16706,353.8141
21.09:  75.72922,-34.9162,353.8141
21.1:  75.70228,-34.66766,353.8141
21.12:  75.67538,-34.41943,353.8141
21.14:  75.64854,-34.17179,353.8141
21.15:  75.62164,-33.92365,353.8141
21.17:  75.59497,-33.67761,353.8141
21.19:  75.56742,-33.42343,353.8141
21.2:  75.54076,-33.17748,353.8141
21.22:  75.51374,-32.92816,353.8141
21.24:  75.48678,-32.67939,353.8141
21.25:  75.45981,-32.43054,353.8141
21.27:  75.43297,-32.18286,353.8141
21.29:  75.40517,-31.92641,353.8141
21.3:  75.37877,-31.68285,353.8141
21.32:  75.35215,-31.43725,353.8141
21.34:  75.32514,-31.18804,353.8141
21.35:  75.29834,-30.94078,353.8141
21.37:  75.27118,-30.69015,353.8141
21.39:  75.24429,-30.44206,353.8141
21.4:  75.21753,-30.19516,353.8141
21.42:  75.1906,-29.9467,353.8141
21.44:  75.16351,-29.69685,353.8141
21.45:  75.13668,-29.44925,353.8141
21.47:  75.10957,-29.19913,353.8141
21.49:  75.08298,-28.95384,353.8141
21.5:  75.05587,-28.70366,353.8141
21.52:  75.02899,-28.45568,353.8141
21.54:  75.00327,-28.21842,353.8141
21.55:  74.97911,-27.99542,353.8141
21.57:  74.95621,-27.78414,353.8141
21.59:  74.93465,-27.58525,353.8141
21.6:  74.91467,-27.40094,353.8141
21.62:  74.89514,-27.22071,353.8141
21.64:  74.87807,-27.06317,353.8141
21.65:  74.86171,-26.91226,353.8141
21.67:  74.84683,-26.77498,353.8141
21.69:  74.83359,-26.65283,353.8141
21.7:  74.82156,-26.54186,353.8141
21.72:  74.81075,-26.4421,353.8141
21.74:  74.80133,-26.35519,353.8141
21.75:  74.79137,-26.28133,352.3141
21.77:  74.78133,-26.21931,350.8141
21.79:  74.77207,-26.17023,349.3141
21.8:  74.76418,-26.13367,347.8141
21.82:  74.75831,-26.10956,346.3141
21.84:  74.75499,-26.09734,344.8141
21.85:  74.75499,-26.09734,343.3141
21.87:  74.75499,-26.09734,341.8141
21.89:  74.75499,-26.09734,340.3141
21.9:  74.75499,-26.09734,338.8141
21.92:  74.75499,-26.09734,337.3141
21.94:  74.75499,-26.09734,335.9643
21.95:  74.75499,-26.09734,334.7641
21.97:  74.75499,-26.09734,333.7145
21.99:  74.75499,-26.09734,332.8148
22:  74.75499,-26.09734,332.0644
22.02:  74.75499,-26.09734,331.4652
22.04:  74.75499,-26.09734,331.0148
22.05:  74.75499,-26.09734,330.7136
22.07:  74.75499,-26.09734,330.5635
22.09:  74.75499,-26.09734,330.5633
22.1:  74.75499,-26.09734,330.5633
22.12:  74.75499,-26.09734,329.0633
22.14:  74.75499,-26.09734,327.5633
22.15:  74.75499,-26.09734,326.0633
22.17:  74.75499,-26.09734,324.5633
22.19:  74.75499,-26.09734,323.0633
22.2:  74.75499,-26.09734,321.5633
22.22:  74.75499,-26.09734,320.0633
22.24:  74.75499,-26.09734,318.712
22.25:  74.75499,-26.09734,317.5098
22.27:  74.75499,-26.09734,316.4586
22.29:  74.75499,-26.09734,315.5562
22.3:  74.75499,-26.09734,314.8038
22.32:  74.75499,-26.09734,314.2024
22.34:  74.75499,-26.09734,313.7509
22.35:  74.75499,-26.09734,313.4545
22.37:  74.75499,-26.09734,313.305
22.39:  74.75499,-26.09734,313.305
22.4:  74.75499,-26.09734,313.305
22.42:  74.75499,-26.09734,313.305
22.44:  74.75499,-26.09734,313.305
22.45:  74.75499,-26.09734,313.305
22.47:  74.75499,-26.09734,313.305
22.49:  74.75499,-26.09734,313.305
22.5:  74.75499,-26.09734,313.305
22.52:  74.75499,-26.09734,313.305
22.54:  74.75499,-26.09734,313.305
22.55:  74.75499,-26.09734,313.305
22.57:  74.75499,-26.09734,313.305
22.59:  74.75499,-26.09734,313.305
22.6:  74.75499,-26.09734,313.305
22.62:  74.75499,-26.09734,313.305
22.64:  74.75499,-26.09734,313.305
22.65:  74.75499,-26.09734,313.305
22.67:  74.75499,-26.09734,313.305
22.69:  74.75499,-26.09734,313.305
22.7:  74.75499,-26.09734,313.305
22.72:  74.75499,-26.09734,313.305
22.74:  74.75499,-26.09734,313.305
22.75:  74.75499,-26.09734,313.305
22.77:  74.75499,-26.09734,313.305
22.79:  74.75499,-26.09734,313.305
22.8:  74.75499,-26.09734,313.305
22.82:  74.75499,-26.09734,313.305
22.84:  74.75499,-26.09734,313.305
22.85:  74.75499,-26.09734,313.305
22.87:  74.75499,-26.09734,313.305
22.89:  74.75499,-26.09734,313.305
22.9:  74.75499,-26.09734,313.305
22.92:  74.75499,-26.09734,313.305
22.94:  74.75499,-26.09734,313.305
22.95:  74.75499,-26.09734,313.305
22.97:  74.75499,-26.09734,313.305
22.99:  74.75499,-26.09734,313.305
23:  74.75499,-26.09734,313.305
23.02:  74.75499,-26.09734,313.305
23.04:  74.75499,-26.09734,313.305
23.05:  74.75499,-26.09734,313.305
23.07:  74.75499,-26.09734,313.305
23.09:  74.75499,-26.09734,313.305
23.1:  74.75499,-26.09734,313.305
23.12:  74.75499,-26.09734,313.305
23.14:  74.75499,-26.09734,313.305
23.15:  74.75499,-26.09734,311.805
23.17:  74.75499,-26.09734,310.305
23.19:  74.75499,-26.09734,308.805
23.2:  74.75499,-26.09734,307.305
23.22:  74.75499,-26.09734,305.805
23.24:  74.75499,-26.09734,304.305
23.25:  74.75499,-26.09734,302.805
23.27:  74.75499,-26.09734,301.305
23.29:  74.75499,-26.09734,299.805
23.3:  74.75499,-26.09734,298.305
23.32:  74.75499,-26.09734,296.805
23.34:  74.75499,-26.09734,295.305
23.35:  74.75499,-26.09734,293.805
23.37:  74.75499,-26.09734,292.305
23.39:  74.75499,-26.09734,290.805
23.4:  74.75499,-26.09734,289.305
23.42:  74.75499,-26.09734,287.805
23.44:  74.75499,-26.09734,286.305
23.45:  74.75499,-26.09734,284.805
23.47:  74.75499,-26.09734,283.305
23.49:  74.75499,-26.09734,281.805
23.5:  74.75499,-26.09734,280.305
23.52:  74.75499,-26.09734,278.805
23.54:  74.75499,-26.09734,277.4548
23.55:  74.75499,-26.09734,276.2548
23.57:  74.75499,-26.09734,275.2079
23.59:  74.75499,-26.09734,274.3079
23.6:  74.75499,-26.09734,273.5578
23.62:  74.75499,-26.09734,272.9568
23.64:  74.75499,-26.09734,272.5068
23.65:  74.75499,-26.09734,272.2053
23.67:  74.75499,-26.09734,272.0552
23.69:  74.75499,-26.09734,272.0546
23.7:  74.75499,-26.09734,272.0546
23.72:  74.75499,-26.09734,272.0546
23.74:  74.75499,-26.09734,272.0546
23.75:  74.75499,-26.09734,272.0546
23.77:  74.75499,-26.09734,272.0546
23.79:  74.75499,-26.09734,272.0546
23.8:  74.75499,-26.09734,272.0546
23.82:  74.75499,-26.09734,272.0546
23.84:  74.75499,-26.09734,272.0546
23.85:  74.75499,-26.09734,272.0546
23.87:  74.75499,-26.09734,272.0546
23.89:  74.75499,-26.09734,272.0546
23.9:  74.75499,-26.09734,272.0546
23.92:  74.75499,-26.09734,272.0546
23.94:  74.75499,-26.09734,272.0546
23.95:  74.75499,-26.09734,272.0546
23.97:  74.75499,-26.09734,272.0546
23.99:  74.75499,-26.09734,272.0546
24:  74.75499,-26.09734,272.0546
24.02:  74.74249,-26.09689,272.0546
24.04:  74.71718,-26.09598,272.0546
24.05:  74.68004,-26.09465,272.0546
24.07:  74.62999,-26.09285,272.0546
24.09:  74.56749,-26.09061,272.0546
24.1:  74.4929,-26.08793,272.0546
24.12:  74.40453,-26.08476,272.0546
24.14:  74.30508,-26.0812,272.0546
24.15:  74.19337,-26.07719,272.0546
24.17:  74.06727,-26.07267,272.0546
24.19:  73.93018,-26.06775,272.0546
24.2:  73.78024,-26.06237,272.0546
24.22:  73.61827,-26.05656,272.0546
24.24:  73.4433,-26.05028,272.0546
24.25:  73.25177,-26.04341,272.0546
24.27:  73.05409,-26.03632,272.0546
24.29:  72.84238,-26.02872,272.0546
24.3:  72.61851,-26.02069,272.0546
24.32:  72.38091,-26.01217,272.0546
24.34:  72.13049,-26.00319,272.0546
24.35:  71.88135,-25.99425,272.0546
24.37:  71.63061,-25.98525,272.0546
24.39:  71.38077,-25.97629,272.0546
24.4:  71.13374,-25.96743,272.0546
24.42:  70.88237,-25.95841,272.0546
24.44:  70.63197,-25.94942,272.0546
24.45:  70.38226,-25.94047,272.0546
24.47:  70.13074,-25.93144,272.0546
24.49:  69.88332,-25.92257,272.0546
24.5:  69.63191,-25.91355,272.0546
24.52:  69.37618,-25.90438,272.0546
24.54:  69.12751,-25.89545,272.0546
24.55:  68.88162,-25.88663,272.0546
24.57:  68.63124,-25.87765,272.0546
24.59:  68.38305,-25.86875,272.0546
24.6:  68.1257,-25.85951,272.0546
24.62:  67.88294,-25.85081,272.0546
24.64:  67.63297,-25.84184,272.0546
24.65:  67.38387,-25.8329,272.0546
24.67:  67.13441,-25.82395,272.0546
24.69:  66.88356,-25.81495,272.0546
24.7:  66.63554,-25.80606,272.0546
24.72:  66.38457,-25.79705,272.0546
24.74:  66.13661,-25.78816,272.0546
24.75:  65.8837,-25.77908,272.0546
24.77:  65.63573,-25.77019,272.0546
24.79:  65.3872,-25.76127,272.0546
24.8:  65.13548,-25.75224,272.0546
24.82:  64.88791,-25.74336,272.0546
24.84:  64.63509,-25.73429,272.0546
24.85:  64.38564,-25.72534,272.0546
24.87:  64.13623,-25.71639,272.0546
24.89:  63.88509,-25.70738,272.0546
24.9:  63.63526,-25.69842,272.0546
24.92:  63.3859,-25.68947,272.0546
24.94:  63.13562,-25.6805,272.0546
24.95:  62.88493,-25.6715,272.0546
24.97:  62.63888,-25.66268,272.0546
24.99:  62.38675,-25.65363,272.0546
25:  62.12905,-25.64439,272.0546
25.02:  61.88643,-25.63568,272.0546
25.04:  61.63707,-25.62674,272.0546
25.05:  61.38787,-25.6178,272.0546
25.07:  61.13694,-25.60879,272.0546
25.09:  60.8914,-25.59999,272.0546
25.1:  60.6265,-25.59048,272.0546
25.12:  60.38704,-25.58189,272.0546
25.14:  60.1385,-25.57298,272.0546
25.15:  59.88738,-25.56397,272.0546
25.17:  59.63778,-25.55501,272.0546
25.19:  59.37818,-25.5457,272.0546
25.2:  59.13502,-25.53698,272.0546
25.22:  58.8859,-25.52804,272.0546
25.24:  58.63942,-25.5192,272.0546
25.25:  58.38979,-25.51024,272.0546
25.27:  58.13874,-25.50123,272.0546
25.29:  57.88099,-25.49199,272.0546
25.3:  57.63997,-25.48334,272.0546
25.32:  57.3881,-25.47431,272.0546
25.34:  57.1409,-25.46544,272.0546
25.35:  56.89035,-25.45645,272.0546
25.37:  56.64346,-25.44759,272.0546
25.39:  56.38018,-25.43815,272.0546
25.4:  56.14179,-25.42959,272.0546
25.42:  55.88984,-25.42056,272.0546
25.44:  55.64351,-25.41172,272.0546
25.45:  55.39325,-25.40274,272.0546
25.47:  55.14138,-25.39371,272.0546
25.49:  54.88536,-25.38452,272.0546
25.5:  54.63991,-25.37572,272.0546
25.52:  54.39123,-25.36679,272.0546
25.54:  54.1417,-25.35784,272.0546
25.55:  53.89258,-25.3489,272.0546
25.57:  53.64233,-25.33993,272.0546
25.59:  53.38518,-25.3307,272.0546
25.6:  53.14089,-25.32194,272.0546
25.62:  52.89232,-25.31302,272.0546
25.64:  52.64284,-25.30407,272.0546
25.65:  52.39671,-25.29524,272.0546
25.67:  52.14295,-25.28614,272.0546
25.69:  51.89293,-25.27717,272.0546
25.7:  51.64508,-25.26828,272.0546
25.72:  51.39311,-25.25924,272.0546
25.74:  51.14577,-25.25036,272.0546
25.75:  50.8961,-25.24141,272.0546
25.77:  50.64442,-25.23238,272.0546
25.79:  50.39642,-25.22348,272.0546
25.8:  50.14534,-25.21447,272.0546
25.82:  49.89196,-25.20538,272.0546
25.84:  49.64405,-25.19649,272.0546
25.85:  49.39191,-25.18744,272.0546
25.87:  49.14481,-25.17858,272.0546
25.89:  48.89472,-25.16961,272.0546
25.9:  48.64526,-25.16066,272.0546
25.92:  48.39468,-25.15167,272.0546
25.94:  48.14326,-25.14265,272.0546
25.95:  47.89537,-25.13376,272.0546
25.97:  47.64413,-25.12474,272.0546
25.99:  47.39692,-25.11588,272.0546
26:  47.14654,-25.10689,272.0546
26.02:  46.89625,-25.09791,272.0546
26.04:  46.64474,-25.08889,272.0546
26.05:  46.39506,-25.07993,272.0546
26.07:  46.14687,-25.07103,272.0546
26.09:  45.89703,-25.06207,272.0546
26.1:  45.64927,-25.05318,272.0546
26.12:  45.3987,-25.04419,272.0546
26.14:  45.14614,-25.03513,272.0546
26.15:  44.89741,-25.02621,272.0546
26.17:  44.651,-25.01736,272.0546
26.19:  44.39634,-25.00823,272.0546
26.2:  44.1479,-24.99932,272.0546
26.22:  43.89502,-24.99025,272.0546
26.24:  43.64883,-24.98141,272.0546
26.25:  43.40181,-24.97255,272.0546
26.27:  43.14906,-24.96348,272.0546
26.29:  42.89804,-24.95448,272.0546
26.3:  42.65073,-24.94561,272.0546
26.32:  42.39865,-24.93656,272.0546
26.34:  42.14907,-24.92761,272.0546
26.35:  41.90296,-24.91878,272.0546
26.37:  41.65044,-24.90972,272.0546
26.39:  41.39999,-24.90074,272.0546
26.4:  41.15172,-24.89183,272.0546
26.42:  40.90176,-24.88286,272.0546
26.44:  40.65089,-24.87386,272.0546
26.45:  40.40432,-24.86502,272.0546
26.47:  40.15166,-24.85595,272.0546
26.49:  39.90182,-24.84699,272.0546
26.5:  39.65526,-24.83814,272.0546
26.52:  39.40097,-24.82902,272.0546
26.54:  39.15139,-24.82007,272.0546
26.55:  38.90416,-24.8112,272.0546
26.57:  38.65269,-24.80218,272.0546
26.59:  38.40424,-24.79326,272.0546
26.6:  38.15515,-24.78433,272.0546
26.62:  37.90231,-24.77526,272.0546
26.64:  37.64276,-24.76595,272.0546
26.65:  37.40524,-24.75743,272.0546
26.67:  37.1536,-24.7484,272.0546
26.69:  36.90282,-24.7394,272.0546
26.7:  36.65536,-24.73052,272.0546
26.72:  36.40374,-24.7215,272.0546
26.74:  36.15747,-24.71266,272.0546
26.75:  35.90758,-24.7037,272.0546
26.77:  35.65479,-24.69463,272.0546
26.79:  35.40409,-24.68563,272.0546
26.8:  35.15634,-24.67675,272.0546
26.82:  34.90753,-24.66782,272.0546
26.84:  34.6553,-24.65877,272.0546
26.85:  34.4044,-24.64977,272.0546
26.87:  34.15599,-24.64086,272.0546
26.89:  33.89639,-24.63155,272.0546
26.9:  33.6501,-24.62271,272.0546
26.92:  33.39936,-24.61372,272.0546
26.94:  33.15534,-24.60496,272.0546
26.95:  32.90568,-24.59601,272.0546
26.97:  32.65027,-24.58684,272.0546
26.99:  32.40565,-24.57807,272.0546
27:  32.1563,-24.56912,272.0546
27.02:  31.90565,-24.56013,272.0546
27.04:  31.65636,-24.55119,272.0546
27.05:  31.40714,-24.54225,272.0546
27.07:  31.15876,-24.53333,272.0546
27.09:  30.9069,-24.5243,272.0546
27.1:  30.65831,-24.51538,272.0546
27.12:  30.40906,-24.50644,272.0546
27.14:  30.15924,-24.49748,272.0546
27.15:  29.90781,-24.48846,272.0546
27.17:  29.65963,-24.47956,272.0546
27.19:  29.40799,-24.47053,272.0546
27.2:  29.15257,-24.46136,272.0546
27.22:  28.90344,-24.45243,272.0546
27.24:  28.65986,-24.44369,272.0546
27.25:  28.40281,-24.43447,272.0546
27.27:  28.15842,-24.4257,272.0546
27.29:  27.91106,-24.41682,272.0546
27.3:  27.65964,-24.4078,272.0546
27.32:  27.4102,-24.39886,272.0546
27.34:  27.15861,-24.38983,272.0546
27.35:  26.90903,-24.38088,272.0546
27.37:  26.66282,-24.37204,272.0546
27.39:  26.40913,-24.36294,272.0546
27.4:  26.16113,-24.35405,272.0546
27.42:  25.90982,-24.34503,272.0546
27.44:  25.66281,-24.33617,272.0546
27.45:  25.41351,-24.32723,272.0546
27.47:  25.1633,-24.31825,272.0546
27.49:  24.91225,-24.30924,272.0546
27.5:  24.65142,-24.29989,272.0546
27.52:  24.40712,-24.29112,272.0546
27.54:  24.15971,-24.28225,272.0546
27.55:  23.91282,-24.27339,272.0546
27.57:  23.6648,-24.26449,272.0546
27.59:  23.4114,-24.2554,272.0546
27.6:  23.16455,-24.24655,272.0546
27.62:  22.9153,-24.2376,272.0546
27.64:  22.66337,-24.22857,272.0546
27.65:  22.41301,-24.21958,272.0546
27.67:  22.16349,-24.21063,272.0546
27.69:  21.9128,-24.20164,272.0546
27.7:  21.66247,-24.19266,272.0546
27.72:  21.41562,-24.1838,272.0546
27.74:  21.16177,-24.1747,272.0546
27.75:  20.91619,-24.16589,272.0546
27.77:  20.66811,-24.15699,272.0546
27.79:  20.41227,-24.14781,272.0546
27.8:  20.16409,-24.1389,272.0546
27.82:  19.91363,-24.12992,272.0546
27.84:  19.66348,-24.12094,272.0546
27.85:  19.41409,-24.112,272.0546
27.87:  19.1661,-24.1031,272.0546
27.89:  18.91326,-24.09403,272.0546
27.9:  18.66547,-24.08514,272.0546
27.92:  18.41677,-24.07622,272.0546
27.94:  18.16509,-24.06719,272.0546
27.95:  17.91408,-24.05819,272.0546
27.97:  17.66499,-24.04925,272.0546
27.99:  17.41496,-24.04028,272.0546
28:  17.16658,-24.03137,272.0546
28.02:  16.91899,-24.02249,272.0546
28.04:  16.6685,-24.0135,272.0546
28.05:  16.4098,-24.00422,272.0546
28.07:  16.16345,-23.99538,272.0546
28.09:  15.9188,-23.98661,272.0546
28.1:  15.66902,-23.97765,272.0546
28.12:  15.41619,-23.96857,272.0546
28.14:  15.16639,-23.95961,272.0546
28.15:  14.91653,-23.95065,272.0546
28.17:  14.66645,-23.94168,272.0546
28.19:  14.4172,-23.93274,272.0546
28.2:  14.16819,-23.9238,272.0546
28.22:  13.91784,-23.91482,272.0546
28.24:  13.66799,-23.90586,272.0546
28.25:  13.41851,-23.89691,272.0546
28.27:  13.16844,-23.88794,272.0546
28.29:  12.91742,-23.87893,272.0546
28.3:  12.6691,-23.87002,272.0546
28.32:  12.41782,-23.86101,272.0546
28.34:  12.17242,-23.85221,272.0546
28.35:  11.91905,-23.84312,272.0546
28.37:  11.67038,-23.83419,272.0546
28.39:  11.41921,-23.82518,272.0546
28.4:  11.17007,-23.81625,272.0546
28.42:  10.91961,-23.80726,272.0546
28.44:  10.67047,-23.79832,272.0546
28.45:  10.4208,-23.78937,272.0546
28.47:  10.16503,-23.78019,272.0546
28.49:  9.922204,-23.77148,272.0546
28.5:  9.670316,-23.76244,272.0546
28.52:  9.420115,-23.75347,272.0546
28.54:  9.170507,-23.74451,272.0546
28.55:  8.920852,-23.73556,272.0546
28.57:  8.670817,-23.72659,272.0546
28.59:  8.421757,-23.71765,272.0546
28.6:  8.166535,-23.7085,272.0546
28.62:  7.918825,-23.69961,272.0546
28.64:  7.669569,-23.69067,272.0546
28.65:  7.415586,-23.68155,272.0546
28.67:  7.170933,-23.67278,272.0546
28.69:  6.924214,-23.66393,272.0546
28.7:  6.672949,-23.65491,272.0546
28.72:  6.423259,-23.64596,272.0546
28.75:  6.172556,-23.63696,272.0546
28.77:  5.917684,-23.62782,272.0546
28.79:  5.66566,-23.61878,272.0546
28.8:  5.415709,-23.60981,272.0546
28.82:  5.175445,-23.60119,272.0546
28.84:  4.922951,-23.59213,272.0546
28.85:  4.673721,-23.58319,272.0546
28.87:  4.423889,-23.57423,272.0546
28.89:  4.174593,-23.56529,272.0546
28.9:  3.925477,-23.55635,272.0546
28.92:  3.669335,-23.54716,272.0546
28.94:  3.420662,-23.53824,272.0546
28.95:  3.172901,-23.52935,272.0546
28.97:  2.92592,-23.52049,272.0546
28.99:  2.669975,-23.51131,272.0546
29:  2.421448,-23.50239,272.0546
29.02:  2.176462,-23.4936,272.0546
29.04:  1.924174,-23.48455,272.0546
29.05:  1.675561,-23.47563,272.0546
29.07:  1.424992,-23.46664,272.0546
29.09:  1.179047,-23.45782,272.0546
29.1:  0.9282929,-23.44883,272.0546
29.12:  0.6723205,-23.43964,272.0546
29.14:  0.4394365,-23.43129,272.0546
29.15:  0.2134684,-23.42318,272.0546
29.17:  0.00215663,-23.4156,272.0546
29.19:  -0.1972016,-23.40845,272.0546
29.2:  -0.3866,-23.40166,272.0546
29.22:  -0.5605758,-23.39541,272.0546
29.24:  -0.7238469,-23.38955,272.0546
29.25:  -0.8746031,-23.38415,272.0546
29.27:  -1.013579,-23.37916,272.0546
29.29:  -1.137274,-23.37472,272.0546
29.3:  -1.250156,-23.37067,272.0546
29.32:  -1.349627,-23.36711,272.0546
29.34:  -1.438118,-23.36393,272.0546
29.35:  -1.512461,-23.36127,272.0546
29.37:  -1.575185,-23.35901,272.0546
29.39:  -1.625719,-23.3572,272.0546
29.4:  -1.663271,-23.35585,272.0546
29.42:  -1.688298,-23.35496,272.0546
29.44:  -1.701142,-23.3545,272.0546
29.45:  -1.701142,-23.3545,272.0546
29.47:  -1.701142,-23.3545,270.5546
29.49:  -1.701142,-23.3545,269.0546
29.5:  -1.701142,-23.3545,267.5546
29.52:  -1.701142,-23.3545,266.0546
29.54:  -1.701142,-23.3545,264.5546
29.55:  -1.701142,-23.3545,263.0546
29.57:  -1.701142,-23.3545,261.5546
29.59:  -1.701142,-23.3545,260.0546
29.6:  -1.701142,-23.3545,258.5546
29.62:  -1.701142,-23.3545,257.0546
29.64:  -1.701142,-23.3545,255.5546
29.65:  -1.701142,-23.3545,254.0546
29.67:  -1.701142,-23.3545,252.5546
29.69:  -1.701142,-23.3545,251.0546
29.7:  -1.701142,-23.3545,249.5546
29.72:  -1.701142,-23.3545,248.0546
29.74:  -1.701142,-23.3545,246.5546
29.75:  -1.701142,-23.3545,245.0546
29.77:  -1.701142,-23.3545,243.5546
29.79:  -1.701142,-23.3545,242.0546
29.8:  -1.701142,-23.3545,240.5546
29.82:  -1.701142,-23.3545,239.0546
29.84:  -1.701142,-23.3545,237.5546
29.85:  -1.701142,-23.3545,236.0546
29.87:  -1.701142,-23.3545,234.7048
29.89:  -1.701142,-23.3545,233.5053
29.9:  -1.701142,-23.3545,232.4546
29.92:  -1.701142,-23.3545,231.5542
29.94:  -1.701142,-23.3545,230.8042
29.95:  -1.701142,-23.3545,230.2044
29.97:  -1.701142,-23.3545,229.7545
29.99:  -1.701142,-23.3545,228.2545
30:  -1.701142,-23.3545,226.7545
30.02:  -1.701142,-23.3545,225.2545
30.04:  -1.701142,-23.3545,223.7545
30.05:  -1.701142,-23.3545,222.2545
30.07:  -1.701142,-23.3545,220.7545
30.09:  -1.701142,-23.3545,219.2545
30.1:  -1.701142,-23.3545,217.903
30.12:  -1.701142,-23.3545,216.705
30.14:  -1.701142,-23.3545,215.658
30.15:  -1.701142,-23.3545,214.7586
30.17:  -1.701142,-23.3545,214.008
30.19:  -1.701142,-23.3545,213.4079
30.2:  -1.701142,-23.3545,212.9577
30.22:  -1.701142,-23.3545,212.655
30.24:  -1.701142,-23.3545,212.5044
30.25:  -1.701142,-23.3545,212.5041
30.27:  -1.701142,-23.3545,212.5041
30.29:  -1.701142,-23.3545,212.5041
30.3:  -1.701142,-23.3545,212.5041
30.32:  -1.701142,-23.3545,212.5041
30.34:  -1.701142,-23.3545,212.5041
30.35:  -1.701142,-23.3545,211.0041
30.37:  -1.701142,-23.3545,209.5041
30.39:  -1.701142,-23.3545,208.0041
30.4:  -1.701142,-23.3545,206.5041
30.42:  -1.701142,-23.3545,205.0041
30.44:  -1.701142,-23.3545,203.5041
30.45:  -1.701142,-23.3545,202.0041
30.47:  -1.701142,-23.3545,200.5041
30.49:  -1.701142,-23.3545,199.0041
30.5:  -1.701142,-23.3545,197.5041
30.52:  -1.701142,-23.3545,196.0041
30.54:  -1.701142,-23.3545,194.5041
30.55:  -1.701142,-23.3545,193.0041
30.57:  -1.701142,-23.3545,191.5041
30.59:  -1.701142,-23.3545,190.0041
30.6:  -1.701142,-23.3545,188.5041
30.62:  -1.701142,-23.3545,187.0041
30.64:  -1.701142,-23.3545,185.5041
30.65:  -1.701142,-23.3545,184.0041
30.67:  -1.701142,-23.3545,182.5041
30.69:  -1.701142,-23.3545,181.0041
30.7:  -1.701142,-23.3545,179.6554
30.72:  -1.701142,-23.3545,178.455
30.74:  -1.701142,-23.3545,177.404
30.75:  -1.701142,-23.3545,176.5033
30.77:  -1.701142,-23.3545,175.7568
30.79:  -1.701142,-23.3545,175.1576
30.8:  -1.701142,-23.3545,174.7089
30.82:  -1.701142,-23.3545,174.4099
30.84:  -1.701142,-23.3545,174.2611
30.85:  -1.701142,-23.3545,174.2611
30.87:  -1.701142,-23.3545,174.2611
30.89:  -1.701142,-23.3545,174.2611
30.9:  -1.701142,-23.3545,174.2611
30.92:  -1.701142,-23.3545,174.2611
30.94:  -1.701142,-23.3545,174.2611
30.95:  -1.701142,-23.3545,174.2611
30.97:  -1.701142,-23.3545,174.2611
30.99:  -1.701142,-23.3545,174.2611
31:  -1.701142,-23.3545,174.2611
31.02:  -1.701142,-23.3545,174.2611
31.04:  -1.701142,-23.3545,174.2611
31.05:  -1.701142,-23.3545,174.2611
31.07:  -1.701142,-23.3545,174.2611
31.09:  -1.701142,-23.3545,174.2611
31.1:  -1.701142,-23.3545,174.2611
31.12:  -1.701142,-23.3545,174.2611
31.14:  -1.701142,-23.3545,174.2611
31.15:  -1.701142,-23.3545,174.2611
31.17:  -1.701142,-23.3545,174.2611
31.19:  -1.701142,-23.3545,174.2611
31.2:  -1.701142,-23.3545,174.2611
31.22:  -1.701142,-23.3545,174.2611
31.24:  -1.701142,-23.3545,172.7611
31.25:  -1.701142,-23.3545,171.2611
31.27:  -1.701142,-23.3545,169.7611
31.29:  -1.701142,-23.3545,168.2611
31.3:  -1.701142,-23.3545,166.7611
31.32:  -1.701142,-23.3545,165.2611
31.34:  -1.701142,-23.3545,163.7611
31.35:  -1.701142,-23.3545,162.2611
31.37:  -1.701142,-23.3545,160.7611
31.39:  -1.701142,-23.3545,159.2611
31.4:  -1.701142,-23.3545,157.7611
31.42:  -1.701142,-23.3545,156.2611
31.44:  -1.701142,-23.3545,154.7611
31.45:  -1.701142,-23.3545,153.2611
31.47:  -1.701142,-23.3545,151.7611
31.49:  -1.701142,-23.3545,150.2611
31.5:  -1.701142,-23.3545,148.7611
31.52:  -1.701142,-23.3545,147.2611
31.54:  -1.701142,-23.3545,145.9136
31.55:  -1.701142,-23.3545,144.7148
31.57:  -1.701142,-23.3545,143.6654
31.59:  -1.701142,-23.3545,142.7661
31.6:  -1.701142,-23.3545,142.0159
31.62:  -1.701142,-23.3545,141.4165
31.64:  -1.701142,-23.3545,140.9713
31.65:  -1.701142,-23.3545,139.4713
31.67:  -1.701142,-23.3545,137.9713
31.69:  -1.701142,-23.3545,136.4713
31.7:  -1.701142,-23.3545,134.9713
31.72:  -1.701142,-23.3545,133.4713
31.74:  -1.701142,-23.3545,131.9713
31.75:  -1.701142,-23.3545,130.4713
31.77:  -1.701142,-23.3545,128.9713
31.79:  -1.701142,-23.3545,127.6226
31.8:  -1.701142,-23.3545,126.4229
31.82:  -1.701142,-23.3545,125.3706
31.84:  -1.701142,-23.3545,124.4715
31.85:  -1.701142,-23.3545,123.7201
31.87:  -1.701142,-23.3545,123.12
31.89:  -1.701142,-23.3545,121.62
31.9:  -1.701142,-23.3545,120.12
31.92:  -1.701142,-23.3545,118.62
31.94:  -1.701142,-23.3545,117.12
31.95:  -1.701142,-23.3545,115.62
31.97:  -1.701142,-23.3545,114.269
31.99:  -1.701142,-23.3545,113.0711
32:  -1.701142,-23.3545,112.0211
32.02:  -1.701142,-23.3545,111.1201
32.04:  -1.701142,-23.3545,110.3708
32.05:  -1.701142,-23.3545,109.7753
32.07:  -1.701142,-23.3545,109.3276
32.09:  -1.701142,-23.3545,109.0285
32.1:  -1.701142,-23.3545,108.8783
32.12:  -1.701142,-23.3545,108.8779
32.14:  -1.701142,-23.3545,108.8779
32.15:  -1.701142,-23.3545,108.8779
32.17:  -1.701142,-23.3545,108.8779
32.19:  -1.701142,-23.3545,108.8779
32.2:  -1.701142,-23.3545,108.8779
32.22:  -1.701142,-23.3545,108.8779
32.24:  -1.701142,-23.3545,108.8779
32.25:  -1.701142,-23.3545,108.8779
32.27:  -1.701142,-23.3545,108.8779
32.29:  -1.701142,-23.3545,108.8779
32.3:  -1.701142,-23.3545,108.8779
32.32:  -1.701142,-23.3545,108.8779
32.34:  -1.701142,-23.3545,108.8779
32.35:  -1.701142,-23.3545,108.8779
32.37:  -1.701142,-23.3545,108.8779
32.39:  -1.701142,-23.3545,108.8779
32.4:  -1.701142,-23.3545,107.3779
32.42:  -1.701142,-23.3545,105.8779
32.44:  -1.701142,-23.3545,104.3779
32.45:  -1.701142,-23.3545,102.8779
32.47:  -1.701142,-23.3545,101.3779
32.49:  -1.701142,-23.3545,99.87786
32.5:  -1.701142,-23.3545,98.37786
32.52:  -1.701142,-23.3545,96.87787
32.54:  -1.701142,-23.3545,95.37787
32.55:  -1.701142,-23.3545,93.87787
32.57:  -1.701142,-23.3545,92.52795
32.59:  -1.701142,-23.3545,91.32667
32.6:  -1.701142,-23.3545,90.27639
32.62:  -1.701142,-23.3545,89.37486
32.64:  -1.701142,-23.3545,88.62553
32.65:  -1.701142,-23.3545,88.0255
32.67:  -1.701142,-23.3545,87.57496
32.69:  -1.701142,-23.3545,87.27316
32.7:  -1.701142,-23.3545,87.12364
32.72:  -1.701142,-23.3545,87.12364
32.74:  -1.701142,-23.3545,87.12364
32.75:  -1.701142,-23.3545,87.12364
32.77:  -1.701142,-23.3545,87.12364
32.79:  -1.701142,-23.3545,87.12364
32.8:  -1.701142,-23.3545,87.12364
32.82:  -1.701142,-23.3545,87.12364
32.84:  -1.701142,-23.3545,87.12364
32.85:  -1.701142,-23.3545,87.12364
32.87:  -1.701142,-23.3545,87.12364
32.89:  -1.701142,-23.3545,87.12364
32.9:  -1.701142,-23.3545,87.12364
32.92:  -1.701142,-23.3545,87.12364
32.94:  -1.701142,-23.3545,87.12364
32.95:  -1.701142,-23.3545,87.12364
32.97:  -1.701142,-23.3545,87.12364
32.99:  -1.701142,-23.3545,87.12364
33:  -1.701142,-23.3545,87.12364
33.02:  -1.701142,-23.3545,87.12364
33.04:  -1.701142,-23.3545,87.12364
33.05:  -1.701142,-23.3545,87.12364
33.07:  -1.701142,-23.3545,87.12364
33.09:  -1.688584,-23.35386,87.12364
33.1:  -1.663557,-23.35261,87.12364
33.12:  -1.626333,-23.35074,87.12364
33.14:  -1.576292,-23.34822,87.12364
33.15:  -1.514575,-23.34512,87.12364
33.17:  -1.439108,-23.34133,87.12364
33.19:  -1.35125,-23.33692,87.12364
33.2:  -1.251436,-23.3319,87.12364
33.22:  -1.139465,-23.32627,87.12364
33.24:  -1.014725,-23.32001,87.12364
33.25:  -0.8768712,-23.31308,87.12364
33.27:  -0.7280184,-23.3056,87.12364
33.29:  -0.564005,-23.29736,87.12364
33.3:  -0.3913458,-23.28869,87.12364
33.32:  -0.2030624,-23.27923,87.12364
33.34:  -0.002828345,-23.26917,87.12364
33.35:  0.2099232,-23.25848,87.12364
33.37:  0.4324319,-23.2473,87.12364
33.39:  0.6717992,-23.23527,87.12364
33.4:  0.9210294,-23.22275,87.12364
33.42:  1.168561,-23.21031,87.12364
33.44:  1.420997,-23.19763,87.12364
33.45:  1.670374,-23.1851,87.12364
33.47:  1.919896,-23.17256,87.12364
33.49:  2.169369,-23.16002,87.12364
33.5:  2.419311,-23.14747,87.12364
33.52:  2.667804,-23.13498,87.12364
33.54:  2.9192,-23.12235,87.12364
33.55:  3.167362,-23.10988,87.12364
33.57:  3.417226,-23.09733,87.12364
33.59:  3.66521,-23.08487,87.12364
33.6:  3.917948,-23.07217,87.12364
33.62:  4.164876,-23.05976,87.12364
33.64:  4.416407,-23.04712,87.12364
33.65:  4.66608,-23.03458,87.12364
33.67:  4.916068,-23.02202,87.12364
33.69:  5.166402,-23.00944,87.12364
33.7:  5.416332,-22.99689,87.12364
33.72:  5.662513,-22.98452,87.12364
33.74:  5.914928,-22.97183,87.12364
33.75:  6.164364,-22.9593,87.12364
33.77:  6.419917,-22.94646,87.12364
33.79:  6.665051,-22.93414,87.12364
33.8:  6.911338,-22.92177,87.12364
33.82:  7.162679,-22.90914,87.12364
33.84:  7.412738,-22.89658,87.12364
33.85:  7.661006,-22.8841,87.12364
33.87:  7.911889,-22.8715,87.12364
33.89:  8.160416,-22.85901,87.12364
33.9:  8.411209,-22.84641,87.12364
33.92:  8.670699,-22.83337,87.12364
33.94:  8.919982,-22.82085,87.12364
33.95:  9.163694,-22.8086,87.12364
33.97:  9.414126,-22.79602,87.12364
33.99:  9.665651,-22.78338,87.12364
34:  9.908218,-22.77119,87.12364
34.02:  10.1656,-22.75826,87.12364
34.04:  10.41062,-22.74595,87.12364
34.05:  10.65862,-22.73349,87.12364
34.07:  10.91774,-22.72047,87.12364
34.09:  11.15775,-22.70841,87.12364
34.1:  11.40563,-22.69596,87.12364
34.12:  11.65681,-22.68334,87.12364
34.14:  11.90649,-22.67079,87.12364
34.15:  12.1571,-22.6582,87.12364
34.17:  12.40588,-22.6457,87.12364
34.19:  12.65712,-22.63308,87.12364
34.2:  12.90542,-22.6206,87.12364
34.22:  13.15452,-22.60809,87.12364
34.24:  13.40276,-22.59561,87.12364
34.25:  13.65523,-22.58293,87.12364
34.27:  13.9031,-22.57047,87.12364
34.29:  14.15359,-22.55789,87.12364
34.3:  14.40322,-22.54535,87.12364
34.32:  14.65175,-22.53286,87.12364
34.34:  14.90334,-22.52022,87.12364
34.35:  15.15452,-22.5076,87.12364
34.37:  15.40056,-22.49524,87.12364
34.39:  15.65411,-22.4825,87.12364
34.4:  15.90307,-22.46999,87.12364
34.42:  16.15115,-22.45752,87.12364
34.44:  16.40177,-22.44493,87.12364
34.45:  16.65237,-22.43234,87.12364
34.47:  16.8994,-22.41993,87.12364
34.49:  17.14618,-22.40753,87.12364
34.5:  17.40121,-22.39471,87.12364
34.52:  17.64854,-22.38229,87.12364
34.54:  17.90057,-22.36963,87.12364
34.55:  18.14913,-22.35714,87.12364
34.57:  18.39884,-22.34459,87.12364
34.59:  18.64861,-22.33204,87.12364
34.6:  18.8991,-22.31946,87.12364
34.62:  19.14685,-22.30701,87.12364
34.64:  19.39848,-22.29436,87.12364
34.65:  19.6449,-22.28198,87.12364
34.67:  19.89668,-22.26933,87.12364
34.69:  20.14745,-22.25673,87.12364
34.7:  20.39709,-22.24419,87.12364
34.72:  20.64352,-22.23181,87.12364
34.74:  20.89568,-22.21914,87.12364
34.75:  21.14607,-22.20656,87.12364
34.77:  21.39232,-22.19419,87.12364
34.79:  21.6445,-22.18151,87.12364
34.8:  21.89477,-22.16894,87.12364
34.82:  22.14141,-22.15655,87.12364
34.84:  22.39386,-22.14386,87.12364
34.85:  22.64237,-22.13138,87.12364
34.87:  22.89776,-22.11855,87.12364
34.89:  23.14327,-22.10621,87.12364
34.9:  23.39258,-22.09369,87.12364
34.92:  23.63794,-22.08136,87.12364
34.94:  23.89223,-22.06858,87.12364
34.95:  24.14149,-22.05606,87.12364
34.97:  24.39019,-22.04356,87.12364
34.99:  24.6427,-22.03087,87.12364
35:  24.89181,-22.01836,87.12364
35.02:  25.1378,-22.006,87.12364
35.04:  25.39138,-21.99326,87.12364
35.05:  25.64014,-21.98076,87.12364
35.07:  25.88829,-21.96829,87.12364
35.09:  26.13938,-21.95567,87.12364
35.1:  26.39005,-21.94308,87.12364
35.12:  26.63686,-21.93068,87.12364
35.14:  26.88875,-21.91802,87.12364
35.15:  27.13774,-21.90551,87.12364
35.17:  27.38701,-21.89299,87.12364
35.19:  27.63904,-21.88033,87.12364
35.2:  27.88731,-21.86785,87.12364
35.22:  28.13577,-21.85537,87.12364
35.24:  28.39273,-21.84246,87.12364
35.25:  28.63593,-21.83024,87.12364
35.27:  28.88512,-21.81772,87.12364
35.29:  29.13228,-21.8053,87.12364
35.3:  29.39441,-21.79213,87.12364
35.32:  29.64218,-21.77968,87.12364
35.34:  29.8902,-21.76722,87.12364
35.35:  30.13741,-21.7548,87.12364
35.37:  30.38278,-21.74247,87.12364
35.39:  30.63452,-21.72982,87.12364
35.4:  30.88248,-21.71736,87.12364
35.42:  31.13253,-21.7048,87.12364
35.44:  31.38255,-21.69224,87.12364
35.45:  31.63253,-21.67968,87.12364
35.47:  31.88111,-21.66719,87.12364
35.49:  32.12902,-21.65473,87.12364
35.5:  32.3806,-21.64209,87.12364
35.52:  32.63016,-21.62955,87.12364
35.54:  32.88121,-21.61694,87.12364
35.55:  33.13105,-21.60438,87.12364
35.57:  33.37755,-21.592,87.12364
35.59:  33.63109,-21.57926,87.12364
35.6:  33.87915,-21.5668,87.12364
35.62:  34.1288,-21.55425,87.12364
35.64:  34.37948,-21.54166,87.12364
35.65:  34.62868,-21.52914,87.12364
35.67:  34.88649,-21.51618,87.12364
35.69:  35.12854,-21.50402,87.12364
35.7:  35.37755,-21.49151,87.12364
35.72:  35.62614,-21.47902,87.12364
35.74:  35.87383,-21.46658,87.12364
35.75:  36.12606,-21.4539,87.12364
35.77:  36.37544,-21.44137,87.12364
35.79:  36.63187,-21.42849,87.12364
35.8:  36.8797,-21.41604,87.12364
35.82:  37.12618,-21.40365,87.12364
35.84:  37.37787,-21.39101,87.12364
35.85:  37.6256,-21.37856,87.12364
35.87:  37.87042,-21.36626,87.12364
35.89:  38.12419,-21.35351,87.12364
35.9:  38.37063,-21.34113,87.12364
35.94:  38.62076,-21.32856,87.12364
35.95:  38.87371,-21.31585,87.12364
35.97:  39.12358,-21.3033,87.12364
35.99:  39.37853,-21.29049,87.12364
36:  39.62855,-21.27792,87.12364
36.02:  39.87239,-21.26567,87.12364
36.04:  40.12149,-21.25315,87.12364
36.05:  40.36878,-21.24073,87.12364
36.07:  40.62295,-21.22796,87.12364
36.09:  40.86951,-21.21557,87.12364
36.1:  41.12037,-21.20297,87.12364
36.12:  41.37063,-21.19039,87.12364
36.14:  41.62838,-21.17744,87.12364
36.15:  41.8805,-21.16478,87.12364
36.17:  42.11964,-21.15276,87.12364
36.19:  42.3695,-21.14021,87.12364
36.2:  42.61946,-21.12765,87.12364
36.22:  42.86656,-21.11523,87.12364
36.24:  43.1158,-21.10271,87.12364
36.25:  43.36887,-21.08999,87.12364
36.27:  43.6231,-21.07722,87.12364
36.29:  43.8664,-21.065,87.12364
36.3:  44.11671,-21.05242,87.12364
36.32:  44.36617,-21.03989,87.12364
36.34:  44.60352,-21.02796,87.12364
36.35:  44.82576,-21.01679,87.12364
36.37:  45.04048,-21.00601,87.12364
36.39:  45.23901,-20.99603,87.12364
36.4:  45.42714,-20.98658,87.12364
36.42:  45.60242,-20.97777,87.12364
36.44:  45.76411,-20.96965,87.12364
36.45:  45.914,-20.96212,87.12364
36.47:  46.05164,-20.9552,87.12364
36.49:  46.17553,-20.94898,87.12364
36.5:  46.28897,-20.94328,87.12364
36.52:  46.38844,-20.93828,87.12364
36.54:  46.47559,-20.9339,87.12364
36.55:  46.55009,-20.93016,87.12364
36.57:  46.61359,-20.92697,87.12364
36.59:  46.66289,-20.92449,87.12364
36.6:  46.70071,-20.92259,87.12364
36.62:  46.7257,-20.92133,87.12364
36.64:  46.73817,-20.92071,87.12364
36.65:  46.73817,-20.92071,87.12364
36.67:  46.73817,-20.92071,87.12364
36.69:  46.73817,-20.92071,87.12364
36.7:  46.73817,-20.92071,87.12364
36.72:  46.73817,-20.92071,87.12364
36.74:  46.73817,-20.92071,87.12364
36.75:  46.73817,-20.92071,87.12364
36.77:  46.73817,-20.92071,87.12364
36.79:  46.73817,-20.92071,87.12364
36.8:  46.73817,-20.92071,87.12364
36.82:  46.73817,-20.92071,87.12364
36.84:  46.73817,-20.92071,87.12364
36.85:  46.73817,-20.92071,87.12364
36.87:  46.73817,-20.92071,87.12364
36.89:  46.73817,-20.92071,87.12364
36.9:  46.73817,-20.92071,87.12364
36.92:  46.73817,-20.92071,87.12364
36.94:  46.73817,-20.92071,87.12364
36.95:  46.73817,-20.92071,87.12364
36.97:  46.73817,-20.92071,87.12364
36.99:  46.73817,-20.92071,87.12364
37:  46.73817,-20.92071,87.12364
37.02:  46.73817,-20.92071,87.12364
37.04:  46.73817,-20.92071,87.12364
37.05:  46.73817,-20.92071,87.12364
37.07:  46.73817,-20.92071,87.12364
37.09:  46.73817,-20.92071,87.12364
37.1:  46.73817,-20.92071,87.12364
37.12:  46.73817,-20.92071,87.12364
37.14:  46.75055,-20.92009,87.12364
37.15:  46.77555,-20.91883,87.12364
37.17:  46.81434,-20.91688,87.12364
37.19:  46.86271,-20.91445,87.12364
37.2:  46.92481,-20.91133,87.12364
37.22:  47.00028,-20.90754,87.12364
37.24:  47.08707,-20.90318,87.12364
37.25:  47.18796,-20.89811,87.12364
37.27:  47.29971,-20.89249,87.12364
37.29:  47.42365,-20.88626,87.12364
37.3:  47.56223,-20.8793,87.12364
37.32:  47.71236,-20.87176,87.12364
37.34:  47.87311,-20.86368,87.12364
37.35:  48.0483,-20.85488,87.12364
37.37:  48.23669,-20.84542,87.12364
37.39:  48.43431,-20.83549,87.12364
37.4:  48.6483,-20.82473,87.12364
37.42:  48.86973,-20.81361,87.12364
37.44:  49.10913,-20.80158,87.12364
37.45:  49.3611,-20.78892,87.12364
37.47:  49.60953,-20.77644,87.12364
37.49:  49.85956,-20.76388,87.12364
37.5:  50.10861,-20.75136,87.12364
37.52:  50.35846,-20.73881,87.12364
37.54:  50.61273,-20.72603,87.12364
37.55:  50.8604,-20.71359,87.12364
37.57:  51.1084,-20.70113,87.12364
37.59:  51.35643,-20.68867,87.12364
37.6:  51.60686,-20.67608,87.12364
37.62:  51.85636,-20.66355,87.12364
37.64:  52.10541,-20.65104,87.12364
37.65:  52.35248,-20.63862,87.12364
37.67:  52.6144,-20.62546,87.12364
37.69:  52.86155,-20.61304,87.12364
37.7:  53.1076,-20.60068,87.12364
37.72:  53.35593,-20.5882,87.12364
37.74:  53.60483,-20.5757,87.12364
37.75:  53.85548,-20.5631,87.12364
37.77:  54.1035,-20.55064,87.12364
37.79:  54.35195,-20.53816,87.12364
37.8:  54.60287,-20.52555,87.12364
37.82:  54.85278,-20.51299,87.12364
37.84:  55.10073,-20.50054,87.12364
37.85:  55.35262,-20.48788,87.12364
37.87:  55.59824,-20.47554,87.12364
37.89:  55.85107,-20.46284,87.12364
37.9:  56.10355,-20.45015,87.12364
37.92:  56.35036,-20.43775,87.12364
37.94:  56.60015,-20.4252,87.12364
37.95:  56.85079,-20.41261,87.12364
37.97:  57.10127,-20.40002,87.12364
37.99:  57.34851,-20.3876,87.12364
38:  57.60013,-20.37496,87.12364
38.02:  57.84641,-20.36258,87.12364
38.04:  58.09854,-20.34991,87.12364
38.05:  58.34908,-20.33733,87.12364
38.07:  58.59906,-20.32477,87.12364
38.09:  58.84647,-20.31234,87.12364
38.1:  59.10784,-20.2992,87.12364
38.12:  59.35135,-20.28697,87.12364
38.14:  59.59795,-20.27458,87.12364
38.15:  59.84642,-20.26209,87.12364
38.17:  60.09483,-20.24961,87.12364
38.19:  60.34582,-20.237,87.12364
38.2:  60.59561,-20.22445,87.12364
38.22:  60.84436,-20.21195,87.12364
38.24:  61.093,-20.19946,87.12364
38.25:  61.3471,-20.1867,87.12364
38.27:  61.59546,-20.17422,87.12364
38.29:  61.84249,-20.1618,87.12364
38.3:  62.09412,-20.14916,87.12364
38.32:  62.34353,-20.13663,87.12364
38.34:  62.59167,-20.12416,87.12364
38.35:  62.84288,-20.11154,87.12364
38.37:  63.0891,-20.09917,87.12364
38.39:  63.3417,-20.08648,87.12364
38.4:  63.59085,-20.07396,87.12364
38.42:  63.8485,-20.06101,87.12364
38.44:  64.09776,-20.04849,87.12364
38.45:  64.34416,-20.03611,87.12364
38.47:  64.59445,-20.02353,87.12364
38.49:  64.84117,-20.01114,87.12364
38.5:  65.09196,-19.99854,87.12364
38.52:  65.33983,-19.98608,87.12364
38.54:  65.58763,-19.97363,87.12364
38.55:  65.83828,-19.96104,87.12364
38.57:  66.08928,-19.94843,87.12364
38.59:  66.33658,-19.936,87.12364
38.6:  66.5894,-19.9233,87.12364
38.62:  66.83851,-19.91078,87.12364
38.64:  67.08698,-19.8983,87.12364
38.65:  67.34754,-19.88521,87.12364
38.67:  67.58479,-19.87329,87.12364
38.69:  67.84513,-19.86021,87.12364
38.7:  68.08968,-19.84792,87.12364
38.72:  68.33983,-19.83535,87.12364
38.74:  68.58871,-19.82285,87.12364
38.75:  68.8231,-19.81107,87.12364
38.77:  69.04848,-19.79975,87.12364
38.79:  69.25706,-19.78926,87.12364
38.8:  69.46009,-19.77906,87.12364
38.82:  69.64576,-19.76974,87.12364
38.84:  69.82661,-19.76065,87.12364
38.85:  69.98397,-19.75274,87.12364
38.87:  70.13359,-19.74523,87.12364
38.89:  70.27038,-19.73835,87.12364
38.9:  70.39568,-19.73206,87.12364
38.92:  70.50848,-19.72639,87.12364
38.94:  70.60811,-19.72138,87.12364
38.95:  70.69623,-19.71696,87.12364
38.97:  70.77164,-19.71119,85.62364
38.99:  70.83406,-19.70476,84.12364
39:  70.88396,-19.6983,82.62364
39.02:  70.92139,-19.69246,81.12364
39.04:  70.94643,-19.68787,79.62364
39.05:  70.95892,-19.68524,78.12363
39.07:  70.95892,-19.68524,76.62363
39.09:  70.95892,-19.68524,75.12364
39.1:  70.95892,-19.68524,73.62364
39.12:  70.95892,-19.68524,72.12363
39.14:  70.95892,-19.68524,70.77415
39.15:  70.95892,-19.68524,69.57559
39.17:  70.95892,-19.68524,68.52539
39.19:  70.95892,-19.68524,67.62522
39.2:  70.95892,-19.68524,66.87715
39.22:  70.95892,-19.68524,66.27838
39.24:  70.95892,-19.68524,65.82771
39.25:  70.95892,-19.68524,65.5294
39.27:  70.95892,-19.68524,65.38052
39.29:  70.95892,-19.68524,65.38052
39.3:  70.95892,-19.68524,65.38052
39.32:  70.95892,-19.68524,65.38052
39.34:  70.95892,-19.68524,65.38052
39.35:  70.95892,-19.68524,63.88052
39.37:  70.95892,-19.68524,62.38052
39.39:  70.95892,-19.68524,60.88052
39.4:  70.95892,-19.68524,59.38052
39.42:  70.95892,-19.68524,57.88052
39.44:  70.95892,-19.68524,56.38052
39.45:  70.95892,-19.68524,54.88052
39.47:  70.95892,-19.68524,53.53025
39.49:  70.95892,-19.68524,52.3277
39.5:  70.95892,-19.68524,51.27762
39.52:  70.95892,-19.68524,50.37667
39.54:  70.95892,-19.68524,49.62422
39.55:  70.95892,-19.68524,49.02195
39.57:  70.95892,-19.68524,48.57127
39.59:  70.95892,-19.68524,48.26921
39.6:  70.95892,-19.68524,48.11806
39.62:  70.95892,-19.68524,48.11729
39.64:  70.95892,-19.68524,48.11729
39.65:  70.95892,-19.68524,48.11729
39.67:  70.95892,-19.68524,48.11729
39.69:  70.95892,-19.68524,48.11729
39.7:  70.95892,-19.68524,48.11729
39.72:  70.95892,-19.68524,48.11729
39.74:  70.95892,-19.68524,48.11729
39.75:  70.95892,-19.68524,48.11729
39.77:  70.95892,-19.68524,48.11729
39.79:  70.95892,-19.68524,48.11729
39.8:  70.95892,-19.68524,48.11729
39.82:  70.95892,-19.68524,48.11729
39.84:  70.95892,-19.68524,48.11729
39.85:  70.95892,-19.68524,48.11729
39.87:  70.95892,-19.68524,48.11729
39.89:  70.95892,-19.68524,48.11729
39.9:  70.95892,-19.68524,48.11729
39.92:  70.95892,-19.68524,48.11729
39.94:  70.95892,-19.68524,46.61729
39.95:  70.95892,-19.68524,45.11729
39.97:  70.95892,-19.68524,43.61729
39.99:  70.95892,-19.68524,42.11729
40:  70.95892,-19.68524,40.61729
40.02:  70.95892,-19.68524,39.1173
40.04:  70.95892,-19.68524,37.61729
40.05:  70.95892,-19.68524,36.275
40.07:  70.95892,-19.68524,35.07626
40.09:  70.95892,-19.68524,34.02635
40.1:  70.95892,-19.68524,33.12806
40.12:  70.95892,-19.68524,32.37923
40.14:  70.95892,-19.68524,31.77877
40.15:  70.95892,-19.68524,31.33074
40.17:  70.95892,-19.68524,31.03628
40.19:  70.95892,-19.68524,30.8892
40.2:  70.95892,-19.68524,30.8892
40.22:  70.95892,-19.68524,30.8892
40.24:  70.95892,-19.68524,30.8892
40.25:  70.95892,-19.68524,30.8892
40.27:  70.95892,-19.68524,30.8892
40.29:  70.95892,-19.68524,30.8892
40.3:  70.95892,-19.68524,30.8892
40.32:  70.95892,-19.68524,30.8892
40.34:  70.95892,-19.68524,30.8892
40.35:  70.95892,-19.68524,30.8892
40.37:  70.95892,-19.68524,30.8892
40.39:  70.95892,-19.68524,30.8892
40.4:  70.95892,-19.68524,30.8892
40.42:  70.95892,-19.68524,30.8892
40.44:  70.95892,-19.68524,30.8892
40.45:  70.95892,-19.68524,30.8892
40.47:  70.95892,-19.68524,30.8892
40.49:  70.95892,-19.68524,30.8892
40.5:  70.95892,-19.68524,30.8892
40.52:  70.95892,-19.68524,30.8892
40.54:  70.95892,-19.68524,30.8892
40.55:  70.95892,-19.68524,30.8892
40.57:  70.95892,-19.68524,30.8892
40.59:  70.95892,-19.68524,30.8892
40.6:  70.95892,-19.68524,30.8892
40.62:  70.95892,-19.68524,30.8892
40.64:  70.95892,-19.68524,30.8892
40.65:  70.95892,-19.68524,30.8892
40.67:  70.95892,-19.68524,30.8892
40.69:  70.95892,-19.68524,30.8892
40.7:  70.95892,-19.68524,30.8892
40.72:  70.95892,-19.68524,30.8892
40.74:  70.95892,-19.68524,30.8892
40.75:  70.95892,-19.68524,30.8892
40.77:  70.95892,-19.68524,30.8892
40.79:  70.95892,-19.68524,30.8892
40.8:  70.95892,-19.68524,30.8892
40.82:  70.95892,-19.68524,30.8892
40.84:  70.95892,-19.68524,30.8892
40.85:  70.95892,-19.68524,30.8892
40.87:  70.95892,-19.68524,30.8892
40.89:  70.95892,-19.68524,30.8892
40.9:  70.95892,-19.68524,30.8892
40.92:  70.95892,-19.68524,30.8892
40.94:  70.95892,-19.68524,30.8892
40.95:  70.95892,-19.68524,30.8892
40.97:  70.95892,-19.68524,30.8892
40.99:  70.95892,-19.68524,30.8892
41:  70.95892,-19.68524,30.8892
41.02:  70.95892,-19.68524,30.8892
41.04:  70.95892,-19.68524,30.8892
41.05:  70.95892,-19.68524,30.8892
41.07:  70.95892,-19.68524,30.8892
41.09:  70.95892,-19.68524,30.8892
41.1:  70.95892,-19.68524,30.8892
41.12:  70.95892,-19.68524,30.8892
41.14:  70.95892,-19.68524,30.8892
41.15:  70.95892,-19.68524,30.8892
41.17:  70.95892,-19.68524,30.8892
41.19:  70.95892,-19.68524,30.8892
41.2:  70.95892,-19.68524,30.8892
41.22:  70.95892,-19.68524,30.8892
41.24:  70.95892,-19.68524,30.8892
41.25:  70.95892,-19.68524,30.8892
41.27:  70.95892,-19.68524,30.8892
41.29:  70.95892,-19.68524,30.8892
41.3:  70.95892,-19.68524,30.8892
41.32:  70.95892,-19.68524,30.8892
41.34:  70.95892,-19.68524,30.8892
41.35:  70.95892,-19.68524,30.8892
41.37:  70.95892,-19.68524,30.8892
41.39:  70.95892,-19.68524,30.8892
41.4:  70.95892,-19.68524,30.8892
41.42:  70.95892,-19.68524,30.8892
41.44:  70.95892,-19.68524,30.8892
41.45:  70.95892,-19.68524,30.8892
41.47:  70.95892,-19.68524,30.8892
41.49:  70.95892,-19.68524,30.8892
41.5:  70.95892,-19.68524,30.8892
41.52:  70.95892,-19.68524,30.8892
41.54:  70.95892,-19.68524,30.8892
41.55:  70.95892,-19.68524,30.8892
41.57:  70.95892,-19.68524,30.8892
41.59:  70.95892,-19.68524,30.8892
41.6:  70.95892,-19.68524,30.8892
41.62:  70.9658,-19.67374,30.8892
41.64:  70.97845,-19.65258,30.8892
41.65:  70.99796,-19.61999,30.8892
41.67:  71.0236,-19.57713,30.8892
41.69:  71.05513,-19.52442,30.8892
41.7:  71.09346,-19.46034,30.8892
41.72:  71.13853,-19.38501,30.8892
41.74:  71.18956,-19.2997,30.8892
41.75:  71.24757,-19.20272,30.8892
41.77:  71.31158,-19.09573,30.8892
41.79:  71.38165,-18.9786,30.8892
41.8:  71.46222,-18.84393,30.8892
41.82:  71.53255,-18.72636,30.8892
41.84:  71.59491,-18.62213,30.8892
41.85:  71.655,-18.52167,30.8892
41.87:  71.70615,-18.43617,30.8892
41.89:  71.75092,-18.36134,30.8892
41.9:  71.78993,-18.29613,30.8892
41.92:  71.82225,-18.2421,30.8892
41.94:  71.84815,-18.19881,30.8892
41.95:  71.86778,-18.16599,30.8892
41.97:  71.89448,-18.12136,30.8892
41.99:  71.92673,-18.06746,30.8892
42:  71.9663,-18.0013,30.8892
42.02:  72.01178,-17.92529,30.8892
42.04:  72.06302,-17.83963,30.8892
42.05:  72.12185,-17.74129,30.8892
42.07:  72.18583,-17.63435,30.8892
42.09:  72.25713,-17.51515,30.8892
42.1:  72.33574,-17.38375,30.8892
42.12:  72.41904,-17.24451,30.8892
42.14:  72.50859,-17.09482,30.8892
42.15:  72.60642,-16.93128,30.8892
42.17:  72.70879,-16.76018,30.8892
42.19:  72.81939,-16.57529,30.8892
42.2:  72.93678,-16.37907,30.8892
42.22:  73.04617,-16.19621,30.8892
42.24:  73.14895,-16.0244,30.8892
42.25:  73.24702,-15.86046,30.8892
42.27:  73.33884,-15.70699,30.8892
42.29:  73.42,-15.57132,30.8892
42.3:  73.49851,-15.44008,30.8892
42.32:  73.56881,-15.32256,30.8892
42.34:  73.63418,-15.21329,30.8892
42.35:  73.69284,-15.11524,30.8892
42.37:  73.74491,-15.02819,30.8892
42.39:  73.7901,-14.95266,30.8892
42.4:  73.82938,-14.88699,30.8892
42.42:  73.86255,-14.83155,30.8892
42.44:  73.88921,-14.78698,30.8892
42.45:  73.90903,-14.75386,30.8892
42.47:  73.92246,-14.7314,30.8892
42.49:  73.92947,-14.71969,30.8892
42.5:  73.93007,-14.71868,30.8892
42.52:  73.93007,-14.71868,30.8892
42.54:  73.93007,-14.71868,30.8892
42.55:  73.93007,-14.71868,30.8892
42.57:  73.93007,-14.71868,30.8892
42.59:  73.93007,-14.71868,30.8892
42.6:  73.93007,-14.71868,30.8892
42.62:  73.93007,-14.71868,30.8892
42.64:  73.93007,-14.71868,29.3892
42.65:  73.93007,-14.71868,27.8892
42.67:  73.93007,-14.71868,26.3892
42.69:  73.93007,-14.71868,24.8892
42.7:  73.93007,-14.71868,23.3892
42.72:  73.93007,-14.71868,21.8892
42.74:  73.93007,-14.71868,20.3892
42.75:  73.93007,-14.71868,19.04252
42.77:  73.93007,-14.71868,17.84408
42.79:  73.93007,-14.71868,16.79898
42.8:  73.93007,-14.71868,15.89959
42.82:  73.93007,-14.71868,15.15602
42.84:  73.93007,-14.71868,14.55812
42.85:  73.93007,-14.71868,14.11047
42.87:  73.93007,-14.71868,13.81242
42.89:  73.93007,-14.71868,13.66658
42.9:  73.93007,-14.71868,13.66658
42.92:  73.93007,-14.71868,13.66658
42.94:  73.93007,-14.71868,13.66658
42.95:  73.93007,-14.71868,13.66658
42.97:  73.93007,-14.71868,13.66658
42.99:  73.93007,-14.71868,13.66658
43:  73.93007,-14.71868,13.66658
43.02:  73.93007,-14.71868,13.66658
43.04:  73.93007,-14.71868,13.66658
43.05:  73.93007,-14.71868,13.66658
43.07:  73.93007,-14.71868,13.66658
43.09:  73.93007,-14.71868,13.66658
43.1:  73.93007,-14.71868,13.66658
43.12:  73.93007,-14.71868,13.66658
43.14:  73.93007,-14.71868,13.66658
43.15:  73.93328,-14.70547,13.66658
43.17:  73.9388,-14.68281,13.66658
43.19:  73.94742,-14.64733,13.66658
43.2:  73.95919,-14.59893,13.66658
43.22:  73.97404,-14.53784,13.66658
43.24:  73.99138,-14.46655,13.66658
43.25:  74.01199,-14.38177,13.66658
43.27:  74.03583,-14.28373,13.66658
43.29:  74.06201,-14.17607,13.66658
43.3:  74.09196,-14.05291,13.66658
43.32:  74.12413,-13.92059,13.66658
43.34:  74.15919,-13.77639,13.66658
43.35:  74.19768,-13.61813,13.66658
43.37:  74.23928,-13.44704,13.66658
43.39:  74.28276,-13.26823,13.66658
43.4:  74.33054,-13.07172,13.66658
43.42:  74.38037,-12.86679,13.66658
43.44:  74.43372,-12.64738,13.66658
43.45:  74.48975,-12.41693,13.66658
43.47:  74.54899,-12.17332,13.66658
43.49:  74.60785,-11.93127,13.66658
43.5:  74.66715,-11.68737,13.66658
43.52:  74.72646,-11.44345,13.66658
43.54:  74.78472,-11.20385,13.66658
43.55:  74.84467,-10.95735,13.66658
43.57:  74.90495,-10.7094,13.66658
43.59:  74.96252,-10.47263,13.66658
43.6:  75.02167,-10.2294,13.66658
43.62:  75.08089,-9.985828,13.66658
43.64:  75.1393,-9.745643,13.66658
43.65:  75.19904,-9.499963,13.66658
43.67:  75.2579,-9.257889,13.66658
43.69:  75.31637,-9.017415,13.66658
43.7:  75.37826,-8.76288,13.66658
43.72:  75.4346,-8.531177,13.66658
43.74:  75.49585,-8.279267,13.66658
43.75:  75.55328,-8.043072,13.66658
43.77:  75.61426,-7.792321,13.66658
43.79:  75.67068,-7.560297,13.66658
43.8:  75.73046,-7.314413,13.66658
43.82:  75.7888,-7.074475,13.66658
43.84:  75.84792,-6.83138,13.66658
43.85:  75.90741,-6.586687,13.66658
43.87:  75.96677,-6.3426,13.66658
43.89:  76.0255,-6.101058,13.66658
43.9:  76.08475,-5.857375,13.66658
43.92:  76.14398,-5.613789,13.66658
43.94:  76.2028,-5.371867,13.66658
43.95:  76.26184,-5.129066,13.66658
43.97:  76.32092,-4.886098,13.66658
43.99:  76.37961,-4.644734,13.66658
44:  76.43945,-4.398625,13.66658
44.02:  76.50034,-4.148246,13.66658
44.04:  76.5582,-3.910265,13.66658
44.05:  76.61739,-3.666875,13.66658
44.07:  76.67554,-3.427672,13.66658
44.09:  76.7338,-3.188091,13.66658
44.1:  76.79021,-2.956114,13.66658
44.12:  76.84468,-2.732083,13.66658
44.14:  76.89342,-2.531625,13.66658
44.15:  76.94118,-2.335233,13.66658
44.17:  76.9847,-2.156274,13.66658
44.19:  77.0276,-1.979829,13.66658
44.2:  77.06544,-1.824215,13.66658
44.22:  77.10064,-1.679436,13.66658
44.24:  77.13258,-1.548067,13.66658
44.25:  77.15926,-1.42432,12.16658
44.27:  77.17993,-1.31459,10.66658
44.29:  77.19568,-1.216995,9.166575
44.3:  77.20747,-1.129365,7.666575
44.32:  77.21552,-1.054904,6.166575
44.34:  77.22056,-0.9931599,4.666575
44.35:  77.22334,-0.9429821,3.166575
44.37:  77.22442,-0.9056473,1.666575
44.39:  77.22449,-0.8809526,0.1665753
44.4:  77.22424,-0.8684941,358.8234
44.42:  77.22424,-0.8684941,357.6242
44.44:  77.22424,-0.8684941,356.5745
44.45:  77.22424,-0.8684941,355.6762
44.47:  77.22424,-0.8684941,354.9279
44.49:  77.22424,-0.8684941,354.3295
44.5:  77.22424,-0.8684941,353.8807
44.52:  77.22424,-0.8684941,353.582
44.54:  77.22424,-0.8684941,353.4333
44.55:  77.22424,-0.8684941,353.4333
44.57:  77.22424,-0.8684941,353.4333
44.59:  77.22424,-0.8684941,353.4333
44.6:  77.22424,-0.8684941,353.4333
44.62:  77.22424,-0.8684941,353.4333
44.64:  77.22424,-0.8684941,353.4333
44.65:  77.22424,-0.8684941,353.4333
44.67:  77.22424,-0.8684941,353.4333
44.69:  77.22424,-0.8684941,353.4333
44.7:  77.22424,-0.8684941,353.4333
44.72:  77.22424,-0.8684941,353.4333
44.74:  77.22281,-0.8561143,353.4333
44.75:  77.21998,-0.8315039,353.4333
44.77:  77.21568,-0.7941419,353.4333
44.79:  77.21004,-0.7451308,353.4333
44.8:  77.20278,-0.6820883,353.4333
44.82:  77.19424,-0.6079704,353.4333
44.84:  77.1843,-0.5216138,353.4333
44.85:  77.17278,-0.421416,353.4333
44.87:  77.15995,-0.3100396,353.4333
44.89:  77.1458,-0.1870832,353.4333
44.9:  77.12955,-0.04600978,353.4333
44.92:  77.11272,0.1002508,353.4333
44.94:  77.09428,0.2604605,353.4333
44.95:  77.07352,0.4407751,353.4333
44.97:  77.05264,0.6221932,353.4333
44.99:  77.02973,0.8211499,353.4333
45:  77.00514,1.034797,353.4333
45.02:  76.97978,1.255069,353.4333
45.04:  76.95275,1.489869,353.4333
45.05:  76.92417,1.738174,353.4333
45.07:  76.89551,1.987168,353.4333
45.09:  76.8672,2.233093,353.4333
45.1:  76.83842,2.483064,353.4333
45.12:  76.80971,2.732484,353.4333
45.14:  76.78127,2.979542,353.4333
45.15:  76.75256,3.228938,353.4333
45.17:  76.72392,3.477748,353.4333
45.19:  76.69543,3.72518,353.4333
45.2:  76.66659,3.975749,353.4333
45.22:  76.63847,4.220076,353.4333
45.24:  76.60983,4.468858,353.4333
45.25:  76.58118,4.717671,353.4333
45.27:  76.55257,4.96628,353.4333
45.29:  76.52405,5.213998,353.4333
45.3:  76.49531,5.463683,353.4333
45.32:  76.46656,5.713436,353.4333
45.34:  76.43836,5.958388,353.4333
45.35:  76.40949,6.209168,353.4333
45.37:  76.38087,6.457801,353.4333
45.39:  76.35244,6.704782,353.4333
45.4:  76.32378,6.953794,353.4333
45.42:  76.29503,7.203508,353.4333
45.44:  76.26681,7.448644,353.4333
45.45:  76.23781,7.70054,353.4333
45.47:  76.20869,7.953452,353.4333
45.49:  76.18095,8.194448,353.4333
45.5:  76.15212,8.444909,353.4333
45.52:  76.12388,8.690289,353.4333
45.54:  76.09518,8.939585,353.4333
45.55:  76.06643,9.189339,353.4333
45.57:  76.03783,9.437757,353.4333
45.59:  76.00919,9.686524,353.4333
45.6:  75.98054,9.935442,353.4333
45.62:  75.95206,10.18287,353.4333
45.64:  75.92345,10.43137,353.4333
45.65:  75.89471,10.68109,353.4333
45.67:  75.86615,10.92915,353.4333
45.69:  75.83765,11.17667,353.4333
45.7:  75.80914,11.42439,353.4333
45.72:  75.78056,11.67271,353.4333
45.74:  75.75208,11.92008,353.4333
45.75:  75.72314,12.17143,353.4333
45.77:  75.69467,12.41876,353.4333
45.79:  75.66644,12.66399,353.4333
45.8:  75.6367,12.92243,353.4333
45.82:  75.6088,13.16472,353.4333
45.84:  75.58089,13.40716,353.4333
45.85:  75.55169,13.66085,353.4333
45.87:  75.52359,13.90495,353.4333
45.89:  75.49473,14.15566,353.4333
45.9:  75.46628,14.40283,353.4333
45.92:  75.43639,14.66249,353.4333
45.94:  75.40888,14.90139,353.4333
45.95:  75.3802,15.15055,353.4333
45.97:  75.3517,15.39817,353.4333
45.99:  75.32338,15.64419,353.4333
46.02:  75.29429,15.89687,353.4333
46.04:  75.26579,16.14446,353.4333
46.05:  75.23763,16.3891,353.4333
46.07:  75.20896,16.63812,353.4333
46.09:  75.18011,16.88874,353.4333
46.1:  75.15182,17.13453,353.4333
46.12:  75.12286,17.3861,353.4333
46.14:  75.09432,17.63397,353.4333
46.15:  75.06606,17.87949,353.4333
46.17:  75.03718,18.13036,353.4333
46.19:  75.00809,18.38303,353.4333
46.2:  74.98,18.62711,353.4333
46.22:  74.95119,18.87733,353.4333
46.24:  74.92284,19.12358,353.4333
46.25:  74.89417,19.37274,353.4333
46.27:  74.86547,19.62196,353.4333
46.29:  74.83698,19.86949,353.4333
46.3:  74.80869,20.1153,353.4333
46.32:  74.7799,20.36531,353.4333
46.34:  74.75141,20.61282,353.4333
46.35:  74.72194,20.86887,353.4333
46.37:  74.69328,21.11779,353.4333
46.39:  74.66525,21.36135,353.4333
46.4:  74.63696,21.60706,353.4333
46.42:  74.60836,21.85547,353.4333
46.44:  74.57983,22.10338,353.4333
46.45:  74.55147,22.34974,353.4333
46.47:  74.52394,22.58887,353.4333
46.49:  74.49857,22.80923,353.4333
46.5:  74.47424,23.02054,353.4333
46.52:  74.45107,23.2219,353.4333
46.54:  74.42971,23.40742,353.4333
46.55:  74.40994,23.57916,353.4333
46.57:  74.39115,23.74238,353.4333
46.59:  74.37395,23.89176,353.4333
46.6:  74.35854,24.02574,353.4333
46.62:  74.34412,24.15098,353.4333
46.64:  74.33121,24.26304,353.4333
46.65:  74.31982,24.36197,353.4333
46.67:  74.30975,24.44955,353.4333
46.69:  74.30122,24.52364,353.4333
46.7:  74.29414,24.58514,353.4333
46.72:  74.28837,24.63525,353.4333
46.74:  74.28416,24.67186,353.4333
46.75:  74.28129,24.69677,353.4333
46.77:  74.27986,24.70915,353.4333
46.79:  74.27986,24.70915,353.4333
46.8:  74.27986,24.70915,353.4333
46.82:  74.27986,24.70915,353.4333
46.84:  74.27986,24.70915,353.4333
46.85:  74.27986,24.70915,353.4333
46.87:  74.27986,24.70915,353.4333
46.89:  74.27986,24.70915,353.4333
46.9:  74.27986,24.70915,353.4333
46.92:  74.27986,24.70915,353.4333
46.94:  74.27986,24.70915,353.4333
46.95:  74.27986,24.70915,353.4333
46.97:  74.27986,24.70915,353.4333
46.99:  74.27986,24.70915,353.4333
47:  74.27986,24.70915,353.4333
47.02:  74.27986,24.70915,353.4333
47.04:  74.27986,24.70915,353.4333
47.05:  74.27986,24.70915,353.4333
47.07:  74.27986,24.70915,353.4333
47.09:  74.27986,24.70915,353.4333
47.1:  74.27986,24.70915,353.4333
47.12:  74.27986,24.70915,353.4333
47.14:  74.27986,24.70915,353.4333
47.15:  74.27986,24.70915,353.4333
47.17:  74.27986,24.70915,353.4333
47.19:  74.27986,24.70915,353.4333
47.2:  74.27986,24.70915,353.4333
47.22:  74.27986,24.70915,353.4333
47.24:  74.27986,24.70915,353.4333
47.25:  74.27986,24.70915,353.4333
47.27:  74.27986,24.70915,353.4333
47.29:  74.27986,24.70915,353.4333
47.3:  74.27986,24.70915,353.4333
47.32:  74.27986,24.70915,353.4333
47.34:  74.27986,24.70915,353.4333
47.35:  74.27986,24.70915,353.4333
47.37:  74.27986,24.70915,353.4333
47.39:  74.27986,24.70915,353.4333
47.4:  74.27986,24.70915,353.4333
47.42:  74.27986,24.70915,353.4333
47.44:  74.27986,24.70915,353.4333
47.45:  74.27986,24.70915,353.4333
47.47:  74.27986,24.70915,353.4333
47.49:  74.27986,24.70915,353.4333
47.5:  74.27986,24.70915,353.4333
47.52:  74.27986,24.70915,353.4333
47.54:  74.27986,24.70915,353.4333
47.55:  74.27986,24.70915,353.4333
47.57:  74.27986,24.70915,353.4333
47.59:  74.27986,24.70915,353.4333
47.6:  74.27986,24.70915,353.4333
47.62:  74.27986,24.70915,353.4333
47.64:  74.27986,24.70915,353.4333
47.65:  74.27986,24.70915,353.4333
47.67:  74.27986,24.70915,353.4333
47.69:  74.27986,24.70915,353.4333
47.7:  74.27986,24.70915,353.4333
47.72:  74.27986,24.70915,353.4333
47.74:  74.27986,24.70915,353.4333
47.75:  74.27986,24.70915,353.4333
47.77:  74.27986,24.70915,353.4333
47.79:  74.27986,24.70915,353.4333
47.8:  74.27986,24.70915,353.4333
47.82:  74.27986,24.70915,353.4333
47.84:  74.27986,24.70915,353.4333
47.85:  74.27986,24.70915,353.4333
47.87:  74.27986,24.70915,353.4333
47.89:  74.27986,24.70915,353.4333
47.9:  74.27986,24.70915,353.4333
47.92:  74.27986,24.70915,353.4333
47.94:  74.27986,24.70915,353.4333
47.95:  74.27986,24.70915,353.4333
47.97:  74.27986,24.70915,353.4333
47.99:  74.27986,24.70915,353.4333
48:  74.27986,24.70915,353.4333
48.02:  74.27986,24.70915,353.4333
48.04:  74.27986,24.70915,353.4333
48.05:  74.27986,24.70915,353.4333
48.07:  74.27986,24.70915,353.4333
48.09:  74.27986,24.70915,353.4333
48.1:  74.27986,24.70915,353.4333
48.12:  74.27986,24.70915,353.4333
48.14:  74.27986,24.70915,353.4333
48.15:  74.27986,24.70915,353.4333
48.17:  74.27986,24.70915,353.4333
48.19:  74.27986,24.70915,353.4333
48.2:  74.27986,24.70915,353.4333
48.22:  74.27986,24.70915,353.4333
48.24:  74.27986,24.70915,353.4333
48.25:  74.27986,24.70915,353.4333
48.27:  74.27986,24.70915,353.4333
