ParticipantNo: 12218
Controller type: Gamepad
Training Level:
0.02:  82.7,18.5,270
0.04:  82.7,18.5,270
0.06:  82.7,18.5,270
0.08:  82.7,18.5,270
0.09:  82.7,18.5,270
0.11:  82.7,18.5,270
0.13:  82.7,18.5,270
0.14:  82.7,18.5,270
0.16:  82.7,18.5,270
0.18:  82.7,18.5,270
0.19:  82.7,18.5,270
0.21:  82.7,18.5,270
0.23:  82.7,18.5,270
0.24:  82.7,18.5,270
0.26:  82.7,18.5,270
0.28:  82.7,18.5,270
0.29:  82.7,18.5,270
0.31:  82.7,18.5,270
0.33:  82.7,18.5,270
0.34:  82.7,18.5,270
0.36:  82.7,18.5,270
0.38:  82.7,18.5,270
0.39:  82.7,18.5,270
0.41:  82.7,18.5,270
0.43:  82.7,18.5,270
0.44:  82.7,18.5,270
0.46:  82.7,18.5,270
0.48:  82.7,18.5,270
0.49:  82.7,18.5,270
0.51:  82.7,18.5,270
0.53:  82.7,18.5,270
0.54:  82.7,18.5,270
0.56:  82.7,18.5,270
0.58:  82.7,18.5,270
0.59:  82.7,18.5,270
0.61:  82.7,18.5,270
0.63:  82.7,18.5,270
0.64:  82.7,18.5,270
0.66:  82.7,18.5,270
0.68:  82.7,18.5,270
0.69:  82.7,18.5,270
0.71:  82.7,18.5,270
0.73:  82.7,18.5,270
0.74:  82.7,18.5,270
0.76:  82.7,18.5,270
0.78:  82.7,18.5,270
0.79:  82.7,18.5,270
0.81:  82.7,18.5,270
0.83:  82.7,18.5,270
0.84:  82.7,18.5,270
0.86:  82.7,18.5,270
0.88:  82.7,18.5,270
0.89:  82.7,18.5,270
0.91:  82.7,18.5,270
0.93:  82.7,18.5,270
0.94:  82.7,18.5,270
0.96:  82.7,18.5,270
0.98:  82.7,18.5,270
0.99:  82.7,18.5,270
1.01:  82.7,18.5,270
1.03:  82.7,18.5,270
1.04:  82.7,18.5,270
1.06:  82.7,18.5,270
1.08:  82.7,18.5,270
1.09:  82.7,18.5,270
1.11:  82.7,18.5,270
1.13:  82.7,18.5,270
1.14:  82.7,18.5,270
1.16:  82.7,18.5,270
1.18:  82.7,18.5,270
1.19:  82.7,18.5,270
1.21:  82.7,18.5,270
1.23:  82.7,18.5,270
1.24:  82.7,18.5,270
1.26:  82.7,18.5,270
1.28:  82.7,18.5,270
1.29:  82.7,18.5,270
1.31:  82.7,18.5,270
1.33:  82.7,18.5,270
1.34:  82.7,18.5,270
1.36:  82.7,18.5,270
1.38:  82.7,18.5,270
1.39:  82.7,18.5,270
1.41:  82.7,18.5,270
1.43:  82.7,18.5,270
1.44:  82.7,18.5,270
1.46:  82.7,18.5,270
1.48:  82.7,18.5,270
1.49:  82.7,18.5,270
1.51:  82.7,18.5,270
1.53:  82.7,18.5,270
1.54:  82.7,18.5,270
1.56:  82.7,18.5,270
1.58:  82.7,18.5,270
1.59:  82.7,18.5,270
1.61:  82.7,18.5,270
1.63:  82.7,18.5,270
1.64:  82.7,18.5,270
1.66:  82.7,18.5,270
1.68:  82.7,18.5,270
1.69:  82.7,18.5,270
1.71:  82.7,18.5,270
1.73:  82.7,18.5,270
1.74:  82.7,18.5,270
1.76:  82.7,18.5,270
1.78:  82.7,18.5,270
1.79:  82.7,18.5,270
1.81:  82.7,18.5,270
1.83:  82.7,18.5,270
1.84:  82.7,18.5,270
1.86:  82.7,18.5,270
