ParticipantNo: 99999
Controller type: Arrows Only
Training Level:
0.05:  82.7,18.5,270
0.1:  82.7,18.5,270
0.12:  82.7,18.5,270
0.14:  82.7,18.5,270
0.16:  82.7,18.5,270
0.17:  82.7,18.5,270
0.19:  82.7,18.5,270
0.21:  82.7,18.5,270
0.22:  82.7,18.5,270
0.24:  82.7,18.5,270
0.26:  82.7,18.5,270
0.28:  82.7,18.5,270
0.29:  82.7,18.5,270
0.31:  82.7,18.5,270
0.32:  82.7,18.5,270
0.34:  82.7,18.5,270
0.36:  82.7,18.5,270
0.37:  82.7,18.5,270
0.39:  82.7,18.5,270
0.41:  82.7,18.5,270
0.42:  82.7,18.5,270
0.44:  82.7,18.5,270
0.46:  82.7,18.5,270
0.47:  82.7,18.5,270
0.49:  82.7,18.5,270
0.51:  82.7,18.5,270
0.52:  82.7,18.5,270
0.54:  82.7,18.5,270
0.56:  82.7,18.5,270
0.57:  82.7,18.5,270
0.59:  82.7,18.5,270
0.61:  82.7,18.5,270
0.62:  82.7,18.5,270
0.64:  82.7,18.5,270
0.66:  82.7,18.5,270
0.67:  82.7,18.5,270
0.69:  82.7,18.5,270
0.71:  82.7,18.5,270
0.72:  82.7,18.5,270
0.74:  82.7,18.5,270
0.76:  82.7,18.5,270
0.77:  82.7,18.5,270
0.79:  82.7,18.5,270
0.81:  82.7,18.5,270
0.83:  82.7,18.5,270
0.84:  82.7,18.5,270
0.86:  82.7,18.5,270
0.87:  82.7,18.5,270
0.89:  82.7,18.5,270
0.91:  82.7,18.5,270
0.92:  82.7,18.5,270
0.94:  82.7,18.5,270
0.96:  82.7,18.5,270
0.97:  82.7,18.5,270
0.99:  82.7,18.5,270
1.01:  82.7,18.5,270
1.02:  82.7,18.5,270
1.04:  82.7,18.5,270
1.06:  82.7,18.5,270
1.08:  82.7,18.5,270
1.09:  82.7,18.5,270
1.11:  82.7,18.5,270
1.12:  82.7,18.5,270
1.14:  82.7,18.5,270
1.16:  82.7,18.5,270
1.17:  82.7,18.5,270
1.19:  82.7,18.5,270
1.21:  82.7,18.5,270
1.22:  82.7,18.5,270
1.24:  82.7,18.5,270
1.26:  82.7,18.5,270
1.27:  82.7,18.5,270
1.29:  82.7,18.5,270
1.31:  82.7,18.5,270
1.32:  82.7,18.5,270
1.34:  82.7,18.5,270
1.36:  82.7,18.5,270
1.37:  82.7,18.5,270
1.39:  82.7,18.5,270
1.41:  82.68688,18.5,270
1.42:  82.66221,18.5,270
1.44:  82.62523,18.5,270
1.46:  82.57615,18.5,270
1.47:  82.51336,18.5,270
1.49:  82.43839,18.5,270
1.51:  82.35165,18.5,270
1.52:  82.25094,18.5,270
1.54:  82.13689,18.5,270
1.56:  82.01177,18.5,270
1.58:  81.87373,18.5,270
1.59:  81.72263,18.5,270
1.61:  81.56612,18.5,270
1.62:  81.3924,18.5,270
1.64:  81.20551,18.5,270
1.66:  81.00503,18.5,270
1.67:  80.79195,18.5,270
1.69:  80.56829,18.5,270
1.71:  80.33006,18.5,270
1.72:  80.07788,18.5,270
1.74:  79.82801,18.5,270
1.76:  79.57791,18.5,270
1.77:  79.32805,18.5,270
1.79:  79.07259,18.5,270
1.81:  78.82411,18.5,270
1.82:  78.57477,18.5,270
1.84:  78.32494,18.5,270
1.86:  78.07387,18.5,270
1.88:  77.82301,18.5,270
1.89:  77.56992,18.5,270
1.91:  77.32354,18.5,270
1.92:  77.07166,18.5,270
1.94:  76.8241,18.5,270
1.96:  76.57215,18.5,270
1.97:  76.32362,18.5,270
1.99:  76.07487,18.5,270
2.01:  75.82597,18.5,270
2.02:  75.577,18.5,270
2.04:  75.32693,18.5,270
2.06:  75.0806,18.5,270
2.07:  74.83241,18.5,270
2.09:  74.58047,18.5,270
2.11:  74.32913,18.5,270
2.12:  74.07218,18.5,270
2.14:  73.82198,18.5,270
2.16:  73.57664,18.5,270
2.17:  73.32725,18.5,270
2.19:  73.07909,18.5,270
2.21:  72.82787,18.5,270
2.22:  72.579,18.5,270
2.24:  72.33101,18.5,270
2.26:  72.07813,18.5,270
2.28:  71.82568,18.5,270
2.29:  71.57066,18.5,270
2.31:  71.32545,18.5,270
2.32:  71.07426,18.5,270
2.34:  70.82561,18.5,270
2.36:  70.57342,18.5,270
2.37:  70.32597,18.5,270
2.39:  70.07542,18.5,270
2.41:  69.82816,18.5,270
2.42:  69.57594,18.5,270
2.44:  69.3277,18.5,270
2.46:  69.07765,18.5,270
2.47:  68.82991,18.5,270
2.49:  68.58011,18.5,270
2.51:  68.3286,18.5,270
2.52:  68.07718,18.5,270
2.54:  67.82524,18.5,270
2.56:  67.5753,18.5,270
2.57:  67.3208,18.5,270
2.59:  67.07507,18.5,270
2.61:  66.82136,18.5,270
2.62:  66.57617,18.5,270
2.64:  66.32308,18.5,270
2.66:  66.07599,18.5,270
2.67:  65.82699,18.5,270
2.69:  65.57986,18.5,270
2.71:  65.32726,18.5,270
2.72:  65.07796,18.5,270
2.74:  64.82789,18.5,270
2.76:  64.57829,18.5,270
2.77:  64.32997,18.5,270
2.79:  64.0794,18.5,270
2.81:  63.82763,18.5,270
2.82:  63.57917,18.5,270
2.84:  63.33037,18.5,270
2.86:  63.07925,18.5,270
2.87:  62.82666,18.5,270
2.89:  62.574,18.5,270
2.91:  62.32425,18.5,270
2.92:  62.07139,18.5,270
2.94:  61.82432,18.5,270
2.96:  61.56992,18.5,270
2.97:  61.32469,18.5,270
2.99:  61.07502,18.5,270
3.01:  60.82898,18.5,270
3.02:  60.57639,18.5,270
3.04:  60.32936,18.5,270
3.06:  60.07679,18.5,270
3.07:  59.82764,18.5,270
3.09:  59.57822,18.5,270
3.11:  59.3252,18.5,270
3.12:  59.07648,18.5,270
3.14:  58.82677,18.5,270
3.16:  58.57833,18.5,270
3.17:  58.29276,18.5,270
3.19:  58.08115,18.5,270
3.21:  57.8305,18.5,270
3.22:  57.57962,18.5,270
3.24:  57.32863,18.5,270
3.26:  57.07907,18.5,270
3.27:  56.83003,18.5,270
3.29:  56.57762,18.5,270
3.31:  56.31991,18.5,270
3.32:  56.06984,18.5,270
3.34:  55.82829,18.5,270
3.36:  55.57566,18.5,270
3.37:  55.32575,18.5,270
3.39:  55.07276,18.5,270
3.41:  54.82751,18.5,270
3.42:  54.57387,18.5,270
3.44:  54.32507,18.5,270
3.46:  54.07335,18.5,270
3.47:  53.825,18.5,270
3.49:  53.5721,18.5,270
3.51:  53.3257,18.5,270
3.52:  53.0752,18.5,270
3.54:  52.82703,18.5,270
3.56:  52.57874,18.5,270
3.57:  52.33183,18.5,270
3.59:  52.08059,18.5,270
3.61:  51.82945,18.5,270
3.62:  51.57795,18.5,270
3.64:  51.32645,18.5,270
3.66:  51.07927,18.5,270
3.67:  50.77456,18.5,270
3.69:  50.57855,18.5,270
3.71:  50.32693,18.5,270
3.72:  50.07663,18.5,270
3.74:  49.8236,18.49337,268.5
3.76:  49.57553,18.48037,267
3.77:  49.32667,18.46078,265.5
3.79:  49.07942,18.4348,264
3.81:  48.83047,18.40202,262.5
3.82:  48.57984,18.36233,261
3.84:  48.33772,18.31745,259.5
3.86:  48.09023,18.26485,258
3.87:  47.84793,18.20667,256.5
3.89:  47.60792,18.14236,255
3.91:  47.36927,18.07167,253.5
3.92:  47.12907,17.99363,252
3.94:  46.89916,17.91221,250.5
3.96:  46.66558,17.82255,249
3.97:  46.43577,17.72736,247.5
3.99:  46.20665,17.62535,246
4.01:  45.97932,17.51691,244.5
4.02:  45.75673,17.4035,243
4.04:  45.5386,17.28506,241.5
4.06:  45.31956,17.15861,240
4.07:  45.10295,17.02586,238.5
4.09:  44.89416,16.89027,237
4.11:  44.68525,16.74669,235.5
4.13:  44.4845,16.60085,234
4.14:  44.28519,16.44791,232.5
4.16:  44.09329,16.29251,231
4.17:  43.9031,16.13007,229.5
4.19:  43.72049,15.96565,228
4.21:  43.53857,15.79301,226.5
4.22:  43.36129,15.61573,225
4.24:  43.18945,15.43465,223.5
4.26:  43.02101,15.24758,222
4.27:  42.86082,15.06003,220.5
4.29:  42.7027,14.86476,219
4.31:  42.55082,14.66682,217.5
4.33:  42.4045,14.46543,216
4.34:  42.25639,14.24993,214.5
4.36:  42.12643,14.04981,213
4.37:  41.99389,13.83352,211.5
4.39:  41.86828,13.61596,210
4.41:  41.74911,13.39649,208.5
4.42:  41.63639,13.17525,207
4.44:  41.52803,12.94808,205.5
4.46:  41.4286,12.72476,204
4.47:  41.33171,12.49085,202.5
4.49:  41.2424,12.25817,201
4.51:  41.15744,12.01824,199.5
4.52:  41.08099,11.78297,198
4.54:  41.00988,11.54289,196.5
4.56:  40.94263,11.2946,195.1544
4.57:  40.88403,11.05879,193.9545
4.59:  40.82755,10.81231,192.9063
4.61:  40.77573,10.56864,192.0076
4.62:  40.72735,10.32561,191.2576
4.64:  40.68148,10.08185,190.6565
4.66:  40.63731,9.836471,190.2049
4.67:  40.59473,9.592561,189.9019
4.69:  40.55259,9.347262,189.7482
4.71:  40.51039,9.101484,189.7441
4.73:  40.46797,8.854467,189.7441
4.74:  40.42377,8.597126,189.7441
4.76:  40.38207,8.354251,189.7441
4.77:  40.33949,8.106317,189.7441
4.79:  40.29752,7.861932,189.7441
4.81:  40.25481,7.61323,189.7441
4.83:  40.21206,7.364227,189.7441
4.84:  40.16991,7.11879,189.7441
4.86:  40.12831,6.876584,189.7441
4.87:  40.0853,6.626107,189.7441
4.89:  40.04343,6.382263,189.7441
4.91:  40.00093,6.134774,189.7441
4.92:  39.95878,5.889341,189.7441
4.94:  39.91624,5.641652,189.7441
4.96:  39.87407,5.396077,189.7441
4.97:  39.83161,5.148802,189.7441
4.99:  39.78986,4.905693,189.7441
5.01:  39.74734,4.658068,189.7441
5.02:  39.70518,4.41258,189.7441
5.04:  39.66305,4.167224,189.7441
5.06:  39.6211,3.922969,189.7441
5.07:  39.57906,3.678122,189.7441
5.09:  39.53683,3.432252,189.7441
5.11:  39.49409,3.183338,189.7441
5.12:  39.45806,2.934678,188.2441
5.14:  39.42884,2.687613,186.7441
5.16:  39.40599,2.438623,185.2441
5.17:  39.38978,2.190908,183.7441
5.19:  39.37988,1.938237,182.2441
5.21:  39.37665,1.68952,180.7441
5.22:  39.37993,1.44063,179.2441
5.24:  39.38979,1.190325,177.7441
5.26:  39.40622,0.9400887,176.2441
5.27:  39.42878,0.6874533,174.8963
5.29:  39.4557,0.4438266,173.6956
5.31:  39.48801,0.1934679,172.6463
5.32:  39.52377,-0.05302435,171.7464
5.34:  39.56307,-0.3011155,170.9973
5.36:  39.60468,-0.5470455,170.3978
5.37:  39.64791,-0.7909169,169.9469
5.39:  39.69293,-1.037311,169.6463
5.41:  39.73839,-1.282485,169.4953
5.42:  39.78387,-1.527744,169.494
5.44:  39.82948,-1.773667,169.494
5.46:  39.87488,-2.018503,169.494
5.47:  39.92055,-2.264754,169.494
5.49:  39.96662,-2.513193,169.494
5.51:  40.0119,-2.757376,169.494
5.52:  40.05785,-3.005128,169.494
5.54:  40.10352,-3.251441,169.494
5.56:  40.1489,-3.496111,169.494
5.57:  40.19463,-3.742708,169.494
5.59:  40.2402,-3.988447,169.494
5.61:  40.28626,-4.236833,169.494
5.62:  40.33164,-4.48152,169.494
5.64:  40.37699,-4.726068,169.494
5.66:  40.42233,-4.970577,169.494
5.67:  40.46798,-5.216704,169.494
5.69:  40.5135,-5.462165,169.494
5.71:  40.55838,-5.70419,169.494
5.72:  40.60475,-5.954221,169.494
5.74:  40.65054,-6.201133,169.494
5.76:  40.69575,-6.444928,169.494
5.77:  40.74102,-6.689065,169.494
5.79:  40.78699,-6.936954,169.494
5.81:  40.83223,-7.180913,169.494
5.82:  40.87792,-7.427292,169.494
5.84:  40.92335,-7.672238,169.494
5.86:  40.96899,-7.918338,169.494
5.87:  41.01434,-8.162891,169.494
5.89:  41.06043,-8.411443,169.494
5.91:  41.10608,-8.657574,169.494
5.92:  41.15173,-8.90375,169.494
5.94:  41.19735,-9.14974,169.494
5.96:  41.24293,-9.395545,169.494
5.97:  41.28846,-9.641047,169.494
5.99:  41.33448,-9.889205,169.494
6.01:  41.38052,-10.13748,169.494
6.02:  41.42572,-10.38121,169.494
6.04:  41.47178,-10.6296,169.494
6.06:  41.51674,-10.87206,169.494
6.07:  41.56188,-11.11545,169.494
6.09:  41.60771,-11.36259,169.494
6.11:  41.65324,-11.60809,169.494
6.12:  41.69866,-11.85304,169.494
6.14:  41.74512,-12.10355,169.494
6.16:  41.79027,-12.34701,169.494
6.17:  41.82972,-12.59594,170.994
6.19:  41.86206,-12.84137,172.494
6.21:  41.88754,-13.08352,173.994
6.22:  41.90727,-13.33391,175.494
6.24:  41.92041,-13.58416,176.994
6.26:  41.92702,-13.83562,178.494
6.27:  41.92704,-14.08624,179.994
6.29:  41.92051,-14.33679,181.494
6.31:  41.90747,-14.58616,182.994
6.32:  41.88773,-14.83729,184.494
6.34:  41.86197,-15.08904,185.8422
6.36:  41.83165,-15.33453,187.0419
6.37:  41.79657,-15.58119,188.0922
6.39:  41.75725,-15.8297,188.9915
6.41:  41.71562,-16.07214,189.7432
6.42:  41.67021,-16.32097,190.3432
6.44:  41.6235,-16.56598,190.7935
6.46:  41.57528,-16.8119,191.0934
6.47:  41.52645,-17.05757,191.2431
6.49:  41.47829,-17.29979,191.2445
6.51:  41.42906,-17.54742,191.2445
6.52:  41.38083,-17.79,191.2445
6.54:  41.33217,-18.03476,191.2445
6.56:  41.28355,-18.27931,191.2445
6.57:  41.23478,-18.52461,191.2445
6.59:  41.18581,-18.77091,191.2445
6.61:  41.1372,-19.01542,191.2445
6.62:  41.08851,-19.26032,191.2445
6.64:  41.03924,-19.50813,191.2445
6.66:  40.99025,-19.75456,191.2445
6.67:  40.94148,-19.99985,191.2445
6.69:  40.89301,-20.24366,191.2445
6.71:  40.84415,-20.48939,191.2445
6.72:  40.79639,-20.72963,191.2445
6.74:  40.74652,-20.98045,191.2445
6.76:  40.69804,-21.22432,191.2445
6.77:  40.6496,-21.46795,191.2445
6.79:  40.60065,-21.71416,191.2445
6.81:  40.55172,-21.96027,191.2445
6.82:  40.50256,-22.20753,191.2445
6.84:  40.4538,-22.4528,191.2445
6.86:  40.40519,-22.69732,191.2445
6.87:  40.35662,-22.94163,191.2445
6.89:  40.30792,-23.18655,191.2445
6.91:  40.25981,-23.42854,191.2445
6.92:  40.21168,-23.67063,191.2445
6.94:  40.16887,-23.91996,189.7445
6.96:  40.13324,-24.16583,188.2445
6.97:  40.10404,-24.41271,186.7445
6.99:  40.08119,-24.66163,185.2445
7.01:  40.06488,-24.91088,183.7445
7.02:  40.0549,-25.16548,182.2445
7.04:  40.05164,-25.41614,180.7445
7.06:  40.05495,-25.66705,179.2445
7.07:  40.06477,-25.9163,177.7445
7.09:  40.08129,-26.16797,176.2445
7.11:  40.10382,-26.42028,174.8965
7.12:  40.13088,-26.66524,173.6964
7.14:  40.16286,-26.91306,172.6462
7.16:  40.19886,-27.16117,171.7464
7.17:  40.23793,-27.40775,170.9964
7.19:  40.27974,-27.65488,170.3968
7.21:  40.32269,-27.89711,169.9448
7.22:  40.3674,-28.14174,169.642
7.24:  40.41262,-28.3854,169.4879
7.26:  40.4588,-28.63424,169.4856
7.27:  40.50427,-28.87924,169.4856
7.29:  40.54996,-29.12538,169.4856
7.31:  40.59577,-29.37222,169.4856
