ParticipantNo: 22015
Controller type: Arrows Only
Training Level:
0.02:  82.7,18.5,270
0.04:  82.7,18.5,270
0.06:  82.7,18.5,270
0.08:  82.7,18.5,270
0.1:  82.7,18.5,270
0.11:  82.7,18.5,270
0.13:  82.7,18.5,270
0.15:  82.7,18.5,270
0.16:  82.7,18.5,270
0.18:  82.7,18.5,270
0.2:  82.7,18.5,270
0.21:  82.7,18.5,270
0.23:  82.7,18.5,270
0.25:  82.7,18.5,270
0.26:  82.7,18.5,270
0.28:  82.7,18.5,270
0.3:  82.7,18.5,270
0.31:  82.7,18.5,270
0.33:  82.7,18.5,270
0.35:  82.7,18.5,270
0.36:  82.7,18.5,270
0.38:  82.7,18.5,270
0.4:  82.7,18.5,270
0.41:  82.7,18.5,270
0.43:  82.7,18.5,270
0.45:  82.7,18.5,270
0.46:  82.7,18.5,270
0.48:  82.7,18.5,270
0.5:  82.7,18.5,270
0.51:  82.7,18.5,270
0.53:  82.7,18.5,270
0.55:  82.7,18.5,270
0.56:  82.7,18.5,270
0.58:  82.7,18.5,270
0.6:  82.7,18.5,270
0.61:  82.7,18.5,270
0.63:  82.7,18.5,270
0.65:  82.7,18.5,270
0.66:  82.7,18.5,270
0.68:  82.7,18.5,270
0.7:  82.7,18.5,270
0.71:  82.7,18.5,270
0.73:  82.7,18.5,270
0.75:  82.7,18.5,270
0.76:  82.7,18.5,270
0.78:  82.7,18.5,270
0.8:  82.7,18.5,270
0.81:  82.7,18.5,270
0.83:  82.7,18.5,270
0.85:  82.7,18.5,270
0.86:  82.7,18.5,270
0.88:  82.7,18.5,270
0.9:  82.7,18.5,270
0.91:  82.7,18.5,270
0.93:  82.7,18.5,270
0.95:  82.7,18.5,270
0.96:  82.7,18.5,270
0.98:  82.7,18.5,270
1:  82.7,18.5,270
1.01:  82.7,18.5,270
1.03:  82.7,18.5,270
1.05:  82.7,18.5,270
1.06:  82.7,18.5,270
1.08:  82.7,18.5,270
1.1:  82.7,18.5,270
1.11:  82.7,18.5,270
1.13:  82.7,18.5,270
1.15:  82.7,18.5,270
1.16:  82.7,18.5,270
1.18:  82.7,18.5,270
1.2:  82.7,18.5,270
1.21:  82.7,18.5,270
1.23:  82.7,18.5,270
1.25:  82.7,18.5,270
1.26:  82.7,18.5,270
1.28:  82.7,18.5,270
1.3:  82.7,18.5,270
1.31:  82.7,18.5,270
1.33:  82.7,18.5,270
1.35:  82.7,18.5,270
1.36:  82.7,18.5,270
1.38:  82.7,18.5,270
1.4:  82.7,18.5,270
1.41:  82.7,18.5,270
1.43:  82.7,18.5,270
1.45:  82.7,18.5,270
1.46:  82.7,18.5,270
1.48:  82.7,18.5,270
1.5:  82.7,18.5,270
1.51:  82.7,18.5,270
1.53:  82.7,18.5,270
1.55:  82.7,18.5,270
1.56:  82.7,18.5,270
1.58:  82.7,18.5,270
1.6:  82.7,18.5,270
1.61:  82.7,18.5,270
1.63:  82.7,18.5,270
1.65:  82.7,18.5,270
1.66:  82.7,18.5,270
1.68:  82.7,18.5,270
1.7:  82.7,18.5,270
1.71:  82.7,18.5,270
1.73:  82.7,18.5,270
1.75:  82.7,18.5,270
1.76:  82.7,18.5,270
1.78:  82.7,18.5,270
1.8:  82.7,18.5,270
1.81:  82.7,18.5,270
1.83:  82.7,18.5,270
1.85:  82.7,18.5,270
1.86:  82.7,18.5,270
1.88:  82.7,18.5,270
1.9:  82.7,18.5,270
1.91:  82.7,18.5,270
1.93:  82.7,18.5,270
1.95:  82.7,18.5,270
1.96:  82.7,18.5,270
1.98:  82.7,18.5,270
2:  82.7,18.5,270
2.01:  82.7,18.5,270
2.03:  82.7,18.5,270
2.05:  82.7,18.5,270
2.06:  82.7,18.5,270
2.08:  82.7,18.5,270
2.1:  82.7,18.5,270
2.11:  82.7,18.5,270
2.13:  82.7,18.5,270
2.15:  82.7,18.5,270
2.16:  82.7,18.5,270
2.18:  82.7,18.5,270
2.2:  82.7,18.5,270
2.21:  82.7,18.5,270
2.23:  82.7,18.5,270
2.25:  82.7,18.5,270
2.26:  82.7,18.5,270
2.28:  82.7,18.5,270
2.3:  82.7,18.5,270
2.31:  82.7,18.5,270
2.33:  82.7,18.5,270
2.35:  82.7,18.5,270
2.36:  82.7,18.5,270
2.38:  82.7,18.5,270
2.4:  82.7,18.5,270
2.41:  82.7,18.5,270
2.43:  82.7,18.5,270
2.45:  82.7,18.5,270
2.46:  82.7,18.5,270
2.48:  82.7,18.5,270
2.5:  82.7,18.5,270
2.51:  82.7,18.5,270
2.53:  82.7,18.5,270
2.55:  82.7,18.5,270
2.56:  82.7,18.5,270
2.58:  82.7,18.5,270
2.6:  82.7,18.5,270
2.61:  82.7,18.5,270
2.63:  82.7,18.5,270
2.65:  82.7,18.5,270
2.66:  82.7,18.5,270
2.68:  82.7,18.5,270
2.7:  82.7,18.5,270
2.71:  82.7,18.5,270
2.73:  82.7,18.5,270
2.75:  82.7,18.5,270
2.76:  82.7,18.5,270
2.78:  82.7,18.5,270
2.8:  82.7,18.5,270
2.81:  82.7,18.5,270
2.83:  82.7,18.5,270
2.85:  82.7,18.5,270
2.86:  82.7,18.5,270
2.88:  82.7,18.5,270
2.9:  82.7,18.5,270
2.91:  82.7,18.5,270
2.93:  82.7,18.5,270
2.95:  82.7,18.5,270
2.96:  82.7,18.5,270
2.98:  82.7,18.5,270
3:  82.7,18.5,270
3.01:  82.7,18.5,270
3.03:  82.7,18.5,270
3.05:  82.7,18.5,270
3.06:  82.7,18.5,270
3.08:  82.7,18.5,270
3.1:  82.7,18.5,270
3.11:  82.7,18.5,270
3.13:  82.7,18.5,270
3.15:  82.7,18.5,270
3.16:  82.7,18.5,270
3.18:  82.7,18.5,270
3.2:  82.7,18.5,270
3.21:  82.7,18.5,270
3.23:  82.7,18.5,270
3.25:  82.7,18.5,270
3.26:  82.7,18.5,270
3.28:  82.7,18.5,270
3.3:  82.7,18.5,270
3.31:  82.7,18.5,270
3.33:  82.7,18.5,270
3.35:  82.7,18.5,270
3.36:  82.7,18.5,270
3.38:  82.7,18.5,270
3.4:  82.7,18.5,270
3.41:  82.7,18.5,270
3.43:  82.7,18.5,270
3.45:  82.7,18.5,270
3.46:  82.7,18.5,270
3.48:  82.7,18.5,270
3.5:  82.7,18.5,270
3.51:  82.7,18.5,270
3.53:  82.7,18.5,270
3.55:  82.7,18.5,270
3.56:  82.7,18.5,270
3.58:  82.7,18.5,270
3.6:  82.7,18.5,270
3.61:  82.7,18.5,270
3.63:  82.7,18.5,270
3.65:  82.7,18.5,270
3.66:  82.7,18.5,270
3.68:  82.7,18.5,270
3.7:  82.7,18.5,270
3.71:  82.7,18.5,270
3.73:  82.7,18.5,270
3.75:  82.7,18.5,270
3.76:  82.7,18.5,270
3.78:  82.7,18.5,270
3.8:  82.7,18.5,270
3.81:  82.7,18.5,270
3.83:  82.7,18.5,270
3.85:  82.7,18.5,270
3.86:  82.7,18.5,270
3.88:  82.7,18.5,270
3.9:  82.7,18.5,270
3.91:  82.7,18.5,270
3.93:  82.7,18.5,270
3.95:  82.7,18.5,270
3.96:  82.7,18.5,270
3.98:  82.7,18.5,270
4:  82.7,18.5,270
4.01:  82.7,18.5,270
4.03:  82.7,18.5,270
4.05:  82.7,18.5,270
4.06:  82.7,18.5,270
4.08:  82.7,18.5,270
4.1:  82.7,18.5,270
4.11:  82.7,18.5,270
4.13:  82.7,18.5,270
4.15:  82.7,18.5,270
4.16:  82.7,18.5,270
4.18:  82.7,18.5,270
4.2:  82.7,18.5,270
4.21:  82.7,18.5,270
4.23:  82.7,18.5,270
4.25:  82.7,18.5,270
4.26:  82.7,18.5,270
4.28:  82.7,18.5,270
4.3:  82.7,18.5,270
4.31:  82.7,18.5,270
4.33:  82.7,18.5,270
4.35:  82.7,18.5,270
4.36:  82.7,18.5,270
4.38:  82.7,18.5,270
4.4:  82.7,18.5,270
4.41:  82.7,18.5,270
4.43:  82.7,18.5,270
4.45:  82.7,18.5,270
4.46:  82.7,18.5,270
4.48:  82.7,18.5,270
4.5:  82.7,18.5,270
4.51:  82.7,18.5,270
4.53:  82.7,18.5,270
4.55:  82.7,18.5,270
4.56:  82.7,18.5,270
4.58:  82.7,18.5,270
4.6:  82.7,18.5,270
4.61:  82.7,18.5,270
4.63:  82.7,18.5,270
4.65:  82.7,18.5,270
4.66:  82.7,18.5,270
4.68:  82.7,18.5,270
4.7:  82.7,18.5,270
4.71:  82.7,18.5,270
4.73:  82.7,18.5,270
4.75:  82.7,18.5,270
4.76:  82.7,18.5,270
4.78:  82.7,18.5,270
4.8:  82.7,18.5,270
4.81:  82.7,18.5,270
4.83:  82.7,18.5,270
4.85:  82.7,18.5,270
4.86:  82.7,18.5,270
4.88:  82.7,18.5,270
4.9:  82.7,18.5,270
4.91:  82.7,18.5,270
4.93:  82.7,18.5,270
4.95:  82.7,18.5,270
4.96:  82.7,18.5,270
4.98:  82.7,18.5,270
5:  82.7,18.5,270
5.01:  82.7,18.5,270
5.03:  82.7,18.5,270
5.05:  82.7,18.5,270
5.06:  82.7,18.5,270
5.08:  82.7,18.5,270
5.1:  82.7,18.5,270
5.11:  82.7,18.5,270
5.13:  82.7,18.5,270
5.15:  82.7,18.5,270
5.16:  82.7,18.5,270
5.18:  82.7,18.5,270
5.2:  82.7,18.5,270
5.21:  82.7,18.5,270
5.23:  82.7,18.5,270
5.25:  82.7,18.5,270
5.26:  82.7,18.5,270
5.28:  82.7,18.5,270
5.3:  82.7,18.5,270
5.31:  82.7,18.5,270
5.33:  82.7,18.5,270
5.35:  82.7,18.5,270
5.36:  82.7,18.5,270
5.38:  82.7,18.5,270
5.4:  82.7,18.5,270
5.41:  82.7,18.5,270
5.43:  82.7,18.5,270
5.45:  82.7,18.5,270
5.46:  82.7,18.5,270
5.48:  82.7,18.5,270
5.5:  82.7,18.5,270
5.51:  82.7,18.5,270
5.53:  82.7,18.5,270
5.55:  82.7,18.5,270
5.56:  82.7,18.5,270
5.58:  82.7,18.5,270
5.6:  82.7,18.5,270
5.61:  82.7,18.5,270
5.63:  82.7,18.5,270
5.65:  82.7,18.5,270
5.66:  82.7,18.5,270
5.68:  82.7,18.5,270
5.7:  82.7,18.5,270
5.71:  82.7,18.5,270
5.73:  82.7,18.5,270
5.75:  82.7,18.5,270
5.76:  82.7,18.5,270
5.78:  82.7,18.5,270
5.8:  82.7,18.5,270
5.81:  82.7,18.5,270
5.83:  82.7,18.5,270
5.85:  82.7,18.5,270
5.86:  82.7,18.5,270
5.88:  82.7,18.5,270
5.9:  82.7,18.5,270
5.91:  82.7,18.5,270
5.93:  82.7,18.5,270
5.95:  82.7,18.5,270
5.96:  82.7,18.5,270
5.98:  82.7,18.5,270
6:  82.7,18.5,270
6.01:  82.7,18.5,270
6.03:  82.7,18.5,270
6.05:  82.7,18.5,270
6.06:  82.7,18.5,270
6.08:  82.7,18.5,270
6.1:  82.7,18.5,270
6.11:  82.7,18.5,270
6.13:  82.7,18.5,270
6.15:  82.7,18.5,270
6.16:  82.7,18.5,270
6.18:  82.7,18.5,270
6.2:  82.7,18.5,270
6.21:  82.7,18.5,270
6.23:  82.7,18.5,270
6.25:  82.7,18.5,270
6.26:  82.7,18.5,270
6.28:  82.7,18.5,270
6.3:  82.7,18.5,270
6.31:  82.7,18.5,270
6.33:  82.7,18.5,270
6.35:  82.7,18.5,270
6.36:  82.7,18.5,270
6.38:  82.7,18.5,270
6.4:  82.7,18.5,270
6.41:  82.7,18.5,270
6.43:  82.7,18.5,270
6.45:  82.7,18.5,270
6.46:  82.7,18.5,270
6.48:  82.7,18.5,270
6.5:  82.7,18.5,270
6.51:  82.7,18.5,270
6.53:  82.7,18.5,270
6.55:  82.7,18.5,270
6.56:  82.7,18.5,270
6.58:  82.7,18.5,270
6.6:  82.7,18.5,270
6.61:  82.7,18.5,270
6.63:  82.7,18.5,270
6.65:  82.7,18.5,270
6.66:  82.7,18.5,270
6.68:  82.7,18.5,270
6.7:  82.7,18.5,270
6.71:  82.7,18.5,270
6.73:  82.7,18.5,270
6.75:  82.7,18.5,270
6.76:  82.7,18.5,270
6.78:  82.7,18.5,270
6.8:  82.7,18.5,270
6.81:  82.7,18.5,270
6.83:  82.7,18.5,270
6.85:  82.7,18.5,270
6.86:  82.7,18.5,270
6.88:  82.7,18.5,270
6.9:  82.7,18.5,270
6.91:  82.7,18.5,270
6.93:  82.7,18.5,270
6.95:  82.7,18.5,270
6.96:  82.7,18.5,270
6.98:  82.7,18.5,270
7:  82.7,18.5,270
7.01:  82.7,18.5,270
7.03:  82.7,18.5,270
7.05:  82.7,18.5,270
7.06:  82.7,18.5,270
7.08:  82.7,18.5,270
7.1:  82.7,18.5,270
7.11:  82.7,18.5,270
7.13:  82.7,18.5,270
7.15:  82.7,18.5,270
7.16:  82.7,18.5,270
7.18:  82.7,18.5,270
7.2:  82.7,18.5,270
7.21:  82.7,18.5,270
7.23:  82.7,18.5,270
7.25:  82.7,18.5,270
7.26:  82.7,18.5,270
7.28:  82.7,18.5,270
7.3:  82.7,18.5,270
7.31:  82.7,18.5,270
7.33:  82.7,18.5,270
7.35:  82.7,18.5,270
7.36:  82.7,18.5,270
7.38:  82.7,18.5,270
7.4:  82.7,18.5,270
7.41:  82.7,18.5,270
7.43:  82.7,18.5,270
7.45:  82.7,18.5,270
7.46:  82.7,18.5,270
7.48:  82.7,18.5,270
7.5:  82.7,18.5,270
7.51:  82.7,18.5,270
7.53:  82.7,18.5,270
7.55:  82.7,18.5,270
7.56:  82.7,18.5,270
7.58:  82.7,18.5,270
7.6:  82.7,18.5,270
7.61:  82.7,18.5,270
7.63:  82.7,18.5,270
7.65:  82.7,18.5,270
7.66:  82.7,18.5,270
7.68:  82.7,18.5,270
7.7:  82.7,18.5,270
7.71:  82.7,18.5,270
7.73:  82.7,18.5,270
7.75:  82.7,18.5,270
7.76:  82.7,18.5,270
7.78:  82.7,18.5,270
7.8:  82.7,18.5,270
7.81:  82.7,18.5,270
7.83:  82.7,18.5,270
7.85:  82.7,18.5,270
7.86:  82.7,18.5,270
7.88:  82.7,18.5,270
7.9:  82.7,18.5,270
7.91:  82.7,18.5,270
7.93:  82.7,18.5,270
7.95:  82.7,18.5,270
7.96:  82.7,18.5,270
7.98:  82.7,18.5,270
8:  82.7,18.5,270
8.01:  82.7,18.5,270
8.03:  82.7,18.5,270
8.05:  82.7,18.5,270
8.06:  82.7,18.5,270
8.08:  82.7,18.5,270
8.1:  82.7,18.5,270
8.11:  82.7,18.5,270
8.13:  82.7,18.5,270
8.15:  82.7,18.5,270
8.16:  82.7,18.5,270
8.18:  82.7,18.5,270
8.2:  82.7,18.5,270
8.21:  82.7,18.5,270
8.23:  82.7,18.5,270
8.25:  82.7,18.5,270
8.26:  82.7,18.5,270
8.28:  82.7,18.5,270
8.3:  82.7,18.5,270
8.31:  82.7,18.5,270
8.33:  82.7,18.5,270
8.35:  82.7,18.5,270
8.36:  82.7,18.5,270
8.38:  82.7,18.5,270
8.4:  82.7,18.5,270
8.41:  82.7,18.5,270
8.43:  82.7,18.5,270
8.45:  82.7,18.5,270
8.46:  82.7,18.5,270
8.48:  82.7,18.5,270
8.5:  82.7,18.5,270
8.51:  82.7,18.5,270
8.53:  82.7,18.5,270
8.55:  82.7,18.5,270
8.56:  82.7,18.5,270
8.58:  82.7,18.5,270
8.6:  82.7,18.5,270
8.61:  82.7,18.5,270
8.63:  82.7,18.5,270
8.65:  82.7,18.5,270
8.66:  82.7,18.5,270
8.68:  82.7,18.5,270
8.7:  82.7,18.5,270
8.71:  82.7,18.5,270
8.73:  82.7,18.5,270
8.75:  82.7,18.5,270
8.76:  82.7,18.5,270
8.78:  82.7,18.5,270
8.8:  82.7,18.5,270
8.81:  82.7,18.5,270
8.83:  82.7,18.5,270
8.85:  82.7,18.5,270
8.86:  82.7,18.5,270
8.88:  82.7,18.5,270
8.9:  82.7,18.5,270
8.91:  82.7,18.5,270
8.93:  82.7,18.5,270
8.95:  82.7,18.5,270
8.96:  82.7,18.5,270
8.98:  82.7,18.5,270
9:  82.7,18.5,270
9.01:  82.7,18.5,270
9.03:  82.7,18.5,270
9.05:  82.7,18.5,270
9.06:  82.7,18.5,270
9.08:  82.7,18.5,270
9.1:  82.7,18.5,270
9.11:  82.7,18.5,270
9.13:  82.7,18.5,270
9.15:  82.7,18.5,270
9.16:  82.7,18.5,270
9.18:  82.7,18.5,270
9.2:  82.7,18.5,270
9.21:  82.7,18.5,270
9.23:  82.7,18.5,270
9.25:  82.7,18.5,270
9.26:  82.7,18.5,270
9.28:  82.7,18.5,270
9.3:  82.7,18.5,270
9.31:  82.7,18.5,270
9.33:  82.7,18.5,270
9.35:  82.7,18.5,270
9.36:  82.7,18.5,270
9.38:  82.7,18.5,270
9.4:  82.7,18.5,270
9.41:  82.7,18.5,270
9.43:  82.7,18.5,270
9.45:  82.7,18.5,270
9.46:  82.7,18.5,270
9.48:  82.7,18.5,270
9.5:  82.7,18.5,270
9.51:  82.7,18.5,270
9.53:  82.7,18.5,270
9.55:  82.7,18.5,270
9.56:  82.7,18.5,270
9.58:  82.7,18.5,270
9.6:  82.7,18.5,270
9.61:  82.7,18.5,270
9.63:  82.7,18.5,270
9.65:  82.7,18.5,270
9.66:  82.7,18.5,270
9.68:  82.7,18.5,270
9.7:  82.7,18.5,270
9.71:  82.7,18.5,270
9.73:  82.7,18.5,270
9.75:  82.7,18.5,270
9.76:  82.7,18.5,270
9.78:  82.7,18.5,270
9.8:  82.7,18.5,270
9.81:  82.7,18.5,270
9.83:  82.7,18.5,270
9.85:  82.7,18.5,270
9.86:  82.7,18.5,270
9.88:  82.7,18.5,270
9.9:  82.7,18.5,270
9.91:  82.7,18.5,270
9.93:  82.7,18.5,270
9.95:  82.7,18.5,270
9.96:  82.7,18.5,270
9.98:  82.7,18.5,270
10:  82.7,18.5,270
10.01:  82.7,18.5,270
10.03:  82.7,18.5,270
10.05:  82.7,18.5,270
10.06:  82.7,18.5,270
10.08:  82.7,18.5,270
10.1:  82.7,18.5,270
10.11:  82.7,18.5,270
10.13:  82.7,18.5,270
10.15:  82.7,18.5,270
10.16:  82.7,18.5,270
10.18:  82.7,18.5,270
10.2:  82.7,18.5,270
10.21:  82.7,18.5,270
10.23:  82.7,18.5,270
10.25:  82.7,18.5,270
10.26:  82.7,18.5,270
10.28:  82.7,18.5,270
10.3:  82.7,18.5,270
10.31:  82.7,18.5,270
10.33:  82.7,18.5,270
10.35:  82.7,18.5,270
10.36:  82.7,18.5,270
10.38:  82.7,18.5,270
10.4:  82.7,18.5,270
10.41:  82.7,18.5,270
10.43:  82.7,18.5,270
10.45:  82.7,18.5,270
10.46:  82.7,18.5,270
10.48:  82.7,18.5,270
10.5:  82.7,18.5,270
10.51:  82.7,18.5,270
10.53:  82.7,18.5,270
10.55:  82.7,18.5,270
10.56:  82.7,18.5,270
10.58:  82.7,18.5,270
10.6:  82.7,18.5,270
10.61:  82.7,18.5,270
10.63:  82.7,18.5,270
10.65:  82.7,18.5,270
10.66:  82.7,18.5,270
10.68:  82.7,18.5,270
10.7:  82.7,18.5,270
10.71:  82.7,18.5,270
10.73:  82.7,18.5,270
10.75:  82.7,18.5,270
10.76:  82.7,18.5,270
10.78:  82.7,18.5,270
10.8:  82.7,18.5,270
10.81:  82.7,18.5,270
10.83:  82.7,18.5,270
10.85:  82.7,18.5,270
10.86:  82.7,18.5,270
10.88:  82.7,18.5,270
10.9:  82.7,18.5,270
10.91:  82.7,18.5,270
10.93:  82.7,18.5,270
10.95:  82.7,18.5,270
10.96:  82.7,18.5,270
10.98:  82.7,18.5,270
11:  82.7,18.5,270
11.01:  82.7,18.5,270
11.03:  82.7,18.5,270
11.05:  82.7,18.5,270
11.06:  82.7,18.5,270
11.08:  82.7,18.5,270
11.1:  82.7,18.5,270
11.11:  82.7,18.5,270
11.13:  82.7,18.5,270
11.15:  82.7,18.5,270
11.16:  82.7,18.5,270
11.18:  82.7,18.5,270
11.2:  82.7,18.5,270
11.21:  82.7,18.5,270
11.23:  82.7,18.5,270
11.25:  82.7,18.5,270
11.26:  82.7,18.5,270
11.28:  82.7,18.5,270
11.3:  82.7,18.5,270
11.31:  82.7,18.5,270
11.33:  82.7,18.5,270
11.35:  82.7,18.5,270
11.36:  82.7,18.5,270
11.38:  82.7,18.5,270
11.4:  82.7,18.5,270
11.41:  82.7,18.5,270
11.43:  82.7,18.5,270
11.45:  82.7,18.5,270
11.46:  82.7,18.5,270
11.48:  82.7,18.5,270
11.5:  82.7,18.5,270
11.51:  82.7,18.5,270
11.53:  82.7,18.5,270
11.55:  82.7,18.5,270
11.56:  82.7,18.5,270
11.58:  82.7,18.5,270
11.6:  82.7,18.5,270
11.61:  82.7,18.5,270
11.63:  82.7,18.5,270
11.65:  82.7,18.5,270
11.66:  82.7,18.5,270
11.68:  82.7,18.5,270
11.7:  82.7,18.5,270
11.71:  82.7,18.5,270
11.73:  82.7,18.5,270
11.75:  82.7,18.5,270
11.76:  82.7,18.5,270
11.78:  82.7,18.5,270
11.8:  82.7,18.5,270
11.81:  82.7,18.5,270
11.83:  82.7,18.5,270
11.85:  82.7,18.5,270
11.86:  82.7,18.5,270
11.88:  82.7,18.5,270
11.9:  82.7,18.5,270
11.91:  82.7,18.5,270
11.93:  82.7,18.5,270
11.95:  82.7,18.5,270
11.96:  82.7,18.5,270
11.98:  82.7,18.5,270
12:  82.7,18.5,270
12.01:  82.7,18.5,270
12.03:  82.7,18.5,270
12.05:  82.7,18.5,270
12.06:  82.7,18.5,270
12.08:  82.7,18.5,270
12.1:  82.7,18.5,270
12.11:  82.7,18.5,270
12.13:  82.7,18.5,270
12.15:  82.7,18.5,270
12.16:  82.7,18.5,270
12.18:  82.7,18.5,270
12.2:  82.7,18.5,270
12.21:  82.7,18.5,270
12.23:  82.7,18.5,270
12.25:  82.7,18.5,270
12.26:  82.7,18.5,270
