ParticipantNo: 12218
Controller type: Gamepad
Training Level Timed:
0.02:  82.7,18.5,270
0.03:  82.7,18.5,270
0.05:  82.7,18.5,270
0.07:  82.7,18.5,270
0.08:  82.7,18.5,270
0.1:  82.7,18.5,270
0.12:  82.7,18.5,270
0.13:  82.7,18.5,270
0.15:  82.7,18.5,270
0.17:  82.7,18.5,270
0.18:  82.7,18.5,270
0.2:  82.7,18.5,270
0.22:  82.7,18.5,270
0.23:  82.7,18.5,270
0.25:  82.7,18.5,270
0.27:  82.7,18.5,270
0.28:  82.7,18.5,270
0.3:  82.7,18.5,270
0.32:  82.7,18.5,270
0.33:  82.7,18.5,270
0.35:  82.7,18.5,270
0.37:  82.7,18.5,270
0.38:  82.7,18.5,270
0.4:  82.7,18.5,270
0.42:  82.7,18.5,270
0.43:  82.7,18.5,270
0.45:  82.7,18.5,270
0.47:  82.7,18.5,270
0.48:  82.7,18.5,270
0.5:  82.7,18.5,270
0.52:  82.7,18.5,270
0.53:  82.7,18.5,270
0.55:  82.7,18.5,270
0.57:  82.7,18.5,270
0.58:  82.7,18.5,270
0.6:  82.7,18.5,270
0.62:  82.7,18.5,270
0.63:  82.7,18.5,270
0.65:  82.7,18.5,270
0.67:  82.7,18.5,270
0.68:  82.7,18.5,270
0.7:  82.7,18.5,270
0.72:  82.7,18.5,270
0.73:  82.7,18.5,270
0.75:  82.7,18.5,270
0.77:  82.7,18.5,270
0.78:  82.7,18.5,270
0.8:  82.7,18.5,270
0.82:  82.7,18.5,270
0.83:  82.7,18.5,270
0.85:  82.7,18.5,270
0.87:  82.7,18.5,270
0.88:  82.7,18.5,270
0.9:  82.7,18.5,270
0.92:  82.7,18.5,270
0.93:  82.7,18.5,270
0.95:  82.7,18.5,270
0.97:  82.7,18.5,270
0.98:  82.7,18.5,270
1:  82.7,18.5,270
1.02:  82.7,18.5,270
1.03:  82.7,18.5,270
1.05:  82.7,18.5,270
1.07:  82.7,18.5,270
1.08:  82.7,18.5,270
1.1:  82.7,18.5,270
1.12:  82.7,18.5,270
1.13:  82.7,18.5,270
1.15:  82.7,18.5,270
1.17:  82.7,18.5,270
1.18:  82.7,18.5,270
1.2:  82.7,18.5,270
1.22:  82.7,18.5,270
1.23:  82.7,18.5,270
1.25:  82.7,18.5,270
1.27:  82.7,18.5,270
1.28:  82.7,18.5,270
1.3:  82.7,18.5,270
1.32:  82.7,18.5,270
1.33:  82.7,18.5,270
1.35:  82.7,18.5,270
1.37:  82.7,18.5,270
1.38:  82.7,18.5,270
1.4:  82.7,18.5,270
1.42:  82.7,18.5,270
1.43:  82.7,18.5,270
1.45:  82.7,18.5,270
1.47:  82.7,18.5,270
1.48:  82.7,18.5,270
1.5:  82.7,18.5,270
1.52:  82.7,18.5,270
1.53:  82.7,18.5,270
1.55:  82.7,18.5,270
1.57:  82.7,18.5,270
1.58:  82.7,18.5,270
1.6:  82.7,18.5,270
1.62:  82.7,18.5,270
1.63:  82.7,18.5,270
1.65:  82.7,18.5,270
1.67:  82.7,18.5,270
1.68:  82.7,18.5,270
1.7:  82.7,18.5,270
1.72:  82.7,18.5,270
1.73:  82.7,18.5,270
1.75:  82.7,18.5,270
1.77:  82.7,18.5,270
1.78:  82.7,18.5,270
1.8:  82.7,18.5,270
1.82:  82.7,18.5,270
1.83:  82.7,18.5,270
1.85:  82.7,18.5,270
1.87:  82.7,18.5,270
1.88:  82.7,18.5,270
1.9:  82.7,18.5,270
1.92:  82.7,18.5,270
1.93:  82.7,18.5,270
1.95:  82.7,18.5,270
1.97:  82.7,18.5,270
1.98:  82.7,18.5,270
2:  82.7,18.5,270
2.02:  82.7,18.5,270
2.03:  82.7,18.5,270
2.05:  82.7,18.5,270
2.07:  82.7,18.5,270
2.08:  82.7,18.5,270
2.1:  82.7,18.5,270
2.12:  82.7,18.5,270
2.13:  82.7,18.5,270
2.15:  82.7,18.5,270
2.17:  82.7,18.5,270
2.18:  82.7,18.5,270
2.2:  82.7,18.5,270
2.22:  82.7,18.5,270
2.23:  82.7,18.5,270
2.25:  82.7,18.5,270
2.27:  82.7,18.5,270
2.28:  82.7,18.5,270
2.3:  82.7,18.5,270
2.32:  82.7,18.5,270
2.33:  82.7,18.5,270
2.35:  82.7,18.5,270
2.37:  82.7,18.5,270
2.38:  82.7,18.5,270
2.4:  82.7,18.5,270
2.42:  82.7,18.5,270
2.43:  82.7,18.5,270
2.45:  82.7,18.5,270
2.47:  82.7,18.5,270
2.48:  82.7,18.5,270
2.5:  82.7,18.5,270
2.52:  82.7,18.5,270
2.53:  82.7,18.5,270
2.55:  82.7,18.5,270
2.57:  82.7,18.5,270
2.58:  82.7,18.5,270
2.6:  82.7,18.5,270
2.62:  82.7,18.5,270
2.63:  82.7,18.5,270
2.65:  82.7,18.5,270
2.67:  82.7,18.5,270
2.68:  82.7,18.5,270
2.7:  82.7,18.5,270
2.72:  82.7,18.5,270
2.73:  82.7,18.5,270
2.75:  82.7,18.5,270
2.77:  82.7,18.5,270
2.78:  82.7,18.5,270
2.8:  82.7,18.5,270
2.82:  82.7,18.5,270
2.83:  82.7,18.5,270
2.85:  82.7,18.5,270
2.87:  82.7,18.5,270
2.88:  82.7,18.5,270
2.9:  82.7,18.5,270
2.92:  82.7,18.5,270
2.93:  82.7,18.5,270
2.95:  82.7,18.5,270
2.97:  82.7,18.5,270
2.98:  82.7,18.5,270
3:  82.7,18.5,270
3.02:  82.7,18.5,270
3.03:  82.7,18.5,270
3.05:  82.7,18.5,270
3.07:  82.7,18.5,270
3.08:  82.7,18.5,270
3.1:  82.7,18.5,270
3.12:  82.7,18.5,270
3.13:  82.7,18.5,270
3.15:  82.7,18.5,270
3.17:  82.7,18.5,270
3.18:  82.7,18.5,270
3.2:  82.7,18.5,270
3.22:  82.7,18.5,270
3.23:  82.7,18.5,270
3.25:  82.7,18.5,270
3.27:  82.7,18.5,270
3.28:  82.7,18.5,270
3.3:  82.7,18.5,270
3.32:  82.7,18.5,270
3.33:  82.7,18.5,270
3.35:  82.7,18.5,270
3.37:  82.7,18.5,270
3.38:  82.7,18.5,270
3.4:  82.7,18.5,270
3.42:  82.7,18.5,270
3.43:  82.7,18.5,270
3.45:  82.7,18.5,270
3.47:  82.7,18.5,270
3.48:  82.7,18.5,270
3.5:  82.7,18.5,270
3.52:  82.7,18.5,270
3.53:  82.7,18.5,270
3.55:  82.7,18.5,270
3.57:  82.7,18.5,270
3.58:  82.7,18.5,270
3.6:  82.7,18.5,270
3.62:  82.7,18.5,270
3.63:  82.7,18.5,270
3.65:  82.7,18.5,270
3.67:  82.7,18.5,270
3.68:  82.7,18.5,270
3.72:  82.7,18.5,270
3.73:  82.7,18.5,270
3.75:  82.7,18.5,270
3.77:  82.7,18.5,270
3.78:  82.7,18.5,270
3.8:  82.7,18.5,270
3.82:  82.7,18.5,270
3.83:  82.7,18.5,270
3.85:  82.7,18.5,270
3.87:  82.7,18.5,270
3.88:  82.7,18.5,270
3.9:  82.7,18.5,270
3.92:  82.7,18.5,270
3.93:  82.7,18.5,269.8015
3.95:  82.7,18.5,269.0137
3.97:  82.7,18.5,268.2258
3.98:  82.7,18.5,267.4379
4:  82.7,18.5,266.65
4.02:  82.7,18.5,265.8622
4.03:  82.7,18.5,265.0743
4.05:  82.7,18.5,264.2864
4.07:  82.7,18.5,263.4985
4.08:  82.7,18.5,262.7106
4.1:  82.7,18.5,261.9228
4.12:  82.7,18.5,261.1349
4.13:  82.7,18.5,260.347
4.15:  82.7,18.5,259.5591
4.17:  82.7,18.5,258.7712
4.18:  82.7,18.5,257.9834
4.2:  82.7,18.5,257.1955
4.22:  82.7,18.5,256.4076
4.23:  82.7,18.5,255.6197
4.25:  82.7,18.5,254.8318
4.27:  82.7,18.5,254.044
4.28:  82.7,18.5,253.2561
4.3:  82.7,18.5,252.4682
4.32:  82.7,18.5,251.6803
4.33:  82.7,18.5,250.8925
4.35:  82.7,18.5,250.1046
4.37:  82.7,18.5,249.3167
4.38:  82.7,18.5,248.5288
4.4:  82.7,18.5,247.741
4.42:  82.7,18.5,246.9531
4.43:  82.7,18.5,246.1652
4.45:  82.7,18.5,245.3773
4.47:  82.7,18.5,244.5894
4.48:  82.7,18.5,243.8016
4.5:  82.7,18.5,243.0137
4.52:  82.7,18.5,242.2258
4.53:  82.7,18.5,241.4379
4.55:  82.7,18.5,240.6501
4.57:  82.7,18.5,239.8622
4.58:  82.7,18.5,239.0743
4.6:  82.72958,18.45214,238.2864
4.62:  82.81393,18.30588,237.4985
4.63:  82.89595,18.06022,236.7107
4.65:  82.97205,17.81395,235.9228
4.67:  83.04987,17.5584,235.1349
4.68:  83.12082,17.30625,234.347
4.7:  83.16653,17.03097,233.5591
4.72:  83.19131,16.73097,232.7713
4.73:  83.17632,16.43952,231.9834
4.75:  83.14345,16.15282,231.1955
4.77:  83.10892,15.86269,230.4076
4.78:  83.07686,15.57393,229.6198
4.8:  83.04953,15.29359,228.8319
4.82:  83.0257,15.00849,228.044
4.83:  83.00493,14.71086,227.2561
4.85:  82.98917,14.42931,226.4682
4.87:  82.97744,14.15149,225.6804
4.88:  82.96928,13.86409,224.8925
4.9:  82.95598,13.56587,224.1046
4.92:  82.93389,13.28547,223.3167
4.93:  82.89249,13.00163,222.5288
4.95:  82.838,12.71755,221.741
4.97:  82.77911,12.43462,220.9531
4.98:  82.72142,12.15918,220.1652
5:  82.66344,11.88452,219.3773
5.02:  82.60844,11.60505,218.5894
5.03:  82.55827,11.33016,217.8016
5.05:  82.5098,11.04234,217.0137
5.07:  82.46782,10.77015,216.2258
5.08:  82.42848,10.48962,215.4379
5.1:  82.39385,10.21522,214.6501
5.12:  82.36212,9.93258,213.8622
5.13:  82.33454,9.652161,213.0743
5.15:  82.311,9.373535,212.2864
5.17:  82.29092,9.089298,211.4985
5.18:  82.27504,8.810056,210.7106
5.2:  82.26305,8.531722,209.9228
5.22:  82.25466,8.24526,209.1349
5.23:  82.24384,7.967869,208.347
5.25:  82.22619,7.698796,207.5591
5.27:  82.20518,7.425122,206.7713
5.28:  82.17928,7.158684,205.9834
5.3:  82.1507,6.898003,205.1955
5.32:  82.12545,6.634222,204.4076
5.33:  82.10402,6.372417,203.6198
5.35:  82.0862,6.110589,202.8319
5.37:  82.07172,5.843549,202.044
5.38:  82.06111,5.581539,201.2561
5.4:  82.05409,5.318578,200.4682
5.42:  82.05066,5.053217,199.6803
5.43:  82.05087,4.785469,198.8925
5.45:  82.0548,4.516042,198.1046
5.47:  82.06215,4.256528,197.3167
5.48:  82.07333,3.99103,196.5288
5.5:  82.08769,3.733921,195.741
5.52:  82.10629,3.466924,194.9531
5.53:  82.12826,3.203905,194.1652
5.55:  82.15126,2.943989,193.3773
5.57:  82.15179,2.683337,192.5894
5.58:  82.13434,2.432759,191.8016
5.6:  82.08948,2.189591,191.0137
5.62:  82.04465,1.941058,190.2258
5.63:  82.00373,1.694957,189.4379
5.65:  81.96658,1.450735,188.6501
5.67:  81.93186,1.199306,187.8622
5.68:  81.90093,0.9500769,187.0743
5.7:  81.874,0.7055859,186.2864
5.72:  81.84971,0.4532314,185.4985
5.73:  81.82932,0.2059097,184.7107
5.75:  81.81235,-0.04173331,183.9228
5.77:  81.79863,-0.29217,183.1349
5.78:  81.78839,-0.5418888,182.347
5.8:  81.78162,-0.7908341,181.5591
5.82:  81.77822,-1.042906,180.7713
5.83:  81.7783,-1.293479,179.9834
5.85:  81.78174,-1.55051,179.2335
5.87:  81.7861,-1.795251,178.978
5.88:  81.79057,-2.046007,178.978
5.9:  81.79491,-2.288769,178.978
5.92:  81.79945,-2.543733,178.978
5.93:  81.80389,-2.792095,178.978
5.95:  81.80833,-3.041201,178.978
5.97:  81.81284,-3.29431,178.978
5.98:  81.81724,-3.540764,178.978
6:  81.8217,-3.790831,178.978
6.02:  81.82621,-4.043517,178.978
6.03:  81.83064,-4.292258,178.978
6.05:  81.83508,-4.540871,178.978
6.07:  81.83952,-4.7902,178.978
6.08:  81.84407,-5.04475,178.978
6.1:  81.84846,-5.290708,178.978
6.12:  81.85311,-5.551816,178.978
6.13:  81.85743,-5.793805,178.978
6.15:  81.86183,-6.04059,178.978
6.17:  81.86638,-6.295437,178.978
6.18:  81.87082,-6.544242,178.978
6.2:  81.87527,-6.793995,178.978
6.22:  81.87971,-7.04311,178.978
6.23:  81.88412,-7.290413,178.978
6.25:  81.88859,-7.540473,178.978
6.27:  81.89307,-7.791853,178.978
6.28:  81.89758,-8.04447,178.978
6.3:  81.90195,-8.289834,178.978
6.32:  81.90651,-8.545178,178.978
6.33:  81.91092,-8.792308,178.978
6.35:  81.91533,-9.039778,178.978
6.37:  81.91985,-9.293202,178.978
6.38:  81.92425,-9.539612,178.978
6.4:  81.92867,-9.787695,178.978
6.42:  81.93336,-10.05069,178.978
6.43:  81.93771,-10.29413,178.978
6.45:  81.94213,-10.54192,178.978
6.47:  81.94662,-10.79353,178.978
6.48:  81.95107,-11.04338,178.978
6.5:  81.95544,-11.28858,178.978
6.52:  81.96001,-11.54436,178.978
6.53:  81.9644,-11.79061,178.978
6.55:  81.96883,-12.03889,178.978
6.57:  81.97333,-12.29108,178.978
6.58:  81.97782,-12.54293,178.978
6.6:  81.98222,-12.7894,178.978
6.62:  81.98675,-13.0431,178.978
6.63:  81.9912,-13.29249,178.978
6.65:  81.99576,-13.54843,178.978
6.67:  82.00005,-13.78859,178.978
6.68:  82.00459,-14.04308,178.978
6.7:  82.00897,-14.28902,178.978
6.72:  82.01345,-14.54004,178.978
6.73:  82.01804,-14.79752,178.978
6.75:  82.02243,-15.04378,178.978
6.77:  82.02689,-15.29318,178.978
6.78:  82.03134,-15.54322,178.978
6.8:  82.03577,-15.79122,178.978
6.82:  82.04026,-16.04315,178.978
6.83:  82.04463,-16.28819,178.978
6.85:  82.0491,-16.53856,178.978
6.87:  82.05362,-16.7922,178.978
6.88:  82.05801,-17.03801,178.978
6.9:  82.06243,-17.28614,178.978
6.92:  82.06698,-17.54075,178.978
6.93:  82.07146,-17.79176,178.978
6.95:  82.0759,-18.04087,178.978
6.97:  82.08038,-18.29249,178.978
6.98:  82.08479,-18.53915,178.978
7:  82.08936,-18.79592,178.978
7.02:  82.09376,-19.04212,178.978
7.03:  82.09817,-19.28941,178.978
7.05:  82.10277,-19.54739,178.978
7.07:  82.10721,-19.79627,178.978
7.08:  82.11159,-20.04141,178.978
7.1:  82.11601,-20.28976,178.978
7.12:  82.12053,-20.54295,178.978
7.13:  82.12493,-20.78947,178.978
7.15:  82.12936,-21.03822,178.978
7.17:  82.13402,-21.29896,178.978
7.18:  82.13832,-21.54031,178.978
7.2:  82.14274,-21.788,178.978
7.22:  82.14727,-22.04209,178.978
7.23:  82.15166,-22.2879,178.978
7.25:  82.15612,-22.53808,178.978
7.27:  82.16058,-22.78829,178.978
7.28:  82.16511,-23.04192,178.978
7.3:  82.16949,-23.2879,178.978
7.32:  82.17411,-23.54673,178.978
7.33:  82.1785,-23.79231,178.978
7.35:  82.18292,-24.04073,178.978
7.37:  82.18739,-24.29111,178.978
7.38:  82.19184,-24.54039,178.978
7.4:  82.19624,-24.78747,178.978
7.42:  82.20074,-25.03959,178.978
7.43:  82.20522,-25.29039,178.978
7.45:  82.20963,-25.53729,178.978
7.47:  82.21416,-25.79133,178.978
7.48:  82.2186,-26.04064,178.978
7.5:  82.22298,-26.28641,178.978
7.52:  82.22752,-26.54024,178.978
7.53:  82.23196,-26.78957,178.978
7.55:  82.23639,-27.03802,178.978
7.57:  82.2409,-27.29064,178.978
7.58:  82.24537,-27.54123,178.978
7.6:  82.24977,-27.78785,178.978
7.62:  82.25439,-28.0467,178.978
7.63:  82.25882,-28.29529,178.978
7.65:  82.26317,-28.5391,178.978
7.67:  82.26765,-28.79058,178.978
7.68:  82.27213,-29.04133,178.978
7.7:  82.27651,-29.28707,178.978
7.72:  82.28098,-29.53766,178.978
7.73:  82.28551,-29.79115,178.978
7.75:  82.28996,-30.04053,178.978
7.77:  82.2943,-30.28424,178.978
7.78:  82.29881,-30.53726,178.978
7.8:  82.30328,-30.78764,178.978
7.82:  82.3077,-31.03537,178.978
7.83:  82.31219,-31.28723,178.978
7.85:  82.31663,-31.53587,178.978
7.87:  82.32108,-31.78504,178.978
7.88:  82.32553,-32.03487,178.978
7.9:  82.32999,-32.28492,178.978
7.92:  82.33446,-32.53534,178.978
7.93:  82.339,-32.79044,178.978
7.95:  82.34338,-33.03595,178.978
7.97:  82.3479,-33.28902,178.978
7.98:  82.3523,-33.53585,178.978
8:  82.3568,-33.78798,178.978
8.02:  82.36125,-34.03749,178.978
8.03:  82.36566,-34.2845,178.978
8.05:  82.37032,-34.54616,178.978
8.07:  82.37466,-34.78952,178.978
8.08:  82.37914,-35.03991,178.978
8.1:  82.38355,-35.28743,178.978
8.12:  82.38805,-35.53943,178.978
8.13:  82.39251,-35.78988,178.978
8.15:  82.3969,-36.03611,178.978
8.17:  82.40142,-36.28916,178.978
8.18:  82.40585,-36.53751,178.978
8.2:  82.41028,-36.78579,178.978
8.22:  82.4148,-37.03938,178.978
8.23:  82.41925,-37.28894,178.978
8.25:  82.42366,-37.53596,178.978
8.27:  82.42815,-37.78791,178.978
8.28:  82.43262,-38.03863,178.978
8.3:  82.43706,-38.28688,178.978
8.32:  82.44165,-38.5444,178.978
8.33:  82.446,-38.78837,178.978
8.35:  82.45057,-39.04439,178.978
8.37:  82.45496,-39.29034,178.978
8.38:  82.45941,-39.53997,178.978
8.4:  82.46379,-39.78565,178.978
8.42:  82.4682,-40.03295,178.978
8.43:  82.47269,-40.28487,178.978
8.45:  82.47715,-40.53465,178.978
8.47:  82.48165,-40.78687,178.978
8.48:  82.48615,-41.03862,178.978
8.5:  82.49052,-41.28413,178.978
8.52:  82.49505,-41.53815,178.978
8.53:  82.49952,-41.78876,178.978
8.55:  82.50391,-42.03498,178.978
8.57:  82.50843,-42.28797,178.978
8.58:  82.51306,-42.5476,178.978
8.6:  82.51729,-42.78463,178.978
8.62:  82.52182,-43.0386,178.978
8.63:  82.52628,-43.28846,178.978
8.65:  82.53072,-43.53725,178.978
8.67:  82.53519,-43.78811,178.978
8.68:  82.53966,-44.03864,178.978
8.7:  82.54403,-44.28392,178.978
8.72:  82.54855,-44.5375,178.978
8.73:  82.55303,-44.78829,178.978
8.75:  82.55741,-45.03389,178.978
8.77:  82.5619,-45.28579,178.978
8.78:  82.56657,-45.5477,178.978
8.8:  82.57093,-45.79194,178.978
8.82:  82.57534,-46.03909,178.978
8.83:  82.57977,-46.28722,178.978
8.85:  82.58418,-46.53476,178.978
8.87:  82.58869,-46.78737,178.978
8.88:  82.59328,-47.04433,178.978
8.9:  82.59756,-47.28451,178.978
8.92:  82.60199,-47.53302,178.978
8.93:  82.60645,-47.7827,178.978
8.95:  82.61108,-48.04224,178.978
8.97:  82.61536,-48.29033,179.0117
8.98:  82.61921,-48.53828,179.1088
9:  82.62244,-48.78522,179.2502
9.02:  82.62487,-49.03422,179.4423
9.03:  82.62619,-49.28445,179.6978
9.05:  82.62611,-49.53446,180.0167
9.07:  82.62444,-49.78677,180.3799
9.08:  82.62094,-50.03739,180.8002
9.1:  82.61551,-50.28327,181.2648
9.12:  82.60759,-50.53717,181.7865
9.13:  82.59727,-50.7846,182.3906
9.15:  82.58372,-51.03715,183.0707
9.17:  82.56724,-51.28305,183.8333
9.18:  82.54688,-51.53502,184.6211
9.2:  82.52372,-51.77957,185.409
9.22:  82.49625,-52.03251,186.1969
9.23:  82.46594,-52.27993,186.9848
9.25:  82.4314,-52.53294,187.7727
9.27:  82.39427,-52.77962,188.5605
9.28:  82.35365,-53.02638,189.3484
9.3:  82.31068,-53.26671,190.1363
9.32:  82.26299,-53.51382,190.9242
9.33:  82.21215,-53.75906,191.7121
9.35:  82.15882,-53.99959,192.4999
9.37:  82.1006,-54.24611,193.2878
9.38:  82.0397,-54.48901,194.0757
9.4:  81.97672,-54.72633,194.8636
9.42:  81.90801,-54.97157,195.6514
9.43:  81.83855,-55.20699,196.4393
9.45:  81.76332,-55.44958,197.2272
9.47:  81.68616,-55.68686,198.0151
9.48:  81.6052,-55.92463,198.803
9.5:  81.52241,-56.15726,199.5908
9.53:  81.43478,-56.39315,200.3787
9.55:  81.3455,-56.62372,201.1666
9.57:  81.25208,-56.85549,201.9545
9.58:  81.15496,-57.08718,202.7424
9.6:  81.05322,-57.32081,203.5302
9.62:  80.95255,-57.5436,204.3181
9.63:  80.84232,-57.77885,205.106
9.65:  80.73626,-57.99733,205.8939
9.67:  80.62421,-58.2203,206.6817
9.68:  80.5082,-58.44343,207.4696
9.7:  80.3917,-58.66018,208.2575
9.72:  80.25383,-58.86824,209.0454
9.73:  80.0971,-59.0714,209.8333
9.75:  79.93635,-59.26616,210.6211
9.77:  79.77003,-59.4547,211.409
9.78:  79.58558,-59.64326,212.1969
9.8:  79.38179,-59.8088,212.9848
9.82:  79.16479,-59.96246,213.7727
9.83:  78.93909,-60.10669,214.5605
9.85:  78.70238,-60.24545,215.3484
9.87:  78.46219,-60.37674,216.1363
9.88:  78.21519,-60.50486,216.9242
9.9:  77.96868,-60.62846,217.7121
9.92:  77.72158,-60.75058,218.4999
9.93:  77.47221,-60.86714,219.2878
9.95:  77.21568,-60.98278,220.0757
9.97:  76.95837,-61.09454,220.8636
9.98:  76.70644,-61.19987,221.6514
10:  76.44591,-61.30461,222.4393
10.02:  76.18822,-61.40411,223.2272
10.03:  75.92757,-61.50067,224.0151
10.05:  75.65919,-61.59591,224.803
10.07:  75.39902,-61.68422,225.5908
10.08:  75.13809,-61.76881,226.3787
10.1:  74.87321,-61.85067,227.1666
10.12:  74.609,-61.92836,227.9545
10.13:  74.34049,-62.00333,228.7424
10.15:  74.06573,-62.07597,229.5302
10.17:  73.80157,-62.14194,230.3181
10.18:  73.52817,-62.20625,231.106
10.2:  73.26291,-62.2648,231.8939
10.22:  72.99152,-62.32079,232.6818
10.23:  72.71938,-62.37306,233.4696
10.25:  72.44622,-62.42163,234.2575
10.27:  72.17574,-62.4659,235.0454
10.28:  71.89819,-62.50742,235.8333
10.3:  71.62818,-62.54402,236.6212
10.32:  71.34104,-62.57893,237.409
10.33:  71.07072,-62.60803,238.1969
10.35:  70.79651,-62.63374,238.9848
10.37:  70.51237,-62.65644,239.7727
10.38:  70.2391,-62.67669,240.5605
10.4:  69.97726,-62.70995,241.3484
10.42:  69.71803,-62.75066,242.1363
10.43:  69.46242,-62.79651,242.9242
10.45:  69.20911,-62.84787,243.7121
10.47:  68.9556,-62.9005,244.5
10.48:  68.69797,-62.9503,245.2878
10.5:  68.44557,-62.9955,246.0757
10.52:  68.19734,-63.03644,246.8636
10.53:  67.93947,-63.07533,247.6515
10.55:  67.68501,-63.11014,248.4393
10.57:  67.43189,-63.14122,249.2272
10.58:  67.16731,-63.17003,250.0151
10.6:  66.91473,-63.19402,250.803
10.62:  66.66316,-63.21442,251.5909
10.63:  66.40321,-63.23192,252.3788
10.65:  66.14627,-63.24566,253.1666
10.67:  65.89351,-63.2557,253.9545
10.68:  65.63077,-63.26251,254.7424
10.7:  65.37324,-63.26565,255.5303
10.72:  65.12057,-63.26525,256.3181
10.73:  64.86079,-63.26128,257.106
10.75:  64.60198,-63.25615,257.8939
10.77:  64.35032,-63.2477,258.6818
10.78:  64.08955,-63.23536,259.4697
10.8:  63.83178,-63.21721,260.2575
10.82:  63.57855,-63.19587,261.0454
10.83:  63.31905,-63.1704,261.8333
10.85:  63.0668,-63.14214,262.6212
10.87:  62.81268,-63.11012,263.4091
10.88:  62.55356,-63.07385,264.1969
10.9:  62.2985,-63.03456,264.9848
10.92:  62.04899,-62.99261,265.7727
10.93:  61.79637,-62.94655,266.5605
10.95:  61.54187,-62.89653,267.3484
10.97:  61.28873,-62.84315,268.1363
10.98:  61.03525,-62.78605,268.9242
11:  60.7858,-62.72623,269.7121
11.02:  60.5405,-62.66383,270.5
11.03:  60.28828,-62.59597,271.2878
11.05:  60.04254,-62.52867,272.0757
11.07:  59.78739,-62.46781,272.8636
11.08:  59.54633,-62.4165,273.6515
11.1:  59.2986,-62.36019,274.4393
11.12:  59.05758,-62.30191,275.2272
11.13:  58.81132,-62.23877,276.0151
11.15:  58.56536,-62.17209,276.803
11.17:  58.32292,-62.10025,277.5909
11.18:  58.08045,-62.0273,278.3787
11.2:  57.84142,-61.95178,279.1666
11.22:  57.60424,-61.87325,279.9545
11.23:  57.36137,-61.78911,280.7424
11.25:  57.12455,-61.7034,281.5303
11.27:  56.8902,-61.61492,282.3181
11.28:  56.65503,-61.52242,283.106
11.3:  56.4132,-61.42072,283.8939
11.32:  56.18936,-61.32294,284.6818
11.33:  55.95636,-61.21732,285.4697
11.35:  55.72933,-61.11063,286.2575
11.37:  55.50055,-60.99924,287.0454
11.38:  55.2764,-60.88626,287.8333
11.4:  55.04926,-60.76784,288.6212
11.42:  54.83104,-60.65022,289.4091
11.43:  54.60651,-60.52519,290.1969
11.45:  54.38913,-60.4002,290.9848
11.47:  54.17403,-60.27254,291.7727
11.48:  53.95516,-60.13854,292.5605
11.5:  53.73721,-60.00096,293.3484
11.52:  53.52938,-59.86573,294.1363
11.53:  53.31779,-59.72387,294.9242
11.55:  53.10079,-59.57402,295.7121
11.57:  52.90108,-59.43201,296.4999
11.58:  52.69613,-59.282,297.2878
11.6:  52.49881,-59.13336,298.0757
11.62:  52.2987,-58.97826,298.8636
11.63:  52.09786,-58.81812,299.6515
11.65:  51.9054,-58.66029,300.4393
11.67:  51.71127,-58.49657,301.2272
11.68:  51.52124,-58.33179,302.0151
11.7:  51.32724,-58.15883,302.803
11.72:  51.14365,-57.99057,303.5909
11.73:  50.95798,-57.81565,304.3787
11.75:  50.77678,-57.64016,305.1666
11.77:  50.59972,-57.46391,305.9545
11.78:  50.42186,-57.28192,306.7424
11.8:  50.24612,-57.09709,307.5302
11.82:  50.07645,-56.91364,308.3181
11.83:  49.90798,-56.72276,309.106
11.85:  49.74138,-56.52869,309.8939
11.87:  49.58083,-56.33638,310.6818
11.88:  49.41914,-56.13718,311.4696
11.9:  49.25911,-55.93441,312.2575
11.92:  49.11034,-55.74047,313.0454
11.93:  48.96824,-55.52105,313.8333
11.95:  48.8578,-55.2836,314.6212
11.97:  48.74632,-55.03632,315.3013
11.98:  48.63526,-54.78542,315.6899
12:  48.53174,-54.54605,315.6899
12.02:  48.4306,-54.30082,315.6899
12.03:  48.33533,-54.03957,315.6899
12.05:  48.24263,-53.78537,315.6899
12.07:  48.1489,-53.52835,315.6899
12.08:  48.05308,-53.26558,315.6899
12.1:  47.96172,-53.00861,315.6899
12.12:  47.87066,-52.75246,315.6899
12.13:  47.77672,-52.49017,315.5548
12.15:  47.67972,-52.22339,315.2803
12.17:  47.58592,-51.97118,314.86
12.18:  47.48765,-51.71464,314.3003
12.2:  47.38618,-51.45995,313.5378
12.22:  47.284,-51.20768,312.7499
12.23:  47.17495,-50.94872,311.962
12.25:  47.06135,-50.689,311.1741
12.27:  46.94857,-50.44053,310.3863
12.28:  46.83212,-50.19305,309.5984
12.3:  46.71104,-49.94467,308.8105
12.32:  46.58759,-49.70004,308.0226
12.33:  46.45896,-49.45362,307.2347
12.35:  46.32798,-49.21088,306.4468
12.37:  46.19534,-48.97297,305.659
12.38:  46.05534,-48.72978,304.8711
12.4:  45.90981,-48.48483,304.0832
12.42:  45.77245,-48.26072,303.2953
12.43:  45.62225,-48.02304,302.5074
12.45:  45.47452,-47.79625,301.7196
12.47:  45.31728,-47.56195,300.9317
12.48:  45.16216,-47.33755,300.1438
12.5:  44.99732,-47.10598,299.356
12.52:  44.83916,-46.89012,298.5681
12.53:  44.66642,-46.66104,297.7802
12.55:  44.51345,-46.42513,296.9923
12.57:  44.35562,-46.17742,296.2044
12.58:  44.19554,-45.93363,295.4165
12.6:  44.0342,-45.69514,294.6287
12.62:  43.8595,-45.44439,293.8408
12.63:  43.69102,-45.20953,293.0529
12.65:  43.52319,-44.96833,292.265
12.67:  43.37161,-44.6897,291.4771
12.68:  43.23447,-44.41124,290.6893
12.7:  43.09879,-44.12976,289.9014
12.72:  42.98315,-43.84457,289.1135
12.73:  42.87336,-43.54386,288.3256
12.75:  42.77768,-43.24366,287.5378
12.77:  42.71273,-42.96887,286.7499
12.78:  42.66371,-42.69506,285.962
12.8:  42.62546,-42.42832,285.1741
12.82:  42.59539,-42.16597,284.3862
12.83:  42.56561,-41.89793,283.5984
12.85:  42.53519,-41.63624,282.8105
12.87:  42.5031,-41.37167,282.0226
12.88:  42.46761,-41.10932,281.2347
12.9:  42.44059,-40.84969,280.4468
12.92:  42.42484,-40.59816,279.659
12.93:  42.40522,-40.34132,278.8711
12.95:  42.38209,-40.08506,278.0832
12.97:  42.35544,-39.82916,277.2953
12.98:  42.32498,-39.57116,276.5074
13:  42.29128,-39.31588,275.7196
13.02:  42.25471,-39.06548,274.9317
13.03:  42.21367,-38.80919,274.1438
13.05:  42.17046,-38.56118,273.3559
13.07:  42.12103,-38.29893,272.5681
13.08:  42.06892,-38.04186,271.7802
13.1:  42.01741,-37.80457,270.9923
13.12:  41.95693,-37.55396,270.2044
13.13:  41.88338,-37.30495,269.4165
13.15:  41.77293,-37.05395,268.6287
13.17:  41.6562,-36.80913,267.8408
13.18:  41.53674,-36.56723,267.0529
13.2:  41.4137,-36.32145,266.265
13.22:  41.2906,-36.08378,265.4771
13.23:  41.16085,-35.8415,264.6893
13.25:  41.03112,-35.60704,263.9014
13.27:  40.89683,-35.37204,263.1135
13.28:  40.75701,-35.13499,262.3256
13.3:  40.61597,-34.90321,261.5378
13.32:  40.46965,-34.67004,260.7499
13.33:  40.32611,-34.44813,259.962
13.35:  40.17361,-34.21934,259.1741
13.37:  40.02024,-33.99595,258.3862
13.38:  39.86582,-33.77754,257.5984
13.4:  39.70589,-33.5539,256.8105
13.42:  39.54853,-33.34014,256.0226
13.43:  39.38226,-33.12441,255.2347
13.45:  39.20948,-32.90273,254.4468
13.47:  39.04755,-32.70077,253.659
13.48:  38.87439,-32.4943,252.8711
13.5:  38.69886,-32.28731,252.0832
13.52:  38.5205,-32.08274,251.2953
13.53:  38.33799,-31.87913,250.5074
13.55:  38.15575,-31.68137,249.7196
13.57:  37.96655,-31.47824,248.9317
13.58:  37.78434,-31.28793,248.1438
13.6:  37.59887,-31.09165,247.5461
13.62:  37.41677,-30.90133,247.1891
13.63:  37.23299,-30.7068,247.0604
13.65:  37.07441,-30.50212,247.0604
13.67:  36.92466,-30.29736,247.0604
13.68:  36.77307,-30.09009,247.0604
13.7:  36.61472,-29.87358,247.0604
13.72:  36.46981,-29.67543,247.0604
13.73:  36.31771,-29.46746,247.0604
13.75:  36.16095,-29.25313,247.0604
13.77:  36.01025,-29.04706,247.0604
13.78:  35.86153,-28.84247,247.2272
13.8:  35.71058,-28.63473,247.7679
13.82:  35.55737,-28.42187,248.5558
13.83:  35.38129,-28.21994,249.3436
13.85:  35.18643,-28.0346,250.1315
13.87:  34.95768,-27.84518,250.9194
13.88:  34.69352,-27.6715,251.7073
13.9:  34.4073,-27.52253,252.4951
13.92:  34.12192,-27.39987,253.2831
13.93:  33.83532,-27.29537,254.0709
13.95:  33.54788,-27.21543,254.6623
13.97:  33.28551,-27.16536,254.6897
13.98:  33.01758,-27.13671,254.6897
14:  32.75473,-27.13653,254.6897
14.02:  32.49594,-27.15316,254.6897
14.03:  32.2453,-27.16927,254.6897
14.05:  31.99179,-27.19037,254.6897
14.07:  31.74589,-27.23245,254.6897
14.08:  31.50159,-27.28413,254.6897
14.1:  31.25587,-27.33611,254.6897
14.12:  31.01432,-27.38968,254.6897
14.13:  30.76661,-27.44461,254.6897
14.15:  30.52161,-27.49894,254.6897
14.17:  30.2802,-27.55001,254.6897
14.18:  30.03491,-27.60441,254.6897
14.2:  29.78757,-27.65673,254.6897
14.22:  29.54673,-27.70767,254.6897
14.23:  29.29778,-27.76033,254.6897
14.25:  29.04342,-27.81155,254.6897
14.27:  28.79156,-27.82773,254.6897
14.28:  28.54134,-27.82756,254.6897
14.3:  28.27658,-27.80844,254.6897
14.32:  28.00898,-27.77983,254.6897
14.33:  27.73057,-27.7453,254.6897
14.35:  27.4634,-27.7054,254.6897
14.37:  27.19953,-27.66377,254.6897
14.38:  26.9284,-27.62057,254.7804
14.4:  26.65788,-27.57631,255.0168
14.42:  26.39021,-27.53056,255.4245
14.43:  26.10814,-27.47948,255.9905
14.45:  25.84135,-27.42791,256.6643
14.47:  25.58352,-27.37451,257.4268
14.48:  25.31224,-27.31443,258.2147
14.5:  25.03588,-27.24921,259.0026
14.52:  24.77526,-27.18417,259.7397
14.53:  24.51131,-27.11529,260.3502
14.55:  24.24779,-27.04483,260.6944
14.57:  23.98203,-26.9732,260.8105
14.58:  23.71608,-26.90152,260.8105
14.6:  23.45013,-26.82983,260.8105
14.62:  23.19074,-26.75992,260.8105
14.63:  22.92415,-26.68806,260.8105
14.65:  22.65933,-26.61668,260.8105
14.67:  22.39674,-26.54591,260.8105
14.68:  22.13087,-26.47425,260.8105
14.7:  21.8662,-26.40291,260.8105
14.72:  21.60345,-26.33209,260.8105
14.73:  21.33354,-26.25933,260.8105
14.75:  21.07066,-26.18848,260.8105
14.77:  20.80377,-26.11654,260.8105
14.78:  20.54003,-26.04545,260.8105
14.8:  20.2744,-25.97386,260.8105
14.82:  20.01156,-25.90301,260.8105
14.83:  19.73741,-25.82912,260.8105
14.85:  19.48038,-25.75984,260.8105
14.87:  19.20964,-25.68686,260.8105
14.88:  18.9507,-25.61707,260.8105
14.9:  18.68608,-25.54574,260.8105
14.92:  18.41531,-25.47276,260.8105
14.93:  18.14911,-25.40101,260.8105
14.95:  17.89032,-25.33125,260.8105
14.97:  17.63212,-25.26166,260.8105
14.98:  17.36242,-25.18897,260.8105
15:  17.09947,-25.11809,260.8105
15.02:  16.8353,-25.04689,260.8105
15.03:  16.57076,-24.97558,260.8105
15.05:  16.30525,-24.90402,260.8105
15.07:  16.04086,-24.83276,260.8105
15.08:  15.77302,-24.76056,260.8105
15.1:  15.5065,-24.68873,260.8105
15.12:  15.24767,-24.61896,260.8105
15.13:  14.97843,-24.54639,260.8105
15.15:  14.71351,-24.47499,260.8105
15.17:  14.45275,-24.4047,260.8105
15.18:  14.1851,-24.33256,260.8105
15.2:  13.91935,-24.26093,260.8105
15.22:  13.65805,-24.1905,260.8105
15.23:  13.38903,-24.11798,260.8105
15.25:  13.12599,-24.04709,260.8105
15.27:  12.8637,-23.97639,260.8105
15.28:  12.59628,-23.91135,260.8105
15.3:  12.33998,-23.89081,260.8105
15.32:  12.09111,-23.89439,260.8105
15.33:  11.82961,-23.91335,260.8105
15.35:  11.58718,-23.93568,260.8105
15.37:  11.33999,-23.96825,260.8105
15.38:  11.09651,-24.00764,260.8105
15.4:  10.85013,-24.0475,260.8105
15.42:  10.60262,-24.08754,260.8105
15.43:  10.34759,-24.1288,260.8105
15.45:  10.10121,-24.16866,260.8105
15.47:  9.862563,-24.20726,260.8105
15.48:  9.615971,-24.24716,260.8105
15.5:  9.36925,-24.28707,260.8105
15.52:  9.113159,-24.3285,260.8105
15.53:  8.8662,-24.36845,260.8105
15.55:  8.624438,-24.40756,260.8105
15.57:  8.381049,-24.44694,260.8105
15.58:  8.131107,-24.48737,260.8105
15.6:  7.88335,-24.52745,260.8105
15.62:  7.641131,-24.56664,260.8105
15.63:  7.39084,-24.60713,260.8105
15.65:  7.142184,-24.63249,260.8105
15.67:  6.890636,-24.62175,260.8105
15.68:  6.623243,-24.58553,260.8105
15.72:  6.361211,-24.53814,260.8105
15.73:  6.109634,-24.49038,260.8105
15.75:  5.845542,-24.44025,260.8105
15.77:  5.580415,-24.37111,260.8105
15.78:  5.309203,-24.26096,260.8105
15.8:  5.03267,-24.10165,260.8105
15.82:  4.835411,-23.87708,260.8105
15.83:  4.745614,-23.64098,260.8105
15.85:  4.705682,-23.39414,260.8105
15.87:  4.665613,-23.14647,260.8105
15.88:  4.625681,-22.89964,260.8105
15.9:  4.704806,-22.632,260.8105
15.92:  4.899401,-22.34749,260.8105
15.93:  5.110558,-22.11028,260.8105
15.95:  5.33395,-21.90566,260.8105
15.97:  5.556336,-21.73755,260.8105
15.98:  5.786435,-21.5935,260.8105
16:  6.017347,-21.46265,260.8948
16.02:  6.254371,-21.34811,261.1123
16.03:  6.494777,-21.25756,261.5326
16.05:  6.738934,-21.18637,262.1113
16.07:  6.982654,-21.1285,262.7978
16.08:  7.226444,-21.07909,263.5857
16.1:  7.477387,-21.03686,264.3735
16.12:  7.725238,-21.00606,265.1614
16.13:  7.971551,-20.98862,265.9493
16.15:  8.224898,-20.97417,266.7372
16.17:  8.470727,-20.96355,267.5251
16.18:  8.719946,-20.95621,268.3129
16.2:  8.973256,-20.95223,269.1008
16.22:  9.220436,-20.95175,269.8887
16.23:  9.470474,-20.9547,270.6766
16.25:  9.723786,-20.96118,271.4644
16.27:  9.979634,-20.97124,272.2523
16.28:  10.22665,-20.98436,273.0402
16.3:  10.47431,-21.00093,273.8281
16.32:  10.72275,-21.02099,274.616
16.33:  10.96701,-21.0441,275.4038
16.35:  11.21973,-21.07152,276.1917
16.37:  11.46632,-21.1017,276.9796
16.38:  11.71181,-21.13519,277.7675
16.4:  11.96335,-21.17303,278.5554
16.42:  12.2096,-21.21355,279.3433
16.43:  12.45925,-21.21646,280.1311
16.45:  12.72633,-21.1717,280.919
16.47:  13.00075,-21.07628,281.7069
16.48:  13.28491,-20.93793,282.4948
16.5:  13.57975,-20.76784,283.2827
16.52:  13.8485,-20.57405,284.0705
16.53:  14.08618,-20.38033,284.8584
16.55:  14.3241,-20.18411,285.6463
16.57:  14.55711,-19.99727,286.4341
16.58:  14.79839,-19.80919,287.222
16.6:  15.04512,-19.62226,288.0099
16.62:  15.29052,-19.44159,288.7978
16.63:  15.53805,-19.26699,289.5857
16.65:  15.79255,-19.09511,290.3735
16.67:  16.05985,-18.91987,291.1614
16.68:  16.3136,-18.75846,291.9493
16.7:  16.57498,-18.59721,292.7372
16.72:  16.83726,-18.44033,293.5251
16.73:  17.09964,-18.28826,294.3129
16.75:  17.37045,-18.13623,295.1008
16.77:  17.63744,-17.99115,295.8887
16.78:  17.90989,-17.84791,296.6766
16.8:  18.18691,-17.7071,297.4644
16.82:  18.45981,-17.57307,298.2523
16.83:  18.73754,-17.44138,299.0402
16.85:  19.02054,-17.31192,299.8281
16.87:  19.29932,-17.18901,300.616
16.88:  19.58308,-17.06853,301.4038
16.9:  19.86638,-16.95281,302.1917
16.92:  20.15641,-16.83898,302.9796
16.93:  20.44044,-16.73198,303.7675
16.95:  20.73999,-16.62382,304.5554
16.97:  21.0208,-16.52677,305.3432
16.98:  21.31007,-16.43122,306.1311
17:  21.60432,-16.33639,306.919
17.02:  21.8937,-16.24541,307.7069
17.03:  22.17914,-16.15369,308.4948
17.05:  22.46798,-16.06307,309.2826
17.07:  22.75096,-15.97855,310.0705
17.08:  23.03714,-15.89521,310.8584
17.1:  23.3191,-15.81087,311.6463
17.12:  23.59075,-15.71611,312.4341
17.13:  23.84696,-15.61947,313.222
17.15:  24.0969,-15.51023,314.0099
17.17:  24.32578,-15.387,314.7978
17.18:  24.54571,-15.25113,315.5857
17.2:  24.75761,-15.11025,316.3735
17.22:  24.94606,-14.94554,317.1614
17.23:  25.12905,-14.78049,317.9493
17.25:  25.31908,-14.61376,318.7372
17.27:  25.50858,-14.45205,319.5251
17.28:  25.69884,-14.29417,320.3129
17.3:  25.89676,-14.13447,321.1008
17.32:  26.09204,-13.98129,321.8887
17.33:  26.29032,-13.83011,322.6766
17.35:  26.49335,-13.67968,323.4644
17.37:  26.6966,-13.53337,324.2523
17.38:  26.90171,-13.38997,325.0402
17.4:  27.10472,-13.25215,325.8281
17.42:  27.31664,-13.24401,326.616
17.43:  27.5242,-13.24309,327.4038
17.45:  27.74496,-13.24216,328.1917
17.47:  27.95274,-13.24122,328.9796
17.48:  28.16629,-13.24028,329.7675
17.5:  28.38616,-13.23932,330.5554
17.52:  28.60842,-13.23836,331.3432
17.53:  28.82492,-13.23739,332.1311
17.55:  29.05036,-13.23641,332.919
17.57:  29.27531,-13.23543,333.7069
17.58:  29.49978,-13.23444,334.4948
17.6:  29.73365,-13.23345,335.2826
17.62:  29.95643,-13.23244,336.0705
17.63:  30.18272,-13.23143,336.8584
17.65:  30.41679,-13.23042,337.6463
17.67:  30.64797,-13.2294,338.4341
17.68:  30.88272,-13.22837,339.222
17.7:  31.11641,-13.22734,340.0099
17.72:  31.35366,-13.22631,340.7978
17.73:  31.58844,-13.22417,341.5857
17.75:  31.84036,-13.18252,342.3735
17.77:  32.07222,-13.11771,343.1614
17.78:  32.3158,-13.04763,343.9493
17.8:  32.55336,-12.9828,344.7372
17.82:  32.79831,-12.91957,345.5251
17.83:  33.03807,-12.86118,346.3129
17.85:  33.28394,-12.80487,347.1008
17.87:  33.52786,-12.75253,347.8887
17.88:  33.77237,-12.70357,348.6766
17.9:  34.01818,-12.65785,349.4644
17.92:  34.27494,-12.61374,350.2523
17.93:  34.51061,-12.57658,351.0402
17.95:  34.76696,-12.53977,351.8281
17.97:  35.00901,-12.5084,352.616
17.98:  35.25663,-12.47977,353.4038
18:  35.50334,-12.45467,354.1917
18.02:  35.75274,-12.43277,354.9796
18.03:  36.00086,-12.4144,355.7675
18.05:  36.25507,-12.3991,356.5554
18.07:  36.5088,-12.38733,357.3432
18.08:  36.75861,-12.37918,358.1311
18.1:  37.00401,-12.37455,358.919
18.12:  37.25528,-12.37326,359.7069
18.13:  37.5009,-12.37538,0.4947516
18.15:  37.75924,-12.38117,1.28263
18.17:  38.00332,-12.38999,2.070509
18.18:  38.24927,-12.40227,2.858388
18.2:  38.5081,-12.41876,3.646267
18.22:  38.75289,-12.43775,4.434146
18.23:  38.9976,-12.46011,5.222025
18.25:  39.25041,-12.48673,6.009904
18.27:  39.49772,-12.51621,6.797782
18.28:  39.74271,-12.54883,7.585661
18.3:  39.9933,-12.58572,8.373542
18.32:  40.23635,-12.62492,9.161422
18.33:  40.48291,-12.66817,9.9493
18.35:  40.73095,-12.7152,10.73718
18.37:  40.97604,-12.76518,11.52506
18.38:  41.21929,-12.81827,12.31294
18.4:  41.46342,-12.87509,13.10081
18.42:  41.70633,-12.93515,13.88869
18.43:  41.94594,-12.99791,14.67657
18.45:  42.18773,-13.06736,15.46445
18.47:  42.43169,-13.15164,16.25233
18.48:  42.65341,-13.24411,17.04021
18.5:  42.87698,-13.36217,17.82809
18.52:  43.09655,-13.49861,18.61597
18.53:  43.30563,-13.65806,19.40385
18.55:  43.51025,-13.83667,20.19173
18.57:  43.70517,-14.01766,20.97961
18.58:  43.89995,-14.20357,21.76748
18.6:  44.09454,-14.39449,22.55536
18.62:  44.29101,-14.57315,23.34324
18.63:  44.49027,-14.73126,24.13112
18.65:  44.69523,-14.89231,24.919
18.67:  44.89082,-15.0504,25.70688
18.68:  45.08932,-15.21541,26.49476
18.7:  45.28714,-15.3845,27.28264
18.72:  45.48257,-15.55305,28.07052
18.73:  45.67601,-15.71201,28.8584
18.75:  45.87952,-15.8618,29.64628
18.77:  46.08803,-16.00139,30.43415
18.78:  46.29812,-16.13734,31.22203
18.8:  46.50363,-16.27437,32.00991
18.82:  46.7196,-16.42271,32.79779
18.83:  46.91433,-16.56043,33.58567
18.85:  47.11946,-16.70979,34.37355
18.87:  47.31937,-16.85958,35.16143
18.88:  47.51756,-17.0063,35.94931
18.9:  47.72076,-17.15797,36.73719
18.92:  47.9166,-17.30838,37.52507
18.93:  48.11222,-17.46294,38.31295
18.95:  48.30684,-17.6243,39.10083
18.97:  48.46983,-17.81783,39.88871
18.98:  48.60717,-18.03844,40.67658
19:  48.71973,-18.2937,41.46446
19.02:  48.80467,-18.57385,42.25234
19.03:  48.86047,-18.87104,43.04023
19.05:  48.89209,-19.20647,43.8281
19.07:  48.88403,-19.53918,44.61598
19.08:  48.85138,-19.87231,45.40386
19.1:  48.80039,-20.17695,46.19174
19.12:  48.71825,-20.46156,46.97961
19.13:  48.61306,-20.70355,47.76749
19.15:  48.4709,-20.92513,48.55537
19.17:  48.28575,-21.09056,49.34325
19.18:  48.09302,-21.25152,50.13113
19.2:  47.89861,-21.40941,50.91901
19.22:  47.70164,-21.56493,51.70689
19.23:  47.5065,-21.7147,52.49477
19.25:  47.29874,-21.86965,53.28265
19.27:  47.10106,-22.01291,54.07053
19.3:  46.8991,-22.15506,54.8584
19.32:  46.68994,-22.29803,55.64628
19.33:  46.48577,-22.43351,56.43416
19.35:  46.25934,-22.54428,57.22204
19.37:  46.00963,-22.62646,58.00992
19.38:  45.74665,-22.67415,58.7978
19.4:  45.46647,-22.68863,59.58568
19.42:  45.16965,-22.67162,60.37355
19.43:  44.87932,-22.6179,61.16143
19.45:  44.59083,-22.54086,61.94931
19.47:  44.30645,-22.43389,62.63579
19.48:  44.03525,-22.30841,63.19551
19.5:  43.77036,-22.16095,63.56508
19.52:  43.52692,-21.99295,63.8079
19.53:  43.31299,-21.83185,63.99368
19.55:  43.09542,-21.66158,64.16045
19.57:  42.87387,-21.48728,64.3082
19.58:  42.66462,-21.31068,64.43694
19.6:  42.46174,-21.12992,64.55934
19.62:  42.25942,-20.94577,64.68809
19.63:  42.12619,-20.73519,64.94358
19.65:  42.03152,-20.52674,65.57301
19.67:  42.15449,-20.41573,66.36089
19.68:  42.38193,-20.31988,67.14877
19.7:  42.61341,-20.22606,67.93665
19.72:  42.8499,-20.13397,68.72453
19.73:  43.0839,-20.04654,69.51241
19.75:  43.31465,-19.96392,70.30029
19.77:  43.55567,-19.88134,71.08817
19.78:  43.79366,-19.80345,71.87605
19.8:  44.03224,-19.72897,72.66393
19.82:  44.27112,-19.65799,73.4518
19.83:  44.51143,-19.5892,74.0242
19.85:  44.75008,-19.52188,74.248
19.87:  44.99223,-19.45367,74.269
19.88:  45.23333,-19.38577,74.269
19.9:  45.47166,-19.31863,74.269
19.92:  45.71495,-19.2501,74.269
19.93:  45.95353,-19.1829,74.269
19.95:  46.19326,-19.11538,74.269
19.97:  46.43588,-19.04704,74.269
19.98:  46.6745,-18.97983,74.269
20:  46.92351,-18.90969,74.269
20.02:  47.15847,-18.84351,74.269
20.03:  47.39369,-18.77725,74.269
20.05:  47.63668,-18.70881,74.269
20.07:  47.87846,-18.64071,74.269
20.08:  48.11952,-18.57281,74.269
20.1:  48.35828,-18.50549,74.25435
20.12:  48.60137,-18.44168,74.16998
20.13:  48.85052,-18.39841,73.99053
20.15:  49.0961,-18.35456,73.72236
20.17:  49.34574,-18.30844,73.37814
20.18:  49.60188,-18.25924,72.97054
20.2:  49.84118,-18.21125,72.50588
20.22:  50.08713,-18.15969,72.00321
20.23:  50.33128,-18.10614,71.47518
20.25:  50.57454,-18.05038,70.93449
20.27:  50.83018,-18.01458,70.39379
20.28:  51.08992,-17.99987,69.85308
20.3:  51.36147,-18.01016,69.31239
20.32:  51.64097,-18.04284,68.77169
20.33:  51.93252,-18.09175,68.23098
20.35:  52.22371,-18.15242,67.69028
20.37:  52.52534,-18.21855,67.14958
20.38:  52.82409,-18.28111,66.60888
20.4:  53.12046,-18.34025,66.06818
20.42:  53.43488,-18.39992,65.52748
20.43:  53.73378,-18.45372,64.98679
20.45:  54.02699,-18.50365,64.44608
20.47:  54.34349,-18.57786,63.90538
20.48:  54.64,-18.66171,63.36468
20.5:  54.92934,-18.7406,62.82398
20.52:  55.22071,-18.81877,62.28327
20.53:  55.5201,-18.89794,61.74258
20.55:  55.8158,-18.99478,61.20187
20.57:  56.10658,-19.09785,60.66117
20.58:  56.39924,-19.21124,60.12047
20.6:  56.69017,-19.32407,59.57977
20.62:  56.98818,-19.43851,59.03907
20.63:  57.28287,-19.5485,58.49836
20.65:  57.57335,-19.6538,57.95766
20.67:  57.88249,-19.76257,57.41696
20.68:  58.17207,-19.86141,56.87626
20.7:  58.46806,-19.95932,56.33556
20.72:  58.77013,-20.05398,55.78218
20.73:  59.07852,-20.14718,55.19711
20.75:  59.37232,-20.23256,54.58669
20.77:  59.67936,-20.31614,53.95726
20.78:  59.98887,-20.39669,53.31515
20.8:  60.30157,-20.46866,52.65403
20.82:  60.61068,-20.51357,51.99291
20.83:  60.91858,-20.54938,51.31911
20.85:  61.22908,-20.58184,50.65166
20.87:  61.54404,-20.61103,49.97786
20.88:  61.85476,-20.63789,49.30406
20.9:  62.16373,-20.66091,48.62392
20.92:  62.47652,-20.68038,47.92478
20.93:  62.79573,-20.69075,47.17493
20.95:  63.10897,-20.67427,46.38705
20.97:  63.42685,-20.6271,45.59917
20.98:  63.71184,-20.56913,44.81129
21:  63.99116,-20.49161,44.02341
21.02:  64.26131,-20.40158,43.23553
21.03:  64.51722,-20.29636,42.44765
21.05:  64.7542,-20.18098,41.65977
21.07:  64.99712,-20.05597,40.87189
21.08:  65.24338,-19.92494,40.08402
21.1:  65.47754,-19.79618,39.29614
21.12:  65.71549,-19.65836,38.50826
21.13:  65.93886,-19.52741,37.72038
21.15:  66.1665,-19.38971,36.93251
21.17:  66.40328,-19.242,36.14462
21.18:  66.62409,-19.09999,35.35674
21.2:  66.84542,-18.95332,34.56887
21.22:  67.07083,-18.79943,33.78099
21.23:  67.29076,-18.64482,32.99311
21.25:  67.50568,-18.48926,32.20523
21.27:  67.72671,-18.32748,31.41735
21.28:  67.96877,-18.1793,30.62947
21.3:  68.22138,-18.04005,29.84159
21.32:  68.48766,-17.90057,29.05372
21.33:  68.76582,-17.76178,28.26584
21.35:  69.04061,-17.62659,27.47795
21.37:  69.31937,-17.48906,26.69008
21.38:  69.61411,-17.34537,25.9022
21.4:  69.89196,-17.21802,25.11432
21.42:  70.18163,-17.08994,24.32644
21.43:  70.46617,-16.96321,23.53856
21.45:  70.74595,-16.83578,22.75068
21.47:  71.02901,-16.70027,21.96281
21.48:  71.30827,-16.56368,21.17492
21.5:  71.58507,-16.42354,20.38705
21.52:  71.86181,-16.27861,19.59917
21.53:  72.14093,-16.12751,18.81129
21.55:  72.40921,-15.9756,18.02341
21.57:  72.65607,-15.79811,17.23553
21.58:  72.86798,-15.59697,16.44766
21.6:  73.04272,-15.38823,15.65978
21.62:  73.19147,-15.16614,14.8719
21.63:  73.29059,-14.9326,14.08402
21.65:  73.35892,-14.69591,13.29614
21.67:  73.41381,-14.44847,12.50826
21.68:  73.46474,-14.20298,11.72038
21.7:  73.51156,-13.96063,10.9325
21.72:  73.55609,-13.71174,10.14462
21.73:  73.59794,-13.45774,9.356747
21.75:  73.63438,-13.21588,8.568867
21.77:  73.66904,-12.96226,7.780987
21.78:  73.69853,-12.72183,6.993109
21.8:  73.72549,-12.47383,6.20523
21.82:  73.74918,-12.22406,5.417351
21.83:  73.76941,-11.97429,4.629473
21.85:  73.7859,-11.72866,3.841594
21.87:  73.81725,-11.48247,3.053715
21.88:  73.8854,-11.24984,2.265836
21.9:  73.91491,-11.00674,1.477957
21.92:  73.92626,-10.75349,0.6900784
21.93:  73.92583,-10.50192,359.9022
21.95:  73.92246,-10.25629,359.1143
21.97:  73.92247,-10.00465,358.3264
21.98:  73.92246,-9.756529,357.5386
22:  73.92246,-9.504684,356.7507
22.02:  73.92216,-9.256763,355.9628
22.03:  73.9546,-9.005193,355.1749
22.05:  74.01057,-8.748816,354.3871
22.07:  74.06922,-8.485069,353.5992
22.08:  74.12263,-8.228337,352.8113
22.1:  74.17531,-7.968563,352.0234
22.12:  74.22329,-7.70118,351.2355
22.13:  74.26803,-7.444523,350.4477
22.15:  74.3091,-7.188071,349.6598
22.17:  74.34521,-6.924916,348.8719
22.18:  74.37907,-6.650015,348.084
22.2:  74.40907,-6.396068,347.2961
22.22:  74.43672,-6.130632,346.5083
22.23:  74.45801,-5.869407,345.7204
22.25:  74.47562,-5.609107,344.9325
22.27:  74.49247,-5.341602,344.1636
22.28:  74.50652,-5.076501,343.5912
22.3:  74.51648,-4.816091,343.2534
22.32:  74.5287,-4.539069,343.0866
22.33:  74.53983,-4.280318,343.0212
22.35:  74.58309,-4.011037,343.0129
22.37:  74.64442,-3.727616,343.0129
22.38:  74.70699,-3.448515,343.0129
22.4:  74.76958,-3.169327,343.0129
22.42:  74.83339,-2.884737,343.0129
22.43:  74.89599,-2.605521,343.0129
22.45:  74.95826,-2.32777,343.0129
22.47:  75.02383,-2.035306,343.0129
22.48:  75.08614,-1.757397,343.0129
22.5:  75.14779,-1.482424,343.0129
22.52:  75.21117,-1.199738,343.0129
22.53:  75.27257,-0.9258712,343.0129
22.55:  75.3353,-0.6460474,343.0129
22.57:  75.40038,-0.3557676,343.0129
22.58:  75.46246,-0.07886514,343.0129
22.6:  75.52433,0.1970742,343.0129
22.62:  75.58801,0.4811091,343.0129
22.63:  75.65131,0.7634585,343.0129
22.65:  75.71336,1.040214,343.0129
22.67:  75.7766,1.322279,343.0129
22.68:  75.83978,1.60408,343.0129
22.7:  75.90268,1.884658,343.0129
22.72:  75.96575,2.165973,343.0129
22.73:  76.02831,2.444979,343.0129
22.75:  76.09073,2.723413,343.0129
22.77:  76.1543,3.006972,343.0129
22.78:  76.21711,3.287092,343.0129
22.8:  76.27956,3.56566,343.0129
22.82:  76.34277,3.84758,343.0129
22.83:  76.40618,4.130443,343.0129
22.85:  76.46825,4.407248,343.0129
22.87:  76.53174,4.690471,343.0129
22.88:  76.59393,4.967823,343.0129
22.9:  76.65746,5.251231,343.0129
22.92:  76.72051,5.532434,343.0129
22.93:  76.78341,5.812999,343.0129
22.95:  76.8457,6.090986,343.0046
22.97:  76.90891,6.374074,342.9646
22.98:  76.97102,6.653882,342.8929
23:  77.03255,6.932947,342.8085
23.02:  77.09508,7.21873,342.7178
23.03:  77.15498,7.494932,342.6144
23.05:  77.21558,7.776922,342.5047
23.07:  77.27565,8.059047,342.395
23.08:  77.33736,8.352462,342.2535
23.1:  77.38839,8.619066,342.0678
23.12:  77.41842,8.900654,341.8123
23.13:  77.44296,9.166465,341.468
23.15:  77.452,9.431658,341.0287
23.17:  77.44935,9.69942,340.4944
23.18:  77.43466,9.960141,339.8713
23.2:  77.40561,10.21331,339.1531
23.22:  77.36347,10.46614,338.3653
23.23:  77.31811,10.71698,337.5774
23.25:  77.26742,10.97678,336.7895
23.27:  77.21616,11.2216,336.0016
23.28:  77.16068,11.46947,335.2137
23.3:  77.09968,11.72549,334.4259
23.32:  77.03762,11.97089,333.638
23.33:  76.96932,12.2169,332.8501
23.35:  76.89922,12.45659,332.0622
23.37:  76.82446,12.70807,331.2744
23.38:  76.74964,12.94767,330.4865
23.4:  76.68927,13.20117,329.6986
23.42:  76.66295,13.4781,328.9107
23.43:  76.67037,13.77723,328.1228
23.45:  76.70429,14.09298,327.335
23.47:  76.78354,14.40246,326.5471
23.48:  76.90061,14.68566,325.7592
23.5:  77.0337,14.91833,324.9713
23.52:  77.18227,15.14067,324.1834
23.53:  77.34079,15.35099,323.3956
23.55:  77.4996,15.54456,322.6077
23.57:  77.66967,15.7421,321.8198
23.58:  77.85556,15.92168,321.0319
23.62:  78.03722,16.08525,320.244
23.63:  78.22503,16.24591,319.4561
23.65:  78.41374,16.41188,318.6683
23.67:  78.59657,16.5772,317.8804
23.68:  78.78167,16.74924,317.0925
23.7:  78.96266,16.92217,316.3046
23.72:  79.13902,17.09538,315.5168
23.73:  79.31525,17.27329,314.7289
23.75:  79.48843,17.45299,313.941
23.77:  79.65932,17.63527,313.1531
23.78:  79.82938,17.82173,312.3652
23.8:  79.89051,17.89064,311.5774
23.82:  79.8604,17.91662,310.7895
23.83:  79.69517,18.05528,310.0016
23.85:  79.50105,18.21368,309.2137
23.87:  79.30696,18.36765,308.4258
23.88:  79.10908,18.52025,307.638
23.9:  78.90739,18.67141,306.8501
23.92:  78.70541,18.81886,306.1319
23.93:  78.50275,18.96537,305.8638
23.95:  78.2683,19.06565,305.8638
23.97:  78.16557,19.13991,305.8638
23.98:  78.16557,19.13991,305.8638
24:  78.16557,19.13991,305.8638
24.02:  78.16557,19.13991,305.8638
24.03:  78.16557,19.13991,305.8638
24.05:  78.16557,19.13991,305.8638
24.07:  78.16557,19.13991,305.8638
24.08:  78.16557,19.13991,305.8638
24.1:  78.16557,19.13991,305.8638
24.12:  78.16557,19.13991,305.8638
24.13:  78.16557,19.13991,305.8638
24.15:  78.16557,19.13991,305.8638
24.17:  78.16557,19.13991,305.8638
24.18:  78.16557,19.13991,305.8638
24.2:  78.16557,19.13991,305.8638
24.22:  78.16557,19.13991,305.8638
24.23:  78.16557,19.13991,305.8638
24.25:  78.16557,19.13991,305.8638
24.27:  78.16557,19.13991,305.8638
24.28:  78.16557,19.13991,305.8638
24.3:  78.16557,19.13991,305.8638
24.32:  78.16557,19.13991,305.8638
24.33:  78.16557,19.13991,305.8638
24.35:  78.16557,19.13991,305.8638
24.37:  78.16557,19.13991,305.8638
24.38:  78.16557,19.13991,305.8638
24.4:  78.16557,19.13991,305.8638
24.42:  78.16557,19.13991,305.8638
24.43:  78.16557,19.13991,305.8638
24.45:  78.16557,19.13991,305.8638
24.47:  78.16557,19.13991,305.8638
24.48:  78.16557,19.13991,305.8638
24.5:  78.16557,19.13991,305.8638
24.52:  78.16557,19.13991,305.8638
24.53:  78.16557,19.13991,305.8638
24.55:  78.16557,19.13991,305.8638
24.57:  78.16557,19.13991,305.8638
24.58:  78.16557,19.13991,305.8638
24.6:  78.16557,19.13991,305.8638
24.62:  78.16557,19.13991,305.8638
24.63:  78.16557,19.13991,305.8638
24.65:  78.16557,19.13991,305.8638
24.67:  78.16557,19.13991,305.8638
24.68:  78.16557,19.13991,305.8638
24.7:  78.16557,19.13991,305.8638
24.72:  78.16557,19.13991,305.8638
24.73:  78.16557,19.13991,305.8638
24.75:  78.16557,19.13991,305.8638
24.77:  78.16557,19.13991,305.8638
24.78:  78.16557,19.13991,305.8638
24.8:  78.16557,19.13991,305.8638
24.82:  78.16557,19.13991,305.8638
24.83:  78.16557,19.13991,305.8638
24.85:  78.16557,19.13991,305.8638
24.87:  78.16557,19.13991,305.8638
24.88:  78.16557,19.13991,305.8638
24.9:  78.16557,19.13991,305.8638
24.92:  78.16557,19.13991,305.8638
24.93:  78.16557,19.13991,305.8638
24.95:  78.16557,19.13991,305.8638
24.97:  78.16557,19.13991,305.8638
24.98:  78.16557,19.13991,305.8638
25:  78.16557,19.13991,305.8638
25.02:  78.16557,19.13991,305.8638
25.03:  78.16557,19.13991,305.8638
25.05:  78.16557,19.13991,305.8638
25.07:  78.16557,19.13991,305.8638
25.08:  78.16557,19.13991,305.8638
25.1:  78.16557,19.13991,305.8638
25.12:  78.16557,19.13991,305.8638
25.13:  78.16557,19.13991,305.8638
25.15:  78.16557,19.13991,305.8638
25.17:  78.16557,19.13991,305.8638
25.18:  78.16557,19.13991,305.8638
25.2:  78.16557,19.13991,305.8638
25.22:  78.16557,19.13991,305.8638
25.23:  78.16557,19.13991,305.8638
25.25:  78.16557,19.13991,305.8638
25.27:  78.16557,19.13991,305.8638
25.28:  78.16557,19.13991,305.8638
25.3:  78.16557,19.13991,305.8638
25.32:  78.16557,19.13991,305.8638
25.33:  78.16557,19.13991,305.8638
25.35:  78.16557,19.13991,305.8638
25.37:  78.16557,19.13991,305.8638
25.38:  78.16557,19.13991,305.8638
25.4:  78.16557,19.13991,305.8638
25.42:  78.16557,19.13991,305.8638
25.43:  78.16557,19.13991,305.8638
25.45:  78.16557,19.13991,305.8638
25.47:  78.16557,19.13991,305.8638
25.48:  78.16557,19.13991,305.8638
25.5:  78.16557,19.13991,305.8638
25.52:  78.16557,19.13991,305.8638
25.53:  78.16557,19.13991,305.8638
25.55:  78.16557,19.13991,305.8638
25.57:  78.16557,19.13991,305.8638
25.58:  78.16557,19.13991,305.8638
25.6:  78.16557,19.13991,305.8638
25.62:  78.16557,19.13991,305.8638
25.63:  78.16557,19.13991,305.8638
25.65:  78.16557,19.13991,305.8638
25.67:  78.16557,19.13991,305.8638
25.68:  78.16557,19.13991,305.8638
25.7:  78.16557,19.13991,305.8638
25.72:  78.16557,19.13991,305.8638
25.73:  78.16557,19.13991,305.8638
25.75:  78.16557,19.13991,305.8638
25.77:  78.16557,19.13991,305.8638
25.78:  78.16557,19.13991,305.8638
25.8:  78.16557,19.13991,305.8638
25.82:  78.16557,19.13991,305.8638
