ParticipantNo: 21013
Controller type: Arrows Only
Training Level Timed:
0.02:  82.7,18.5,270
0.03:  82.7,18.5,270
0.05:  82.7,18.5,270
0.08:  82.7,18.5,270
0.1:  82.7,18.5,270
0.11:  82.7,18.5,270
0.13:  82.7,18.5,270
0.15:  82.7,18.5,270
0.16:  82.7,18.5,270
0.18:  82.7,18.5,270
0.2:  82.7,18.5,270
0.21:  82.7,18.5,270
0.23:  82.7,18.5,270
0.25:  82.7,18.5,270
0.26:  82.7,18.5,270
0.28:  82.7,18.5,270
0.3:  82.7,18.5,270
0.31:  82.7,18.5,270
0.33:  82.7,18.5,270
0.35:  82.7,18.5,270
0.36:  82.7,18.5,270
0.38:  82.7,18.5,270
0.4:  82.7,18.5,270
0.41:  82.7,18.5,270
0.43:  82.7,18.5,270
0.45:  82.7,18.5,270
0.46:  82.7,18.5,270
0.48:  82.7,18.5,270
0.5:  82.7,18.5,270
0.51:  82.7,18.5,270
0.53:  82.7,18.5,270
0.55:  82.7,18.5,270
0.56:  82.7,18.5,270
0.58:  82.7,18.5,270
0.6:  82.7,18.5,270
0.61:  82.7,18.5,270
0.63:  82.7,18.5,270
0.65:  82.7,18.5,270
0.66:  82.7,18.5,270
0.68:  82.7,18.5,270
0.7:  82.7,18.5,270
0.71:  82.7,18.5,270
0.73:  82.7,18.5,270
0.75:  82.7,18.5,270
0.76:  82.7,18.5,270
0.78:  82.7,18.5,270
0.8:  82.7,18.5,270
0.81:  82.7,18.5,270
0.83:  82.7,18.5,270
0.85:  82.7,18.5,270
0.86:  82.7,18.5,270
0.88:  82.7,18.5,270
0.9:  82.7,18.5,270
0.91:  82.7,18.5,270
0.93:  82.7,18.5,270
0.95:  82.7,18.5,270
0.96:  82.7,18.5,270
0.98:  82.7,18.5,270
1:  82.7,18.5,270
1.01:  82.7,18.5,270
1.03:  82.7,18.5,270
1.05:  82.7,18.5,270
1.06:  82.7,18.5,270
1.08:  82.7,18.5,270
1.1:  82.7,18.5,270
1.11:  82.7,18.5,270
1.13:  82.7,18.5,270
1.15:  82.7,18.5,270
1.16:  82.7,18.5,270
1.18:  82.7,18.5,270
1.2:  82.7,18.5,270
1.21:  82.7,18.5,270
1.23:  82.7,18.5,270
1.25:  82.7,18.5,270
1.26:  82.7,18.5,270
1.28:  82.7,18.5,270
1.3:  82.7,18.5,270
1.31:  82.7,18.5,270
1.33:  82.7,18.5,270
1.35:  82.7,18.5,270
1.36:  82.7,18.5,270
1.38:  82.7,18.5,270
1.4:  82.7,18.5,270
1.41:  82.7,18.5,270
1.43:  82.7,18.5,270
1.45:  82.7,18.5,270
1.46:  82.7,18.5,270
1.48:  82.7,18.5,270
1.5:  82.7,18.5,270
1.51:  82.7,18.5,270
1.53:  82.7,18.5,270
1.55:  82.7,18.5,270
1.56:  82.7,18.5,270
1.58:  82.7,18.5,270
1.6:  82.7,18.5,270
1.61:  82.7,18.5,270
1.63:  82.7,18.5,270
1.65:  82.7,18.5,270
1.66:  82.7,18.5,270
1.68:  82.7,18.5,270
1.7:  82.7,18.5,270
1.71:  82.7,18.5,270
1.73:  82.7,18.5,270
1.75:  82.7,18.5,270
1.76:  82.7,18.5,270
1.78:  82.7,18.5,270
1.8:  82.7,18.5,270
1.81:  82.7,18.5,270
1.83:  82.7,18.5,270
1.85:  82.7,18.5,270
1.86:  82.7,18.5,270
1.88:  82.7,18.5,270
1.9:  82.7,18.5,270
1.91:  82.7,18.5,270
1.93:  82.7,18.5,270
1.95:  82.7,18.5,270
1.96:  82.7,18.5,270
1.98:  82.7,18.5,270
2:  82.7,18.5,270
2.01:  82.7,18.5,270
2.03:  82.7,18.5,270
2.05:  82.7,18.5,270
2.06:  82.7,18.5,270
2.08:  82.7,18.5,270
2.1:  82.7,18.5,270
2.11:  82.7,18.5,270
2.13:  82.7,18.5,270
2.15:  82.7,18.5,270
2.16:  82.7,18.5,270
2.18:  82.7,18.5,270
2.2:  82.7,18.5,270
2.21:  82.7,18.5,270
2.23:  82.7,18.5,270
2.25:  82.7,18.5,270
2.26:  82.7,18.5,270
2.28:  82.7,18.5,270
2.3:  82.7,18.5,270
2.31:  82.7,18.5,270
2.33:  82.7,18.5,270
2.35:  82.7,18.5,270
2.36:  82.7,18.5,270
2.38:  82.7,18.5,270
2.4:  82.7,18.5,270
2.41:  82.7,18.5,270
2.43:  82.7,18.5,270
2.45:  82.7,18.5,270
2.46:  82.7,18.5,270
2.48:  82.7,18.5,270
2.5:  82.7,18.5,270
2.51:  82.7,18.5,270
2.53:  82.7,18.5,270
2.55:  82.7,18.5,270
2.56:  82.7,18.5,270
2.58:  82.7,18.5,270
2.6:  82.7,18.5,270
2.61:  82.7,18.5,270
2.63:  82.7,18.5,270
2.65:  82.7,18.5,270
2.66:  82.7,18.5,270
2.68:  82.7,18.5,270
2.7:  82.7,18.5,270
2.71:  82.7,18.5,270
2.73:  82.7,18.5,270
2.75:  82.7,18.5,270
2.76:  82.7,18.5,270
2.78:  82.7,18.5,270
2.8:  82.7,18.5,270
2.81:  82.7,18.5,270
2.83:  82.7,18.5,270
2.85:  82.7,18.5,270
2.86:  82.7,18.5,270
2.88:  82.7,18.5,270
2.9:  82.7,18.5,270
2.91:  82.7,18.5,270
2.93:  82.7,18.5,270
2.95:  82.7,18.5,270
2.96:  82.7,18.5,270
2.98:  82.7,18.5,270
3:  82.7,18.5,270
3.01:  82.7,18.5,270
3.03:  82.7,18.5,270
3.05:  82.7,18.5,270
3.06:  82.7,18.5,270
3.08:  82.7,18.5,270
3.1:  82.7,18.5,270
3.11:  82.7,18.5,270
3.13:  82.7,18.5,270
3.15:  82.7,18.5,270
3.16:  82.7,18.5,270
3.18:  82.7,18.5,270
3.2:  82.7,18.5,270
3.21:  82.7,18.5,270
3.23:  82.7,18.5,270
3.25:  82.7,18.5,270
3.26:  82.7,18.5,270
3.28:  82.7,18.5,270
3.3:  82.7,18.5,270
3.31:  82.7,18.5,270
3.33:  82.7,18.5,270
3.36:  82.7,18.5,270
3.38:  82.7,18.5,270
3.4:  82.7,18.5,270
3.41:  82.7,18.5,270
3.43:  82.7,18.5,270
3.45:  82.7,18.5,270
3.46:  82.7,18.5,270
3.48:  82.7,18.5,270
3.5:  82.7,18.5,270
3.51:  82.7,18.5,270
3.53:  82.7,18.5,270
3.55:  82.7,18.5,270
3.56:  82.7,18.5,270
3.58:  82.7,18.5,270
3.6:  82.7,18.5,270
3.61:  82.7,18.5,270
3.63:  82.7,18.5,270
3.65:  82.7,18.5,270
3.66:  82.7,18.5,270
3.68:  82.7,18.5,270
3.7:  82.7,18.5,270
3.71:  82.7,18.5,270
3.73:  82.7,18.5,270
3.75:  82.7,18.5,270
3.76:  82.7,18.5,270
3.78:  82.7,18.5,270
3.8:  82.7,18.5,270
3.81:  82.7,18.5,270
3.83:  82.7,18.5,270
3.85:  82.7,18.5,270
3.86:  82.7,18.5,270
3.88:  82.7,18.5,270
3.9:  82.7,18.5,270
3.91:  82.7,18.5,270
3.93:  82.7,18.5,270
3.95:  82.7,18.5,270
3.96:  82.7,18.5,270
3.98:  82.7,18.5,270
4:  82.7,18.5,270
4.01:  82.7,18.5,270
4.03:  82.7,18.5,270
4.05:  82.7,18.5,270
4.06:  82.7,18.5,270
4.08:  82.7,18.5,270
4.1:  82.7,18.5,270
4.11:  82.7,18.5,270
4.13:  82.7,18.5,270
4.15:  82.7,18.5,270
4.16:  82.7,18.5,270
4.18:  82.7,18.5,270
4.2:  82.7,18.5,270
4.21:  82.7,18.5,270
4.23:  82.7,18.5,270
4.25:  82.7,18.5,270
4.26:  82.7,18.5,270
4.28:  82.7,18.5,270
4.3:  82.7,18.5,270
4.31:  82.7,18.5,270
4.33:  82.7,18.5,270
4.35:  82.7,18.5,270
4.36:  82.7,18.5,270
4.38:  82.7,18.5,270
4.4:  82.7,18.5,270
4.41:  82.7,18.5,270
4.43:  82.7,18.5,270
4.45:  82.7,18.5,270
4.46:  82.7,18.5,270
4.48:  82.7,18.5,270
4.5:  82.7,18.5,270
4.51:  82.7,18.5,270
4.53:  82.7,18.5,270
4.55:  82.7,18.5,270
4.56:  82.7,18.5,270
4.58:  82.7,18.5,270
4.6:  82.7,18.5,270
4.61:  82.7,18.5,270
4.63:  82.7,18.5,270
4.65:  82.7,18.5,270
4.66:  82.7,18.5,270
4.68:  82.7,18.5,270
4.7:  82.7,18.5,270
4.71:  82.7,18.5,270
4.73:  82.7,18.5,270
4.75:  82.7,18.5,270
4.76:  82.7,18.5,270
4.78:  82.7,18.5,270
4.8:  82.7,18.5,270
4.81:  82.7,18.5,270
4.83:  82.7,18.5,270
4.85:  82.7,18.5,270
4.86:  82.7,18.5,270
4.88:  82.7,18.5,270
4.9:  82.7,18.5,270
4.91:  82.7,18.5,270
4.93:  82.7,18.5,270
4.95:  82.7,18.5,270
4.96:  82.7,18.5,270
4.98:  82.7,18.5,270
5:  82.7,18.5,270
5.01:  82.7,18.5,270
5.03:  82.7,18.5,270
5.05:  82.7,18.5,270
5.06:  82.7,18.5,270
5.08:  82.7,18.5,270
5.1:  82.7,18.5,270
5.11:  82.7,18.5,270
5.13:  82.7,18.5,270
5.15:  82.7,18.5,270
5.16:  82.7,18.5,270
5.18:  82.7,18.5,270
5.2:  82.7,18.5,270
5.21:  82.7,18.5,270
5.23:  82.7,18.5,270
5.25:  82.7,18.5,270
5.26:  82.7,18.5,270
5.28:  82.7,18.5,270
5.3:  82.7,18.5,270
5.31:  82.7,18.5,270
5.33:  82.7,18.5,270
5.35:  82.7,18.5,270
5.36:  82.7,18.5,270
5.38:  82.7,18.5,270
5.4:  82.7,18.5,270
5.41:  82.7,18.5,270
5.43:  82.7,18.5,268.5
5.45:  82.7,18.5,267
5.46:  82.7,18.5,265.5
5.48:  82.7,18.5,264
5.5:  82.7,18.5,262.5
5.51:  82.7,18.5,261
5.53:  82.7,18.5,259.5
5.55:  82.7,18.5,258
5.56:  82.7,18.5,256.5
5.58:  82.7,18.5,255
5.6:  82.7,18.5,253.5
5.61:  82.7,18.5,252
5.63:  82.7,18.5,250.5
5.65:  82.7,18.5,249
5.66:  82.7,18.5,247.5
5.68:  82.7,18.5,246
5.7:  82.7,18.5,244.5
5.71:  82.7,18.5,243
5.73:  82.7,18.5,241.5
5.75:  82.7,18.5,240
5.76:  82.7,18.5,238.5
5.78:  82.7,18.5,237
5.8:  82.7,18.5,235.5
5.81:  82.7,18.5,234
5.83:  82.7,18.5,232.5
5.85:  82.7,18.5,231
5.86:  82.7,18.5,229.5
5.88:  82.7,18.5,228
5.9:  82.7,18.5,226.5
5.91:  82.7,18.5,225
5.93:  82.7,18.5,223.5
5.95:  82.7,18.5,222
5.96:  82.7,18.5,220.5
5.98:  82.7,18.5,219
6:  82.7,18.5,217.5
6.01:  82.7,18.5,216
6.03:  82.7,18.5,214.5
6.05:  82.7,18.5,213
6.06:  82.7,18.5,211.5
6.08:  82.7,18.5,210
6.1:  82.7,18.5,208.5
6.11:  82.7,18.5,207
6.13:  82.7,18.5,205.5
6.15:  82.7,18.5,204
6.16:  82.7,18.5,202.5
6.18:  82.7,18.5,201
6.2:  82.7,18.5,199.5
6.21:  82.7,18.5,198
6.23:  82.7,18.5,196.5
6.25:  82.7,18.5,195
6.26:  82.7,18.5,193.5
6.28:  82.7,18.5,192
6.3:  82.7,18.5,190.6496
6.31:  82.7,18.5,189.4501
6.33:  82.7,18.5,188.3992
6.35:  82.7,18.5,187.4988
6.36:  82.7,18.5,186.7494
6.38:  82.7,18.5,186.1493
6.4:  82.7,18.5,185.6993
6.41:  82.7,18.5,185.398
6.43:  82.7,18.5,185.2489
6.45:  82.7,18.5,185.2489
6.46:  82.7,18.5,185.2489
6.48:  82.7,18.5,185.2489
6.5:  82.7,18.5,185.2489
6.51:  82.7,18.5,185.2489
6.53:  82.7,18.5,185.2489
6.55:  82.7,18.5,185.2489
6.56:  82.7,18.5,185.2489
6.58:  82.7,18.5,185.2489
6.6:  82.7,18.5,185.2489
6.61:  82.7,18.5,185.2489
6.63:  82.7,18.5,185.2489
6.65:  82.7,18.5,185.2489
6.66:  82.7,18.5,185.2489
6.68:  82.7,18.5,185.2489
6.7:  82.7,18.5,185.2489
6.71:  82.7,18.5,185.2489
6.73:  82.7,18.5,185.2489
6.75:  82.7,18.5,185.2489
6.76:  82.7,18.5,185.2489
6.78:  82.7,18.5,185.2489
6.8:  82.7,18.5,185.2489
6.81:  82.7,18.5,185.2489
6.83:  82.7,18.5,185.2489
6.85:  82.7,18.5,185.2489
6.86:  82.7,18.5,185.2489
6.88:  82.7,18.5,185.2489
6.9:  82.7,18.5,185.2489
6.91:  82.7,18.5,185.2489
6.93:  82.7,18.5,185.2489
6.95:  82.7,18.5,185.2489
6.96:  82.7,18.5,185.2489
6.98:  82.7,18.5,185.2489
7:  82.7,18.5,185.2489
7.01:  82.7,18.5,185.2489
7.03:  82.7,18.5,185.2489
7.05:  82.7,18.5,185.2489
7.06:  82.69883,18.48728,185.2489
7.08:  82.69659,18.46293,185.2489
7.1:  82.69313,18.42525,185.2489
7.11:  82.68853,18.3752,185.2489
7.13:  82.68287,18.31358,185.2489
7.15:  82.67595,18.23821,185.2489
7.16:  82.66798,18.15146,185.2489
7.18:  82.65878,18.05135,185.2489
7.2:  82.64855,17.93999,185.2489
7.21:  82.63703,17.8146,185.2489
7.23:  82.62401,17.67286,185.2489
7.25:  82.61085,17.52955,185.2489
7.26:  82.59576,17.36535,185.2489
7.28:  82.57989,17.19257,185.2489
7.3:  82.56282,17.00683,185.2489
7.31:  82.5445,16.80742,185.2489
7.33:  82.52501,16.59524,185.2489
7.35:  82.50435,16.37029,185.2489
7.36:  82.48254,16.13287,185.2489
7.38:  82.45985,15.88597,185.2489
7.4:  82.43715,15.6388,185.2489
7.41:  82.41331,15.3793,185.2489
7.43:  82.39097,15.13618,185.2489
7.45:  82.36837,14.89016,185.2489
7.46:  82.34532,14.63928,185.2489
7.48:  82.32272,14.39318,185.2489
7.5:  82.29968,14.14248,185.2489
7.51:  82.27671,13.89245,185.2489
7.53:  82.25404,13.64558,185.2489
7.55:  82.23118,13.39681,185.2489
7.56:  82.20833,13.14807,185.2489
7.58:  82.18547,12.89929,185.2489
7.6:  82.16229,12.64691,185.2489
7.61:  82.13934,12.39718,185.2489
7.63:  82.1169,12.15278,185.2489
7.65:  82.09383,11.90172,185.2489
7.66:  82.07031,11.64576,185.2489
7.68:  82.04808,11.40374,185.2489
7.7:  82.02509,11.15341,185.2489
7.71:  82.0024,10.90639,185.2489
7.73:  81.97873,10.64885,185.2489
7.75:  81.95608,10.40221,185.2489
7.76:  81.9335,10.15651,185.2489
7.78:  81.91084,9.909785,185.2489
7.8:  81.88805,9.661791,185.2489
7.81:  81.8647,9.407583,185.2489
7.83:  81.84245,9.165437,185.2489
7.85:  81.8195,8.915612,185.2489
7.86:  81.79575,8.65701,185.2489
7.88:  81.77353,8.415157,185.2489
7.9:  81.7506,8.165506,185.2489
7.91:  81.72791,7.918547,185.2489
7.93:  81.70517,7.671072,185.2489
7.95:  81.68231,7.422251,185.2489
7.96:  81.65921,7.17074,185.2489
7.98:  81.63641,6.922565,185.2489
8:  81.61372,6.675678,185.2489
8.01:  81.59039,6.42171,185.2489
8.03:  81.56782,6.175928,185.2489
8.05:  81.54483,5.925686,185.2489
8.06:  81.52225,5.679892,185.2489
8.08:  81.4991,5.427891,185.2489
8.1:  81.47608,5.177409,185.2489
8.11:  81.45334,4.92981,185.2489
8.13:  81.42983,4.67393,185.2489
8.15:  81.40759,4.431837,185.2489
8.16:  81.38474,4.183013,185.2489
8.18:  81.36192,3.934628,185.2489
8.2:  81.33924,3.687785,185.2489
8.21:  81.31622,3.437175,185.2489
8.23:  81.29317,3.186284,185.2489
8.25:  81.27045,2.938999,185.2489
8.26:  81.24763,2.690583,185.2489
8.28:  81.22465,2.440419,185.2489
8.3:  81.2077,2.18189,183.7489
8.31:  81.19836,1.943922,182.2489
8.33:  81.19508,1.692476,180.7489
8.35:  81.19834,1.442981,179.2489
8.36:  81.20753,1.192704,177.8992
8.38:  81.22186,0.9443085,176.6987
8.4:  81.241,0.6926277,175.6497
8.41:  81.26385,0.4438325,174.7506
8.43:  81.28969,0.1980703,173.9998
8.45:  81.31837,-0.04977202,173.3986
8.46:  81.34953,-0.3017424,172.9498
8.48:  81.38216,-0.5548206,172.6542
8.5:  81.41432,-0.7993309,172.5064
8.51:  81.44693,-1.047231,172.5064
8.53:  81.47911,-1.291876,172.5064
8.55:  81.51159,-1.538766,172.5064
8.56:  81.54417,-1.786471,172.5064
8.58:  81.57665,-2.033438,172.5064
8.6:  81.61023,-2.288666,172.5064
8.61:  81.64326,-2.539796,172.5064
8.63:  81.67489,-2.780232,172.5064
8.65:  81.70746,-3.027879,172.5064
8.66:  81.74079,-3.281257,172.5064
8.68:  81.7729,-3.525394,172.5064
8.7:  81.80521,-3.770939,172.5064
8.71:  81.8376,-4.017262,172.5064
8.73:  81.87032,-4.265989,172.5064
8.75:  81.90298,-4.51433,172.5064
8.76:  81.93569,-4.762956,172.5064
8.78:  81.96783,-5.00728,172.5064
8.8:  82.00039,-5.254802,172.5064
8.81:  82.03339,-5.505664,172.5064
8.83:  82.06615,-5.754702,172.5064
8.85:  82.09915,-6.005653,172.5064
8.86:  82.132,-6.25534,172.5064
8.88:  82.16407,-6.499192,172.5064
8.9:  82.19711,-6.750333,172.5064
8.91:  82.22903,-6.993042,172.5064
8.93:  82.26141,-7.23917,172.5064
8.95:  82.29387,-7.485954,172.5064
8.96:  82.32658,-7.73466,172.5064
8.98:  82.35955,-7.985273,172.5064
9:  82.39211,-8.232862,172.5064
9.01:  82.42422,-8.476946,172.5064
9.03:  82.45731,-8.728431,172.5064
9.05:  82.48981,-8.975571,172.5064
9.06:  82.52214,-9.221363,172.5064
9.08:  82.5549,-9.470391,172.5064
9.1:  82.58826,-9.724018,172.5064
9.11:  82.62124,-9.97476,172.5064
9.13:  82.65259,-10.21309,172.5064
9.15:  82.6853,-10.46173,172.5064
9.16:  82.71774,-10.70842,172.5064
9.18:  82.75046,-10.95709,172.5064
9.2:  82.78327,-11.20659,172.5064
9.21:  82.81592,-11.45475,172.5064
9.23:  82.84856,-11.70287,172.5064
9.25:  82.88068,-11.94705,172.5064
9.26:  82.9133,-12.19511,172.5064
9.28:  82.94585,-12.44256,172.5064
9.3:  82.9789,-12.69385,172.5064
9.31:  83.01131,-12.94016,172.5064
9.33:  83.04423,-13.19046,172.5064
9.35:  83.0769,-13.43886,172.5064
9.36:  83.10901,-13.68291,172.5064
9.38:  83.14171,-13.93153,172.5064
9.4:  83.17429,-14.17917,172.5064
9.41:  83.20741,-14.43104,172.5064
9.43:  83.2399,-14.67802,172.5064
9.45:  83.272,-14.92204,172.5064
9.46:  83.30456,-15.16954,172.5064
9.48:  83.33761,-15.42084,172.5064
9.5:  83.37096,-15.6744,172.5064
9.51:  83.40282,-15.91658,172.5064
9.53:  83.43546,-16.16469,172.5064
9.55:  83.46827,-16.41415,172.5064
9.56:  83.50021,-16.65696,172.5064
9.58:  83.53303,-16.90648,172.5064
9.6:  83.56661,-17.16177,172.5064
9.61:  83.59854,-17.40451,172.5064
9.63:  83.63206,-17.65938,172.5064
9.65:  83.66444,-17.90548,172.5064
9.66:  83.69715,-18.15417,172.5064
9.68:  83.72884,-18.39509,172.5064
9.7:  83.76152,-18.64358,172.5064
9.71:  83.79417,-18.89182,172.5064
9.73:  83.82766,-19.14636,172.5064
9.75:  83.85937,-19.38739,172.5064
9.76:  83.89182,-19.63417,172.5064
9.78:  83.92451,-19.88266,172.5064
9.8:  83.95689,-20.12877,172.5064
9.81:  83.98951,-20.37683,172.5064
9.83:  84.02316,-20.63261,172.5064
9.85:  84.05464,-20.87198,172.5064
9.86:  84.08823,-21.12726,172.5064
9.88:  84.12019,-21.37025,172.5064
9.9:  84.1525,-21.61591,172.5064
9.91:  84.1849,-21.86224,172.5064
9.93:  84.21791,-22.11322,172.5064
9.95:  84.25128,-22.36688,172.5064
9.96:  84.28359,-22.61252,172.5064
9.98:  84.31587,-22.85792,172.5064
10:  84.34803,-23.10239,172.5064
10.01:  84.38068,-23.35059,172.5064
10.03:  84.41328,-23.5985,172.5064
10.05:  84.44631,-23.84955,172.5064
10.06:  84.47861,-24.09516,172.5064
10.08:  84.51144,-24.34467,172.5064
10.1:  84.54349,-24.58832,172.5064
10.11:  84.5767,-24.84081,172.5064
10.13:  84.60886,-25.0853,172.5064
10.15:  84.64163,-25.33448,172.5064
10.16:  84.67397,-25.58026,172.5064
10.18:  84.70708,-25.83208,172.5064
10.2:  84.7392,-26.07619,172.5064
10.21:  84.77194,-26.32515,172.5064
10.23:  84.80435,-26.5715,172.5064
10.25:  84.83764,-26.82459,172.5064
10.26:  84.8705,-27.07439,172.5064
10.28:  84.90308,-27.3221,172.5064
10.3:  84.93469,-27.56243,172.5064
10.31:  84.96783,-27.81439,172.5064
10.33:  85.00034,-28.06149,172.5064
10.35:  85.03432,-28.31987,172.5064
10.36:  85.06619,-28.56211,172.5064
10.38:  85.09863,-28.80869,172.5064
10.4:  85.13091,-29.05407,172.5064
10.41:  85.16337,-29.3009,172.5064
10.43:  85.19608,-29.54953,172.5064
10.45:  85.22205,-29.79695,174.0064
10.46:  85.2422,-30.05328,175.5064
10.48:  85.25482,-30.29467,177.0064
10.5:  85.26137,-30.5458,178.5064
10.51:  85.26134,-30.79506,180.0064
10.53:  85.25478,-31.04458,181.5064
10.55:  85.24152,-31.29692,183.0064
10.56:  85.22262,-31.54501,184.3571
10.58:  85.19779,-31.80033,185.554
10.6:  85.16924,-32.04705,186.6017
10.61:  85.13655,-32.29539,187.4992
10.63:  85.10128,-32.53864,188.2492
10.65:  85.06219,-32.78981,188.8467
10.66:  85.02228,-33.03363,189.296
10.68:  84.9809,-33.2784,189.5963
10.7:  84.93842,-33.5257,189.746
10.71:  84.89654,-33.76953,189.7474
10.73:  84.85416,-34.0162,189.7474
10.75:  84.81161,-34.26393,189.7474
10.76:  84.76975,-34.50755,189.7474
10.78:  84.72723,-34.75506,189.7474
10.8:  84.68536,-34.99881,189.7474
10.81:  84.64252,-35.24817,189.7474
10.83:  84.60044,-35.49316,189.7474
10.85:  84.55775,-35.74165,189.7474
10.86:  84.51571,-35.98641,189.7474
10.88:  84.4734,-36.23273,189.7474
10.9:  84.43097,-36.47969,189.7474
10.91:  84.38725,-36.73418,189.7474
10.93:  84.34483,-36.98111,189.7474
10.95:  84.30286,-37.22544,189.7474
10.96:  84.2617,-37.4651,189.7474
10.98:  84.21784,-37.72039,189.7474
11:  84.17632,-37.96207,189.7474
11.01:  84.13396,-38.20868,189.7474
11.03:  84.09222,-38.45167,189.7474
11.05:  84.04964,-38.69951,189.7474
11.06:  84.00789,-38.94257,189.7474
11.08:  83.9651,-39.19162,189.7474
11.1:  83.92325,-39.43528,189.7474
11.11:  83.88038,-39.68481,189.7474
11.13:  83.83813,-39.93075,189.7474
11.15:  83.79577,-40.17739,189.7474
11.16:  83.75357,-40.42304,189.7474
11.18:  83.7115,-40.66792,189.7474
11.2:  83.669,-40.91534,189.7474
11.21:  83.62679,-41.16101,189.7474
11.23:  83.5846,-41.40661,189.7474
11.25:  83.54035,-41.66421,189.7474
11.26:  83.49858,-41.90738,189.7474
11.28:  83.45684,-42.15035,189.7474
11.3:  83.4148,-42.3951,189.7474
11.31:  83.37246,-42.64157,189.7474
11.33:  83.33019,-42.88761,189.7474
11.35:  83.28848,-43.13046,189.7474
11.36:  83.24577,-43.37909,189.7474
11.38:  83.20351,-43.62506,189.7474
11.4:  83.16122,-43.87128,189.7474
11.41:  83.11874,-44.11849,189.7474
11.43:  83.07655,-44.36411,189.7474
11.45:  83.03314,-44.61682,189.7474
11.46:  82.9914,-44.85982,189.7474
11.48:  82.9493,-45.10489,189.7474
11.5:  82.90685,-45.35197,189.7474
11.51:  82.86452,-45.59838,189.7474
11.53:  82.82227,-45.8444,189.7474
11.55:  82.78043,-46.08791,189.7474
11.56:  82.73769,-46.33672,189.7474
11.58:  82.69505,-46.58493,189.7474
11.6:  82.6532,-46.82856,189.7474
11.61:  82.61088,-47.07491,189.7474
11.63:  82.5685,-47.32158,189.7474
11.65:  82.52659,-47.56558,189.7474
11.66:  82.484,-47.81353,189.7474
11.68:  82.44179,-48.05924,189.7474
11.7:  82.39967,-48.30445,189.7474
11.71:  82.35649,-48.5558,189.7474
11.73:  82.31481,-48.79841,189.7474
11.75:  82.27249,-49.04475,189.7474
11.76:  82.22961,-49.29438,189.7474
11.78:  82.18761,-49.53892,189.7474
11.8:  82.14526,-49.78539,189.7474
11.81:  82.10275,-50.03287,189.7474
11.83:  82.06069,-50.27772,189.7474
11.85:  82.01725,-50.53061,189.7474
11.86:  81.97581,-50.77178,189.7474
11.88:  81.93357,-51.0177,189.7474
11.9:  81.89172,-51.26131,189.7474
11.91:  81.84905,-51.5097,189.7474
11.93:  81.80646,-51.75769,189.7474
11.95:  81.76305,-52.01033,189.7474
11.96:  81.72173,-52.25093,189.7474
11.98:  81.67849,-52.50262,189.7474
12:  81.63705,-52.74384,189.7474
12.01:  81.5953,-52.98689,189.7474
12.03:  81.55242,-53.23645,189.7474
12.05:  81.51053,-53.48034,189.7474
12.06:  81.46644,-53.73702,189.7474
12.08:  81.42516,-53.97734,189.7474
12.1:  81.38309,-54.22221,189.7474
12.11:  81.34048,-54.47022,189.7474
12.13:  81.30005,-54.70559,189.7474
12.15:  81.26258,-54.92371,189.7474
12.16:  81.22672,-55.13245,189.7474
12.18:  81.19244,-55.33202,189.7474
12.2:  81.16085,-55.51591,189.7474
12.21:  81.13148,-55.68688,189.7474
12.23:  81.09798,-55.88188,189.7474
12.25:  81.0658,-56.06923,189.7474
12.26:  81.0293,-56.28169,189.7474
12.28:  80.99164,-56.50096,189.7474
12.31:  80.95106,-56.73719,189.7474
12.33:  80.909,-56.98198,189.7474
12.35:  80.86646,-57.22964,189.7474
12.36:  80.82429,-57.47516,189.7474
12.38:  80.78208,-57.72084,189.7474
12.4:  80.73959,-57.96822,189.7474
12.41:  80.69724,-58.21474,189.7474
12.43:  80.6552,-58.45942,189.7474
12.45:  80.61237,-58.70877,189.7474
12.46:  80.57055,-58.9522,189.7474
12.48:  80.52759,-59.2023,189.7474
12.5:  80.48523,-59.44888,189.7474
12.51:  80.4436,-59.69125,189.7474
12.53:  80.40106,-59.93886,189.7474
12.55:  80.35883,-60.18473,189.7474
12.56:  80.31608,-60.43356,189.7474
12.58:  80.27385,-60.67936,189.7474
12.6:  80.23183,-60.92401,189.7474
12.61:  80.18953,-61.17022,189.7474
12.63:  80.14718,-61.41675,189.7474
12.65:  80.10447,-61.66538,189.7474
12.66:  80.06402,-61.90085,189.7474
12.68:  80.02588,-62.12287,189.7474
12.7:  79.99001,-62.33172,189.7474
12.71:  79.9568,-62.52497,189.7474
12.73:  79.91977,-62.7112,191.2474
12.75:  79.8815,-62.88038,192.7474
12.76:  79.84073,-63.04094,194.2474
12.78:  79.80041,-63.18393,195.7474
12.8:  79.75973,-63.31496,197.2474
12.81:  79.71877,-63.43563,198.7474
12.83:  79.68045,-63.53952,200.2474
12.85:  79.64364,-63.6318,201.7474
12.86:  79.60931,-63.7117,203.2474
12.88:  79.57671,-63.78242,204.7474
12.9:  79.54987,-63.83686,206.2474
12.91:  79.52678,-63.88077,207.7474
12.93:  79.50838,-63.91363,209.2474
12.95:  79.49532,-63.93559,210.7474
12.96:  79.48883,-63.94587,212.2474
12.98:  79.48883,-63.94587,213.7474
13:  79.48883,-63.94587,215.2474
13.01:  79.48883,-63.94587,216.7474
13.03:  79.48883,-63.94587,218.2474
13.05:  79.48883,-63.94587,219.7474
13.06:  79.48883,-63.94587,221.2474
13.08:  79.48883,-63.94587,222.7474
13.1:  79.48883,-63.94587,224.2474
13.11:  79.48883,-63.94587,225.7474
13.13:  79.48883,-63.94587,227.2474
13.15:  79.48883,-63.94587,228.7474
13.16:  79.48883,-63.94587,230.2474
13.18:  79.48883,-63.94587,231.7474
13.2:  79.48883,-63.94587,233.2474
13.21:  79.48883,-63.94587,234.7474
13.23:  79.48883,-63.94587,236.2474
13.25:  79.48883,-63.94587,237.7474
13.26:  79.48883,-63.94587,239.2474
13.28:  79.48883,-63.94587,240.7474
13.3:  79.48883,-63.94587,242.2474
13.31:  79.48883,-63.94587,243.7474
13.33:  79.48883,-63.94587,245.2474
13.35:  79.48883,-63.94587,246.7474
13.36:  79.48883,-63.94587,248.2474
13.38:  79.48883,-63.94587,249.7474
13.4:  79.48883,-63.94587,251.2474
13.41:  79.48883,-63.94587,252.7474
13.43:  79.48883,-63.94587,254.2474
13.45:  79.48883,-63.94587,255.7474
13.46:  79.48883,-63.94587,257.2474
13.48:  79.48883,-63.94587,258.7474
13.5:  79.48883,-63.94587,260.2474
13.51:  79.48883,-63.94587,261.7474
13.53:  79.48883,-63.94587,263.2474
13.55:  79.48883,-63.94587,264.7474
13.56:  79.48883,-63.94587,266.2474
13.58:  79.48883,-63.94587,267.7474
13.6:  79.48883,-63.94587,269.2474
13.61:  79.48883,-63.94587,270.7474
13.63:  79.48883,-63.94587,272.2474
13.65:  79.48883,-63.94587,273.7474
13.66:  79.48883,-63.94587,275.2474
13.68:  79.48883,-63.94587,276.7474
13.7:  79.48883,-63.94587,278.2474
13.71:  79.48883,-63.94587,279.7474
13.73:  79.48883,-63.94587,281.2474
13.75:  79.48883,-63.94587,282.7474
13.76:  79.48883,-63.94587,284.2474
13.78:  79.48883,-63.94587,285.7474
13.8:  79.48883,-63.94587,287.2474
13.81:  79.48883,-63.94587,288.7474
13.83:  79.48883,-63.94587,290.2474
13.85:  79.48883,-63.94587,291.7474
13.86:  79.48883,-63.94587,293.2473
13.88:  79.48883,-63.94587,294.7474
13.9:  79.48883,-63.94587,296.2474
13.91:  79.48883,-63.94587,297.7474
13.93:  79.48883,-63.94587,299.2474
13.95:  79.48883,-63.94587,300.7473
13.96:  79.48883,-63.94587,302.2474
13.98:  79.48883,-63.94587,303.7474
14:  79.48883,-63.94587,305.2474
14.01:  79.48883,-63.94587,306.7473
14.03:  79.48883,-63.94587,308.2473
14.05:  79.48883,-63.94587,309.7474
14.06:  79.48883,-63.94587,311.2473
14.08:  79.48883,-63.94587,312.7473
14.1:  79.48883,-63.94587,314.2473
14.11:  79.48883,-63.94587,315.7473
14.13:  79.48883,-63.94587,317.2473
14.15:  79.48883,-63.94587,318.7473
14.16:  79.48883,-63.94587,320.2473
14.18:  79.48883,-63.94587,321.7473
14.2:  79.48883,-63.94587,323.2473
14.21:  79.48883,-63.94587,324.7473
14.23:  79.48883,-63.94587,326.2473
14.25:  79.48883,-63.94587,327.7473
14.26:  79.48883,-63.94587,329.2473
14.28:  79.48883,-63.94587,330.7473
14.3:  79.48883,-63.94587,332.2473
14.31:  79.48883,-63.94587,333.7473
14.33:  79.48883,-63.94587,335.2473
14.35:  79.48883,-63.94587,336.7473
14.36:  79.48883,-63.94587,338.2473
14.38:  79.48883,-63.94587,339.7473
14.4:  79.48883,-63.94587,341.2473
14.41:  79.48883,-63.94587,342.7473
14.43:  79.48883,-63.94587,344.2473
14.45:  79.48883,-63.94587,345.7473
14.46:  79.48883,-63.94587,347.2473
14.48:  79.48883,-63.94587,348.7473
14.5:  79.48883,-63.94587,350.2473
14.51:  79.48883,-63.94587,351.7473
14.53:  79.48883,-63.94587,353.2473
14.55:  79.48883,-63.94587,354.7473
14.56:  79.48883,-63.94587,356.2473
14.58:  79.48883,-63.94587,357.7473
14.6:  79.48883,-63.94587,359.2473
14.61:  79.48883,-63.94587,0.7473503
14.63:  79.48883,-63.94587,2.24735
14.65:  79.48883,-63.94587,3.74735
14.66:  79.48883,-63.94587,5.24735
14.68:  79.48883,-63.94587,6.74735
14.7:  79.48883,-63.94587,8.24735
14.71:  79.48883,-63.94587,9.747351
14.73:  79.48883,-63.94587,11.24735
14.75:  79.48883,-63.94587,12.74735
14.76:  79.48883,-63.94587,14.24735
14.78:  79.48883,-63.94587,15.74735
14.8:  79.48883,-63.94587,17.09678
14.81:  79.48883,-63.94587,18.2972
14.83:  79.48883,-63.94587,19.34796
14.85:  79.48883,-63.94587,20.24687
14.86:  79.48883,-63.94587,20.99851
14.88:  79.48883,-63.94587,21.59801
14.9:  79.48883,-63.94587,22.04819
14.91:  79.48883,-63.94587,22.34424
14.93:  79.48883,-63.94587,22.49319
14.95:  79.48883,-63.94587,22.49319
14.96:  79.48883,-63.94587,22.49319
14.98:  79.48883,-63.94587,22.49319
15:  79.48883,-63.94587,22.49319
15.01:  79.48883,-63.94587,22.49319
15.03:  79.48883,-63.94587,22.49319
15.05:  79.48883,-63.94587,22.49319
15.06:  79.48883,-63.94587,22.49319
15.08:  79.48883,-63.94587,22.49319
15.1:  79.48883,-63.94587,22.49319
15.11:  79.48883,-63.94587,22.49319
15.13:  79.48883,-63.94587,22.49319
15.15:  79.48883,-63.94587,22.49319
15.16:  79.48883,-63.94587,22.49319
15.18:  79.48883,-63.94587,22.49319
15.2:  79.48883,-63.94587,22.49319
15.21:  79.48883,-63.94587,22.49319
15.23:  79.48883,-63.94587,22.49319
15.25:  79.48883,-63.94587,22.49319
15.26:  79.48883,-63.94587,22.49319
15.28:  79.48883,-63.94587,22.49319
15.3:  79.48883,-63.94587,22.49319
15.31:  79.48883,-63.94587,22.49319
15.33:  79.48883,-63.94587,22.49319
15.35:  79.48883,-63.94587,22.49319
15.36:  79.48883,-63.94587,22.49319
15.38:  79.48883,-63.94587,22.49319
15.4:  79.48883,-63.94587,22.49319
15.41:  79.48883,-63.94587,20.9932
15.43:  79.48883,-63.94587,19.4932
15.45:  79.48883,-63.94587,17.9932
15.46:  79.48883,-63.94587,16.4932
15.48:  79.48883,-63.94587,14.9932
15.5:  79.48883,-63.94587,13.4932
15.51:  79.48883,-63.94587,11.9932
15.53:  79.48883,-63.94587,10.4932
15.55:  79.48883,-63.94587,9.140909
15.56:  79.48883,-63.94587,7.936462
15.58:  79.48883,-63.94587,6.882358
15.6:  79.48883,-63.94587,5.984221
15.61:  79.48883,-63.94587,5.229656
15.63:  79.48883,-63.94587,4.625072
15.65:  79.48883,-63.94587,4.171485
15.66:  79.48883,-63.94587,3.866246
15.68:  79.48883,-63.94587,3.712554
15.7:  79.48883,-63.94587,3.708526
15.71:  79.48883,-63.94587,3.708526
15.73:  79.48883,-63.94587,3.708526
15.75:  79.48883,-63.94587,3.708526
15.76:  79.48883,-63.94587,3.708526
15.78:  79.48883,-63.94587,3.708526
15.8:  79.48883,-63.94587,3.708526
15.81:  79.48883,-63.94587,3.708526
15.83:  79.48883,-63.94587,3.708526
15.85:  79.48883,-63.94587,3.708526
15.86:  79.48883,-63.94587,3.708526
15.88:  79.48883,-63.94587,3.708526
15.9:  79.48962,-63.93369,3.708526
15.91:  79.49123,-63.90884,3.708526
15.93:  79.49363,-63.87183,3.708526
15.95:  79.49685,-63.82214,3.708526
15.96:  79.50085,-63.76036,3.708526
15.98:  79.50584,-63.68328,3.708526
16:  79.51152,-63.59579,3.708526
16.01:  79.51806,-63.49483,3.708526
16.03:  79.52517,-63.38522,3.708526
16.05:  79.53316,-63.26197,3.708526
16.06:  79.54232,-63.12053,3.708526
16.08:  79.55202,-62.97092,3.708526
16.1:  79.56235,-62.81154,3.708526
16.11:  79.57355,-62.63885,3.708526
16.13:  79.58582,-62.44953,3.708526
16.15:  79.59859,-62.25244,3.708526
16.16:  79.61238,-62.03968,3.708526
16.18:  79.62689,-61.81583,3.708526
16.2:  79.64234,-61.57743,3.708526
16.21:  79.65847,-61.3286,3.708526
16.23:  79.67467,-61.07862,3.708526
16.25:  79.69066,-60.83204,3.708526
16.26:  79.70676,-60.58362,3.708526
16.28:  79.72318,-60.33016,3.708526
16.3:  79.73922,-60.08275,3.708526
16.31:  79.7555,-59.83158,3.708526
16.33:  79.77151,-59.58461,3.708526
16.35:  79.7877,-59.33477,3.708526
16.36:  79.80385,-59.08569,3.708526
16.38:  79.82027,-58.83222,3.708526
16.4:  79.83632,-58.58475,3.708526
16.41:  79.85319,-58.32442,3.708526
16.43:  79.86859,-58.08685,3.708526
16.45:  79.88492,-57.83489,3.708526
16.46:  79.90139,-57.58082,3.708526
16.48:  79.91712,-57.33807,3.708526
16.5:  79.93336,-57.08758,3.708526
16.52:  79.94982,-56.8336,3.708526
16.53:  79.96682,-56.57129,3.708526
16.55:  79.98196,-56.33776,3.708526
16.56:  79.99792,-56.09149,3.708526
16.58:  80.01402,-55.8432,3.708526
16.6:  80.0304,-55.59037,3.708526
16.61:  80.04642,-55.34333,3.708526
16.63:  80.06284,-55.08986,3.708526
16.65:  80.079,-54.84053,3.708526
16.66:  80.09536,-54.58818,3.708526
16.68:  80.11172,-54.33581,3.708526
16.7:  80.12753,-54.09178,3.708526
16.71:  80.14369,-53.84249,3.708526
16.73:  80.15986,-53.59315,3.708526
16.75:  80.17603,-53.3437,3.708526
16.76:  80.19222,-53.09374,3.708526
16.78:  80.20882,-52.83778,3.708526
16.8:  80.22447,-52.59627,3.708526
16.81:  80.24047,-52.34938,3.708526
16.83:  80.25659,-52.10073,3.708526
16.85:  80.27338,-51.84176,3.708526
16.86:  80.28966,-51.59053,3.708526
16.88:  80.30533,-51.34872,3.708526
16.9:  80.32165,-51.09696,3.708526
16.91:  80.33764,-50.85024,3.708526
16.93:  80.35387,-50.59974,3.708526
16.95:  80.37006,-50.35011,3.708526
16.96:  80.38597,-50.10464,3.708526
16.98:  80.40232,-49.85235,3.708526
17:  80.41823,-49.6069,3.708526
17.01:  80.43445,-49.35666,3.708526
17.03:  80.45089,-49.10308,3.708526
17.05:  80.46691,-48.85583,3.708526
17.06:  80.48295,-48.60838,3.708526
17.08:  80.49981,-48.34824,3.708526
17.1:  80.51543,-48.10727,3.708526
17.11:  80.53173,-47.85575,3.708526
17.13:  80.54803,-47.60437,3.708526
17.15:  80.56402,-47.35765,3.708526
17.16:  80.5801,-47.1095,3.708526
17.18:  80.59625,-46.86038,3.708526
17.2:  80.61246,-46.61026,3.708526
17.21:  80.62854,-46.36226,3.708526
17.23:  80.64475,-46.11204,3.708526
17.25:  80.66099,-45.86163,3.708526
17.26:  80.67691,-45.61595,3.708526
17.28:  80.69321,-45.36456,3.708526
17.3:  80.70965,-45.11089,3.708526
17.31:  80.72571,-44.86308,3.708526
17.33:  80.74179,-44.61496,3.708526
17.35:  80.75806,-44.3639,3.708526
17.36:  80.77409,-44.11652,3.708526
17.38:  80.79051,-43.86324,3.708526
17.4:  80.80665,-43.61429,3.708526
17.41:  80.82271,-43.36649,3.708526
17.43:  80.83939,-43.10914,3.708526
17.45:  80.85583,-42.85562,3.708526
17.46:  80.87118,-42.61873,3.708526
17.48:  80.88734,-42.36945,3.708526
17.5:  80.90387,-42.11443,3.708526
17.51:  80.91972,-41.86975,3.708526
17.53:  80.93594,-41.61966,3.708526
17.55:  80.95221,-41.3686,3.708526
17.56:  80.96813,-41.12298,3.708526
17.58:  80.98431,-40.87334,3.708526
17.6:  81.00047,-40.62393,3.708526
17.61:  81.01685,-40.37141,3.708526
17.63:  81.03275,-40.12594,3.708526
17.65:  81.04903,-39.87487,3.708526
17.66:  81.06525,-39.62454,3.708526
17.68:  81.08154,-39.37315,3.708526
17.7:  81.09756,-39.12603,3.708526
17.71:  81.11366,-38.87762,3.708526
17.73:  81.12991,-38.62696,3.708526
17.75:  81.1463,-38.37415,3.708526
17.76:  81.16223,-38.12827,3.708526
17.78:  81.17855,-37.87658,3.708526
17.8:  81.19461,-37.6288,3.708526
17.81:  81.21084,-37.37838,3.708526
17.83:  81.22691,-37.13036,3.708526
17.85:  81.24322,-36.87883,3.708526
17.86:  81.25935,-36.62993,3.708526
17.88:  81.27549,-36.38095,3.708526
17.9:  81.29173,-36.13032,3.708526
17.91:  81.30782,-35.88227,3.708526
17.93:  81.32456,-35.62384,3.708526
17.95:  81.34021,-35.38245,3.708526
17.96:  81.35635,-35.13349,3.708526
17.98:  81.37248,-34.88452,3.708526
18:  81.38861,-34.63566,3.708526
18.01:  81.40482,-34.38573,3.708526
18.03:  81.42094,-34.13693,3.708526
18.05:  81.43703,-33.88858,3.708526
18.06:  81.45326,-33.63823,3.708526
18.08:  81.46943,-33.38879,3.708526
18.1:  81.4855,-33.14097,3.708526
18.11:  81.50262,-32.87686,3.708526
18.13:  81.51798,-32.63971,3.708526
18.15:  81.5343,-32.38802,3.708526
18.16:  81.55102,-32.13011,3.708526
18.18:  81.56664,-31.88901,3.708526
18.2:  81.58278,-31.64011,3.708526
18.21:  81.59888,-31.39161,3.708526
18.23:  81.61506,-31.142,3.708526
18.25:  81.63123,-30.89252,3.708526
18.26:  81.64742,-30.64272,3.708526
18.28:  81.66365,-30.39238,3.708526
18.3:  81.67319,-30.14497,2.208526
18.31:  81.6763,-29.89338,0.7085262
18.33:  81.67287,-29.64555,359.2085
18.35:  81.66278,-29.39318,357.7085
18.36:  81.64646,-29.147,356.2085
18.38:  81.62238,-28.88693,354.7085
18.4:  81.5935,-28.64442,353.2085
18.41:  81.55703,-28.39418,351.7085
18.43:  81.51757,-28.16552,350.2085
18.45:  81.47364,-27.9455,348.7085
18.46:  81.42622,-27.73662,347.2085
18.48:  81.37668,-27.54216,345.7085
18.5:  81.32587,-27.36251,344.2085
18.51:  81.27323,-27.19341,342.7085
18.53:  81.22162,-27.04173,341.2085
18.55:  81.16925,-26.90011,339.7085
18.56:  81.11816,-26.7723,338.2085
18.58:  81.06864,-26.65728,336.7085
18.6:  81.02121,-26.55459,335.2085
18.61:  80.97711,-26.46532,333.7085
18.63:  80.93468,-26.38483,332.2085
18.65:  80.89907,-26.32134,330.7085
18.66:  80.86688,-26.26733,329.2085
18.68:  80.8397,-26.22432,327.7085
18.7:  80.8189,-26.19324,326.2085
18.71:  80.80399,-26.17216,324.7085
18.73:  80.79658,-26.16225,323.2085
18.75:  80.79658,-26.16225,321.7085
18.76:  80.79658,-26.16225,320.2085
18.78:  80.79658,-26.16225,318.7085
18.8:  80.79658,-26.16225,317.2085
18.81:  80.79658,-26.16225,315.7085
18.83:  80.79658,-26.16225,314.2085
18.85:  80.79658,-26.16225,312.7085
18.86:  80.79658,-26.16225,311.2085
18.88:  80.79658,-26.16225,309.7085
18.9:  80.79658,-26.16225,308.2085
18.91:  80.79658,-26.16225,306.7085
18.93:  80.79658,-26.16225,305.2085
18.95:  80.79658,-26.16225,303.7085
18.96:  80.79658,-26.16225,302.2085
18.98:  80.79658,-26.16225,300.7085
19:  80.79658,-26.16225,299.2085
19.01:  80.79658,-26.16225,297.7085
19.03:  80.79658,-26.16225,296.2085
19.05:  80.79658,-26.16225,294.7085
19.06:  80.79658,-26.16225,293.2085
19.08:  80.79658,-26.16225,291.7085
19.1:  80.79658,-26.16225,290.2085
19.11:  80.79658,-26.16225,288.8613
19.13:  80.79658,-26.16225,287.6626
19.15:  80.79658,-26.16225,286.6132
19.16:  80.79658,-26.16225,285.7134
19.18:  80.79658,-26.16225,284.9641
19.2:  80.79658,-26.16225,284.3654
19.21:  80.79658,-26.16225,283.9211
19.23:  80.79658,-26.16225,283.623
19.25:  80.78484,-26.15944,283.4723
19.26:  80.76083,-26.15369,283.4712
19.28:  80.72308,-26.14465,283.4712
19.3:  80.67439,-26.13299,283.4712
19.31:  80.614,-26.11852,283.4712
19.33:  80.54155,-26.10117,283.4712
19.35:  80.45605,-26.08068,283.4712
19.36:  80.36096,-26.05791,283.4712
19.38:  80.25004,-26.03133,283.4712
19.4:  80.12875,-26.00228,283.4712
19.41:  79.99458,-25.97014,283.4712
19.43:  79.84943,-25.93537,283.4712
19.45:  79.69278,-25.89784,283.4712
19.46:  79.52433,-25.85749,283.4712
19.48:  79.33973,-25.81327,283.4712
19.5:  79.14404,-25.7664,283.4712
19.51:  78.93986,-25.71748,283.4712
19.53:  78.72178,-25.66524,283.4712
19.55:  78.4883,-25.60931,283.4712
19.56:  78.24818,-25.55179,283.4712
19.58:  78.00297,-25.49305,283.4712
19.6:  77.76203,-25.43534,283.4712
19.61:  77.51588,-25.37637,283.4712
19.63:  77.27237,-25.31804,283.4712
19.65:  77.03189,-25.26043,283.4712
19.66:  76.78651,-25.20165,283.4712
19.68:  76.54272,-25.14326,283.4712
19.7:  76.30296,-25.08582,283.4712
19.71:  76.05617,-25.0267,283.4712
19.73:  75.8135,-24.96857,283.4712
19.75:  75.57155,-24.91061,283.4712
19.76:  75.31764,-24.84979,283.4712
19.78:  75.08616,-24.79434,283.4712
19.8:  74.84269,-24.73602,283.4712
19.81:  74.6015,-24.67824,283.4712
19.83:  74.35761,-24.61982,283.4712
19.85:  74.11153,-24.56087,283.4712
19.86:  73.86805,-24.50254,283.4712
19.88:  73.62685,-24.44476,283.4712
19.9:  73.38546,-24.38694,283.4712
19.91:  73.14228,-24.32869,283.4712
19.93:  72.89892,-24.27039,283.4712
19.95:  72.65319,-24.21152,283.4712
19.96:  72.41284,-24.15395,283.4712
19.98:  72.16506,-24.0946,283.4712
20:  71.92735,-24.03765,283.4712
20.01:  71.68122,-23.97869,283.4712
20.03:  71.44033,-23.92099,283.4712
20.05:  71.19682,-23.86265,283.4712
20.06:  70.95435,-23.80457,283.4712
20.08:  70.70809,-23.74558,283.4712
20.1:  70.46675,-23.68777,283.4712
20.11:  70.21589,-23.62768,283.4712
20.13:  69.98071,-23.57134,283.4712
20.15:  69.73731,-23.51303,283.4712
20.16:  69.49677,-23.45541,283.4712
20.18:  69.25072,-23.39647,283.4712
20.2:  69.00983,-23.33877,283.4712
20.21:  68.76303,-23.28644,281.9712
20.23:  68.5116,-23.23997,280.4712
20.25:  68.2688,-23.20164,278.9712
20.26:  68.02468,-23.16962,277.4712
20.28:  67.77448,-23.14345,275.9712
20.3:  67.5243,-23.12323,274.6218
20.31:  67.27783,-23.1085,273.4206
20.33:  67.0237,-23.09797,272.3719
20.35:  66.77472,-23.09157,271.4727
20.36:  66.52782,-23.08846,270.7216
20.38:  66.27024,-23.0879,270.1251
20.4:  66.02641,-23.08928,269.6749
20.41:  65.77559,-23.09202,269.3752
20.43:  65.52569,-23.09539,269.2255
20.45:  65.27435,-23.09879,269.2255
20.46:  65.0259,-23.10215,269.2255
20.48:  64.77425,-23.10555,269.2255
20.5:  64.52495,-23.10892,269.2255
20.51:  64.27525,-23.1123,269.2255
20.53:  64.02579,-23.11567,269.2255
20.55:  63.7683,-23.11915,269.2255
20.56:  63.52447,-23.12245,269.2255
20.58:  63.27323,-23.12585,269.2255
20.6:  63.02425,-23.12921,269.2255
20.61:  62.77869,-23.13253,269.2255
20.63:  62.52795,-23.13592,269.2255
20.65:  62.26836,-23.13943,269.2255
20.66:  62.02767,-23.14268,269.2255
20.68:  61.77436,-23.14611,269.2255
20.7:  61.52546,-23.14948,269.2255
20.71:  61.26881,-23.15294,269.2255
20.73:  61.02295,-23.15627,269.2255
20.75:  60.77422,-23.15963,269.2255
20.76:  60.52824,-23.16296,269.2255
20.78:  60.27859,-23.16633,269.2255
20.8:  60.02464,-23.16977,269.2255
20.81:  59.77904,-23.17308,269.2255
20.83:  59.52007,-23.17659,269.2255
20.85:  59.27684,-23.17987,269.2255
20.86:  59.02699,-23.18325,269.2255
20.88:  58.77726,-23.18663,269.2255
20.9:  58.52523,-23.19003,269.2255
20.91:  58.27735,-23.19339,269.2255
20.93:  58.02802,-23.19676,269.2255
20.95:  57.7751,-23.20018,269.2255
20.96:  57.52875,-23.20351,269.2255
20.98:  57.27075,-23.207,269.2255
21:  57.02837,-23.21027,269.2255
21.01:  56.77682,-23.21367,269.2255
21.03:  56.52805,-23.21704,269.2255
21.05:  56.27494,-23.22046,269.2255
21.06:  56.02822,-23.22379,269.2255
21.08:  55.77018,-23.22728,269.2255
21.1:  55.52114,-23.23065,269.2255
21.11:  55.27452,-23.23398,269.2255
21.13:  55.02515,-23.23735,269.2255
21.15:  54.77505,-23.24073,269.2255
21.16:  54.52718,-23.24409,269.2255
21.18:  54.27909,-23.24744,269.2255
21.2:  54.02898,-23.25082,269.2255
21.21:  53.77574,-23.25424,269.2255
21.23:  53.52583,-23.25762,269.2255
21.25:  53.27514,-23.26101,269.2255
21.26:  53.02705,-23.26437,269.2255
21.28:  52.77254,-23.26781,269.2255
21.3:  52.51849,-23.27124,269.2255
21.31:  52.2789,-23.27448,269.2255
21.33:  52.02157,-23.27796,269.2255
21.35:  51.77194,-23.28133,269.2255
21.36:  51.5247,-23.28468,269.2255
21.38:  51.27771,-23.28802,269.2255
21.4:  51.02484,-23.29144,269.2255
21.41:  50.77519,-23.29481,269.2255
21.43:  50.52735,-23.29816,269.2255
21.45:  50.27428,-23.30158,269.2255
21.46:  50.02063,-23.30501,269.2255
21.48:  49.77433,-23.30834,269.2255
21.5:  49.52531,-23.31171,269.2255
21.51:  49.27563,-23.31508,269.2255
21.53:  49.02574,-23.31846,269.2255
21.55:  48.7715,-23.3219,269.2255
21.56:  48.52038,-23.32529,269.2255
21.58:  48.2704,-23.32867,269.2255
21.6:  48.02562,-23.33198,269.2255
21.61:  47.77732,-23.33534,269.2255
21.63:  47.52327,-23.33877,269.2255
21.65:  47.27563,-23.34212,269.2255
21.66:  47.02532,-23.3455,269.2255
21.68:  46.77673,-23.34887,269.2255
21.7:  46.52931,-23.35221,269.2255
21.71:  46.27117,-23.3557,269.2255
21.73:  46.02291,-23.35906,269.2255
21.75:  45.77342,-23.36243,269.2255
21.76:  45.52453,-23.3658,269.2255
21.78:  45.27737,-23.36914,269.2255
21.8:  45.02197,-23.37259,269.2255
21.81:  44.77252,-23.37596,269.2255
21.83:  44.52383,-23.37932,269.2255
21.85:  44.27381,-23.3827,269.2255
21.86:  44.02531,-23.38606,269.2255
21.88:  43.77648,-23.38943,269.2255
21.9:  43.52621,-23.39281,269.2255
21.91:  43.27862,-23.39616,269.2255
21.93:  43.02967,-23.39952,269.2255
21.95:  42.77837,-23.40292,269.2255
21.96:  42.52734,-23.40631,269.2255
21.98:  42.27914,-23.40967,269.2255
22:  42.02845,-23.41306,269.2255
22.01:  41.777,-23.41646,269.2255
22.03:  41.52861,-23.41982,269.2255
22.05:  41.27065,-23.4233,269.2255
22.06:  41.02424,-23.42664,269.2255
22.08:  40.77879,-23.42995,269.2255
22.1:  40.52006,-23.43345,269.2255
22.11:  40.27972,-23.4367,269.2255
22.13:  40.02574,-23.44013,269.2255
22.15:  39.77191,-23.44357,269.2255
22.16:  39.52411,-23.44691,269.2255
22.18:  39.27925,-23.45023,269.2255
22.2:  39.02813,-23.45362,269.2255
22.21:  38.77869,-23.45699,269.2255
22.23:  38.52071,-23.46048,269.2255
22.25:  38.27847,-23.46376,269.2255
22.26:  38.03032,-23.46711,269.2255
22.28:  37.77983,-23.4705,269.2255
22.3:  37.52765,-23.47391,269.2255
22.31:  37.27072,-23.47738,269.2255
22.33:  37.02538,-23.4807,269.2255
22.35:  36.77436,-23.48409,269.2255
22.36:  36.52693,-23.48743,269.2255
22.38:  36.27859,-23.49079,269.2255
22.4:  36.02633,-23.4942,269.2255
22.41:  35.77881,-23.49755,269.2255
22.43:  35.52702,-23.50095,269.2255
22.45:  35.28011,-23.50429,269.2255
22.46:  35.02901,-23.50769,269.2255
22.48:  34.77864,-23.51107,269.2255
22.5:  34.52956,-23.51444,269.2255
22.51:  34.27753,-23.51785,269.2255
22.53:  34.02711,-23.52123,269.2255
22.55:  33.77699,-23.52461,269.2255
22.56:  33.52643,-23.528,269.2255
22.58:  33.27955,-23.53134,269.2255
22.6:  33.02781,-23.53474,269.2255
22.61:  32.77986,-23.53809,269.2255
22.63:  32.52876,-23.54149,269.2255
22.65:  32.27117,-23.54497,269.2255
22.66:  32.03001,-23.54823,269.2255
22.68:  31.77736,-23.55165,269.2255
22.7:  31.52913,-23.555,269.2255
22.71:  31.28032,-23.55836,269.2255
22.73:  31.02995,-23.56175,269.2255
22.75:  30.77943,-23.56514,269.2255
22.76:  30.52952,-23.56852,269.2255
22.78:  30.27981,-23.57189,269.2255
22.8:  30.02676,-23.57531,269.2255
22.81:  29.78024,-23.57865,269.2255
22.83:  29.52846,-23.58205,269.2255
22.85:  29.28112,-23.58539,269.2255
22.86:  29.03066,-23.58878,269.2255
22.88:  28.77829,-23.59219,269.2255
22.9:  28.52937,-23.59556,269.2255
22.91:  28.27029,-23.59906,269.2255
22.93:  28.02233,-23.60241,269.2255
22.95:  27.78062,-23.60568,269.2255
22.96:  27.52946,-23.60907,269.2255
22.98:  27.27728,-23.61248,269.2255
23:  27.02958,-23.61583,269.2255
23.01:  26.78026,-23.6192,269.2255
23.03:  26.52892,-23.6226,269.2255
23.05:  26.27995,-23.62597,269.2255
23.06:  26.03216,-23.62932,269.2255
23.08:  25.7799,-23.63273,269.2255
23.1:  25.52976,-23.63611,269.2255
23.11:  25.28095,-23.63947,269.2255
23.13:  25.02566,-23.64292,269.2255
23.15:  24.77636,-23.64629,269.2255
23.16:  24.52955,-23.64963,269.2255
23.18:  24.27707,-23.65304,269.2255
23.2:  24.02923,-23.65639,269.2255
23.21:  23.78065,-23.65975,269.2255
23.23:  23.52805,-23.66317,269.2255
23.25:  23.27716,-23.66656,269.2255
23.26:  23.0308,-23.66989,269.2255
23.28:  22.78019,-23.67328,269.2255
23.3:  22.51973,-23.6768,269.2255
23.31:  22.27726,-23.68008,269.2255
23.33:  22.02755,-23.68345,269.2255
23.35:  21.77828,-23.68682,269.2255
23.36:  21.53198,-23.69016,269.2255
23.38:  21.28063,-23.69355,269.2255
23.4:  21.03216,-23.69691,269.2255
23.41:  20.78207,-23.70029,269.2255
23.43:  20.52488,-23.70377,269.2255
23.45:  20.27859,-23.7071,269.2255
23.46:  20.03117,-23.71045,269.2255
23.48:  19.77819,-23.71387,269.2255
23.5:  19.52881,-23.71724,269.2255
23.51:  19.28032,-23.7206,269.2255
23.53:  19.02827,-23.724,269.2255
23.55:  18.78162,-23.72734,269.2255
23.56:  18.53128,-23.73072,269.2255
23.58:  18.2783,-23.73414,269.2255
23.6:  18.02921,-23.73751,269.2255
23.61:  17.77982,-23.74088,269.2255
23.63:  17.52449,-23.74433,269.2255
23.65:  17.27892,-23.74765,269.2255
23.66:  17.02947,-23.75103,269.2255
23.68:  16.77571,-23.75446,269.2255
23.7:  16.52741,-23.75781,269.2255
23.71:  16.28035,-23.76115,269.2255
23.73:  16.03171,-23.76451,269.2255
23.75:  15.78273,-23.76788,269.2255
23.76:  15.53158,-23.77128,269.2255
23.78:  15.28173,-23.77465,269.2255
23.8:  15.02506,-23.77812,269.2255
23.81:  14.77399,-23.78152,269.2255
23.83:  14.52384,-23.7849,269.2255
23.85:  14.27856,-23.78822,269.2255
23.86:  14.03078,-23.79156,269.2255
23.88:  13.78096,-23.79494,269.2255
23.9:  13.53207,-23.79831,269.2255
23.91:  13.27834,-23.80174,269.2255
23.93:  13.02885,-23.80511,269.2255
23.95:  12.77916,-23.80849,269.2255
23.96:  12.53281,-23.81182,269.2255
23.98:  12.27875,-23.81525,269.2255
24:  12.0301,-23.81861,269.2255
24.01:  11.77992,-23.82199,269.2255
24.03:  11.52798,-23.8254,269.2255
24.05:  11.28289,-23.82871,269.2255
24.06:  11.02607,-23.83219,269.2255
24.08:  10.7703,-23.83564,269.2255
24.1:  10.53035,-23.83889,269.2255
24.11:  10.28181,-23.84225,269.2255
24.13:  10.02896,-23.84567,269.2255
24.15:  9.78273,-23.849,269.2255
24.16:  9.532034,-23.85238,269.2255
24.18:  9.2831,-23.85575,269.2255
24.2:  9.030901,-23.85916,269.2255
24.21:  8.782143,-23.86252,269.2255
24.23:  8.530896,-23.86592,269.2255
24.25:  8.281907,-23.86929,269.2255
24.26:  8.023921,-23.87277,269.2255
24.28:  7.778712,-23.87609,269.2255
24.3:  7.532484,-23.87942,269.2255
24.31:  7.278504,-23.88285,269.2255
24.33:  7.030607,-23.8862,269.2255
24.35:  6.782492,-23.88956,269.2255
24.36:  6.528297,-23.89299,269.2255
24.4:  6.279613,-23.89635,269.2255
24.41:  6.032028,-23.8997,269.2255
24.43:  5.782235,-23.90308,269.2255
24.45:  5.526288,-23.90654,269.2255
24.46:  5.281345,-23.90985,269.2255
24.48:  5.031768,-23.91323,269.2255
24.5:  4.780821,-23.91662,269.2255
24.51:  4.529987,-23.92001,269.2255
24.53:  4.280917,-23.92338,269.2255
24.55:  4.029015,-23.92678,269.2255
24.56:  3.781398,-23.93013,269.2255
24.58:  3.53972,-23.9334,269.2255
24.6:  3.319047,-23.93638,269.2255
24.61:  3.104444,-23.93928,269.2255
24.63:  2.905772,-23.94197,269.2255
24.65:  2.719467,-23.94448,269.2255
24.66:  2.545246,-23.94684,269.2255
24.68:  2.378103,-23.9491,269.2255
24.7:  2.231872,-23.95108,269.2255
24.71:  2.093803,-23.95656,267.7255
24.73:  1.970275,-23.96471,266.2255
24.75:  1.857444,-23.97513,264.7255
24.76:  1.757541,-23.987,263.2255
24.78:  1.67208,-23.99942,261.7255
24.8:  1.595647,-24.01259,260.2255
24.81:  1.534673,-24.02475,258.7255
24.83:  1.487712,-24.03539,257.2255
24.85:  1.45127,-24.04467,255.7254
24.86:  1.427198,-24.05147,254.2254
24.88:  1.415222,-24.05519,252.7254
24.9:  1.415222,-24.05519,251.2254
24.91:  1.415222,-24.05519,249.7254
24.93:  1.415222,-24.05519,248.2254
24.95:  1.415222,-24.05519,246.7254
24.96:  1.415222,-24.05519,245.2254
24.98:  1.415222,-24.05519,243.7255
25:  1.415222,-24.05519,242.2254
25.01:  1.415222,-24.05519,240.7254
25.03:  1.415222,-24.05519,239.2254
25.05:  1.415222,-24.05519,237.7254
25.06:  1.415222,-24.05519,236.2254
25.08:  1.415222,-24.05519,234.7254
25.1:  1.415222,-24.05519,233.2254
25.11:  1.415222,-24.05519,231.7254
25.13:  1.415222,-24.05519,230.2254
25.15:  1.415222,-24.05519,228.7254
25.16:  1.415222,-24.05519,227.2254
25.18:  1.415222,-24.05519,225.7254
25.2:  1.415222,-24.05519,224.2254
25.21:  1.415222,-24.05519,222.7254
25.23:  1.415222,-24.05519,221.2254
25.25:  1.415222,-24.05519,219.7254
25.26:  1.415222,-24.05519,218.2254
25.28:  1.415222,-24.05519,216.7254
25.3:  1.415222,-24.05519,215.2254
25.31:  1.415222,-24.05519,213.7254
25.33:  1.415222,-24.05519,212.2254
25.35:  1.415222,-24.05519,210.7254
25.36:  1.415222,-24.05519,209.2255
25.38:  1.415222,-24.05519,207.7254
25.4:  1.415222,-24.05519,206.2254
25.41:  1.415222,-24.05519,204.7254
25.43:  1.415222,-24.05519,203.2254
25.45:  1.415222,-24.05519,201.7254
25.46:  1.415222,-24.05519,200.2254
25.48:  1.415222,-24.05519,198.7254
25.5:  1.415222,-24.05519,197.2254
25.51:  1.415222,-24.05519,195.7254
25.53:  1.415222,-24.05519,194.2254
25.55:  1.415222,-24.05519,192.7254
25.56:  1.415222,-24.05519,191.2254
25.58:  1.415222,-24.05519,189.7254
25.6:  1.415222,-24.05519,188.2254
25.61:  1.415222,-24.05519,186.7254
25.63:  1.415222,-24.05519,185.2255
25.65:  1.415222,-24.05519,183.7254
25.66:  1.415222,-24.05519,182.2254
25.68:  1.415222,-24.05519,180.7254
25.7:  1.415222,-24.05519,179.2254
25.71:  1.415222,-24.05519,177.7255
25.73:  1.415222,-24.05519,176.2254
25.75:  1.415222,-24.05519,174.7254
25.76:  1.415222,-24.05519,173.2255
25.78:  1.415222,-24.05519,171.7254
25.8:  1.415222,-24.05519,170.2255
25.81:  1.415222,-24.05519,168.7254
25.83:  1.415222,-24.05519,167.2254
25.85:  1.415222,-24.05519,165.7255
25.86:  1.415222,-24.05519,164.2254
25.88:  1.415222,-24.05519,162.7254
25.9:  1.415222,-24.05519,161.2254
25.91:  1.415222,-24.05519,159.7254
25.93:  1.415222,-24.05519,158.2255
25.95:  1.415222,-24.05519,156.7254
25.96:  1.415222,-24.05519,155.2254
25.98:  1.415222,-24.05519,153.7255
26:  1.415222,-24.05519,152.2254
26.01:  1.415222,-24.05519,150.7255
26.03:  1.415222,-24.05519,149.2254
26.05:  1.415222,-24.05519,147.7255
26.06:  1.415222,-24.05519,146.2255
26.08:  1.415222,-24.05519,144.7254
26.1:  1.415222,-24.05519,143.2255
26.11:  1.415222,-24.05519,141.7255
26.13:  1.415222,-24.05519,140.2254
26.15:  1.415222,-24.05519,138.7255
26.16:  1.415222,-24.05519,137.2254
26.18:  1.415222,-24.05519,135.7255
26.2:  1.415222,-24.05519,134.2255
26.21:  1.415222,-24.05519,132.7254
26.23:  1.415222,-24.05519,131.2254
26.25:  1.415222,-24.05519,129.7255
26.26:  1.415222,-24.05519,128.2254
26.28:  1.415222,-24.05519,126.7255
26.3:  1.415222,-24.05519,125.2255
26.31:  1.415222,-24.05519,123.7254
26.33:  1.415222,-24.05519,122.2255
26.35:  1.415222,-24.05519,120.7255
26.36:  1.415222,-24.05519,119.2254
26.38:  1.415222,-24.05519,117.7255
26.4:  1.415222,-24.05519,116.2254
26.41:  1.415222,-24.05519,114.7254
26.43:  1.415222,-24.05519,113.2255
26.45:  1.415222,-24.05519,111.7255
26.46:  1.415222,-24.05519,110.2255
26.48:  1.415222,-24.05519,108.7255
26.5:  1.415222,-24.05519,107.2255
26.51:  1.415222,-24.05519,105.7255
26.53:  1.415222,-24.05519,104.2255
26.55:  1.415222,-24.05519,102.7254
26.56:  1.415222,-24.05519,101.2255
26.58:  1.415222,-24.05519,99.72546
26.6:  1.415222,-24.05519,98.22545
26.61:  1.415222,-24.05519,96.72545
26.63:  1.415222,-24.05519,95.22545
26.65:  1.415222,-24.05519,93.72546
26.66:  1.415222,-24.05519,92.22545
26.68:  1.415222,-24.05519,90.8803
26.7:  1.415222,-24.05519,89.67851
26.71:  1.415222,-24.05519,88.62791
26.73:  1.415222,-24.05519,87.72692
26.75:  1.415222,-24.05519,86.9748
26.76:  1.415222,-24.05519,86.37757
26.78:  1.415222,-24.05519,85.92832
26.8:  1.415222,-24.05519,85.62628
26.81:  1.415222,-24.05519,85.47563
26.83:  1.415222,-24.05519,85.47357
26.85:  1.415222,-24.05519,85.47357
26.86:  1.415222,-24.05519,85.47357
26.88:  1.415222,-24.05519,85.47357
26.9:  1.415222,-24.05519,85.47357
26.91:  1.415222,-24.05519,85.47357
26.93:  1.415222,-24.05519,85.47357
26.95:  1.415222,-24.05519,85.47357
26.96:  1.415222,-24.05519,85.47357
26.98:  1.415222,-24.05519,85.47357
27:  1.415222,-24.05519,85.47357
27.01:  1.415222,-24.05519,85.47357
27.03:  1.415222,-24.05519,85.47357
27.05:  1.415222,-24.05519,85.47357
27.06:  1.415222,-24.05519,85.47357
27.08:  1.415222,-24.05519,85.47357
27.1:  1.415222,-24.05519,85.47357
27.11:  1.415222,-24.05519,85.47357
27.13:  1.427161,-24.05424,85.47357
27.15:  1.452263,-24.05226,85.47357
27.16:  1.489109,-24.04934,85.47357
27.18:  1.540442,-24.04528,85.47357
27.2:  1.603204,-24.04031,85.47357
27.21:  1.676034,-24.03454,85.47357
27.23:  1.764543,-24.02754,85.47357
27.25:  1.865505,-24.01954,85.47357
27.26:  1.978776,-24.01058,85.47357
27.28:  2.098732,-24.00108,85.47357
27.3:  2.237333,-23.99011,85.47357
27.31:  2.385816,-23.97835,85.47357
27.33:  2.547602,-23.96554,85.47357
27.35:  2.721779,-23.95176,85.47357
27.36:  2.908237,-23.93699,85.47357
27.38:  3.107093,-23.92125,85.47357
27.4:  3.31612,-23.9047,85.47357
27.41:  3.541289,-23.88688,85.47357
27.43:  3.783989,-23.86766,85.47357
27.45:  4.034364,-23.84784,85.47357
27.46:  4.280358,-23.82837,85.47357
27.48:  4.526986,-23.80884,85.47357
27.5:  4.783562,-23.78853,85.47357
27.51:  5.026133,-23.76933,85.47357
27.53:  5.273822,-23.74972,85.47357
27.55:  5.523223,-23.72998,85.47357
27.56:  5.781596,-23.70952,85.47357
27.58:  6.027568,-23.69005,85.47357
27.6:  6.272957,-23.67062,85.47357
27.61:  6.522075,-23.6509,85.47357
27.63:  6.771495,-23.63116,85.47357
27.65:  7.017294,-23.6117,85.47357
27.66:  7.269803,-23.59171,85.47357
27.68:  7.516066,-23.57221,85.47357
27.7:  7.763705,-23.55261,85.47357
27.71:  8.027143,-23.53175,85.47357
27.73:  8.263657,-23.51303,85.47357
27.75:  8.512177,-23.49335,85.47357
27.76:  8.765095,-23.47333,85.47357
27.78:  9.011935,-23.45379,85.47357
27.8:  9.261358,-23.43404,85.47357
27.81:  9.512554,-23.41416,85.47357
27.83:  9.761149,-23.39448,85.47357
27.85:  10.01576,-23.37432,85.47357
27.86:  10.26112,-23.3549,85.47357
27.88:  10.51474,-23.33482,85.47357
27.9:  10.75938,-23.31545,85.47357
27.91:  11.00769,-23.29579,85.47357
27.93:  11.25766,-23.276,85.47357
27.95:  11.51143,-23.25591,85.47357
27.96:  11.75414,-23.2367,85.47357
27.98:  12.00602,-23.21676,85.47357
28:  12.25879,-23.19675,85.47357
28.01:  12.50425,-23.17732,85.47357
28.03:  12.75693,-23.15731,85.47357
28.05:  13.0001,-23.13806,85.47357
28.06:  13.2511,-23.11819,85.47357
28.08:  13.49857,-23.0986,85.47357
28.1:  13.74707,-23.07893,85.47357
28.11:  13.9968,-23.05916,85.47357
28.13:  14.25062,-23.03906,85.47357
28.15:  14.49545,-23.01968,85.47357
28.16:  14.74782,-22.9997,85.47357
28.18:  14.99615,-22.98004,85.47357
28.2:  15.25505,-22.95955,85.47357
28.21:  15.49989,-22.94017,85.47357
28.23:  15.74033,-22.92113,85.47357
28.25:  15.99183,-22.90122,85.47357
28.26:  16.25087,-22.88071,85.47357
28.28:  16.4876,-22.86197,85.47357
28.3:  16.74038,-22.84196,85.47357
28.31:  16.98556,-22.82255,85.47357
28.33:  17.239,-22.80249,85.47357
28.35:  17.48616,-22.78292,85.47357
28.36:  17.73579,-22.76316,85.47357
28.38:  17.98603,-22.74335,85.47357
28.4:  18.23219,-22.72386,85.47357
28.41:  18.48342,-22.70397,85.47357
28.43:  18.73298,-22.68422,85.47357
28.45:  18.98151,-22.66454,85.47357
28.46:  19.22889,-22.64495,85.47357
28.48:  19.47915,-22.62514,85.47357
28.5:  19.72995,-22.60529,85.47357
28.51:  19.97569,-22.58583,85.47357
28.53:  20.22865,-22.56581,85.47357
28.55:  20.47626,-22.54621,85.47357
28.56:  20.72625,-22.52642,85.47357
28.58:  20.98005,-22.50632,85.47357
28.6:  21.22444,-22.48698,85.47357
28.61:  21.4719,-22.46739,85.47357
28.63:  21.73076,-22.44689,85.47357
28.65:  21.97151,-22.42783,85.47357
28.66:  22.23308,-22.40713,85.47357
28.68:  22.47197,-22.38821,85.47357
28.7:  22.71778,-22.36876,85.47357
28.71:  22.97146,-22.34867,85.47357
28.73:  23.21579,-22.32933,85.47357
28.75:  23.47614,-22.30872,85.47357
28.76:  23.71619,-22.28971,85.47357
28.78:  23.96604,-22.26994,85.47357
28.8:  24.21293,-22.25039,85.47357
28.81:  24.47321,-22.22978,85.47357
28.83:  24.71308,-22.21079,85.47357
28.85:  24.96034,-22.19122,85.47357
28.86:  25.21395,-22.17114,85.47357
28.88:  25.45914,-22.15173,85.47357
28.9:  25.7104,-22.13184,85.47357
28.92:  25.95907,-22.11216,85.47357
28.93:  26.22745,-22.09091,85.47357
28.95:  26.46241,-22.07231,85.47357
28.96:  26.71083,-22.05264,85.47357
28.98:  26.95555,-22.03327,85.47357
29:  27.20416,-22.01359,85.47357
29.01:  27.45436,-21.99378,85.47357
29.03:  27.71011,-21.97353,85.47357
29.05:  27.95367,-21.95425,85.47357
29.06:  28.19983,-21.93476,85.47357
29.08:  28.45635,-21.91446,85.47357
29.1:  28.69856,-21.89528,85.47357
29.11:  28.94913,-21.87544,85.47357
29.13:  29.20811,-21.85494,85.47357
29.15:  29.45695,-21.83524,85.47357
29.16:  29.70024,-21.81598,85.47357
29.18:  29.94715,-21.79644,85.47357
29.2:  30.19623,-21.77672,85.47357
29.21:  30.45416,-21.7563,85.47357
29.23:  30.69733,-21.73705,85.47357
29.25:  30.94602,-21.71736,85.47357
29.26:  31.19325,-21.69779,85.47357
29.28:  31.44165,-21.67812,85.47357
29.3:  31.70252,-21.65747,85.47357
29.31:  31.93892,-21.63876,85.47357
29.33:  32.18948,-21.61892,85.47357
29.35:  32.44761,-21.59848,85.47357
29.36:  32.68743,-21.5795,85.47357
29.38:  32.93666,-21.55977,85.47357
29.4:  33.18536,-21.54008,85.47357
29.41:  33.44898,-21.51921,85.47357
29.43:  33.68343,-21.50065,85.47357
29.45:  33.9351,-21.48073,85.47357
29.46:  34.18286,-21.46111,85.47357
29.48:  34.43278,-21.44133,85.47357
29.5:  34.68334,-21.42149,85.47357
29.51:  34.93009,-21.40196,85.47357
29.53:  35.18169,-21.38204,85.47357
29.55:  35.42807,-21.36253,85.47357
29.56:  35.68004,-21.34259,85.47357
29.58:  35.92894,-21.32288,85.47357
29.6:  36.17778,-21.30318,85.47357
29.61:  36.42617,-21.28352,85.47357
29.63:  36.67764,-21.26361,85.47357
29.65:  36.93009,-21.24363,85.47357
29.66:  37.17389,-21.22433,85.47357
29.68:  37.42276,-21.20462,85.47357
29.7:  37.67228,-21.18487,85.47357
29.71:  37.92421,-21.16492,85.47357
29.73:  38.17127,-21.14537,85.47357
29.76:  38.42392,-21.12536,85.47357
29.78:  38.66822,-21.10603,85.47357
29.8:  38.91947,-21.08613,85.47357
29.81:  39.17353,-21.06602,85.47357
29.83:  39.4206,-21.04646,85.47357
29.85:  39.66459,-21.02715,85.47357
29.86:  39.93031,-21.00611,85.47357
29.88:  40.17319,-20.98688,85.47357
29.9:  40.42404,-20.96702,85.47357
29.91:  40.66388,-20.94804,85.47357
29.93:  40.9128,-20.92833,85.47357
29.95:  41.17174,-20.90783,85.47357
29.96:  41.41749,-20.88838,85.47357
29.98:  41.65973,-20.8692,85.47357
30:  41.90771,-20.84957,85.47357
30.01:  42.16972,-20.82882,85.47357
30.03:  42.41011,-20.8098,85.47357
30.05:  42.65857,-20.79012,85.47357
30.06:  42.90601,-20.77054,85.47357
30.08:  43.15656,-20.7507,85.47357
30.1:  43.40454,-20.73107,85.47357
30.12:  43.65367,-20.71135,85.47357
30.13:  43.91477,-20.69068,85.47357
30.15:  44.15042,-20.67202,85.47357
30.16:  44.40234,-20.65208,85.47357
30.18:  44.65219,-20.6323,85.47357
30.2:  44.89899,-20.61276,85.47357
30.21:  45.15831,-20.59223,85.47357
30.23:  45.4058,-20.57264,85.47357
30.25:  45.64826,-20.55344,85.47357
30.26:  45.90626,-20.53302,85.47357
30.28:  46.14846,-20.51385,85.47357
30.3:  46.41094,-20.49307,85.47357
30.31:  46.65094,-20.47407,85.47357
30.33:  46.89267,-20.45493,85.47357
30.35:  47.14117,-20.43526,85.47357
30.36:  47.39241,-20.41537,85.47357
30.38:  47.64207,-20.3956,85.47357
30.4:  47.89661,-20.37545,85.47357
30.41:  48.14805,-20.35555,85.47357
30.43:  48.39207,-20.33623,85.47357
30.45:  48.63682,-20.31685,85.47357
30.46:  48.89618,-20.29632,85.47357
30.48:  49.13626,-20.27731,85.47357
30.5:  49.38774,-20.2574,85.47357
30.51:  49.63408,-20.2379,85.47357
30.53:  49.88546,-20.218,85.47357
30.55:  50.13338,-20.19838,85.47357
30.56:  50.38609,-20.17837,85.47357
30.58:  50.63146,-20.15895,85.47357
30.6:  50.8824,-20.13908,85.47357
30.61:  51.12933,-20.11953,85.47357
30.63:  51.38014,-20.09967,85.47357
30.65:  51.62921,-20.07996,85.47357
30.66:  51.88029,-20.06008,85.47357
30.68:  52.12861,-20.04042,85.47357
30.7:  52.37446,-20.02096,85.47357
30.71:  52.63671,-20.0002,85.47357
30.73:  52.88175,-19.9808,85.47357
30.75:  53.12236,-19.96175,85.47357
30.76:  53.37619,-19.94166,85.47357
30.78:  53.63234,-19.92138,85.47357
30.8:  53.88113,-19.90168,85.47357
30.81:  54.12573,-19.88232,85.47357
30.83:  54.37297,-19.86275,85.47357
30.85:  54.61956,-19.84322,85.47357
30.86:  54.87241,-19.82321,85.47357
30.88:  55.11665,-19.80387,85.47357
30.9:  55.36802,-19.78397,85.47357
30.91:  55.6276,-19.76342,85.47357
30.93:  55.86818,-19.74438,85.47357
30.95:  56.11382,-19.72493,85.47357
30.96:  56.37551,-19.70421,85.47357
30.98:  56.61211,-19.68548,85.47357
31:  56.86348,-19.66558,85.47357
31.01:  57.12086,-19.64521,85.47357
31.03:  57.36805,-19.62564,85.47357
31.05:  57.6097,-19.60651,85.47357
31.06:  57.85942,-19.58674,85.47357
31.08:  58.10894,-19.56698,85.47357
31.1:  58.36547,-19.54668,85.47357
31.11:  58.60759,-19.52751,85.47357
31.13:  58.85683,-19.50778,85.47357
31.15:  59.1042,-19.48819,85.47357
31.16:  59.35453,-19.46838,85.47357
31.18:  59.60641,-19.44843,85.47357
31.2:  59.85246,-19.42896,85.47357
31.21:  60.10192,-19.40921,85.47357
31.23:  60.35213,-19.3894,85.47357
31.25:  60.60196,-19.36962,85.47357
31.26:  60.85173,-19.34985,85.47357
31.28:  61.09874,-19.33029,85.47357
31.3:  61.34767,-19.31059,85.47357
31.31:  61.60711,-19.29005,85.47357
31.33:  61.85041,-19.27079,85.47357
31.35:  62.1072,-19.25046,85.47357
31.36:  62.34508,-19.23163,85.47357
31.38:  62.5935,-19.21196,85.47357
31.4:  62.84209,-19.19228,85.47357
31.41:  63.09312,-19.17241,85.47357
31.43:  63.34102,-19.15278,85.47357
31.45:  63.59084,-19.13301,85.47357
31.46:  63.84074,-19.11322,85.47357
31.48:  64.0894,-19.09354,85.47357
31.5:  64.33802,-19.07385,85.47357
31.51:  64.58949,-19.05395,85.47357
31.53:  64.83637,-19.0344,85.47357
31.55:  65.08704,-19.01456,85.47357
31.56:  65.33826,-18.99467,85.47357
31.58:  65.59337,-18.97447,85.47357
31.6:  65.83447,-18.95539,85.47357
31.61:  66.0835,-18.93567,85.47357
31.63:  66.33266,-18.91595,85.47357
31.65:  66.57952,-18.8964,85.47357
31.66:  66.83302,-18.87634,85.47357
31.68:  67.08582,-18.85632,85.47357
31.7:  67.32835,-18.83712,85.47357
31.71:  67.57806,-18.81735,85.47357
31.73:  67.82615,-18.79771,85.47357
31.75:  68.07598,-18.77794,85.47357
31.76:  68.32533,-18.75819,85.47357
31.78:  68.57627,-18.73833,85.47357
31.8:  68.82764,-18.71843,85.47357
31.81:  69.07672,-18.69871,85.47357
31.83:  69.32365,-18.67916,85.47357
31.85:  69.57241,-18.65947,85.47357
31.86:  69.8262,-18.63938,85.47357
31.88:  70.07413,-18.61975,85.47357
31.9:  70.32095,-18.60021,85.47357
31.91:  70.57159,-18.58037,85.47357
31.93:  70.82924,-18.55997,85.47357
31.95:  71.06601,-18.54123,85.47357
31.96:  71.31596,-18.52144,85.47357
31.98:  71.56443,-18.50177,85.47357
32:  71.82719,-18.48097,85.47357
32.01:  72.07517,-18.46134,85.47357
32.03:  72.32423,-18.44162,85.47357
32.05:  72.57375,-18.42187,85.47357
32.06:  72.81694,-18.40261,85.47357
32.08:  73.0651,-18.38297,85.47357
32.1:  73.30995,-18.36358,85.47357
32.11:  73.56075,-18.34373,85.47357
32.13:  73.81031,-18.32397,85.47357
32.15:  74.06087,-18.30414,85.47357
32.16:  74.31116,-18.28432,85.47357
32.18:  74.56014,-18.26461,85.47357
32.2:  74.80523,-18.24521,85.47357
32.21:  75.06464,-18.22467,85.47357
32.23:  75.3043,-18.2057,85.47357
32.25:  75.55286,-18.18602,85.47357
32.26:  75.7915,-18.16713,85.47357
32.28:  76.01678,-18.14929,85.47357
32.3:  76.22581,-18.12723,83.97356
32.31:  76.42273,-18.10121,82.47356
32.33:  76.61124,-18.07126,80.97356
32.35:  76.78147,-18.03963,79.47357
32.36:  76.94017,-18.00582,77.97358
32.38:  77.08734,-17.97042,76.47357
32.4:  77.21835,-17.93525,74.97356
32.41:  77.33887,-17.89949,73.47357
32.43:  77.44644,-17.86448,71.97357
32.45:  77.53944,-17.8315,70.47357
32.46:  77.62346,-17.79921,68.97357
32.48:  77.69205,-17.77076,67.47357
32.5:  77.74783,-17.7459,65.97357
32.51:  77.79317,-17.72424,64.47356
32.53:  77.82613,-17.70743,62.97357
32.55:  77.84801,-17.69553,61.47357
32.56:  77.85883,-17.68928,59.97357
32.58:  77.85883,-17.68928,58.47356
32.6:  77.85883,-17.68928,56.97356
32.61:  77.85883,-17.68928,55.47356
32.63:  77.85883,-17.68928,53.97356
32.65:  77.85883,-17.68928,52.47356
32.66:  77.85883,-17.68928,50.97356
32.68:  77.85883,-17.68928,49.47357
32.7:  77.85883,-17.68928,47.97357
32.71:  77.85883,-17.68928,46.47357
32.73:  77.85883,-17.68928,44.97357
32.75:  77.85883,-17.68928,43.47357
32.76:  77.85883,-17.68928,41.97357
32.78:  77.85883,-17.68928,40.47357
32.8:  77.85883,-17.68928,38.97357
32.81:  77.85883,-17.68928,37.47357
32.83:  77.85883,-17.68928,35.97357
32.85:  77.85883,-17.68928,34.47357
32.86:  77.85883,-17.68928,32.97356
32.88:  77.85883,-17.68928,31.47357
32.9:  77.85883,-17.68928,29.97357
32.91:  77.85883,-17.68928,28.47357
32.93:  77.85883,-17.68928,26.97357
32.95:  77.85883,-17.68928,25.47357
32.97:  77.85883,-17.68928,23.97357
32.98:  77.85883,-17.68928,22.47357
33:  77.85883,-17.68928,20.97357
33.01:  77.85883,-17.68928,19.47357
33.03:  77.85883,-17.68928,17.97357
33.05:  77.85883,-17.68928,16.47357
33.06:  77.85883,-17.68928,14.97357
33.08:  77.85883,-17.68928,13.47357
33.1:  77.85883,-17.68928,11.97357
33.11:  77.85883,-17.68928,10.47357
33.13:  77.85883,-17.68928,8.973566
33.15:  77.85883,-17.68928,7.473565
33.16:  77.85883,-17.68928,5.973566
33.18:  77.85883,-17.68928,4.473566
33.2:  77.85883,-17.68928,2.973566
33.21:  77.85883,-17.68928,1.473566
33.23:  77.85883,-17.68928,359.9736
33.25:  77.85883,-17.68928,358.4736
33.26:  77.85883,-17.68928,357.1263
33.28:  77.85883,-17.68928,355.9268
33.3:  77.85883,-17.68928,354.8773
33.31:  77.85883,-17.68928,353.9786
33.33:  77.85883,-17.68928,353.2281
33.35:  77.85883,-17.68928,352.6289
33.36:  77.85883,-17.68928,352.1781
33.38:  77.85883,-17.68928,351.8799
33.4:  77.85883,-17.68928,351.7293
33.41:  77.85883,-17.68928,351.7293
33.43:  77.85883,-17.68928,351.7293
33.45:  77.85883,-17.68928,351.7293
33.46:  77.85883,-17.68928,351.7293
33.48:  77.85883,-17.68928,351.7293
33.5:  77.85883,-17.68928,351.7293
33.51:  77.85699,-17.67661,351.7293
33.53:  77.85323,-17.65075,351.7293
33.55:  77.84789,-17.61407,351.7293
33.56:  77.84077,-17.56509,351.7293
33.58:  77.83177,-17.50315,351.7293
33.6:  77.82101,-17.42915,351.7293
33.61:  77.80825,-17.34133,351.7293
33.63:  77.79392,-17.24277,351.7293
33.65:  77.77763,-17.1307,351.7293
33.66:  77.75986,-17.00842,351.7293
33.68:  77.7399,-16.87116,351.7293
33.7:  77.71829,-16.72249,351.7293
33.71:  77.69485,-16.5612,351.7293
33.73:  77.67003,-16.39047,351.7293
33.75:  77.64242,-16.20053,351.7293
33.76:  77.61339,-16.00082,351.7293
33.78:  77.58335,-15.79416,351.7293
33.8:  77.5508,-15.57027,351.7293
33.81:  77.51665,-15.33536,351.7293
33.83:  77.48102,-15.09018,351.7293
33.85:  77.444,-14.83554,351.7293
33.86:  77.40836,-14.59037,351.7293
33.88:  77.37305,-14.34743,351.7293
33.9:  77.33716,-14.10054,351.7293
33.91:  77.30127,-13.85364,351.7293
33.93:  77.26499,-13.60408,351.7293
33.95:  77.22903,-13.35669,351.7293
33.96:  77.19363,-13.11315,351.7293
33.98:  77.15605,-12.85461,351.7293
34:  77.12019,-12.60785,351.7293
34.01:  77.08517,-12.36697,351.7293
34.03:  77.04939,-12.12081,351.7293
34.05:  77.01322,-11.87204,351.7293
34.06:  76.97612,-11.61679,351.7293
34.08:  76.94122,-11.37667,351.7293
34.1:  76.90536,-11.13005,351.7293
34.11:  76.8694,-10.88261,351.7293
34.13:  76.8337,-10.63706,351.7293
34.15:  76.79765,-10.38901,351.7293
34.16:  76.76184,-10.14267,351.7293
34.18:  76.72565,-9.893724,351.7293
34.2:  76.69009,-9.649096,351.7293
34.21:  76.65411,-9.40152,351.7293
34.23:  76.61691,-9.145673,351.7293
34.25:  76.58173,-8.903627,351.7293
34.26:  76.5458,-8.656449,351.7293
34.28:  76.50967,-8.4079,351.7293
34.3:  76.474,-8.162495,351.7293
34.31:  76.43769,-7.912735,351.7293
34.33:  76.40172,-7.665228,351.7293
34.35:  76.36602,-7.419652,351.7293
34.36:  76.32986,-7.170904,351.7293
34.38:  76.29392,-6.923699,351.7293
34.4:  76.25806,-6.676947,351.7293
34.41:  76.22262,-6.433153,351.7293
34.43:  76.18584,-6.180106,351.7293
34.45:  76.14944,-5.92978,351.7293
34.46:  76.11456,-5.689812,351.7293
34.48:  76.07821,-5.439692,351.7293
34.5:  76.04208,-5.191201,351.7293
34.51:  76.00664,-4.947351,351.7293
34.53:  75.97034,-4.697605,351.7293
34.55:  75.93474,-4.452692,351.7293
34.56:  75.89836,-4.202459,351.7293
34.58:  75.86236,-3.954756,351.7293
34.6:  75.82681,-3.710198,351.7293
34.61:  75.7906,-3.461133,351.7293
34.63:  75.75462,-3.213601,351.7293
34.65:  75.71816,-2.962812,351.7293
34.66:  75.68192,-2.713507,351.7293
34.68:  75.64568,-2.464131,351.7293
34.7:  75.61094,-2.225168,351.7293
34.71:  75.5751,-1.978601,351.7293
34.73:  75.53863,-1.727704,351.7293
34.75:  75.50159,-1.472892,351.7293
34.76:  75.46603,-1.22823,351.7293
34.78:  75.43111,-0.9880677,351.7293
34.8:  75.395,-0.7396876,351.7293
34.81:  75.35883,-0.4908563,351.7293
34.83:  75.32351,-0.2478289,351.7293
34.85:  75.28544,0.0140755,351.7293
34.86:  75.25108,0.2504913,351.7293
34.88:  75.21513,0.4977908,351.7293
34.9:  75.17939,0.7436429,351.7293
34.91:  75.14283,0.9951477,351.7293
34.93:  75.10641,1.245637,351.7293
34.95:  75.07029,1.494154,351.7293
34.96:  75.03516,1.735838,351.7293
34.98:  74.99958,1.980636,351.7293
35:  74.96354,2.228575,351.7293
35.01:  74.92776,2.47468,351.7293
35.03:  74.8913,2.725543,351.7293
35.05:  74.85593,2.96882,351.7293
35.06:  74.8194,3.220169,351.7293
35.08:  74.78391,3.46426,351.7293
35.1:  74.74736,3.715749,351.7293
35.11:  74.71071,3.967879,351.7293
35.13:  74.67551,4.210032,351.7293
35.15:  74.64001,4.45423,351.7293
35.16:  74.60362,4.704559,351.7293
35.18:  74.56818,4.94838,351.7293
35.2:  74.53086,5.205118,351.7293
35.21:  74.49548,5.448479,351.7293
35.23:  74.45979,5.694045,351.7293
35.25:  74.424,5.940273,351.7293
35.26:  74.38803,6.187685,351.7293
35.28:  74.35184,6.436641,351.7293
35.3:  74.31617,6.682048,351.7293
35.31:  74.27856,6.94077,351.7293
35.33:  74.24352,7.181848,351.7293
35.35:  74.20815,7.425229,351.7293
35.36:  74.17221,7.672427,351.7293
35.38:  74.13646,7.918358,351.7293
35.4:  74.10048,8.165901,351.7293
35.41:  74.06446,8.413676,351.7293
35.43:  74.02869,8.659779,351.7293
35.45:  73.99289,8.906045,351.7293
35.46:  73.95682,9.154212,351.7293
35.48:  73.92692,9.402933,351.7293
35.5:  73.90688,9.650252,351.7293
35.51:  73.87097,9.897294,351.7293
35.53:  73.83444,10.14859,351.7293
35.55:  73.79909,10.39179,351.7293
35.56:  73.7625,10.64353,351.7293
35.58:  73.72699,10.88779,351.7293
35.6:  73.6913,11.1333,351.7293
35.61:  73.65514,11.38209,351.7293
35.63:  73.61856,11.63372,351.7293
35.65:  73.58323,11.87678,351.7293
35.66:  73.54722,12.12449,351.7293
35.68:  73.51067,12.37598,351.7293
35.7:  73.4742,12.62687,351.7293
35.71:  73.43872,12.8709,351.7293
35.73:  73.40296,13.11691,351.7293
35.75:  73.36609,13.37057,351.7293
35.77:  73.3297,13.62089,351.7293
35.78:  73.29276,13.87502,351.7293
35.8:  73.25827,14.11228,351.7293
35.82:  73.2235,14.35148,351.7293
35.83:  73.1859,14.61016,351.7293
35.85:  73.15155,14.84645,351.7293
35.86:  73.11506,15.09753,351.7293
35.88:  73.07961,15.34138,351.7293
35.9:  73.04238,15.59752,351.7293
35.93:  73.00676,15.84254,351.7293
35.95:  72.97169,16.08377,351.7293
35.96:  72.93551,16.33268,351.7293
35.98:  72.90002,16.5769,351.7293
36:  72.86234,16.83605,351.7293
36.01:  72.82796,17.0726,351.7293
36.03:  72.79115,17.32586,351.7293
36.05:  72.75575,17.56931,351.7293
36.06:  72.71851,17.8255,351.7293
36.08:  72.68375,18.06465,351.7293
36.1:  72.64776,18.31224,351.7293
36.11:  72.61377,18.5461,351.7293
36.13:  72.58104,18.77126,351.7293
36.15:  72.5509,18.97862,351.7293
36.16:  72.52228,19.17547,351.7293
36.18:  72.49512,19.36234,351.7293
36.2:  72.46924,19.54037,351.7293
36.21:  72.4465,19.69683,351.7293
36.23:  72.42507,19.84419,351.7293
36.25:  72.40454,19.98544,351.7293
36.26:  72.3872,20.10475,351.7293
36.28:  72.37084,20.21728,351.7293
36.3:  72.35663,20.31508,351.7293
36.31:  72.34402,20.40178,351.7293
36.33:  72.33308,20.47702,351.7293
36.35:  72.3241,20.53886,351.7293
36.36:  72.31696,20.58796,351.7293
36.38:  72.31151,20.62545,351.7293
36.4:  72.30794,20.65001,351.7293
36.41:  72.30612,20.6625,351.7293
36.43:  72.30612,20.6625,351.7293
36.45:  72.30612,20.6625,351.7293
36.46:  72.30612,20.6625,351.7293
36.48:  72.30612,20.6625,351.7293
36.5:  72.30612,20.6625,351.7293
36.51:  72.30612,20.6625,351.7293
36.53:  72.30612,20.6625,351.7293
36.55:  72.30612,20.6625,351.7293
36.56:  72.30612,20.6625,351.7293
36.58:  72.30612,20.6625,351.7293
36.6:  72.30612,20.6625,351.7293
36.61:  72.30612,20.6625,351.7293
36.63:  72.30612,20.6625,351.7293
36.65:  72.30612,20.6625,351.7293
36.66:  72.30612,20.6625,351.7293
36.68:  72.30612,20.6625,351.7293
36.7:  72.30612,20.6625,351.7293
36.71:  72.30612,20.6625,351.7293
36.73:  72.30612,20.6625,351.7293
36.75:  72.30612,20.6625,351.7293
36.76:  72.30612,20.6625,351.7293
36.78:  72.30612,20.6625,351.7293
36.8:  72.30612,20.6625,351.7293
36.81:  72.30612,20.6625,351.7293
36.83:  72.30612,20.6625,351.7293
36.85:  72.30612,20.6625,351.7293
36.86:  72.30612,20.6625,351.7293
36.88:  72.30612,20.6625,351.7293
36.9:  72.30612,20.6625,351.7293
36.91:  72.30612,20.6625,351.7293
36.93:  72.30612,20.6625,351.7293
36.95:  72.30612,20.6625,351.7293
36.96:  72.30612,20.6625,351.7293
36.98:  72.30612,20.6625,351.7293
37:  72.30612,20.6625,351.7293
37.01:  72.30612,20.6625,351.7293
37.03:  72.30612,20.6625,351.7293
37.05:  72.30612,20.6625,351.7293
37.06:  72.30612,20.6625,351.7293
37.08:  72.30612,20.6625,351.7293
37.1:  72.30612,20.6625,351.7293
37.11:  72.30612,20.6625,351.7293
37.13:  72.30612,20.6625,351.7293
37.15:  72.30612,20.6625,351.7293
37.16:  72.30612,20.6625,351.7293
37.18:  72.30612,20.6625,351.7293
37.2:  72.30612,20.6625,351.7293
37.21:  72.30612,20.6625,351.7293
37.23:  72.30612,20.6625,351.7293
37.25:  72.30612,20.6625,351.7293
37.26:  72.30612,20.6625,351.7293
37.28:  72.30612,20.6625,351.7293
37.3:  72.30612,20.6625,351.7293
37.31:  72.30612,20.6625,351.7293
37.33:  72.30612,20.6625,351.7293
37.35:  72.30612,20.6625,351.7293
37.36:  72.30612,20.6625,351.7293
37.38:  72.30612,20.6625,351.7293
37.4:  72.30612,20.6625,351.7293
37.41:  72.30612,20.6625,351.7293
37.43:  72.30612,20.6625,351.7293
37.45:  72.30612,20.6625,351.7293
37.46:  72.30612,20.6625,351.7293
37.48:  72.30612,20.6625,351.7293
37.5:  72.30612,20.6625,351.7293
37.51:  72.30612,20.6625,351.7293
37.53:  72.30612,20.6625,351.7293
37.55:  72.30612,20.6625,351.7293
37.56:  72.30612,20.6625,351.7293
37.58:  72.30612,20.6625,351.7293
37.6:  72.30612,20.6625,351.7293
37.61:  72.30612,20.6625,351.7293
37.63:  72.30612,20.6625,351.7293
37.65:  72.30612,20.6625,351.7293
37.66:  72.30612,20.6625,351.7293
37.68:  72.30612,20.6625,351.7293
37.7:  72.30612,20.6625,351.7293
37.71:  72.30612,20.6625,351.7293
37.73:  72.30612,20.6625,351.7293
37.75:  72.30612,20.6625,351.7293
37.76:  72.30612,20.6625,351.7293
37.78:  72.30612,20.6625,351.7293
37.8:  72.30612,20.6625,351.7293
37.81:  72.30612,20.6625,351.7293
37.83:  72.30612,20.6625,351.7293
37.85:  72.30612,20.6625,351.7293
37.86:  72.30612,20.6625,351.7293
37.88:  72.30612,20.6625,351.7293
37.9:  72.30612,20.6625,351.7293
37.91:  72.30612,20.6625,351.7293
37.93:  72.30612,20.6625,351.7293
37.95:  72.30612,20.6625,351.7293
37.96:  72.30612,20.6625,351.7293
37.98:  72.30612,20.6625,351.7293
38:  72.30612,20.6625,351.7293
38.01:  72.30612,20.6625,351.7293
38.03:  72.30612,20.6625,351.7293
38.05:  72.30612,20.6625,351.7293
38.06:  72.30612,20.6625,351.7293
38.08:  72.30612,20.6625,351.7293
38.1:  72.30612,20.6625,351.7293
38.11:  72.30612,20.6625,351.7293
38.13:  72.30612,20.6625,351.7293
38.15:  72.30612,20.6625,351.7293
38.16:  72.30612,20.6625,351.7293
38.18:  72.30612,20.6625,351.7293
38.2:  72.30612,20.6625,351.7293
38.21:  72.30612,20.6625,351.7293
38.23:  72.30612,20.6625,351.7293
38.25:  72.30612,20.6625,351.7293
38.26:  72.30612,20.6625,351.7293
38.28:  72.30612,20.6625,351.7293
38.3:  72.30612,20.6625,351.7293
38.31:  72.30612,20.6625,351.7293
38.33:  72.30612,20.6625,351.7293
38.35:  72.30612,20.6625,351.7293
38.36:  72.30612,20.6625,351.7293
38.38:  72.30612,20.6625,351.7293
38.4:  72.30612,20.6625,351.7293
38.41:  72.30612,20.6625,351.7293
38.43:  72.30612,20.6625,351.7293
38.45:  72.30612,20.6625,351.7293
38.46:  72.30612,20.6625,351.7293
38.48:  72.30612,20.6625,351.7293
38.5:  72.30612,20.6625,351.7293
38.51:  72.30612,20.6625,351.7293
38.53:  72.30612,20.6625,351.7293
38.55:  72.30612,20.6625,351.7293
38.56:  72.30612,20.6625,351.7293
38.58:  72.30612,20.6625,351.7293
38.6:  72.30612,20.6625,351.7293
38.61:  72.30612,20.6625,351.7293
38.63:  72.30612,20.6625,351.7293
38.65:  72.30612,20.6625,351.7293
38.66:  72.30612,20.6625,351.7293
38.68:  72.30612,20.6625,351.7293
38.7:  72.30612,20.6625,351.7293
38.71:  72.30612,20.6625,351.7293
38.73:  72.30612,20.6625,351.7293
38.75:  72.30612,20.6625,351.7293
38.76:  72.30612,20.6625,351.7293
38.78:  72.30612,20.6625,351.7293
38.8:  72.30612,20.6625,351.7293
38.81:  72.30612,20.6625,351.7293
38.83:  72.30612,20.6625,351.7293
38.85:  72.30612,20.6625,351.7293
38.86:  72.30612,20.6625,351.7293
38.88:  72.30612,20.6625,351.7293
38.9:  72.30612,20.6625,351.7293
38.91:  72.30612,20.6625,351.7293
38.93:  72.30612,20.6625,351.7293
38.95:  72.30612,20.6625,351.7293
38.96:  72.30612,20.6625,351.7293
38.98:  72.30612,20.6625,351.7293
39:  72.30612,20.6625,351.7293
39.01:  72.30612,20.6625,351.7293
39.03:  72.30612,20.6625,351.7293
39.05:  72.30612,20.6625,351.7293
39.06:  72.30612,20.6625,351.7293
39.08:  72.30612,20.6625,351.7293
