ParticipantNo: 21008
Controller type: Arrows Only
Training Level Timed:
0.02:  82.7,18.5,270
0.03:  82.7,18.5,270
0.05:  82.7,18.5,270
0.08:  82.7,18.5,270
0.1:  82.7,18.5,270
0.11:  82.7,18.5,270
0.13:  82.7,18.5,270
0.15:  82.7,18.5,270
0.16:  82.7,18.5,270
0.18:  82.7,18.5,270
0.2:  82.7,18.5,270
0.21:  82.7,18.5,270
0.23:  82.7,18.5,270
0.25:  82.7,18.5,270
0.26:  82.7,18.5,270
0.28:  82.7,18.5,270
0.3:  82.7,18.5,270
0.31:  82.7,18.5,270
0.33:  82.7,18.5,270
0.35:  82.7,18.5,270
0.36:  82.7,18.5,270
0.38:  82.7,18.5,270
0.4:  82.7,18.5,270
0.41:  82.7,18.5,270
0.43:  82.7,18.5,270
0.45:  82.7,18.5,270
0.46:  82.7,18.5,270
0.48:  82.7,18.5,270
0.5:  82.7,18.5,270
0.51:  82.7,18.5,270
0.53:  82.7,18.5,270
0.55:  82.7,18.5,270
0.56:  82.7,18.5,270
0.58:  82.7,18.5,270
0.6:  82.7,18.5,270
0.61:  82.7,18.5,270
0.63:  82.7,18.5,270
0.65:  82.7,18.5,270
0.66:  82.7,18.5,270
0.68:  82.7,18.5,270
0.7:  82.7,18.5,270
0.71:  82.7,18.5,270
0.73:  82.7,18.5,270
0.75:  82.7,18.5,270
0.76:  82.7,18.5,270
0.78:  82.7,18.5,270
0.8:  82.7,18.5,270
0.81:  82.7,18.5,270
0.83:  82.7,18.5,270
0.85:  82.7,18.5,270
0.86:  82.7,18.5,270
0.88:  82.7,18.5,270
0.9:  82.7,18.5,270
0.91:  82.7,18.5,270
0.93:  82.7,18.5,270
0.95:  82.7,18.5,270
0.96:  82.7,18.5,270
0.98:  82.7,18.5,270
1:  82.7,18.5,270
1.01:  82.7,18.5,270
1.03:  82.7,18.5,270
1.05:  82.7,18.5,270
1.06:  82.7,18.5,270
1.08:  82.7,18.5,270
1.1:  82.7,18.5,270
1.11:  82.7,18.5,270
1.13:  82.7,18.5,270
1.15:  82.7,18.5,270
1.16:  82.7,18.5,270
1.18:  82.7,18.5,270
1.2:  82.7,18.5,270
1.21:  82.7,18.5,270
1.23:  82.7,18.5,270
1.25:  82.7,18.5,270
1.26:  82.7,18.5,270
1.28:  82.7,18.5,270
1.3:  82.7,18.5,270
1.31:  82.7,18.5,270
1.33:  82.7,18.5,270
1.35:  82.7,18.5,270
1.36:  82.7,18.5,270
1.38:  82.7,18.5,270
1.4:  82.7,18.5,270
1.41:  82.7,18.5,270
1.43:  82.7,18.5,270
1.45:  82.7,18.5,270
1.46:  82.7,18.5,270
1.48:  82.7,18.5,270
1.5:  82.7,18.5,270
1.51:  82.7,18.5,270
1.53:  82.7,18.5,270
1.55:  82.7,18.5,270
1.56:  82.7,18.5,270
1.58:  82.7,18.5,270
1.6:  82.7,18.5,270
1.61:  82.7,18.5,270
1.63:  82.7,18.5,270
1.65:  82.7,18.5,270
1.66:  82.7,18.5,270
1.68:  82.7,18.5,270
1.7:  82.7,18.5,270
1.71:  82.7,18.5,270
1.73:  82.7,18.5,270
1.75:  82.7,18.5,270
1.76:  82.7,18.5,270
1.8:  82.7,18.5,270
1.81:  82.7,18.5,270
1.83:  82.7,18.5,270
1.85:  82.7,18.5,270
1.86:  82.7,18.5,270
1.88:  82.7,18.5,270
1.9:  82.7,18.5,270
1.91:  82.7,18.5,270
1.93:  82.7,18.5,270
1.95:  82.7,18.5,270
1.96:  82.7,18.5,270
1.98:  82.7,18.5,270
2:  82.7,18.5,270
2.01:  82.7,18.5,270
2.03:  82.7,18.5,270
2.05:  82.7,18.5,270
2.06:  82.7,18.5,270
2.08:  82.7,18.5,270
2.1:  82.7,18.5,270
2.11:  82.7,18.5,270
2.13:  82.7,18.5,270
2.15:  82.7,18.5,270
2.16:  82.7,18.5,270
2.18:  82.7,18.5,270
2.2:  82.7,18.5,270
2.21:  82.7,18.5,270
2.23:  82.7,18.5,270
2.25:  82.7,18.5,270
2.26:  82.7,18.5,270
2.28:  82.7,18.5,270
2.3:  82.7,18.5,270
2.31:  82.7,18.5,270
2.33:  82.7,18.5,270
2.35:  82.7,18.5,270
2.36:  82.7,18.5,270
2.38:  82.7,18.5,270
2.4:  82.7,18.5,270
2.41:  82.7,18.5,270
2.43:  82.7,18.5,270
2.45:  82.7,18.5,270
2.46:  82.7,18.5,270
2.48:  82.7,18.5,270
2.5:  82.7,18.5,270
2.51:  82.7,18.5,270
2.53:  82.7,18.5,270
2.55:  82.7,18.5,270
2.56:  82.7,18.5,270
2.58:  82.7,18.5,270
2.6:  82.7,18.5,270
2.61:  82.7,18.5,270
2.63:  82.7,18.5,270
2.65:  82.7,18.5,270
2.66:  82.7,18.5,270
2.68:  82.7,18.5,270
2.7:  82.7,18.5,270
2.71:  82.7,18.5,270
2.73:  82.7,18.5,270
2.75:  82.7,18.5,270
2.76:  82.7,18.5,270
2.78:  82.7,18.5,270
2.8:  82.7,18.5,270
2.81:  82.7,18.5,270
2.83:  82.7,18.5,270
2.85:  82.7,18.5,270
2.86:  82.7,18.5,270
2.88:  82.7,18.5,270
2.9:  82.7,18.5,270
2.91:  82.7,18.5,270
2.93:  82.7,18.5,270
2.95:  82.7,18.5,270
2.96:  82.7,18.5,270
2.98:  82.7,18.5,270
3:  82.7,18.5,270
3.01:  82.7,18.5,270
3.03:  82.7,18.5,270
3.05:  82.7,18.5,270
3.06:  82.7,18.5,270
3.08:  82.7,18.5,270
3.1:  82.7,18.5,270
3.11:  82.7,18.5,270
3.13:  82.7,18.5,270
3.15:  82.7,18.5,270
3.16:  82.7,18.5,270
3.18:  82.7,18.5,270
3.2:  82.7,18.5,270
3.21:  82.7,18.5,270
3.23:  82.7,18.5,270
3.25:  82.7,18.5,270
3.26:  82.7,18.5,270
3.28:  82.7,18.5,270
3.3:  82.7,18.5,270
3.31:  82.7,18.5,270
3.33:  82.7,18.5,270
3.35:  82.7,18.5,270
3.36:  82.7,18.5,270
3.38:  82.7,18.5,270
3.4:  82.7,18.5,270
3.41:  82.7,18.5,270
3.43:  82.7,18.5,270
3.45:  82.7,18.5,270
3.46:  82.7,18.5,270
3.48:  82.7,18.5,270
3.5:  82.7,18.5,270
3.51:  82.7,18.5,270
3.53:  82.7,18.5,270
3.55:  82.7,18.5,270
3.56:  82.7,18.5,270
3.58:  82.7,18.5,270
3.6:  82.7,18.5,270
3.61:  82.7,18.5,270
3.63:  82.7,18.5,270
3.65:  82.7,18.5,270
3.66:  82.7,18.5,270
3.68:  82.7,18.5,270
3.7:  82.7,18.5,270
3.71:  82.7,18.5,270
3.73:  82.7,18.5,270
3.75:  82.7,18.5,270
3.76:  82.7,18.5,270
3.78:  82.7,18.5,270
3.8:  82.7,18.5,270
3.81:  82.7,18.5,270
3.83:  82.7,18.5,270
3.85:  82.7,18.5,270
3.86:  82.7,18.5,270
3.88:  82.7,18.5,270
3.9:  82.7,18.5,270
3.91:  82.7,18.5,270
3.93:  82.7,18.5,270
3.95:  82.7,18.5,270
3.96:  82.7,18.5,270
3.98:  82.7,18.5,270
4:  82.7,18.5,270
4.01:  82.7,18.5,270
4.03:  82.7,18.5,270
4.05:  82.7,18.5,270
4.06:  82.7,18.5,270
4.08:  82.7,18.5,270
4.1:  82.7,18.5,270
4.11:  82.7,18.5,270
4.13:  82.7,18.5,270
4.15:  82.7,18.5,270
4.16:  82.7,18.5,270
4.18:  82.7,18.5,270
4.2:  82.7,18.5,270
4.21:  82.7,18.5,270
4.23:  82.7,18.5,270
4.25:  82.7,18.5,270
4.26:  82.7,18.5,270
4.28:  82.7,18.5,270
4.3:  82.7,18.5,270
4.31:  82.7,18.5,270
4.33:  82.7,18.5,270
4.35:  82.7,18.5,270
4.36:  82.7,18.5,270
4.38:  82.7,18.5,270
4.4:  82.7,18.5,270
4.41:  82.7,18.5,270
4.43:  82.7,18.5,270
4.45:  82.7,18.5,270
4.46:  82.7,18.5,270
4.48:  82.7,18.5,270
4.5:  82.7,18.5,270
4.51:  82.7,18.5,270
4.53:  82.7,18.5,270
4.55:  82.7,18.5,270
4.56:  82.7,18.5,270
4.58:  82.7,18.5,270
4.6:  82.7,18.5,270
4.61:  82.7,18.5,270
4.63:  82.7,18.5,270
4.65:  82.7,18.5,270
4.66:  82.7,18.5,270
4.68:  82.7,18.5,270
4.7:  82.7,18.5,270
4.71:  82.7,18.5,270
4.73:  82.7,18.5,270
4.75:  82.7,18.5,270
4.76:  82.7,18.5,270
4.78:  82.7,18.5,270
4.8:  82.7,18.5,270
4.81:  82.7,18.5,270
4.83:  82.7,18.5,270
4.85:  82.7,18.5,270
4.86:  82.7,18.5,270
4.88:  82.7,18.5,270
4.9:  82.7,18.5,270
4.91:  82.7,18.5,270
4.93:  82.7,18.5,270
4.95:  82.7,18.5,270
4.96:  82.7,18.5,270
4.98:  82.7,18.5,270
5:  82.7,18.5,270
5.01:  82.7,18.5,270
5.03:  82.7,18.5,270
5.05:  82.7,18.5,270
5.06:  82.7,18.5,270
5.08:  82.7,18.5,270
5.1:  82.7,18.5,270
5.11:  82.7,18.5,270
5.13:  82.7,18.5,270
5.15:  82.7,18.5,270
5.16:  82.7,18.5,270
5.18:  82.7,18.5,270
5.2:  82.68732,18.5,270
5.21:  82.66246,18.5,270
5.23:  82.62464,18.5,270
5.25:  82.57488,18.5,270
5.26:  82.51193,18.5,270
5.28:  82.43708,18.5,270
5.3:  82.34675,18.5,270
5.31:  82.27126,18.5,270
5.33:  82.20924,18.5,270
5.35:  82.15885,18.5,270
5.36:  82.12093,18.5,270
5.38:  82.09522,18.5,270
5.4:  82.08184,18.5,270
5.41:  82.08184,18.5,270
5.43:  82.08184,18.5,270
5.45:  82.08184,18.5,270
5.46:  82.08184,18.5,270
5.48:  82.08184,18.5,270
5.5:  82.08184,18.5,270
5.51:  82.08184,18.5,270
5.53:  82.08184,18.5,270
5.55:  82.08184,18.5,270
5.56:  82.08184,18.5,270
5.58:  82.08184,18.5,270
5.6:  82.08184,18.5,270
5.61:  82.08184,18.5,270
5.63:  82.08184,18.5,270
5.65:  82.08184,18.5,270
5.66:  82.08184,18.5,270
5.68:  82.08184,18.5,270
5.7:  82.08184,18.5,270
5.71:  82.08184,18.5,270
5.73:  82.08184,18.5,270
5.75:  82.08184,18.5,270
5.76:  82.08184,18.5,270
5.78:  82.08184,18.5,270
5.8:  82.08184,18.5,270
5.81:  82.08184,18.5,270
5.83:  82.08184,18.5,270
5.85:  82.08184,18.5,270
5.86:  82.08184,18.5,270
5.88:  82.08184,18.5,270
5.9:  82.08184,18.5,270
5.91:  82.06943,18.5,270
5.93:  82.0449,18.5,270
5.95:  82.00786,18.5,270
5.96:  81.95876,18.5,270
5.98:  81.89551,18.49834,268.5
6:  81.81938,18.49435,267
6.01:  81.7347,18.48769,265.5
6.03:  81.63544,18.47726,264
6.05:  81.52422,18.46261,262.5
6.06:  81.40295,18.44341,261
6.08:  81.26297,18.41746,259.5
6.1:  81.11867,18.38679,258
6.11:  80.96209,18.3492,256.5
6.13:  80.79579,18.30464,255
6.15:  80.60972,18.24952,253.5
6.16:  80.42498,18.1895,252
6.18:  80.22484,18.11863,250.5
6.2:  80.01476,18.03798,249
6.21:  79.79523,17.94705,247.5
6.23:  79.56604,17.84501,246
6.25:  79.34238,17.73833,244.5
6.26:  79.12215,17.62611,243
6.28:  78.89862,17.50475,241.5
6.3:  78.68281,17.38015,240
6.31:  78.45985,17.24435,238.6566
6.33:  78.2552,17.11377,237.4589
6.35:  78.04626,16.97502,236.4117
6.36:  77.84135,16.83425,235.5137
6.38:  77.64059,16.69244,234.7631
6.4:  77.43877,16.54668,234.1619
6.41:  77.23778,16.39909,233.7103
6.43:  77.03415,16.24793,233.4108
6.45:  76.83295,16.09775,233.2621
6.46:  76.63545,15.95033,233.2611
6.48:  76.43296,15.79918,233.2611
6.5:  76.23338,15.65021,233.2611
6.51:  76.03079,15.49899,233.2611
6.53:  75.83241,15.35091,233.2611
6.55:  75.63347,15.20242,233.2611
6.56:  75.43213,15.05213,233.2611
6.58:  75.23357,14.90392,233.2611
6.6:  75.03402,14.75497,233.2611
6.61:  74.8315,14.60381,233.2611
6.63:  74.63108,14.4542,233.2611
6.65:  74.43054,14.30451,233.2611
6.66:  74.23161,14.15602,233.2611
6.68:  74.03027,14.00573,233.2611
6.7:  73.82844,13.85508,233.2611
6.71:  73.63103,13.70773,233.2611
6.73:  73.42827,13.55639,233.2611
6.75:  73.22692,13.40609,233.2611
6.76:  73.03028,13.25931,233.2611
6.78:  72.82899,13.10906,233.2611
6.8:  72.62936,12.96006,233.2611
6.81:  72.42216,12.8054,233.2611
6.83:  72.22366,12.65723,233.2611
6.85:  72.02493,12.50888,233.2611
6.86:  71.82726,12.36133,233.2611
6.88:  71.62466,12.21011,233.2611
6.9:  71.42741,12.06288,233.2611
6.91:  71.22611,11.91262,233.2611
6.93:  71.0253,11.84787,233.2611
6.95:  70.82455,11.84787,233.2611
6.96:  70.61951,11.84787,233.2611
6.98:  70.4235,11.84787,233.2611
7:  70.21869,11.84787,233.2611
7.01:  70.01839,11.84787,233.2611
7.03:  69.82222,11.84787,233.2611
7.05:  69.6227,11.84787,233.2611
7.06:  69.42348,11.84787,233.2611
7.08:  69.22095,11.84787,233.2611
7.1:  69.02184,11.84787,233.2611
7.11:  68.82196,11.84787,233.2611
7.13:  68.6232,11.84787,233.2611
7.15:  68.41571,11.84787,233.2611
7.16:  68.21098,11.84618,234.7611
7.18:  68.00977,11.84445,236.2611
7.2:  67.79642,11.84269,237.7611
7.21:  67.58198,11.84109,239.1112
7.23:  67.36378,11.83964,240.3106
7.25:  67.14512,11.83836,241.3604
7.26:  66.9175,11.83726,242.256
7.28:  66.70113,11.83633,243.0059
7.3:  66.48764,11.83558,243.6052
7.31:  66.2886,11.83501,244.0571
7.33:  66.09582,11.83464,244.3581
7.35:  65.91058,11.83445,244.5049
7.36:  65.74236,11.83445,244.5049
7.38:  65.58607,11.83445,244.5049
7.4:  65.4403,11.83445,244.5049
7.41:  65.3046,11.83445,244.5049
7.43:  65.18049,11.83445,244.5049
7.45:  65.06763,11.83445,244.5049
7.46:  64.96612,11.83445,244.5049
7.48:  64.87598,11.83445,244.5049
7.5:  64.7972,11.83445,244.5049
7.51:  64.72986,11.83445,244.5049
7.53:  64.67302,11.83445,244.5049
7.55:  64.62778,11.83445,244.5049
7.56:  64.59408,11.83445,244.5049
7.58:  64.57125,11.83445,244.5049
7.6:  64.56004,11.83445,244.5049
7.61:  64.56004,11.83445,244.5049
7.63:  64.56004,11.83445,244.5049
7.65:  64.56004,11.83445,244.5049
7.66:  64.56004,11.83445,244.5049
7.68:  64.56004,11.83445,244.5049
7.7:  64.56004,11.83445,244.5049
7.71:  64.56004,11.83445,244.5049
7.73:  64.56004,11.83445,244.5049
7.75:  64.56004,11.83445,244.5049
7.76:  64.56004,11.83445,244.5049
7.78:  64.56004,11.83445,244.5049
7.8:  64.56004,11.83445,244.5049
7.81:  64.56004,11.83445,244.5049
7.83:  64.56004,11.83445,244.5049
7.85:  64.56004,11.83445,244.5049
7.86:  64.56004,11.83445,244.5049
7.88:  64.56004,11.83445,244.5049
7.9:  64.56004,11.83445,244.5049
7.91:  64.56004,11.83445,244.5049
7.93:  64.56004,11.83445,244.5049
7.95:  64.56004,11.83445,244.5049
7.96:  64.56004,11.83445,244.5049
7.98:  64.56004,11.83445,244.5049
8:  64.56004,11.83445,244.5049
8.01:  64.56004,11.83445,244.5049
8.03:  64.56004,11.83445,244.5049
8.05:  64.56004,11.83445,244.5049
8.06:  64.56004,11.83445,244.5049
8.08:  64.56004,11.83445,244.5049
8.1:  64.56004,11.83445,244.5049
8.11:  64.56004,11.83445,244.5049
8.13:  64.56004,11.83445,244.5049
8.15:  64.56004,11.83445,244.5049
8.16:  64.56004,11.83445,244.5049
8.18:  64.56004,11.83445,244.5049
8.2:  64.56004,11.83445,244.5049
8.21:  64.56004,11.83445,244.5049
8.23:  64.56004,11.83445,244.5049
8.25:  64.56004,11.83445,244.5049
8.26:  64.56004,11.83445,244.5049
8.28:  64.56004,11.83445,244.5049
8.3:  64.56004,11.83445,244.5049
8.31:  64.56004,11.83445,246.0049
8.33:  64.56004,11.83445,247.5049
8.35:  64.56004,11.83445,249.0049
8.36:  64.56004,11.83445,250.5049
8.38:  64.56004,11.83445,252.0049
8.4:  64.56004,11.83445,253.5049
8.41:  64.56004,11.83445,255.0049
8.43:  64.56004,11.83445,256.5049
8.45:  64.56004,11.83445,258.0049
8.46:  64.56004,11.83445,259.5049
8.48:  64.56004,11.83445,261.0049
8.5:  64.56004,11.83445,262.3542
8.51:  64.56004,11.83445,263.5553
8.53:  64.56004,11.83445,264.6057
8.55:  64.56004,11.83445,265.5058
8.56:  64.56004,11.83445,266.2573
8.58:  64.56004,11.83445,266.857
8.6:  64.56004,11.83445,267.308
8.61:  64.56004,11.83445,267.6098
8.63:  64.56004,11.83445,267.7613
8.65:  64.56004,11.83445,267.7626
8.66:  64.56004,11.83445,267.7626
8.68:  64.56004,11.83445,267.7626
8.7:  64.56004,11.83445,267.7626
8.71:  64.56004,11.83445,267.7626
8.73:  64.56004,11.83445,267.7626
8.75:  64.56004,11.83445,267.7626
8.76:  64.56004,11.83445,267.7626
8.78:  64.56004,11.83445,267.7626
8.8:  64.56004,11.83445,267.7626
8.81:  64.56004,11.83445,267.7626
8.83:  64.56004,11.83445,267.7626
8.85:  64.56004,11.83445,267.7626
8.86:  64.56004,11.83445,267.7626
8.88:  64.56004,11.83445,267.7626
8.9:  64.56004,11.83445,267.7626
8.91:  64.56004,11.83445,267.7626
8.93:  64.54751,11.83396,267.7626
8.95:  64.52116,11.83293,267.7626
8.96:  64.48466,11.83151,267.7626
8.98:  64.43493,11.82956,267.7626
9:  64.37199,11.8271,267.7626
9.01:  64.29813,11.82422,267.7626
9.03:  64.20697,11.82066,267.7626
9.05:  64.10931,11.81684,267.7626
9.06:  63.99806,11.8125,267.7626
9.08:  63.87209,11.80757,267.7626
9.1:  63.73623,11.80314,267.7626
9.11:  63.58606,11.80314,267.7626
9.13:  63.41646,11.80314,266.2626
9.15:  63.24883,11.80314,264.7626
9.16:  63.0647,11.80314,263.2626
9.18:  62.8651,11.80314,261.9138
9.2:  62.64997,11.80314,260.7187
9.21:  62.42768,11.80314,259.674
9.23:  62.19838,11.80314,258.7768
9.25:  61.95329,11.80314,258.0299
9.26:  61.70903,11.80314,257.4332
9.28:  61.46948,11.80314,256.984
9.3:  61.22514,11.80314,256.6855
9.31:  60.9821,11.80314,256.5369
9.33:  60.73804,11.80314,256.5369
9.35:  60.48865,11.80314,256.5369
9.36:  60.24744,11.80314,256.5369
9.38:  60.00615,11.80314,256.5369
9.4:  59.7654,11.80314,256.5369
9.41:  59.52065,11.80314,256.5369
9.43:  59.27867,11.80314,256.5369
9.45:  59.03534,11.80314,256.5369
9.46:  58.79403,11.80314,256.5369
9.48:  58.54861,11.80314,256.5369
9.5:  58.30541,11.80314,256.5369
9.51:  58.0617,11.80314,256.5369
9.53:  57.81966,11.80314,256.5369
9.55:  57.57693,11.80314,256.5369
9.56:  57.32607,11.80314,256.5369
9.58:  57.08783,11.80314,256.5369
9.6:  56.84908,11.80314,256.5369
9.61:  56.60512,11.80314,256.5369
9.63:  56.36453,11.80314,256.5369
9.65:  56.12095,11.80314,256.5369
9.66:  55.87494,11.80314,256.5369
9.68:  55.63344,11.80314,256.5369
9.7:  55.38836,11.80314,256.5369
9.71:  55.14381,11.80314,256.5369
9.73:  54.90536,11.80314,256.5369
9.75:  54.66046,11.80314,256.5369
9.76:  54.41442,11.80314,255.0369
9.78:  54.17619,11.80314,253.5369
9.8:  53.94004,11.80314,252.0369
9.81:  53.70361,11.80314,250.5369
9.83:  53.47033,11.80314,249.0369
9.85:  53.24277,11.80314,247.5369
9.86:  53.01357,11.80314,246.0369
9.88:  52.78182,11.80314,244.5369
9.9:  52.56139,11.80314,243.0369
9.91:  52.34232,11.80314,241.5369
9.93:  52.12521,11.80314,240.0369
9.95:  51.91264,11.80314,238.5369
9.96:  51.70266,11.80314,237.0369
9.98:  51.49725,11.80314,235.5369
10:  51.29504,11.80314,234.0369
10.01:  51.08208,11.79162,232.5369
10.03:  50.87614,11.76155,231.0369
10.05:  50.65911,11.70979,229.5369
10.06:  50.43805,11.63379,228.0369
10.08:  50.22727,11.53,226.5369
10.1:  50.0266,11.40287,225.0369
10.11:  49.83177,11.25271,223.5369
10.13:  49.64586,11.07502,222.0369
10.15:  49.48651,10.88868,220.5369
10.16:  49.32898,10.69441,219.0369
10.18:  49.17626,10.49672,217.6868
10.2:  49.02835,10.29674,216.4859
10.21:  48.88262,10.09194,215.4359
10.23:  48.74109,9.886286,214.5356
10.25:  48.60233,9.678885,213.7851
10.26:  48.46649,9.471169,213.1834
10.28:  48.33032,9.259332,212.7329
10.3:  48.19645,9.048656,212.4321
10.31:  48.06216,8.836085,212.2822
10.33:  47.92881,8.624991,212.2821
10.35:  47.79639,8.41538,212.2821
10.36:  47.66216,8.202899,212.2821
10.38:  47.52819,7.990829,212.2821
10.4:  47.3954,7.780649,212.2821
10.41:  47.26359,7.571992,212.2821
10.43:  47.12899,7.358922,212.2821
10.45:  46.99397,7.145192,212.2821
10.46:  46.86322,6.938232,212.2821
10.48:  46.72854,6.725043,212.2821
10.5:  46.59382,6.511786,212.2821
10.51:  46.46089,6.301363,212.2821
10.53:  46.32693,6.089325,212.2821
10.55:  46.19465,5.867261,210.7821
10.56:  46.07729,5.657969,209.2821
10.58:  45.96088,5.437024,207.7821
10.6:  45.85088,5.214272,206.2821
10.61:  45.74422,4.983252,204.7821
10.63:  45.64687,4.757012,203.2821
10.65:  45.55285,4.521726,201.7821
10.66:  45.46653,4.288145,200.2821
10.68:  45.38662,4.053188,198.7821
10.7:  45.31157,3.811936,197.2821
10.71:  45.24371,3.571871,195.7821
10.73:  45.18246,3.331237,194.2821
10.75:  45.12688,3.08628,192.7821
10.76:  45.07673,2.834861,191.2821
10.78:  45.03455,2.590248,189.7821
10.8:  44.99533,2.325982,188.4424
10.81:  44.96581,2.09371,187.2432
10.83:  44.9397,1.852958,186.1893
10.85:  44.91637,1.600839,185.2873
10.86:  44.89693,1.355641,184.5329
10.88:  44.87949,1.101814,183.9311
10.9:  44.86454,0.8558837,183.4771
10.91:  44.85049,0.6026081,183.1754
10.93:  44.83733,0.3534109,183.0234
10.95:  44.82424,0.105347,183.0204
10.96:  44.81103,-0.1450926,183.0204
10.98:  44.79785,-0.3948313,183.0204
11:  44.78482,-0.6418377,183.0204
11.01:  44.77165,-0.8913501,183.0204
11.03:  44.75833,-1.143912,183.0204
11.05:  44.7453,-1.390817,183.0204
11.06:  44.73195,-1.643806,183.0204
11.08:  44.71878,-1.893413,183.0204
11.1:  44.70573,-2.140699,183.0204
11.11:  44.69266,-2.388428,183.0204
11.13:  44.67925,-2.642495,183.0204
11.15:  44.66629,-2.888226,183.0204
11.16:  44.65305,-3.139073,183.0204
11.18:  44.63987,-3.388961,183.0204
11.2:  44.62676,-3.637378,183.0204
11.21:  44.61338,-3.890853,183.0204
11.23:  44.60028,-4.139127,183.0204
11.25:  44.5871,-4.389003,183.0204
11.26:  44.57395,-4.638159,183.0204
11.28:  44.5608,-4.887345,183.0204
11.3:  44.54773,-5.13507,183.0204
11.31:  44.53452,-5.385442,183.0204
11.33:  44.5212,-5.637862,183.0204
11.35:  44.50807,-5.886717,183.0204
11.36:  44.49489,-6.136446,183.0204
11.38:  44.48161,-6.388097,183.0204
11.4:  44.46869,-6.633042,183.0204
11.41:  44.45545,-6.883997,183.0204
11.43:  44.43575,-7.133111,184.5204
11.45:  44.40882,-7.388496,186.0204
11.46:  44.37624,-7.635265,187.5204
11.48:  44.33755,-7.879016,189.0204
11.5:  44.29096,-8.129889,190.5204
11.51:  44.23856,-8.375975,192.0204
11.53:  44.18093,-8.615639,193.5204
11.55:  44.11737,-8.852488,195.0204
11.56:  44.04576,-9.093928,196.5204
11.58:  43.96852,-9.331387,198.0204
11.6:  43.88505,-9.56683,199.5204
11.61:  43.79529,-9.800401,201.0204
11.63:  43.6997,-10.03095,202.5204
11.65:  43.59781,-10.25959,204.0204
11.66:  43.49121,-10.48287,205.5204
11.68:  43.37651,-10.70778,207.0204
11.7:  43.25753,-10.92673,208.5204
11.71:  43.13375,-11.14095,210.0204
11.73:  43.00299,-11.35415,211.5204
11.75:  42.86669,-11.56387,213.0204
11.76:  42.72335,-11.77227,214.5204
11.78:  42.57562,-11.97546,216.0204
11.8:  42.42618,-12.17006,217.5204
11.81:  42.26832,-12.36487,219.0204
11.83:  42.1041,-12.557,220.5204
11.85:  41.93736,-12.74304,221.8705
11.86:  41.76709,-12.92517,223.071
11.88:  41.59235,-13.10536,224.121
11.9:  41.41152,-13.28608,225.0175
11.91:  41.23165,-13.46121,225.7634
11.93:  41.05565,-13.62903,226.3633
11.95:  40.87645,-13.79722,226.8159
11.96:  40.68993,-13.97045,227.1156
11.98:  40.50629,-14.14011,227.2654
12:  40.3213,-14.31102,227.2654
12.01:  40.14332,-14.47546,227.2654
12.03:  39.94965,-14.64521,228.7654
12.05:  39.75949,-14.80328,230.2654
12.06:  39.56234,-14.95861,231.7654
12.08:  39.36556,-15.10547,233.2654
12.1:  39.15843,-15.25177,234.7654
12.11:  38.95051,-15.39062,236.2654
12.13:  38.73917,-15.52389,237.7654
12.15:  38.52531,-15.65104,239.2654
12.16:  38.30854,-15.77236,240.7654
12.18:  38.08575,-15.8895,242.2654
12.2:  37.85953,-16.00098,243.7654
12.21:  37.63591,-16.104,245.2654
12.23:  37.40334,-16.20385,246.7654
12.25:  37.17113,-16.29642,248.2654
12.26:  36.93746,-16.38255,249.7654
12.28:  36.69955,-16.46324,251.2654
12.3:  36.46331,-16.53652,252.7654
12.31:  36.22039,-16.60566,254.1139
12.33:  35.97846,-16.66907,255.3123
12.35:  35.73734,-16.72757,256.3618
12.36:  35.49489,-16.78238,257.2622
12.38:  35.24711,-16.835,258.0106
12.4:  35.00217,-16.88435,258.6091
12.41:  34.756,-16.93194,259.0571
12.43:  34.51102,-16.97799,259.3556
12.45:  34.26622,-17.02334,259.5047
12.46:  34.02022,-17.06891,259.5047
12.48:  33.77436,-17.11446,259.5047
12.5:  33.52777,-17.16014,259.5047
12.51:  33.28527,-17.20506,259.5047
12.53:  33.03097,-17.25217,259.5047
12.55:  32.78547,-17.29765,259.5047
12.56:  32.54309,-17.34255,259.5047
12.58:  32.29844,-17.38788,259.5047
12.6:  32.05535,-17.43291,259.5047
12.61:  31.80639,-17.47903,259.5047
12.63:  31.56385,-17.52396,259.5047
12.65:  31.31754,-17.56959,259.5047
12.66:  31.07142,-17.61518,259.5047
12.68:  30.82273,-17.66126,259.5047
12.7:  30.57066,-17.70795,259.5047
12.71:  30.32646,-17.75319,259.5047
12.73:  30.08635,-17.79767,259.5047
12.75:  29.84258,-17.84283,259.5047
12.76:  29.59657,-17.88841,259.5047
12.78:  29.34793,-17.93447,259.5047
12.8:  29.10584,-17.97932,259.5047
12.81:  28.85954,-18.02494,259.5047
12.83:  28.61409,-18.07042,259.5047
12.85:  28.36456,-18.11664,259.5047
12.86:  28.11949,-18.16204,259.5047
12.88:  27.87782,-18.20681,259.5047
12.9:  27.6311,-18.25252,259.5047
12.91:  27.3822,-18.29863,259.5047
12.93:  27.13607,-18.34422,259.5047
12.95:  26.89044,-18.38973,259.5047
12.96:  26.64117,-18.43591,259.5047
12.98:  26.39554,-18.48141,259.5047
13:  26.15332,-18.52628,259.5047
13.01:  25.90923,-18.5715,259.5047
13.03:  25.65853,-18.61794,259.5047
13.05:  25.4148,-18.6631,259.5047
13.06:  25.17299,-18.71447,258.0048
13.08:  24.92804,-18.77326,256.5048
13.1:  24.686,-18.83809,255.0047
13.11:  24.44985,-18.90802,253.5047
13.13:  24.20598,-18.98724,252.0048
13.15:  23.96953,-19.07095,250.5048
13.16:  23.73607,-19.16054,249.0048
13.18:  23.50857,-19.25475,247.5048
13.2:  23.28288,-19.35522,246.0048
13.21:  23.05367,-19.46452,244.5048
13.23:  22.83344,-19.57671,243.0047
13.25:  22.61475,-19.69543,241.5048
13.26:  22.39582,-19.8218,240.0047
13.28:  22.18221,-19.95191,238.6548
13.3:  21.97143,-20.08642,237.4549
13.31:  21.76187,-20.22562,236.406
13.33:  21.55886,-20.36512,235.5048
13.35:  21.35545,-20.50886,234.7531
13.36:  21.15381,-20.65455,234.1506
13.38:  20.95143,-20.80322,233.6988
13.4:  20.74668,-20.95529,233.4001
13.41:  20.54664,-21.10465,233.2511
13.43:  20.34772,-21.25319,233.2511
13.45:  20.14701,-21.40306,233.2511
13.46:  19.94933,-21.55067,233.2511
13.48:  19.74711,-21.70167,233.2511
13.5:  19.54688,-21.85118,233.2511
13.51:  19.34695,-22.00047,233.2511
13.53:  19.14561,-22.15081,233.2511
13.55:  18.94658,-22.29943,233.2511
13.56:  18.74846,-22.44737,233.2511
13.58:  18.54589,-22.59862,233.2511
13.6:  18.34487,-22.74873,233.2511
13.61:  18.14368,-22.89896,233.2511
13.63:  17.94325,-23.04862,233.2511
13.65:  17.74279,-23.19831,233.2511
13.66:  17.54565,-23.34551,233.2511
13.68:  17.3427,-23.49706,233.2511
13.7:  17.14453,-23.64503,233.2511
13.71:  16.94104,-23.79698,233.2511
13.73:  16.74142,-23.94603,233.2511
13.75:  16.54103,-24.09567,233.2511
13.76:  16.34162,-24.24457,233.2511
13.78:  16.14044,-24.3948,233.2511
13.8:  15.94039,-24.54417,233.2511
13.81:  15.74072,-24.69327,233.2511
13.83:  15.54263,-24.84118,233.2511
13.85:  15.34016,-24.99237,233.2511
13.86:  15.14254,-25.13993,233.2511
13.88:  14.93969,-25.2914,233.2511
13.9:  14.73921,-25.4411,233.2511
13.91:  14.54157,-25.58868,233.2511
13.93:  14.34186,-25.73781,233.2511
13.95:  14.13868,-25.88952,233.2511
13.96:  13.93682,-26.04025,233.2511
13.98:  13.73701,-26.18945,233.2511
14:  13.53134,-26.34303,233.2511
14.01:  13.33672,-26.48835,233.2511
14.03:  13.13559,-26.63853,233.2511
14.05:  12.93087,-26.7914,233.2511
14.06:  12.72555,-26.94471,233.2511
14.08:  12.53494,-27.08704,233.2511
14.1:  12.33698,-27.23486,233.2511
14.11:  12.1379,-27.3918,231.7511
14.13:  11.94764,-27.55003,230.2511
14.15:  11.75455,-27.71936,228.7511
14.16:  11.57447,-27.88582,227.2511
14.18:  11.39395,-28.06166,225.7511
14.2:  11.21502,-28.15467,224.2511
14.21:  11.03064,-28.1742,222.7511
14.23:  10.83313,-28.21552,221.251
14.25:  10.64199,-28.27271,219.7511
14.26:  10.44368,-28.34882,218.2511
14.28:  10.24592,-28.44563,216.751
14.3:  10.05211,-28.56324,215.4012
14.31:  9.856351,-28.70804,214.2077
14.33:  9.687374,-28.86374,213.1579
14.35:  9.523556,-29.04196,212.2564
14.36:  9.377581,-29.24084,211.5038
14.38:  9.249921,-29.45414,210.9003
14.4:  9.121241,-29.67304,210.4492
14.41:  8.995375,-29.88975,210.1484
14.43:  8.869925,-30.10705,209.9982
14.45:  8.745448,-30.32267,209.9974
14.46:  8.622587,-30.5355,209.9974
14.48:  8.495403,-30.75581,209.9974
14.5:  8.370567,-30.97205,209.9974
14.51:  8.247649,-31.18498,209.9974
14.53:  8.12045,-31.40532,209.9974
14.55:  7.996888,-31.61935,209.9974
14.56:  7.871844,-31.83596,209.9974
14.58:  7.74545,-32.0549,209.9974
14.6:  7.62074,-32.27093,209.9974
14.61:  7.495877,-32.48722,209.9974
14.63:  7.370918,-32.70368,209.9974
14.65:  7.245596,-32.92077,209.9974
14.66:  7.120899,-33.13677,209.9974
14.68:  6.995178,-33.35455,209.9974
14.7:  6.867982,-33.57488,209.9974
14.71:  6.745263,-33.78746,209.9974
14.73:  6.62624,-34.0067,208.4974
14.75:  6.513008,-34.22895,206.9974
14.76:  6.40567,-34.45402,205.4974
14.78:  6.303926,-34.68257,203.9974
14.8:  6.20786,-34.91452,202.4974
14.81:  6.11898,-35.14609,200.9974
14.83:  6.032603,-35.39005,199.4974
14.85:  5.956604,-35.62399,197.9974
14.86:  5.887055,-35.85882,196.4974
14.88:  5.821785,-36.10246,194.9974
14.9:  5.763764,-36.34418,193.4974
14.91:  5.711215,-36.59146,191.9974
14.93:  5.665825,-36.83642,190.4974
14.95:  5.627183,-37.08047,188.9974
14.96:  5.594795,-37.32657,187.4974
14.98:  5.568348,-37.5783,185.9974
15:  5.548748,-37.82748,184.4974
15.01:  5.535611,-38.07839,182.9974
15.03:  5.529099,-38.32747,181.4974
15.05:  5.529111,-38.58378,179.9974
15.06:  5.534876,-38.82722,178.6435
15.08:  5.546059,-39.07732,177.4398
15.1:  5.562128,-39.33195,176.3892
15.11:  5.581611,-39.57881,175.4872
15.13:  5.604153,-39.82331,174.7325
15.15:  5.629992,-40.07461,174.1293
15.16:  5.657588,-40.32365,173.6766
15.18:  5.686315,-40.5709,173.3731
15.2:  5.715746,-40.81843,173.2192
15.21:  5.745432,-41.06799,173.2162
15.23:  5.774964,-41.31624,173.2162
15.25:  5.804414,-41.5638,173.2162
15.26:  5.834027,-41.81274,173.2162
15.28:  5.86354,-42.06084,173.2162
15.3:  5.893004,-42.30853,173.2162
15.31:  5.922107,-42.55318,173.2162
15.33:  5.952067,-42.80503,173.2162
15.35:  5.981533,-43.05274,173.2162
15.36:  6.010747,-43.29833,173.2162
15.38:  6.040789,-43.55087,173.2162
15.4:  6.069887,-43.79548,173.2162
15.41:  6.099939,-44.04811,173.2162
15.43:  6.129252,-44.29453,173.2162
15.45:  6.158853,-44.54336,173.2162
15.46:  6.188367,-44.79147,173.2162
15.48:  6.21802,-45.04075,173.2162
15.5:  6.247406,-45.28778,173.2162
15.51:  6.27694,-45.53605,173.2162
15.53:  6.306089,-45.78109,173.2162
15.55:  6.344358,-46.04393,171.7162
15.56:  6.385205,-46.28081,170.2162
15.58:  6.433464,-46.52267,168.7162
15.6:  6.488933,-46.76714,167.2161
15.61:  6.550601,-47.00936,165.7162
15.63:  6.618435,-47.24934,164.2162
15.65:  6.692673,-47.48793,162.7161
15.66:  6.775158,-47.73045,161.2162
15.68:  6.860849,-47.9623,159.7161
15.7:  6.953031,-48.19296,158.2161
15.71:  7.050059,-48.41843,156.7162
15.73:  7.156695,-48.64939,155.2161
15.75:  7.266709,-48.87214,153.7161
15.76:  7.381858,-49.09069,152.2162
15.78:  7.50627,-49.31254,150.7161
15.8:  7.632328,-49.52414,149.2162
15.81:  7.770578,-49.74296,147.7161
15.83:  7.907549,-49.94769,146.2161
15.85:  8.050997,-50.15041,144.7162
15.86:  8.200484,-50.35035,143.2161
15.88:  8.355039,-50.54617,141.7161
15.9:  8.515823,-50.73926,140.2162
15.91:  8.680873,-50.92723,138.7161
15.93:  8.855112,-51.1155,137.2161
15.95:  8.951198,-51.30283,135.7161
15.96:  9.00979,-51.51326,134.2161
15.98:  9.095167,-51.71943,132.7161
16:  9.200247,-51.922,131.3648
16.01:  9.328085,-52.1205,130.163
16.03:  9.483823,-52.31749,129.1166
16.05:  9.65512,-52.49065,128.2181
16.06:  9.844708,-52.64818,127.4677
16.08:  10.04472,-52.79817,126.8673
16.1:  10.24529,-52.94613,126.4165
16.11:  10.44908,-53.09484,126.117
16.13:  10.6498,-53.24048,125.9664
16.15:  10.85754,-53.39123,125.9664
16.16:  11.05586,-53.53514,125.9664
16.18:  11.25792,-53.68176,125.9664
16.2:  11.46516,-53.83215,125.9664
16.21:  11.667,-53.97861,125.9664
16.23:  11.86788,-54.12438,125.9664
16.25:  12.06749,-54.26923,125.9664
16.26:  12.27025,-54.41636,125.9664
16.28:  12.47237,-54.56302,125.9664
16.3:  12.67472,-54.70986,125.9664
16.31:  12.87657,-54.85633,125.9664
16.33:  13.08037,-55.00422,125.9664
16.35:  13.28131,-55.15003,125.9664
16.36:  13.48311,-55.29646,125.9664
16.38:  13.68575,-55.44351,125.9664
16.4:  13.88773,-55.59007,125.9664
16.41:  14.09087,-55.73748,125.9664
16.43:  14.29268,-55.88393,125.9664
16.45:  14.50148,-56.03544,125.9664
16.46:  14.69757,-56.17773,125.9664
16.48:  14.90009,-56.32469,125.9664
16.5:  15.10007,-56.46981,125.9664
16.51:  15.30739,-56.61211,124.4664
16.53:  15.51624,-56.74757,122.9664
16.55:  15.7314,-56.87925,121.4664
16.56:  15.94573,-57.00282,119.9664
16.58:  16.16622,-57.12237,118.4664
16.6:  16.39075,-57.23661,116.9663
16.61:  16.6168,-57.34426,115.4663
16.63:  16.84479,-57.44561,113.9663
16.65:  17.07542,-57.54098,112.4663
16.66:  17.30922,-57.63057,110.9663
16.68:  17.54531,-57.71402,109.4663
16.7:  17.78033,-57.7909,108.1147
16.71:  18.02007,-57.8638,106.9134
16.73:  18.2669,-57.93396,105.8661
16.75:  18.50803,-57.99843,104.9685
16.76:  18.74641,-58.05883,104.2185
16.78:  18.99047,-58.11796,103.6192
16.8:  19.23232,-58.17454,103.1689
16.81:  19.47638,-58.2303,102.8687
16.83:  19.72059,-58.28542,102.7188
16.85:  19.96226,-58.33996,102.7176
16.86:  20.20725,-58.39525,102.7176
16.88:  20.45778,-58.45179,102.7176
16.9:  20.69932,-58.50631,102.7176
16.91:  20.94016,-58.56066,102.7176
16.93:  21.18253,-58.61536,102.7176
16.95:  21.42649,-58.67041,102.7176
16.96:  21.66763,-58.72483,102.7176
16.98:  21.91993,-58.78177,102.7176
17:  22.15907,-58.83574,102.7176
17.01:  22.40016,-58.89015,102.7176
17.03:  22.64477,-58.94536,102.7176
17.05:  22.88974,-59.00064,102.7176
17.06:  23.13366,-59.05569,102.7176
17.08:  23.37766,-59.11076,102.7176
17.1:  23.6224,-59.16599,102.7176
17.11:  23.86541,-59.22084,102.7176
17.13:  24.11154,-59.26965,101.2176
17.15:  24.36152,-59.31246,99.7176
17.16:  24.60572,-59.34772,98.21761
17.18:  24.8537,-59.37693,96.71761
17.2:  25.09928,-59.39936,95.21761
17.21:  25.35087,-59.4157,93.7176
17.23:  25.59919,-59.42532,92.21761
17.25:  25.853,-59.42918,90.86991
17.26:  26.10152,-59.42775,89.67133
17.28:  26.35172,-59.42173,88.62291
17.3:  26.59753,-59.41196,87.72209
17.31:  26.85242,-59.39848,86.97443
17.33:  27.10104,-59.38274,86.37624
17.35:  27.34986,-59.36502,85.92771
17.36:  27.60608,-59.34546,85.63337
17.38:  27.85113,-59.32611,85.48651
17.4:  28.09804,-59.30663,85.48651
17.41:  28.34734,-59.28695,85.48651
17.43:  28.59679,-59.26725,85.48651
17.45:  28.84602,-59.24758,85.48651
17.46:  29.09442,-59.22797,85.48651
17.48:  29.34394,-59.20827,85.48651
17.5:  29.59221,-59.18868,85.48651
17.51:  29.84371,-59.16882,85.48651
17.53:  30.09153,-59.14926,85.48651
17.55:  30.33981,-59.12966,85.48651
17.56:  30.58723,-59.11013,85.48651
17.58:  30.83898,-59.09026,85.48651
17.6:  31.08743,-59.07065,85.48651
17.61:  31.33805,-59.05086,85.48651
17.63:  31.58587,-59.0313,85.48651
17.65:  31.83596,-59.01156,85.48651
17.66:  32.09217,-58.99133,85.48651
17.68:  32.33355,-58.97228,85.48651
17.7:  32.58451,-58.95247,85.48651
17.71:  32.83189,-58.93294,85.48651
17.73:  33.08373,-58.91306,85.48651
17.75:  33.33119,-58.89353,85.48651
17.76:  33.58746,-58.88004,86.98652
17.78:  33.83539,-58.87349,88.48652
17.8:  34.08066,-58.87343,89.98652
17.81:  34.33191,-58.87995,91.48652
17.83:  34.58003,-58.89289,92.98653
17.85:  34.82889,-58.91242,94.48652
17.86:  35.0773,-58.93847,95.98652
17.88:  35.32279,-58.97073,97.48652
17.9:  35.57226,-59.01018,98.98652
17.91:  35.81549,-59.0552,100.4865
17.93:  36.06739,-59.10868,101.9865
17.95:  36.31082,-59.16706,103.4865
17.96:  36.54847,-59.23069,104.9865
17.98:  36.78918,-59.30124,106.336
18:  37.02348,-59.37528,107.5381
18.01:  37.26178,-59.45543,108.5893
18.03:  37.49878,-59.53931,109.4897
18.05:  37.73187,-59.62526,110.241
18.06:  37.9683,-59.71526,110.8405
18.08:  38.20069,-59.80582,111.2904
18.1:  38.43107,-59.897,111.5916
18.11:  38.66434,-59.99002,111.7421
18.13:  38.89617,-60.08248,111.7429
18.15:  39.12842,-60.17511,111.7429
18.16:  39.36118,-60.26793,111.7429
18.18:  39.59229,-60.36011,111.7429
18.2:  39.82318,-60.45219,111.7429
18.21:  40.0568,-60.54536,111.7429
18.23:  40.29053,-60.63155,110.2429
18.25:  40.52953,-60.71265,108.7429
18.26:  40.76618,-60.7861,107.2429
18.28:  41.00974,-60.85476,105.7429
18.3:  41.24818,-60.91529,104.2429
18.31:  41.50126,-60.97252,102.7429
18.33:  41.74535,-61.0217,101.3923
18.35:  41.99035,-61.06575,100.1911
18.36:  42.23382,-61.10491,99.13779
18.38:  42.481,-61.14067,98.23435
18.4:  42.72785,-61.17309,97.48029
18.41:  42.97646,-61.20307,96.87649
18.43:  43.22561,-61.23112,96.42311
18.45:  43.47345,-61.25769,96.1193
18.46:  43.72145,-61.2836,95.9651
18.48:  43.97106,-61.30967,95.96148
18.5:  44.21906,-61.33556,95.96148
18.51:  44.47367,-61.36215,95.96148
18.53:  44.71709,-61.38757,95.96148
18.55:  44.96441,-61.4134,95.96148
18.56:  45.21083,-61.43913,95.96148
18.58:  45.46341,-61.46551,95.96148
18.6:  45.70822,-61.49107,95.96148
18.61:  45.96024,-61.51739,95.96148
18.63:  46.20876,-61.54334,95.96148
18.65:  46.45387,-61.56894,95.96148
18.66:  46.7052,-61.59518,95.96148
18.68:  46.95387,-61.62115,95.96148
18.7:  47.20238,-61.6471,95.96148
18.71:  47.44997,-61.67295,95.96148
18.73:  47.70159,-61.69923,95.96148
18.75:  47.94883,-61.72504,95.96148
18.76:  48.19759,-61.75102,95.96148
18.78:  48.44662,-61.77703,95.96148
18.8:  48.70177,-61.80367,95.96148
18.81:  48.94561,-61.82914,95.96148
18.83:  49.19329,-61.855,95.96148
18.85:  49.4402,-61.88078,95.96148
18.86:  49.69053,-61.90692,95.96148
18.88:  49.93525,-61.93248,95.96148
18.9:  50.18606,-61.95867,95.96148
18.91:  50.43598,-61.98476,95.96148
18.93:  50.68059,-62.01031,95.96148
18.95:  50.93228,-62.03659,95.96148
18.96:  51.17729,-62.06218,95.96148
18.98:  51.42955,-62.08852,95.96148
19:  51.67881,-62.11455,95.96148
19.01:  51.93481,-62.14128,95.96148
19.03:  52.17567,-62.16643,95.96148
19.05:  52.42493,-62.19246,95.96148
19.06:  52.67195,-62.21825,95.96148
19.08:  52.92117,-62.24428,95.96148
19.1:  53.16729,-62.26998,95.96148
19.11:  53.41882,-62.29625,95.96148
19.13:  53.66507,-62.32196,95.96148
19.15:  53.91447,-62.34801,95.96148
19.16:  54.16303,-62.37396,95.96148
19.18:  54.41071,-62.39983,95.96148
19.2:  54.65921,-62.42577,95.96148
19.21:  54.91157,-62.45213,95.96148
19.23:  55.15993,-62.47806,95.96148
19.25:  55.40826,-62.50399,95.96148
19.26:  55.65667,-62.52993,95.96148
19.28:  55.90564,-62.55593,95.96148
19.3:  56.15447,-62.58192,95.96148
19.31:  56.40298,-62.60787,95.96148
19.33:  56.65534,-62.63422,95.96148
19.35:  56.90056,-62.65983,95.96148
19.36:  57.1484,-62.68571,95.96148
19.38:  57.3966,-62.71162,95.96148
19.4:  57.64542,-62.73761,95.96148
19.41:  57.89521,-62.76369,95.96148
19.43:  58.14387,-62.78966,95.96148
19.45:  58.38891,-62.81525,95.96148
19.46:  58.64011,-62.84148,95.96148
19.48:  58.8894,-62.86751,95.96148
19.5:  59.13625,-62.89329,95.96148
19.51:  59.38354,-62.91911,95.96148
19.53:  59.63557,-62.94543,95.96148
19.55:  59.88124,-62.97108,95.96148
19.56:  60.1328,-62.99735,95.96148
19.58:  60.3847,-63.02365,95.96148
19.6:  60.63025,-63.0493,95.96148
19.61:  60.88668,-63.07608,95.96148
19.63:  61.12738,-63.10121,95.96148
19.65:  61.37626,-63.1272,95.96148
19.66:  61.62538,-63.15321,95.96148
19.68:  61.87399,-63.17918,95.96148
19.7:  62.12267,-63.20514,95.96148
19.71:  62.37558,-63.23155,95.96148
19.73:  62.62053,-63.25713,95.96148
19.75:  62.8682,-63.283,95.96148
19.76:  63.11703,-63.30898,95.96148
19.78:  63.36493,-63.33487,95.96148
19.8:  63.61229,-63.3607,95.96148
19.81:  63.85979,-63.38654,95.96148
19.83:  64.10957,-63.41262,95.96148
19.85:  64.35992,-63.43877,95.96148
19.86:  64.61694,-63.46561,95.96148
19.88:  64.85966,-63.49095,95.96148
19.9:  65.10667,-63.51675,95.96148
19.91:  65.35474,-63.54265,95.96148
19.93:  65.60345,-63.56862,95.96148
19.95:  65.85106,-63.59448,95.96148
19.96:  66.10207,-63.62069,95.96148
19.98:  66.35013,-63.6466,95.96148
20:  66.59386,-63.67205,95.96148
20.01:  66.84707,-63.69849,95.96148
20.03:  67.09489,-63.72437,95.96148
20.05:  67.3428,-63.75026,95.96148
20.06:  67.59192,-63.77627,95.96148
20.08:  67.8412,-63.79572,94.46149
20.1:  68.08979,-63.80858,92.96149
20.11:  68.34025,-63.81497,91.46149
20.13:  68.5918,-63.8148,89.96149
20.15:  68.84114,-63.8081,88.46148
20.16:  69.08994,-63.7949,86.96148
20.18:  69.33952,-63.77509,85.46148
20.2:  69.58706,-63.7489,83.96147
20.21:  69.83455,-63.71615,82.46148
20.23:  70.08294,-63.67664,80.96149
20.25:  70.32838,-63.63097,79.46149
20.26:  70.57298,-63.57881,77.96148
20.28:  70.81734,-63.51997,76.46148
20.3:  71.05485,-63.45616,74.96149
20.31:  71.29804,-63.38395,73.46149
20.33:  71.53496,-63.30679,71.96149
20.35:  71.77638,-63.22112,70.46149
20.36:  72.01054,-63.13105,68.96149
20.38:  72.23554,-63.03767,67.46149
20.4:  72.4637,-62.93591,65.9615
20.41:  72.69543,-62.82518,64.4615
20.43:  72.91568,-62.71278,62.96151
20.45:  73.13194,-62.59517,61.46151
20.46:  73.34847,-62.46996,59.9615
20.48:  73.5614,-62.33928,58.4615
20.5:  73.77074,-62.20391,57.11109
20.51:  73.97916,-62.06286,55.91167
20.53:  74.1825,-61.91974,54.86143
20.55:  74.38471,-61.77262,53.96125
20.56:  74.58495,-61.62289,53.21108
20.58:  74.78899,-61.46698,52.61498
20.6:  74.9811,-61.31776,52.16483
20.61:  75.18264,-61.15956,51.86841
20.63:  75.37592,-61.00703,51.71973
20.65:  75.57594,-60.84917,51.71973
20.66:  75.76926,-60.6966,51.71973
20.68:  75.96449,-60.54253,51.71973
20.7:  76.15915,-60.3889,51.71973
20.71:  76.35554,-60.23392,51.71973
20.73:  76.55209,-60.0788,51.71973
20.75:  76.74718,-59.92484,51.71973
20.78:  76.94351,-59.76989,51.71973
20.8:  77.13976,-59.61502,51.71973
20.81:  77.33674,-59.45956,51.71973
20.83:  77.53649,-59.30192,51.71973
20.85:  77.72955,-59.14956,51.71973
20.86:  77.92464,-58.9956,51.71973
20.88:  78.12247,-58.83946,51.71973
20.9:  78.31848,-58.68477,51.71973
20.91:  78.51324,-58.53107,51.71973
20.93:  78.71133,-58.37474,51.71973
20.95:  78.90626,-58.22091,51.71973
20.96:  79.1021,-58.06635,51.71973
20.98:  79.29944,-57.91061,51.71973
21:  79.49435,-57.75679,51.71973
21.01:  79.69138,-57.60129,51.71973
21.03:  79.88775,-57.44632,51.71973
21.05:  80.08364,-57.29172,51.71973
21.06:  80.27941,-57.13722,51.71973
21.08:  80.47707,-56.98124,51.71973
21.1:  80.67324,-56.82641,51.71973
21.11:  80.86858,-56.67225,51.71973
21.13:  81.06632,-56.5162,51.71973
21.15:  81.26199,-56.36178,51.71973
21.16:  81.45761,-56.20739,51.71973
21.18:  81.65415,-56.05228,51.71973
21.2:  81.85119,-55.89679,51.71973
21.21:  82.04375,-55.74482,51.71973
21.23:  82.24139,-55.58884,51.71973
21.25:  82.44139,-55.431,51.71973
21.26:  82.63567,-55.27768,51.71973
21.28:  82.83263,-55.12224,51.71973
21.3:  83.02824,-54.96786,51.71973
21.31:  83.22357,-54.81371,51.71973
21.33:  83.42062,-54.6582,51.71973
21.35:  83.61668,-54.50347,51.71973
21.36:  83.81232,-54.34908,51.71973
21.38:  84.00851,-54.19424,51.71973
21.4:  84.20576,-54.03857,51.71973
21.41:  84.40097,-53.88451,51.71973
21.43:  84.59722,-53.72963,51.71973
21.45:  84.79462,-53.57385,51.71973
21.46:  84.98833,-53.42097,51.71973
21.48:  85.18588,-53.26506,51.71973
21.5:  85.38303,-53.10947,51.71973
21.51:  85.57785,-52.95573,51.71973
21.53:  85.77557,-52.79969,51.71973
21.55:  85.97223,-52.64449,51.71973
21.56:  86.1673,-52.49054,51.71973
21.58:  86.36425,-52.33511,51.71973
21.6:  86.56033,-52.18036,51.71973
21.61:  86.75565,-52.02622,51.71973
21.63:  86.95332,-51.87022,51.71973
21.65:  87.14944,-51.71544,51.71973
21.66:  87.34466,-51.56137,51.71973
21.68:  87.54124,-51.40623,51.71973
21.7:  87.73766,-51.25122,51.71973
21.71:  87.93354,-51.09663,51.71973
21.73:  88.12735,-50.94368,51.71973
21.75:  88.32744,-50.78577,51.71973
21.76:  88.52374,-50.63085,51.71973
21.78:  88.71854,-50.47712,51.71973
21.8:  88.85842,-50.32225,51.71973
21.81:  88.85975,-50.16183,50.21973
21.83:  88.86111,-49.99673,48.71973
21.85:  88.86251,-49.82664,47.21973
21.86:  88.86395,-49.65454,45.71973
21.88:  88.86543,-49.47601,44.21973
21.9:  88.86696,-49.28978,42.71973
21.91:  88.86852,-49.10376,41.21973
21.93:  88.87011,-48.90936,39.71973
21.95:  88.87173,-48.71612,38.21973
21.96:  88.87339,-48.51263,36.71973
21.98:  88.87509,-48.30756,35.21973
22:  88.87681,-48.10022,33.71973
22.01:  88.87858,-47.8914,32.21973
22.03:  88.88036,-47.67449,30.71973
22.05:  88.88217,-47.45592,29.21973
22.06:  88.88401,-47.22903,27.71973
22.08:  88.88588,-47.00911,26.21973
22.1:  88.88777,-46.78297,24.71973
22.11:  88.88969,-46.55391,23.21974
22.13:  88.89143,-46.3243,21.86818
22.15:  88.89299,-46.08594,20.66947
22.16:  88.89436,-45.85182,19.6199
22.18:  88.89555,-45.61502,18.72035
22.2:  88.89654,-45.37495,17.97223
22.21:  88.89734,-45.13596,17.37435
22.23:  88.89793,-44.89654,16.92663
22.25:  88.89833,-44.65947,16.62737
22.26:  88.89854,-44.42024,16.47779
22.28:  88.89854,-44.18048,16.47779
22.3:  88.89854,-43.94025,16.47779
22.31:  88.89854,-43.70212,16.47779
22.33:  88.89854,-43.46408,16.47779
22.35:  88.89854,-43.22147,16.47779
22.36:  88.89854,-42.98204,16.47779
22.38:  88.89854,-42.74129,16.47779
22.4:  88.89854,-42.50172,16.47779
22.41:  88.89854,-42.26614,16.47779
22.43:  88.89854,-42.02246,16.47779
22.45:  88.89854,-41.78278,16.47779
22.46:  88.89854,-41.54417,16.47779
22.48:  88.90055,-41.30497,14.97779
22.5:  88.90258,-41.0597,13.47779
22.51:  88.90462,-40.81402,11.97779
22.53:  88.90668,-40.56863,10.47779
22.55:  88.90874,-40.32359,8.97779
22.56:  88.91082,-40.07325,7.47779
22.58:  88.9129,-39.82339,5.977791
22.6:  88.91498,-39.57889,4.477791
22.61:  88.91708,-39.31949,2.977791
22.63:  88.91917,-39.0788,1.47779
22.65:  88.91907,-38.82253,359.9778
22.66:  88.91248,-38.5747,358.4778
22.68:  88.89938,-38.3266,356.9778
22.7:  88.87971,-38.07801,355.4778
22.71:  88.85341,-37.8286,353.9778
22.73:  88.82028,-37.57777,352.4778
22.75:  88.78157,-37.33394,350.9778
22.76:  88.73654,-37.09152,349.4778
22.78:  88.68424,-36.84593,347.9778
22.8:  88.62535,-36.60106,346.4778
22.81:  88.56082,-36.3606,344.9778
22.83:  88.49007,-36.11974,343.6284
22.85:  88.41235,-35.87426,342.4335
22.86:  88.33378,-35.64096,341.3864
22.88:  88.25094,-35.4072,340.488
22.9:  88.16452,-35.17309,339.7393
22.91:  88.07583,-34.94034,339.1401
22.93:  87.98438,-34.70588,338.6919
22.95:  87.89284,-34.47475,338.3929
22.96:  87.80035,-34.24299,338.2435
22.98:  87.70758,-34.01056,338.2435
23:  87.61443,-33.77715,338.2435
23.01:  87.52208,-33.54574,338.2435
23.03:  87.42943,-33.31359,338.2435
23.05:  87.33671,-33.08126,338.2435
23.06:  87.24414,-32.84932,338.2435
23.08:  87.15149,-32.61717,338.2435
23.1:  87.05825,-32.38352,338.2435
23.11:  86.96626,-32.15303,338.2435
23.13:  86.87515,-31.92474,338.2435
23.15:  86.78056,-31.68773,338.2435
23.16:  86.68822,-31.45635,338.2435
23.18:  86.58598,-31.21846,336.7435
23.2:  86.4849,-30.99926,335.2435
23.21:  86.37573,-30.77795,333.7435
23.23:  86.25429,-30.54718,332.2435
23.25:  86.1348,-30.33387,330.7435
23.26:  86.00805,-30.12088,329.2435
23.28:  85.87562,-29.91105,327.7435
23.3:  85.73713,-29.70383,326.2435
23.31:  85.58858,-29.49369,324.7435
23.33:  85.44155,-29.29684,323.2435
23.35:  85.28816,-29.10232,321.7435
23.36:  85.12703,-28.90862,320.2435
23.38:  84.95958,-28.71772,318.7435
23.4:  84.79256,-28.53708,317.2435
23.41:  84.61787,-28.3578,315.7435
23.43:  84.43925,-28.18383,314.2435
23.45:  84.25546,-28.01398,312.7435
23.46:  84.07073,-27.85201,311.2435
23.48:  83.87768,-27.69149,309.7435
23.5:  83.67838,-27.53441,308.2435
23.51:  83.4781,-27.38489,306.7435
23.53:  83.2733,-27.24018,305.2435
23.55:  83.06651,-27.10205,303.7435
23.56:  82.85491,-26.96857,302.2435
23.58:  82.64246,-26.84221,300.7435
23.6:  82.42336,-26.71878,299.3944
23.61:  82.20252,-26.60039,298.1956
23.63:  81.97659,-26.48453,297.1492
23.65:  81.75514,-26.37532,296.2509
23.66:  81.52448,-26.26527,295.506
23.68:  81.29833,-26.16024,294.9107
23.7:  81.07391,-26.05814,294.4633
23.71:  80.84673,-25.95621,294.1653
23.73:  80.61853,-25.85452,294.0172
23.75:  80.38918,-25.75233,294.0172
23.76:  80.16268,-25.65141,294.0172
23.78:  79.9362,-25.55048,294.0172
23.8:  79.70497,-25.44745,294.0172
23.81:  79.47004,-25.34277,294.0172
23.83:  79.24828,-25.24396,294.0172
23.85:  79.0202,-25.14233,294.0172
23.86:  78.79268,-25.04095,294.0172
23.88:  78.56016,-24.93734,294.0172
23.9:  78.33457,-24.83682,294.0172
23.91:  78.10701,-24.73542,294.0172
23.93:  77.88042,-24.63446,294.0172
23.95:  77.65058,-24.53204,294.0172
23.96:  77.42393,-24.43105,294.0172
23.98:  77.19353,-24.33554,292.5172
24:  76.95755,-24.24487,291.0172
24.01:  76.72179,-24.1613,289.5172
24.03:  76.48247,-24.08346,288.0172
24.05:  76.24488,-24.01301,286.5172
24.06:  76.005,-23.94865,285.0172
24.08:  75.7625,-23.88969,283.6669
24.1:  75.51095,-23.83405,282.4712
24.11:  75.26762,-23.78488,281.4245
24.13:  75.02517,-23.73983,280.5257
24.15:  74.77922,-23.69745,279.7767
24.16:  74.53285,-23.65765,279.1774
24.18:  74.28745,-23.61998,278.7271
24.2:  74.03625,-23.58276,278.4291
24.21:  73.79305,-23.54737,278.2786
24.23:  73.53658,-23.51005,278.2786
24.25:  73.29243,-23.47453,278.2786
24.26:  73.04686,-23.4388,278.2786
24.28:  72.80195,-23.40316,278.2786
24.3:  72.55333,-23.36699,278.2786
24.31:  72.3068,-23.33112,278.2786
24.33:  72.05919,-23.29509,278.2786
24.35:  71.81453,-23.25949,278.2786
24.36:  71.56441,-23.2231,278.2786
24.38:  71.3187,-23.18735,278.2786
24.4:  71.06863,-23.15096,278.2786
24.41:  70.82446,-23.11543,278.2786
24.43:  70.574,-23.07899,278.2786
24.45:  70.31984,-23.04201,278.2786
24.46:  70.08102,-23.00726,278.2786
24.48:  69.83353,-22.97125,278.2786
24.5:  69.58412,-22.93496,278.2786
24.51:  69.33736,-22.89906,278.2786
24.53:  69.08897,-22.86292,278.2786
24.55:  68.84235,-22.82703,278.2786
24.56:  68.59789,-22.79146,278.2786
24.58:  68.34751,-22.75503,278.2786
24.6:  68.1025,-22.71938,278.2786
24.61:  67.85203,-22.68294,278.2786
24.63:  67.60547,-22.64706,278.2786
24.65:  67.35737,-22.61096,278.2786
24.66:  67.11137,-22.57517,278.2786
24.68:  66.86518,-22.53935,278.2786
24.7:  66.61935,-22.50358,278.2786
24.71:  66.36863,-22.4671,278.2786
24.73:  66.12043,-22.43099,278.2786
24.75:  65.86625,-22.394,278.2786
24.76:  65.62266,-22.35856,278.2786
24.78:  65.37864,-22.32305,278.2786
24.8:  65.13083,-22.287,278.2786
24.81:  64.88393,-22.25107,278.2786
24.83:  64.63893,-22.21542,278.2786
24.85:  64.3897,-22.17916,278.2786
24.86:  64.14256,-22.1432,278.2786
24.88:  63.89516,-22.1072,278.2786
24.9:  63.64695,-22.07109,278.2786
24.91:  63.40371,-22.0357,278.2786
24.93:  63.15493,-21.9995,278.2786
24.95:  62.90475,-21.9631,278.2786
24.96:  62.65266,-21.92642,278.2786
24.98:  62.40986,-21.89109,278.2786
25:  62.16258,-21.85511,278.2786
25.01:  61.9152,-21.81911,278.2786
25.03:  61.66742,-21.78306,278.2786
25.05:  61.4201,-21.74708,278.2786
25.06:  61.17443,-21.71133,278.2786
25.08:  60.92517,-21.67506,278.2786
25.1:  60.67245,-21.63829,278.2786
25.11:  60.42531,-21.60233,278.2786
25.13:  60.17984,-21.56662,278.2786
25.15:  59.93685,-21.53126,278.2786
25.16:  59.69183,-21.49561,278.2786
25.18:  59.43554,-21.45832,278.2786
25.2:  59.19354,-21.42311,278.2786
25.21:  58.94978,-21.38764,278.2786
25.23:  58.69331,-21.35032,278.2786
25.25:  58.45153,-21.31514,278.2786
25.26:  58.20421,-21.27916,278.2786
25.28:  57.95594,-21.24303,278.2786
25.3:  57.71022,-21.20728,278.2786
25.31:  57.46157,-21.1711,278.2786
25.33:  57.21484,-21.1352,278.2786
25.35:  56.96824,-21.09932,278.2786
25.36:  56.72033,-21.06325,278.2786
25.38:  56.47319,-21.02729,278.2786
25.4:  56.22565,-20.99127,278.2786
25.41:  55.97227,-20.9544,278.2786
25.43:  55.7292,-20.91904,278.2786
25.45:  55.48516,-20.88353,278.2786
25.46:  55.23712,-20.84744,278.2786
25.48:  54.98783,-20.81117,278.2786
25.5:  54.74343,-20.77561,278.2786
25.51:  54.49354,-20.73925,278.2786
25.53:  54.2459,-20.70321,278.2786
25.55:  53.99717,-20.66702,278.2786
25.56:  53.75115,-20.63123,278.2786
25.58:  53.50382,-20.59524,278.2786
25.6:  53.25233,-20.55865,278.2786
25.61:  53.00421,-20.52254,278.2786
25.63:  52.76039,-20.48707,278.2786
25.65:  52.5134,-20.45113,278.2786
25.66:  52.26097,-20.4144,278.2786
25.68:  52.01741,-20.37896,278.2786
25.7:  51.77188,-20.34324,278.2786
25.71:  51.52492,-20.3073,278.2786
25.73:  51.2766,-20.27117,278.2786
25.75:  51.02604,-20.23472,278.2786
25.76:  50.77633,-20.19838,278.2786
25.78:  50.53186,-20.16281,278.2786
25.8:  50.28726,-20.12722,278.2786
25.81:  50.03962,-20.09119,278.2786
25.83:  49.78649,-20.05436,278.2786
25.85:  49.54443,-20.01914,278.2786
25.86:  49.29717,-19.98316,278.2786
25.88:  49.04306,-19.94619,278.2786
25.9:  48.80042,-19.91088,278.2786
25.91:  48.55179,-19.87471,278.2786
25.93:  48.30813,-19.83925,278.2786
25.95:  48.06012,-19.80317,278.2786
25.96:  47.81363,-19.7673,278.2786
25.98:  47.56708,-19.73143,278.2786
26:  47.32302,-19.69592,278.2786
26.01:  47.07164,-19.65934,278.2786
26.03:  46.82437,-19.62336,278.2786
26.05:  46.58068,-19.58791,278.2786
26.06:  46.32176,-19.55023,278.2786
26.08:  46.07809,-19.51478,278.2786
26.1:  45.83383,-19.47924,278.2786
26.11:  45.58678,-19.44329,278.2786
26.13:  45.3395,-19.40731,278.2786
26.15:  45.09294,-19.37144,278.2786
26.16:  44.84626,-19.33554,278.2786
26.18:  44.59911,-19.29958,278.2786
26.2:  44.35079,-19.26345,278.2786
26.21:  44.10295,-19.22739,278.2786
26.23:  43.85918,-19.19192,278.2786
26.25:  43.61065,-19.15576,278.2786
26.26:  43.36035,-19.11934,278.2786
26.28:  43.11205,-19.08321,278.2786
26.3:  42.85806,-19.04626,278.2786
26.31:  42.61751,-19.01126,278.2786
26.33:  42.37124,-18.97542,278.2786
26.35:  42.1218,-18.93913,278.2786
26.36:  41.87646,-18.90343,278.2786
26.38:  41.62866,-18.87398,276.7786
26.4:  41.37827,-18.85084,275.2786
26.41:  41.13297,-18.83464,273.7786
26.43:  40.87538,-18.82439,272.2786
26.45:  40.62991,-18.82106,270.7786
26.46:  40.37976,-18.82421,269.2786
26.48:  40.13279,-18.83315,267.9268
26.5:  39.88309,-18.84743,266.7252
26.51:  39.6317,-18.86645,265.6748
26.53:  39.38207,-18.88928,264.7748
26.55:  39.13292,-18.91535,264.0251
26.56:  38.87897,-18.94461,263.4288
26.58:  38.63158,-18.97506,262.9821
26.6:  38.39074,-19.00599,262.681
26.61:  38.14165,-19.03865,262.5307
26.63:  37.89556,-19.07092,262.5293
26.65:  37.64579,-19.10368,262.5293
26.66:  37.39616,-19.13641,262.5293
26.68:  37.15068,-19.1686,262.5293
26.7:  36.90446,-19.20089,262.5293
26.71:  36.64831,-19.23448,262.5293
26.73:  36.40166,-19.26682,262.5293
26.75:  36.1577,-19.29881,262.5293
26.76:  35.91034,-19.33125,262.5293
26.78:  35.66216,-19.36379,262.5293
26.8:  35.4143,-19.3963,262.5293
26.81:  35.16487,-19.43567,261.0293
26.83:  34.91562,-19.48174,259.5293
26.85:  34.67206,-19.53338,258.0293
26.86:  34.42775,-19.5919,256.5293
26.88:  34.19257,-19.65479,255.0293
26.9:  33.95243,-19.72578,253.5293
26.91:  33.70485,-19.80535,252.1853
26.93:  33.47507,-19.88452,250.9872
26.95:  33.2436,-19.96906,249.9369
26.96:  33.00923,-20.05885,249.0372
26.98:  32.77716,-20.15126,248.2874
27:  32.54523,-20.24644,247.6879
27.01:  32.30932,-20.3454,247.242
27.03:  32.08231,-20.44203,246.9441
27.05:  31.85445,-20.53971,246.795
27.06:  31.62599,-20.63765,246.795
27.08:  31.39557,-20.73643,246.795
27.1:  31.16537,-20.83512,246.795
27.11:  30.92841,-20.93671,246.795
27.13:  30.70996,-21.03036,246.795
27.15:  30.47698,-21.13024,246.795
27.16:  30.24785,-21.22847,246.795
27.18:  30.01668,-21.32048,248.295
27.2:  29.77731,-21.40858,249.795
27.21:  29.54062,-21.48872,251.295
27.23:  29.306,-21.56137,252.795
27.25:  29.06673,-21.62864,254.295
27.26:  28.82462,-21.68993,255.795
27.28:  28.58179,-21.74467,257.295
27.3:  28.33704,-21.79316,258.795
27.31:  28.0901,-21.83539,260.295
27.33:  27.84417,-21.87085,261.795
27.35:  27.59625,-21.9,263.295
27.36:  27.34672,-21.92273,264.795
27.38:  27.09799,-21.93884,266.295
27.4:  26.84489,-21.94858,267.795
27.41:  26.59132,-21.95237,269.1429
27.43:  26.33534,-21.95087,270.3371
27.45:  26.09207,-21.94498,271.3854
27.46:  25.84182,-21.93501,272.2833
27.48:  25.59268,-21.92181,273.0316
27.5:  25.3436,-21.90601,273.6302
27.51:  25.09426,-21.88823,274.0787
27.53:  24.84465,-21.86912,274.3771
27.55:  24.59473,-21.84934,274.525
27.56:  24.3463,-21.82968,274.525
27.58:  24.09703,-21.80996,274.525
27.6:  23.84777,-21.79023,274.525
27.61:  23.59979,-21.7706,274.525
27.63:  23.35282,-21.75106,274.525
27.65:  23.10196,-21.7312,274.525
27.66:  22.85124,-21.71136,274.525
27.68:  22.60211,-21.69165,274.525
27.7:  22.35218,-21.67187,274.525
27.71:  22.10413,-21.65224,274.525
27.73:  21.85318,-21.63238,274.525
27.75:  21.59818,-21.61219,274.525
27.76:  21.35258,-21.59276,274.525
27.78:  21.10477,-21.57315,274.525
27.8:  20.85641,-21.55349,274.525
27.81:  20.60807,-21.53384,274.525
27.83:  20.3602,-21.51422,274.525
27.85:  20.10915,-21.49435,274.525
27.86:  19.86064,-21.47468,274.525
27.88:  19.60663,-21.45458,274.525
27.9:  19.35813,-21.43492,274.525
27.91:  19.11297,-21.41551,274.525
27.93:  18.86388,-21.3958,274.525
27.95:  18.61546,-21.37614,274.525
27.96:  18.36552,-21.35636,274.525
27.98:  18.11692,-21.33669,274.525
28:  17.86525,-21.31677,274.525
28.01:  17.61771,-21.29718,274.525
28.03:  17.36789,-21.27741,274.525
28.05:  17.11197,-21.25715,274.525
28.06:  16.86706,-21.23777,274.525
28.08:  16.62177,-21.21836,274.525
28.1:  16.37124,-21.19853,274.525
28.11:  16.12171,-21.17878,274.525
28.13:  15.8695,-21.15882,274.525
28.15:  15.62357,-21.13936,274.525
28.16:  15.37424,-21.11963,274.525
28.18:  15.12419,-21.09984,274.525
28.2:  14.87657,-21.08024,274.525
28.21:  14.62915,-21.06066,274.525
28.23:  14.37657,-21.04067,274.525
28.25:  14.12711,-21.02093,274.525
28.26:  13.87921,-21.00131,274.525
28.28:  13.63075,-20.98165,274.525
28.3:  13.37999,-20.9618,274.525
28.31:  13.13435,-20.94236,274.525
28.33:  12.88465,-20.9226,274.525
28.35:  12.63241,-20.90264,274.525
28.36:  12.38346,-20.88293,274.525
28.38:  12.13435,-20.86322,274.525
28.4:  11.88492,-20.84348,274.525
28.41:  11.62817,-20.82316,274.525
28.43:  11.38331,-20.80378,274.525
28.45:  11.13703,-20.78429,274.525
28.46:  10.88813,-20.76459,274.525
28.48:  10.63887,-20.74487,274.525
28.5:  10.38987,-20.72516,274.525
28.51:  10.14128,-20.70549,274.525
28.53:  9.891182,-20.6857,274.525
28.55:  9.641848,-20.66596,274.525
28.56:  9.393887,-20.64634,274.525
28.58:  9.14432,-20.62659,274.525
28.6:  8.893695,-20.60675,274.525
28.61:  8.645407,-20.5871,274.525
28.63:  8.393779,-20.56719,274.525
28.65:  8.144282,-20.554,273.025
28.66:  7.897915,-20.54745,271.525
28.68:  7.644948,-20.54733,270.025
28.7:  7.397431,-20.55371,268.525
28.71:  7.140973,-20.56704,267.025
28.73:  6.894261,-20.58635,265.525
28.75:  6.644314,-20.6125,264.025
28.76:  6.400506,-20.6445,262.525
28.78:  6.152852,-20.68361,261.025
28.8:  5.907104,-20.72904,259.525
28.81:  5.663473,-20.78072,258.025
28.85:  5.423567,-20.83821,256.525
28.86:  5.178729,-20.90369,255.025
28.88:  4.938917,-20.97462,253.525
28.9:  4.704121,-21.05079,252.025
28.91:  4.464758,-21.13544,250.525
28.93:  4.226819,-21.22666,249.025
28.95:  4.000659,-21.32022,247.525
28.96:  3.772098,-21.42186,246.025
28.98:  3.546182,-21.5295,244.525
29:  3.324267,-21.64245,243.025
29.01:  3.104435,-21.76168,241.525
29.03:  2.889746,-21.88551,240.025
29.05:  2.675704,-22.01654,238.525
29.06:  2.464494,-22.15357,237.025
29.08:  2.25976,-22.29415,235.525
29.1:  2.058689,-22.4401,234.025
29.11:  1.858996,-22.59319,232.525
29.13:  1.665699,-22.74958,231.025
29.15:  1.475116,-22.91221,229.525
29.16:  1.283205,-23.08486,228.025
29.18:  1.101726,-23.25693,226.525
29.2:  0.9292019,-23.4293,225.025
29.21:  0.7569594,-23.61065,223.525
29.23:  0.5858346,-23.80054,222.025
29.25:  0.4238104,-23.99007,220.525
29.26:  0.269275,-24.18074,219.025
29.28:  0.1178274,-24.37793,217.525
29.3:  -0.0429267,-24.59899,216.025
29.31:  -0.1751419,-24.79118,214.525
29.33:  -0.3060673,-24.9926,213.025
29.35:  -0.4382378,-25.20807,211.525
29.36:  -0.5642594,-25.42612,210.025
29.38:  -0.6830664,-25.64471,208.525
29.4:  -0.7954299,-25.865,207.025
29.41:  -0.9043993,-26.0932,205.525
29.43:  -1.005541,-26.3201,204.025
29.45:  -1.104029,-26.55758,202.525
29.46:  -1.191846,-26.78606,201.025
29.48:  -1.279737,-27.03177,199.6816
29.5:  -1.35729,-27.26376,198.4849
29.51:  -1.430457,-27.49674,197.4348
29.53:  -1.501374,-27.73563,196.5342
29.55:  -1.569576,-27.9769,195.784
29.56:  -1.635019,-28.21805,195.1837
29.58:  -1.698494,-28.45943,194.7332
29.6:  -1.760642,-28.70091,194.4323
29.61:  -1.823732,-28.9487,194.2848
29.63:  -1.884343,-29.18675,194.2847
29.65:  -1.946049,-29.42911,194.2847
29.66:  -2.007805,-29.67165,194.2847
29.68:  -2.069118,-29.91246,194.2847
29.7:  -2.13076,-30.15457,194.2847
29.71:  -2.192248,-30.39606,194.2847
29.73:  -2.254277,-30.63968,194.2847
29.75:  -2.316063,-30.88235,194.2847
29.76:  -2.377556,-31.12387,194.2847
29.78:  -2.439484,-31.36709,194.2847
29.8:  -2.502892,-31.61613,194.2847
29.81:  -2.558038,-31.85915,192.7847
29.83:  -2.605831,-32.09866,191.2847
29.85:  -2.648504,-32.34611,189.7847
29.86:  -2.684461,-32.59304,188.2847
29.88:  -2.713794,-32.8396,186.7847
29.9:  -2.736678,-33.08699,185.2847
29.91:  -2.753257,-33.33762,183.7847
29.93:  -2.763274,-33.5887,182.2847
29.95:  -2.766694,-33.83835,180.7847
29.96:  -2.763566,-34.0889,179.2847
29.98:  -2.754032,-34.33534,177.7847
30:  -2.737772,-34.58575,176.2847
30.01:  -2.71491,-34.83623,174.7847
30.03:  -2.685647,-35.08475,173.2847
30.05:  -2.650515,-35.32809,171.7847
30.06:  -2.607594,-35.57879,170.2847
30.08:  -2.559025,-35.82373,168.7847
30.1:  -2.504803,-36.06404,167.2847
30.11:  -2.442471,-36.3101,165.7847
30.13:  -2.374727,-36.55086,164.2847
30.15:  -2.301973,-36.78566,162.7847
30.16:  -2.221061,-37.0245,161.2847
30.18:  -2.1344,-37.25984,159.7847
30.2:  -2.041786,-37.49239,158.2847
30.21:  -1.943021,-37.72266,156.7847
30.23:  -1.838517,-37.94971,155.2847
30.25:  -1.729226,-38.17167,153.7847
30.26:  -1.613116,-38.3941,152.4353
30.28:  -1.492231,-38.61432,151.2365
30.3:  -1.368009,-38.83112,150.1877
30.31:  -1.23996,-39.04668,149.2894
30.33:  -1.10972,-39.25956,148.5407
30.35:  -0.9768422,-39.47173,147.9423
30.36:  -0.8424712,-39.6826,147.4939
30.38:  -0.7072921,-39.89232,147.1952
30.4:  -0.5709742,-40.1026,147.0469
30.41:  -0.434821,-40.31264,147.0469
30.43:  -0.2993825,-40.52157,147.0469
30.45:  -0.1627471,-40.73235,147.0469
30.46:  -0.02712998,-40.94156,147.0469
30.48:  0.1092101,-41.15187,147.0469
30.5:  0.2440333,-41.35986,147.0469
30.51:  0.3812692,-41.57156,147.0469
30.53:  0.5207816,-41.78678,147.0469
30.55:  0.654093,-41.99243,147.0469
30.56:  0.7877975,-42.19868,147.0469
30.58:  0.9253076,-42.41081,147.0469
30.6:  1.06078,-42.6198,147.0469
30.61:  1.196892,-42.82977,147.0469
30.63:  1.331106,-43.03681,147.0469
30.65:  1.469576,-43.25042,147.0469
30.66:  1.604694,-43.45885,147.0469
30.68:  1.741506,-43.6699,147.0469
30.7:  1.876653,-43.87838,147.0469
30.71:  2.012748,-44.08833,147.0469
30.73:  2.147482,-44.29617,147.0469
30.75:  2.284845,-44.50807,147.0469
30.76:  2.421327,-44.71861,147.0469
30.78:  2.556493,-44.92712,147.0469
30.8:  2.691534,-45.13544,147.0469
30.81:  2.828774,-45.34715,147.0469
30.83:  2.964973,-45.55725,147.0469
30.85:  3.100032,-45.7656,147.0469
30.86:  3.237211,-45.97722,147.0469
30.88:  3.372386,-46.18574,147.0469
30.9:  3.507959,-46.39488,147.0469
30.91:  3.643132,-46.6034,147.0469
30.93:  3.780678,-46.81559,147.0469
30.95:  3.915041,-47.02286,147.0469
30.96:  4.052931,-47.23557,147.0469
30.98:  4.212527,-47.46819,145.5469
31:  4.34281,-47.64782,144.0469
31.01:  4.491975,-47.84254,142.5469
31.03:  4.649272,-48.03712,141.0469
31.05:  4.811896,-48.22784,139.5469
31.06:  4.979064,-48.41381,138.0469
31.08:  5.150646,-48.59491,136.5469
31.1:  5.32724,-48.77179,135.0469
31.11:  5.506975,-48.94264,133.5469
31.13:  5.694051,-49.11136,132.0469
31.15:  5.882329,-49.27243,130.5469
31.16:  6.078376,-49.43145,129.0469
31.18:  6.274121,-49.58191,127.5469
31.2:  6.478047,-49.73032,126.0469
31.21:  6.683836,-49.87201,124.5469
31.23:  6.890454,-50.00642,123.0469
31.25:  7.104545,-50.13786,121.5469
31.26:  7.328586,-50.26746,120.0469
31.28:  7.545759,-50.3856,118.5469
31.3:  7.766016,-50.49805,117.0469
31.31:  7.991813,-50.60598,115.5469
31.33:  8.220196,-50.70789,114.0469
31.35:  8.457006,-50.80695,112.7009
31.36:  8.682921,-50.89595,111.5006
31.38:  8.866322,-50.98917,110.4502
31.4:  8.880535,-51.10081,109.5495
31.41:  8.902621,-51.21883,108.7992
31.43:  8.932822,-51.34307,108.1987
31.45:  8.972411,-51.47509,107.7489
31.46:  9.022421,-51.61233,107.4478
31.48:  9.085117,-51.75669,107.2957
31.5:  9.164105,-51.91019,107.2955
31.51:  9.258383,-52.06447,107.2955
31.53:  9.37239,-52.22377,107.2955
31.55:  9.506225,-52.38154,107.2955
31.56:  9.66125,-52.53567,107.2955
31.58:  9.835851,-52.68031,107.2955
31.6:  10.03037,-52.81319,107.2955
31.61:  10.24524,-52.93113,107.2955
31.63:  10.47313,-53.0266,107.2955
31.65:  10.71294,-53.10128,107.2955
31.66:  10.9504,-53.17522,107.2955
31.68:  11.19583,-53.25164,107.2955
31.7:  11.42871,-53.32415,107.2955
31.71:  11.66622,-53.39811,107.2955
31.73:  11.90558,-53.47264,107.2955
31.75:  12.14458,-53.54706,107.2955
31.76:  12.38501,-53.62193,107.2955
31.78:  12.61879,-53.69472,107.2955
31.8:  12.8573,-53.76899,107.2955
31.81:  13.09888,-53.8442,107.2955
31.83:  13.33733,-53.91846,107.2955
31.85:  13.57452,-53.99231,107.2955
31.86:  13.82061,-54.06894,107.2955
31.88:  14.05901,-54.14317,107.2955
31.9:  14.29286,-54.21599,107.2955
31.91:  14.5309,-54.29011,107.2955
31.93:  14.77002,-54.36457,107.2955
31.95:  15.00589,-54.43801,107.2955
31.96:  15.24673,-54.513,107.2955
31.98:  15.48575,-54.58743,107.2955
32:  15.72038,-54.66049,107.2955
32.01:  15.96452,-54.73651,107.2955
32.03:  16.20159,-54.81033,107.2955
32.05:  16.44534,-54.88623,107.2955
32.06:  16.68284,-54.96018,107.2955
32.08:  16.91888,-55.03368,107.2955
32.1:  17.15537,-55.10732,107.2955
32.11:  17.39585,-55.1822,107.2955
32.13:  17.64412,-55.25243,105.7955
32.15:  17.88113,-55.31282,104.2955
32.16:  18.12044,-55.36717,102.7955
32.18:  18.36724,-55.41647,101.2955
32.2:  18.61292,-55.45888,99.79551
32.21:  18.86191,-55.49519,98.29552
32.23:  19.1101,-55.52476,96.79552
32.25:  19.35508,-55.54747,95.29551
32.26:  19.60655,-55.56415,93.79551
32.28:  19.85806,-55.57423,92.29552
32.3:  20.11224,-55.57776,90.79552
32.31:  20.35832,-55.57474,89.29552
32.33:  20.60784,-55.56513,87.79551
32.35:  20.85196,-55.54933,86.29552
32.36:  21.10418,-55.52635,84.79552
32.38:  21.35376,-55.49702,83.29552
32.4:  21.59986,-55.46153,81.79552
32.41:  21.84777,-55.41914,80.29552
32.43:  22.09957,-55.36926,78.79552
32.45:  22.33799,-55.31551,77.29552
32.46:  22.5792,-55.25445,75.79552
32.48:  22.82219,-55.18682,74.44685
32.5:  23.06598,-55.11346,73.25093
32.51:  23.29646,-55.03946,72.20026
32.53:  23.54024,-54.95696,71.30401
32.55:  23.77133,-54.87537,70.55478
32.56:  24.0022,-54.79113,69.95303
32.58:  24.23967,-54.70236,69.50339
32.6:  24.47035,-54.61474,69.20179
32.61:  24.70482,-54.52497,69.05084
32.63:  24.93759,-54.43585,69.04945
32.65:  25.17845,-54.34364,69.04945
32.66:  25.40693,-54.25616,69.04945
32.68:  25.64001,-54.16692,69.04945
32.7:  25.872,-54.07809,69.04945
32.71:  26.10673,-53.98822,69.04945
32.73:  26.34282,-53.89783,69.04945
32.75:  26.57431,-53.8092,69.04945
32.76:  26.80777,-53.71981,69.04945
32.78:  27.03774,-53.63176,69.04945
32.8:  27.27088,-53.5425,69.04945
32.81:  27.5086,-53.45148,69.04945
32.83:  27.73943,-53.36311,69.04945
32.85:  27.97857,-53.27154,69.04945
32.86:  28.2088,-53.22862,69.04945
32.88:  28.44301,-53.22862,69.04945
32.9:  28.67237,-53.22862,69.04945
32.91:  28.9083,-53.22862,69.04945
32.93:  29.14272,-53.22862,69.04945
32.95:  29.37562,-53.22862,69.04945
32.96:  29.60894,-53.22862,69.04945
32.98:  29.84894,-53.22862,69.04945
33:  30.08147,-53.22862,69.04945
33.01:  30.30659,-53.22862,69.04945
33.03:  30.54973,-53.22862,69.04945
33.05:  30.77408,-53.22862,69.04945
33.06:  31.01111,-53.22862,69.04945
33.08:  31.24355,-53.22862,69.04945
33.1:  31.47589,-53.22862,69.04945
33.11:  31.71519,-53.21191,69.04945
33.13:  31.95446,-53.16468,67.54945
33.15:  32.18982,-53.0955,66.04944
33.16:  32.42169,-52.9996,64.54944
33.18:  32.64307,-52.88704,63.04945
33.2:  32.86939,-52.76442,61.54945
33.21:  33.08322,-52.64121,60.04945
33.23:  33.29473,-52.51184,58.54945
33.25:  33.50473,-52.37573,57.04945
33.26:  33.71063,-52.23448,55.54945
33.28:  33.91172,-52.08864,54.04945
33.3:  34.10968,-51.93701,52.54945
33.31:  34.30549,-51.77872,51.04945
33.33:  34.49549,-51.61673,49.54945
33.35:  34.68719,-51.44443,48.04945
33.36:  34.86342,-51.27748,46.54945
33.38:  35.04095,-51.10026,45.04945
33.4:  35.2123,-50.92,43.54945
33.41:  35.37991,-50.73417,42.04945
33.43:  35.54221,-50.54448,40.54945
33.45:  35.69984,-50.35017,39.04945
33.46:  35.85275,-50.15124,37.54945
33.48:  35.99801,-49.95168,36.04945
33.5:  36.14046,-49.7448,34.54945
33.51:  36.27689,-49.5351,33.04945
33.53:  36.40886,-49.32143,31.70013
33.55:  36.53584,-49.10586,30.50093
33.56:  36.65821,-48.88915,29.45105
33.58:  36.77785,-48.66927,28.55136
33.6:  36.89477,-48.44753,27.80208
33.61:  37.00857,-48.22612,27.20217
33.63:  37.12105,-48.00299,26.75219
33.65:  37.23245,-47.77908,26.45225
33.66:  37.3435,-47.55442,26.30268
33.68:  37.45415,-47.33056,26.30268
33.7:  37.56485,-47.10659,26.30268
33.71:  37.67449,-46.8848,26.30268
33.73:  37.78645,-46.65827,26.30268
33.75:  37.89737,-46.43388,26.30268
33.76:  38.0068,-46.21249,26.30268
33.78:  38.11864,-45.98623,26.30268
33.8:  38.22958,-45.76177,26.30268
33.81:  38.34013,-45.53812,26.30268
33.83:  38.45123,-45.31337,26.30268
33.85:  38.56049,-45.09231,26.30268
33.86:  38.6731,-44.86448,26.30268
33.88:  38.7833,-44.64155,26.30268
33.9:  38.89474,-44.41608,26.30268
33.91:  39.00837,-44.1862,26.30268
33.93:  39.11769,-43.96505,26.30268
33.95:  39.22729,-43.7433,26.30268
33.96:  39.33755,-43.52023,26.30268
33.98:  39.44917,-43.29443,26.30268
34:  39.55936,-43.07149,26.30268
34.01:  39.66872,-42.85023,26.30268
34.03:  39.78053,-42.62404,26.30268
34.05:  39.89107,-42.40041,26.30268
34.06:  40.00281,-42.17435,26.30268
34.08:  40.11282,-41.95178,26.30268
34.1:  40.22348,-41.72792,26.30268
34.11:  40.33463,-41.50304,26.30268
34.13:  40.44532,-41.27911,26.30268
34.15:  40.55619,-41.0548,26.30268
34.16:  40.66692,-40.83078,26.30268
34.18:  40.77687,-40.60833,26.30268
34.2:  40.88853,-40.38243,26.30268
34.21:  40.99876,-40.15943,26.30268
34.23:  41.10904,-39.93633,26.30268
34.25:  41.21954,-39.71276,26.30268
34.26:  41.33163,-39.486,26.30268
34.28:  41.44237,-39.26197,26.30268
34.3:  41.55119,-39.04181,26.30268
34.31:  41.65858,-38.80943,24.80268
34.33:  41.75684,-38.58129,23.30268
34.35:  41.84853,-38.35208,21.80268
34.36:  41.93519,-38.11784,20.30268
34.38:  42.01704,-37.87745,18.80268
34.4:  42.09021,-37.64257,17.30268
34.41:  42.159,-37.3995,15.80268
34.43:  42.22087,-37.15681,14.30268
34.45:  42.27715,-36.91216,12.95331
34.46:  42.32726,-36.67127,11.75156
34.48:  42.37568,-36.41516,10.70619
34.5:  42.41724,-36.17474,9.807223
34.51:  42.45651,-35.92841,9.057921
34.53:  42.49324,-35.68141,8.458444
34.55:  42.5286,-35.43019,8.011186
34.56:  42.56196,-35.18388,7.713063
34.58:  42.59449,-34.93889,7.563224
34.6:  42.62719,-34.69259,7.562461
34.61:  42.66047,-34.44188,7.562461
34.63:  42.69321,-34.19527,7.562461
34.65:  42.72607,-33.9478,7.562461
34.66:  42.75899,-33.69978,7.562461
34.68:  42.79263,-33.4464,7.562461
34.7:  42.83193,-33.20004,9.062461
34.71:  42.87703,-32.95818,10.56246
34.73:  42.92835,-32.71799,12.06246
34.75:  42.98695,-32.47507,13.56246
34.76:  43.05489,-32.22263,15.06246
34.78:  43.12322,-31.99288,16.56246
34.8:  43.20072,-31.75524,18.06246
34.81:  43.285,-31.51806,19.56246
34.83:  43.37471,-31.2851,21.06246
34.85:  43.47098,-31.05341,22.56246
34.86:  43.57267,-30.82567,24.06246
34.88:  43.68084,-30.59799,25.41122
34.9:  43.79097,-30.37818,26.61246
34.91:  43.90858,-30.15381,27.66171
34.93:  44.02771,-29.93495,28.56144
34.95:  44.14949,-29.71805,29.31194
34.96:  44.27478,-29.50028,29.91168
34.98:  44.4011,-29.28463,30.36147
35:  44.528,-29.07058,30.66196
35.01:  44.66022,-28.84885,30.80756
35.03:  44.78493,-28.6397,30.80756
35.05:  44.91315,-28.42468,30.80756
35.06:  45.04061,-28.21093,30.80756
35.08:  45.16153,-27.99552,29.30756
35.1:  45.28015,-27.77061,27.80756
35.11:  45.39049,-27.54742,26.30756
35.13:  45.49576,-27.31967,24.80755
35.15:  45.59321,-27.09349,23.30755
35.16:  45.68943,-26.85299,21.80755
35.18:  45.77424,-26.62384,20.30755
35.21:  45.85491,-26.38697,18.80755
35.23:  45.92922,-26.14849,17.30756
35.25:  45.99651,-25.91083,15.80756
35.26:  46.05867,-25.66707,14.30756
35.28:  46.11433,-25.42226,12.80756
35.3:  46.16322,-25.17773,11.30756
35.31:  46.20563,-24.93241,9.807557
35.33:  46.2416,-24.68604,8.307557
35.35:  46.27106,-24.43925,6.807557
35.36:  46.29482,-24.18359,5.307557
35.38:  46.31128,-23.9362,3.807557
35.4:  46.32137,-23.68576,2.307557
35.41:  46.32487,-23.43794,0.8075573
35.43:  46.32184,-23.18767,359.3076
35.45:  46.31239,-22.94068,357.8076
35.46:  46.29631,-22.69157,356.3076
35.48:  46.27359,-22.44158,354.8076
35.5:  46.2444,-22.19275,353.3076
35.51:  46.20854,-21.94369,351.8076
35.53:  46.1664,-21.69695,350.3076
35.55:  46.11765,-21.45057,348.8076
35.56:  46.0616,-21.2017,347.3076
35.58:  46.00201,-20.96609,345.8076
35.6:  45.9337,-20.72295,344.3076
35.61:  45.86149,-20.48744,342.9554
35.63:  45.78229,-20.24718,341.7549
35.65:  45.69997,-20.01204,340.704
35.66:  45.61248,-19.77421,339.8051
35.68:  45.52335,-19.54133,339.0558
35.7:  45.43246,-19.31113,338.4551
35.71:  45.33952,-19.08105,338.0032
35.73:  45.24534,-18.85141,337.7002
35.75:  45.14691,-18.61317,337.5519
35.76:  45.05169,-18.38269,337.5519
35.78:  44.95749,-18.15469,337.5519
35.8:  44.8624,-17.92452,337.5519
35.81:  44.76741,-17.69463,337.5519
35.83:  44.67106,-17.46141,337.5519
35.85:  44.57557,-17.23029,337.5519
35.86:  44.48161,-17.00287,337.5519
35.88:  44.3858,-16.77096,337.5519
35.9:  44.28752,-16.53309,337.5519
35.91:  44.19378,-16.3062,337.5519
35.93:  44.09864,-16.07593,337.5519
35.95:  44.00045,-15.83825,337.5519
35.96:  43.90638,-15.61058,337.5519
35.98:  43.81205,-15.38225,337.5519
36:  43.71668,-15.15142,337.5519
36.01:  43.62037,-14.91829,337.5519
36.03:  43.52597,-14.68983,337.5519
36.05:  43.43016,-14.45792,337.5519
36.06:  43.33504,-14.2277,337.5519
36.08:  43.23913,-13.99556,337.5519
36.1:  43.14341,-13.76387,337.5519
36.11:  43.05419,-13.53081,339.0519
36.13:  42.97152,-13.29667,340.5519
36.15:  42.89208,-13.05143,342.0519
36.16:  42.82319,-12.8181,343.5519
36.18:  42.75849,-12.57576,345.0519
36.2:  42.70052,-12.33333,346.5519
36.21:  42.64756,-12.08307,348.0519
36.23:  42.60313,-11.84209,349.5519
36.25:  42.56427,-11.59532,351.0519
36.26:  42.53212,-11.34936,352.5519
36.28:  42.50597,-11.09845,354.0519
36.3:  42.48662,-10.8496,355.5519
36.31:  42.47314,-10.6006,356.9023
36.33:  42.46492,-10.35217,358.1035
36.35:  42.46124,-10.10264,359.155
36.36:  42.46148,-9.850473,0.05524499
36.38:  42.46499,-9.600607,0.805517
36.4:  42.47106,-9.353729,1.407618
36.41:  42.47924,-9.101501,1.858302
36.43:  42.48869,-8.850892,2.158514
36.45:  42.49874,-8.601516,2.308979
36.46:  42.50871,-8.354473,2.311097
36.48:  42.51892,-8.101509,2.311097
36.5:  42.52898,-7.852172,2.311097
36.51:  42.53905,-7.602709,2.311097
36.53:  42.54915,-7.352485,2.311097
36.55:  42.55908,-7.106545,2.311097
36.56:  42.56931,-6.853048,2.311097
36.58:  42.57937,-6.603612,2.311097
36.6:  42.58945,-6.353945,2.311097
36.61:  42.59958,-6.103066,2.311097
36.63:  42.60968,-5.852684,2.311097
36.65:  42.61972,-5.603846,2.311097
36.66:  42.62997,-5.350027,2.311097
36.68:  42.63347,-5.102709,0.8110968
36.7:  42.63049,-4.854859,359.3111
36.71:  42.62075,-4.600219,357.8111
36.73:  42.60505,-4.3567,356.3111
36.75:  42.58245,-4.107763,354.8111
36.76:  42.55341,-3.860127,353.3111
36.78:  42.51733,-3.609393,351.8111
36.8:  42.47607,-3.367786,350.3111
36.81:  42.42729,-3.121161,348.8111
36.83:  42.37189,-2.875097,347.3111
36.85:  42.31092,-2.633979,345.8111
36.86:  42.24317,-2.390262,344.4629
36.88:  42.17042,-2.148313,343.2662
36.9:  42.09428,-1.91088,342.2192
36.91:  42.01568,-1.678402,341.3194
36.93:  41.92955,-1.444076,339.8194
36.95:  41.83434,-1.204587,338.3194
36.96:  41.73663,-0.9763891,336.8194
36.98:  41.63376,-0.7525464,335.3194
37:  41.52359,-0.5284632,333.8194
37.01:  41.4072,-0.3065888,332.3194
37.03:  41.28683,-0.09102353,330.8194
37.05:  41.15815,0.1271686,329.4714
37.06:  41.02928,0.3355938,328.2704
37.08:  40.89081,0.5506429,327.2229
37.1:  40.7533,0.7570239,326.3242
37.11:  40.61213,0.9630116,325.5753
37.13:  40.46807,1.168563,324.977
37.15:  40.323,1.372159,324.5287
37.16:  40.17632,1.575767,324.231
37.18:  40.02991,1.777906,324.083
37.2:  39.88409,1.979215,324.083
37.21:  39.73656,2.182903,324.083
37.23:  39.59095,2.383923,324.083
37.25:  39.44383,2.587039,324.083
37.26:  39.29747,2.789105,324.083
37.28:  39.15014,2.992497,324.083
37.3:  39.00415,3.194053,324.083
37.31:  38.85771,3.39622,324.083
37.33:  38.71037,3.599635,324.083
37.35:  38.56414,3.801524,324.083
37.36:  38.41888,4.002064,324.083
37.38:  38.27048,4.206941,324.083
37.4:  38.12436,4.408669,324.083
37.41:  37.97898,4.609376,324.083
37.43:  37.8303,4.814646,324.083
37.45:  37.68466,5.015719,324.083
37.46:  37.53403,5.223675,324.083
37.48:  37.38761,5.425819,324.083
37.5:  37.24348,5.624803,324.083
37.51:  37.09681,5.827294,324.083
37.53:  36.95022,6.029672,324.083
37.55:  36.80402,6.231517,324.083
37.56:  36.65766,6.433575,324.083
37.58:  36.51036,6.63693,324.083
37.6:  36.36438,6.83848,324.083
37.61:  36.21922,7.038874,324.083
37.63:  36.07024,7.244554,324.083
37.65:  35.924,7.446453,324.083
37.66:  35.77716,7.649179,324.083
37.68:  35.63079,7.851252,324.083
37.7:  35.48399,8.053931,324.083
37.71:  35.33772,8.255864,324.083
37.73:  35.19122,8.458121,324.083
37.75:  35.04439,8.660829,324.083
37.76:  34.89707,8.864218,324.083
37.78:  34.74069,9.068626,322.583
37.8:  34.58813,9.257579,321.083
37.81:  34.42859,9.444932,319.583
37.83:  34.26117,9.631411,318.083
37.85:  34.08997,9.812343,316.583
37.86:  33.9132,9.989619,315.083
37.88:  33.79845,10.18872,313.583
37.9:  33.71197,10.3949,312.083
37.91:  33.59669,10.5986,310.583
37.93:  33.46152,10.79322,309.083
37.95:  33.30511,10.97789,307.583
37.96:  33.12738,11.14985,306.083
37.98:  32.9303,11.30416,304.583
38:  32.72178,11.44001,303.083
38.01:  32.51175,11.56913,301.583
38.03:  32.2928,11.69596,300.083
38.05:  32.06647,11.81928,298.583
38.06:  31.84904,11.93046,297.083
38.08:  31.62385,12.03827,295.583
38.1:  31.39669,12.1398,294.083
38.11:  31.16155,12.2376,292.583
38.13:  30.93083,12.32655,291.083
38.15:  30.69596,12.4108,289.7327
38.16:  30.45996,12.48991,288.5318
38.18:  30.22156,12.56499,287.4808
38.2:  29.98201,12.63631,286.5798
38.21:  29.74495,12.70351,285.8266
38.23:  29.50084,12.76994,285.2252
38.25:  29.2583,12.83391,284.7744
38.26:  29.01198,12.8975,284.4761
38.28:  28.77445,12.95816,284.325
38.3:  28.53208,13.02005,284.3239
38.31:  28.28948,13.08199,284.3239
38.33:  28.04869,13.14348,284.3239
38.35:  27.79531,13.20817,284.3239
38.36:  27.56035,13.26817,284.3239
38.38:  27.31983,13.32959,284.3239
38.4:  27.07826,13.39127,284.3239
38.41:  26.83822,13.44591,282.8239
38.43:  26.59275,13.49506,281.3239
38.45:  26.34468,13.53802,279.8239
38.46:  26.09628,13.57436,278.3239
38.48:  25.85026,13.6038,276.8239
38.5:  25.59988,13.62714,275.3239
38.51:  25.34018,13.64449,273.8239
38.53:  25.09921,13.65427,272.3239
38.55:  24.84458,13.65793,270.8239
38.56:  24.59788,13.65502,269.3239
38.58:  24.3497,13.64559,267.8239
38.6:  24.10155,13.62965,266.3239
38.61:  23.85547,13.60736,264.8239
38.63:  23.60411,13.57794,263.3239
38.65:  23.34995,13.54142,261.8239
38.66:  23.10624,13.49987,260.3239
38.68:  22.86504,13.45221,258.8239
38.7:  22.61443,13.39584,257.3239
38.71:  22.37754,13.33601,255.8239
38.73:  22.13614,13.26826,254.3239
38.75:  21.89878,13.19489,252.8239
38.76:  21.66172,13.11476,251.3239
38.78:  21.42783,13.02882,249.8239
38.8:  21.1936,12.93644,248.475
38.81:  20.96332,12.84,247.2758
38.83:  20.73685,12.74023,246.2252
38.85:  20.50097,12.63189,245.3303
38.86:  20.28053,12.52713,244.5818
38.88:  20.05582,12.41745,243.9834
38.9:  19.83556,12.30779,243.5326
38.91:  19.61388,12.19596,243.2308
38.93:  19.38664,12.08058,243.0818
38.95:  19.15784,11.96441,243.0818
38.96:  18.9398,11.85371,243.0818
38.98:  18.71805,11.83623,243.0818
39:  18.49498,11.83623,243.0818
39.01:  18.27257,11.83623,243.0818
39.03:  18.0504,11.83623,243.0818
39.05:  17.82699,11.83623,243.0818
39.06:  17.60077,11.83623,243.0818
39.08:  17.37763,11.83623,243.0818
39.1:  17.15741,11.83623,243.0818
39.11:  16.93513,11.83623,243.0818
39.13:  16.712,11.83623,243.0818
39.15:  16.49242,11.83623,243.0818
39.16:  16.26099,11.83623,243.0818
39.18:  16.04071,11.83623,243.0818
39.2:  15.82002,11.83623,243.0818
39.21:  15.60034,11.83623,243.0818
39.23:  15.37477,11.83623,243.0818
39.25:  15.15271,11.83623,241.5818
39.26:  14.93951,11.83623,240.0818
39.28:  14.72745,11.83623,238.5818
39.3:  14.51542,11.83623,237.0818
39.31:  14.30869,11.83623,235.5818
39.33:  14.10925,11.83623,234.0818
39.35:  13.90013,11.83623,232.7395
39.36:  13.70875,11.83623,231.5438
39.38:  13.51998,11.83623,230.4948
39.4:  13.32827,11.83623,229.597
39.41:  13.13748,11.83623,228.8511
39.43:  12.95185,11.83623,228.2546
39.45:  12.76945,11.83623,227.8057
39.46:  12.57838,11.83623,227.5123
39.48:  12.39987,11.83623,227.3645
39.5:  12.21548,11.83623,227.3645
39.51:  12.03166,11.83623,227.3645
39.53:  11.84806,11.83623,227.3645
39.55:  11.66389,11.83623,227.3645
39.56:  11.47558,11.83623,227.3645
39.58:  11.29638,11.83623,227.3645
39.6:  11.10047,11.82284,227.3645
39.61:  10.89412,11.7914,227.3645
39.63:  10.68556,11.73339,227.3645
39.65:  10.47215,11.65159,227.3645
39.66:  10.25828,11.54563,227.3645
39.68:  10.05382,11.41737,227.3645
39.7:  9.856435,11.26422,227.3645
39.71:  9.672549,11.09491,227.3645
39.73:  9.492245,10.91997,225.8645
39.75:  9.313679,10.7374,224.3645
39.76:  9.145106,10.55577,222.8645
39.78:  8.981432,10.36988,221.3645
39.8:  8.822189,10.17919,219.8645
39.81:  8.66283,9.977876,218.3645
39.83:  8.513603,9.778868,216.8645
39.85:  8.37243,9.579957,215.3645
39.86:  8.233269,9.372586,213.8645
39.88:  8.098855,9.160494,212.3645
39.9:  7.970788,8.946208,210.8645
39.91:  7.849336,8.730354,209.3645
39.93:  7.731173,8.506848,207.8645
39.95:  7.620382,8.283314,206.3645
39.96:  7.515336,8.056643,204.8645
39.98:  7.416421,7.827677,203.3645
40:  7.323122,7.595172,201.8645
40.01:  7.237241,7.363807,200.3645
40.03:  7.15569,7.125134,198.8645
40.05:  7.076969,6.875789,197.5214
40.06:  7.009448,6.64522,196.3225
40.08:  6.943334,6.403117,195.2741
40.1:  6.881531,6.161977,194.3751
40.11:  6.822223,5.91733,193.6271
40.13:  6.766479,5.676406,193.0275
40.15:  6.712021,5.432331,192.5779
40.16:  6.658778,5.187699,192.2785
40.18:  6.606406,4.944,192.1288
40.2:  6.553793,4.699184,192.1288
40.21:  6.501044,4.453732,192.1288
40.23:  6.448631,4.209847,192.1288
40.25:  6.396172,3.965745,192.1288
40.26:  6.344189,3.723857,192.1288
40.28:  6.290711,3.475015,192.1288
40.3:  6.238513,3.232129,192.1288
40.31:  6.186374,2.989515,192.1288
40.33:  6.137947,2.731467,190.6288
40.35:  6.099904,2.494715,189.1288
40.36:  6.066584,2.245946,187.6288
40.38:  6.040088,1.999189,186.1288
40.4:  6.020199,1.753542,184.6288
40.41:  6.006361,1.50039,183.1288
40.43:  5.999251,1.250336,181.6288
40.45:  5.998689,1.000238,180.1288
40.46:  6.004675,0.7501503,178.6288
40.48:  6.017165,0.5011288,177.1288
40.5:  6.036225,0.2517807,175.6288
40.51:  6.061565,0.005358145,174.1288
40.53:  6.093489,-0.2414086,172.6288
40.55:  6.132037,-0.4927725,171.2814
40.56:  6.174623,-0.736336,170.0823
40.58:  6.222919,-0.9856253,169.0356
40.6:  6.273442,-1.22613,168.1363
40.61:  6.328021,-1.470039,167.387
40.63:  6.385795,-1.716156,166.7894
40.65:  6.445928,-1.963672,166.3446
40.66:  6.505343,-2.202819,166.0477
40.68:  6.566025,-2.444411,165.9003
40.7:  6.626675,-2.685873,165.9003
40.71:  6.68962,-2.93647,165.9003
40.73:  6.749225,-3.173772,165.9003
40.75:  6.809759,-3.414773,165.9003
40.76:  6.87039,-3.65616,165.9003
40.78:  6.931654,-3.900069,165.9003
40.8:  6.992305,-4.141534,165.9003
40.81:  7.052859,-4.382615,165.9003
40.83:  7.113896,-4.625616,165.9003
40.85:  7.176613,-4.875309,165.9003
40.86:  7.236751,-5.114729,165.9003
40.88:  7.296894,-5.354176,165.9003
40.9:  7.357934,-5.597192,165.9003
40.91:  7.418777,-5.839422,165.9003
40.93:  7.47994,-6.082925,165.9003
40.95:  7.540072,-6.322327,165.9003
40.96:  7.600456,-6.562727,165.9003
40.98:  7.662458,-6.809572,165.9003
41:  7.723037,-7.050754,165.9003
41.01:  7.784256,-7.294478,165.9003
41.03:  7.844964,-7.536171,165.9003
41.05:  7.905336,-7.776531,165.9003
41.06:  7.96663,-8.020555,165.9003
41.08:  8.027199,-8.261695,165.9003
41.1:  8.088551,-8.505951,165.9003
41.11:  8.149592,-8.748971,165.9003
41.13:  8.210661,-8.992102,165.9003
41.15:  8.271118,-9.232796,165.9003
41.16:  8.337702,-9.471276,164.4003
41.18:  8.412245,-9.713585,162.9003
41.2:  8.491742,-9.94981,161.4003
41.21:  8.577181,-10.18329,159.9003
41.23:  8.669983,-10.41768,158.4002
41.25:  8.767581,-10.6465,156.9003
41.26:  8.872105,-10.8748,155.4003
41.28:  8.926601,-11.1052,153.9002
41.3:  8.976695,-11.34124,152.4003
41.31:  9.056423,-11.56853,150.9002
41.33:  9.158265,-11.79482,149.4002
41.35:  9.292705,-12.01749,147.9003
41.36:  9.428423,-12.22176,146.4002
41.38:  9.570424,-12.42381,144.9002
41.4:  9.720428,-12.62579,143.4003
41.41:  9.874797,-12.82267,141.9002
41.43:  10.03416,-13.01531,140.4002
41.45:  10.19792,-13.20303,138.9002
41.46:  10.36769,-13.38766,137.4002
41.48:  10.54081,-13.5663,135.9002
41.5:  10.71747,-13.73931,134.4002
41.51:  10.90078,-13.90964,132.9002
41.53:  11.08819,-14.07487,131.4002
41.55:  11.28183,-14.23678,129.9002
41.56:  11.47875,-14.39286,128.4002
41.58:  11.6783,-14.54269,126.9002
41.6:  11.88203,-14.68828,125.5505
41.61:  12.08778,-14.8289,124.3503
41.63:  12.29822,-14.96713,123.3011
41.65:  12.5079,-15.1002,122.4009
41.66:  12.71774,-15.22954,121.6487
41.68:  12.94108,-15.36402,121.0528
41.7:  13.15303,-15.48939,120.6048
41.71:  13.36805,-15.61507,120.3061
41.73:  13.58341,-15.7402,120.1569
41.75:  13.79947,-15.86573,120.1569
41.76:  14.01264,-15.98958,120.1569
41.78:  14.22983,-16.11577,120.1569
41.8:  14.44666,-16.24175,120.1569
41.81:  14.663,-16.36745,120.1569
41.83:  14.87927,-16.4931,120.1569
41.85:  15.09524,-16.61858,120.1569
41.86:  15.30819,-16.74231,120.1569
41.88:  15.52851,-16.87031,120.1569
41.9:  15.74084,-16.99368,120.1569
41.91:  15.96385,-17.11556,118.6569
41.93:  16.18606,-17.22955,117.1569
41.95:  16.41061,-17.3374,115.6569
41.96:  16.64085,-17.44067,114.1569
41.98:  16.86886,-17.53585,112.6569
42:  17.10252,-17.62628,111.1569
42.01:  17.33871,-17.71064,109.6569
42.03:  17.5762,-17.78853,108.1569
42.05:  17.81332,-17.86015,106.8055
42.06:  18.05548,-17.92778,105.605
42.08:  18.29908,-17.99103,104.5555
42.1:  18.54088,-18.04977,103.6552
42.11:  18.7891,-18.10666,102.9078
42.13:  19.02752,-18.15867,102.3068
42.15:  19.27401,-18.21042,101.8569
42.16:  19.52021,-18.26077,101.5578
42.18:  19.76299,-18.30976,101.4073
42.2:  20.00768,-18.35913,101.4066
42.21:  20.25396,-18.40882,101.4066
42.23:  20.49849,-18.45815,101.4066
42.25:  20.74368,-18.50762,101.4066
42.26:  20.98523,-18.55635,101.4066
42.28:  21.23201,-18.60614,101.4066
42.3:  21.47855,-18.65588,101.4066
42.31:  21.72419,-18.70544,101.4066
42.33:  21.97269,-18.75558,101.4066
42.35:  22.21431,-18.80433,101.4066
42.36:  22.45959,-18.85381,101.4066
42.38:  22.70543,-18.90341,101.4066
42.4:  22.94808,-18.95237,101.4066
42.41:  23.19561,-19.00231,101.4066
42.43:  23.43919,-19.05145,101.4066
42.45:  23.68161,-19.10036,101.4066
42.46:  23.93063,-19.1506,101.4066
42.48:  24.17171,-19.19924,101.4066
42.5:  24.41989,-19.24931,101.4066
42.51:  24.66514,-19.29879,101.4066
42.53:  24.90991,-19.34818,101.4066
42.55:  25.15406,-19.39743,101.4066
42.56:  25.39995,-19.44704,101.4066
42.58:  25.64552,-19.49659,101.4066
42.6:  25.89015,-19.54594,101.4066
42.61:  26.13486,-19.59531,101.4066
42.63:  26.38021,-19.64482,101.4066
42.65:  26.6245,-19.6941,101.4066
42.66:  26.86945,-19.74352,101.4066
42.68:  27.11185,-19.79243,101.4066
42.7:  27.36576,-19.84365,101.4066
42.71:  27.61327,-19.88688,99.90658
42.73:  27.86023,-19.92338,98.40658
42.75:  28.1049,-19.95301,96.90658
42.76:  28.35009,-19.97622,95.40658
42.78:  28.60151,-19.99339,93.90657
42.8:  28.85048,-20.00385,92.40657
42.81:  29.09701,-20.00775,90.90657
42.83:  29.35075,-20.00513,89.40658
42.85:  29.60021,-19.99601,87.90657
42.86:  29.85003,-19.98032,86.40656
42.88:  30.10167,-19.95789,84.90657
42.9:  30.34681,-19.92955,83.40657
42.91:  30.59176,-19.89472,81.90656
42.93:  30.84115,-19.85257,80.40656
42.95:  31.08339,-19.80507,78.90657
42.96:  31.33132,-19.74968,77.40658
42.98:  31.57332,-19.68893,75.90657
43:  31.81037,-19.62277,74.40657
43.01:  32.05186,-19.54851,72.90657
43.03:  32.28934,-19.46862,71.40657
43.05:  32.52368,-19.38289,69.90657
43.06:  32.76188,-19.28862,68.40657
43.08:  32.99274,-19.19017,66.90658
43.1:  33.21468,-19.08859,65.40659
43.11:  33.438,-18.97923,63.90658
43.13:  33.65905,-18.86369,62.40658
43.15:  33.87662,-18.74263,60.90658
43.16:  34.09991,-18.61061,59.40657
43.18:  34.30597,-18.48138,57.90658
43.2:  34.51474,-18.34271,56.40657
43.21:  34.7196,-18.19877,54.90657
43.23:  34.92004,-18.04994,53.40657
43.25:  35.1156,-17.89664,51.90658
43.26:  35.30638,-17.73885,50.40657
43.28:  35.49379,-17.5754,48.90657
43.3:  35.68228,-17.40211,47.40657
43.31:  35.85888,-17.23102,45.90658
43.33:  36.03468,-17.05247,44.55692
43.35:  36.20742,-16.86954,43.35822
43.36:  36.37449,-16.68599,42.30844
43.38:  36.54142,-16.49671,41.4101
43.4:  36.70412,-16.30729,40.66157
43.41:  36.86518,-16.11578,40.06318
43.43:  37.02142,-15.9198,38.56318
43.45:  37.17075,-15.7221,37.06318
43.46:  37.32077,-15.51226,35.56318
43.48:  37.45674,-15.31116,34.06318
43.5:  37.59139,-15.10031,32.56318
43.51:  37.7197,-14.88731,31.06318
43.53:  37.84451,-14.66727,29.56318
43.55:  37.96416,-14.44284,28.06318
43.56:  38.07274,-14.22566,26.56318
43.58:  38.18178,-13.99249,25.06318
43.6:  38.28111,-13.76473,23.56318
43.61:  38.37344,-13.53694,22.06318
43.63:  38.46157,-13.30202,20.56318
43.65:  38.543,-13.06638,19.06318
43.66:  38.61961,-12.82651,17.71426
43.68:  38.69024,-12.58831,16.51441
43.7:  38.75603,-12.35045,15.46264
43.71:  38.81947,-12.10625,14.56226
43.73:  38.87931,-11.86283,13.81227
43.75:  38.93629,-11.62014,13.21185
43.76:  38.99146,-11.37656,12.76129
43.78:  39.04496,-11.13443,12.45951
43.8:  39.10007,-10.8819,12.31281
43.81:  39.15186,-10.64466,12.31181
43.83:  39.2051,-10.4007,12.31181
43.85:  39.2589,-10.15418,12.31181
43.86:  39.31224,-9.909794,12.31181
43.88:  39.36528,-9.666755,12.31181
43.9:  39.41874,-9.421807,12.31181
43.91:  39.47218,-9.176944,12.31181
43.93:  39.52536,-8.933284,12.31181
43.95:  39.57837,-8.690441,12.31181
43.96:  39.632,-8.444695,12.31181
43.98:  39.68493,-8.202172,12.31181
44:  39.73846,-7.956919,12.31181
44.01:  39.79161,-7.713385,12.31181
44.03:  39.84431,-7.471902,12.31181
44.05:  39.89825,-7.224763,12.31181
44.06:  39.95198,-6.978595,12.31181
44.08:  40.00505,-6.735417,12.31181
44.1:  40.05828,-6.4915,12.31181
44.11:  40.11137,-6.248277,12.31181
44.13:  40.16679,-5.994331,12.31181
44.15:  40.2187,-5.756498,12.31181
44.16:  40.27159,-5.514183,12.31181
44.18:  40.3251,-5.268982,12.31181
44.2:  40.37827,-5.025388,12.31181
44.21:  40.43166,-4.780761,12.31181
44.23:  40.48468,-4.537813,12.31181
44.25:  40.53816,-4.29277,12.31181
44.26:  40.59749,-4.051448,13.81181
44.28:  40.66491,-3.805199,15.31181
44.3:  40.73699,-3.566631,16.81181
44.31:  40.81487,-3.331301,18.31181
44.33:  40.90104,-3.09213,19.81181
44.35:  40.99256,-2.857522,21.31182
44.36:  41.0877,-2.631316,22.81181
44.38:  41.18983,-2.405243,24.31182
44.4:  41.29738,-2.182891,25.81182
44.41:  41.41296,-1.959073,27.31182
44.43:  41.53281,-1.741169,28.81182
44.45:  41.65964,-1.524232,30.31181
44.46:  41.79065,-1.313027,31.81182
44.48:  41.92761,-1.10463,33.31181
44.5:  42.07194,-0.8970575,34.81181
44.51:  42.21981,-0.6947358,36.16145
44.53:  42.37542,-0.4908844,37.35722
44.55:  42.52664,-0.3001431,38.40694
44.56:  42.68692,-0.1043491,39.30484
44.58:  42.84572,0.08453818,40.05468
44.6:  43.00871,0.2743315,40.65441
44.61:  43.17216,0.464662,40.65441
44.63:  43.32986,0.6583392,39.15441
44.65:  43.48223,0.8558099,37.65442
44.66:  43.63298,1.062132,36.15441
44.68:  43.77186,1.26304,34.65441
44.7:  43.90862,1.472393,33.15441
44.71:  44.03906,1.68397,31.65441
44.73:  44.16505,1.900831,30.15441
44.75:  44.28388,2.1183,28.65441
44.76:  44.3995,2.343702,27.15441
44.78:  44.50629,2.566053,25.65441
44.8:  44.6099,2.795467,24.30545
44.81:  44.71106,3.032515,23.11112
44.83:  44.80139,3.255402,22.0611
44.85:  44.89283,3.491598,21.16303
44.86:  44.97949,3.724433,20.41404
44.88:  45.06504,3.961863,19.81646
44.9:  45.14631,4.193059,19.36593
44.91:  45.22896,4.432191,19.0672
44.93:  45.3103,4.669492,18.91898
44.95:  45.39155,4.906558,18.91898
44.96:  45.47144,5.139633,18.91898
44.98:  45.5596,5.376472,20.41898
45:  45.6524,5.607085,21.91898
45.01:  45.75238,5.837926,23.41898
45.03:  45.85732,6.063788,24.91898
45.05:  45.9689,6.28839,26.41898
45.06:  46.08471,6.506947,27.91898
45.08:  46.20863,6.726685,29.41898
45.1:  46.34034,6.946589,30.91898
45.11:  46.47429,7.157521,32.41898
45.13:  46.61094,7.36072,33.91898
45.15:  46.75574,7.564332,35.41898
45.16:  46.90607,7.764416,36.91898
45.18:  47.06107,7.959839,38.41898
45.2:  47.22116,8.151181,39.91898
45.21:  47.38512,8.337033,41.41898
45.23:  47.5574,8.522304,42.91898
45.25:  47.73057,8.699029,44.41898
45.26:  47.91026,8.873043,45.91898
45.28:  48.09585,9.043584,47.41898
45.3:  48.28308,9.206813,48.91898
45.31:  48.47488,9.365371,50.41898
45.33:  48.67365,9.521122,51.91898
45.35:  48.87521,9.670708,53.41898
45.36:  48.92138,9.846825,54.91899
45.38:  48.96797,10.02056,56.41899
45.4:  49.03059,10.20012,57.91899
45.41:  49.11047,10.38217,59.41899
45.43:  49.20879,10.56465,60.919
45.45:  49.32692,10.74562,62.41899
45.46:  49.46284,10.91828,63.919
45.48:  49.61988,11.08551,65.419
45.5:  49.79413,11.23887,66.919
45.51:  49.99021,11.38186,68.419
45.53:  50.20108,11.50438,69.76966
45.55:  50.42839,11.60793,70.96938
45.56:  50.66171,11.68364,72.02192
45.58:  50.90484,11.75834,72.92186
45.6:  51.15024,11.83024,73.66837
45.61:  51.3817,11.89806,73.66837
45.63:  51.62297,11.97567,72.16837
45.65:  51.85955,12.05867,70.66837
45.66:  52.0923,12.14723,69.16838
45.68:  52.32211,12.24163,67.66838
45.7:  52.55018,12.34237,66.16837
45.71:  52.78111,12.45169,64.66838
45.73:  53.00356,12.56421,63.16838
45.75:  53.22149,12.68171,61.66838
45.76:  53.44492,12.80903,60.32267
45.78:  53.65283,12.93335,59.12232
45.8:  53.86548,13.06586,58.0723
45.81:  54.07547,13.20133,57.17222
45.83:  54.28329,13.33929,56.4218
45.85:  54.4901,13.47974,55.82138
45.86:  54.69666,13.62238,55.37157
45.88:  54.90103,13.7651,55.07133
45.9:  55.10549,13.90869,54.92099
45.91:  55.31095,14.05297,54.92099
45.93:  55.51658,14.18949,56.42099
45.95:  55.72951,14.32295,57.92099
45.96:  55.94497,14.45026,59.42099
45.98:  56.16449,14.57234,60.92099
46:  56.38534,14.6877,62.42098
46.01:  56.61588,14.80053,63.92099
46.03:  56.84045,14.90325,65.42099
46.05:  57.0677,15.00008,66.92099
46.06:  57.30066,15.09222,68.42098
46.08:  57.53492,15.17785,69.92099
46.1:  57.7728,15.25781,71.421
46.11:  58.01136,15.33178,72.77114
46.13:  58.25695,15.40235,73.96796
46.15:  58.49647,15.46646,75.01601
46.16:  58.73362,15.52595,75.91737
46.18:  58.97503,15.58315,76.66987
46.2:  59.22168,15.63887,77.27064
46.21:  59.46253,15.69128,77.72354
46.23:  59.71481,15.74481,78.02168
46.25:  59.95572,15.79526,78.17215
46.26:  60.19834,15.84606,78.17389
46.28:  60.45129,15.89902,78.17389
46.3:  60.69247,15.94952,78.17389
46.31:  60.93486,16.00028,78.17389
46.33:  61.17989,16.05158,78.17389
46.35:  61.42392,16.10268,78.17389
46.36:  61.66549,16.15326,78.17389
46.38:  61.91187,16.20485,78.17389
46.4:  62.16193,16.25721,78.17389
46.41:  62.40566,16.30824,78.17389
46.43:  62.64778,16.35894,78.17389
46.45:  62.89233,16.41014,78.17389
46.46:  63.13899,16.46179,78.17389
46.48:  63.37986,16.51223,78.17389
46.5:  63.62547,16.56365,78.17389
46.51:  63.87014,16.61488,78.17389
46.53:  64.11571,16.6663,78.17389
46.55:  64.35646,16.71671,78.17389
46.56:  64.60423,16.76859,78.17389
46.58:  64.8488,16.8198,78.17389
46.6:  65.09356,16.87105,78.17389
46.61:  65.33877,16.92239,78.17389
46.63:  65.58049,16.97301,78.17389
46.65:  65.82508,17.02422,78.17389
46.66:  66.07316,17.07616,78.17389
46.68:  66.31893,17.12763,78.17389
46.7:  66.56184,17.17849,78.17389
46.71:  66.81476,17.23145,78.17389
46.73:  67.05383,17.2815,78.17389
46.75:  67.29759,17.33254,78.17389
46.76:  67.54211,17.38375,78.17389
46.78:  67.78711,17.43504,78.17389
46.8:  68.03127,17.48617,78.17389
46.81:  68.27264,17.53671,78.17389
46.83:  68.5258,17.58971,78.17389
46.85:  68.76535,17.63987,78.17389
46.88:  69.01331,17.69179,78.17389
46.9:  69.25481,17.74236,78.17389
46.91:  69.49791,17.79326,78.17389
46.93:  69.74119,17.8442,78.17389
46.95:  69.9868,17.89563,78.17389
46.96:  70.23277,17.94713,78.17389
46.98:  70.4769,17.99825,78.17389
47:  70.72362,18.04991,78.17389
47.01:  70.96658,18.10078,78.17389
47.03:  71.2114,18.15204,78.17389
47.05:  71.45674,18.20341,78.17389
47.06:  71.70809,18.25604,78.17389
47.08:  71.94712,18.30609,78.17389
47.1:  72.19735,18.35849,78.17389
47.11:  72.44221,18.40976,78.17389
47.13:  72.68311,18.4602,78.17389
47.15:  72.9249,18.51083,78.17389
47.16:  73.16975,18.5621,78.17389
47.18:  73.41469,18.61338,78.17389
47.2:  73.65874,18.66448,78.17389
47.21:  73.90771,18.71661,78.17389
47.23:  74.14634,18.76658,78.17389
47.25:  74.39225,18.81807,78.17389
47.26:  74.63732,18.86938,78.17389
47.28:  74.88592,18.92144,78.17389
47.3:  75.128,18.97212,78.17389
47.31:  75.37148,19.02311,78.17389
47.33:  75.61327,19.07373,78.17389
47.35:  75.86664,19.12679,78.17389
47.36:  76.10544,19.17679,78.17389
47.38:  76.34239,19.2264,78.17389
47.4:  76.55922,19.2718,78.17389
47.41:  76.76553,19.315,78.17389
47.43:  76.96152,19.35604,78.17389
47.45:  77.14445,19.39434,78.17389
47.46:  77.32069,19.43124,78.17389
47.48:  77.47779,19.46414,78.17389
47.5:  77.62357,19.49466,78.17389
47.51:  77.75711,19.52262,78.17389
47.53:  77.87833,19.54801,78.17389
47.55:  77.99136,19.57167,78.17389
47.56:  78.08828,19.59197,78.17389
47.58:  78.17346,19.6098,78.17389
47.6:  78.24628,19.62505,78.17389
47.61:  78.30749,19.63787,78.17389
47.63:  78.35649,19.64813,78.17389
47.65:  78.39324,19.65582,78.17389
47.66:  78.41778,19.66096,78.17389
47.68:  78.43001,19.66352,78.17389
47.7:  78.43001,19.66352,78.17389
47.71:  78.43001,19.66352,78.17389
47.73:  78.43001,19.66352,78.17389
47.75:  78.43001,19.66352,78.17389
47.76:  78.43001,19.66352,78.17389
47.78:  78.43001,19.66352,78.17389
47.8:  78.43001,19.66352,78.17389
47.81:  78.43001,19.66352,78.17389
47.83:  78.43001,19.66352,78.17389
47.85:  78.43001,19.66352,78.17389
47.86:  78.43001,19.66352,78.17389
47.88:  78.43001,19.66352,78.17389
47.9:  78.43001,19.66352,78.17389
47.91:  78.43001,19.66352,78.17389
47.93:  78.43001,19.66352,78.17389
47.95:  78.43001,19.66352,78.17389
47.96:  78.43001,19.66352,78.17389
47.98:  78.43001,19.66352,78.17389
48:  78.43001,19.66352,78.17389
48.01:  78.43001,19.66352,78.17389
48.03:  78.43001,19.66352,78.17389
48.05:  78.43001,19.66352,78.17389
48.06:  78.43001,19.66352,78.17389
48.08:  78.43001,19.66352,78.17389
48.1:  78.43001,19.66352,78.17389
48.11:  78.43001,19.66352,78.17389
48.13:  78.43001,19.66352,78.17389
48.15:  78.43001,19.66352,78.17389
48.16:  78.43001,19.66352,78.17389
48.18:  78.43001,19.66352,78.17389
48.2:  78.43001,19.66352,78.17389
48.21:  78.43001,19.66352,78.17389
48.23:  78.43001,19.66352,78.17389
48.25:  78.43001,19.66352,78.17389
48.26:  78.43001,19.66352,78.17389
48.28:  78.43001,19.66352,78.17389
48.3:  78.43001,19.66352,78.17389
48.31:  78.43001,19.66352,78.17389
48.33:  78.43001,19.66352,78.17389
48.35:  78.43001,19.66352,78.17389
48.36:  78.43001,19.66352,78.17389
48.38:  78.43001,19.66352,78.17389
48.4:  78.43001,19.66352,78.17389
48.41:  78.43001,19.66352,78.17389
48.43:  78.43001,19.66352,78.17389
48.45:  78.43001,19.66352,78.17389
48.46:  78.43001,19.66352,78.17389
48.48:  78.43001,19.66352,78.17389
48.5:  78.43001,19.66352,78.17389
48.51:  78.43001,19.66352,78.17389
48.53:  78.43001,19.66352,78.17389
48.55:  78.43001,19.66352,78.17389
48.56:  78.43001,19.66352,78.17389
48.58:  78.43001,19.66352,78.17389
48.6:  78.43001,19.66352,78.17389
48.61:  78.43001,19.66352,78.17389
48.63:  78.43001,19.66352,78.17389
48.65:  78.43001,19.66352,78.17389
48.66:  78.43001,19.66352,78.17389
48.68:  78.43001,19.66352,78.17389
48.7:  78.43001,19.66352,78.17389
48.71:  78.43001,19.66352,78.17389
48.73:  78.43001,19.66352,78.17389
48.75:  78.43001,19.66352,78.17389
48.76:  78.43001,19.66352,78.17389
48.78:  78.43001,19.66352,78.17389
48.8:  78.43001,19.66352,78.17389
48.81:  78.43001,19.66352,78.17389
48.83:  78.43001,19.66352,78.17389
48.85:  78.43001,19.66352,78.17389
48.86:  78.43001,19.66352,78.17389
48.88:  78.43001,19.66352,78.17389
48.9:  78.43001,19.66352,78.17389
48.91:  78.43001,19.66352,78.17389
48.93:  78.43001,19.66352,78.17389
48.95:  78.43001,19.66352,78.17389
48.96:  78.43001,19.66352,78.17389
48.98:  78.43001,19.66352,78.17389
49:  78.43001,19.66352,78.17389
49.01:  78.43001,19.66352,78.17389
49.03:  78.43001,19.66352,78.17389
49.05:  78.43001,19.66352,78.17389
49.06:  78.43001,19.66352,78.17389
49.08:  78.43001,19.66352,78.17389
49.1:  78.43001,19.66352,78.17389
49.11:  78.43001,19.66352,78.17389
49.13:  78.43001,19.66352,78.17389
49.15:  78.43001,19.66352,78.17389
49.16:  78.43001,19.66352,78.17389
49.18:  78.43001,19.66352,78.17389
49.2:  78.43001,19.66352,78.17389
49.21:  78.43001,19.66352,78.17389
49.23:  78.43001,19.66352,78.17389
49.25:  78.43001,19.66352,78.17389
49.26:  78.43001,19.66352,78.17389
49.28:  78.43001,19.66352,78.17389
49.3:  78.43001,19.66352,78.17389
49.31:  78.43001,19.66352,78.17389
49.33:  78.43001,19.66352,78.17389
49.35:  78.43001,19.66352,78.17389
49.36:  78.43001,19.66352,78.17389
49.38:  78.43001,19.66352,78.17389
49.4:  78.43001,19.66352,78.17389
49.41:  78.43001,19.66352,78.17389
49.43:  78.43001,19.66352,78.17389
49.45:  78.43001,19.66352,78.17389
49.46:  78.43001,19.66352,78.17389
49.48:  78.43001,19.66352,78.17389
49.5:  78.43001,19.66352,78.17389
49.51:  78.43001,19.66352,78.17389
49.53:  78.43001,19.66352,78.17389
49.55:  78.43001,19.66352,78.17389
49.56:  78.43001,19.66352,78.17389
49.58:  78.43001,19.66352,78.17389
49.6:  78.43001,19.66352,78.17389
49.61:  78.43001,19.66352,78.17389
49.63:  78.43001,19.66352,78.17389
49.65:  78.43001,19.66352,78.17389
49.66:  78.43001,19.66352,78.17389
49.68:  78.43001,19.66352,78.17389
49.7:  78.43001,19.66352,78.17389
49.71:  78.43001,19.66352,78.17389
49.73:  78.43001,19.66352,78.17389
49.75:  78.43001,19.66352,78.17389
