ParticipantNo: 21049
Training Level:
0.05:  82.7,18.5,270
0.1:  82.7,18.5,270
0.12:  82.7,18.5,270
0.15:  82.7,18.5,270
0.17:  82.7,18.5,270
0.18:  82.7,18.5,270
0.2:  82.7,18.5,270
0.22:  82.7,18.5,270
0.23:  82.7,18.5,270
0.25:  82.7,18.5,270
0.27:  82.7,18.5,270
0.28:  82.7,18.5,270
0.3:  82.7,18.5,270
0.32:  82.7,18.5,270
0.33:  82.7,18.5,270
0.35:  82.7,18.5,270
0.37:  82.7,18.5,270
0.38:  82.7,18.5,270
0.4:  82.7,18.5,270
0.42:  82.7,18.5,270
0.43:  82.7,18.5,270
0.45:  82.7,18.5,270
0.47:  82.7,18.5,270
0.48:  82.7,18.5,270
0.5:  82.7,18.5,270
0.52:  82.7,18.5,270
0.53:  82.7,18.5,270
0.55:  82.7,18.5,270
0.57:  82.7,18.5,270
0.58:  82.7,18.5,270
0.6:  82.7,18.5,270
0.62:  82.7,18.5,270
0.63:  82.7,18.5,270
0.65:  82.7,18.5,270
0.67:  82.7,18.5,270
0.68:  82.7,18.5,270
0.7:  82.7,18.5,270
0.72:  82.7,18.5,269.4
0.73:  82.7,18.5,267.8
0.75:  82.7,18.5,266
0.77:  82.7,18.5,264.6
0.78:  82.7,18.5,263.3
0.8:  82.7,18.5,262.4
0.82:  82.7,18.5,261.3
0.83:  82.7,18.5,260.6
0.85:  82.7,18.5,260.5
0.87:  82.7,18.5,260.5
0.88:  82.7,18.5,260.5
0.9:  82.7,18.5,260.5
0.92:  82.7,18.5,260.5
0.93:  82.7,18.5,260.5
0.95:  82.7,18.5,260.5
0.97:  82.7,18.5,260.6
0.98:  82.7,18.5,260.6
1:  82.7,18.5,260.6
1.02:  82.7,18.5,260.6
1.03:  82.7,18.5,260.6
1.05:  82.7,18.5,260.7
1.07:  82.7,18.5,260.8
1.08:  82.7,18.5,260.8
1.1:  82.7,18.5,260.9
1.12:  82.7,18.5,261.3
1.13:  82.7,18.5,261.6
1.15:  82.7,18.5,262.2
1.17:  82.7,18.5,262.4
1.18:  82.7,18.5,262.8
1.2:  82.7,18.5,263
1.22:  82.7,18.5,263.2
1.23:  82.7,18.5,263.3
1.25:  82.7,18.5,263.4
1.27:  82.7,18.5,263.6
1.28:  82.7,18.5,263.7
1.3:  82.7,18.5,263.7
1.32:  82.7,18.5,263.7
1.33:  82.7,18.5,263.7
1.35:  82.7,18.5,263.7
1.37:  82.7,18.5,263.7
1.38:  82.7,18.5,263.7
1.4:  82.7,18.5,263.7
1.42:  82.7,18.5,263.7
1.43:  82.7,18.5,263.7
1.45:  82.7,18.5,263.7
1.47:  82.7,18.5,263.7
1.48:  82.7,18.5,263.7
1.5:  82.7,18.5,263.7
1.52:  82.7,18.5,263.7
1.53:  82.7,18.5,263.7
1.55:  82.7,18.5,263.7
1.57:  82.7,18.5,263.7
1.58:  82.7,18.5,263.7
1.6:  82.7,18.5,263.7
1.62:  82.7,18.5,263.7
1.63:  82.7,18.5,263.7
1.65:  82.7,18.5,263.7
1.67:  82.7,18.5,263.7
1.68:  82.7,18.5,263.7
1.7:  82.7,18.5,263.7
1.72:  82.7,18.5,263.7
1.73:  82.7,18.5,263.7
1.75:  82.7,18.5,263.7
1.77:  82.7,18.5,263.7
1.78:  82.7,18.5,263.7
1.8:  82.7,18.5,263.7
1.82:  82.7,18.5,263.7
1.83:  82.7,18.5,263.7
1.85:  82.7,18.5,263.7
1.87:  82.7,18.5,263.7
1.88:  82.7,18.5,263.7
1.9:  82.7,18.5,263.7
1.92:  82.7,18.5,263.7
1.93:  82.7,18.5,263.7
1.95:  82.7,18.5,263.7
1.97:  82.7,18.5,263.7
1.98:  82.7,18.5,263.7
2:  82.7,18.5,263.7
2.02:  82.7,18.5,263.7
2.03:  82.7,18.5,263.7
2.05:  82.7,18.5,263.7
2.07:  82.7,18.5,263.7
2.08:  82.7,18.5,263.7
2.1:  82.7,18.5,263.7
2.12:  82.7,18.5,263.7
2.13:  82.7,18.5,263.7
2.15:  82.7,18.5,263.7
2.17:  82.7,18.5,263.7
2.18:  82.7,18.5,263.7
2.2:  82.7,18.5,263.7
2.22:  82.7,18.5,263.7
2.23:  82.7,18.5,263.7
2.25:  82.7,18.5,263.7
