ParticipantNo: 22018
Controller type: Arrows Only
Training Level:
0.02:  82.7,18.5,270
0.04:  82.7,18.5,270
0.06:  82.7,18.5,270
0.08:  82.7,18.5,270
0.1:  82.7,18.5,270
0.12:  82.7,18.5,270
0.13:  82.7,18.5,270
0.15:  82.7,18.5,270
0.17:  82.7,18.5,270
0.18:  82.7,18.5,270
0.2:  82.7,18.5,270
0.22:  82.7,18.5,270
0.23:  82.7,18.5,270
0.25:  82.7,18.5,270
0.27:  82.7,18.5,270
0.28:  82.7,18.5,270
0.3:  82.7,18.5,270
0.32:  82.7,18.5,270
0.33:  82.7,18.5,270
0.35:  82.7,18.5,270
0.37:  82.7,18.5,270
0.38:  82.7,18.5,270
0.4:  82.7,18.5,270
0.42:  82.7,18.5,270
0.43:  82.7,18.5,270
0.45:  82.7,18.5,270
0.47:  82.7,18.5,270
0.48:  82.7,18.5,270
0.5:  82.7,18.5,270
0.52:  82.7,18.5,270
0.53:  82.7,18.5,270
0.55:  82.7,18.5,270
0.57:  82.7,18.5,270
0.58:  82.7,18.5,270
0.6:  82.7,18.5,270
0.62:  82.7,18.5,270
0.63:  82.7,18.5,270
0.65:  82.7,18.5,270
0.67:  82.7,18.5,270
0.68:  82.7,18.5,270
0.7:  82.7,18.5,270
0.72:  82.7,18.5,270
0.73:  82.7,18.5,270
0.75:  82.7,18.5,270
0.77:  82.7,18.5,270
0.78:  82.7,18.5,270
0.8:  82.7,18.5,270
0.82:  82.7,18.5,270
0.83:  82.7,18.5,270
0.85:  82.7,18.5,270
0.87:  82.7,18.5,270
0.88:  82.7,18.5,270
0.9:  82.7,18.5,270
0.92:  82.7,18.5,270
0.93:  82.7,18.5,270
0.95:  82.7,18.5,270
0.97:  82.7,18.5,270
0.98:  82.7,18.5,270
1:  82.7,18.5,270
1.02:  82.7,18.5,270
1.03:  82.7,18.5,270
1.05:  82.7,18.5,270
1.07:  82.7,18.5,270
1.08:  82.7,18.5,270
1.1:  82.7,18.5,270
1.12:  82.7,18.5,270
1.13:  82.7,18.5,270
1.15:  82.7,18.5,270
1.17:  82.7,18.5,270
1.18:  82.7,18.5,270
1.2:  82.7,18.5,270
1.22:  82.7,18.5,270
1.23:  82.7,18.5,270
1.25:  82.7,18.5,270
1.27:  82.7,18.5,270
1.28:  82.7,18.5,270
1.3:  82.7,18.5,270
1.32:  82.7,18.5,270
1.33:  82.7,18.5,270
1.35:  82.7,18.5,270
1.37:  82.7,18.5,270
1.38:  82.7,18.5,270
1.4:  82.7,18.5,270
1.42:  82.7,18.5,270
1.43:  82.7,18.5,270
1.45:  82.7,18.5,270
1.47:  82.7,18.5,270
1.48:  82.7,18.5,270
1.5:  82.7,18.5,270
1.52:  82.7,18.5,270
