ParticipantNo: 21008
Controller type: Arrows Only
Training Level Timed:
0.02:  82.7,18.5,270
0.03:  82.7,18.5,270
0.05:  82.7,18.5,270
0.07:  82.7,18.5,270
0.09:  82.7,18.5,270
0.1:  82.7,18.5,270
0.12:  82.7,18.5,270
0.14:  82.7,18.5,270
0.15:  82.7,18.5,270
0.17:  82.7,18.5,270
0.19:  82.7,18.5,270
0.2:  82.7,18.5,270
0.22:  82.7,18.5,270
0.24:  82.7,18.5,270
0.25:  82.7,18.5,270
0.27:  82.7,18.5,270
0.29:  82.7,18.5,270
0.3:  82.7,18.5,270
0.32:  82.7,18.5,270
0.34:  82.7,18.5,270
0.35:  82.7,18.5,270
0.37:  82.7,18.5,270
0.39:  82.7,18.5,270
0.4:  82.7,18.5,270
0.42:  82.7,18.5,270
0.44:  82.7,18.5,270
0.45:  82.7,18.5,270
0.47:  82.7,18.5,270
0.49:  82.7,18.5,270
0.5:  82.7,18.5,270
0.52:  82.7,18.5,270
0.54:  82.7,18.5,270
0.55:  82.7,18.5,270
0.57:  82.7,18.5,270
0.59:  82.7,18.5,270
0.6:  82.7,18.5,270
0.62:  82.7,18.5,270
0.64:  82.7,18.5,270
0.65:  82.7,18.5,270
0.67:  82.7,18.5,270
0.69:  82.7,18.5,270
0.7:  82.7,18.5,270
0.72:  82.7,18.5,270
0.74:  82.7,18.5,270
0.75:  82.7,18.5,270
0.77:  82.7,18.5,270
0.79:  82.7,18.5,270
0.8:  82.7,18.5,270
0.82:  82.7,18.5,270
0.84:  82.7,18.5,270
0.85:  82.7,18.5,270
0.87:  82.7,18.5,270
0.89:  82.7,18.5,270
0.9:  82.7,18.5,270
0.92:  82.7,18.5,270
0.94:  82.7,18.5,270
0.95:  82.7,18.5,270
0.97:  82.7,18.5,270
0.99:  82.7,18.5,270
1:  82.7,18.5,270
1.02:  82.7,18.5,270
1.04:  82.7,18.5,270
1.05:  82.7,18.5,270
1.07:  82.7,18.5,270
1.09:  82.7,18.5,270
1.1:  82.7,18.5,270
1.12:  82.7,18.5,270
1.14:  82.7,18.5,270
1.15:  82.7,18.5,270
1.17:  82.7,18.5,270
1.19:  82.7,18.5,270
1.2:  82.7,18.5,270
1.22:  82.7,18.5,270
1.24:  82.7,18.5,270
1.25:  82.7,18.5,270
1.27:  82.7,18.5,270
1.29:  82.7,18.5,270
1.3:  82.7,18.5,270
1.32:  82.7,18.5,270
1.34:  82.7,18.5,270
1.35:  82.7,18.5,270
1.37:  82.7,18.5,270
1.39:  82.7,18.5,270
1.4:  82.7,18.5,270
1.42:  82.7,18.5,270
1.44:  82.7,18.5,270
1.45:  82.7,18.5,270
1.47:  82.7,18.5,270
1.49:  82.7,18.5,270
1.5:  82.7,18.5,270
1.52:  82.7,18.5,270
1.54:  82.7,18.5,270
1.55:  82.7,18.5,270
1.57:  82.7,18.5,270
1.59:  82.7,18.5,270
1.6:  82.7,18.5,270
1.62:  82.7,18.5,270
1.64:  82.7,18.5,270
1.65:  82.7,18.5,270
1.67:  82.7,18.5,270
1.69:  82.7,18.5,270
1.7:  82.7,18.5,270
1.72:  82.7,18.5,270
1.74:  82.7,18.5,270
1.75:  82.7,18.5,270
1.77:  82.7,18.5,270
1.79:  82.7,18.5,270
1.8:  82.7,18.5,270
1.82:  82.7,18.5,270
1.84:  82.7,18.5,270
1.85:  82.7,18.5,270
1.87:  82.7,18.5,270
1.89:  82.7,18.5,270
1.9:  82.7,18.5,270
1.92:  82.7,18.5,270
1.94:  82.7,18.5,270
1.95:  82.7,18.5,270
1.97:  82.7,18.5,270
1.99:  82.7,18.5,270
2:  82.7,18.5,270
2.02:  82.7,18.5,270
2.04:  82.7,18.5,270
2.05:  82.7,18.5,270
2.07:  82.7,18.5,270
2.09:  82.7,18.5,270
2.1:  82.7,18.5,270
2.12:  82.7,18.5,270
2.14:  82.7,18.5,270
2.15:  82.7,18.5,270
2.17:  82.7,18.5,270
2.19:  82.7,18.5,270
2.2:  82.7,18.5,270
2.22:  82.7,18.5,270
2.24:  82.7,18.5,270
2.25:  82.7,18.5,270
2.27:  82.7,18.5,270
2.29:  82.7,18.5,270
2.3:  82.7,18.5,270
2.32:  82.7,18.5,270
2.34:  82.7,18.5,270
2.35:  82.7,18.5,270
2.37:  82.7,18.5,270
2.39:  82.7,18.5,270
2.4:  82.7,18.5,270
2.42:  82.7,18.5,270
2.44:  82.7,18.5,270
2.45:  82.7,18.5,270
2.47:  82.7,18.5,270
2.49:  82.7,18.5,270
2.5:  82.7,18.5,270
2.52:  82.7,18.5,270
2.54:  82.7,18.5,270
2.55:  82.7,18.5,270
2.57:  82.7,18.5,270
2.59:  82.7,18.5,270
2.6:  82.7,18.5,270
2.62:  82.7,18.5,270
2.64:  82.7,18.5,270
2.65:  82.7,18.5,270
2.67:  82.7,18.5,270
2.69:  82.7,18.5,270
2.7:  82.7,18.5,270
2.72:  82.7,18.5,270
2.74:  82.7,18.5,270
2.75:  82.7,18.5,270
2.77:  82.7,18.5,270
2.79:  82.7,18.5,270
2.8:  82.7,18.5,270
2.82:  82.7,18.5,270
2.84:  82.7,18.5,270
2.85:  82.7,18.5,270
2.87:  82.7,18.5,270
2.89:  82.7,18.5,270
2.9:  82.7,18.5,270
2.92:  82.7,18.5,270
2.94:  82.7,18.5,270
2.95:  82.7,18.5,270
2.97:  82.7,18.5,270
2.99:  82.7,18.5,270
3:  82.7,18.5,270
3.02:  82.7,18.5,270
3.04:  82.7,18.5,270
3.05:  82.7,18.5,270
3.07:  82.7,18.5,270
3.09:  82.7,18.5,270
3.1:  82.7,18.5,270
3.12:  82.7,18.5,270
3.14:  82.7,18.5,270
3.15:  82.7,18.5,270
3.17:  82.7,18.5,270
3.19:  82.7,18.5,270
3.2:  82.7,18.5,270
3.22:  82.7,18.5,270
3.24:  82.7,18.5,270
3.25:  82.7,18.5,270
3.27:  82.7,18.5,270
3.29:  82.7,18.5,270
3.3:  82.7,18.5,270
3.32:  82.7,18.5,270
3.34:  82.7,18.5,270
3.35:  82.7,18.5,270
3.37:  82.7,18.5,270
3.39:  82.7,18.5,270
3.4:  82.7,18.5,270
3.42:  82.7,18.5,270
3.44:  82.7,18.5,270
3.45:  82.7,18.5,270
3.47:  82.7,18.5,270
3.49:  82.7,18.5,270
3.5:  82.7,18.5,270
3.52:  82.7,18.5,270
3.54:  82.7,18.5,270
3.55:  82.7,18.5,270
3.57:  82.7,18.5,270
3.59:  82.7,18.5,270
3.6:  82.7,18.5,270
3.62:  82.7,18.5,270
3.64:  82.7,18.5,270
3.65:  82.7,18.5,270
3.67:  82.7,18.5,270
3.69:  82.7,18.5,270
3.7:  82.7,18.5,270
3.72:  82.7,18.5,270
3.74:  82.7,18.5,270
3.75:  82.7,18.5,270
3.77:  82.7,18.5,270
3.79:  82.7,18.5,270
3.8:  82.7,18.5,270
3.82:  82.7,18.5,270
3.84:  82.7,18.5,270
3.85:  82.7,18.5,270
3.87:  82.7,18.5,270
3.89:  82.7,18.5,270
3.9:  82.7,18.5,270
3.92:  82.7,18.5,270
3.94:  82.7,18.5,270
3.95:  82.7,18.5,270
3.97:  82.7,18.5,270
3.99:  82.7,18.5,270
4:  82.7,18.5,270
4.02:  82.7,18.5,270
4.04:  82.7,18.5,270
4.05:  82.7,18.5,270
4.07:  82.7,18.5,270
4.09:  82.7,18.5,270
4.1:  82.7,18.5,270
4.12:  82.7,18.5,270
4.14:  82.7,18.5,270
4.15:  82.7,18.5,270
4.17:  82.7,18.5,270
4.19:  82.7,18.5,270
4.2:  82.7,18.5,270
4.22:  82.7,18.5,270
4.24:  82.7,18.5,270
4.25:  82.7,18.5,270
4.27:  82.7,18.5,270
4.29:  82.7,18.5,270
4.3:  82.7,18.5,270
4.32:  82.7,18.5,270
4.34:  82.7,18.5,270
4.35:  82.7,18.5,270
4.37:  82.7,18.5,270
4.39:  82.7,18.5,270
4.4:  82.7,18.5,270
4.42:  82.7,18.5,270
4.44:  82.7,18.5,270
4.45:  82.7,18.5,270
4.47:  82.7,18.5,270
4.49:  82.7,18.5,270
4.5:  82.7,18.5,270
4.52:  82.7,18.5,270
4.54:  82.7,18.5,270
4.55:  82.7,18.5,270
4.57:  82.7,18.5,270
4.59:  82.7,18.5,270
4.61:  82.7,18.5,270
4.62:  82.7,18.5,270
4.64:  82.7,18.5,270
4.65:  82.7,18.5,270
4.67:  82.7,18.5,270
4.69:  82.7,18.5,270
4.7:  82.7,18.5,270
4.72:  82.7,18.5,270
4.74:  82.7,18.5,270
4.75:  82.7,18.5,270
4.77:  82.7,18.5,270
4.79:  82.7,18.5,270
4.8:  82.7,18.5,270
4.82:  82.7,18.5,270
4.84:  82.7,18.5,270
4.85:  82.7,18.5,270
4.87:  82.7,18.5,270
4.89:  82.7,18.5,270
4.9:  82.7,18.5,270
4.92:  82.7,18.5,270
4.94:  82.7,18.5,270
4.95:  82.7,18.5,270
4.97:  82.7,18.5,270
4.99:  82.7,18.5,270
5:  82.7,18.5,270
5.02:  82.7,18.5,270
5.04:  82.7,18.5,270
5.05:  82.7,18.5,270
5.07:  82.7,18.5,270
5.09:  82.7,18.5,270
5.1:  82.7,18.5,270
5.12:  82.7,18.5,270
5.14:  82.7,18.5,270
5.15:  82.7,18.5,270
5.17:  82.7,18.5,270
5.19:  82.7,18.5,270
5.2:  82.7,18.5,270
5.22:  82.7,18.5,270
5.24:  82.7,18.5,270
5.25:  82.7,18.5,270
5.27:  82.7,18.5,270
5.29:  82.7,18.5,270
5.3:  82.7,18.5,270
5.32:  82.7,18.5,270
5.34:  82.7,18.5,270
5.35:  82.7,18.5,270
5.37:  82.7,18.5,270
5.39:  82.7,18.5,270
5.4:  82.7,18.5,270
5.42:  82.7,18.5,270
5.44:  82.7,18.5,270
5.45:  82.7,18.5,270
5.47:  82.7,18.5,270
5.49:  82.7,18.5,270
5.5:  82.7,18.5,270
5.52:  82.7,18.5,270
5.54:  82.7,18.5,270
5.55:  82.7,18.5,270
5.57:  82.7,18.5,270
5.59:  82.7,18.5,270
5.6:  82.7,18.5,270
5.62:  82.7,18.5,270
5.64:  82.7,18.5,270
5.65:  82.7,18.5,270
5.67:  82.7,18.5,270
5.69:  82.7,18.5,270
5.7:  82.7,18.5,270
5.72:  82.7,18.5,270
5.74:  82.7,18.5,270
5.75:  82.7,18.5,270
5.77:  82.7,18.5,270
5.79:  82.7,18.5,270
5.8:  82.7,18.5,270
5.82:  82.7,18.5,270
5.84:  82.7,18.5,270
5.85:  82.7,18.5,270
5.87:  82.7,18.5,270
5.89:  82.7,18.5,270
5.91:  82.7,18.5,270
5.92:  82.7,18.5,270
5.94:  82.7,18.5,270
5.95:  82.7,18.5,270
5.97:  82.7,18.5,270
5.99:  82.7,18.5,270
6:  82.7,18.5,270
6.02:  82.7,18.5,270
6.04:  82.7,18.5,270
6.05:  82.7,18.5,270
6.07:  82.7,18.5,270
6.09:  82.7,18.5,270
6.11:  82.7,18.5,270
6.12:  82.7,18.5,270
6.14:  82.7,18.5,270
6.15:  82.7,18.5,270
6.17:  82.7,18.5,270
6.19:  82.7,18.5,270
6.21:  82.7,18.5,270
6.22:  82.7,18.5,270
6.24:  82.7,18.5,270
6.25:  82.7,18.5,270
6.27:  82.7,18.5,270
6.29:  82.7,18.5,270
6.3:  82.7,18.5,270
6.32:  82.7,18.5,270
6.34:  82.7,18.5,270
6.35:  82.7,18.5,270
6.37:  82.7,18.5,270
6.39:  82.7,18.5,270
6.4:  82.7,18.5,270
6.42:  82.7,18.5,270
6.44:  82.7,18.5,270
6.45:  82.7,18.5,270
6.47:  82.7,18.5,270
6.49:  82.7,18.5,270
6.5:  82.7,18.5,270
6.52:  82.7,18.5,270
6.54:  82.7,18.5,270
6.55:  82.7,18.5,270
6.57:  82.7,18.5,270
6.59:  82.7,18.5,270
6.6:  82.7,18.5,270
6.62:  82.7,18.5,270
6.64:  82.7,18.5,270
6.65:  82.7,18.5,270
6.67:  82.7,18.5,270
6.69:  82.7,18.5,270
6.7:  82.7,18.5,270
6.72:  82.7,18.5,270
6.74:  82.7,18.5,270
6.75:  82.7,18.5,270
6.77:  82.7,18.5,270
6.79:  82.7,18.5,270
6.82:  82.7,18.5,270
6.84:  82.7,18.5,270
6.86:  82.7,18.5,270
6.87:  82.7,18.5,270
6.89:  82.7,18.5,270
6.91:  82.7,18.5,270
6.92:  82.7,18.5,270
6.94:  82.7,18.5,270
6.96:  82.7,18.5,270
6.97:  82.7,18.5,270
6.99:  82.7,18.5,270
7.01:  82.7,18.5,270
7.02:  82.7,18.5,270
7.04:  82.7,18.5,270
7.05:  82.7,18.5,270
7.07:  82.7,18.5,270
7.09:  82.7,18.5,270
7.1:  82.7,18.5,270
7.12:  82.7,18.5,270
7.14:  82.7,18.5,270
7.15:  82.7,18.5,270
7.17:  82.7,18.5,270
7.19:  82.7,18.5,270
7.2:  82.7,18.5,270
7.22:  82.7,18.5,270
7.24:  82.7,18.5,270
7.26:  82.7,18.5,270
7.27:  82.7,18.5,270
7.29:  82.7,18.5,270
7.3:  82.7,18.5,270
7.32:  82.7,18.5,270
7.34:  82.7,18.5,270
7.35:  82.7,18.5,270
7.37:  82.7,18.5,270
7.39:  82.7,18.5,270
7.41:  82.7,18.5,270
7.42:  82.7,18.5,270
7.44:  82.7,18.5,270
7.45:  82.7,18.5,270
7.47:  82.7,18.5,270
7.49:  82.7,18.5,270
7.5:  82.7,18.5,270
7.52:  82.7,18.5,270
7.54:  82.7,18.5,270
7.55:  82.7,18.5,270
7.57:  82.7,18.5,270
7.59:  82.7,18.5,270
7.6:  82.7,18.5,270
7.62:  82.7,18.5,270
7.64:  82.7,18.5,270
7.65:  82.7,18.5,270
7.67:  82.7,18.5,270
7.69:  82.7,18.5,270
7.7:  82.7,18.5,270
7.72:  82.7,18.5,270
7.74:  82.7,18.5,270
7.76:  82.7,18.5,270
7.77:  82.7,18.5,270
7.79:  82.7,18.5,270
7.8:  82.7,18.5,270
7.82:  82.7,18.5,270
7.84:  82.7,18.5,270
7.86:  82.7,18.5,270
7.87:  82.7,18.5,270
7.89:  82.7,18.5,270
7.9:  82.7,18.5,270
7.92:  82.7,18.5,270
7.94:  82.7,18.5,270
7.95:  82.7,18.5,270
7.97:  82.7,18.5,270
7.99:  82.7,18.5,270
8.01:  82.7,18.5,270
8.02:  82.7,18.5,270
8.04:  82.7,18.5,270
8.05:  82.7,18.5,270
8.07:  82.7,18.5,270
8.09:  82.7,18.5,270
8.11:  82.7,18.5,270
8.12:  82.7,18.5,270
8.14:  82.7,18.5,270
8.15:  82.7,18.5,270
8.17:  82.7,18.5,270
8.19:  82.7,18.5,270
8.2:  82.7,18.5,270
8.22:  82.7,18.5,270
8.24:  82.7,18.5,270
8.26:  82.7,18.5,270
8.27:  82.7,18.5,270
8.29:  82.7,18.5,270
8.3:  82.7,18.5,270
8.32:  82.7,18.5,270
8.34:  82.7,18.5,270
8.35:  82.7,18.5,270
8.37:  82.7,18.5,270
8.39:  82.7,18.5,270
8.41:  82.7,18.5,270
8.42:  82.7,18.5,270
8.44:  82.7,18.5,270
8.45:  82.7,18.5,270
8.47:  82.7,18.5,270
8.49:  82.7,18.5,270
8.5:  82.7,18.5,270
8.52:  82.7,18.5,270
8.54:  82.7,18.5,270
8.55:  82.7,18.5,270
8.57:  82.7,18.5,270
8.59:  82.7,18.5,270
8.6:  82.7,18.5,270
8.62:  82.7,18.5,270
8.64:  82.7,18.5,270
8.66:  82.7,18.5,270
8.67:  82.7,18.5,270
8.69:  82.7,18.5,270
8.7:  82.7,18.5,270
8.72:  82.7,18.5,270
8.74:  82.7,18.5,270
8.76:  82.7,18.5,270
8.77:  82.7,18.5,270
8.79:  82.7,18.5,270
8.81:  82.7,18.5,270
8.82:  82.7,18.5,270
8.84:  82.7,18.5,270
8.85:  82.7,18.5,270
8.87:  82.7,18.5,270
8.89:  82.7,18.5,270
8.9:  82.7,18.5,270
8.92:  82.7,18.5,270
8.94:  82.7,18.5,268.5
8.96:  82.7,18.5,267
8.97:  82.7,18.5,265.5
8.99:  82.7,18.5,264
9:  82.7,18.5,262.5
9.02:  82.7,18.5,261
9.04:  82.7,18.5,259.5
9.05:  82.7,18.5,258
9.07:  82.7,18.5,256.5
9.09:  82.7,18.5,255
9.11:  82.7,18.5,253.5
9.12:  82.7,18.5,252
9.14:  82.7,18.5,250.5
9.15:  82.7,18.5,249
9.17:  82.7,18.5,247.5
9.19:  82.7,18.5,246
9.2:  82.7,18.5,244.5
9.22:  82.7,18.5,243
9.24:  82.7,18.5,241.5
9.26:  82.7,18.5,240
9.27:  82.7,18.5,238.5
9.29:  82.7,18.5,237.1514
9.31:  82.7,18.5,235.9525
9.32:  82.7,18.5,234.9019
9.34:  82.7,18.5,233.9996
9.35:  82.7,18.5,233.2464
9.37:  82.7,18.5,232.6449
9.39:  82.7,18.5,232.1945
9.41:  82.7,18.5,231.8933
9.42:  82.7,18.5,231.743
9.44:  82.7,18.5,231.743
9.46:  82.7,18.5,231.743
9.47:  82.7,18.5,231.743
9.49:  82.7,18.5,231.743
9.5:  82.7,18.5,230.243
9.52:  82.7,18.5,228.743
9.54:  82.7,18.5,227.243
9.56:  82.7,18.5,225.743
9.57:  82.7,18.5,224.243
9.59:  82.7,18.5,222.743
9.6:  82.7,18.5,221.243
9.62:  82.7,18.5,219.743
9.64:  82.7,18.5,218.243
9.65:  82.7,18.5,216.743
9.67:  82.7,18.5,215.243
9.69:  82.7,18.5,213.743
9.71:  82.7,18.5,212.243
9.72:  82.7,18.5,210.743
9.74:  82.7,18.5,209.243
9.75:  82.7,18.5,207.743
9.77:  82.7,18.5,206.243
9.79:  82.7,18.5,204.743
9.8:  82.7,18.5,203.243
9.82:  82.7,18.5,201.743
9.84:  82.7,18.5,200.3949
9.86:  82.7,18.5,199.1969
9.87:  82.7,18.5,198.1484
9.89:  82.7,18.5,197.2495
9.9:  82.7,18.5,196.502
9.92:  82.7,18.5,195.9026
9.94:  82.7,18.5,195.4534
9.95:  82.7,18.5,195.1548
9.97:  82.7,18.5,195.004
9.99:  82.7,18.5,195.004
10.01:  82.7,18.5,195.004
10.02:  82.7,18.5,195.004
10.04:  82.7,18.5,195.004
10.05:  82.7,18.5,195.004
10.07:  82.7,18.5,195.004
10.09:  82.7,18.5,195.004
10.11:  82.7,18.5,195.004
10.12:  82.7,18.5,195.004
10.14:  82.7,18.5,195.004
10.16:  82.7,18.5,195.004
10.17:  82.7,18.5,195.004
10.19:  82.7,18.5,195.004
10.2:  82.7,18.5,195.004
10.22:  82.7,18.5,195.004
10.24:  82.7,18.5,195.004
10.25:  82.7,18.5,195.004
10.27:  82.7,18.5,195.004
10.29:  82.7,18.5,195.004
10.3:  82.7,18.5,195.004
10.32:  82.7,18.5,195.004
10.34:  82.7,18.5,195.004
10.36:  82.7,18.5,195.004
10.37:  82.7,18.5,195.004
10.39:  82.7,18.5,195.004
10.4:  82.7,18.5,195.004
10.42:  82.7,18.5,195.004
10.44:  82.7,18.5,195.004
10.45:  82.7,18.5,195.004
10.47:  82.7,18.5,195.004
10.49:  82.7,18.5,195.004
10.5:  82.7,18.5,195.004
10.52:  82.7,18.5,195.004
10.54:  82.7,18.5,195.004
10.55:  82.7,18.5,195.004
10.57:  82.7,18.5,195.004
10.59:  82.7,18.5,195.004
10.6:  82.7,18.5,195.004
10.62:  82.7,18.5,195.004
10.64:  82.7,18.5,195.004
10.65:  82.7,18.5,195.004
10.67:  82.7,18.5,195.004
10.69:  82.7,18.5,195.004
10.7:  82.7,18.5,195.004
10.72:  82.7,18.5,195.004
10.74:  82.7,18.5,195.004
10.76:  82.7,18.5,195.004
10.77:  82.7,18.5,195.004
10.79:  82.7,18.5,195.004
10.81:  82.7,18.5,195.004
10.82:  82.7,18.5,195.004
10.84:  82.7,18.5,195.004
10.85:  82.7,18.5,195.004
10.87:  82.7,18.5,195.004
10.89:  82.7,18.5,195.004
10.91:  82.7,18.5,195.004
10.92:  82.7,18.5,195.004
10.94:  82.7,18.5,195.004
10.95:  82.7,18.5,195.004
10.97:  82.7,18.5,195.004
10.99:  82.7,18.5,195.004
11:  82.7,18.5,195.004
11.02:  82.7,18.5,195.004
11.04:  82.7,18.5,195.004
11.05:  82.7,18.5,195.004
11.07:  82.7,18.5,195.004
11.09:  82.7,18.5,195.004
11.1:  82.7,18.5,195.004
11.12:  82.7,18.5,195.004
11.14:  82.7,18.5,195.004
11.16:  82.7,18.5,195.004
11.17:  82.7,18.5,195.004
11.19:  82.7,18.5,195.004
11.2:  82.7,18.5,195.004
11.22:  82.7,18.5,195.004
11.24:  82.7,18.5,195.004
11.26:  82.7,18.5,195.004
11.27:  82.7,18.5,195.004
11.29:  82.7,18.5,195.004
11.31:  82.7,18.5,195.004
11.32:  82.7,18.5,195.004
11.34:  82.7,18.5,195.004
11.35:  82.7,18.5,195.004
11.37:  82.7,18.5,195.004
11.39:  82.7,18.5,195.004
11.41:  82.7,18.5,195.004
11.42:  82.7,18.5,195.004
11.44:  82.7,18.5,195.004
11.45:  82.7,18.5,195.004
11.47:  82.7,18.5,195.004
11.49:  82.7,18.5,195.004
11.5:  82.7,18.5,195.004
11.52:  82.7,18.5,195.004
11.54:  82.7,18.5,195.004
11.56:  82.7,18.5,195.004
11.57:  82.7,18.5,195.004
11.59:  82.7,18.5,195.004
11.6:  82.7,18.5,195.004
11.62:  82.7,18.5,195.004
11.64:  82.7,18.5,195.004
11.65:  82.7,18.5,195.004
11.67:  82.7,18.5,195.004
11.69:  82.69667,18.4876,195.004
11.71:  82.69028,18.46375,195.004
11.72:  82.68053,18.42737,195.004
11.74:  82.67402,18.40308,195.004
11.76:  82.6708,18.39105,195.004
11.77:  82.6708,18.39105,195.004
11.79:  82.6708,18.39105,195.004
11.81:  82.6708,18.39105,195.004
11.82:  82.6708,18.39105,195.004
11.84:  82.6708,18.39105,195.004
11.86:  82.6708,18.39105,195.004
11.87:  82.6708,18.39105,195.004
11.89:  82.6708,18.39105,195.004
11.91:  82.6708,18.39105,195.004
11.92:  82.6708,18.39105,195.004
11.94:  82.6708,18.39105,195.004
11.95:  82.6708,18.39105,195.004
11.97:  82.6708,18.39105,195.004
11.99:  82.6708,18.39105,195.004
12:  82.6708,18.39105,195.004
12.02:  82.66757,18.37904,195.004
12.04:  82.66111,18.3549,195.004
12.05:  82.65145,18.31887,195.004
12.07:  82.6386,18.27091,195.004
12.09:  82.62231,18.21013,195.004
12.1:  82.60281,18.13742,195.004
12.12:  82.58025,18.0532,195.004
12.14:  82.55432,17.95649,195.004
12.15:  82.5251,17.84745,195.004
12.17:  82.49314,17.72822,195.004
12.19:  82.4572,17.59411,195.004
12.2:  82.41837,17.44927,195.004
12.22:  82.37627,17.29218,195.004
12.24:  82.3315,17.12516,195.004
12.25:  82.28276,16.94328,195.004
12.27:  82.23147,16.75191,195.004
12.29:  82.17576,16.54406,195.004
12.3:  82.11801,16.32862,195.004
12.32:  82.05602,16.0973,195.004
12.34:  81.99197,15.85837,195.004
12.35:  81.92715,15.61652,195.004
12.37:  81.8624,15.37495,195.004
12.39:  81.79733,15.13215,195.004
12.4:  81.73311,14.89253,195.004
12.42:  81.66784,14.649,195.004
12.44:  81.60314,14.40763,195.004
12.46:  81.53893,14.16806,195.004
12.47:  81.4733,13.92317,195.004
12.49:  81.40861,13.68182,195.004
12.5:  81.34392,13.44046,195.004
12.52:  81.28032,13.20319,195.004
12.54:  81.2143,12.95685,195.004
12.55:  81.14931,12.71437,195.004
12.57:  81.0854,12.47595,195.004
12.59:  81.02077,12.2348,195.004
12.61:  80.95518,11.99007,195.004
12.62:  80.89081,11.74991,195.004
12.64:  80.82607,11.50839,195.004
12.65:  80.76062,11.26418,195.004
12.67:  80.69687,11.02633,195.004
12.69:  80.63123,10.7814,195.004
12.71:  80.56676,10.5409,195.004
12.72:  80.50196,10.29912,195.004
12.74:  80.43709,10.05706,195.004
12.75:  80.37232,9.815439,195.004
12.77:  80.30842,9.576996,195.004
12.79:  80.24336,9.334291,195.004
12.81:  80.17749,9.088507,195.004
12.82:  80.11376,8.850731,195.004
12.84:  80.04909,8.60945,195.004
12.86:  79.98499,8.370298,195.004
12.87:  79.9196,8.126333,195.004
12.89:  79.86263,7.889125,193.504
12.91:  79.80986,7.640935,192.004
12.92:  79.76382,7.392598,190.504
12.94:  79.72497,7.147437,189.004
12.96:  79.6925,6.900911,187.504
12.97:  79.66595,6.64856,186.004
12.99:  79.64651,6.401642,184.504
13.01:  79.63353,6.154374,183.004
13.02:  79.62617,5.899743,181.6569
13.04:  79.62421,5.654009,180.4571
13.05:  79.62679,5.403681,179.4076
13.07:  79.63332,5.153278,178.5084
13.09:  79.64309,4.903524,177.7592
13.1:  79.65556,4.651866,177.1611
13.12:  79.66981,4.40401,176.712
13.14:  79.68548,4.153968,176.4132
13.15:  79.70186,3.902992,176.2653
13.17:  79.71804,3.655135,176.2653
13.19:  79.73437,3.404986,176.2653
13.2:  79.75081,3.153151,176.2653
13.22:  79.76669,2.909881,176.2653
13.24:  79.78302,2.659626,176.2653
13.25:  79.79905,2.414124,176.2653
13.27:  79.81567,2.159483,176.2653
13.29:  79.83174,1.913247,176.2653
13.3:  79.84818,1.661387,176.2653
13.32:  79.86431,1.414224,176.2653
13.34:  79.88089,1.160259,176.2653
13.35:  79.89697,0.9139147,176.2653
13.37:  79.91338,0.6624917,176.2653
13.39:  79.92944,0.4164692,176.2653
13.4:  79.94575,0.1667317,176.2653
13.42:  79.96201,-0.08247155,176.2653
13.44:  79.97849,-0.3348585,176.2653
13.45:  79.99464,-0.582243,176.2653
13.47:  80.01098,-0.8326811,176.2653
13.49:  80.02723,-1.081571,176.2653
13.5:  80.04362,-1.332667,176.2653
13.52:  80.05984,-1.581162,176.2653
13.54:  80.07621,-1.831959,176.2653
13.55:  80.09225,-2.07779,176.2653
13.57:  80.10873,-2.330252,176.2653
13.59:  80.12488,-2.577591,176.2653
13.6:  80.14133,-2.829571,176.2653
13.62:  80.15765,-3.079623,176.2653
13.64:  80.17403,-3.330667,176.2653
13.66:  80.19036,-3.580715,176.2653
13.67:  80.20686,-3.833534,176.2653
13.69:  80.22301,-4.080958,176.2653
13.71:  80.23931,-4.330636,176.2653
13.72:  80.25549,-4.578593,176.2653
13.74:  80.27187,-4.829504,176.2653
13.76:  80.28821,-5.079784,176.2653
13.77:  80.30472,-5.332702,176.2653
13.79:  80.32063,-5.576402,176.2653
13.8:  80.33715,-5.829499,176.2653
13.82:  80.35295,-6.071564,176.2653
13.84:  80.36928,-6.321743,176.2653
13.85:  80.38564,-6.572437,176.2653
13.87:  80.40176,-6.819412,176.2653
13.89:  80.41819,-7.071107,176.2653
13.91:  80.43437,-7.318911,176.2653
13.92:  80.45103,-7.574092,176.2653
13.94:  80.46712,-7.820664,176.2653
13.96:  80.48339,-8.069867,176.2653
13.97:  80.49979,-8.321099,176.2653
13.99:  80.5161,-8.570998,176.2653
14.01:  80.53246,-8.821627,176.2653
14.02:  80.54871,-9.070668,176.2653
14.04:  80.56483,-9.317686,176.2653
14.05:  80.58129,-9.569715,176.2653
14.07:  80.59735,-9.815786,176.2653
14.09:  80.6138,-10.06781,176.2653
14.1:  80.62997,-10.31553,176.2653
14.12:  80.64622,-10.56434,176.2653
14.14:  80.66251,-10.81393,176.2653
14.16:  80.67896,-11.06597,176.2653
14.17:  80.69531,-11.31651,176.2653
14.19:  80.71146,-11.56398,176.2653
14.2:  80.72773,-11.81311,176.2653
14.22:  80.74393,-12.06144,176.2653
14.24:  80.76011,-12.30922,176.2653
14.25:  80.7765,-12.56042,176.2653
14.27:  80.79272,-12.80872,176.2653
14.29:  80.80887,-13.05619,176.2653
14.31:  80.82537,-13.30896,176.2653
14.32:  80.84174,-13.55967,176.2653
14.34:  80.858,-13.80892,176.2653
14.36:  80.87432,-14.05891,176.2653
14.37:  80.89052,-14.30706,176.2653
14.39:  80.90691,-14.55817,176.2653
14.41:  80.92377,-14.81652,176.2653
14.42:  80.9395,-15.05737,176.2653
14.44:  80.95576,-15.30663,176.2653
14.46:  80.97201,-15.55551,176.2653
14.47:  80.98834,-15.80567,176.2653
14.49:  81.0045,-16.0532,176.2653
14.5:  81.02077,-16.30244,176.2653
14.52:  81.03693,-16.55004,176.2653
14.54:  81.05328,-16.80044,176.2653
14.55:  81.06956,-17.05006,176.2653
14.57:  81.08591,-17.30053,176.2653
14.59:  81.10207,-17.54804,176.2653
14.6:  81.11846,-17.79915,176.2653
14.62:  81.1347,-18.04778,176.2653
14.64:  81.15087,-18.29559,176.2653
14.65:  81.16727,-18.5469,176.2653
14.67:  81.18361,-18.79718,176.2653
14.69:  81.19999,-19.04804,176.2653
14.71:  81.21622,-19.2967,176.2653
14.72:  81.23253,-19.54664,176.2653
14.74:  81.24286,-19.81132,177.7653
14.76:  81.24585,-20.04433,179.2653
14.77:  81.24248,-20.29643,180.7653
14.79:  81.23263,-20.54558,182.2653
14.81:  81.21592,-20.7994,183.7653
14.82:  81.1933,-21.04489,185.2653
14.84:  81.16384,-21.29316,186.7653
14.86:  81.12786,-21.54087,188.2653
14.87:  81.086,-21.788,189.6149
14.89:  81.03928,-22.03256,190.8152
14.9:  80.98813,-22.27597,191.8661
14.92:  80.93299,-22.51931,192.7674
14.94:  80.87445,-22.76281,193.5184
14.95:  80.81395,-23.00331,194.1207
14.97:  80.75078,-23.24629,194.5722
14.99:  80.687,-23.48643,194.8748
15:  80.6221,-23.72819,195.0271
15.02:  80.55692,-23.97096,195.0286
15.04:  80.49277,-24.20989,195.0286
15.05:  80.42749,-24.45302,195.0286
15.07:  80.36317,-24.69259,195.0286
15.09:  80.29762,-24.93676,195.0286
15.1:  80.23248,-25.17938,195.0286
15.12:  80.16817,-25.41891,195.0286
15.14:  80.10347,-25.65987,195.0286
15.15:  80.03815,-25.90318,195.0286
15.17:  79.97363,-26.14348,195.0286
15.19:  79.90932,-26.38301,195.0286
15.21:  79.84348,-26.62823,195.0286
15.22:  79.77867,-26.86963,195.0286
15.24:  79.71366,-27.11177,195.0286
15.26:  79.64791,-27.35668,195.0286
15.27:  79.59003,-27.59724,193.5286
15.29:  79.53878,-27.83774,192.0286
15.31:  79.49242,-28.0872,190.5286
15.32:  79.453,-28.33529,189.0286
15.34:  79.42041,-28.58185,187.5286
15.36:  79.39439,-28.82831,186.0286
15.37:  79.37455,-29.07868,184.5286
15.39:  79.36128,-29.32945,183.0286
15.41:  79.35462,-29.57909,181.5286
15.42:  79.35381,-29.83461,180.1819
15.44:  79.35814,-30.07779,178.9811
15.45:  79.36717,-30.32775,177.9305
15.47:  79.38008,-30.57656,177.0293
15.49:  79.39642,-30.8277,176.2791
15.5:  79.41524,-31.07684,175.6788
15.52:  79.43595,-31.32493,175.2279
15.54:  79.45812,-31.57473,174.9274
15.55:  79.48074,-31.82202,174.776
15.57:  79.5034,-32.06972,174.7738
15.59:  79.52639,-32.32114,174.7738
15.61:  79.54933,-32.57194,174.7738
15.62:  79.57201,-32.81986,174.7738
15.64:  79.59484,-33.06949,174.7738
15.66:  79.61744,-33.3166,174.7738
15.67:  79.64044,-33.56808,174.7738
15.69:  79.66299,-33.81458,174.7738
15.7:  79.68556,-34.06133,174.7738
15.72:  79.70849,-34.31194,174.7738
15.74:  79.73133,-34.56168,174.7738
15.75:  79.75406,-34.81017,174.7738
15.77:  79.77686,-35.0594,174.7738
15.79:  79.79957,-35.30774,174.7738
15.81:  79.82221,-35.55525,174.7738
15.82:  79.84539,-35.80868,174.7738
15.84:  79.86793,-36.05506,174.7738
15.85:  79.89059,-36.30284,174.7738
15.87:  79.91338,-36.55199,174.7738
15.89:  79.93614,-36.80083,174.7738
15.9:  79.95863,-37.0467,174.7738
15.92:  79.9815,-37.29673,174.7738
15.94:  80.00439,-37.54693,174.7738
15.95:  80.02699,-37.79413,174.7738
15.97:  80.05001,-38.04577,174.7738
15.99:  80.07282,-38.29513,174.7738
16:  80.09535,-38.54146,174.7738
16.02:  80.11816,-38.79081,174.7738
16.04:  80.14108,-39.04136,174.7738
16.05:  80.16372,-39.2889,174.7738
16.07:  80.18642,-39.53711,174.7738
16.09:  80.20957,-39.79021,174.7738
16.1:  80.23229,-40.03858,174.7738
16.12:  80.25494,-40.28612,174.7738
16.14:  80.27768,-40.53475,174.7738
16.16:  80.30023,-40.78133,174.7738
16.17:  80.3236,-41.03681,174.7738
16.19:  80.34601,-41.28177,174.7738
16.2:  80.36898,-41.53293,174.7738
16.22:  80.39157,-41.7799,174.7738
16.24:  80.41438,-42.02935,174.7738
16.25:  80.43714,-42.27816,174.7738
16.27:  80.45973,-42.52513,174.7738
16.29:  80.48269,-42.77607,174.7738
16.31:  80.50582,-43.02901,174.7738
16.32:  80.52856,-43.27755,174.7738
16.34:  80.55162,-43.52973,174.7738
16.35:  80.57404,-43.77483,174.7738
16.37:  80.5965,-44.02043,174.7738
16.39:  80.61948,-44.27157,174.7738
16.41:  80.64225,-44.52054,174.7738
16.42:  80.66511,-44.77039,174.7738
16.44:  80.68777,-45.01819,174.7738
16.45:  80.71049,-45.26651,174.7738
16.47:  80.7332,-45.51485,174.7738
16.49:  80.75632,-45.76756,174.7738
16.5:  80.77885,-46.01396,174.7738
16.52:  80.80155,-46.26209,174.7738
16.54:  80.82439,-46.51176,174.7738
16.55:  80.84705,-46.75952,174.7738
16.57:  80.86977,-47.008,174.7738
16.59:  80.89257,-47.25723,174.7738
16.6:  80.91512,-47.50376,174.7738
16.62:  80.93819,-47.75602,174.7738
16.64:  80.96095,-48.00478,174.7738
16.65:  80.9839,-48.25568,174.7738
16.67:  81.00656,-48.5034,174.7738
16.69:  81.02933,-48.75235,174.7738
16.7:  81.05213,-49.00164,174.7738
16.72:  81.07481,-49.2496,174.7738
16.74:  81.09745,-49.49708,174.7738
16.75:  81.12021,-49.74592,174.7738
16.77:  81.14307,-49.9959,174.7738
16.79:  81.16608,-50.24746,174.7738
16.8:  81.1885,-50.49251,174.7738
16.82:  81.21144,-50.74332,174.7738
16.84:  81.23424,-50.99259,174.7738
16.86:  81.25698,-51.24123,174.7738
16.87:  81.27987,-51.49145,174.7738
16.89:  81.30257,-51.73958,174.7738
16.9:  81.3253,-51.98809,174.7738
16.92:  81.34801,-52.23644,174.7738
16.94:  81.37097,-52.48742,174.7738
16.95:  81.39355,-52.73421,174.7738
16.97:  81.41642,-52.98429,174.7738
16.99:  81.43918,-53.23307,174.7738
17.01:  81.46206,-53.48324,174.7738
17.02:  81.48483,-53.73215,174.7738
17.04:  81.50756,-53.98067,174.7738
17.06:  81.53038,-54.23021,174.7738
17.07:  81.55312,-54.47881,174.7738
17.09:  81.57583,-54.72709,174.7738
17.1:  81.59856,-54.97556,174.7738
17.12:  81.62132,-55.22432,174.7738
17.14:  81.64419,-55.47444,174.7738
17.15:  81.66705,-55.72438,174.7738
17.17:  81.68958,-55.9707,174.7738
17.19:  81.71233,-56.21944,174.7738
17.22:  81.73486,-56.46572,174.7738
17.24:  81.75822,-56.72106,174.7738
17.25:  81.78062,-56.96597,174.7738
17.27:  81.80342,-57.21525,174.7738
17.29:  81.82598,-57.46191,174.7738
17.3:  81.84891,-57.71258,174.7738
17.32:  81.87183,-57.9631,174.7738
17.34:  81.89465,-58.2127,174.7738
17.35:  81.9173,-58.46022,174.7738
17.37:  81.94028,-58.71151,174.7738
17.39:  81.96288,-58.9585,174.7738
17.4:  81.98566,-59.20761,174.7738
17.42:  82.00845,-59.45675,174.7738
17.44:  82.03111,-59.70456,174.7738
17.45:  82.05399,-59.95465,174.7738
17.47:  82.07666,-60.20251,174.7738
17.49:  82.09966,-60.45402,174.7738
17.5:  82.1223,-60.70145,174.7738
17.52:  82.14501,-60.94976,174.7738
17.54:  82.16805,-61.20163,174.7738
17.55:  82.19069,-61.44913,174.7738
17.57:  82.21344,-61.69793,174.7738
17.59:  82.23629,-61.94767,174.7738
17.6:  82.25898,-62.19573,174.7738
17.62:  82.28194,-62.4468,174.7738
17.64:  82.30463,-62.69483,174.7738
17.65:  82.32743,-62.9441,174.7738
17.67:  82.35003,-63.19117,174.7738
17.69:  82.37272,-63.43921,174.7738
17.7:  82.39546,-63.68788,174.7738
17.72:  82.41839,-63.93855,174.7738
17.74:  82.44131,-64.18921,174.7738
17.75:  82.46396,-64.43673,174.7738
17.77:  82.48673,-64.68572,174.7738
17.79:  82.50951,-64.93466,174.7738
17.8:  82.53234,-65.18431,174.7738
17.82:  82.55515,-65.43369,174.7738
17.84:  82.5779,-65.68237,174.7738
17.86:  82.60058,-65.93035,174.7738
17.87:  82.62381,-66.18432,174.7738
17.89:  82.64616,-66.42862,174.7738
17.9:  82.66884,-66.67661,174.7738
17.92:  82.6918,-66.92768,174.7738
17.94:  82.71433,-67.17401,174.7738
17.95:  82.73721,-67.4241,174.7738
17.97:  82.7599,-67.67216,174.7738
17.99:  82.78281,-67.92272,174.7738
18:  82.80664,-68.12035,174.7738
18.02:  82.82798,-68.12036,174.7738
18.04:  82.85107,-68.12036,174.7738
18.05:  82.87381,-68.12036,174.7738
18.07:  82.89677,-68.12036,174.7738
18.09:  82.91919,-68.12036,174.7738
18.1:  82.94239,-68.12036,174.7738
18.12:  82.96503,-68.12036,174.7738
18.14:  82.98763,-68.12036,174.7738
18.15:  83.01051,-68.12036,174.7738
18.17:  83.03313,-68.12036,174.7738
18.19:  83.05607,-68.12036,174.7738
18.2:  83.07867,-68.12036,174.7738
18.22:  83.10175,-68.12036,174.7738
18.24:  83.12457,-68.12036,174.7738
18.25:  83.14737,-68.12036,174.7738
18.27:  83.16991,-68.12036,174.7738
18.29:  83.19263,-68.12036,174.7738
18.3:  83.21542,-68.12036,174.7738
18.32:  83.23785,-68.12036,174.7738
18.34:  83.26094,-68.12036,174.7738
18.35:  83.28395,-68.12036,174.7738
18.37:  83.30644,-68.12036,174.7738
18.39:  83.32947,-68.12036,174.7738
18.4:  83.35185,-68.12036,174.7738
18.42:  83.37492,-68.12036,174.7738
18.44:  83.39753,-68.12036,174.7738
18.45:  83.4205,-68.12036,174.7738
18.47:  83.44314,-68.12036,174.7738
18.49:  83.46622,-68.12036,174.7738
18.5:  83.48908,-68.12036,174.7738
18.52:  83.51149,-68.12036,174.7738
18.54:  83.53425,-68.12036,174.7738
18.55:  83.55709,-68.12036,174.7738
18.57:  83.57973,-68.12036,174.7738
18.59:  83.60265,-68.12036,174.7738
18.6:  83.62546,-68.12036,174.7738
18.62:  83.6482,-68.12036,174.7738
18.64:  83.67094,-68.12036,174.7738
18.65:  83.69386,-68.12036,174.7738
18.67:  83.71648,-68.12036,174.7738
18.69:  83.73925,-68.12036,174.7738
18.7:  83.76187,-68.12036,174.7738
18.72:  83.78476,-68.12036,174.7738
18.74:  83.80736,-68.12036,174.7738
18.75:  83.83027,-68.12036,174.7738
18.77:  83.85278,-68.12036,174.7738
18.79:  83.87562,-68.12036,174.7738
18.8:  83.89841,-68.12036,174.7738
18.82:  83.92119,-68.12036,174.7738
18.84:  83.9443,-68.12036,174.7738
18.85:  83.96664,-68.12036,174.7738
18.87:  83.9898,-68.12036,174.7738
18.89:  84.01259,-68.12036,174.7738
18.91:  84.03525,-68.12036,174.7738
18.92:  84.05828,-68.12036,174.7738
18.94:  84.08087,-68.12036,174.7738
18.95:  84.10374,-68.12036,174.7738
18.97:  84.12634,-68.12036,174.7738
18.99:  84.14957,-68.12036,174.7738
19:  84.17225,-68.12036,174.7738
19.02:  84.19462,-68.12036,174.7738
19.04:  84.21741,-68.12036,174.7738
19.05:  84.2399,-68.12036,174.7738
19.07:  84.26274,-68.12036,174.7738
19.09:  84.28555,-68.12036,174.7738
19.1:  84.30751,-68.12036,174.7738
19.12:  84.32801,-68.12036,174.7738
19.14:  84.34709,-68.12036,174.7738
19.15:  84.3658,-68.12036,174.7738
19.17:  84.38235,-68.12036,174.7738
19.19:  84.39845,-68.12036,174.7738
19.2:  84.41323,-68.12036,174.7738
19.22:  84.42686,-68.12036,174.7738
19.24:  84.43934,-68.12036,174.7738
19.25:  84.45066,-68.12036,174.7738
19.27:  84.46096,-68.12036,174.7738
19.29:  84.47004,-68.12036,174.7738
19.3:  84.47801,-68.12036,174.7738
19.32:  84.4848,-68.12036,174.7738
19.34:  84.49053,-68.12036,174.7738
19.35:  84.49507,-68.12036,174.7738
19.37:  84.49848,-68.12036,174.7738
19.39:  84.50075,-68.12036,174.7738
19.4:  84.50188,-68.12036,174.7738
19.42:  84.50188,-68.12036,174.7738
19.44:  84.50188,-68.12036,174.7738
19.45:  84.50188,-68.12036,174.7738
19.47:  84.50188,-68.12036,174.7738
19.49:  84.50188,-68.12036,174.7738
19.5:  84.50188,-68.12036,174.7738
19.52:  84.50188,-68.12036,174.7738
19.54:  84.50188,-68.12036,174.7738
19.55:  84.50188,-68.12036,174.7738
19.57:  84.50188,-68.12036,174.7738
19.59:  84.50188,-68.12036,174.7738
19.6:  84.50188,-68.12036,174.7738
19.62:  84.50188,-68.12036,174.7738
19.64:  84.50188,-68.12036,174.7738
19.65:  84.50188,-68.12036,174.7738
19.67:  84.50188,-68.12036,174.7738
19.69:  84.50188,-68.12036,174.7738
19.7:  84.50188,-68.12036,174.7738
19.72:  84.50188,-68.12036,174.7738
19.74:  84.50188,-68.12036,174.7738
19.75:  84.50188,-68.12036,174.7738
19.77:  84.50188,-68.12036,174.7738
19.79:  84.50188,-68.12036,174.7738
19.8:  84.50188,-68.12036,174.7738
19.82:  84.50188,-68.12036,174.7738
19.84:  84.50188,-68.12036,174.7738
19.85:  84.50188,-68.12036,174.7738
19.87:  84.50188,-68.12036,174.7738
19.89:  84.50188,-68.12036,174.7738
19.9:  84.50188,-68.12036,174.7738
19.92:  84.50188,-68.12036,174.7738
19.94:  84.50188,-68.12036,174.7738
19.95:  84.50188,-68.12036,174.7738
19.97:  84.50188,-68.12036,174.7738
19.99:  84.50188,-68.12036,174.7738
20:  84.50073,-68.10787,174.7738
20.02:  84.49849,-68.08337,174.7738
20.04:  84.49501,-68.04534,174.7738
20.05:  84.49052,-67.99625,174.7738
20.07:  84.48486,-67.93436,174.7738
20.09:  84.47805,-67.8599,174.7738
20.1:  84.47003,-67.77224,174.7738
20.12:  84.46086,-67.672,174.7738
20.14:  84.45074,-67.56125,174.7738
20.15:  84.43925,-67.43577,174.7738
20.17:  84.42674,-67.29896,174.7738
20.19:  84.41283,-67.14682,174.7738
20.2:  84.39824,-66.98734,174.7738
20.22:  84.38233,-66.81341,174.7738
20.24:  84.36526,-66.62686,174.7738
20.25:  84.34705,-66.42763,174.7738
20.27:  84.32771,-66.21626,174.7738
20.29:  84.3072,-65.99199,174.7738
20.3:  84.28565,-65.75649,174.7738
20.32:  84.26268,-65.50533,174.7738
20.34:  84.23992,-65.25648,174.7738
20.35:  84.2172,-65.00806,174.7738
20.37:  84.19429,-64.75759,174.7738
20.39:  84.17159,-64.50946,174.7738
20.4:  84.1486,-64.25806,174.7738
20.42:  84.12614,-64.01248,174.7738
20.44:  84.10349,-63.76484,174.7738
20.45:  84.08081,-63.517,174.7738
20.47:  84.05808,-63.26852,174.7738
20.49:  84.03527,-63.01911,174.7738
20.5:  84.01259,-62.77114,174.7738
20.52:  83.98944,-62.51809,174.7738
20.54:  83.9668,-62.27053,174.7738
20.55:  83.94377,-62.01873,174.7738
20.57:  83.92094,-61.76915,174.7738
20.59:  83.89828,-61.52142,174.7738
20.6:  83.87531,-61.27034,174.7738
20.62:  83.85278,-61.02403,174.7738
20.64:  83.8298,-60.77269,174.7738
20.65:  83.80733,-60.52718,174.7738
20.67:  83.78432,-60.27551,174.7738
20.69:  83.76163,-60.02746,174.7738
20.7:  83.73894,-59.77936,174.7738
20.72:  83.71597,-59.52829,174.7738
20.74:  83.69339,-59.28144,174.7738
20.75:  83.67059,-59.03213,174.7738
20.77:  83.64787,-58.78368,174.7738
20.79:  83.62504,-58.53418,174.7738
20.8:  83.60242,-58.28694,174.7738
20.82:  83.57953,-58.03659,174.7738
20.84:  83.55682,-57.78836,174.7738
20.85:  83.53419,-57.54089,174.7738
20.87:  83.51129,-57.29057,174.7738
20.89:  83.48839,-57.04017,174.7738
20.9:  83.46577,-56.79296,174.7738
20.92:  83.44301,-56.54409,174.7738
20.94:  83.42011,-56.29373,174.7738
20.95:  83.39759,-56.04756,174.7738
20.97:  83.37471,-55.79738,174.7738
20.99:  83.35197,-55.54879,174.7738
21:  83.32879,-55.29533,174.7738
21.02:  83.30633,-55.04977,174.7738
21.04:  83.2837,-54.80243,174.7738
21.05:  83.26072,-54.55114,174.7738
21.07:  83.23824,-54.30537,174.7738
21.09:  83.21503,-54.05164,174.7738
21.11:  83.19244,-53.80469,174.7738
21.12:  83.16927,-53.55128,174.7738
21.14:  83.1468,-53.30579,174.7738
21.15:  83.12405,-53.05699,174.7738
21.17:  83.1024,-52.82028,174.7738
21.19:  83.08188,-52.59596,174.7738
21.2:  83.06264,-52.38569,174.7738
21.22:  83.04453,-52.18764,174.7738
21.24:  83.02759,-52.00238,174.7738
21.25:  83.01151,-51.82667,174.7738
21.27:  82.99671,-51.66485,174.7738
21.29:  82.98307,-51.51569,174.7738
21.3:  82.97038,-51.37702,174.7738
21.32:  82.95894,-51.25189,174.7738
21.34:  82.94875,-51.1405,174.7738
21.35:  82.93957,-51.04007,174.7738
21.37:  82.9317,-50.9541,174.7738
21.39:  82.9248,-50.87872,174.7738
21.4:  82.9191,-50.81633,174.7738
21.42:  82.91457,-50.76676,174.7738
21.44:  82.91115,-50.72943,174.7738
21.45:  82.90887,-50.70443,174.7738
21.47:  82.90771,-50.69187,174.7738
21.49:  82.90771,-50.69187,174.7738
21.5:  82.90771,-50.69187,174.7738
21.52:  82.90771,-50.69187,174.7738
21.54:  82.90771,-50.69187,174.7738
21.55:  82.90771,-50.69187,174.7738
21.57:  82.90771,-50.69187,174.7738
21.59:  82.90771,-50.69187,174.7738
21.6:  82.90771,-50.69187,174.7738
21.62:  82.90771,-50.69187,174.7738
21.64:  82.90771,-50.69187,174.7738
21.65:  82.90771,-50.69187,174.7738
21.67:  82.90771,-50.69187,174.7738
21.69:  82.90771,-50.69187,174.7738
21.7:  82.90771,-50.69187,174.7738
21.72:  82.90771,-50.69187,174.7738
21.74:  82.90771,-50.69187,174.7738
21.75:  82.90771,-50.69187,174.7738
21.77:  82.90771,-50.69187,174.7738
21.79:  82.90771,-50.69187,174.7738
21.8:  82.90771,-50.69187,176.2738
21.82:  82.90771,-50.69187,177.7738
21.84:  82.90771,-50.69187,179.2738
21.85:  82.90771,-50.69187,180.7738
21.87:  82.90771,-50.69187,182.2738
21.89:  82.90771,-50.69187,183.7738
21.9:  82.90771,-50.69187,185.2738
21.92:  82.90771,-50.69187,186.7738
21.94:  82.90771,-50.69187,188.2738
21.95:  82.90771,-50.69187,189.7738
21.97:  82.90771,-50.69187,191.2738
21.99:  82.90771,-50.69187,192.7738
22:  82.90771,-50.69187,194.2738
22.02:  82.90771,-50.69187,195.7738
22.04:  82.90771,-50.69187,197.2738
22.05:  82.90771,-50.69187,198.7738
22.07:  82.90771,-50.69187,200.2738
22.09:  82.90771,-50.69187,201.7738
22.1:  82.90771,-50.69187,203.2738
22.12:  82.90771,-50.69187,204.7738
22.14:  82.90771,-50.69187,206.2738
22.15:  82.90771,-50.69187,207.7738
22.17:  82.90771,-50.69187,209.2738
22.19:  82.90771,-50.69187,210.7738
22.2:  82.90771,-50.69187,212.2738
22.22:  82.90771,-50.69187,213.7738
22.24:  82.90771,-50.69187,215.2738
22.25:  82.90771,-50.69187,216.7738
22.27:  82.90771,-50.69187,218.2738
22.29:  82.90771,-50.69187,219.7738
22.31:  82.90771,-50.69187,221.2738
22.32:  82.90771,-50.69187,222.7738
22.34:  82.90771,-50.69187,224.2738
22.35:  82.90771,-50.69187,225.7738
22.37:  82.90771,-50.69187,227.2738
22.39:  82.90771,-50.69187,228.7738
22.41:  82.90771,-50.69187,230.2738
22.42:  82.90771,-50.69187,231.7738
22.44:  82.90771,-50.69187,233.2738
22.45:  82.90771,-50.69187,234.7738
22.47:  82.90771,-50.69187,236.2738
22.49:  82.90771,-50.69187,237.7738
22.51:  82.90771,-50.69187,239.2738
22.52:  82.90771,-50.69187,240.6201
22.54:  82.90771,-50.69187,241.8205
22.55:  82.90771,-50.69187,242.8686
22.57:  82.90771,-50.69187,243.7686
22.59:  82.90771,-50.69187,244.5173
22.6:  82.90771,-50.69187,245.1169
22.62:  82.90771,-50.69187,245.5677
22.64:  82.90771,-50.69187,245.8676
22.65:  82.90771,-50.69187,246.0177
22.67:  82.90771,-50.69187,246.0179
22.69:  82.90771,-50.69187,246.0179
22.7:  82.90771,-50.69187,246.0179
22.72:  82.90771,-50.69187,246.0179
22.74:  82.90771,-50.69187,246.0179
22.75:  82.90771,-50.69187,246.0179
22.77:  82.90771,-50.69187,246.0179
22.79:  82.90771,-50.69187,246.0179
22.8:  82.90771,-50.69187,246.0179
22.82:  82.90771,-50.69187,246.0179
22.84:  82.90771,-50.69187,246.0179
22.85:  82.90771,-50.69187,246.0179
22.87:  82.90771,-50.69187,246.0179
22.89:  82.90771,-50.69187,246.0179
22.9:  82.90771,-50.69187,246.0179
22.92:  82.90771,-50.69187,246.0179
22.94:  82.90771,-50.69187,246.0179
22.95:  82.90771,-50.69187,246.0179
22.97:  82.90771,-50.69187,246.0179
22.99:  82.90771,-50.69187,246.0179
23:  82.90771,-50.69187,246.0179
23.02:  82.90771,-50.69187,246.0179
23.04:  82.90771,-50.69187,246.0179
23.05:  82.90771,-50.69187,246.0179
23.07:  82.90771,-50.69187,246.0179
23.09:  82.90771,-50.69187,246.0179
23.1:  82.90771,-50.69187,246.0179
23.12:  82.90771,-50.69187,246.0179
23.14:  82.90771,-50.69187,246.0179
23.15:  82.90771,-50.69187,246.0179
23.17:  82.90771,-50.69187,246.0179
23.19:  82.90771,-50.69187,246.0179
23.2:  82.90771,-50.69187,246.0179
23.22:  82.90771,-50.69187,246.0179
23.24:  82.90771,-50.69187,246.0179
23.25:  82.90771,-50.69187,246.0179
23.27:  82.90771,-50.69187,246.0179
23.29:  82.90771,-50.69187,246.0179
23.3:  82.90771,-50.69187,246.0179
23.32:  82.90771,-50.69187,246.0179
23.34:  82.90771,-50.69187,246.0179
23.35:  82.90771,-50.69187,246.0179
23.37:  82.90771,-50.69187,246.0179
23.39:  82.90771,-50.69187,246.0179
23.4:  82.90771,-50.69187,246.0179
23.42:  82.90771,-50.69187,246.0179
23.44:  82.90771,-50.69187,246.0179
23.45:  82.90771,-50.69187,246.0179
23.47:  82.90771,-50.69187,246.0179
23.49:  82.89621,-50.69699,246.0179
23.5:  82.87357,-50.70706,246.0179
23.52:  82.83908,-50.7224,246.0179
23.54:  82.79305,-50.74288,246.0179
23.56:  82.73599,-50.76826,246.0179
23.57:  82.66615,-50.79933,246.0179
23.59:  82.58688,-50.8346,246.0179
23.6:  82.49586,-50.87508,246.0179
23.62:  82.39277,-50.92094,246.0179
23.64:  82.27823,-50.9719,246.0179
23.65:  82.15222,-51.02796,246.0179
23.67:  82.01592,-51.08859,246.0179
23.69:  81.86869,-51.15408,246.0179
23.7:  81.707,-51.22601,246.0179
23.72:  81.53684,-51.30171,246.0179
23.74:  81.35278,-51.38359,246.0179
23.75:  81.15973,-51.46947,246.0179
23.77:  80.95251,-51.56165,246.0179
23.79:  80.73836,-51.65692,246.0179
23.8:  80.50924,-51.75884,246.0179
23.82:  80.28175,-51.86004,246.0179
23.84:  80.05241,-51.96206,246.0179
23.85:  79.82392,-52.06371,246.0179
23.87:  79.59559,-52.16528,246.0179
23.89:  79.36481,-52.26794,246.0179
23.9:  79.13785,-52.36891,246.0179
23.92:  78.91127,-52.4697,246.0179
23.94:  78.68179,-52.57179,246.0179
23.95:  78.45266,-52.67372,246.0179
23.97:  78.22334,-52.77573,246.0179
23.99:  77.99815,-52.87591,246.0179
24:  77.7673,-52.9786,246.0179
24.02:  77.54001,-53.07972,246.0179
24.04:  77.30836,-53.18276,246.0179
24.05:  77.08133,-53.28376,246.0179
24.07:  76.85171,-53.38591,246.0179
24.09:  76.6246,-53.48693,246.0179
24.1:  76.39691,-53.58822,246.0179
24.12:  76.16796,-53.69007,246.0179
24.14:  75.94193,-53.79062,246.0179
24.15:  75.71094,-53.89338,246.0179
24.17:  75.48334,-53.99463,246.0179
24.19:  75.25449,-54.09644,246.0179
24.2:  75.02707,-54.19761,246.0179
24.22:  74.79691,-54.29999,246.0179
24.24:  74.5694,-54.4012,246.0179
24.25:  74.34029,-54.50312,246.0179
24.27:  74.11293,-54.60426,246.0179
24.29:  73.88055,-54.70043,247.5179
24.3:  73.6475,-54.78981,249.0179
24.32:  73.41293,-54.87279,250.5179
24.34:  73.1746,-54.95015,252.0179
24.35:  72.93513,-55.021,253.5179
24.37:  72.69228,-55.08599,255.0179
24.39:  72.45192,-55.14361,256.5179
24.4:  72.20742,-55.1955,258.0179
24.42:  71.96137,-55.24103,259.5179
24.44:  71.71307,-55.28027,261.0179
24.45:  71.46468,-55.3129,262.5179
24.47:  71.2177,-55.33878,264.0179
24.49:  70.96661,-55.35846,265.5179
24.5:  70.71722,-55.37145,267.0179
24.52:  70.46645,-55.37794,268.5179
24.54:  70.21719,-55.37786,270.0179
24.55:  69.96578,-55.37186,271.3671
24.57:  69.71854,-55.36077,272.5677
24.59:  69.46852,-55.34496,273.618
24.6:  69.21904,-55.32525,274.5181
24.62:  68.96971,-55.30226,275.2681
24.64:  68.72092,-55.27669,275.8679
24.65:  68.47316,-55.24926,276.3182
24.67:  68.22615,-55.22059,276.6193
24.69:  67.97557,-55.19085,276.769
24.7:  67.72958,-55.16165,276.7701
24.72:  67.48222,-55.13228,276.7701
24.74:  67.23228,-55.10261,276.7701
24.75:  66.98289,-55.07301,276.7701
24.77:  66.73482,-55.04356,276.7701
24.79:  66.48763,-55.01421,276.7701
24.8:  66.23942,-54.98475,276.7701
24.82:  65.99504,-54.95574,276.7701
24.84:  65.74389,-54.92592,276.7701
24.85:  65.4967,-54.89658,276.7701
24.87:  65.24742,-54.86699,276.7701
24.89:  64.99818,-54.83739,276.7701
24.9:  64.74987,-54.80792,276.7701
24.92:  64.50201,-54.77849,276.7701
24.94:  64.25456,-54.74912,276.7701
24.95:  64.00535,-54.71953,276.7701
24.97:  63.75653,-54.68999,276.7701
24.99:  63.5083,-54.66053,276.7701
25:  63.26124,-54.6312,276.7701
25.02:  63.01118,-54.60151,276.7701
25.04:  62.76342,-54.5721,276.7701
25.05:  62.51581,-54.54271,276.7701
25.07:  62.26726,-54.5132,276.7701
25.09:  62.02079,-54.48394,276.7701
25.1:  61.77022,-54.46083,275.2701
25.12:  61.52047,-54.44437,273.7701
25.14:  61.27055,-54.43446,272.2701
25.15:  61.02035,-54.4311,270.7701
25.17:  60.77028,-54.43428,269.2701
25.19:  60.51845,-54.44342,267.9213
25.2:  60.27094,-54.4576,266.7213
25.22:  60.02307,-54.47637,265.6703
25.24:  59.77391,-54.49918,264.7696
25.25:  59.52414,-54.52534,264.0195
25.27:  59.27633,-54.55394,263.419
25.29:  59.02908,-54.58443,262.9681
25.3:  58.77888,-54.61662,262.6685
25.32:  58.53372,-54.64883,262.5172
25.34:  58.2795,-54.68222,262.5172
25.35:  58.03783,-54.71396,262.5172
25.37:  57.78767,-54.74681,262.5172
25.39:  57.5406,-54.77927,262.5172
25.4:  57.29332,-54.81175,262.5172
25.42:  57.04677,-54.84413,262.5172
25.44:  56.79721,-54.87691,262.5172
25.45:  56.55088,-54.90926,262.5172
25.47:  56.29858,-54.9357,264.0172
25.49:  56.05126,-54.95509,265.5173
25.5:  55.80137,-54.96812,267.0172
25.52:  55.5507,-54.97461,268.5172
25.54:  55.30097,-54.97453,270.0173
25.55:  55.05082,-54.9679,271.5173
25.57:  54.80053,-54.95471,273.0173
25.59:  54.55426,-54.93525,274.5172
25.6:  54.30617,-54.9091,276.0173
25.62:  54.05605,-54.8761,277.5173
25.64:  53.81055,-54.83714,279.0172
25.65:  53.56305,-54.79119,280.5172
25.67:  53.31807,-54.73904,282.0172
25.69:  53.07602,-54.68085,283.5172
25.7:  52.83252,-54.61553,285.0172
25.72:  52.59425,-54.54487,286.5172
25.74:  52.35701,-54.46771,288.0172
25.75:  52.12301,-54.38477,289.5172
25.77:  51.88902,-54.29486,291.0172
25.79:  51.65812,-54.19914,292.5172
25.8:  51.42864,-54.09689,294.0172
25.82:  51.20541,-53.99033,295.5172
25.84:  50.98153,-53.87617,297.0172
25.85:  50.76003,-53.75582,298.5172
25.87:  50.54379,-53.63089,300.0172
25.89:  50.33021,-53.49992,301.5172
25.9:  50.12068,-53.36375,303.0172
25.92:  49.91552,-53.22267,304.5172
25.94:  49.71275,-53.07524,306.0172
25.95:  49.51282,-52.92175,307.5172
25.97:  49.31974,-52.76529,309.0172
25.99:  49.13034,-52.60343,310.5172
26:  48.94266,-52.43524,311.866
26.02:  48.76116,-52.2656,313.0658
26.04:  48.58218,-52.09206,314.1159
26.05:  48.40334,-51.91312,315.0143
26.07:  48.23048,-51.7356,315.764
26.09:  48.05821,-51.55492,316.3639
26.1:  47.8862,-51.37167,316.813
26.12:  47.71571,-51.18812,317.1118
26.14:  47.54796,-51.00657,317.2623
26.15:  47.37638,-50.82088,317.2623
26.17:  47.20725,-50.63784,317.2623
26.19:  47.03785,-50.4545,317.2623
26.2:  46.86864,-50.27138,317.2623
26.22:  46.69928,-50.08808,317.2623
26.24:  46.53054,-49.90546,317.2623
26.25:  46.36075,-49.72171,317.2623
26.27:  46.19181,-49.53887,317.2623
26.29:  46.02237,-49.3555,317.2623
26.3:  45.85194,-49.17104,317.2623
26.32:  45.68208,-48.98721,317.2623
26.34:  45.51131,-48.80239,317.2623
26.36:  45.3412,-48.61829,317.2623
26.37:  45.16882,-48.43173,317.2623
26.39:  45.00047,-48.24953,317.2623
26.4:  44.83022,-48.06527,317.2623
26.42:  44.66226,-47.8835,317.2623
26.44:  44.48975,-47.6968,317.2623
26.45:  44.32277,-47.51609,317.2623
26.47:  44.15371,-47.33312,317.2623
26.49:  43.98386,-47.1493,317.2623
26.51:  43.81374,-46.96518,317.2623
26.52:  43.64295,-46.78034,317.2623
26.54:  43.4766,-46.60031,317.2623
26.55:  43.30902,-46.41894,317.2623
26.57:  43.13781,-46.23365,317.2623
26.59:  42.96736,-46.04918,317.2623
26.6:  42.79786,-45.86574,317.2623
26.62:  42.62883,-45.68281,317.2623
26.64:  42.45864,-45.49862,317.2623
26.65:  42.289,-45.31502,317.2623
26.67:  42.11879,-45.1308,317.2623
26.69:  41.94907,-44.94713,317.2623
26.7:  41.78009,-44.76425,317.2623
26.72:  41.61023,-44.58041,317.2623
26.74:  41.43992,-44.39609,317.2623
26.75:  41.27113,-44.21342,317.2623
26.77:  41.10141,-44.02974,317.2623
26.79:  40.93126,-43.8456,317.2623
26.8:  40.76158,-43.66196,317.2623
26.82:  40.59168,-43.47808,317.2623
26.84:  40.42323,-43.29578,317.2623
26.85:  40.24822,-43.11605,315.7623
26.87:  40.06808,-42.94049,314.2623
26.89:  39.88462,-42.77082,312.7623
26.9:  39.69666,-42.60592,311.2623
26.92:  39.50427,-42.44584,309.7623
26.94:  39.30742,-42.29058,308.2623
26.95:  39.10722,-42.14102,306.7623
26.97:  38.90335,-41.99688,305.2623
26.99:  38.69634,-41.85849,303.7623
27.01:  38.48514,-41.72517,302.2623
27.02:  38.25806,-41.58915,300.9211
27.04:  38.05307,-41.47213,299.7215
27.05:  37.8335,-41.35206,298.6721
27.07:  37.61218,-41.2355,297.7728
27.09:  37.38903,-41.12169,297.0238
27.1:  37.16457,-41.01014,296.4252
27.12:  36.94134,-40.90138,295.9755
27.14:  36.71586,-40.79298,295.676
27.15:  36.49124,-40.68571,295.5258
27.17:  36.2638,-40.57711,295.5258
27.19:  36.03931,-40.46991,295.5258
27.2:  35.81336,-40.36201,295.5258
27.22:  35.58702,-40.25393,295.5258
27.24:  35.36308,-40.14699,295.5258
27.25:  35.13834,-40.03967,295.5258
27.27:  34.91319,-39.93215,295.5258
27.29:  34.68551,-39.82343,295.5258
27.3:  34.45995,-39.71572,295.5258
27.32:  34.23553,-39.60855,295.5258
27.34:  34.00783,-39.49982,295.5258
27.35:  33.99342,-39.39228,295.5258
27.37:  33.99342,-39.28439,295.5258
27.39:  33.99342,-39.1772,295.5258
27.4:  33.99249,-39.06321,297.0258
27.42:  33.99152,-38.94439,298.5258
27.44:  33.99049,-38.8193,300.0258
27.45:  33.98942,-38.68852,301.5258
27.47:  33.9883,-38.55319,303.0258
27.49:  33.98714,-38.40987,304.5258
27.5:  33.98593,-38.26226,306.0258
27.52:  33.98467,-38.11094,307.5258
27.54:  33.98338,-37.9537,309.0258
27.55:  33.98204,-37.79158,310.5258
27.57:  33.98066,-37.62473,312.0258
27.59:  33.97923,-37.45226,313.5258
27.6:  33.97777,-37.27528,315.0258
27.62:  33.97627,-37.09433,316.5258
27.64:  33.97473,-36.90825,318.0258
27.65:  33.97316,-36.71739,319.5258
27.67:  33.97154,-36.52262,321.0258
27.69:  33.9699,-36.32364,322.5258
27.7:  33.96822,-36.12094,324.0258
27.72:  33.96651,-35.91574,325.5258
27.74:  33.96477,-35.70583,327.0258
27.75:  33.963,-35.4934,328.5258
27.77:  33.96119,-35.27781,330.0258
27.79:  33.95955,-35.05912,331.3763
27.8:  33.95807,-34.83583,332.5759
27.82:  33.95676,-34.61473,333.6274
27.84:  33.95564,-34.38633,334.5272
27.85:  33.95469,-34.15976,335.2772
27.87:  33.95393,-33.92898,335.8755
27.89:  33.95335,-33.70107,336.3246
27.9:  33.95297,-33.47279,336.6244
27.92:  33.95277,-33.24509,336.7755
27.94:  33.95277,-33.01387,336.7757
27.95:  33.95277,-32.78365,336.7757
27.97:  33.95277,-32.55366,336.7757
27.99:  33.95277,-32.32365,336.7757
28:  33.95277,-32.09411,336.7757
28.02:  33.95277,-31.86403,336.7757
28.04:  33.95277,-31.63436,336.7757
28.05:  33.95277,-31.40445,336.7757
28.07:  33.95277,-31.17607,336.7757
28.09:  33.95277,-30.94693,336.7757
28.11:  33.95277,-30.71639,336.7757
28.12:  33.94656,-30.47984,336.7757
28.14:  33.90468,-30.24683,336.7757
28.15:  33.84134,-30.00727,336.7757
28.17:  33.74874,-29.77572,336.7757
28.19:  33.65055,-29.5469,336.7757
28.2:  33.53965,-29.30606,335.2757
28.22:  33.43469,-29.09298,333.7757
28.24:  33.31857,-28.87203,332.2757
28.26:  33.19585,-28.65266,330.7757
28.27:  33.06641,-28.43488,329.2757
28.29:  32.93356,-28.22412,327.7757
28.31:  32.79388,-28.01486,326.2757
28.32:  32.65124,-27.81283,324.7757
28.34:  32.49899,-27.60875,323.2757
28.36:  32.34609,-27.41462,321.7757
28.37:  32.18686,-27.22299,320.2757
28.39:  32.02224,-27.03511,318.7757
28.41:  31.8529,-26.85176,317.2757
28.42:  31.67946,-26.67356,315.7757
28.44:  31.50149,-26.50003,314.2757
28.45:  31.31667,-26.32903,312.7757
28.47:  31.13029,-26.16543,311.2757
28.49:  30.93718,-26.00468,309.7757
28.51:  30.74218,-25.85081,308.2757
28.52:  30.54049,-25.70006,306.7757
28.54:  30.33688,-25.55602,305.2757
28.55:  30.13087,-25.41824,303.7757
28.57:  29.91843,-25.28328,302.4267
28.59:  29.70658,-25.15485,301.2264
28.6:  29.48923,-25.02847,300.1769
28.62:  29.27089,-24.90605,299.2776
28.64:  29.0504,-24.78619,298.5288
28.66:  28.83008,-24.6694,297.9297
28.67:  28.60699,-24.55335,297.4815
28.69:  28.38716,-24.44046,297.1815
28.7:  28.16319,-24.32619,297.0325
28.72:  27.94068,-24.21265,297.0325
28.74:  27.71946,-24.09978,297.0325
28.75:  27.49656,-23.98604,297.0325
28.77:  27.27368,-23.87232,297.0325
28.79:  27.05084,-23.75862,297.0325
28.8:  26.828,-23.64492,297.0325
28.82:  26.60554,-23.53141,297.0325
28.84:  26.38437,-23.41856,297.0325
28.85:  26.16124,-23.30471,297.0325
28.87:  25.93999,-23.19182,297.0325
28.89:  25.71509,-23.07707,297.0325
28.9:  25.48933,-22.96923,295.5325
28.92:  25.26116,-22.86749,294.0325
28.94:  25.02977,-22.77149,292.5325
28.96:  24.79566,-22.68147,291.0325
28.97:  24.55899,-22.59751,289.5325
28.99:  24.32355,-22.52086,288.0325
29:  24.08275,-22.44939,286.5325
29.02:  23.84292,-22.38498,285.0325
29.04:  23.59989,-22.32649,283.5325
29.05:  23.35536,-22.27436,282.0325
29.07:  23.10913,-22.22858,280.5325
29.09:  22.86246,-22.18937,279.0325
29.1:  22.61447,-22.15658,277.5325
29.12:  22.36488,-22.13021,276.0325
29.14:  22.116,-22.11048,274.5325
29.15:  21.86319,-22.09641,273.1844
29.17:  21.61591,-22.08784,271.9847
29.19:  21.3673,-22.08379,270.9343
29.2:  21.11748,-22.08364,270.0338
29.22:  20.86744,-22.08677,269.2833
29.24:  20.61753,-22.09251,268.6827
29.25:  20.36766,-22.10023,268.2322
29.27:  20.11797,-22.10924,267.9316
29.29:  19.8681,-22.11893,267.781
29.3:  19.61895,-22.12858,267.78
29.32:  19.36677,-22.13836,267.78
29.34:  19.11584,-22.14809,267.78
29.35:  18.86723,-22.15772,267.78
29.37:  18.61708,-22.16742,267.78
29.39:  18.36862,-22.17705,267.78
29.4:  18.11905,-22.18673,267.78
29.42:  17.86886,-22.19643,267.78
29.44:  17.61936,-22.2061,267.78
29.45:  17.36845,-22.21583,267.78
29.47:  17.11873,-22.22551,267.78
29.49:  16.86781,-22.23523,267.78
29.5:  16.6195,-22.24486,267.78
29.52:  16.36987,-22.25454,267.78
29.54:  16.11958,-22.26424,267.78
29.55:  15.86934,-22.27394,267.78
29.57:  15.61962,-22.28362,267.78
29.59:  15.36951,-22.29332,267.78
29.6:  15.12021,-22.30298,267.78
29.62:  14.87031,-22.31267,267.78
29.64:  14.62008,-22.32237,267.78
29.65:  14.37043,-22.33204,267.78
29.67:  14.12134,-22.3417,267.78
29.69:  13.87139,-22.35139,267.78
29.7:  13.62248,-22.36104,267.78
29.72:  13.3716,-22.37077,267.78
29.74:  13.12162,-22.38046,267.78
29.75:  12.87098,-22.39017,267.78
29.77:  12.62475,-22.39972,267.78
29.79:  12.37417,-22.40943,267.78
29.8:  12.12362,-22.41914,267.78
29.82:  11.8729,-22.42886,267.78
29.84:  11.62209,-22.43859,267.78
29.85:  11.37479,-22.44817,267.78
29.87:  11.12211,-22.45797,267.78
29.89:  10.87549,-22.46753,267.78
29.9:  10.62122,-22.48406,266.28
29.92:  10.37639,-22.50643,264.78
29.94:  10.12475,-22.53608,263.28
29.96:  9.877918,-22.57174,261.78
29.97:  9.628901,-22.61439,260.28
29.99:  9.388,-22.66218,258.78
30:  9.144883,-22.71705,257.28
30.02:  8.902918,-22.77837,255.78
30.04:  8.662285,-22.8461,254.28
30.05:  8.425439,-22.91951,252.78
30.07:  8.187517,-23.00013,251.28
30.09:  7.951226,-23.08716,249.78
30.11:  7.718317,-23.17994,248.28
30.12:  7.485804,-23.27897,246.9316
30.14:  7.258301,-23.38153,245.733
30.15:  7.035084,-23.48713,244.6825
30.17:  6.811364,-23.5973,243.7817
30.19:  6.587823,-23.71105,243.0313
30.22:  6.366841,-23.82642,242.4305
30.24:  6.147585,-23.94311,241.9788
30.25:  5.925767,-24.06265,241.6782
30.27:  5.705395,-24.18217,241.528
30.29:  5.484922,-24.30173,241.528
30.3:  5.265703,-24.42062,241.528
30.32:  5.045547,-24.54002,241.528
30.34:  4.82536,-24.65943,241.528
30.35:  4.592757,-24.78558,241.528
30.37:  4.385714,-24.89786,241.528
30.39:  4.166782,-25.01659,241.528
30.41:  3.94776,-25.13537,241.528
30.42:  3.725203,-25.25607,241.528
30.44:  3.507581,-25.37409,241.528
30.46:  3.286825,-25.49381,241.528
30.47:  3.065748,-25.61371,241.528
30.49:  2.845731,-25.73303,241.528
30.5:  2.630861,-25.84956,241.528
30.52:  2.409124,-25.96981,241.528
30.54:  2.188642,-26.08938,241.528
30.55:  1.970312,-26.20778,241.528
30.57:  1.75049,-26.327,241.528
30.59:  1.531132,-26.44596,241.528
30.6:  1.310713,-26.5655,241.528
30.62:  1.091592,-26.68434,241.528
30.64:  0.8716433,-26.80362,241.528
30.65:  0.6524828,-26.92247,241.528
30.67:  0.433731,-27.04111,241.528
30.69:  0.2111172,-27.16184,241.528
30.7:  -0.00586915,-27.28697,240.028
30.72:  -0.2186662,-27.41723,238.528
30.74:  -0.4283304,-27.55324,237.028
30.75:  -0.6341695,-27.69456,235.528
30.77:  -0.8381932,-27.84264,234.028
30.79:  -1.03418,-27.99288,232.528
30.8:  -1.226053,-28.1481,231.028
30.82:  -1.417713,-28.31163,229.528
30.84:  -1.60348,-28.47873,228.028
30.85:  -1.78573,-28.65151,226.528
30.87:  -1.962752,-28.82836,225.028
30.89:  -2.136065,-29.01081,223.528
30.9:  -2.304031,-29.19717,222.028
30.92:  -2.464989,-29.38544,220.528
30.94:  -2.622491,-29.57975,219.028
30.95:  -2.776376,-29.78009,217.528
30.97:  -2.921874,-29.98015,216.028
30.99:  -3.063058,-30.18536,214.528
31:  -3.199076,-30.39458,213.028
31.02:  -3.330339,-30.60855,211.528
31.04:  -3.455078,-30.82307,210.1769
31.05:  -3.577452,-31.04404,208.9774
31.07:  -3.694436,-31.26473,207.9277
31.09:  -3.808599,-31.48851,207.0287
31.11:  -3.920024,-31.71415,206.2808
31.12:  -4.028551,-31.93982,205.6831
31.14:  -4.134723,-32.1651,205.2348
31.15:  -4.239016,-32.38942,204.9349
31.17:  -4.343313,-32.6153,204.7843
31.19:  -4.448539,-32.84319,204.7843
31.21:  -4.552518,-33.06839,204.7843
31.22:  -4.659487,-33.30006,204.7843
31.24:  -4.763674,-33.5257,204.7843
31.25:  -4.868715,-33.75319,204.7843
31.27:  -4.97305,-33.97916,204.7843
31.29:  -5.077617,-34.20562,204.7843
31.3:  -5.1825,-34.43277,204.7843
31.32:  -5.286741,-34.65854,204.7843
31.34:  -5.385761,-34.88863,203.2843
31.35:  -5.477866,-35.11909,201.7843
31.37:  -5.565864,-35.35718,200.2843
31.39:  -5.646152,-35.59324,198.7843
31.41:  -5.7212,-35.83442,197.2843
31.42:  -5.791518,-36.08318,195.7843
31.44:  -5.850538,-36.31499,194.2843
31.45:  -5.906023,-36.55952,192.7843
31.47:  -5.954443,-36.80218,191.2843
31.49:  -5.997385,-37.05119,189.7843
31.5:  -6.033169,-37.29696,188.2843
31.52:  -6.062707,-37.54525,186.7843
31.54:  -6.071405,-37.79396,185.2843
31.55:  -6.073493,-38.04391,183.7843
31.57:  -6.075584,-38.29347,182.2843
31.59:  -6.077678,-38.54281,180.7843
31.6:  -6.074565,-38.79194,179.2843
31.62:  -6.064883,-39.0422,177.7843
31.64:  -6.048619,-39.29263,176.2843
31.66:  -6.026042,-39.53996,174.7843
31.67:  -5.996253,-39.79294,173.2843
31.69:  -5.960804,-40.03847,171.7843
31.7:  -5.919185,-40.28545,170.4346
31.72:  -5.872793,-40.52942,169.2339
31.74:  -5.821627,-40.77398,168.1831
31.75:  -5.766428,-41.01857,167.2827
31.77:  -5.708609,-41.25999,166.5313
31.79:  -5.647389,-41.50427,165.931
31.8:  -5.584783,-41.74601,165.4805
31.82:  -5.521359,-41.9857,165.1788
31.84:  -5.457006,-42.22632,165.0265
31.85:  -5.391907,-42.4697,165.0254
31.87:  -5.327339,-42.7111,165.0254
31.89:  -5.262925,-42.95193,165.0254
31.9:  -5.197273,-43.19738,165.0254
31.92:  -5.133032,-43.43755,165.0254
31.94:  -5.068836,-43.67756,165.0254
31.95:  -5.003462,-43.92197,165.0254
31.97:  -4.939616,-44.16068,165.0254
31.99:  -4.874905,-44.40261,165.0254
32:  -4.803801,-44.64304,163.5254
32.02:  -4.727252,-44.87899,162.0254
32.04:  -4.642786,-45.11786,160.5254
32.05:  -4.555231,-45.34624,159.0254
32.07:  -4.458634,-45.57974,157.5254
32.09:  -4.35779,-45.80651,156.0254
32.1:  -4.251347,-46.02993,154.5254
32.12:  -4.136519,-46.25554,153.0254
32.14:  -4.017448,-46.47507,151.5254
32.15:  -3.891457,-46.69352,150.0254
32.17:  -3.761337,-46.90607,148.5254
32.19:  -3.623527,-47.11848,147.0254
32.2:  -3.483392,-47.32257,145.5254
32.22:  -3.337635,-47.52448,144.1748
32.24:  -3.1875,-47.72353,142.9738
32.25:  -3.033556,-47.92002,141.9226
32.27:  -2.874991,-48.11599,141.0226
32.29:  -2.712824,-48.31115,140.2749
32.31:  -2.550457,-48.50245,139.6777
32.32:  -2.386773,-48.69229,139.2309
32.34:  -2.222374,-48.88097,138.9343
32.36:  -2.060552,-49.06572,138.785
32.37:  -1.894741,-49.25503,138.785
32.39:  -1.732014,-49.44081,138.785
32.4:  -1.565444,-49.63098,138.785
32.42:  -1.402908,-49.81655,138.785
32.44:  -1.236098,-50.00699,138.785
32.45:  -1.073085,-50.1931,138.785
32.47:  -0.907431,-50.38223,138.785
32.49:  -0.7438348,-50.569,138.785
32.5:  -0.5781246,-50.75819,138.785
32.52:  -0.4137496,-50.94586,138.785
32.54:  -0.2505725,-51.13216,138.785
32.55:  -0.07868665,-51.31833,137.285
32.57:  0.09370519,-51.49551,135.785
32.59:  0.2731254,-51.67051,134.285
32.6:  0.4577937,-51.84142,132.785
32.62:  0.6430969,-52.00413,131.285
32.64:  0.8356584,-52.16448,129.785
32.65:  1.031354,-52.31895,128.285
32.67:  1.232578,-52.4694,126.785
32.69:  1.436782,-52.61391,125.285
32.7:  1.646308,-52.75409,123.785
32.72:  1.856492,-52.88689,122.285
32.74:  2.070342,-53.01429,120.785
32.75:  2.288491,-53.13664,119.285
32.77:  2.509045,-53.25285,117.785
32.79:  2.736719,-53.3653,116.285
32.8:  2.961325,-53.46901,114.785
32.82:  3.190257,-53.56753,113.285
32.84:  3.422424,-53.66032,111.785
32.85:  3.666611,-53.75058,110.285
32.87:  3.89421,-53.82799,108.785
32.89:  4.132579,-53.90217,107.285
32.91:  4.374334,-53.97051,105.785
32.92:  4.619992,-54.03375,104.4372
32.94:  4.860829,-54.09041,103.2379
32.96:  5.10621,-54.14341,102.1891
32.97:  5.351916,-54.19247,101.2907
32.99:  5.593139,-54.23735,100.5396
33:  5.837548,-54.28017,99.93726
33.02:  6.084755,-54.32147,99.48534
33.04:  6.331495,-54.36136,99.18339
33.05:  6.579585,-54.4008,99.03216
33.07:  6.828186,-54.44032,99.03197
33.09:  7.073613,-54.47933,99.03197
33.1:  7.320629,-54.51859,99.03197
33.12:  7.569546,-54.55816,99.03197
33.14:  7.816524,-54.59742,99.03197
33.15:  8.063822,-54.63673,99.03197
33.17:  8.310423,-54.67593,99.03197
33.19:  8.557589,-54.71521,99.03197
33.2:  8.803921,-54.75437,99.03197
33.22:  9.050681,-54.79359,99.03197
33.24:  9.296589,-54.83268,99.03197
33.25:  9.543211,-54.87189,99.03197
33.27:  9.790999,-54.91127,99.03197
33.29:  10.03825,-54.95058,99.03197
33.3:  10.28485,-54.98977,99.03197
33.32:  10.53088,-55.02888,99.03197
33.34:  10.77603,-55.06785,99.03197
33.35:  11.02306,-55.10712,99.03197
33.37:  11.26999,-55.14637,99.03197
33.39:  11.52012,-55.18613,99.03197
33.4:  11.76594,-55.2252,99.03197
33.42:  12.01381,-55.2646,99.03197
33.44:  12.25901,-55.30358,99.03197
33.45:  12.50693,-55.34299,99.03197
33.47:  12.7539,-55.38224,99.03197
33.49:  13.00182,-55.42165,99.03197
33.5:  13.24908,-55.46096,99.03197
33.52:  13.4943,-55.49994,99.03197
33.54:  13.7421,-55.53933,99.03197
33.55:  13.98661,-55.57819,99.03197
33.57:  14.23501,-55.61768,99.03197
33.59:  14.48255,-55.65703,99.03197
33.6:  14.72898,-55.6962,99.03197
33.62:  14.97671,-55.73558,99.03197
33.64:  15.22286,-55.7747,99.03197
33.65:  15.47158,-55.81424,99.03197
33.67:  15.7171,-55.85326,99.03197
33.69:  15.96349,-55.89243,99.03197
33.7:  16.20945,-55.93153,99.03197
33.72:  16.45809,-55.97105,99.03197
33.74:  16.70556,-56.01039,99.03197
33.75:  16.95192,-56.04955,99.03197
33.77:  17.19924,-56.08886,99.03197
33.79:  17.44761,-56.12834,99.03197
33.8:  17.69144,-56.1671,99.03197
33.82:  17.93686,-56.20611,99.03197
33.84:  18.18217,-56.2451,99.03197
33.85:  18.42873,-56.2843,99.03197
33.87:  18.67841,-56.32398,99.03197
33.89:  18.92552,-56.36326,99.03197
33.9:  19.17248,-56.40252,99.03197
33.92:  19.42067,-56.44197,99.03197
33.94:  19.66525,-56.48085,99.03197
33.95:  19.90991,-56.51974,99.03197
33.97:  20.15892,-56.55932,99.03197
33.99:  20.40666,-56.5987,99.03197
34:  20.6532,-56.63789,99.03197
34.02:  20.89705,-56.67665,99.03197
34.04:  21.14695,-56.71637,99.03197
34.05:  21.39471,-56.75576,99.03197
34.07:  21.6411,-56.79492,99.03197
34.09:  21.89136,-56.83471,99.03197
34.11:  22.13919,-56.86747,97.53196
34.12:  22.38777,-56.89374,96.03196
34.14:  22.63427,-56.91328,94.53197
34.15:  22.88477,-56.92654,93.03196
34.17:  23.13096,-56.93313,91.53196
34.19:  23.38211,-56.93327,90.03196
34.2:  23.63231,-56.92686,88.53196
34.22:  23.88286,-56.91387,87.03196
34.24:  24.12982,-56.89457,85.53196
34.25:  24.38008,-56.86841,84.03195
34.27:  24.62803,-56.8359,82.53196
34.29:  24.87671,-56.79666,81.03195
34.3:  25.12034,-56.75165,79.53195
34.32:  25.36568,-56.69964,78.03195
34.34:  25.61004,-56.64112,76.53196
34.35:  25.85092,-56.57672,75.03196
34.37:  26.09155,-56.50558,73.53196
34.39:  26.33037,-56.42813,72.03196
34.4:  26.56732,-56.34438,70.53196
34.42:  26.80019,-56.25514,69.03196
34.44:  27.03131,-56.16026,67.68186
34.45:  27.25865,-56.06132,66.48053
34.47:  27.48573,-55.95749,65.42902
34.49:  27.71294,-55.84926,64.5285
34.5:  27.93687,-55.73896,63.77774
34.52:  28.15742,-55.62744,63.17529
34.54:  28.3797,-55.51282,62.72289
34.55:  28.60121,-55.39712,62.42042
34.57:  28.82425,-55.27987,62.26914
34.59:  29.04549,-55.16356,62.26784
34.6:  29.26606,-55.0476,62.26784
34.62:  29.48811,-54.93086,62.26784
34.64:  29.70782,-54.81535,62.26784
34.65:  29.93143,-54.69779,62.26784
34.67:  30.15264,-54.5815,62.26784
34.69:  30.373,-54.46565,62.26784
34.7:  30.59334,-54.34981,62.26784
34.72:  30.81557,-54.23297,62.26784
34.74:  31.03727,-54.11642,62.26784
34.75:  31.25908,-53.99981,62.26784
34.77:  31.48056,-53.88337,62.26784
34.79:  31.70384,-53.76599,62.26784
34.8:  31.92172,-53.65144,62.26784
34.82:  32.1399,-53.52934,60.76784
34.84:  32.35389,-53.40212,59.26783
34.85:  32.56573,-53.26855,57.76783
34.87:  32.77319,-53.13003,56.26784
34.89:  32.97798,-52.98539,54.76784
34.9:  33.17806,-52.83608,53.26784
34.92:  33.37476,-52.68112,51.76784
34.94:  33.56824,-52.5203,50.26784
34.96:  33.75676,-52.35508,48.76784
34.97:  33.9414,-52.1845,47.26784
34.99:  34.12031,-52.01033,45.76784
35:  34.29541,-51.8307,44.26784
35.02:  34.46268,-51.64985,42.76784
35.04:  34.62641,-51.46327,41.26784
35.05:  34.78539,-51.27225,39.76784
35.07:  34.94105,-51.07492,38.26784
35.09:  35.09119,-50.87398,36.76784
35.1:  35.2361,-50.66908,35.26784
35.12:  35.37579,-50.46017,33.76783
35.14:  35.5136,-50.24319,32.42206
35.16:  35.63957,-50.03536,31.2221
35.17:  35.76776,-49.8149,30.17516
35.19:  35.88725,-49.60175,29.27482
35.2:  36.00624,-49.38282,28.524
35.22:  36.12344,-49.16167,27.92335
35.24:  36.23861,-48.94019,27.47247
35.25:  36.35282,-48.71768,27.17166
35.27:  36.4665,-48.49477,27.02099
35.29:  36.57996,-48.27229,27.02016
35.3:  36.69455,-48.04758,27.02016
35.32:  36.8082,-47.82473,27.02016
35.34:  36.92131,-47.60293,27.02016
35.35:  37.03499,-47.38002,27.02016
35.37:  37.1487,-47.15704,27.02016
35.39:  37.26284,-46.93324,27.02016
35.4:  37.37475,-46.71378,27.02016
35.42:  37.48764,-46.49242,27.02016
35.44:  37.60204,-46.2681,27.02016
35.45:  37.71553,-46.04554,27.02016
35.47:  37.83032,-45.82046,27.02016
35.49:  37.94378,-45.59797,27.02016
35.5:  38.0586,-45.37282,27.02016
35.52:  38.17092,-45.15258,27.02016
35.54:  38.28411,-44.9306,27.02016
35.55:  38.39819,-44.70691,27.02016
35.57:  38.51087,-44.48595,27.02016
35.59:  38.624,-44.26412,27.02016
35.6:  38.73776,-44.04105,27.02016
35.62:  38.8511,-43.81879,27.02016
35.64:  38.96524,-43.59499,27.02016
35.65:  39.0784,-43.37308,27.02016
35.67:  39.19149,-43.15133,27.02016
35.69:  39.30716,-42.92451,27.02016
35.7:  39.41959,-42.70404,27.02016
35.72:  39.53365,-42.48038,27.02016
35.74:  39.64651,-42.25907,27.02016
35.75:  39.76007,-42.03639,27.02016
35.77:  39.87431,-41.81237,27.02016
35.79:  39.98784,-41.58976,27.02016
35.8:  40.10162,-41.36665,27.02016
35.82:  40.21476,-41.1448,27.02016
35.84:  40.32985,-40.91912,27.02016
35.85:  40.44364,-40.69598,27.02016
35.87:  40.55482,-40.47796,27.02016
35.89:  40.66879,-40.25448,27.02016
35.9:  40.78172,-40.03303,27.02016
35.92:  40.89557,-39.80978,27.02016
35.94:  41.01001,-39.58538,27.02016
35.95:  41.12355,-39.36274,27.02016
35.97:  41.23705,-39.14018,27.02016
35.99:  41.35158,-38.9156,27.02016
36:  41.46362,-38.6959,27.02016
36.02:  41.57776,-38.47208,27.02016
36.04:  41.69207,-38.24794,27.02016
36.05:  41.80499,-38.0265,27.02016
36.07:  41.91854,-37.80383,27.02016
36.09:  42.03222,-37.58094,27.02016
36.1:  42.14557,-37.35866,27.02016
36.12:  42.2592,-37.13584,27.02016
36.14:  42.36705,-36.90993,25.52016
36.15:  42.46816,-36.68306,24.02016
36.17:  42.56399,-36.45193,22.52016
36.19:  42.65375,-36.21834,21.02016
36.2:  42.73803,-35.98059,19.52016
36.22:  42.81492,-35.74424,18.02016
36.24:  42.88594,-35.50479,16.52016
36.26:  42.95078,-35.26317,15.02016
36.27:  43.01055,-35.01745,13.6719
36.29:  43.06408,-34.77542,12.47236
36.3:  43.11346,-34.531,11.42243
36.32:  43.15923,-34.28462,10.52286
36.34:  43.20139,-34.03988,9.772299
36.35:  43.24128,-33.7928,9.171906
36.37:  43.27942,-33.54424,8.722395
36.39:  43.31591,-33.29774,8.422389
36.4:  43.35196,-33.04977,8.27273
36.42:  43.3875,-32.80532,8.271287
36.44:  43.42381,-32.55556,8.271287
36.45:  43.4596,-32.30934,8.271287
36.47:  43.49588,-32.05982,8.271287
36.49:  43.53177,-31.81293,8.271287
36.51:  43.56784,-31.56478,8.271287
36.52:  43.59753,-31.31471,6.771287
36.54:  43.62026,-31.06841,5.271287
36.55:  43.63657,-30.82097,3.771287
36.57:  43.6465,-30.57064,2.271287
36.59:  43.64985,-30.32186,0.771287
36.6:  43.64731,-30.0703,359.4222
36.62:  43.63958,-29.82118,358.2227
36.64:  43.62713,-29.56885,357.1748
36.66:  43.61086,-29.31888,356.2772
36.67:  43.59106,-29.06541,355.5321
36.69:  43.56936,-28.82067,354.9344
36.7:  43.54551,-28.57353,354.4857
36.72:  43.52005,-28.32349,354.1878
36.74:  43.49367,-28.07068,354.0424
36.75:  43.46833,-27.82784,354.0424
36.77:  43.44245,-27.57989,354.0424
36.79:  43.41663,-27.33244,354.0424
36.8:  43.39059,-27.08292,354.0424
36.82:  43.36472,-26.83505,354.0424
36.85:  43.33871,-26.58579,354.0424
36.87:  43.3127,-26.33649,354.0424
36.89:  43.28636,-26.08408,354.0424
36.91:  43.26041,-25.83547,354.0424
36.92:  43.23451,-25.58727,354.0424
36.94:  43.20841,-25.33714,354.0424
36.96:  43.1825,-25.08885,354.0424
36.97:  43.15604,-24.83525,354.0424
36.99:  43.13082,-24.59362,354.0424
37.01:  43.10495,-24.34575,354.0424
37.02:  43.07228,-24.09614,352.5424
37.04:  43.03361,-23.8508,351.0424
37.05:  42.98822,-23.60491,349.5424
37.07:  42.93706,-23.36331,348.0424
37.09:  42.87845,-23.1184,346.5424
37.11:  42.81357,-22.87555,345.0424
37.12:  42.74243,-22.63235,343.6945
37.14:  42.66878,-22.39884,342.4934
37.15:  42.58913,-22.16158,341.4425
37.17:  42.50624,-21.92698,340.5409
37.19:  42.42076,-21.69483,339.7878
37.2:  42.33131,-21.45952,339.1856
37.22:  42.23993,-21.22472,338.7347
37.24:  42.14706,-20.98973,338.4353
37.26:  42.05521,-20.7591,338.2849
37.27:  41.9621,-20.5253,338.2849
37.29:  41.86978,-20.2935,338.2849
37.3:  41.77757,-20.06195,338.2849
37.32:  41.68522,-19.83007,338.2849
37.34:  41.59254,-19.59736,338.2849
37.36:  41.49925,-19.3631,338.2849
37.37:  41.40665,-19.1306,338.2849
37.39:  41.31507,-18.90062,338.2849
37.4:  41.22301,-18.66948,338.2849
37.42:  41.13627,-18.43391,339.7849
37.44:  41.05673,-18.19912,341.2849
37.46:  40.98158,-17.95658,342.7849
37.47:  40.91336,-17.71412,344.2849
37.49:  40.85225,-17.4729,345.7849
37.51:  40.79661,-17.22629,347.2849
37.52:  40.74818,-16.98207,348.7849
37.54:  40.70617,-16.73664,350.2849
37.56:  40.67086,-16.49207,351.7849
37.57:  40.64103,-16.23874,353.2849
37.59:  40.61865,-15.99356,354.7849
37.61:  40.60233,-15.7421,356.2849
37.62:  40.59267,-15.49238,357.7849
37.64:  40.58955,-15.24271,359.2849
37.66:  40.59294,-14.99519,0.7849348
37.67:  40.60299,-14.74331,2.284935
37.69:  40.61939,-14.49547,3.784935
37.71:  40.64268,-14.24362,5.284935
37.72:  40.67184,-13.99854,6.784935
37.74:  40.70823,-13.74864,8.284935
37.75:  40.75102,-13.50055,9.784936
37.77:  40.79818,-13.2642,11.28493
37.79:  40.85389,-13.0187,12.78493
37.8:  40.91519,-12.77794,14.28494
37.82:  40.98327,-12.53712,15.78493
37.84:  41.05765,-12.29583,17.13344
37.85:  41.13556,-12.06073,18.33334
37.87:  41.21801,-11.82639,19.38418
37.89:  41.30473,-11.59175,20.28493
37.9:  41.39513,-11.35668,21.03457
37.92:  41.48752,-11.12374,21.63386
37.94:  41.58109,-10.89311,22.08381
37.95:  41.67664,-10.6611,22.38321
37.97:  41.77295,-10.42896,22.53182
37.99:  41.86772,-10.20052,22.53204
38:  41.96424,-9.967852,22.53204
38.02:  42.06052,-9.735788,22.53204
38.04:  42.1556,-9.506608,22.53204
38.06:  42.25193,-9.274412,22.53204
38.07:  42.34861,-9.041377,22.53204
38.09:  42.44429,-8.810762,22.53204
38.11:  42.53947,-8.581337,22.53204
38.12:  42.63632,-8.347876,22.53204
38.14:  42.73225,-8.116647,22.53204
38.15:  42.82771,-7.886566,22.53204
38.17:  42.92182,-7.659708,22.53204
38.19:  43.01707,-7.43012,22.53204
38.2:  43.11309,-7.198685,22.53204
38.22:  43.20912,-6.967213,22.53204
38.24:  43.30584,-6.734068,22.53204
38.25:  43.40334,-6.499067,22.53204
38.27:  43.49787,-6.271211,22.53204
38.29:  43.59484,-6.03747,22.53204
38.3:  43.68852,-5.811662,22.53204
38.32:  43.78508,-5.578915,22.53204
38.34:  43.88095,-5.347826,22.53204
38.35:  43.9771,-5.116066,22.53204
38.37:  44.0727,-4.885623,22.53204
38.39:  44.16893,-4.653676,22.53204
38.4:  44.26421,-4.424007,22.53204
38.42:  44.36007,-4.192944,22.53204
38.44:  44.45605,-3.961603,22.53204
38.45:  44.55104,-3.732648,22.53204
38.47:  44.64745,-3.500256,22.53204
38.49:  44.74306,-3.269793,22.53204
38.51:  44.83914,-3.038207,22.53204
38.52:  44.93541,-2.806161,22.53204
38.54:  45.02987,-2.57847,22.53204
38.55:  45.12521,-2.348648,22.53204
38.57:  45.22106,-2.117615,22.53204
38.59:  45.31779,-1.884453,22.53204
38.6:  45.41333,-1.65417,22.53204
38.62:  45.50947,-1.422439,22.53204
38.64:  45.60448,-1.193418,22.53204
38.65:  45.70053,-0.9618957,22.53204
38.67:  45.79607,-0.7316079,22.53204
38.69:  45.89246,-0.4992668,22.53204
38.7:  45.98892,-0.2667761,22.53204
38.72:  46.08429,-0.03688312,22.53204
38.74:  46.1801,0.1940379,22.53204
38.75:  46.27616,0.4255989,22.53204
38.77:  46.37067,0.6534067,22.53204
38.79:  46.46743,0.8866221,22.53204
38.8:  46.56279,1.116478,22.53204
38.82:  46.65837,1.346861,22.53204
38.84:  46.75443,1.578411,22.53204
38.85:  46.84969,1.808035,22.53204
38.87:  46.94611,2.040433,22.53204
38.89:  47.04261,2.273043,22.53204
38.9:  47.13863,2.50449,22.53204
38.92:  47.23291,2.731743,22.53204
38.94:  47.32928,2.964023,22.53204
38.95:  47.42508,3.194941,22.53204
38.97:  47.52106,3.426302,22.53204
38.99:  47.61677,3.656998,22.53204
39.01:  47.71277,3.888402,22.53204
39.02:  47.80925,4.120964,22.53204
39.04:  47.9048,4.351265,22.53204
39.06:  48.00059,4.582165,22.53204
39.07:  48.0968,4.814072,22.53204
39.09:  48.1932,5.046429,22.53204
39.11:  48.28815,5.275305,22.53204
39.12:  48.38412,5.506621,22.53204
39.14:  48.47976,5.73714,22.53204
39.16:  48.57533,5.967501,22.53204
39.17:  48.67196,6.200423,22.53204
39.19:  48.76629,6.427797,22.53204
39.2:  48.86177,6.657937,22.53204
39.22:  48.89057,6.889927,22.53204
39.24:  48.89057,7.12112,22.53204
39.25:  48.89057,7.352681,22.53204
39.27:  48.89057,7.582142,22.53204
39.29:  48.89057,7.815849,22.53204
39.3:  48.89057,8.043719,22.53204
39.32:  48.89057,8.274258,24.03204
39.34:  48.89057,8.497686,25.53203
39.35:  48.89057,8.720322,27.03203
39.37:  48.89057,8.940864,28.53204
39.39:  48.89057,9.158847,30.03204
39.41:  48.89057,9.372442,31.53204
39.42:  48.90135,9.588879,33.03204
39.44:  48.93311,9.81061,34.53204
39.45:  48.99485,10.03072,36.03204
39.47:  49.07787,10.25227,37.53204
39.49:  49.18523,10.47056,39.03204
39.51:  49.31528,10.67951,40.53204
39.52:  49.46806,10.877,42.03204
39.54:  49.63887,11.05679,43.53204
39.55:  49.81585,11.23357,45.03205
39.57:  49.998,11.40623,46.53205
39.59:  50.18528,11.57467,48.03204
39.6:  50.37346,11.73521,49.53204
39.62:  50.5687,11.89313,51.03205
39.64:  50.76825,12.04607,52.53204
39.65:  50.96785,12.19092,54.03204
39.67:  51.174,12.33244,55.53204
39.69:  51.38263,12.46776,57.03204
39.7:  51.59811,12.59964,58.53204
39.72:  51.81495,12.72467,60.03204
39.74:  52.03947,12.84719,61.37857
39.76:  52.25564,12.95934,62.57899
39.77:  52.48081,13.07098,63.62861
39.79:  52.70444,13.1775,64.52961
39.8:  52.93129,13.28193,65.28077
39.82:  53.16059,13.38459,65.88119
39.84:  53.38914,13.48477,66.33187
39.86:  53.61959,13.58434,66.63194
39.87:  53.85018,13.68326,66.78146
39.89:  54.07952,13.78164,66.78146
39.91:  54.3081,13.8797,66.78146
39.92:  54.53984,13.97911,66.78146
39.94:  54.76906,14.07744,66.78146
39.96:  54.99901,14.17609,66.78146
39.97:  55.22902,14.27476,66.78146
39.99:  55.45848,14.37319,66.78146
40.01:  55.68881,14.472,66.78146
40.02:  55.91813,14.57038,66.78146
40.04:  56.14756,14.6688,66.78146
40.05:  56.3763,14.76693,66.78146
40.07:  56.60546,14.86523,66.78146
40.09:  56.83453,14.9635,66.78146
40.1:  57.06268,15.06137,66.78146
40.12:  57.29462,15.16087,66.78146
40.14:  57.52511,15.25974,66.78146
40.16:  57.75447,15.35814,66.78146
40.17:  57.98579,15.45737,66.78146
40.19:  58.21592,15.55609,66.78146
40.2:  58.44972,15.64922,68.28146
40.22:  58.67968,15.73391,69.78146
40.24:  58.91586,15.81394,71.28146
40.25:  59.15636,15.88847,72.78146
40.27:  59.39802,15.95648,74.28146
40.29:  59.63837,16.01738,75.78146
40.3:  59.88219,16.07242,77.28146
40.32:  60.12762,16.12109,78.78147
40.34:  60.37971,16.16427,80.28146
40.36:  60.62394,16.19954,81.78146
40.37:  60.87462,16.22907,83.28146
40.39:  61.12139,16.25161,84.78146
40.41:  61.37086,16.26782,86.28146
40.42:  61.62107,16.27818,87.63121
40.44:  61.86729,16.28319,88.83319
40.45:  62.11766,16.28369,89.88495
40.47:  62.36952,16.28024,90.78558
40.49:  62.62225,16.27347,91.53452
40.51:  62.87109,16.2642,92.13405
40.52:  63.12013,16.25296,92.584
40.54:  63.36885,16.24043,92.88454
40.56:  63.6195,16.22714,93.03446
40.57:  63.86872,16.21393,93.03465
40.59:  64.12076,16.20056,93.03465
40.6:  64.36432,16.18765,93.03465
40.62:  64.61592,16.18091,91.53465
40.64:  64.86514,16.18076,90.03465
40.65:  65.1154,16.18716,88.53465
40.67:  65.36319,16.2,87.03465
40.69:  65.61438,16.21961,85.53465
40.7:  65.86646,16.24595,84.03465
40.72:  66.11268,16.27822,82.53465
40.74:  66.36069,16.31735,81.03465
40.75:  66.60252,16.36201,79.53466
40.77:  66.85011,16.41448,78.03465
40.79:  67.09322,16.4727,76.53465
40.8:  67.33443,16.53717,75.03465
40.82:  67.57488,16.60824,73.53465
40.84:  67.81104,16.68481,72.03465
40.86:  68.04639,16.768,70.53465
40.87:  68.28339,16.85808,69.18678
40.89:  68.51451,16.95152,67.98848
40.9:  68.74371,17.04909,66.93964
40.92:  68.97079,17.15001,66.03989
40.96:  69.19876,17.25491,65.29072
40.97:  69.4252,17.36198,64.69183
40.99:  69.64871,17.46983,64.24185
41.01:  69.87444,17.5802,63.94263
41.02:  70.09948,17.69097,63.79391
41.04:  70.32409,17.80152,63.79391
41.06:  70.54742,17.91144,63.79391
41.07:  70.77176,18.02186,63.79391
41.09:  70.99522,18.13185,63.79391
41.11:  71.22,18.24248,63.79391
41.12:  71.4451,18.35327,63.79391
41.14:  71.66869,18.46333,63.79391
41.16:  71.89219,18.57333,63.79391
41.17:  72.1179,18.68442,63.79391
41.19:  72.34265,18.79504,63.79391
41.2:  72.56663,18.90528,63.79391
41.22:  72.78819,19.01433,63.79391
41.24:  73.01334,19.12515,63.79391
41.25:  73.24149,19.23012,65.29391
41.27:  73.46983,19.32801,66.7939
41.29:  73.70229,19.42055,68.2939
41.31:  73.93991,19.50801,69.7939
41.32:  74.17559,19.58781,71.2939
41.34:  74.41546,19.66208,72.7939
41.36:  74.65485,19.7294,74.29391
41.37:  74.89806,19.79097,75.79391
41.39:  75.14167,19.8459,77.29391
41.41:  75.38729,19.89456,78.79391
41.42:  75.63264,19.93653,80.29391
41.44:  75.88037,19.97225,81.79391
41.45:  76.12827,20.0014,83.29391
41.47:  76.37617,20.02399,84.79391
41.49:  76.62524,20.04012,86.29391
41.5:  76.87541,20.04976,87.79392
41.52:  77.12502,20.05283,89.29392
41.54:  77.37717,20.04934,90.79391
41.56:  77.62852,20.03927,92.29392
41.57:  77.87656,20.02282,93.79392
41.59:  78.12621,19.99969,95.29392
41.6:  78.37124,19.9705,96.79392
41.62:  78.61932,19.93433,98.29391
41.64:  78.8661,19.89174,99.79391
41.65:  79.10834,19.84336,101.2939
41.67:  79.35274,19.78786,102.7939
41.69:  79.59445,19.72627,104.2939
41.71:  79.84066,19.65663,105.7939
41.72:  80.08025,19.58204,107.2939
41.74:  80.31369,19.50259,108.7939
41.76:  80.55172,19.41457,110.2939
41.77:  80.78088,19.32294,111.7939
41.79:  81.01152,19.22364,113.2939
41.8:  81.23504,19.12039,114.7939
41.82:  81.4595,19.00948,116.2939
41.84:  81.68168,18.89237,117.7939
41.86:  81.89777,18.77114,119.2939
41.87:  82.11502,18.64166,120.7939
41.89:  82.326,18.50832,122.2939
41.91:  82.53568,18.36798,123.7939
41.92:  82.74042,18.22305,125.2939
41.94:  82.94003,18.07376,126.7939
41.95:  83.1371,17.91815,128.2939
41.97:  83.32637,17.76049,129.7939
41.99:  83.51909,17.59122,131.2939
42:  83.69793,17.42565,132.7939
42.02:  83.87695,17.25098,134.2939
42.04:  84.05067,17.07238,135.7939
42.06:  84.22179,16.88698,137.2939
42.07:  84.38796,16.69721,138.7939
42.09:  84.54633,16.5065,140.2939
42.11:  84.70209,16.3086,141.7939
42.12:  84.8498,16.11048,143.2939
42.14:  84.99586,15.90347,144.7939
42.16:  85.1336,15.69699,146.2939
42.17:  85.26838,15.48301,147.7939
42.19:  85.39497,15.26985,149.2939
42.2:  85.51639,15.05266,150.7939
42.22:  85.63127,14.8339,152.2939
42.24:  85.74159,14.60976,153.7939
42.25:  85.84687,14.38093,155.2939
42.27:  85.94495,14.15217,156.7939
42.29:  86.03814,13.91805,158.2939
42.3:  86.1245,13.68341,159.7939
42.32:  86.20417,13.44811,161.2939
42.34:  86.27983,13.20379,162.7939
42.36:  86.34595,12.96868,164.2939
42.37:  86.40833,12.72225,165.7939
42.39:  86.46198,12.48429,167.2939
42.41:  86.51136,12.23505,168.7939
42.42:  86.5536,11.98812,170.2939
42.44:  86.58864,11.74513,171.7939
42.46:  86.61795,11.49584,173.2939
42.47:  86.64074,11.24567,174.7939
42.49:  86.65768,10.99439,176.1428
42.5:  86.66911,10.74815,177.3438
42.52:  86.67612,10.49811,178.3947
42.54:  86.67923,10.24533,179.2939
42.55:  86.67904,9.995967,180.0435
42.57:  86.67625,9.746824,180.6436
42.59:  86.67146,9.496161,181.0933
42.6:  86.66538,9.246158,181.393
42.62:  86.65868,8.997639,181.5435
42.64:  86.65196,8.748464,181.5444
42.66:  86.64517,8.496443,181.5444
42.67:  86.63843,8.246204,181.5444
42.69:  86.63174,7.998302,181.5444
42.71:  86.62497,7.747209,181.5444
42.72:  86.61823,7.497099,181.5444
42.74:  86.61149,7.247013,181.5444
42.76:  86.60474,6.997112,181.5444
42.77:  86.59801,6.747232,181.5444
42.79:  86.59128,6.497573,181.5444
42.81:  86.58454,6.247585,181.5444
42.82:  86.57781,5.998017,181.5444
42.84:  86.57111,5.74956,181.5444
42.86:  86.56432,5.497403,181.5444
42.87:  86.55789,5.259256,181.5444
42.89:  86.5519,5.036855,181.5444
42.91:  86.5462,4.825548,181.5444
42.92:  86.54073,4.622912,181.5444
42.94:  86.53554,4.430188,181.5444
42.96:  86.53103,4.2628,181.5444
42.97:  86.52659,4.098242,181.5444
42.99:  86.52251,3.947137,181.5444
43.01:  86.51884,3.810897,181.5444
43.02:  86.51545,3.684872,181.5444
43.04:  86.51244,3.573583,181.5444
43.05:  86.50976,3.473933,181.5444
43.07:  86.50739,3.385994,181.5444
43.09:  86.50536,3.310922,181.5444
43.11:  86.5037,3.249223,181.5444
43.12:  86.50233,3.198222,181.5444
43.14:  86.50131,3.160701,181.5444
43.16:  86.50065,3.135943,181.5444
43.17:  86.50031,3.123296,181.5444
43.19:  86.50031,3.123296,181.5444
43.2:  86.50031,3.123296,181.5444
43.22:  86.50031,3.123296,181.5444
43.24:  86.50031,3.123296,181.5444
43.25:  86.50031,3.123296,181.5444
43.27:  86.50031,3.123296,181.5444
43.29:  86.50031,3.123296,181.5444
43.31:  86.50031,3.123296,181.5444
43.32:  86.50031,3.123296,181.5444
43.34:  86.50031,3.123296,181.5444
43.36:  86.50031,3.123296,181.5444
43.37:  86.50031,3.123296,181.5444
43.39:  86.50031,3.123296,181.5444
43.41:  86.50031,3.123296,181.5444
43.42:  86.50031,3.123296,181.5444
43.44:  86.50031,3.123296,181.5444
43.46:  86.50031,3.123296,181.5444
43.47:  86.50031,3.123296,181.5444
43.49:  86.50031,3.123296,181.5444
43.51:  86.50031,3.123296,181.5444
43.52:  86.50031,3.123296,181.5444
43.54:  86.50031,3.123296,181.5444
43.56:  86.50031,3.123296,181.5444
43.57:  86.50031,3.123296,181.5444
43.59:  86.50031,3.123296,181.5444
43.61:  86.50031,3.123296,181.5444
43.62:  86.50031,3.123296,181.5444
43.64:  86.50031,3.123296,181.5444
43.65:  86.50031,3.123296,181.5444
43.67:  86.50031,3.123296,181.5444
43.69:  86.50031,3.123296,181.5444
43.7:  86.50031,3.123296,181.5444
43.72:  86.50031,3.123296,181.5444
43.74:  86.50031,3.123296,181.5444
43.76:  86.50031,3.123296,181.5444
43.77:  86.50031,3.123296,181.5444
43.79:  86.50031,3.123296,181.5444
43.81:  86.50031,3.123296,181.5444
43.82:  86.50031,3.123296,181.5444
43.84:  86.50031,3.123296,181.5444
43.86:  86.50031,3.123296,181.5444
43.87:  86.50031,3.123296,181.5444
43.89:  86.50031,3.123296,181.5444
43.9:  86.50031,3.123296,181.5444
43.92:  86.50031,3.123296,181.5444
43.94:  86.50031,3.123296,181.5444
43.95:  86.50031,3.123296,181.5444
43.97:  86.50031,3.123296,181.5444
43.99:  86.50031,3.123296,181.5444
44.01:  86.50031,3.123296,181.5444
44.02:  86.50031,3.123296,181.5444
44.04:  86.50031,3.123296,181.5444
44.05:  86.50031,3.123296,181.5444
44.07:  86.50031,3.123296,181.5444
44.09:  86.50031,3.123296,181.5444
44.1:  86.50031,3.123296,181.5444
44.12:  86.50031,3.123296,181.5444
44.14:  86.50031,3.123296,181.5444
44.16:  86.50031,3.123296,181.5444
44.17:  86.50031,3.123296,181.5444
44.19:  86.50031,3.123296,181.5444
44.2:  86.50031,3.123296,181.5444
44.22:  86.50031,3.123296,181.5444
44.24:  86.50031,3.123296,181.5444
44.25:  86.50031,3.123296,181.5444
44.27:  86.50031,3.123296,181.5444
44.29:  86.50031,3.123296,181.5444
44.3:  86.50031,3.123296,181.5444
44.32:  86.50031,3.123296,181.5444
44.34:  86.50031,3.123296,181.5444
44.36:  86.50031,3.123296,181.5444
