ParticipantNo: 12218
Controller type: Gamepad
Training Level Timed:
0.02:  82.7,18.5,270
0.03:  82.7,18.5,270
0.05:  82.7,18.5,270
0.07:  82.7,18.5,270
0.08:  82.7,18.5,270
0.1:  82.7,18.5,270
0.12:  82.7,18.5,270
0.13:  82.7,18.5,270
0.15:  82.7,18.5,270
0.17:  82.7,18.5,270
0.18:  82.7,18.5,270
0.2:  82.7,18.5,270
0.22:  82.7,18.5,270
0.23:  82.7,18.5,270
0.25:  82.7,18.5,270
0.27:  82.7,18.5,270
0.28:  82.7,18.5,270
0.3:  82.7,18.5,270
0.32:  82.7,18.5,270
0.33:  82.7,18.5,270
0.35:  82.7,18.5,270
0.37:  82.7,18.5,270
0.38:  82.7,18.5,270
0.4:  82.7,18.5,270
0.42:  82.7,18.5,270
0.43:  82.7,18.5,270
0.45:  82.7,18.5,270
0.47:  82.7,18.5,270
0.48:  82.7,18.5,270
0.5:  82.7,18.5,270
0.52:  82.7,18.5,270
0.53:  82.7,18.5,270
0.55:  82.7,18.5,270
0.57:  82.7,18.5,270
0.58:  82.7,18.5,270
0.6:  82.7,18.5,270
0.62:  82.7,18.5,270
0.63:  82.7,18.5,270
0.65:  82.7,18.5,270
0.67:  82.7,18.5,270
0.68:  82.7,18.5,270
0.7:  82.7,18.5,270
0.72:  82.7,18.5,270
0.73:  82.7,18.5,270
0.75:  82.7,18.5,270
0.77:  82.7,18.5,270
0.78:  82.7,18.5,270
0.8:  82.7,18.5,270
0.82:  82.7,18.5,270
0.83:  82.7,18.5,270
0.85:  82.7,18.5,270
0.87:  82.7,18.5,270
0.88:  82.7,18.5,270
0.9:  82.7,18.5,270
0.92:  82.7,18.5,270
0.93:  82.7,18.5,270
0.95:  82.7,18.5,270
0.97:  82.7,18.5,270
0.98:  82.7,18.5,270
1:  82.7,18.5,270
1.02:  82.7,18.5,270
1.03:  82.7,18.5,270
1.05:  82.7,18.5,270
1.07:  82.7,18.5,270
1.08:  82.7,18.5,270
1.1:  82.7,18.5,270
1.12:  82.7,18.5,270
1.13:  82.7,18.5,270
1.15:  82.7,18.5,270
1.17:  82.7,18.5,270
1.18:  82.7,18.5,270
1.2:  82.7,18.5,270
1.22:  82.7,18.5,270
1.23:  82.7,18.5,270
1.25:  82.7,18.5,270
1.27:  82.7,18.5,270
1.28:  82.7,18.5,270
1.3:  82.7,18.5,270
1.32:  82.7,18.5,270
1.33:  82.7,18.5,270
1.35:  82.7,18.5,270
1.37:  82.7,18.5,270
1.38:  82.7,18.5,270
1.4:  82.7,18.5,270
1.42:  82.7,18.5,270
1.43:  82.7,18.5,270
1.45:  82.7,18.5,270
1.47:  82.7,18.5,270
1.48:  82.7,18.5,270
1.5:  82.7,18.5,270
1.52:  82.7,18.5,270
1.53:  82.7,18.5,270
1.55:  82.7,18.5,270
1.57:  82.7,18.5,270
1.58:  82.7,18.5,270
1.6:  82.7,18.5,270
1.63:  82.7,18.5,270
1.65:  82.7,18.5,270
1.67:  82.7,18.5,270
1.68:  82.7,18.5,270
1.7:  82.7,18.5,270
1.72:  82.7,18.5,270
1.73:  82.7,18.5,270
1.75:  82.7,18.5,270
1.77:  82.7,18.5,270
1.78:  82.7,18.5,270
1.8:  82.7,18.5,270
1.82:  82.7,18.5,270
1.83:  82.7,18.5,270
1.85:  82.7,18.5,270
1.87:  82.7,18.5,270
1.88:  82.7,18.5,270
1.9:  82.7,18.5,270
1.92:  82.7,18.5,270
1.93:  82.7,18.5,270
1.95:  82.7,18.5,270
1.97:  82.7,18.5,270
1.98:  82.7,18.5,270
2:  82.7,18.5,270
2.02:  82.7,18.5,270
2.03:  82.7,18.5,270
2.05:  82.7,18.5,270
2.07:  82.7,18.5,270
2.08:  82.7,18.5,270
2.1:  82.7,18.5,270
2.12:  82.7,18.5,270
2.13:  82.7,18.5,270
2.15:  82.7,18.5,270
2.17:  82.7,18.5,270
2.18:  82.7,18.5,270
2.2:  82.7,18.5,270
2.22:  82.7,18.5,270
2.23:  82.7,18.5,270
2.25:  82.7,18.5,270
2.27:  82.7,18.5,270
2.28:  82.7,18.5,270
2.3:  82.7,18.5,270
2.32:  82.7,18.5,270
2.33:  82.7,18.5,270
2.35:  82.7,18.5,270
2.37:  82.7,18.5,270
2.38:  82.7,18.5,270
2.4:  82.7,18.5,270
2.42:  82.7,18.5,270
2.43:  82.7,18.5,270
2.45:  82.7,18.5,270
2.47:  82.7,18.5,270
2.48:  82.7,18.5,270
2.5:  82.7,18.5,270
2.52:  82.7,18.5,270
2.53:  82.7,18.5,270
2.55:  82.7,18.5,270
2.57:  82.7,18.5,270
2.58:  82.7,18.5,270
2.6:  82.7,18.5,270
2.62:  82.7,18.5,270
2.63:  82.7,18.5,270
2.65:  82.7,18.5,270
2.67:  82.7,18.5,270
2.68:  82.7,18.5,270
2.7:  82.7,18.5,270
2.72:  82.7,18.5,270
2.73:  82.7,18.5,270
2.75:  82.7,18.5,270
2.77:  82.7,18.5,269.6558
2.78:  82.7,18.5,269.0073
2.8:  82.7,18.5,268.2195
2.82:  82.7,18.5,267.4316
2.83:  82.7,18.5,266.6437
2.85:  82.7,18.5,265.8558
2.87:  82.7,18.5,265.0679
2.88:  82.7,18.5,264.2801
2.9:  82.7,18.5,263.4922
2.92:  82.7,18.5,262.7043
2.93:  82.7,18.5,261.9164
2.95:  82.7,18.5,261.1285
2.97:  82.7,18.5,260.3407
2.98:  82.7,18.5,259.5528
3:  82.7,18.5,258.7649
3.02:  82.7,18.5,257.9771
3.03:  82.7,18.5,257.1891
3.05:  82.7,18.5,256.4013
3.07:  82.7,18.5,255.6134
3.08:  82.7,18.5,254.8255
3.1:  82.7,18.5,254.0376
3.12:  82.7,18.5,253.2498
3.13:  82.7,18.5,252.4619
3.15:  82.7,18.5,251.674
3.17:  82.7,18.5,250.8861
3.18:  82.7,18.5,250.0982
3.2:  82.7,18.5,249.3104
3.22:  82.7,18.5,248.5225
3.23:  82.7,18.5,247.7346
3.25:  82.7,18.5,246.9467
3.27:  82.7,18.5,246.1588
3.28:  82.7,18.5,245.371
3.3:  82.7,18.5,244.5831
3.32:  82.7,18.5,243.7952
3.33:  82.7,18.5,243.0073
3.35:  82.7,18.5,242.2195
3.37:  82.7,18.5,241.4316
3.38:  82.7,18.5,240.6437
3.4:  82.7,18.5,239.8558
3.42:  82.7,18.5,239.0679
3.43:  82.7,18.5,238.2801
3.45:  82.7,18.5,237.4922
3.47:  82.7,18.5,236.7043
3.48:  82.7,18.5,235.9164
3.5:  82.7,18.5,235.1286
3.52:  82.7,18.5,234.3407
3.53:  82.7,18.5,233.5528
3.55:  82.7,18.5,232.7649
3.57:  82.7,18.5,231.977
3.58:  82.7,18.5,231.1892
3.6:  82.7,18.5,230.4013
3.62:  82.7,18.5,229.6134
3.63:  82.7,18.5,228.8255
3.65:  82.7,18.5,228.0376
3.67:  82.7,18.5,227.2498
3.68:  82.7,18.5,226.4619
3.7:  82.7,18.5,225.674
3.72:  82.7,18.5,224.8861
3.73:  82.7,18.5,224.0983
3.75:  82.7,18.5,223.3104
3.77:  82.7,18.5,222.5225
3.78:  82.7,18.5,221.7346
3.8:  82.7,18.5,220.9467
3.82:  82.7,18.5,220.1589
3.83:  82.7,18.5,219.371
3.85:  82.7,18.5,218.5831
3.87:  82.7,18.5,217.7952
3.88:  82.7,18.5,217.0074
3.9:  82.7,18.5,216.2195
3.92:  82.7,18.5,215.4316
3.93:  82.7,18.5,214.6437
3.95:  82.7,18.5,213.8558
3.97:  82.7,18.5,213.068
3.98:  82.7,18.5,212.2801
4:  82.7,18.5,211.4922
4.02:  82.7,18.5,210.7043
4.03:  82.7,18.5,209.9164
4.05:  82.7,18.5,209.1286
4.07:  82.7,18.5,208.3407
4.08:  82.7,18.5,207.5528
4.1:  82.7,18.5,206.7649
4.12:  82.7,18.5,205.9771
4.13:  82.7,18.5,205.1892
4.15:  82.7,18.5,204.4013
4.17:  82.7,18.5,203.6134
4.18:  82.7,18.5,202.8255
4.2:  82.7,18.5,202.0377
4.22:  82.7,18.5,201.2498
4.23:  82.7,18.5,200.4619
4.25:  82.7,18.5,199.674
4.27:  82.7,18.5,198.8861
4.28:  82.7,18.5,198.0983
4.3:  82.7,18.5,197.3104
4.32:  82.7,18.5,196.5225
4.33:  82.7,18.5,195.7346
4.35:  82.7,18.5,194.9467
4.37:  82.7,18.5,194.1589
4.38:  82.7,18.5,193.371
4.4:  82.7,18.5,192.5831
4.42:  82.7,18.5,191.7952
4.43:  82.7,18.5,191.0074
4.45:  82.7,18.5,190.2195
4.47:  82.7,18.5,189.4316
4.48:  82.7,18.5,188.6437
4.5:  82.7,18.5,187.8558
4.52:  82.69758,18.48049,187.0679
4.53:  82.6703,18.23263,186.2801
4.55:  82.64651,17.98516,185.4922
4.57:  82.62586,17.73433,184.7043
4.58:  82.60875,17.48432,183.9164
4.6:  82.59528,17.23784,183.1286
4.62:  82.58501,16.98672,182.3407
4.63:  82.57822,16.73629,181.5528
4.65:  82.57383,16.48931,181.0184
4.67:  82.56933,16.23586,181.0184
4.68:  82.56488,15.98588,181.0184
4.7:  82.56049,15.73839,181.0184
4.72:  82.55609,15.49121,181.0184
4.73:  82.55157,15.23691,181.0184
4.75:  82.54704,14.98195,181.0184
4.77:  82.54264,14.73449,181.0184
4.78:  82.53826,14.48818,181.0184
4.8:  82.53378,14.23611,181.0184
4.82:  82.52938,13.98857,181.0184
4.83:  82.52496,13.73973,181.0184
4.85:  82.5203,13.47809,181.0184
4.87:  82.51591,13.23114,181.0184
4.88:  82.51156,12.98629,181.0184
4.9:  82.50714,12.7376,181.0184
4.92:  82.50272,12.48866,181.0184
4.93:  82.49825,12.2372,181.0184
4.95:  82.4938,11.98702,181.0184
4.97:  82.48933,11.73547,181.0184
4.98:  82.48491,11.48708,181.0184
5:  82.4805,11.23886,181.0184
5.02:  82.47603,10.98765,181.0184
5.03:  82.47159,10.73786,181.0184
5.05:  82.46713,10.48726,181.0184
5.07:  82.4627,10.23768,181.0184
5.08:  82.45824,9.98662,181.0184
5.1:  82.45384,9.739367,181.0184
5.12:  82.44937,9.488249,181.0184
5.13:  82.44492,9.237345,181.0184
5.15:  82.44047,8.987311,181.0184
5.17:  82.43588,8.729177,181.0184
5.18:  82.43143,8.479237,181.0184
5.2:  82.42718,8.239676,181.0184
5.22:  82.4228,7.993085,181.0184
5.23:  82.41826,7.737839,181.0184
5.25:  82.41387,7.491224,181.0184
5.27:  82.4092,7.228666,181.0184
5.28:  82.40491,6.987182,181.0184
5.3:  82.40051,6.739189,181.0184
5.32:  82.39604,6.487946,181.0184
5.33:  82.39143,6.228521,181.0184
5.35:  82.38706,5.982953,181.0184
5.37:  82.38275,5.740679,181.0184
5.38:  82.37817,5.482809,181.0184
5.4:  82.37385,5.239552,181.0184
5.42:  82.36942,4.99019,181.0184
5.43:  82.36494,4.738635,181.0184
5.45:  82.3605,4.488894,181.0184
5.47:  82.35603,4.237219,181.0184
5.48:  82.35159,3.987216,181.0184
5.5:  82.34703,3.731236,181.0184
5.52:  82.34271,3.488374,181.0184
5.53:  82.33813,3.23027,181.0184
5.55:  82.33382,2.988456,181.0184
5.57:  82.32936,2.737238,181.0184
5.58:  82.32497,2.490151,181.0184
5.6:  82.32052,2.239785,181.0184
5.62:  82.31605,1.988236,181.0184
5.63:  82.31161,1.738432,181.0184
5.65:  82.30717,1.488756,181.0184
5.67:  82.3027,1.237444,181.0184
5.68:  82.29828,0.9886148,181.0184
5.7:  82.29389,0.7419848,181.0184
5.72:  82.28941,0.489915,181.0184
5.73:  82.28481,0.2311699,181.0184
5.75:  82.28045,-0.01416588,181.0184
5.77:  82.27602,-0.2632316,181.0184
5.78:  82.27158,-0.5133636,181.0184
5.8:  82.26717,-0.7611605,181.0184
5.82:  82.26274,-1.010169,181.0184
5.83:  82.25832,-1.25934,181.0184
5.85:  82.25386,-1.509878,181.0184
5.87:  82.24939,-1.761303,181.0184
5.88:  82.24493,-2.012206,181.0184
5.9:  82.24054,-2.259097,181.0184
5.92:  82.23607,-2.510774,181.0184
5.93:  82.23167,-2.757995,181.0184
5.95:  82.22722,-3.008362,181.0184
5.97:  82.22272,-3.261249,181.0184
5.98:  82.21832,-3.509463,181.0184
6:  82.21388,-3.758748,181.0184
6.02:  82.2094,-4.011082,181.0184
6.03:  82.20498,-4.259616,181.0184
6.05:  82.20053,-4.509964,181.0184
6.07:  82.19617,-4.755313,181.0184
6.08:  82.19167,-5.008306,181.0184
6.1:  82.18726,-5.256152,181.0184
6.12:  82.18262,-5.51709,181.0184
6.13:  82.1782,-5.765772,181.0184
6.15:  82.17384,-6.011465,181.0184
6.17:  82.1694,-6.261316,181.0184
6.18:  82.16497,-6.509954,181.0184
6.2:  82.16059,-6.756506,181.0184
6.22:  82.15617,-7.005598,181.0184
6.23:  82.15162,-7.260997,181.0184
6.25:  82.1472,-7.509669,181.0184
6.27:  82.14277,-7.759227,181.0184
6.28:  82.13818,-8.017529,181.0184
6.3:  82.13383,-8.262113,181.0184
6.32:  82.12942,-8.510219,181.0184
6.33:  82.12499,-8.758848,181.0184
6.35:  82.1206,-9.006346,181.0184
6.37:  82.11607,-9.260753,181.0184
6.38:  82.11163,-9.510352,181.0184
6.4:  82.10727,-9.756108,181.0184
6.42:  82.10276,-10.00943,181.0184
6.43:  82.09831,-10.25959,181.0184
6.45:  82.09383,-10.51221,181.0184
6.47:  82.08947,-10.75704,181.0184
6.48:  82.08485,-11.0171,181.0184
6.5:  82.08045,-11.26466,181.0184
6.52:  82.0761,-11.5094,181.0184
6.53:  82.07165,-11.75992,181.0184
6.55:  82.06722,-12.00879,181.0184
6.57:  82.06281,-12.25672,181.0184
6.58:  82.05819,-12.51661,181.0184
6.6:  82.05379,-12.76448,181.0184
6.62:  82.0494,-13.0113,181.0184
6.63:  82.04494,-13.26176,181.0184
6.65:  82.04053,-13.50978,181.0184
6.67:  82.03609,-13.75992,181.0184
6.68:  82.03167,-14.00869,181.0184
6.7:  82.02715,-14.26271,181.0184
6.72:  82.02286,-14.50427,181.0184
6.73:  82.01832,-14.75956,181.0184
6.75:  82.01379,-15.01433,181.0184
6.77:  82.00942,-15.25986,181.0184
6.78:  82.00496,-15.51124,181.0184
6.8:  82.00062,-15.7552,181.0184
6.82:  81.996,-16.01483,181.0184
6.83:  81.9916,-16.26255,181.0184
6.85:  81.98727,-16.50599,181.0184
6.87:  81.98277,-16.75931,181.0184
6.88:  81.97836,-17.00738,181.0184
6.9:  81.97395,-17.25552,181.0184
6.92:  81.96949,-17.50641,181.0184
6.93:  81.96503,-17.75678,181.0184
6.95:  81.96059,-18.00659,181.0184
6.97:  81.95616,-18.25615,181.0184
6.98:  81.95171,-18.50639,181.0184
7:  81.94727,-18.75605,181.0184
7.02:  81.94284,-19.00533,181.0184
7.03:  81.93839,-19.25623,181.0184
7.05:  81.93393,-19.50648,181.0184
7.07:  81.92949,-19.75643,181.0184
7.08:  81.92505,-20.00607,181.0184
7.1:  81.92062,-20.25579,181.0184
7.12:  81.91617,-20.50567,181.0184
7.13:  81.91172,-20.75595,181.0184
7.15:  81.90724,-21.00776,181.0184
7.17:  81.90281,-21.25725,181.0184
7.18:  81.89836,-21.50755,181.0184
7.2:  81.89394,-21.75602,181.0184
7.22:  81.8895,-22.00565,181.0184
7.23:  81.88512,-22.25241,181.0184
7.25:  81.88062,-22.50529,181.0184
7.27:  81.87615,-22.75668,181.0184
7.28:  81.87172,-23.0063,181.0184
7.3:  81.86728,-23.2559,181.0184
7.32:  81.86286,-23.50456,181.0184
7.33:  81.85836,-23.75781,181.0184
7.35:  81.85396,-24.00539,181.0184
7.37:  81.84952,-24.25523,181.0184
7.38:  81.84509,-24.50439,181.0184
7.4:  81.84061,-24.75591,181.0184
7.42:  81.83617,-25.00558,181.0184
7.43:  81.83173,-25.2553,181.0184
7.45:  81.82729,-25.50501,181.0184
7.47:  81.82285,-25.75519,181.0184
7.48:  81.81842,-26.0043,181.0184
7.5:  81.81396,-26.25547,181.0184
7.52:  81.80951,-26.5058,181.0184
7.53:  81.80507,-26.75536,181.0184
7.55:  81.80065,-27.00406,181.0184
7.57:  81.79618,-27.2555,181.0184
7.58:  81.79173,-27.50556,181.0184
7.6:  81.78731,-27.75431,181.0184
7.62:  81.78288,-28.00381,181.0184
7.63:  81.77843,-28.25376,181.0184
7.65:  81.77399,-28.50389,181.0184
7.67:  81.76955,-28.75359,181.0184
7.68:  81.7651,-29.00373,181.0184
7.7:  81.76064,-29.25466,181.0184
7.72:  81.7562,-29.50442,181.0184
7.73:  81.75179,-29.7523,181.0184
7.75:  81.74734,-30.00282,181.0184
7.77:  81.74286,-30.25493,181.0184
7.78:  81.7384,-30.50542,181.0184
7.8:  81.73399,-30.75334,181.0184
7.82:  81.72953,-31.00443,181.0184
7.83:  81.72511,-31.25357,181.0184
7.85:  81.72069,-31.50215,181.0184
7.87:  81.71622,-31.75343,181.0184
7.88:  81.71177,-32.00385,181.0184
7.9:  81.70733,-32.25351,181.0184
7.92:  81.7029,-32.50265,181.0184
7.93:  81.69844,-32.75333,181.0184
7.95:  81.694,-33.00345,181.0184
7.97:  81.68954,-33.25397,181.0184
7.98:  81.68512,-33.50272,181.0184
8:  81.68057,-33.75874,181.0184
8.02:  81.6762,-34.00436,181.0184
8.03:  81.67176,-34.25407,181.0184
8.05:  81.66734,-34.5032,181.0184
8.07:  81.6629,-34.7529,181.0184
8.08:  81.65844,-35.00345,181.0184
8.1:  81.65401,-35.25284,181.0184
8.12:  81.64957,-35.50235,181.0184
8.13:  81.64513,-35.75231,181.0184
8.15:  81.64069,-36.0024,181.0184
8.17:  81.63626,-36.25108,181.0184
8.18:  81.63177,-36.50372,181.0184
8.2:  81.62731,-36.75473,181.0184
8.22:  81.62284,-37.0063,181.0184
8.23:  81.6185,-37.25052,181.0184
8.25:  81.61388,-37.51051,181.0184
8.27:  81.60938,-37.76317,181.0184
8.28:  81.60513,-38.00243,181.0184
8.3:  81.60064,-38.2549,181.0184
8.32:  81.59621,-38.50395,181.0184
8.33:  81.59179,-38.75293,181.0184
8.35:  81.58736,-39.00222,181.0184
8.37:  81.58289,-39.25362,181.0184
8.38:  81.57847,-39.50227,181.0184
8.4:  81.57401,-39.75328,181.0184
8.42:  81.56958,-40.00216,181.0184
8.43:  81.56513,-40.25233,181.0184
8.45:  81.56068,-40.50294,181.0184
8.47:  81.55621,-40.75462,181.0184
8.48:  81.55178,-41.00347,181.0184
8.5:  81.54734,-41.25322,181.0184
8.52:  81.54291,-41.50268,181.0184
8.53:  81.53846,-41.75277,181.0184
8.55:  81.534,-42.00323,181.0184
8.57:  81.52956,-42.25374,181.0184
8.58:  81.52514,-42.50193,181.0184
8.6:  81.5207,-42.75195,181.0184
8.62:  81.51623,-43.00325,181.0184
8.63:  81.51177,-43.25377,181.0184
8.65:  81.50735,-43.50307,181.0184
8.67:  81.50289,-43.75341,181.0184
8.68:  81.49847,-44.00214,181.0184
8.7:  81.49401,-44.25298,181.0184
8.72:  81.48958,-44.50252,181.0184
8.73:  81.48514,-44.75209,181.0184
8.75:  81.48075,-44.99889,181.0184
8.77:  81.47621,-45.25429,181.0184
8.78:  81.47178,-45.50386,181.0184
8.8:  81.46738,-45.7508,181.0184
8.82:  81.46292,-46.00215,181.0184
8.83:  81.45848,-46.25166,181.0184
8.85:  81.45406,-46.50033,181.0184
8.87:  81.44962,-46.75056,181.0184
8.88:  81.44515,-47.00155,181.0184
8.9:  81.44068,-47.25287,181.0184
8.92:  81.43626,-47.50206,181.0184
8.93:  81.43179,-47.75314,181.0184
8.95:  81.42736,-48.00221,181.0184
8.97:  81.4229,-48.25284,181.0184
8.98:  81.41848,-48.5018,181.0184
9:  81.41403,-48.75199,181.0184
9.02:  81.40958,-49.00216,181.0184
9.03:  81.40514,-49.25231,181.0184
9.05:  81.40071,-49.50149,181.0184
9.07:  81.39626,-49.75205,181.0184
9.08:  81.39182,-50.00195,181.0184
9.1:  81.38738,-50.25129,181.0184
9.12:  81.38293,-50.50147,181.0184
9.13:  81.37849,-50.75171,181.0184
9.15:  81.37405,-51.00083,181.0184
9.17:  81.36961,-51.25131,181.0184
9.18:  81.36514,-51.50219,181.0184
9.2:  81.36071,-51.75134,181.0184
9.22:  81.35629,-52.00045,181.0184
9.23:  81.35182,-52.2516,181.0184
9.25:  81.34743,-52.49836,181.0184
9.27:  81.34294,-52.75096,181.0184
9.28:  81.33847,-53.00243,181.0184
9.3:  81.33404,-53.25183,181.0184
9.32:  81.32961,-53.50132,181.0184
9.33:  81.32516,-53.75144,181.0184
9.35:  81.32073,-54.00057,181.0184
9.37:  81.31628,-54.2507,181.0184
9.38:  81.31184,-54.50045,181.0184
9.4:  81.30737,-54.75212,181.0184
9.42:  81.30293,-55.00229,181.0184
9.43:  81.29851,-55.25052,181.0184
9.45:  81.29408,-55.49952,181.0184
9.47:  81.28896,-55.75015,181.1725
9.48:  81.28193,-56.00876,181.5548
9.5:  81.27282,-56.2527,182.1398
9.52:  81.26015,-56.50034,182.9277
9.55:  81.24384,-56.7515,183.7156
9.57:  81.22415,-57.00151,184.5035
9.58:  81.20103,-57.25113,185.2914
9.6:  81.17463,-57.49902,186.0792
9.62:  81.1188,-57.74039,186.8671
9.63:  81.00423,-57.97971,187.655
9.65:  80.83749,-58.20636,188.4429
9.67:  80.62516,-58.42862,189.2308
9.68:  80.37769,-58.63758,190.0186
9.7:  80.0958,-58.83745,190.8065
9.72:  79.79247,-59.0375,191.5944
9.73:  79.4991,-59.22525,192.3823
9.75:  79.20051,-59.4106,193.1702
9.77:  78.90072,-59.59103,193.958
9.78:  78.59525,-59.7692,194.7459
9.8:  78.29288,-59.94004,195.5338
9.82:  77.98229,-60.10993,196.3217
9.83:  77.66541,-60.27765,197.1095
9.85:  77.34748,-60.44035,197.8974
9.87:  77.02827,-60.59822,198.6853
9.88:  76.71257,-60.74898,199.4732
9.9:  76.39173,-60.89682,200.2611
9.92:  76.05856,-61.04481,201.0489
9.93:  75.74191,-61.18029,201.8368
9.95:  75.40691,-61.3182,202.6247
9.97:  75.08474,-61.44567,203.4126
9.98:  74.75571,-61.57065,204.2005
10:  74.42726,-61.69028,204.9883
10.02:  74.09,-61.80788,205.7762
10.03:  73.7538,-61.91995,206.5641
10.05:  73.40958,-62.02946,207.352
10.07:  73.07867,-62.12975,208.1398
10.08:  72.72738,-62.23096,208.9277
10.1:  72.39727,-62.32117,209.7156
10.12:  72.06109,-62.40809,210.5035
10.13:  71.71614,-62.49224,211.2914
10.15:  71.36827,-62.57204,212.0793
10.17:  71.0116,-62.64872,212.8671
10.18:  70.67484,-62.71629,213.655
10.2:  70.32728,-62.78106,214.4429
10.22:  69.98216,-62.84048,215.2308
10.23:  69.63384,-62.89553,216.0187
10.25:  69.28031,-62.94644,216.8065
10.27:  68.93521,-62.99129,217.5944
10.28:  68.58261,-63.0322,218.3823
10.3:  68.22059,-63.06916,219.1702
10.32:  67.87309,-63.09982,219.9581
10.33:  67.52628,-63.12562,220.7459
10.35:  67.16862,-63.14728,221.5338
10.37:  66.81906,-63.16363,222.3217
10.38:  66.46623,-63.17528,223.1096
10.4:  66.11072,-63.18212,223.8974
10.42:  65.76078,-63.18404,224.6853
10.43:  65.40401,-63.1811,225.4732
10.45:  65.03914,-63.17307,226.2611
10.47:  64.68879,-63.16053,227.049
10.48:  64.34074,-63.14328,227.8369
10.5:  63.98969,-63.12104,228.6247
10.52:  63.64125,-63.09416,229.4126
10.53:  63.28518,-63.06175,230.2005
10.55:  62.93241,-63.02474,230.9884
10.57:  62.5858,-62.98356,231.7762
10.58:  62.23116,-62.93647,232.5641
10.6:  61.88472,-62.8856,233.352
10.62:  61.53888,-62.82996,234.1399
10.63:  61.18612,-62.76822,234.9277
10.65:  60.84262,-62.70322,235.7156
10.67:  60.49357,-62.63218,236.5035
10.68:  60.14922,-62.55716,237.2914
10.7:  59.81543,-62.49567,238.0793
10.72:  59.49895,-62.45309,238.8671
10.73:  59.18745,-62.41451,239.655
10.75:  58.87392,-62.37129,240.4429
10.77:  58.56265,-62.32401,241.2308
10.78:  58.27217,-62.30306,242.0187
10.8:  57.99548,-62.31717,242.8065
10.82:  57.73092,-62.34485,243.5944
10.83:  57.47246,-62.38446,244.3823
10.85:  57.21672,-62.42716,245.1702
10.87:  56.96046,-62.46634,245.9581
10.88:  56.70239,-62.49977,246.7459
10.9:  56.44259,-62.52981,247.5338
10.92:  56.18589,-62.55592,248.3217
10.93:  55.92595,-62.57875,249.1096
10.95:  55.66664,-62.60031,249.8975
10.97:  55.40858,-62.61583,250.6853
10.98:  55.14738,-62.62795,251.4732
11:  54.89073,-62.63632,252.2611
11.02:  54.63011,-62.64123,253.049
11.03:  54.36846,-62.64257,253.8369
11.05:  54.10936,-62.64032,254.6247
11.07:  53.84875,-62.63448,255.4126
11.08:  53.59148,-62.62518,256.2005
11.1:  53.33245,-62.61224,256.9884
11.12:  53.07076,-62.59555,257.7762
11.13:  52.80722,-62.57512,258.5641
11.15:  52.55228,-62.55181,259.352
11.17:  52.29343,-62.52218,260.1399
11.18:  52.02739,-62.46398,260.9278
11.2:  51.76956,-62.39009,261.7156
11.22:  51.50669,-62.30851,262.5035
11.23:  51.24398,-62.22299,263.2914
11.25:  50.97878,-62.13501,264.0793
11.27:  50.71495,-62.04103,264.8672
11.28:  50.46132,-61.9444,265.655
11.3:  50.21037,-61.84715,266.4429
11.32:  49.95373,-61.74361,267.2308
11.33:  49.6973,-61.63361,268.0187
11.35:  49.44703,-61.52214,268.8065
11.37:  49.19376,-61.40513,269.5944
11.38:  48.94519,-61.28613,270.3823
11.4:  48.6982,-61.16368,271.1702
11.42:  48.44623,-61.00104,271.9581
11.43:  48.20504,-60.81792,272.7459
11.45:  47.96593,-60.62858,273.5338
11.47:  47.73603,-60.4388,274.3217
11.48:  47.50125,-60.24215,275.1096
11.5:  47.27036,-60.04328,275.8975
11.52:  47.04099,-59.84016,276.6853
11.53:  46.81817,-59.63731,277.4732
11.55:  46.59628,-59.42965,278.2611
11.57:  46.37706,-59.21597,279.049
11.58:  46.16145,-58.99996,279.8369
11.6:  45.95044,-58.76827,280.6247
11.62:  45.75334,-58.49319,281.4126
11.63:  45.5594,-58.19225,282.2005
11.65:  45.37402,-57.89571,282.9884
11.67:  45.18805,-57.58892,283.7762
11.68:  45.01003,-57.28593,284.5641
11.7:  44.83551,-56.97932,285.352
11.72:  44.66447,-56.66898,286.1399
11.73:  44.49345,-56.34831,286.9277
11.75:  44.33278,-56.0368,287.7156
11.77:  44.17889,-55.7281,288.5035
11.78:  44.0242,-55.40681,289.2914
11.8:  43.87629,-55.08845,290.0793
11.82:  43.73254,-54.7676,290.8671
11.83:  43.58851,-54.43388,291.655
11.85:  43.45514,-54.11281,292.4429
11.87:  43.32479,-53.7864,293.2308
11.88:  43.19785,-53.4554,294.0186
11.9:  43.07551,-53.12275,294.8065
11.92:  42.95964,-52.79382,295.5944
11.93:  42.84596,-52.45639,296.3823
11.95:  42.73474,-52.11059,297.1702
11.97:  42.63242,-51.77679,297.958
11.98:  42.53423,-51.43999,298.7459
12:  42.44062,-51.1017,299.5338
12.02:  42.35048,-50.75755,300.3217
12.03:  42.26625,-50.41695,301.1096
12.05:  42.18388,-50.06306,301.8974
12.07:  42.10847,-49.71767,302.6853
12.08:  42.03856,-49.37486,303.4732
12.1:  41.97318,-49.03009,304.261
12.12:  41.91238,-48.6836,305.049
12.13:  41.85574,-48.3324,305.8368
12.15:  41.80436,-47.98344,306.6247
12.17:  41.75752,-47.63184,307.4126
12.18:  41.71636,-47.28664,308.2004
12.2:  41.6785,-46.92713,308.9883
12.22:  41.64635,-46.57544,309.7762
12.23:  41.61907,-46.22374,310.5641
12.25:  41.59661,-45.87146,311.352
12.27:  41.5779,-45.52118,311.9434
12.28:  41.56112,-45.16618,312.2939
12.3:  41.54499,-44.818,312.3466
12.32:  41.52866,-44.46569,312.3466
12.33:  41.51197,-44.10552,312.3466
12.35:  41.49571,-43.75477,312.3466
12.37:  41.47923,-43.39906,312.3466
12.38:  41.46278,-43.04404,312.3466
12.4:  41.44646,-42.69205,312.3466
12.42:  41.42982,-42.33285,312.3466
12.43:  41.41352,-41.98114,312.3466
12.45:  41.39739,-41.63311,312.3466
12.47:  41.38097,-41.27891,312.3466
12.48:  41.364,-40.9189,312.3003
12.5:  41.34657,-40.57321,312.1145
12.52:  41.32669,-40.2201,311.7766
12.53:  41.30357,-39.86815,311.2422
12.55:  41.27623,-39.51894,310.5241
12.57:  41.24399,-39.16898,309.7362
12.58:  41.20607,-38.81125,308.9483
12.6:  41.16426,-38.46274,308.1605
12.62:  41.11766,-38.11473,307.3726
12.63:  41.06559,-37.76275,306.5847
12.65:  41.009,-37.41348,305.7968
12.67:  40.94758,-37.06485,305.0089
12.68:  40.88121,-36.71618,304.221
12.7:  40.81027,-36.36959,303.4332
12.72:  40.73437,-36.02307,302.6453
12.73:  40.65395,-35.67866,301.8574
12.75:  40.5697,-35.33898,301.0695
12.77:  40.47681,-34.98536,300.2816
12.78:  40.38615,-34.65859,299.4938
12.8:  40.2882,-34.32351,298.7059
12.82:  40.18226,-33.97876,297.918
12.83:  40.07365,-33.6419,297.1301
12.85:  39.9561,-33.29375,296.3423
12.87:  39.84179,-32.96998,295.5544
12.88:  39.72108,-32.64251,294.7665
12.9:  39.59417,-32.31226,293.9786
12.92:  39.46175,-31.98133,293.1907
12.93:  39.32544,-31.65383,292.4029
12.95:  39.18592,-31.33118,291.615
12.97:  39.04316,-31.01313,290.8271
12.98:  38.89206,-30.6885,290.0392
13:  38.73838,-30.36987,289.2513
13.02:  38.58153,-30.05578,288.4635
13.03:  38.42072,-29.74455,287.6756
13.05:  38.25165,-29.42808,286.8877
13.07:  38.08078,-29.11854,286.0998
13.08:  37.90477,-28.80981,285.312
13.1:  37.7264,-28.50671,284.524
13.12:  37.53328,-28.23575,283.7362
13.13:  37.32599,-27.99805,282.9483
13.15:  37.12056,-27.79782,282.1604
13.17:  36.90082,-27.62374,281.3726
13.18:  36.67697,-27.46238,280.5847
13.2:  36.44948,-27.30311,279.7968
13.22:  36.22087,-27.14769,279.0089
13.23:  35.98833,-27.0258,278.221
13.25:  35.74537,-26.91064,277.4332
13.27:  35.51181,-26.80384,276.6453
13.28:  35.2706,-26.69752,275.8574
13.3:  35.03233,-26.5964,275.0695
13.32:  34.78782,-26.49656,274.2816
13.33:  34.54208,-26.40016,273.4938
13.35:  34.28643,-26.30389,272.7059
13.37:  34.05084,-26.21886,271.918
13.38:  33.80132,-26.13018,271.1301
13.4:  33.54974,-25.9968,270.4753
13.42:  33.30612,-25.86183,270.2198
13.43:  33.05309,-25.72164,270.2198
13.45:  32.80391,-25.58359,270.2198
13.47:  32.5529,-25.44452,270.2198
13.48:  32.30319,-25.30372,270.2198
13.5:  32.05416,-25.1633,270.2198
13.52:  31.80516,-25.0229,270.2198
13.53:  31.55547,-24.8821,270.2198
13.55:  31.30521,-24.74376,270.1671
13.57:  31.05532,-24.60677,269.9623
13.58:  30.8038,-24.47108,269.5801
13.6:  30.55269,-24.33878,269.014
13.62:  30.30071,-24.20965,268.3656
13.63:  30.04348,-24.07921,267.6918
13.65:  29.77864,-23.95126,267.018
13.67:  29.52076,-23.83036,266.3506
13.68:  29.26426,-23.71264,265.8859
13.7:  29.00868,-23.59603,265.7572
13.72:  28.75046,-23.47822,265.7572
13.73:  28.49063,-23.35967,265.7572
13.75:  28.23056,-23.24102,265.7572
13.77:  27.97435,-23.12412,265.7572
13.78:  27.71286,-23.00483,265.7552
13.8:  27.45206,-22.8869,265.5631
13.82:  27.19568,-22.77283,265.2188
13.83:  26.93099,-22.65786,264.7098
13.85:  26.6678,-22.54693,264.0867
13.87:  26.40145,-22.43841,263.4003
13.88:  26.14005,-22.3356,262.7011
13.9:  25.85997,-22.22931,262.0146
13.92:  25.59986,-22.13336,261.4803
13.93:  25.32736,-22.03357,261.3452
13.95:  25.0677,-21.93848,261.3452
13.97:  24.79961,-21.84031,261.3452
13.98:  24.53182,-21.74683,261.3452
14:  24.28051,-21.7481,261.3452
14.02:  24.03366,-21.78567,261.3452
14.03:  23.7859,-21.82339,261.3452
14.05:  23.54073,-21.86071,261.3452
14.07:  23.29515,-21.89808,261.3452
14.08:  23.04561,-21.93607,261.3452
14.1:  22.79681,-21.97394,261.3452
14.12:  22.5526,-22.01111,261.3452
14.13:  22.30262,-22.04916,261.3452
14.15:  22.05529,-22.08681,261.3452
14.17:  21.81135,-22.12394,261.3452
14.18:  21.55156,-22.16349,261.3452
14.2:  21.31109,-22.20009,261.3452
14.22:  21.06779,-22.23712,261.3452
14.23:  20.82034,-22.27479,261.3452
14.25:  20.57212,-22.31283,261.2862
14.27:  20.32609,-22.35133,261.1068
14.28:  20.07718,-22.39141,260.8513
14.3:  19.82959,-22.4327,260.5324
14.32:  19.59186,-22.47376,260.2008
14.33:  19.34099,-22.51859,259.8693
14.35:  19.09027,-22.56463,259.5948
14.37:  18.84283,-22.61007,259.5948
14.38:  18.59878,-22.65488,259.5948
14.4:  18.35629,-22.69941,259.5948
14.42:  18.11119,-22.74442,259.5948
14.43:  17.86472,-22.78967,259.5948
14.45:  17.6176,-22.83505,259.5948
14.47:  17.37181,-22.88019,259.5948
14.48:  17.12746,-22.92506,259.5948
14.5:  16.88313,-22.96992,259.5948
14.52:  16.63531,-23.01543,259.5948
14.53:  16.38122,-23.06209,259.5948
14.55:  16.14144,-23.10612,259.5948
14.57:  15.8973,-23.15095,259.5948
14.58:  15.65241,-23.19592,259.5948
14.6:  15.40426,-23.24149,259.5948
14.62:  15.16157,-23.28605,259.5948
14.63:  14.91303,-23.33169,259.5948
14.65:  14.67053,-23.37622,259.5948
14.67:  14.42367,-23.42155,259.5948
14.68:  14.18023,-23.46625,259.5948
14.7:  13.93139,-23.51195,259.5948
14.72:  13.68458,-23.55727,259.5948
14.73:  13.43927,-23.60232,259.5948
14.75:  13.19288,-23.64756,259.5948
14.77:  12.94891,-23.69236,259.5948
14.78:  12.70077,-23.73792,259.5948
14.8:  12.45921,-23.78228,259.5948
14.82:  12.20976,-23.82809,259.5948
14.83:  11.95954,-23.87404,259.5948
14.85:  11.71979,-23.91806,259.5948
14.87:  11.46927,-23.96406,259.5948
14.88:  11.22409,-24.00909,259.5948
14.9:  10.98233,-24.05348,259.5948
14.92:  10.73416,-24.09905,259.5948
14.93:  10.48872,-24.14412,259.5948
14.95:  10.24317,-24.18921,259.5948
14.97:  9.999689,-24.23392,259.5948
14.98:  9.748077,-24.28012,259.5948
15:  9.504185,-24.32491,259.5948
15.02:  9.260895,-24.36959,259.5948
15.03:  9.014053,-24.41491,259.5948
15.05:  8.767197,-24.46024,259.5948
15.07:  8.524047,-24.50489,259.5948
15.08:  8.275893,-24.55046,259.5948
15.1:  8.0297,-24.59567,259.5948
15.12:  7.781337,-24.64128,259.5948
15.13:  7.537134,-24.68612,259.5948
15.15:  7.294896,-24.7306,259.5948
15.17:  7.044595,-24.77656,259.5948
15.18:  6.802188,-24.82108,259.5948
15.2:  6.55417,-24.86662,259.5948
15.22:  6.307587,-24.9119,259.5948
15.25:  6.063762,-24.95667,259.5948
15.27:  5.815919,-25.00218,259.5948
15.28:  5.572717,-25.04684,259.5948
15.3:  5.32343,-25.0901,259.5948
15.32:  5.072215,-25.07299,259.5948
15.33:  4.802503,-25.0064,259.5948
15.35:  4.525903,-24.89858,259.5948
15.37:  4.236861,-24.74235,259.5948
15.38:  4.008054,-24.53496,259.5948
15.4:  3.962827,-24.28866,259.5948
15.42:  3.917998,-24.04453,259.5948
15.43:  4.11699,-23.75602,259.5948
15.45:  4.317864,-23.46478,259.5948
15.47:  4.520773,-23.17059,259.5948
15.48:  4.730326,-22.9394,259.5948
15.5:  4.958402,-22.78434,259.5948
15.52:  5.200789,-22.71989,259.5948
15.53:  5.453191,-22.67354,259.5948
15.55:  5.693086,-22.62949,259.5948
15.57:  5.939445,-22.58425,259.5948
15.58:  6.181233,-22.53985,259.5948
15.6:  6.429164,-22.49432,259.5948
15.62:  6.68185,-22.44792,259.5948
15.63:  6.920722,-22.40406,259.5948
15.65:  7.166687,-22.35889,259.5948
15.67:  7.411852,-22.31387,259.5948
15.68:  7.65788,-22.26869,259.5948
15.7:  7.901824,-22.2239,259.5948
15.72:  8.149826,-22.17836,259.5948
15.73:  8.394601,-22.13341,259.5948
15.75:  8.639596,-22.08842,259.5948
15.77:  8.887981,-22.04281,259.5948
15.78:  9.132541,-21.9979,259.5948
15.8:  9.391643,-21.95033,259.5948
15.82:  9.6219,-21.90804,259.5948
15.83:  9.868908,-21.86269,259.5948
15.85:  10.11917,-21.81673,259.5948
15.87:  10.36265,-21.77202,259.5948
15.88:  10.6093,-21.72673,259.5948
15.9:  10.85476,-21.68166,259.5948
15.92:  11.09909,-21.63679,259.5948
15.93:  11.34526,-21.59159,259.5948
15.95:  11.58878,-21.54687,259.5948
15.97:  11.83844,-21.50102,259.5948
15.98:  12.08486,-21.45577,259.5948
16:  12.32822,-21.41109,259.5948
16.02:  12.57569,-21.36564,259.5948
16.03:  12.82685,-21.31952,259.5948
16.05:  13.06982,-21.27491,259.5948
16.07:  13.32092,-21.2288,259.5948
16.08:  13.55976,-21.18494,259.5948
16.1:  13.8064,-21.13965,259.5948
16.12:  14.0523,-21.09515,259.7425
16.13:  14.29765,-21.05241,260.1184
16.15:  14.54567,-21.01204,260.7542
16.17:  14.79318,-20.97523,261.5421
16.18:  15.04138,-20.94181,262.33
16.2:  15.28875,-20.91195,263.1178
16.22:  15.53694,-20.88545,263.9057
16.23:  15.78526,-20.86239,264.6936
16.25:  16.03404,-20.84273,265.4815
16.27:  16.28584,-20.82631,266.2693
16.28:  16.53241,-20.81363,267.0572
16.3:  16.78481,-20.80413,267.8451
16.32:  17.03293,-20.79821,268.633
16.33:  17.28172,-20.7957,269.4209
16.35:  17.53211,-20.79661,270.2087
16.37:  17.78166,-20.80095,270.9966
16.38:  18.03421,-20.80882,271.7845
16.4:  18.28308,-20.82,272.5724
16.42:  18.53505,-20.8348,273.3603
16.43:  18.78776,-20.85312,274.1481
16.45:  19.0355,-20.8743,274.8853
16.47:  19.2814,-20.89596,275.0331
16.48:  19.53107,-20.91794,275.0331
16.5:  19.77617,-20.93953,275.0331
16.52:  20.02904,-20.9618,275.0331
16.53:  20.27435,-20.98341,275.0331
16.55:  20.5264,-21.0056,275.0331
16.57:  20.77535,-21.02017,275.0331
16.58:  21.02635,-21.02502,275.0331
16.6:  21.27547,-21.01773,275.0331
16.62:  21.52905,-20.99565,275.0331
16.63:  21.78502,-20.97092,275.0331
16.65:  22.03639,-20.94423,275.0331
16.67:  22.29053,-20.91725,275.0331
16.68:  22.54082,-20.88829,275.0331
16.7:  22.79902,-20.84616,275.0331
16.72:  23.05745,-20.77737,275.0331
16.73:  23.31395,-20.69724,275.0311
16.75:  23.57405,-20.61119,275.0291
16.77:  23.83211,-20.52581,275.0271
16.78:  24.09102,-20.44015,275.0271
16.8:  24.34856,-20.35494,275.0271
16.82:  24.60335,-20.27065,275.0271
16.83:  24.86024,-20.18565,275.0271
16.85:  25.12919,-20.10161,275.0271
16.87:  25.37895,-20.04207,275.0271
16.88:  25.63437,-20.01006,275.0271
16.9:  25.88071,-20.01239,275.0271
16.92:  26.13196,-20.03449,275.0271
16.93:  26.38076,-20.05638,275.0271
16.95:  26.62994,-20.0783,275.0271
16.97:  26.8795,-20.10025,275.0271
16.98:  27.12811,-20.12212,275.0271
17:  27.37857,-20.14415,275.0271
17.02:  27.62764,-20.16606,275.0271
17.03:  27.8774,-20.18803,275.0271
17.05:  28.12479,-20.20979,275.0271
17.07:  28.37372,-20.23169,275.0271
17.08:  28.62416,-20.25372,275.0271
17.1:  28.8713,-20.27546,275.0271
17.12:  29.1211,-20.29743,275.0271
17.13:  29.36967,-20.3193,275.0271
17.15:  29.6181,-20.34115,275.0271
17.17:  29.86792,-20.36313,275.0271
17.18:  30.1161,-20.38496,275.0271
17.2:  30.36405,-20.40677,275.0271
17.22:  30.61494,-20.42142,275.0271
17.23:  30.86512,-20.43113,275.0271
17.25:  31.11618,-20.43595,275.0271
17.27:  31.36828,-20.42367,275.0271
17.28:  31.62158,-20.38711,275.0271
17.3:  31.87856,-20.31868,275.0271
17.32:  32.138,-20.23047,275.0271
17.33:  32.39684,-20.13537,275.0271
17.35:  32.65236,-20.03452,275.0271
17.37:  32.91619,-19.928,275.0271
17.38:  33.17999,-19.8215,275.0271
17.4:  33.43739,-19.71758,275.0271
17.42:  33.69607,-19.61314,275.0271
17.43:  33.96053,-19.50398,275.0271
17.45:  34.21868,-19.39742,275.0271
17.47:  34.47984,-19.28962,275.0271
17.48:  34.73999,-19.18224,275.0271
17.5:  35.00166,-19.08134,275.0271
17.52:  35.25556,-18.99268,275.0271
17.53:  35.51424,-18.90236,275.0271
17.55:  35.78491,-18.80785,275.0271
17.57:  36.03822,-18.71921,274.9871
17.58:  36.29304,-18.6292,274.8203
17.6:  36.55039,-18.55108,274.5268
17.62:  36.80775,-18.50227,274.0875
17.63:  37.05837,-18.4765,273.5912
17.65:  37.30935,-18.4752,273.0695
17.67:  37.55791,-18.48623,272.5415
17.68:  37.80818,-18.49503,272.0135
17.7:  38.05544,-18.50155,271.5108
17.73:  38.30815,-18.50698,271.2299
17.75:  38.55419,-18.51226,271.2299
17.77:  38.81237,-18.5178,271.2299
17.78:  39.05725,-18.52306,271.2299
17.8:  39.31216,-18.52853,271.2299
17.82:  39.55721,-18.53379,271.2299
17.83:  39.80884,-18.5392,271.2299
17.85:  40.05224,-18.54442,271.2299
17.87:  40.30245,-18.54979,271.2299
17.88:  40.55706,-18.55526,271.2299
17.9:  40.8062,-18.56061,271.2299
17.92:  41.05405,-18.56593,271.2299
17.93:  41.3062,-18.57134,271.2299
17.95:  41.56338,-18.57686,271.2299
17.97:  41.80598,-18.58207,271.2299
17.98:  42.05679,-18.58746,271.2299
18:  42.30668,-18.59282,271.2299
18.02:  42.55517,-18.59816,271.2299
18.03:  42.80593,-18.60354,271.2299
18.05:  43.06376,-18.60908,271.2299
18.07:  43.30677,-18.6143,271.2299
18.08:  43.55758,-18.61968,271.2299
18.1:  43.80785,-18.62505,271.2299
18.12:  44.05799,-18.63042,271.2299
18.13:  44.3075,-18.63578,271.2299
18.15:  44.55428,-18.64108,271.2299
18.17:  44.80563,-18.64647,271.2299
18.18:  45.05258,-18.65178,271.2299
18.2:  45.30556,-18.65721,271.2299
18.22:  45.55469,-18.66256,271.2299
18.23:  45.81329,-18.66811,271.2299
18.25:  46.05543,-18.67331,271.2299
18.27:  46.30718,-18.67871,271.2299
18.28:  46.55583,-18.68405,271.2299
18.3:  46.80259,-18.68935,271.2299
18.32:  47.05303,-18.69473,271.2299
18.33:  47.30612,-18.70016,271.2299
18.35:  47.56061,-18.70562,271.2299
18.37:  47.80722,-18.71092,271.2299
18.38:  48.04995,-18.71613,271.2299
18.4:  48.30381,-18.72158,271.2299
18.42:  48.55383,-18.72695,271.2299
18.43:  48.80338,-18.73231,271.2299
18.45:  49.05409,-18.73769,271.2299
18.47:  49.30523,-18.74308,271.2299
18.48:  49.55433,-18.74843,271.2299
18.5:  49.80478,-18.75381,271.2299
18.52:  50.05472,-18.75917,271.2299
18.53:  50.30636,-18.76457,271.2299
18.55:  50.55346,-18.76988,271.2299
18.57:  50.80261,-18.77523,271.2299
18.58:  51.0624,-18.78081,271.2299
18.6:  51.30536,-18.78602,271.2299
18.62:  51.55468,-18.79138,271.2299
18.63:  51.80429,-18.79674,271.2299
18.65:  52.05387,-18.80209,271.2299
18.67:  52.3055,-18.8075,271.2299
18.68:  52.55593,-18.81287,271.2299
18.7:  52.81136,-18.81836,271.2299
18.72:  53.05906,-18.82368,271.2299
18.73:  53.30435,-18.82894,271.2299
18.75:  53.55212,-18.83426,271.2299
18.77:  53.8032,-18.83965,271.2299
18.78:  54.04964,-18.84494,271.2299
18.8:  54.30244,-18.85037,271.2299
18.82:  54.55126,-18.85571,271.2299
18.83:  54.80408,-18.86114,271.2299
18.85:  55.05393,-18.8665,271.2299
18.87:  55.29767,-18.87174,271.2299
18.88:  55.55097,-18.87717,271.2299
18.9:  55.80711,-18.88268,271.2299
18.92:  56.05484,-18.88799,271.2299
18.93:  56.30499,-18.89336,271.2299
18.95:  56.55554,-18.89874,271.2299
18.97:  56.80348,-18.90407,271.2299
18.98:  57.05428,-18.90945,271.2299
19:  57.30439,-18.91482,271.2299
19.02:  57.55267,-18.92015,271.2299
19.03:  57.8028,-18.92552,271.2299
19.05:  58.0528,-18.93089,271.2299
19.07:  58.29913,-18.93618,271.2299
19.08:  58.55195,-18.94161,271.2299
19.1:  58.80209,-18.94698,271.2299
19.12:  59.05086,-18.95232,271.2299
19.13:  59.30379,-18.95775,271.2299
19.15:  59.55248,-18.96309,271.2299
19.17:  59.80219,-18.96845,271.2299
19.18:  60.05321,-18.97384,271.2299
19.2:  60.29873,-18.97911,271.2299
19.22:  60.55184,-18.98454,271.2299
19.23:  60.80255,-18.98993,271.2299
19.25:  61.05327,-18.99531,271.2299
19.27:  61.30288,-19.00067,271.2299
19.28:  61.5519,-19.00601,271.2299
19.3:  61.80184,-19.01138,271.2299
19.32:  62.0492,-19.01669,271.2299
19.33:  62.30072,-19.02209,271.2299
19.35:  62.54979,-19.02744,271.2299
19.37:  62.80205,-19.03285,271.2299
19.38:  63.04683,-19.03811,271.2299
19.4:  63.29974,-19.04354,271.2299
19.42:  63.55259,-19.04897,271.2299
19.43:  63.80399,-19.05437,271.2299
19.45:  64.04782,-19.0596,271.2299
19.47:  64.30235,-19.06507,271.2299
19.48:  64.5524,-19.07043,271.2299
19.5:  64.80151,-19.07578,271.2299
19.52:  65.05125,-19.08114,271.2299
19.53:  65.30357,-19.08656,271.2299
19.55:  65.55008,-19.09185,271.2299
19.57:  65.79974,-19.09721,271.2299
19.58:  66.05113,-19.10261,271.2299
19.6:  66.29841,-19.10792,271.2299
19.62:  66.55127,-19.11335,271.2299
19.63:  66.79856,-19.11866,271.2299
19.65:  67.05244,-19.12411,271.2299
19.67:  67.29694,-19.12936,271.2299
19.68:  67.55099,-19.13481,271.2299
19.7:  67.8001,-19.14016,271.2299
19.72:  68.05024,-19.14553,271.2299
19.73:  68.29987,-19.15089,271.2299
19.75:  68.55013,-19.15626,271.2299
19.77:  68.79993,-19.16163,271.2299
19.78:  69.05033,-19.167,271.2299
19.8:  69.30035,-19.16012,271.2299
19.82:  69.5507,-19.14834,271.2319
19.83:  69.80125,-19.13467,271.3607
19.85:  70.04995,-19.12196,271.5591
19.87:  70.29795,-19.1105,271.84
19.88:  70.55195,-19.10044,272.2159
19.9:  70.80267,-19.0926,272.6932
19.92:  71.06089,-19.08216,273.2846
19.93:  71.30877,-19.06787,273.9648
19.95:  71.55584,-19.05227,274.7526
19.97:  71.81541,-19.03199,275.5405
19.98:  72.06715,-19.00147,276.3284
20:  72.32105,-18.95299,277.1163
20.02:  72.5875,-18.87945,277.9041
20.03:  72.8553,-18.77701,278.692
20.05:  73.13122,-18.6507,279.4799
20.07:  73.41228,-18.49144,280.2678
20.08:  73.70671,-18.29326,281.0557
20.1:  74.00288,-18.09977,281.8435
20.12:  74.30015,-17.91135,282.6314
20.13:  74.60762,-17.72234,283.4193
20.15:  74.91161,-17.54117,284.2072
20.17:  75.21275,-17.36728,284.9951
20.18:  75.51582,-17.19382,285.7829
20.2:  75.83218,-17.01848,286.5708
20.22:  76.13242,-16.85743,287.3587
20.23:  76.44147,-16.6971,288.1465
20.25:  76.75587,-16.53943,288.9344
20.27:  77.06998,-16.38728,289.7223
20.28:  77.39552,-16.23508,290.5102
20.3:  77.71082,-16.09293,291.2981
20.32:  78.02593,-15.95789,292.0859
20.33:  78.36124,-15.81963,292.8738
20.35:  78.68188,-15.69255,293.6617
20.37:  79.01244,-15.56676,294.4496
20.38:  79.3351,-15.44904,295.2375
20.4:  79.67361,-15.32889,296.0253
20.42:  79.9819,-15.20777,296.8132
20.43:  80.23983,-15.0595,297.6011
20.45:  80.4466,-14.89068,298.389
20.47:  80.61639,-14.69404,299.1768
20.48:  80.75092,-14.48507,299.9647
20.5:  80.87833,-14.27094,300.7526
20.52:  81.0074,-14.06064,301.5405
20.53:  81.1437,-13.84527,302.3284
20.55:  81.2795,-13.63709,303.1162
20.57:  81.41751,-13.43174,303.9041
20.58:  81.53687,-13.20708,304.692
20.6:  81.62521,-12.96606,305.4799
20.62:  81.71065,-12.71582,306.2678
20.63:  81.80015,-12.45775,307.0556
20.65:  81.88636,-12.21306,307.8435
20.67:  81.96616,-11.96312,308.6314
20.68:  82.03253,-11.69208,309.4193
20.7:  82.08511,-11.41069,310.2072
20.72:  82.10651,-11.10047,310.995
20.73:  82.10282,-10.78641,311.7829
20.75:  82.09824,-10.47602,312.5708
20.77:  82.09959,-10.16213,313.3587
20.78:  82.10538,-9.841221,314.1465
20.8:  82.11391,-9.515628,314.9344
20.82:  82.10254,-9.209072,315.7223
20.83:  82.06364,-8.90056,316.1236
20.85:  82.02048,-8.600171,316.2333
20.87:  81.97533,-8.299838,316.2333
20.88:  81.92901,-7.991714,316.2333
20.9:  81.88385,-7.691329,316.2333
20.92:  81.83783,-7.38518,316.2333
20.93:  81.7929,-7.086318,316.2333
20.95:  81.74715,-6.781983,316.2333
20.97:  81.70171,-6.479642,316.2333
20.98:  81.65613,-6.176462,316.2333
21:  81.61246,-5.872554,316.2333
21.02:  81.56858,-5.567128,316.2333
21.03:  81.52467,-5.261482,316.2333
21.05:  81.4809,-4.956875,316.2333
21.07:  81.43749,-4.65471,316.2333
21.08:  81.39388,-4.351123,316.2333
21.1:  81.35001,-4.045819,316.2333
21.12:  81.30656,-3.743393,316.2333
21.13:  81.26326,-3.442045,316.2333
21.15:  81.21895,-3.133591,316.2333
21.17:  81.17524,-2.829401,316.2333
21.18:  81.13146,-2.52469,316.2333
21.2:  81.08759,-2.219331,316.2333
21.22:  81.04433,-1.918173,316.2333
21.23:  81.00024,-1.611337,316.2333
21.25:  80.9565,-1.306858,316.2333
21.27:  80.91336,-1.006648,316.2333
21.28:  80.8692,-0.6992936,316.2333
21.3:  80.82587,-0.3977123,316.2333
21.32:  80.78157,-0.08936447,316.2333
21.33:  80.73794,0.214364,316.2333
21.35:  80.69433,0.5178826,316.2333
21.37:  80.64947,0.8301231,316.2333
21.38:  80.60776,1.12045,316.2333
21.4:  80.56326,1.430116,316.2333
21.42:  80.5175,1.748612,316.2333
21.43:  80.47543,2.041413,316.2333
21.45:  80.43188,2.34461,316.2333
21.47:  80.38848,2.64665,316.2333
21.48:  80.34452,2.952639,316.2333
21.5:  80.30128,3.253603,316.2333
21.52:  80.2569,3.562487,316.2333
21.53:  80.21325,3.866313,316.2333
21.55:  80.16978,4.167799,316.206
21.57:  80.12362,4.485466,316.1406
21.58:  80.08008,4.781346,316.0372
21.6:  80.03483,5.083874,315.9021
21.62:  79.98856,5.387368,315.7417
21.63:  79.94187,5.687781,315.575
21.65:  79.89314,5.994541,315.3828
21.67:  79.84386,6.296278,315.1337
21.68:  79.79298,6.59729,314.8148
21.7:  79.73724,6.913116,314.4008
21.72:  79.68253,7.208174,313.9045
21.73:  79.62406,7.507688,313.3638
21.75:  79.56261,7.806579,312.7914
21.77:  79.49753,8.106719,312.1747
21.78:  79.42829,8.408849,311.5009
21.8:  79.3566,8.703721,310.7447
21.82:  79.27807,9.008409,309.9568
21.83:  79.19791,9.302648,309.1689
21.85:  79.11398,9.594813,308.381
21.87:  79.024,9.89251,307.5932
21.88:  78.93246,10.18103,306.8053
21.9:  78.83499,10.47415,306.0174
21.92:  78.7343,10.76365,305.2295
21.93:  78.62725,11.05827,304.4417
21.95:  78.51969,11.34209,303.6537
21.97:  78.40574,11.63073,302.8659
21.98:  78.28606,11.9221,302.078
22:  78.17144,12.2055,301.2901
22.02:  78.08528,12.50438,300.5023
22.03:  78.00858,12.80653,300.12
22.05:  77.93409,13.10711,300.12
22.07:  77.85919,13.40929,300.12
22.08:  77.78527,13.70755,300.12
22.1:  77.70988,14.01174,300.12
22.12:  77.63521,14.31302,300.12
22.13:  77.56078,14.61333,300.12
22.15:  77.48842,14.91263,300.12
22.17:  77.41612,15.21163,300.12
22.18:  77.3421,15.51029,300.12
22.2:  77.26657,15.81504,300.12
22.23:  77.19196,16.1161,300.12
22.25:  77.11896,16.41591,300.0293
22.27:  77.04521,16.71361,299.7991
22.28:  76.96642,17.02256,299.4042
22.3:  76.88686,17.31432,298.7874
22.32:  76.8009,17.61331,297.9996
22.33:  76.71124,17.90973,297.2117
22.35:  76.61573,18.20473,296.4238
22.37:  76.48663,18.49402,295.6359
22.38:  76.32764,18.76599,294.8481
22.4:  76.16953,18.99478,294.0602
22.42:  75.99393,19.22338,293.2723
22.43:  75.81174,19.44345,292.4844
22.45:  75.61653,19.65311,291.8423
22.47:  75.42632,19.83453,291.7453
22.48:  75.21645,19.99022,291.7453
22.5:  74.99041,20.08818,291.7453
22.52:  74.75122,20.18359,291.7453
22.53:  74.59811,20.24466,291.7453
22.55:  74.59811,20.24466,291.7453
22.57:  74.59811,20.24466,291.7453
22.58:  74.59811,20.24466,291.7453
22.6:  74.59811,20.24466,291.7453
22.62:  74.59811,20.24466,291.7453
22.63:  74.59811,20.24466,291.7453
22.65:  74.59811,20.24466,291.7453
22.67:  74.59811,20.24466,291.7453
22.68:  74.59811,20.24466,291.7453
22.7:  74.59811,20.24466,291.7453
22.72:  74.59811,20.24466,291.7453
22.73:  74.59811,20.24466,291.7453
22.75:  74.59811,20.24466,291.7453
22.77:  74.59811,20.24466,291.7453
22.78:  74.59811,20.24466,291.7453
22.8:  74.59811,20.24466,291.7453
22.82:  74.59811,20.24466,291.7453
22.83:  74.59811,20.24466,291.7453
22.85:  74.59811,20.24466,291.7453
22.87:  74.59811,20.24466,291.7453
22.88:  74.59811,20.24466,291.7453
22.9:  74.59811,20.24466,291.7453
22.92:  74.59811,20.24466,291.7453
22.93:  74.59811,20.24466,291.7453
22.95:  74.59811,20.24466,291.7453
22.97:  74.59811,20.24466,291.7453
22.98:  74.59811,20.24466,291.7453
23:  74.59811,20.24466,291.7453
23.02:  74.59811,20.24466,291.7453
23.03:  74.59811,20.24466,291.7453
23.05:  74.59811,20.24466,291.7453
23.07:  74.59811,20.24466,291.7453
23.08:  74.59811,20.24466,291.7453
23.1:  74.59811,20.24466,291.7453
23.12:  74.59811,20.24466,291.7453
23.13:  74.59811,20.24466,291.7453
23.15:  74.59811,20.24466,291.7453
23.17:  74.59811,20.24466,291.7453
23.18:  74.59811,20.24466,291.7453
23.2:  74.59811,20.24466,291.7453
23.22:  74.59811,20.24466,291.7453
23.23:  74.59811,20.24466,291.7453
23.25:  74.59811,20.24466,291.7453
23.27:  74.59811,20.24466,291.7453
23.28:  74.59811,20.24466,291.7453
23.3:  74.59811,20.24466,291.7453
23.32:  74.59811,20.24466,291.7453
23.33:  74.59811,20.24466,291.7453
23.35:  74.59811,20.24466,291.7453
23.37:  74.59811,20.24466,291.7453
23.38:  74.59811,20.24466,291.7453
23.4:  74.59811,20.24466,291.7453
23.42:  74.59811,20.24466,291.7453
23.43:  74.59811,20.24466,291.7453
23.45:  74.59811,20.24466,291.7453
23.47:  74.59811,20.24466,291.7453
23.48:  74.59811,20.24466,291.7453
23.5:  74.59811,20.24466,291.7453
23.52:  74.59811,20.24466,291.7453
23.53:  74.59811,20.24466,291.7453
23.55:  74.59811,20.24466,291.7453
23.57:  74.59811,20.24466,291.7453
23.58:  74.59811,20.24466,291.7453
23.6:  74.59811,20.24466,291.7453
23.62:  74.59811,20.24466,291.7453
23.63:  74.59811,20.24466,291.7453
23.65:  74.59811,20.24466,291.7453
23.67:  74.59811,20.24466,291.7453
23.68:  74.59811,20.24466,291.7453
23.7:  74.59811,20.24466,291.7453
23.72:  74.59811,20.24466,291.7453
23.73:  74.59811,20.24466,291.7453
23.75:  74.59811,20.24466,291.7453
23.77:  74.59811,20.24466,291.7453
23.78:  74.59811,20.24466,291.7453
23.8:  74.59811,20.24466,291.7453
23.82:  74.59811,20.24466,291.7453
23.83:  74.59811,20.24466,291.7453
23.85:  74.59811,20.24466,291.7453
23.87:  74.59811,20.24466,291.7453
23.88:  74.59811,20.24466,291.7453
23.9:  74.59811,20.24466,291.7453
23.92:  74.59811,20.24466,291.7453
23.93:  74.59811,20.24466,291.7453
23.95:  74.59811,20.24466,291.7453
23.97:  74.59811,20.24466,291.7453
23.98:  74.59811,20.24466,291.7453
24:  74.59811,20.24466,291.7453
24.02:  74.59811,20.24466,291.7453
24.03:  74.59811,20.24466,291.7453
24.05:  74.59811,20.24466,291.7453
24.07:  74.59811,20.24466,291.7453
24.08:  74.59811,20.24466,291.7453
24.1:  74.59811,20.24466,291.7453
24.12:  74.59811,20.24466,291.7453
24.13:  74.59811,20.24466,291.7453
