ParticipantNo: 9999
Controller type: Keyboard and Mouse
Training Level:
0.02:  82.7,18.5,270
0.04:  82.7,18.5,270
0.06:  82.7,18.5,269.9
0.08:  82.7,18.5,269.9
0.1:  82.7,18.5,269.9
0.11:  82.7,18.5,269.9
0.13:  82.7,18.5,269.9
0.15:  82.7,18.5,269.9
0.16:  82.7,18.5,269.9
0.18:  82.7,18.5,269.9
0.2:  82.7,18.5,269.9
0.21:  82.7,18.5,269.9
0.23:  82.7,18.5,269.9
0.25:  82.7,18.5,269.9
0.26:  82.7,18.5,269.9
0.28:  82.7,18.5,269.9
0.3:  82.7,18.5,269.9
0.31:  82.7,18.5,270
0.33:  82.7,18.5,270
0.35:  82.7,18.5,270.2
0.36:  82.7,18.5,270.4
0.38:  82.7,18.5,270.7
0.4:  82.7,18.5,270.9
0.41:  82.7,18.5,271.1
0.43:  82.7,18.5,271.1
0.45:  82.7,18.5,271.1
0.46:  82.7,18.5,271.1
0.48:  82.7,18.5,271.1
0.5:  82.7,18.5,271.1
0.51:  82.7,18.5,271.1
0.53:  82.7,18.5,271.1
0.55:  82.7,18.5,271.1
0.56:  82.7,18.5,271.1
0.58:  82.7,18.5,271.1
0.6:  82.7,18.5,271.1
0.61:  82.7,18.5,271.1
0.63:  82.7,18.5,271.1
0.65:  82.7,18.5,271.1
0.66:  82.7,18.5,271.1
0.68:  82.7,18.5,268.8
0.7:  82.7,18.5,264.6
0.71:  82.7,18.5,260.6
0.73:  82.7,18.5,256.6
0.75:  82.7,18.5,251.5
0.76:  82.7,18.5,245.5
0.78:  82.7,18.5,239.8
0.8:  82.7,18.5,234.4
0.81:  82.7,18.5,227.2
0.83:  82.7,18.5,223.1
0.85:  82.7,18.5,219.7
0.86:  82.7,18.5,217
0.88:  82.7,18.5,214.9
0.9:  82.7,18.5,213.2
0.91:  82.7,18.5,211.6
0.93:  82.7,18.5,210.2
0.95:  82.7,18.5,208.8
0.96:  82.7,18.5,207.7
0.98:  82.7,18.5,207.1
1:  82.7,18.5,206.7
1.01:  82.7,18.5,206.1
1.03:  82.7,18.5,205.2
1.05:  82.7,18.5,204.3
1.06:  82.7,18.5,203.3
1.08:  82.7,18.5,202.4
1.1:  82.7,18.5,201.7
1.11:  82.7,18.5,200.6
1.13:  82.7,18.5,199.2
1.15:  82.7,18.5,197.6
1.16:  82.7,18.5,196
1.18:  82.7,18.5,194.7
1.2:  82.7,18.5,193.4
1.21:  82.7,18.5,191.1
1.23:  82.7,18.5,189.3
1.25:  82.7,18.5,187.8
1.26:  82.7,18.5,186.3
1.28:  82.7,18.5,185
1.3:  82.7,18.5,183.6
1.31:  82.7,18.5,182.1
1.33:  82.7,18.5,181
1.35:  82.7,18.5,180.4
1.36:  82.7,18.5,180.2
1.38:  82.7,18.5,180.1
1.4:  82.7,18.5,180.1
1.41:  82.7,18.5,180.1
1.43:  82.7,18.5,180.1
1.45:  82.7,18.5,180.1
1.46:  82.7,18.5,180.1
1.48:  82.7,18.5,180.1
1.5:  82.7,18.5,180.1
1.51:  82.7,18.5,180.1
1.53:  82.7,18.5,180.1
1.55:  82.7,18.5,180.1
1.56:  82.7,18.5,179.7
1.58:  82.7,18.5,179
1.6:  82.7,18.5,178.7
1.61:  82.7,18.5,178.6
1.63:  82.7,18.5,178.5
1.65:  82.7,18.5,178.5
1.66:  82.7,18.5,178.5
1.68:  82.7,18.5,178.5
1.7:  82.7,18.5,178.5
1.71:  82.7,18.5,178.5
1.73:  82.7,18.5,178.5
1.75:  82.7,18.5,178.5
1.76:  82.7,18.5,178.5
1.78:  82.7,18.5,178.5
1.8:  82.7,18.5,178.5
1.81:  82.7,18.5,178.5
1.83:  82.7,18.5,178.5
1.85:  82.7,18.5,178.5
1.86:  82.7,18.5,178.5
1.88:  82.7,18.5,178.5
1.9:  82.7,18.5,178.5
1.91:  82.7,18.5,178.5
1.93:  82.7,18.5,178.5
1.95:  82.7,18.5,178.5
1.96:  82.7,18.5,178.5
1.98:  82.7,18.5,178.5
2:  82.7,18.5,178.5
2.01:  82.7,18.5,178.5
2.03:  82.7,18.5,178.5
2.05:  82.7,18.5,178.5
2.06:  82.7,18.5,178.5
2.08:  82.7,18.5,178.5
2.1:  82.7,18.5,178.5
2.11:  82.7,18.5,178.5
2.13:  82.7,18.5,178.5
2.15:  82.7,18.5,178.5
2.16:  82.7,18.5,178.5
2.18:  82.7,18.5,178.5
2.2:  82.7,18.5,178.5
2.21:  82.7,18.5,178.5
2.23:  82.7,18.5,178.5
2.25:  82.7,18.5,178.5
2.26:  82.7,18.5,178.5
2.28:  82.7,18.5,178.5
2.3:  82.7,18.5,178.5
2.31:  82.7,18.5,178.5
2.33:  82.7,18.5,178.5
2.35:  82.7,18.5,178.5
2.36:  82.7,18.5,178.5
2.38:  82.7,18.5,178.5
2.4:  82.7,18.5,178.5
2.41:  82.7,18.5,178.5
2.43:  82.7,18.5,178.5
2.45:  82.7,18.5,178.5
2.46:  82.7,18.5,178.5
2.48:  82.7,18.5,178.5
2.5:  82.7,18.5,178.5
2.51:  82.7,18.5,178.5
2.53:  82.7,18.5,178.5
2.55:  82.7,18.5,178.5
2.56:  82.7,18.5,178.5
2.6:  82.7,18.5,178.5
2.61:  82.7,18.5,178.5
2.63:  82.7,18.5,178.5
2.65:  82.7,18.5,178.5
2.66:  82.7,18.5,178.5
2.68:  82.7,18.5,178.5
2.7:  82.7,18.5,178.5
2.71:  82.7,18.5,178.5
2.73:  82.7,18.5,178.5
2.75:  82.7,18.5,178.5
2.76:  82.7,18.5,178.5
2.78:  82.7,18.5,178.5
2.8:  82.7,18.5,178.5
2.81:  82.7,18.5,178.5
2.83:  82.7,18.5,178.5
2.85:  82.7,18.5,178.5
2.86:  82.7,18.5,178.5
2.88:  82.7,18.5,178.5
2.9:  82.7,18.5,178.5
2.91:  82.7,18.5,178.5
2.93:  82.7,18.5,178.5
2.95:  82.7,18.5,178.5
2.96:  82.7,18.5,178.5
2.98:  82.7,18.5,178.5
3:  82.7,18.5,178.5
3.01:  82.7,18.5,178.5
3.03:  82.7,18.5,178.5
3.05:  82.7,18.5,178.5
3.06:  82.7,18.5,178.5
3.08:  82.7,18.5,178.5
3.1:  82.7,18.5,178.5
3.11:  82.7,18.5,178.5
3.13:  82.7,18.5,178.5
3.15:  82.7,18.5,178.5
3.16:  82.7,18.5,178.5
3.18:  82.7,18.5,178.5
3.2:  82.7,18.5,178.5
3.21:  82.7,18.5,178.5
3.23:  82.7,18.5,178.5
3.25:  82.7,18.5,178.5
3.26:  82.7,18.5,178.5
3.28:  82.7,18.5,178.5
3.3:  82.7,18.5,178.5
3.31:  82.7,18.5,178.5
3.33:  82.7,18.5,178.5
3.35:  82.7,18.5,178.5
3.36:  82.7,18.5,178.5
3.38:  82.7,18.5,178.5
3.4:  82.7,18.5,178.5
3.41:  82.7,18.5,178.5
3.43:  82.7,18.5,178.5
3.45:  82.7,18.5,178.5
3.46:  82.7,18.5,178.5
3.48:  82.7,18.5,178.5
3.5:  82.7,18.5,178.5
3.51:  82.7,18.5,178.5
3.53:  82.7,18.5,178.5
3.55:  82.7,18.5,178.5
3.56:  82.7,18.5,178.5
3.58:  82.7,18.5,178.5
3.6:  82.7,18.5,178.5
3.61:  82.7,18.5,178.5
3.63:  82.7,18.5,178.5
3.65:  82.7,18.5,178.5
3.66:  82.7,18.5,178.5
3.68:  82.7,18.5,178.5
3.7:  82.7,18.5,178.5
3.71:  82.7,18.5,178.5
3.73:  82.7,18.5,178.5
3.75:  82.7,18.5,178.5
3.76:  82.7,18.5,178.5
3.78:  82.7,18.5,178.5
3.8:  82.7,18.5,178.5
3.81:  82.7,18.5,178.5
3.83:  82.7,18.5,178.5
3.85:  82.7,18.5,178.5
3.86:  82.7,18.5,178.5
3.88:  82.7,18.5,178.5
3.9:  82.7,18.5,178.5
3.91:  82.7,18.5,178.5
3.93:  82.7,18.5,178.5
3.95:  82.7,18.5,178.5
3.96:  82.7,18.5,178.5
3.98:  82.7,18.5,178.5
4:  82.7,18.5,178.5
4.01:  82.7,18.5,178.5
4.03:  82.7,18.5,178.5
4.05:  82.7,18.5,178.5
4.06:  82.7,18.5,178.5
4.08:  82.7,18.5,178.5
4.1:  82.7,18.5,178.5
4.11:  82.7,18.5,178.5
4.13:  82.7,18.5,178.5
4.15:  82.7,18.5,178.5
4.16:  82.7,18.5,178.5
4.18:  82.7,18.5,178.5
4.2:  82.7,18.5,178.5
4.21:  82.7,18.5,178.5
4.23:  82.7,18.5,178.5
4.25:  82.7,18.5,178.5
4.26:  82.7,18.5,178.5
4.28:  82.7,18.5,178.5
4.3:  82.7,18.5,178.5
4.31:  82.7,18.5,178.5
4.33:  82.7,18.5,178.5
4.35:  82.7,18.5,178.5
4.36:  82.7,18.5,178.5
4.38:  82.7,18.5,178.5
4.4:  82.7,18.5,178.5
4.41:  82.7,18.5,178.5
4.43:  82.7,18.5,178.5
4.45:  82.7,18.5,178.5
4.46:  82.7,18.5,178.5
4.48:  82.7,18.5,178.5
4.5:  82.7,18.5,178.5
4.51:  82.7,18.5,178.5
4.53:  82.7,18.5,178.5
4.55:  82.7,18.5,178.5
4.56:  82.7,18.5,178.5
4.58:  82.7,18.5,178.5
4.6:  82.7,18.5,178.5
4.61:  82.7,18.5,178.5
4.63:  82.7,18.5,178.5
4.65:  82.7,18.5,178.5
4.66:  82.7,18.5,178.5
4.68:  82.7,18.5,178.5
4.7:  82.7,18.5,178.5
4.71:  82.7,18.5,178.5
4.73:  82.7,18.5,178.5
4.75:  82.7,18.5,178.5
4.76:  82.7,18.5,178.5
4.78:  82.7,18.5,178.5
4.8:  82.7,18.5,178.5
4.81:  82.7,18.5,178.5
4.83:  82.7,18.5,178.5
4.85:  82.7,18.5,178.5
4.86:  82.7,18.5,178.5
4.88:  82.7,18.5,178.5
4.9:  82.7,18.5,178.5
4.91:  82.7,18.5,178.5
4.93:  82.7,18.5,178.5
4.95:  82.7,18.5,178.5
4.96:  82.7,18.5,178.5
4.98:  82.7,18.5,178.5
5:  82.7,18.5,178.5
5.01:  82.7,18.5,178.5
5.03:  82.7,18.5,178.5
5.05:  82.7,18.5,178.5
5.06:  82.7,18.5,178.5
5.08:  82.7,18.5,178.5
5.1:  82.7,18.5,178.5
5.11:  82.7,18.5,178.5
5.13:  82.7,18.5,178.5
5.15:  82.7,18.5,178.5
5.16:  82.7,18.5,178.5
5.18:  82.7,18.5,178.5
5.2:  82.7,18.5,178.5
5.21:  82.7,18.5,178.5
5.23:  82.7,18.5,178.5
5.25:  82.7,18.5,178.5
5.26:  82.7,18.5,178.5
5.28:  82.7,18.5,178.5
5.3:  82.7,18.5,178.5
5.31:  82.7,18.5,178.5
5.33:  82.7,18.5,178.5
5.35:  82.7,18.5,178.5
5.36:  82.7,18.5,178.5
5.38:  82.7,18.5,178.5
5.4:  82.7,18.5,178.5
5.41:  82.7,18.5,178.5
5.43:  82.7,18.5,178.5
5.45:  82.70033,18.48739,178.5
5.46:  82.70097,18.46261,178.5
5.48:  82.70197,18.4247,178.5
5.5:  82.70329,18.37456,178.5
5.51:  82.7049,18.31254,178.5
5.53:  82.70686,18.23797,178.5
5.55:  82.70917,18.1498,178.5
5.56:  82.71178,18.05012,178.5
5.58:  82.71473,17.93731,178.5
5.6:  82.71799,17.81269,178.5
5.61:  82.7216,17.67521,178.5
5.63:  82.72552,17.52548,178.5
5.65:  82.72976,17.36329,178.5
5.66:  82.73437,17.18735,178.5
5.68:  82.73928,16.99971,178.5
5.7:  82.74449,16.80095,178.5
5.71:  82.75004,16.58903,178.5
5.73:  82.75594,16.36365,178.5
5.75:  82.76218,16.12515,178.5
5.76:  82.7687,15.87621,178.5
5.78:  82.77526,15.62589,178.5
5.8:  82.78178,15.37694,178.5
5.81:  82.78835,15.12572,178.5
5.83:  82.7949,14.87574,178.5
5.85:  82.80144,14.626,178.5
5.86:  82.80799,14.37597,178.5
5.88:  82.81454,14.12578,178.5
5.9:  82.82111,13.87476,178.5
5.91:  82.82764,13.62574,178.5
5.93:  82.83421,13.37457,178.5
5.95:  82.84144,13.09851,178.5
5.96:  82.84729,12.87512,178.5
5.98:  82.85382,12.62582,178.5
6:  82.86154,12.33096,178.5
6.01:  82.8669,12.12622,178.5
6.03:  82.87341,11.87766,178.5
6.05:  82.87997,11.62696,178.5
6.06:  82.88649,11.37822,178.5
6.08:  82.89304,11.12786,178.5
6.1:  82.8996,10.87765,178.5
6.11:  82.90614,10.62792,178.5
6.13:  82.9127,10.37708,178.5
6.15:  82.91923,10.1279,178.5
6.16:  82.92579,9.877399,178.5
6.18:  82.93234,9.626998,178.5
6.2:  82.93886,9.378298,178.5
6.21:  82.9454,9.128605,178.5
6.23:  82.95199,8.876747,178.5
6.25:  82.95853,8.626745,178.5
6.26:  82.96503,8.378462,178.5
6.28:  82.9716,8.127738,178.5
6.3:  82.97814,7.878179,178.5
6.31:  82.98469,7.627986,178.5
6.33:  82.99123,7.37805,178.5
6.35:  82.99473,7.127837,179.2
6.36:  82.99081,6.878153,180.9
6.38:  82.98248,6.627111,181.9
6.4:  82.97206,6.378625,182.4
6.41:  82.95889,6.127119,183
6.43:  82.94321,5.877978,183.6
6.45:  82.92632,5.61685,183.7
6.46:  82.91111,5.381592,183.7
6.48:  82.89492,5.131216,183.7
6.5:  82.87868,4.880213,183.7
6.51:  82.86269,4.632805,183.7
6.53:  82.84475,4.382568,184.1
6.55:  82.82584,4.131073,184.3
6.56:  82.8068,3.883672,184.4
6.58:  82.78761,3.634164,184.4
6.6:  82.76849,3.385767,184.4
6.61:  82.74928,3.136189,184.4
6.63:  82.73011,2.886956,184.4
6.65:  82.71094,2.637814,184.4
6.66:  82.69179,2.3889,184.4
6.68:  82.6725,2.138233,184.4
6.7:  82.65372,1.888597,184.3
6.71:  82.63545,1.639755,184.2
6.73:  82.61741,1.388034,184.1
6.75:  82.60047,1.139609,183.9
6.76:  82.58577,0.892046,183.4
6.78:  82.57306,0.6412001,182.9
6.8:  82.56217,0.3918421,182.5
6.81:  82.55301,0.1419765,182.1
6.83:  82.54556,-0.1093039,181.7
6.85:  82.5386,-0.3583764,181.6
6.86:  82.53165,-0.606846,181.6
6.88:  82.52468,-0.8565782,181.6
6.9:  82.51771,-1.10621,181.6
6.91:  82.51073,-1.355932,181.6
6.93:  82.50378,-1.604977,181.6
6.95:  82.49674,-1.856663,181.6
6.96:  82.48975,-2.10723,181.6
6.98:  82.48274,-2.35787,181.6
7:  82.47584,-2.605018,181.6
7.01:  82.46884,-2.855546,181.6
7.03:  82.46189,-3.10439,181.6
7.05:  82.45481,-3.357804,181.6
7.06:  82.44788,-3.605793,181.6
7.08:  82.4409,-3.855855,181.6
7.1:  82.43362,-4.116738,181.6
7.11:  82.42699,-4.354082,181.6
7.13:  82.41993,-4.606644,181.6
7.15:  82.41299,-4.855119,181.6
7.16:  82.40568,-5.116742,181.6
7.18:  82.39909,-5.352918,181.6
7.2:  82.39208,-5.603451,181.6
7.21:  82.38501,-5.85669,181.6
7.23:  82.37811,-6.10385,181.6
7.25:  82.37114,-6.353271,181.6
7.26:  82.36416,-6.603325,181.6
7.28:  82.35712,-6.855353,181.6
7.3:  82.35017,-7.104264,181.6
7.31:  82.34316,-7.355023,181.6
7.33:  82.3362,-7.604254,181.6
7.35:  82.32922,-7.853827,181.6
7.36:  82.32221,-8.105021,181.6
7.38:  82.31527,-8.353409,181.6
7.4:  82.30826,-8.604531,181.6
7.41:  82.30131,-8.853433,181.6
7.43:  82.2943,-9.104245,181.6
7.45:  82.28727,-9.355881,181.6
7.46:  82.28036,-9.603375,181.6
7.48:  82.27338,-9.853169,181.6
7.5:  82.26643,-10.10191,181.6
7.51:  82.25941,-10.35352,181.6
7.53:  82.25246,-10.60197,181.6
7.55:  82.24548,-10.85194,181.6
7.56:  82.23846,-11.10358,181.6
7.58:  82.23152,-11.35174,181.6
7.6:  82.22451,-11.6027,181.6
7.61:  82.21754,-11.85233,181.6
7.63:  82.21058,-12.10138,181.6
7.65:  82.20359,-12.3518,181.6
7.66:  82.1966,-12.60179,181.6
7.68:  82.18964,-12.85109,181.6
7.7:  82.18262,-13.1024,181.6
7.71:  82.17567,-13.35143,181.6
7.73:  82.16869,-13.60124,181.6
7.75:  82.16168,-13.85196,181.6
7.76:  82.15468,-14.10277,181.6
7.78:  82.14773,-14.35151,181.6
7.8:  82.14074,-14.60177,181.6
7.81:  82.1338,-14.85019,181.6
7.83:  82.12679,-15.1011,181.6
7.85:  82.11983,-15.35036,181.6
7.86:  82.11281,-15.60172,181.6
7.88:  82.10584,-15.85108,181.6
7.9:  82.09887,-16.10075,181.6
7.91:  82.09188,-16.35104,181.6
7.93:  82.08492,-16.60004,181.6
7.95:  82.0779,-16.85163,181.6
7.96:  82.07096,-17.0999,181.6
7.98:  82.06396,-17.35038,181.6
8:  82.05701,-17.5993,181.6
8.01:  82.05001,-17.84992,181.6
8.03:  82.04301,-18.10077,181.6
8.05:  82.03602,-18.35081,181.6
8.06:  82.02905,-18.60019,181.6
8.08:  82.02209,-18.84936,181.6
8.1:  82.01508,-19.10018,181.6
8.11:  82.00814,-19.34885,181.6
8.13:  82.00113,-19.59996,181.6
8.15:  81.99416,-19.84934,181.6
8.16:  81.98714,-20.10046,181.6
8.18:  81.98022,-20.3483,181.6
8.2:  81.97324,-20.59829,181.6
8.21:  81.96629,-20.84742,181.6
8.23:  81.95969,-21.09888,181.5
8.25:  81.95403,-21.34861,181.3
8.26:  81.94876,-21.6003,181.2
8.28:  81.94444,-21.84808,181
8.3:  81.94444,-22.09864,180
8.31:  81.94749,-22.34872,179.3
8.33:  81.95143,-22.59956,179.1
8.35:  81.95534,-22.84822,179.1
8.36:  81.95928,-23.09942,179.1
8.38:  81.9632,-23.34858,179.1
8.4:  81.96715,-23.60027,179.1
8.41:  81.97131,-23.86493,179.1
8.43:  81.97497,-24.09809,179.1
8.45:  81.97889,-24.3474,179.1
8.46:  81.98281,-24.59726,179.1
8.48:  81.98679,-24.85006,179.1
8.5:  81.99068,-25.0978,179.1
8.51:  81.9946,-25.34767,179.1
8.53:  81.99854,-25.598,179.1
8.55:  82.00245,-25.8476,179.1
8.56:  82.0064,-26.09893,179.1
8.58:  82.01031,-26.34738,179.1
8.6:  82.01426,-26.59932,179.1
8.61:  82.01815,-26.84681,179.1
8.63:  82.02218,-27.10353,179.1
8.65:  82.02603,-27.34841,179.1
8.66:  82.02994,-27.5974,179.1
8.68:  82.03387,-27.84734,179.1
8.7:  82.0378,-28.09777,179.1
8.71:  82.04173,-28.34734,179.1
8.73:  82.04567,-28.59859,179.1
8.75:  82.04958,-28.84782,179.1
8.76:  82.05352,-29.09823,179.1
8.78:  82.05744,-29.34808,179.1
8.8:  82.06138,-29.59858,179.1
8.81:  82.06528,-29.84704,179.1
8.83:  82.06936,-30.10643,179.1
8.85:  82.0732,-30.35099,179.1
8.86:  82.07707,-30.59767,179.1
8.88:  82.08104,-30.8501,179.1
8.9:  82.08493,-31.09807,179.1
8.91:  82.08843,-31.34885,179.2
8.93:  82.09147,-31.59719,179.3
8.95:  82.09365,-31.84706,179.5
8.96:  82.09496,-32.09776,179.7
8.98:  82.09583,-32.34719,179.8
9:  82.09628,-32.60079,179.9
9.01:  82.09628,-32.84705,180
9.03:  82.09584,-33.098,180.1
9.05:  82.09541,-33.34656,180.1
9.06:  82.09496,-33.59881,180.1
9.08:  82.09453,-33.84742,180.1
9.1:  82.09409,-34.09917,180.1
9.11:  82.09366,-34.3481,180.1
9.13:  82.09322,-34.59656,180.1
9.15:  82.09279,-34.84623,180.1
9.16:  82.09235,-35.09665,180.1
9.18:  82.09191,-35.34686,180.1
9.2:  82.09103,-35.59924,180.2
9.21:  82.09016,-35.84786,180.2
9.23:  82.08929,-36.09798,180.2
9.25:  82.08842,-36.34729,180.2
9.26:  82.08755,-36.59742,180.2
9.28:  82.08665,-36.85293,180.2
9.3:  82.0858,-37.09769,180.2
9.31:  82.08492,-37.34879,180.2
9.33:  82.08406,-37.59636,180.2
9.35:  82.08318,-37.8477,180.2
9.36:  82.08231,-38.0974,180.2
9.38:  82.08143,-38.35025,180.2
9.4:  82.08057,-38.59707,180.2
9.41:  82.07969,-38.8477,180.2
9.43:  82.07882,-39.09705,180.2
9.45:  82.07795,-39.34729,180.2
9.46:  82.07707,-39.5984,180.2
9.48:  82.0762,-39.84702,180.2
9.5:  82.07533,-40.09764,180.2
9.51:  82.07446,-40.34828,180.2
9.53:  82.07359,-40.59767,180.2
9.55:  82.07271,-40.84774,180.2
9.56:  82.07184,-41.09782,180.2
9.58:  82.07096,-41.34872,180.2
9.6:  82.0701,-41.5969,180.2
9.61:  82.06921,-41.84907,180.2
9.63:  82.06834,-42.09764,180.2
9.65:  82.06747,-42.34743,180.2
9.66:  82.0666,-42.59598,180.2
9.68:  82.06573,-42.84692,180.2
9.7:  82.06486,-43.09753,180.2
9.71:  82.06398,-43.34876,180.2
9.73:  82.06311,-43.59733,180.2
9.75:  82.06224,-43.84775,180.2
9.76:  82.06137,-44.09658,180.2
9.78:  82.06049,-44.34681,180.2
9.8:  82.05962,-44.59723,180.2
9.81:  82.05875,-44.84795,180.2
9.83:  82.05788,-45.09732,180.2
9.85:  82.057,-45.34839,180.2
9.86:  82.05613,-45.59805,180.2
9.88:  82.05526,-45.84602,180.2
9.9:  82.05438,-46.09724,180.2
9.91:  82.05351,-46.34765,180.2
9.93:  82.05264,-46.59754,180.2
9.95:  82.05177,-46.8475,180.2
9.96:  82.0509,-47.09669,180.2
9.98:  82.05003,-47.34673,180.2
10:  82.04958,-47.59784,180.1
10.01:  82.04915,-47.84779,180.1
10.03:  82.04871,-48.09909,180.1
10.05:  82.04828,-48.34845,180.1
10.06:  82.04784,-48.5965,180.1
10.08:  82.04784,-48.84925,180
10.1:  82.04784,-49.09815,180
10.11:  82.04784,-49.34792,180
10.13:  82.04784,-49.59833,180
10.15:  82.04784,-49.84659,180
10.16:  82.04784,-50.09918,180
10.18:  82.04784,-50.34761,180
10.2:  82.04784,-50.59772,180
10.21:  82.04784,-50.84811,180
10.23:  82.04784,-51.09723,180
10.25:  82.04784,-51.34789,180
10.26:  82.04784,-51.59706,180
10.28:  82.04784,-51.8466,180
10.3:  82.04784,-52.09732,180
10.31:  82.04784,-52.34768,180
10.33:  82.04784,-52.59676,180
10.35:  82.04784,-52.84883,180
10.36:  82.04784,-53.097,180
10.38:  82.04784,-53.34643,180
10.4:  82.04784,-53.59713,180
10.41:  82.04784,-53.8455,180
10.43:  82.04784,-54.09702,180
10.45:  82.04784,-54.34916,180
10.46:  82.04784,-54.59668,180
10.48:  82.04784,-54.84722,180
10.5:  82.04784,-55.09731,180
10.51:  82.04784,-55.34689,180
10.53:  82.04784,-55.59638,180
10.55:  82.04784,-55.84727,180
10.56:  82.04784,-56.09776,180
10.58:  82.03907,-56.34899,182
10.61:  82.01857,-56.59836,184.7
10.63:  81.98148,-56.84362,188.6
10.65:  81.91482,-57.08562,195.4
10.66:  81.82838,-57.32181,200.1
10.68:  81.72399,-57.54567,205
10.7:  81.59768,-57.76358,210.1
10.71:  81.45438,-57.96672,215.2
10.73:  81.29253,-58.15757,220.3
10.75:  81.11605,-58.3359,224.7
10.76:  80.92828,-58.50145,228.6
10.78:  80.73203,-58.65588,231.8
10.8:  80.52866,-58.79934,234.8
10.81:  80.3161,-58.93423,237.6
10.83:  80.09895,-59.0591,240.1
10.85:  79.87806,-59.17311,242.7
10.86:  79.65472,-59.28301,243.8
10.88:  79.42657,-59.39135,244.6
10.9:  79.20049,-59.49677,245
10.91:  78.97385,-59.60053,245.4
10.93:  78.74577,-59.70351,245.7
10.95:  78.51768,-59.80602,245.8
10.96:  78.28893,-59.90834,245.9
10.98:  78.06131,-60.00969,246
11:  77.83353,-60.1111,246
11.01:  77.60376,-60.2134,246
11.03:  77.37623,-60.31423,246.1
11.05:  77.14497,-60.41383,246.7
11.06:  76.9155,-60.50981,247.3
11.08:  76.68122,-60.60115,248.7
11.1:  76.44711,-60.68314,250.7
11.11:  76.20824,-60.75481,253.3
11.13:  75.96553,-60.81622,255.8
11.15:  75.72152,-60.8672,258.2
11.16:  75.47289,-60.91014,260.2
11.18:  75.22732,-60.94509,261.9
11.2:  74.97904,-60.97602,262.9
11.21:  74.72962,-61.00223,264
11.23:  74.48172,-61.02392,265
11.25:  74.23175,-61.0414,266
11.26:  73.98251,-61.05708,266.4
11.28:  73.73243,-61.07194,266.6
11.3:  73.48176,-61.08595,266.8
11.31:  73.23311,-61.09985,266.8
11.33:  72.98457,-61.11331,266.9
11.35:  72.73446,-61.12686,266.9
11.36:  72.48498,-61.13993,267
11.38:  72.23434,-61.15307,267
11.4:  71.98626,-61.16563,267.1
11.41:  71.73517,-61.17704,267.4
11.43:  71.4861,-61.18704,267.7
11.45:  71.23476,-61.19406,268.4
11.46:  70.98402,-61.19931,268.8
11.48:  70.7343,-61.2028,269.2
11.5:  70.48531,-61.20411,269.7
11.51:  70.23581,-61.19975,271
11.53:  69.98557,-61.18663,273
11.55:  69.73626,-61.16175,275.7
11.56:  69.49026,-61.12674,278.1
11.58:  69.24355,-61.08279,280.1
11.6:  68.99782,-61.03503,281
11.61:  68.75227,-60.98685,281.1
11.63:  68.50693,-60.93916,281
11.65:  68.24615,-60.88894,280.9
11.66:  68.01715,-60.84484,280.9
11.68:  67.77088,-60.79742,280.9
11.7:  67.52676,-60.75041,280.9
11.71:  67.28079,-60.70304,280.9
11.73:  67.03458,-60.65563,280.9
11.75:  66.78904,-60.60835,280.9
11.76:  66.54372,-60.56111,280.9
11.78:  66.29702,-60.5136,280.9
11.8:  66.0534,-60.46669,280.9
11.81:  65.80818,-60.41946,280.9
11.83:  65.56318,-60.37228,280.9
11.85:  65.31705,-60.32489,280.9
11.86:  65.07011,-60.27734,280.9
11.88:  64.82619,-60.23036,280.9
11.9:  64.58035,-60.18302,280.9
11.91:  64.33595,-60.13596,280.9
11.93:  64.08978,-60.08855,280.9
11.95:  63.8447,-60.04136,280.9
11.96:  63.59885,-59.99401,280.9
11.98:  63.35188,-59.94645,280.9
12:  63.10596,-59.8991,280.9
12.01:  62.85942,-59.85162,280.9
12.03:  62.61712,-59.80496,280.9
12.05:  62.37172,-59.75771,280.9
12.06:  62.12383,-59.70997,280.9
12.08:  61.87943,-59.66291,280.9
12.1:  61.63339,-59.61552,280.9
12.11:  61.39054,-59.56876,280.9
12.13:  61.14322,-59.52113,280.9
12.15:  60.89887,-59.47408,280.9
12.16:  60.65217,-59.42657,280.9
12.18:  60.4066,-59.37928,280.9
12.2:  60.16164,-59.33211,280.9
12.21:  59.9164,-59.28488,280.9
12.23:  59.67204,-59.23783,280.9
12.25:  59.42583,-59.19041,280.9
12.26:  59.17854,-59.1428,280.9
12.28:  58.93504,-59.0959,280.9
12.3:  58.68758,-59.0487,280.8
12.31:  58.44291,-59.00335,280.5
12.33:  58.19619,-58.95896,280.2
12.35:  57.95041,-58.91562,280
12.36:  57.70287,-58.87286,279.8
12.38:  57.45609,-58.83378,279
12.4:  57.20856,-58.79811,278.2
12.41:  56.96051,-58.76501,277.6
12.43:  56.71291,-58.73373,277.2
12.45:  56.46176,-58.70378,276.8
12.46:  56.21634,-58.67538,276.6
12.48:  55.96654,-58.64693,276.5
12.5:  55.71864,-58.61912,276.4
12.51:  55.46592,-58.59211,276.1
12.53:  55.22266,-58.56826,275.6
12.55:  54.97463,-58.54482,275.4
12.56:  54.72466,-58.52206,275.2
12.58:  54.4757,-58.49984,275.1
12.6:  54.22428,-58.47785,275
12.61:  53.97727,-58.45711,274.8
12.63:  53.72767,-58.4379,274.4
12.65:  53.47902,-58.42269,273.5
12.66:  53.22877,-58.40958,273
12.68:  52.98006,-58.39742,272.8
12.7:  52.72987,-58.38605,272.6
12.71:  52.47935,-58.37599,272.3
12.73:  52.21947,-58.36873,271.6
12.75:  51.98048,-58.36414,271.1
12.76:  51.7296,-58.36108,270.7
12.78:  51.48046,-58.35977,270.3
12.8:  51.2299,-58.35977,270
12.81:  50.97678,-58.3611,269.7
12.83:  50.7288,-58.36326,269.5
12.85:  50.48012,-58.36673,269.2
12.86:  50.22937,-58.37067,269.1
12.88:  49.98052,-58.37458,269.1
12.9:  49.73123,-58.3785,269.1
12.91:  49.4693,-58.38261,269.1
12.93:  49.2186,-58.38699,269
12.95:  48.98143,-58.39113,269
12.96:  48.73034,-58.39551,269
12.98:  48.48005,-58.39988,269
13:  48.23008,-58.40424,269
13.01:  47.98035,-58.40904,268.9
13.03:  47.7306,-58.41383,268.9
13.05:  47.48215,-58.4186,268.9
13.06:  47.23052,-58.42344,268.9
13.08:  46.98065,-58.42823,268.9
13.1:  46.72998,-58.43304,268.9
13.11:  46.48121,-58.43782,268.9
13.13:  46.23057,-58.44263,268.9
13.15:  45.98194,-58.44741,268.9
13.16:  45.73087,-58.45223,268.9
13.18:  45.48232,-58.457,268.9
13.2:  45.23077,-58.46183,268.9
13.21:  44.97992,-58.46665,268.9
13.23:  44.73055,-58.47144,268.9
13.25:  44.48203,-58.47621,268.9
13.26:  44.23166,-58.48101,268.9
13.28:  43.98205,-58.48581,268.9
13.3:  43.73185,-58.49061,268.9
13.31:  43.48145,-58.49542,268.9
13.33:  43.23037,-58.50024,268.9
13.35:  42.98299,-58.50499,268.9
13.36:  42.73306,-58.50979,268.9
13.38:  42.48186,-58.51461,268.9
13.4:  42.23269,-58.5194,268.9
13.41:  41.98315,-58.52419,268.9
13.43:  41.73227,-58.52901,268.9
13.45:  41.48106,-58.53383,268.9
13.46:  41.23161,-58.53862,268.9
13.48:  40.98184,-58.54342,268.9
13.5:  40.73269,-58.5482,268.9
13.51:  40.4836,-58.55298,268.9
13.53:  40.23031,-58.55785,268.9
13.55:  39.98318,-58.56259,268.9
13.56:  39.7314,-58.56742,268.9
13.58:  39.48309,-58.57219,268.9
13.6:  39.23153,-58.57702,268.9
13.61:  38.98169,-58.58182,268.9
13.63:  38.73188,-58.58662,268.9
13.65:  38.48229,-58.59141,268.9
13.66:  38.2336,-58.59618,268.9
13.68:  37.98362,-58.60098,268.9
13.7:  37.73241,-58.6058,268.9
13.71:  37.48349,-58.61058,268.9
13.73:  37.23265,-58.6154,268.9
13.75:  36.98296,-58.6202,268.9
13.76:  36.73218,-58.62501,268.9
13.78:  36.48283,-58.6298,268.9
13.8:  36.22529,-58.63474,268.9
13.81:  35.9828,-58.6394,268.9
13.83:  35.73325,-58.64419,268.9
13.85:  35.48289,-58.649,268.9
13.86:  35.23359,-58.65379,268.9
13.88:  34.98325,-58.65859,268.9
13.9:  34.73185,-58.66342,268.9
13.91:  34.48259,-58.66821,268.9
13.93:  34.23092,-58.67304,268.9
13.95:  33.98341,-58.67779,268.9
13.96:  33.73339,-58.68259,268.9
13.98:  33.48449,-58.68737,268.9
14:  33.23407,-58.69218,268.9
14.01:  32.98457,-58.69697,268.9
14.03:  32.73222,-58.70181,268.9
14.05:  32.48329,-58.70659,268.9
14.06:  32.23563,-58.71135,268.9
14.08:  31.98327,-58.71619,268.9
14.1:  31.73436,-58.72097,268.9
14.11:  31.4847,-58.72577,268.9
14.13:  31.23418,-58.73058,268.9
14.15:  30.98417,-58.73538,268.9
14.16:  30.73261,-58.74021,268.9
14.18:  30.48249,-58.74501,268.9
14.2:  30.23448,-58.74977,268.9
14.21:  29.98428,-58.75458,268.9
14.23:  29.73514,-58.75936,268.9
14.25:  29.4845,-58.76417,268.9
14.26:  29.23551,-58.76895,268.9
14.28:  28.98526,-58.77376,268.9
14.3:  28.73464,-58.77857,268.9
14.31:  28.48334,-58.78339,268.9
14.33:  28.23565,-58.78815,268.9
14.35:  27.98315,-58.793,268.9
14.36:  27.73468,-58.79777,268.9
14.38:  27.48551,-58.80256,268.9
14.4:  27.23501,-58.80737,268.9
14.41:  26.98354,-58.81219,268.9
14.43:  26.73578,-58.81695,268.9
14.45:  26.48615,-58.82174,268.9
14.46:  26.23481,-58.82657,268.9
14.48:  25.98451,-58.83138,268.9
14.5:  25.73522,-58.83616,268.9
14.51:  25.48439,-58.84098,268.9
14.53:  25.23513,-58.84576,268.9
14.55:  24.98447,-58.85057,268.9
14.56:  24.73527,-58.85536,268.9
14.58:  24.48491,-58.86017,268.9
14.6:  24.23471,-58.86497,268.9
14.61:  23.98533,-58.86976,268.9
14.63:  23.72637,-58.87473,268.9
14.65:  23.48422,-58.87938,268.9
14.66:  23.23567,-58.88112,269.6
14.68:  22.98462,-58.87323,271.8
14.7:  22.73682,-58.85807,273.5
14.71:  22.48617,-58.83878,274.4
14.73:  22.23821,-58.81622,275.2
14.75:  21.98763,-58.79077,275.8
14.76:  21.74045,-58.76391,276.2
14.78:  21.49035,-58.73276,277.1
14.8:  21.24516,-58.69437,278.9
14.81:  20.99998,-58.64359,281.7
14.83:  20.7588,-58.58256,284.2
14.85:  20.51717,-58.50961,286.8
14.86:  20.27941,-58.43419,287.6
14.88:  20.04162,-58.35555,288.3
14.9:  19.80661,-58.27554,288.8
14.91:  19.57014,-58.1932,289.2
14.93:  19.33427,-58.11013,289.4
14.95:  19.09542,-58.02508,289.6
14.96:  18.86443,-57.94283,289.6
14.98:  18.62769,-57.8576,289.8
15:  18.39278,-57.77117,290.2
15.01:  18.15839,-57.68213,290.8
15.03:  17.90804,-57.58301,291.6
15.05:  17.69424,-57.4962,292.1
15.06:  17.46463,-57.40109,292.5
15.08:  17.23319,-57.30332,292.9
15.1:  17.00378,-57.20547,293.1
15.11:  16.77312,-57.10661,293.2
15.13:  16.54546,-57.00904,293.2
15.15:  16.31543,-56.91044,293.2
15.16:  16.08614,-56.81217,293.2
15.18:  15.85464,-56.71247,293.3
15.2:  15.62624,-56.61411,293.3
15.21:  15.39586,-56.51489,293.3
15.23:  15.16643,-56.41608,293.3
15.25:  14.92355,-56.30642,294.3
15.26:  14.71142,-56.2084,294.8
15.28:  14.48642,-56.10108,295.5
15.3:  14.26193,-55.98915,296.5
15.31:  14.03958,-55.87341,297.5
15.33:  13.82031,-55.75534,298.3
15.35:  13.5986,-55.63295,298.9
15.36:  13.38345,-55.51123,299.5
15.38:  13.16718,-55.38585,300.1
15.4:  12.95242,-55.25935,300.5
15.41:  12.7369,-55.13037,300.9
15.43:  12.52517,-55.00062,301.5
15.45:  12.29917,-54.85553,302.7
15.46:  12.09658,-54.72093,303.6
15.48:  11.90096,-54.58548,304.7
15.5:  11.69738,-54.43865,305.8
15.51:  11.49865,-54.28835,307.1
15.53:  11.30218,-54.13151,308.6
15.55:  11.11139,-53.97028,310.2
15.56:  10.92599,-53.80276,312.1
15.58:  10.74478,-53.62776,314
15.6:  10.57076,-53.44944,315.7
15.61:  10.40109,-53.26621,317.2
15.63:  10.23614,-53.08043,318.4
15.65:  10.07549,-52.88623,320.4
15.66:  9.903933,-52.71366,321.7
15.68:  9.716066,-52.56182,322.9
15.7:  9.542848,-52.37122,324
15.71:  9.398584,-52.18033,325.4
15.73:  9.260895,-51.97071,326.7
15.75:  9.129472,-51.75875,328.2
15.76:  9.001203,-51.54186,329.4
15.78:  8.878545,-51.32418,330.6
15.8:  8.760632,-51.1061,331.6
15.81:  8.64442,-50.88381,332.4
15.83:  8.530952,-50.66207,332.9
15.85:  8.420372,-50.43535,334
15.86:  8.314061,-50.21045,334.7
15.88:  8.209247,-49.98361,335.2
15.9:  8.106277,-49.75555,335.7
15.91:  8.005024,-49.52707,336.1
15.93:  7.903923,-49.29784,336.2
15.95:  7.804083,-49.06931,336.4
15.96:  7.704333,-48.8399,336.5
15.98:  7.60446,-48.61021,336.5
16:  7.505254,-48.38205,336.5
16.01:  7.405952,-48.15368,336.5
16.03:  7.305922,-47.92362,336.5
16.05:  7.206572,-47.69513,336.5
16.06:  7.106447,-47.46486,336.5
16.08:  7.005905,-47.23363,336.5
16.1:  6.907682,-47.00773,336.5
16.11:  6.798771,-46.75725,336.5
16.13:  6.708336,-46.54927,336.5
16.15:  6.608622,-46.31994,336.5
16.16:  6.508899,-46.09059,336.5
16.18:  6.408455,-45.85958,336.5
16.2:  6.308863,-45.63054,336.5
16.21:  6.210006,-45.40318,336.5
16.23:  6.109502,-45.17204,336.5
16.25:  6.010664,-44.94473,336.5
16.26:  5.910538,-44.71445,336.5
16.28:  5.810925,-44.48536,336.5
16.3:  5.710297,-44.25393,336.5
16.31:  5.611206,-44.02604,336.5
16.33:  5.512018,-43.79792,336.5
16.35:  5.41176,-43.56734,336.5
16.36:  5.312505,-43.33907,336.5
16.38:  5.212459,-43.10898,336.5
16.4:  5.112933,-42.88008,336.5
16.41:  5.013509,-42.65143,336.5
16.43:  4.913336,-42.42104,336.5
16.45:  4.815392,-42.19142,336.9
16.46:  4.720059,-41.95897,337.7
16.48:  4.626646,-41.72776,338
16.5:  4.534528,-41.4951,338.4
16.51:  4.444463,-41.2629,338.8
16.53:  4.354971,-41.02855,339.1
16.55:  4.266921,-40.79178,339.6
16.56:  4.184021,-40.55768,340.5
16.58:  4.104798,-40.32228,341.4
16.6:  4.029085,-40.0836,342.4
16.61:  3.957497,-39.84498,343.3
16.63:  3.888912,-39.60261,344.2
16.65:  3.826495,-39.36126,345.5
16.66:  3.766313,-39.11808,346.1
16.68:  3.708703,-38.87625,346.6
16.7:  3.652092,-38.63104,347
16.71:  3.597398,-38.38835,347.3
16.73:  3.543089,-38.14337,347.5
16.75:  3.491141,-37.89898,348
16.76:  3.440481,-37.64313,348.8
16.78:  3.396588,-37.4063,349.5
16.8:  3.35448,-37.16252,350.2
16.81:  3.315077,-36.91652,350.9
16.83:  3.277884,-36.66765,351.5
16.85:  3.24274,-36.42072,351.9
16.86:  3.208366,-36.173,352.1
16.88:  3.174223,-35.92374,352.2
16.9:  3.140518,-35.67769,352.2
16.91:  3.106622,-35.43025,352.2
16.93:  3.072911,-35.18415,352.2
16.95:  3.03886,-34.93557,352.2
16.96:  3.004819,-34.68707,352.2
16.98:  2.969217,-34.42717,352.2
17:  2.9373,-34.1911,352.3
17.01:  2.903729,-33.9428,352.3
17.03:  2.87074,-33.69556,352.4
17.05:  2.838561,-33.44779,352.6
17.06:  2.80649,-33.20086,352.6
17.08:  2.774638,-32.95221,352.7
17.1:  2.742568,-32.70187,352.7
17.11:  2.711354,-32.45821,352.7
17.13:  2.679423,-32.20894,352.7
17.15:  2.647703,-31.96133,352.7
17.16:  2.615778,-31.71212,352.7
17.18:  2.583121,-31.45719,352.7
17.2:  2.552171,-31.20512,353
17.21:  2.526358,-30.96751,353.8
17.23:  2.504711,-30.72008,355
17.25:  2.493771,-30.46952,357.5
17.26:  2.490707,-30.2187,359.3
17.28:  2.496812,-29.9689,1.400018
17.31:  2.512057,-29.71965,3.500018
17.33:  2.537353,-29.47061,5.800017
17.35:  2.57276,-29.22183,8.100018
17.36:  2.618751,-28.97608,10.60002
17.38:  2.677435,-28.73351,13.60002
17.4:  2.749948,-28.49484,16.90002
17.41:  2.843174,-28.24942,20.80002
17.43:  2.942638,-28.03317,24.70002
17.45:  3.061795,-27.81553,28.70002
17.46:  3.207438,-27.60907,35.20002
17.48:  3.367596,-27.41887,40.10002
17.5:  3.54566,-27.24019,44.90002
17.51:  3.732835,-27.0769,48.90002
17.53:  3.930102,-26.92389,52.20002
17.55:  4.132722,-26.77989,54.60003
17.56:  4.340864,-26.6395,56.00003
17.58:  4.550842,-26.50314,57.00002
17.6:  4.76275,-26.37226,58.30002
17.61:  4.991617,-26.23906,59.80002
17.63:  5.208892,-26.1201,61.30002
17.65:  5.419222,-26.00968,62.30002
17.66:  5.643113,-25.89902,63.70002
17.68:  5.869502,-25.79201,64.70003
17.7:  6.098699,-25.689,65.80002
17.71:  6.32779,-25.59129,66.90003
17.73:  6.561707,-25.49631,67.90003
17.75:  6.79215,-25.40553,68.50003
17.76:  7.025731,-25.3154,68.90002
17.78:  7.258504,-25.22791,69.40003
17.8:  7.493748,-25.14136,69.80003
17.81:  7.73071,-25.05884,70.80002
17.83:  7.967583,-24.98278,72.20003
17.85:  8.207583,-24.91215,73.60002
17.86:  8.453311,-24.84723,75.20002
17.88:  8.691231,-24.78879,76.20002
17.9:  8.937025,-24.73384,77.40002
17.91:  9.181802,-24.68538,78.80003
17.93:  9.42916,-24.64221,80.10002
17.95:  9.673719,-24.60303,80.90002
17.96:  9.921832,-24.56595,81.50002
17.98:  10.17027,-24.53148,82.10002
18:  10.4187,-24.50318,83.50002
18.01:  10.66759,-24.48271,85.30002
18.03:  10.93559,-24.47242,87.80002
18.05:  11.16807,-24.46633,88.50002
18.06:  11.4186,-24.46458,89.60002
18.08:  11.66674,-24.46328,89.70003
18.1:  11.91611,-24.46198,89.70003
18.11:  12.16699,-24.46066,89.70003
18.13:  12.41625,-24.45936,89.70003
18.15:  12.66753,-24.45761,89.60003
18.16:  12.91734,-24.45368,89.10002
18.18:  13.16732,-24.44932,89.00002
18.2:  13.41776,-24.44495,89.00002
18.21:  13.66653,-24.4406,89.00002
18.23:  13.91647,-24.43624,89.00002
18.25:  14.16494,-24.4319,89.00002
18.26:  14.41576,-24.42753,89.00002
18.28:  14.66455,-24.42318,89.00002
18.3:  14.91462,-24.41882,89.00002
18.31:  15.16778,-24.41396,88.90002
18.33:  15.41587,-24.40876,88.80001
18.35:  15.66538,-24.4031,88.70002
18.36:  15.91694,-24.39651,88.50002
18.38:  16.16516,-24.38828,88.10001
18.4:  16.41583,-24.37909,87.90002
18.41:  16.66418,-24.36998,87.90002
18.43:  16.91739,-24.36025,87.80001
18.45:  17.16609,-24.3507,87.80001
18.46:  17.41411,-24.34117,87.80001
18.48:  17.66356,-24.33159,87.80001
18.5:  17.91265,-24.32202,87.80001
18.51:  18.16439,-24.31235,87.80001
18.53:  18.41234,-24.30282,87.80001
18.55:  18.66266,-24.29321,87.80001
18.56:  18.9139,-24.2818,87.40002
18.58:  19.16448,-24.26779,86.80001
18.6:  19.41509,-24.2507,86.10001
18.61:  19.66265,-24.23035,85.30001
18.63:  19.91178,-24.20592,84.40002
18.65:  20.15908,-24.17993,84.00002
18.66:  20.40809,-24.15288,83.80002
18.68:  20.65917,-24.12516,83.70002
18.7:  20.90468,-24.09805,83.70002
18.71:  21.15275,-24.07067,83.70002
18.73:  21.40112,-24.04325,83.70002
18.75:  21.65199,-24.01555,83.70002
18.76:  21.90047,-23.98768,83.60001
18.78:  22.14634,-23.9601,83.60001
18.8:  22.39493,-23.93222,83.60001
18.81:  22.6449,-23.90374,83.50002
18.83:  22.89438,-23.87531,83.50002
18.85:  23.14018,-23.84731,83.50002
18.86:  23.38816,-23.81906,83.50002
18.88:  23.63602,-23.79081,83.50002
18.9:  23.88797,-23.76211,83.50002
18.91:  24.13589,-23.73342,83.40001
18.93:  24.38225,-23.70492,83.40001
18.95:  24.63006,-23.67625,83.40001
18.96:  24.87822,-23.64753,83.40001
18.98:  25.12706,-23.61874,83.40001
19:  25.37506,-23.59005,83.40001
19.01:  25.62522,-23.56066,83.30002
19.03:  25.87354,-23.53017,83.00002
19.05:  26.12047,-23.49941,82.90002
19.06:  26.36892,-23.46759,82.70002
19.08:  26.61529,-23.43603,82.70002
19.1:  26.86447,-23.4041,82.70002
19.11:  27.11154,-23.37245,82.70002
19.13:  27.372,-23.33863,82.60001
19.15:  27.61976,-23.30645,82.60001
19.16:  27.85627,-23.27573,82.60001
19.2:  28.10555,-23.24336,82.60001
19.21:  28.60014,-23.17824,82.50002
19.23:  28.84768,-23.14565,82.50002
19.25:  29.09902,-23.11256,82.50002
19.26:  29.34284,-23.08003,82.40002
19.28:  29.59123,-23.04689,82.40002
19.3:  29.83833,-23.01392,82.40002
19.31:  30.08701,-22.98074,82.40002
19.33:  30.3352,-22.94762,82.40002
19.35:  30.58453,-22.91435,82.40002
19.36:  30.83074,-22.8815,82.40002
19.38:  31.07689,-22.84866,82.40002
19.4:  31.324,-22.81569,82.40002
19.41:  31.57421,-22.7823,82.40002
19.43:  31.82071,-22.74941,82.40002
19.45:  32.06791,-22.71643,82.40002
19.46:  32.3162,-22.6833,82.40002
19.48:  32.56384,-22.65026,82.40002
19.5:  32.81123,-22.61725,82.40002
19.51:  33.05998,-22.58406,82.40002
19.53:  33.30797,-22.55097,82.40002
19.55:  33.55507,-22.518,82.40002
19.56:  33.80432,-22.48474,82.40002
19.58:  34.05239,-22.45164,82.40002
19.6:  34.2995,-22.41867,82.40002
19.61:  34.54763,-22.38556,82.40002
19.63:  34.79388,-22.35271,82.40002
19.65:  35.04479,-22.31923,82.40002
19.66:  35.28974,-22.28655,82.40002
19.68:  35.53823,-22.25339,82.40002
19.7:  35.7853,-22.22042,82.40002
19.71:  36.03447,-22.18718,82.40002
19.73:  36.28076,-22.15432,82.40002
19.75:  36.5311,-22.12091,82.40002
19.76:  36.77692,-22.08812,82.40002
19.78:  37.02496,-22.05502,82.40002
19.8:  37.27264,-22.02197,82.40002
19.81:  37.52006,-21.98896,82.40002
19.83:  37.76765,-21.95592,82.40002
19.85:  38.01638,-21.92274,82.40002
19.86:  38.26342,-21.88977,82.40002
19.9:  38.51363,-21.85639,82.40002
19.91:  38.75965,-21.82356,82.40002
19.93:  39.00742,-21.7905,82.40002
19.95:  39.25475,-21.7575,82.40002
19.96:  39.50298,-21.72438,82.40002
19.98:  39.75129,-21.69125,82.40002
20:  39.9983,-21.65829,82.40002
20.01:  40.24575,-21.62527,82.40002
20.03:  40.49485,-21.59204,82.40002
20.05:  40.74081,-21.55922,82.40002
20.06:  40.98925,-21.52607,82.40002
20.08:  41.23849,-21.49282,82.40002
20.1:  41.48703,-21.45965,82.40002
20.11:  41.73287,-21.42685,82.40002
20.13:  41.98073,-21.39378,82.40002
20.15:  42.22975,-21.36055,82.40002
20.16:  42.4763,-21.32766,82.40002
20.18:  42.72376,-21.29464,82.40002
20.2:  42.97298,-21.26138,82.40002
20.21:  43.2201,-21.22841,82.40002
20.23:  43.46745,-21.19541,82.40002
20.25:  43.71538,-21.16233,82.40002
20.26:  43.96613,-21.12887,82.40002
20.28:  44.21146,-21.09614,82.40002
20.3:  44.45952,-21.06304,82.40002
20.31:  44.70674,-21.03005,82.40002
20.33:  44.95462,-20.99698,82.40002
20.35:  45.2023,-20.96393,82.40002
20.36:  45.45155,-20.93068,82.40002
20.38:  45.69855,-20.89772,82.40002
20.4:  45.94452,-20.8649,82.40002
20.41:  46.19303,-20.83174,82.40002
20.43:  46.4418,-20.79855,82.40002
20.45:  46.68872,-20.7656,82.40002
20.46:  46.93661,-20.73252,82.40002
20.48:  47.18572,-20.69929,82.40002
20.5:  47.43326,-20.66626,82.40002
20.51:  47.67928,-20.63343,82.40002
20.53:  47.92778,-20.60028,82.40002
20.55:  48.17659,-20.56708,82.40002
20.56:  48.42348,-20.53413,82.40002
20.58:  48.6708,-20.50113,82.40002
20.6:  48.92058,-20.46781,82.40002
20.61:  49.1684,-20.43474,82.40002
20.63:  49.41614,-20.40169,82.40002
20.65:  49.66212,-20.36887,82.40002
20.66:  49.911,-20.33566,82.40002
20.68:  50.15787,-20.30272,82.40002
20.7:  50.40731,-20.26944,82.40002
20.71:  50.6682,-20.23463,82.40002
20.73:  50.90155,-20.20349,82.40002
20.75:  51.14865,-20.17052,82.40002
20.76:  51.39647,-20.13745,82.40002
20.78:  51.64572,-20.1042,82.40002
20.8:  51.89316,-20.07118,82.40002
20.81:  52.14179,-20.03801,82.40002
20.83:  52.38888,-20.00504,82.40002
20.85:  52.63568,-19.97211,82.40002
20.86:  52.88584,-19.93873,82.40002
20.88:  53.13167,-19.90593,82.40002
20.9:  53.37974,-19.87283,82.40002
20.91:  53.62724,-19.83981,82.40002
20.93:  53.87466,-19.80679,82.40002
20.95:  54.12495,-19.7734,82.40002
20.96:  54.37152,-19.7405,82.40002
20.98:  54.61926,-19.70744,82.40002
21:  54.8659,-19.67453,82.40002
21.01:  55.11478,-19.64132,82.40002
21.03:  55.36087,-19.60849,82.40002
21.05:  55.61119,-19.57509,82.40002
21.06:  55.85785,-19.54218,82.40002
21.08:  56.10638,-19.50902,82.40002
21.1:  56.35561,-19.47577,82.40002
21.11:  56.60205,-19.44288,82.40002
21.13:  56.84842,-19.41001,82.40002
21.15:  57.09699,-19.37684,82.40002
21.16:  57.34448,-19.34382,82.40002
21.18:  57.59277,-19.31069,82.40002
21.2:  57.83975,-19.27774,82.40002
21.21:  58.08699,-19.24475,82.40002
21.23:  58.33559,-19.21158,82.40002
21.25:  58.58358,-19.17849,82.40002
21.26:  58.82991,-19.14562,82.40002
21.28:  59.07899,-19.11239,82.40002
21.3:  59.32767,-19.07921,82.40002
21.31:  59.57551,-19.04614,82.40002
21.33:  59.82509,-19.01284,82.40002
21.35:  60.07089,-18.98004,82.40002
21.36:  60.31777,-18.9471,82.40002
21.38:  60.56654,-18.91391,82.40002
21.4:  60.81367,-18.88093,82.40002
21.41:  61.06353,-18.8476,82.40002
21.43:  61.30911,-18.81483,82.40002
21.45:  61.55726,-18.78172,82.40002
21.46:  61.80476,-18.74869,82.40002
21.48:  62.05379,-18.71547,82.40002
21.5:  62.30137,-18.68243,82.40002
21.51:  62.54989,-18.64927,82.40002
21.53:  62.79927,-18.616,82.40002
21.55:  63.04428,-18.58331,82.40002
21.56:  63.29179,-18.55028,82.40002
21.58:  63.54221,-18.51687,82.40002
21.6:  63.78834,-18.48403,82.40002
21.61:  64.03566,-18.45103,82.40002
21.63:  64.28294,-18.41803,82.40002
21.65:  64.53082,-18.38496,82.40002
21.66:  64.77911,-18.35183,82.40002
21.68:  65.02754,-18.31868,82.40002
21.7:  65.27463,-18.28572,82.40002
21.71:  65.52701,-18.25204,82.40002
21.73:  65.77132,-18.21944,82.40002
21.75:  66.01719,-18.18664,82.40002
21.76:  66.26703,-18.1533,82.40002
21.78:  66.51393,-18.12036,82.40002
21.8:  66.76193,-18.08727,82.40002
21.81:  67.01136,-18.05399,82.40002
21.83:  67.25668,-18.02126,82.40002
21.85:  67.50584,-17.98801,82.40002
21.86:  67.75248,-17.9551,82.40002
21.88:  68.00056,-17.922,82.40002
21.9:  68.24783,-17.88901,82.40002
21.91:  68.49805,-17.85562,82.40002
21.93:  68.74348,-17.82287,82.40002
21.95:  68.99216,-17.78969,82.40002
21.96:  69.24096,-17.75073,81.10001
21.98:  69.48393,-17.7035,79.00002
22:  69.72794,-17.64985,77.60001
22.01:  69.97253,-17.58842,75.90002
22.03:  70.21104,-17.51822,73.60002
22.05:  70.44817,-17.43564,70.80002
22.06:  70.67915,-17.34513,68.60002
22.08:  70.90715,-17.2417,65.60002
22.1:  71.13062,-17.12979,63.40002
22.11:  71.35108,-17.00959,61.40003
22.13:  71.57861,-16.87663,59.70003
22.15:  71.77908,-16.75379,58.50002
22.16:  71.99088,-16.61886,57.50003
22.18:  72.19825,-16.48056,56.30003
22.2:  72.40395,-16.33599,54.90002
22.21:  72.60484,-16.18734,53.50002
22.23:  72.80249,-16.03292,52.00002
22.25:  72.99375,-15.87357,50.20002
22.26:  73.18012,-15.70868,48.50002
22.28:  73.36176,-15.53389,46.10002
22.3:  73.53696,-15.35497,44.40002
22.31:  73.705,-15.17095,42.40002
22.33:  73.86588,-14.98192,40.40002
22.35:  74.02251,-14.78642,38.70002
22.36:  74.17374,-14.58572,37.00002
22.38:  74.31833,-14.38076,35.20002
22.4:  74.45394,-14.17273,33.10002
22.41:  74.58266,-13.9585,31.00002
22.43:  74.7031,-13.74032,28.90002
22.45:  74.81517,-13.51653,26.60002
22.46:  74.91765,-13.28636,24.00002
22.48:  75.00094,-13.05245,19.60002
22.5:  75.07253,-12.81229,16.60002
22.51:  75.13265,-12.56936,13.90002
22.53:  75.18319,-12.32317,11.60002
22.55:  75.22364,-12.07612,9.300016
22.56:  75.2556,-11.83006,7.400017
22.58:  75.28265,-11.5638,5.800016
22.6:  75.30133,-11.33163,4.600016
22.61:  75.31699,-11.08261,3.600016
22.63:  75.3283,-10.83365,2.600016
22.65:  75.33574,-10.5829,1.700016
22.66:  75.34104,-10.3298,1.200016
22.68:  75.34406,-10.08355,0.7000163
22.7:  75.34667,-9.83317,0.6000164
22.71:  75.34928,-9.584519,0.6000164
22.73:  75.3519,-9.334525,0.6000164
22.75:  75.35452,-9.084339,0.6000164
22.76:  75.35714,-8.834136,0.6000164
22.78:  75.35976,-8.583155,0.6000164
22.8:  75.36237,-8.335048,0.6000164
22.81:  75.36499,-8.083982,0.6000164
22.83:  75.3676,-7.834834,0.6000164
22.85:  75.37023,-7.583718,0.6000164
22.86:  75.37283,-7.335475,0.6000164
22.88:  75.37545,-7.085676,0.6000164
22.9:  75.37808,-6.834314,0.6000164
22.91:  75.3807,-6.584381,0.6000164
22.93:  75.38332,-6.333628,0.6000164
22.95:  75.38595,-6.082988,0.6000164
22.96:  75.38854,-5.835009,0.6000164
22.98:  75.39116,-5.585113,0.6000164
23:  75.39378,-5.33448,0.6000164
23.01:  75.39642,-5.082956,0.6000164
23.03:  75.39903,-4.833752,0.6000164
23.05:  75.40163,-4.585186,0.6000164
23.06:  75.40295,-4.333706,0.3000163
23.08:  75.40164,-4.083727,359.7
23.1:  75.39857,-3.832652,359.3
23.11:  75.39466,-3.583423,359.1
23.13:  75.38983,-3.331851,358.9
23.15:  75.38463,-3.083469,358.8
23.16:  75.37941,-2.83444,358.8
23.18:  75.37371,-2.583376,358.7
23.2:  75.36806,-2.334014,358.7
23.21:  75.36241,-2.085497,358.7
23.23:  75.3567,-1.83351,358.7
23.25:  75.35104,-1.584204,358.7
23.26:  75.34515,-1.324564,358.7
23.28:  75.33974,-1.086115,358.7
23.3:  75.33359,-0.834427,358.6
23.31:  75.3275,-0.5855883,358.6
23.33:  75.32138,-0.3349471,358.6
23.35:  75.31525,-0.08421901,358.6
23.36:  75.30914,0.1656094,358.6
23.38:  75.30308,0.4137748,358.6
23.4:  75.29697,0.6639091,358.6
23.41:  75.29085,0.9144198,358.6
23.43:  75.28477,1.16313,358.6
23.45:  75.27843,1.422426,358.6
23.46:  75.27251,1.664569,358.6
23.48:  75.26637,1.915759,358.6
23.5:  75.25893,2.166513,358.3
23.51:  75.24862,2.412459,357.6
23.53:  75.23627,2.665071,357.2
23.55:  75.22237,2.913585,356.8
23.56:  75.20618,3.163873,356.3
23.58:  75.18781,3.414079,355.8
23.6:  75.16822,3.663085,355.5
23.61:  75.14882,3.909603,355.5
23.63:  75.12866,4.160112,355.4
23.65:  75.10859,4.409545,355.4
23.66:  75.08852,4.658935,355.4
23.68:  75.06788,4.91011,355.3
23.7:  75.0477,5.155527,355.3
23.71:  75.02716,5.405354,355.3
23.73:  75.00673,5.653887,355.3
23.75:  74.98618,5.903755,355.3
23.76:  74.96568,6.153207,355.3
23.78:  74.94514,6.402963,355.3
23.8:  74.92478,6.650558,355.3
23.81:  74.90424,6.900372,355.3
23.83:  74.88372,7.150082,355.3
23.85:  74.86315,7.400242,355.3
23.86:  74.84279,7.647879,355.3
23.88:  74.82236,7.89634,355.3
23.9:  74.80182,8.146242,355.3
23.91:  74.78133,8.395381,355.3
23.93:  74.76084,8.644624,355.3
23.95:  74.74019,8.895814,355.3
23.96:  74.71984,9.143346,355.3
23.98:  74.69946,9.391334,355.3
24:  74.67891,9.641191,355.3
24.01:  74.65842,9.890419,355.3
24.03:  74.63802,10.13854,355.3
24.05:  74.61752,10.38794,355.3
24.06:  74.59692,10.63856,355.3
24.08:  74.57637,10.8884,355.3
24.1:  74.55598,11.13643,355.3
24.11:  74.53552,11.38525,355.3
24.13:  74.51514,11.6332,355.3
24.15:  74.49457,11.88337,355.3
24.16:  74.47415,12.13176,355.3
24.18:  74.45361,12.38167,355.3
24.2:  74.43306,12.63158,355.3
24.21:  74.41261,12.88033,355.3
24.23:  74.39211,13.12963,355.3
24.25:  74.37167,13.37833,355.3
24.26:  74.35116,13.6277,355.3
24.28:  74.33055,13.87837,355.3
24.3:  74.31023,14.12564,355.3
24.31:  74.28977,14.37442,355.3
24.33:  74.26925,14.62398,355.3
24.35:  74.24868,14.87424,355.3
24.36:  74.22469,15.12344,354.5
24.38:  74.19211,15.37424,352.6
24.4:  74.15397,15.61782,351.1
24.43:  74.10838,15.86376,349.5
24.45:  74.05524,16.10752,347.7
24.46:  73.99339,16.35194,345.8
24.48:  73.92562,16.59142,344.2
24.5:  73.84669,16.82733,341.5
24.51:  73.7561,17.06087,338.8
24.53:  73.65458,17.28889,336
24.55:  73.5423,17.5141,333.5
24.56:  73.42192,17.73306,331.2
24.58:  73.2927,17.94644,328.8
24.6:  73.15205,18.15339,325.8
24.61:  73.00136,18.35192,322.8
24.63:  72.84018,18.544,320
24.65:  72.67168,18.72918,317.7
24.66:  72.49724,18.90794,315.7
24.68:  72.31782,19.0812,314
24.7:  72.128,19.2468,311.1
24.71:  71.93405,19.40329,308.9
24.73:  71.73473,19.55186,306.7
24.75:  71.5288,19.69445,304.7
24.76:  71.31819,19.82863,302.5
24.78:  71.10241,19.95523,300.4
24.8:  70.88302,20.07385,298.4
24.81:  70.65688,20.1866,296.5
24.83:  70.43183,20.28963,294.6
24.85:  70.20161,20.38783,293.1
24.86:  69.95963,20.48511,291.9
24.88:  69.73689,20.56928,290.7
24.9:  69.49851,20.65042,288.8
24.91:  69.26163,20.72375,287.2
24.93:  69.00526,20.79389,285.3
24.95:  68.77538,20.84865,283.4
24.96:  68.53159,20.89914,281.7
24.98:  68.28651,20.94412,280.4
25:  68.03789,20.98439,279.2
25.01:  67.78976,21.0197,278.1
25.03:  67.54238,21.05051,277.1
25.05:  67.29628,21.07812,276.4
25.06:  67.04642,21.10218,275.5
25.08:  66.79756,21.12045,274.2
25.1:  66.54664,21.12922,272
25.11:  66.29514,21.13448,271.2
25.13:  66.04427,21.1393,271.1
25.15:  65.79723,21.14404,271.1
25.16:  65.54711,21.14885,271.1
25.18:  65.29727,21.15364,271.1
25.2:  65.04726,21.15844,271.1
25.21:  64.79827,21.16323,271.1
25.23:  64.54763,21.16804,271.1
25.25:  64.29858,21.17282,271.1
25.26:  64.04811,21.17763,271.1
25.28:  63.79804,21.18243,271.1
25.3:  63.54737,21.18724,271.1
25.31:  63.29819,21.19203,271.1
25.33:  63.04822,21.19683,271.1
25.35:  62.79865,21.20162,271.1
25.36:  62.54789,21.20644,271.1
25.38:  62.2977,21.21124,271.1
25.4:  62.04836,21.21603,271.1
25.41:  61.79646,21.22086,271.1
25.43:  61.548,21.22564,271.1
25.45:  61.29869,21.23042,271.1
25.46:  61.04857,21.23522,271.1
25.48:  60.79984,21.24,271.1
25.5:  60.54937,21.24481,271.1
25.51:  60.29813,21.24963,271.1
25.53:  60.04688,21.25402,271
25.55:  59.78326,21.24988,269.1
25.56:  59.54832,21.23962,267.5
25.58:  59.29885,21.22086,265.7
25.6:  59.05087,21.19524,264.1
25.61:  58.80335,21.16177,262.3
25.63:  58.55714,21.12101,260.6
25.65:  58.30901,21.07413,259.3
25.66:  58.06632,21.02519,258.6
25.68:  57.82038,20.97426,258.3
25.7:  57.57537,20.92308,258.2
25.71:  57.33173,20.87218,258.2
25.73:  57.08564,20.82077,258.2
25.75:  56.84005,20.76856,258
25.76:  56.63433,20.72296,257.5
25.78:  56.42712,20.6755,257.1
25.8:  56.23273,20.62991,256.8
25.81:  56.04977,20.58632,256.6
25.83:  55.87864,20.54523,256.5
25.85:  55.7212,20.50715,256.4
25.86:  55.57656,20.47215,256.4
25.88:  55.44263,20.43975,256.4
25.9:  55.32059,20.41023,256.4
25.91:  55.21174,20.38389,256.4
25.93:  55.11459,20.36039,256.4
25.95:  55.02944,20.33979,256.4
25.96:  54.95619,20.32207,256.4
25.98:  54.89536,20.30735,256.4
26:  54.84663,20.29557,256.4
26.01:  54.81024,20.28676,256.4
26.03:  54.78587,20.28086,256.4
26.05:  54.77367,20.27791,256.4
26.06:  54.77367,20.27791,256.4
26.08:  54.77367,20.27791,256.4
26.1:  54.77367,20.27791,256.4
26.11:  54.77367,20.27791,256.4
26.13:  54.77367,20.27791,256.4
26.15:  54.77367,20.27791,256.4
26.16:  54.77367,20.27791,256.4
26.18:  54.77367,20.27791,256.4
26.2:  54.77367,20.27791,256.4
26.21:  54.77367,20.27791,256.4
26.23:  54.77367,20.27791,256.4
26.25:  54.77367,20.27791,256.4
26.26:  54.77367,20.27791,256.4
26.28:  54.77367,20.27791,256.4
26.3:  54.77367,20.27791,256.4
26.31:  54.77367,20.27791,256.4
26.33:  54.77367,20.27791,256.4
